-4.97391 -0.625591 70
-1.04279 -6.00243 70
-11.3469 -9.38233 70
11.1473 1.38923 70
4.20157 -9.79104 70
-1.27964 -5.61904 70
-4.58596 8.88698 70
0.331366 1.4912 70
-60.2022 -20.0099 70
-3.79987 9.03757 70
-3.73779 -3.95729 70
-3.81187 -3.80807 70
1.25502 -5.73014 70
-0.3324 -5.51888 70
6.26187 4.64447 70
-6.30462 0.479662 70
-4.67865 -4.43962 70
-0.548186 0.124427 70
4.89527 6.039 70
4.79095 1.39624 70
6.49422 -14.0961 70
-4.1901 -1.31717 70
0.820204 -0.962491 70
0.575129 -0.0316894 70
6.42467 10.7021 70
0.916666 -1.11368 70
-0.585632 -4.25216 70
-0.0310017 4.93297 70
-3.80597 0.84822 70
-5.84926 -4.20679 70
3.89003 -1.43088 70
-1.36358 0.194012 70
-0.0824051 -1.01853 70
-15.4915 8.72506 70
0.223636 1.39856 70
5.54069 0.711297 70
-5.35261 -13.5619 70
14.0127 4.71333 70
-4.8167 0.174094 70
-3.87912 -1.10217 70
-1.13116 1.40815 70
-10.405 -1.24566 70
-4.07025 9.55935 70
15.889 -19.8246 70
-10.1603 -13.8719 70
-0.628569 -6.31919 70
-3.93483 -0.294377 70
-0.861765 -1.09316 70
-4.21926 -3.61687 70
-5.83326 19.0159 70
-0.272954 0.0236931 70
-20.5733 4.25292 70
4.05008 -10.6748 70
-11.1451 -15.095 70
0.000209922 -1.18525 70
-0.05437 -4.11989 70
-6.08492 -0.798529 70
-6.37656 -11.332 70
13.7313 -10.4759 70
-8.9919 1.187 70
0.216189 -0.0871341 70
0.023845 3.56879 70
0.908554 -6.38137 70
-4.89491 -0.425547 70
-8.58744 0.539469 70
1.34798 0.457079 70
-15.51 -0.750923 70
-4.1812 -3.92093 70
-5.01662 -4.2186 70
-5.93125 -4.62694 70
4.47921 30.8149 70
-5.90099 -0.688495 70
-0.760466 -0.740168 70
0.813946 -8.64937 70
-0.30039 -16.1412 70
-9.58831 0.363312 70
1.08906 -3.74481 70
0.286679 -0.44487 70
-3.7615 3.87312 70
21.2085 4.51988 70
-4.03499 1.36496 70
-0.967919 4.22799 70
-1.05497 -20.4116 70
-11.2977 -1.49722 70
-5.96519 5.76091 70
-4.81199 0.488972 70
-10.9544 3.98092 70
-0.871469 -1.39576 70
-1.25173 -19.0346 70
-4.80362 14.4909 70
-10.9259 -14.3503 70
-14.9394 -9.6039 70
-10.6136 5.20866 70
10.2769 -15.8687 70
0.706402 -14.3456 70
-4.66692 -15.4412 70
-0.557631 3.57322 70
-5.4285 5.21986 70
-26.0852 5.44907 70
-3.97466 -13.5118 70
-5.18722 -16.1531 70
15.7241 -1.08717 70
-1.48028 1.4051 70
-15.499 9.71563 70
-0.223832 0.758457 70
-0.0785891 -0.961446 70
0.27427 1.38728 70
-0.936496 10.4 70
8.67331 -0.522831 70
-0.892393 -0.22752 70
-5.17574 -6.12138 70
3.79906 -0.0934455 70
-8.8084 -28.6095 70
-14.7579 -5.2316 70
-4.9268 -4.87678 70
1.43041 1.46502 70
0.589377 1.29522 70
14.5044 19.685 70
0.938351 4.98394 70
-0.387078 6.25072 70
-1.05409 0.858125 70
0.215345 0.65515 70
-6.28889 0.0729826 70
1.2328 -6.34052 70
1.22478 -5.1378 70
5.67644 3.92768 70
-1.25967 -1.04095 70
10.6186 0.803833 70
-5.7457 -0.884521 70
-5.19188 -1.12302 70
-5.41594 10.9157 70
-8.97116 -14.0587 70
-4.83678 -20.4403 70
-16.1603 -9.00337 70
-4.17076 1.35684 70
-0.943827 0.192645 70
-0.794878 -6.22962 70
-3.5431 -0.473814 70
-0.0562405 4.7421 70
0.178328 -4.89587 70
-4.14838 4.01556 70
-11.0824 9.13837 70
0.543245 5.24463 70
3.60897 -0.0203403 70
-4.97912 3.93225 70
-0.74858 -0.607231 70
-5.47837 0.542676 70
-5.20277 -1.02466 70
-4.30278 1.28321 70
0.637334 1.11369 70
-16.3459 1.25298 70
0.047717 0.171461 70
-5.83117 -1.12509 70
-5.41273 5.40486 70
-1.03921 6.20353 70
-6.38299 -6.14287 70
-3.64885 -4.21335 70
-10.2035 -11.1898 70
-1.11737 0.675118 70
-9.0515 -36.3418 70
-4.53388 -5.61421 70
-1.22814 0.182719 70
16.1588 -15.4553 70
-16.2298 -8.72499 70
-6.39502 -5.48422 70
4.40855 4.81322 70
-15.3636 -3.52728 70
0.543869 -0.0942238 70
-5.93935 -5.82442 70
-5.99675 14.2306 70
0.0705213 -15.9255 70
1.0229 -14.175 70
6.49225 -15.5786 70
0.773055 -5.81539 70
-3.90979 5.47962 70
-6.44174 -6.10494 70
-9.06003 -3.5634 70
-5.26012 -6.11471 70
-4.71531 5.19907 70
-4.91775 -4.68786 70
5.54716 14.6068 70
-3.52681 0.035211 70
-30.6943 -0.421045 70
21.3912 50.1616 70
4.63675 -6.43399 70
-0.998603 -5.47137 70
-45.4942 -39.1088 70
6.06357 0.0962054 70
-9.77423 0.507076 70
-6.20967 0.458478 70
-4.25888 -4.28573 70
-4.07583 -6.3427 70
-3.68565 -4.26874 70
-16.3058 5.13556 70
-5.08063 -0.000300746 70
-5.41544 5.32691 70
1.14638 4.04116 70
21.0022 10.7167 70
1.08478 -0.972375 70
-5.51882 4.0347 70
-3.59724 -6.11085 70
14.8098 8.5081 70
0.865276 -20.0446 70
8.73217 5.96681 70
-5.43697 -5.38693 70
-8.57042 -0.56014 70
-16.4216 -4.23648 70
-29.7497 9.72678 70
-0.870654 0.189099 70
-0.370017 -0.077513 70
-0.429482 -6.29583 70
0.844254 -6.41444 70
1.29929 4.70752 70
0.821706 -5.62534 70
-5.10888 -41.0888 70
-11.2433 -3.59424 70
-16.3414 6.2144 70
-0.685605 -4.41601 70
-5.7919 0.0392245 70
-4.63647 1.25907 70
-1.0153 -9.81468 70
-0.0248518 -11.2216 70
-6.26247 1.36093 70
-21.0045 -6.22264 70
-9.81066 -3.55743 70
-6.10119 -5.3893 70
-4.9552 -10.9665 70
0.0812585 1.21792 70
-10.028 13.9957 70
-8.63044 -0.612597 70
-4.20322 -1.40351 70
-0.947324 0.34724 70
-25.5611 21.0719 70
-15.7953 23.6249 70
-45.5971 26.4564 70
-4.522 14.4875 70
0.246236 -6.38577 70
-0.0522009 0.865007 70
1.41375 10.4129 70
0.187835 -1.07516 70
-30.8629 -4.46619 70
-33.9463 -0.749674 70
-4.75175 -5.99519 70
-0.841668 -18.6828 70
-0.11269 4.79344 70
-0.439644 -0.934566 70
-1.01369 -4.97299 70
-0.850829 6.33564 70
-15.7807 13.9538 70
0.981567 1.07579 70
-5.51692 0.107554 70
-5.83019 -0.119857 70
18.6027 -5.26586 70
20.9834 1.06726 70
-9.60767 -1.351 70
-10.8313 -1.01188 70
-6.20158 0.839871 70
-3.892 1.32663 70
-5.02807 -1.43014 70
-5.55356 -0.261611 70
0.718026 0.184808 70
19.6531 -0.0121114 70
1.32063 -0.0734191 70
4.3674 -4.17327 70
-39.2284 -5.14734 70
-9.98803 4.66451 70
19.0323 -4.2833 70
0.0510251 -19.8171 70
-5.95873 5.82592 70
19.193 54.8789 70
6.00424 5.06254 70
-6.48508 6.2981 70
1.23317 4.23649 70
-0.908819 4.06398 70
-1.38749 -1.01274 70
0.852964 -5.93734 70
-3.64453 8.84831 70
-1.17161 1.49564 70
6.01464 -4.4235 70
0.969735 -5.28296 70
-0.24061 -4.98382 70
-10.8149 10.9192 70
-29.6468 33.5938 70
-3.73116 -11.452 70
-14.8144 -0.345428 70
-9.21504 1.44413 70
1.46385 -5.85901 70
-1.39577 -8.77668 70
-0.417298 -3.63033 70
-0.611416 -0.114519 70
-4.53887 0.579776 70
-6.29336 -4.23327 70
-31.2675 49.8342 70
-9.33865 -4.48327 70
0.261675 -0.580357 70
-1.09767 -6.42835 70
-4.18718 9.27453 70
3.74982 1.42177 70
5.94103 -1.0786 70
0.428664 -9.88884 70
-4.96514 -1.32062 70
-4.78406 -0.402004 70
0.69696 -5.63392 70
-4.59366 -4.93515 70
-11.4636 25.435 70
-1.4823 0.424162 70
4.04804 4.11184 70
-4.95351 -5.09432 70
3.64179 -5.56742 70
-10.5271 10.5073 70
11.3955 -10.2827 70
11.08 -9.32581 70
-5.18965 -9.45702 70
-4.06945 -5.22564 70
11.468 30.0698 70
-5.33169 6.44373 70
-5.49959 0.780628 70
10.1896 -8.84668 70
-0.775924 -14.3026 70
-0.837852 -1.03082 70
-3.70482 -8.5942 70
10.3766 -4.82908 70
-5.98973 -4.54686 70
-0.647014 -1.11562 70
-10.0583 -0.114597 70
1.34269 6.29095 70
36.269 -5.51472 70
-4.24017 -3.90032 70
-5.68014 -0.741861 70
-0.392407 -1.02737 70
-0.0736799 0.855252 70
1.26853 -1.31406 70
-8.74379 -8.68081 70
9.44334 11.1328 70
-6.40124 -4.07659 70
1.31952 -0.44369 70
-0.236364 -4.76969 70
-5.5719 -9.67923 70
-6.12986 -11.3202 70
-9.67127 -49.2764 70
-0.0766236 5.90765 70
-5.76348 0.822559 70
-4.81554 -0.330699 70
-0.715687 -6.49111 70
21.3454 -15.0639 70
5.42853 -6.02437 70
0.336555 -10.949 70
-5.93459 3.52058 70
6.0557 -5.82576 70
0.250688 -4.74506 70
-15.3988 40.7113 70
-20.8816 -25.4618 70
4.1052 11.1522 70
0.938391 -5.19049 70
4.0456 -4.69419 70
4.89349 -4.63609 70
48.799 30.4632 70
-0.740086 0.11316 70
-6.47564 -1.46526 70
4.82271 -0.540187 70
-0.354856 0.562889 70
0.429333 -14.8962 70
-1.38404 -0.664792 70
-10.2376 -1.0779 70
-15.2987 -6.49917 70
-1.12519 -3.71031 70
0.77373 0.982908 70
3.79747 4.70697 70
9.14204 -0.60033 70
-6.11363 -0.239941 70
-5.52366 -1.38907 70
15.2305 -16.1091 70
-5.94 1.05383 70
-26.0085 15.0807 70
-1.30601 1.4018 70
1.37302 -4.09459 70
15.0381 -21.414 70
5.15401 -4.43595 70
-1.40578 -0.833625 70
4.67557 -0.964083 70
-9.85129 -5.50163 70
-5.54304 -11.1754 70
-0.154107 -0.200106 70
-20.7703 26.0795 70
-21.4574 24.4232 70
-14.5106 -10.7235 70
-4.19421 6.04643 70
-4.40528 -15.9736 70
-5.07148 -0.557925 70
-4.82292 -0.904498 70
0.261193 1.20511 70
-1.067 -3.89962 70
0.377695 -1.0919 70
0.154163 -3.99018 70
4.34303 0.709105 70
-1.11497 -3.93226 70
9.07283 11.3583 70
-8.95394 0.73024 70
-6.316 -4.97776 70
-3.6975 0.105361 70
0.117897 -5.30712 70
4.34355 -9.78026 70
-4.70483 -0.136766 70
1.10972 -0.194861 70
-5.61508 6.445 70
-13.7217 -15.0998 70
-6.28833 -0.359827 70
-1.32772 0.766155 70
-3.95374 -21.4662 70
0.332614 -0.600447 70
-5.95878 -0.214188 70
-13.5371 -25.798 70
-11.3293 8.88337 70
-0.198313 -0.15019 70
-11.3199 -9.54099 70
-6.10583 -11.0641 70
-5.97449 0.272091 70
3.99668 -5.55068 70
1.05407 1.43026 70
-5.34379 6.24038 70
-38.6869 4.0816 70
-5.37942 4.01676 70
-0.32065 -0.725803 70
-11.2261 4.91321 70
-38.9763 28.8875 70
-0.506216 4.04949 70
1.06392 -4.65716 70
-13.7447 -8.82063 70
0.121522 -0.843162 70
-4.44132 -5.27375 70
0.150554 11.1849 70
-10.1474 -1.26633 70
-5.9775 0.198789 70
-16.2829 -4.95641 70
-14.8137 26.4309 70
6.07692 -51.4356 70
-4.84782 31.1318 70
-0.936214 0.233139 70
-3.59679 0.447484 70
-13.7837 -5.27515 70
-15.3953 -5.33538 70
-5.60792 -5.84859 70
14.7502 -15.5639 70
-1.02353 -1.04243 70
11.1635 0.272545 70
-1.2784 0.130615 70
5.97391 0.091949 70
0.701102 -1.06836 70
-8.95045 0.904103 70
-9.51575 0.4338 70
-5.38974 -9.51902 70
-4.97155 -10.4611 70
-4.16049 0.653324 70
0.0021269 1.08711 70
14.6099 -3.9783 70
1.19026 -6.0231 70
0.517857 0.947205 70
-6.04394 -4.12761 70
-6.36807 0.865182 70
-20.9183 14.6161 70
-3.56257 0.237991 70
1.19719 0.840749 70
-15.4065 5.61579 70
0.86103 14.5354 70
-5.35176 1.19344 70
-0.00953751 45.4012 70
-6.24183 -10.9831 70
-15.3511 -13.8073 70
-0.820536 -0.828994 70
-3.75446 0.2657 70
10.3143 15.8521 70
4.02855 4.57354 70
1.4913 -1.21554 70
4.78653 -11.4815 70
1.0779 -0.00156037 70
16.3666 -19.2863 70
-5.00964 -5.1745 70
0.297414 0.106336 70
-13.8133 3.7078 70
6.06977 -0.561005 70
0.861538 3.75886 70
11.3094 -10.9657 70
9.09088 -13.9088 70
-13.531 -39.4348 70
-5.00901 -0.693494 70
21.1806 -1.09897 70
-6.38725 0.781652 70
5.89704 -4.80064 70
1.28286 0.983897 70
-6.14033 -3.57847 70
3.84845 -0.222112 70
-4.68319 -0.853045 70
6.07878 0.384569 70
-5.5176 11.0885 70
-0.167415 -3.85998 70
15.4033 5.42962 70
0.87329 -3.80017 70
15.0752 35.2211 70
4.00306 -0.811027 70
-4.49772 3.92749 70
-5.86447 -5.16946 70
0.575799 13.8872 70
-8.75891 -5.73579 70
-6.4675 1.48455 70
-15.3919 -3.92987 70
1.11987 -0.264767 70
-1.37857 -0.736311 70
-8.53351 -8.689 70
-11.2535 -0.788453 70
-3.54721 0.788072 70
1.09859 -6.43759 70
-6.48421 -1.35606 70
-6.12429 -3.68844 70
4.77227 0.381824 70
-4.25546 -1.36289 70
0.929631 -0.574706 70
-3.69099 1.20472 70
0.441946 0.705246 70
-19.33 -35.1785 70
-1.09894 1.45971 70
50.2487 9.04624 70
4.55366 0.846173 70
4.53395 5.2333 70
5.98313 -4.5824 70
0.427621 -9.32743 70
6.09481 -5.35921 70
-14.9203 0.0472336 70
4.66956 0.670537 70
4.92998 -5.81763 70
0.104672 14.7612 70
-0.660765 0.333708 70
1.41657 1.38704 70
60.536 4.20739 70
0.453179 -5.64722 70
0.40375 -3.96021 70
0.457397 1.00218 70
-0.849857 10.4946 70
3.55167 0.889215 70
20.4831 14.0884 70
-11.1743 1.33099 70
-8.53641 -1.44682 70
-1.36876 -0.658415 70
-3.91931 1.48166 70
5.94546 -10.1341 70
-0.781122 0.179734 70
-0.456838 -6.48068 70
-1.13961 1.23601 70
-5.98694 19.5628 70
5.84338 5.99342 70
-5.0164 -5.24812 70
-9.56979 -10.7187 70
-5.60343 -5.39488 70
-6.19295 -16.1591 70
-6.44332 -0.286381 70
-5.67671 3.60408 70
-5.56622 3.50964 70
0.607739 0.0905897 70
-4.37481 -0.6936 70
-15.844 -0.927717 70
0.962002 4.33411 70
1.45173 -4.61758 70
-3.91881 4.22876 70
-6.30126 4.05993 70
4.48855 1.30374 70
-6.35371 -1.45934 70
-4.85628 -1.16029 70
-14.7444 14.9127 70
-4.31832 -0.627123 70
6.4582 -0.631232 70
-26.0796 56.4518 70
-0.162138 0.693136 70
-0.762648 1.32769 70
-5.99338 -0.224296 70
0.92745 -0.451398 70
-0.155848 0.886137 70
-0.53581 -0.746587 70
3.82947 -10.8409 70
-5.25338 -6.18698 70
-8.67971 -5.97039 70
0.437863 -1.31988 70
-0.648102 -1.31977 70
-0.38438 0.290128 70
-6.01758 -0.126449 70
-6.48955 1.1098 70
-4.78448 0.922754 70
0.521094 1.42866 70
3.99304 6.02738 70
1.35574 -4.59464 70
-0.851272 0.0222446 70
-4.2653 -0.418498 70
-5.92774 -10.5984 70
-5.20465 -0.0519001 70
0.259707 0.486908 70
10.1244 0.52672 70
-5.34063 1.37791 70
-1.43689 1.29788 70
1.27232 -9.03884 70
-3.5638 -8.72921 70
1.25011 4.40916 70
24.6015 58.6778 70
-15.6569 -10.4034 70
-6.04347 -0.707736 70
-48.733 -58.8242 70
-0.602856 -0.443946 70
-4.3809 10.4918 70
34.0698 3.93661 70
-4.7429 -6.41914 70
-10.4044 -0.928314 70
-1.16412 11.3906 70
20.833 26.3774 70
-3.90489 -4.02191 70
-1.4351 -11.3175 70
-11.1645 -4.89574 70
-5.20689 -4.54465 70
-1.25619 -1.23089 70
6.45154 0.882705 70
5.89093 1.38055 70
-1.30371 0.279934 70
1.17479 -0.474859 70
-1.27588 10.7894 70
-0.63553 -0.971887 70
5.35849 4.08875 70
0.713455 -1.12949 70
-1.04049 -4.77308 70
-1.31778 6.40805 70
-4.47447 -0.398759 70
-1.4991 4.88866 70
0.424145 16.0921 70
6.21031 5.26326 70
-3.52666 -11.1359 70
0.369686 -0.183947 70
-0.801703 1.46669 70
-6.04355 -4.66045 70
1.05412 -0.882261 70
-11.1529 -4.802 70
-5.07193 4.65535 70
9.63006 -4.89656 70
0.472864 0.636423 70
-0.500424 -5.51486 70
-1.16949 3.94321 70
-8.52785 10.7511 70
-8.95271 -5.62455 70
-0.468889 0.469869 70
10.9463 -9.49123 70
-4.31793 -4.44004 70
1.21207 -10.6815 70
-4.05194 1.32245 70
0.262292 0.920382 70
-20.4398 11.0125 70
-9.99366 5.07143 70
-3.50616 5.00268 70
1.37824 -6.45585 70
-23.6485 -0.959648 70
-1.46615 -0.0878217 70
-0.266277 -6.30327 70
13.8253 31.1659 70
-16.3779 9.25647 70
1.3412 -4.09374 70
-9.12387 29.2498 70
0.837405 0.509295 70
-5.01626 6.1514 70
-5.63059 1.12898 70
4.69011 -4.64988 70
1.45515 1.27197 70
-8.55774 -0.859131 70
-3.71985 -0.511269 70
0.661788 -0.624734 70
0.691078 1.49343 70
14.3048 -4.47922 70
-4.63933 4.57948 70
-0.03252 5.57491 70
3.94068 -5.65988 70
6.14008 -5.11839 70
9.70257 5.95012 70
1.21354 -1.25753 70
-0.897135 -0.814793 70
-4.24986 -5.98149 70
-0.572482 -20.1075 70
0.603536 -1.01962 70
-0.830335 -0.434877 70
-35.1624 -33.6152 70
-3.85596 -10.8576 70
-5.18774 -4.73533 70
-1.29599 -5.85573 70
0.199908 -5.36299 70
-1.19586 -3.59477 70
33.6168 -29.8967 70
0.525996 -0.0655702 70
0.477409 -1.19617 70
8.6004 -11.26 70
9.86012 -10.956 70
-1.36121 -6.33495 70
-4.46172 14.6023 70
-6.38278 1.21961 70
4.08122 19.2907 70
-0.121029 -25.8908 70
-13.6208 -15.0772 70
-16.1563 -14.1371 70
14.9386 5.45118 70
5.21074 -25.3751 70
-5.9538 24.3426 70
-20.688 -30.8856 70
-10.3734 10.049 70
-45.7529 25.6297 70
-8.54578 5.47808 70
9.61376 1.15511 70
-6.10808 9.07128 70
9.77051 -3.86157 70
0.730462 0.894643 70
0.739248 0.112318 70
-11.2037 1.29498 70
-4.16642 -0.219209 70
-6.46017 -1.15041 70
-5.50653 0.960564 70
-0.776509 -0.198716 70
-0.767049 -0.0864253 70
-0.606289 -0.435503 70
-5.56706 -5.68755 70
-4.49598 0.21038 70
-6.18144 -4.04904 70
4.2136 0.699141 70
-0.0545221 -0.37638 70
0.237367 -5.73113 70
4.15408 -4.05625 70
9.40145 -9.90394 70
-4.30075 4.37635 70
0.0887976 -4.7558 70
-9.05843 -3.59732 70
-11.1338 5.35633 70
-1.32526 0.165771 70
-4.23458 0.667595 70
19.6575 44.8421 70
1.19727 -0.401622 70
0.181643 1.34782 70
4.64295 1.47452 70
6.04052 -1.08535 70
-0.378453 4.32971 70
1.31224 0.0918225 70
-3.87145 -15.0692 70
0.746266 -0.242131 70
-6.21941 -14.8518 70
-6.12404 3.63346 70
0.259481 -5.37625 70
-24.0359 25.9957 70
5.58208 1.47965 70
-14.1644 20.9246 70
3.91313 -0.107064 70
0.174572 -5.37399 70
-4.55257 0.713001 70
-4.51923 -1.2767 70
-14.9164 40.5381 70
0.441334 -1.23013 70
-1.34579 -0.779772 70
-5.97561 -0.532714 70
-0.167434 0.950805 70
4.90251 4.09901 70
0.37786 -3.91732 70
-1.13209 -0.327094 70
-6.32054 0.827775 70
-43.789 -9.39158 70
1.17756 -6.20041 70
-5.21202 -1.4472 70
-4.09673 0.561961 70
3.7658 5.84863 70
-5.31471 -0.758419 70
-4.66302 -1.31215 70
1.22583 -3.51589 70
-6.41015 -0.883173 70
-0.773248 1.18597 70
0.890019 -6.13917 70
-10.0443 -8.81015 70
5.71418 49.363 70
0.319053 -0.408185 70
-21.366 -0.503592 70
20.4346 15.7768 70
4.90995 -1.19178 70
-5.91731 6.18858 70
4.75459 -6.21435 70
0.872604 -9.94975 70
0.803976 -5.37058 70
-0.783012 1.27448 70
1.36367 0.278169 70
0.0939937 -1.01344 70
-9.29707 5.05309 70
20.8339 9.47693 70
15.95 -13.5028 70
-0.354306 5.24491 70
-11.1477 5.30359 70
-1.08412 0.0552417 70
-3.66099 -1.06702 70
-10.2134 -14.0637 70
1.49014 1.23125 70
0.276243 5.01232 70
-34.6594 -39.8464 70
-24.5625 -6.15403 70
-0.997646 9.20353 70
4.86145 -5.67893 70
4.83014 -6.2021 70
0.29886 -3.57352 70
-5.44328 -6.43439 70
-0.860366 0.867276 70
-0.25965 4.33548 70
24.1146 -3.58221 70
-5.03877 0.213755 70
-5.3707 6.06376 70
-3.54236 0.819997 70
-4.43112 5.90895 70
-4.26475 59.9535 70
-6.36594 0.927626 70
-0.81163 -3.56135 70
-6.26097 -6.05197 70
0.466465 8.86385 70
0.421283 -0.835577 70
-0.31908 -6.21807 70
1.05266 0.28268 70
-6.421 -14.3963 70
-0.851462 -0.0768129 70
9.37482 9.70641 70
-0.887397 0.754266 70
-0.248752 -5.96079 70
0.642557 0.619592 70
6.03554 5.3688 70
1.38963 11.3989 70
-0.714265 0.659935 70
14.2747 -20.3121 70
-4.44601 -4.03713 70
1.43429 0.821835 70
-4.09573 6.14464 70
-55.1488 25.0166 70
-4.82999 -10.3839 70
-5.48572 -4.86328 70
4.40354 -0.799549 70
-10.3351 -44.5068 70
-10.8913 -46.0021 70
11.267 -9.73807 70
1.02403 -6.10627 70
-5.00244 -0.170973 70
-0.271806 -1.47263 70
14.9047 -5.81035 70
5.06833 -8.5976 70
0.657005 0.218575 70
-0.206849 -0.0564712 70
-6.06148 -0.425773 70
-15.3382 30.2667 70
-5.98643 -6.2483 70
-43.5108 -10.8343 70
-4.61815 -0.970441 70
1.01537 -0.154124 70
-5.16482 -3.90836 70
-4.26667 -5.96036 70
-4.35131 -5.49194 70
0.41689 4.60446 70
1.38146 -6.18141 70
-3.98607 4.86287 70
-5.29688 0.242713 70
-4.61787 -5.50099 70
19.7841 -8.86615 70
-1.00832 15.4421 70
5.91212 1.43847 70
4.73296 1.49043 70
14.5776 -5.01162 70
5.81272 5.82484 70
0.784839 0.601636 70
-8.52445 -0.427812 70
10.5599 0.0692212 70
0.165274 3.52203 70
-5.03018 8.68676 70
-3.86928 10.6022 70
-3.56843 10.8214 70
-6.08603 -1.12731 70
-11.2724 -0.338652 70
-5.15836 1.26683 70
-9.6791 0.187285 70
-6.40329 0.704505 70
-5.52882 -0.00470544 70
0.956155 -4.56103 70
0.775787 -11.2273 70
-4.99627 4.16362 70
4.85911 5.22871 70
-3.9467 -4.70923 70
-19.9367 -3.73928 70
20.7641 -15.6081 70
-3.83674 -1.1322 70
-13.9711 10.6918 70
-50.0759 -8.84675 70
3.70536 -0.283859 70
-0.738041 -5.91423 70
-1.15743 20.979 70
-31.3786 18.6841 70
-4.66232 1.49049 70
5.21959 3.7071 70
6.05123 -5.14925 70
-1.36756 0.932331 70
0.438195 -10.2983 70
-0.605374 -9.23436 70
-8.82119 6.49169 70
-3.81812 1.49653 70
-5.58009 -0.688587 70
0.0392747 5.98393 70
20.9476 5.94736 70
0.641002 4.12428 70
0.907077 -1.06051 70
-10.0407 14.9395 70
-6.44267 3.75339 70
-6.39022 -0.929136 70
1.39188 25.2899 70
-4.32076 1.17882 70
-6.10085 1.14466 70
-0.855187 5.16722 70
1.25365 -6.24988 70
-5.82867 0.350956 70
4.52452 -0.392567 70
-0.487409 -1.44676 70
0.100876 1.47709 70
-59.3644 34.2152 70
-5.93354 4.34746 70
-1.00876 1.35514 70
15.1947 -5.35329 70
-6.36863 -1.11693 70
6.25058 -14.7685 70
5.96126 -5.33348 70
0.445702 1.20884 70
-4.75315 -0.309961 70
-14.3698 30.0247 70
-5.55263 -0.315359 70
-1.41576 -1.29836 70
-0.549121 -0.333229 70
-0.519275 0.402706 70
-0.561634 0.864799 70
11.0871 -11.4124 70
4.30463 -18.8038 70
-0.615047 18.725 70
3.72295 -4.90434 70
24.2013 -1.46199 70
-4.08985 0.80867 70
-11.0969 -3.85618 70
0.593569 -3.66858 70
6.30976 -3.93197 70
0.460623 -0.214242 70
-0.411425 13.9991 70
1.20251 14.2821 70
-4.57758 -3.52272 70
0.309221 5.63843 70
6.26709 0.822535 70
1.22538 -0.44912 70
0.222495 -5.98024 70
5.07911 15.9291 70
4.00112 -3.99872 70
0.859401 -1.00835 70
30.108 -14.7986 70
-13.838 0.232777 70
-4.34126 0.00557357 70
-5.3218 -1.36312 70
1.02933 0.188631 70
9.8111 -4.05575 70
-1.22688 0.822823 70
4.55797 4.56146 70
-29.4002 14.0005 70
0.994174 0.98774 70
-5.7874 1.2417 70
0.778878 -1.21236 70
-5.68801 -3.74521 70
1.24841 14.5965 70
-3.65858 1.03847 70
-4.05247 -0.457235 70
-1.33261 -0.53594 70
-1.08573 3.59197 70
-6.39639 -6.45888 70
-3.579 0.545008 70
-4.52741 0.412566 70
1.21881 -19.6951 70
1.28826 0.120555 70
-6.23081 1.02865 70
-9.95798 4.67906 70
-1.15232 -0.859709 70
-3.99323 -0.644467 70
3.86303 1.09946 70
-1.30681 1.20128 70
-0.963428 0.768177 70
1.30607 -6.15775 70
4.49983 5.57376 70
-1.33378 -0.0789167 70
-4.36856 -0.191383 70
0.832179 -1.38298 70
15.2298 -3.98958 70
-9.02732 -5.03486 70
-5.53535 -0.356134 70
11.0166 -5.67899 70
-34.5212 -1.13812 70
-14.5607 -8.86154 70
-16.2959 -10.9604 70
-0.00519783 -4.91975 70
-0.929886 -5.92644 70
0.927468 0.499595 70
-5.51641 1.29725 70
-4.19676 -45.3818 70
-5.21556 5.52688 70
4.99041 -4.4028 70
-1.15814 -0.0118266 70
-0.0322028 -1.0953 70
1.33999 -0.318699 70
-5.80827 1.01912 70
-10.8198 20.0821 70
16.1897 9.35495 70
-10.199 -24.4939 70
-6.11979 -0.997045 70
-0.915912 5.28181 70
-10.6224 1.46341 70
-4.17203 -11.0544 70
-3.89876 -3.72729 70
14.197 -15.7573 70
5.00147 4.0033 70
10.6045 -3.95949 70
-4.08986 6.11341 70
-21.3246 5.94649 70
1.30785 -0.119237 70
4.10032 -4.1571 70
-6.18706 -0.562362 70
0.700344 -0.303092 70
-15.5452 -16.2168 70
-0.532898 0.554188 70
-9.62266 -0.852964 70
5.2074 -4.85295 70
5.3002 11.4688 70
4.96204 -4.64234 70
-0.967485 0.657921 70
1.39152 0.487084 70
-0.883388 0.935317 70
-4.12575 -4.29646 70
-4.20568 -4.95574 70
-8.58312 9.12241 70
-9.01827 9.14684 70
-0.646274 -4.47361 70
-19.5208 -1.46998 70
-0.168503 -0.268556 70
-0.722677 0.610958 70
-10.8359 10.2043 70
5.48719 -1.15373 70
5.71569 -1.05789 70
-0.136709 -0.130757 70
1.35786 0.57685 70
-4.57029 5.24097 70
-23.7333 6.48566 70
5.00014 20.2718 70
1.08733 -1.17558 70
-4.78534 -0.0537828 70
-4.62669 -1.23222 70
15.2507 11.4986 70
5.38549 0.44122 70
-3.65704 0.438225 70
-0.195355 0.972224 70
8.85344 19.1497 70
0.854417 0.179047 70
0.450498 -5.77015 70
-5.629 -18.6748 70
0.939822 0.437188 70
0.236407 -13.6428 70
-10.6865 4.56046 70
-3.97672 0.881452 70
0.142157 -1.49515 70
0.408619 -10.713 70
-20.4934 -1.178 70
-9.17916 5.18766 70
13.6394 4.82715 70
-5.40595 -0.880033 70
-4.314 -6.18387 70
-5.79354 1.4554 70
0.310259 5.90461 70
0.450974 5.67836 70
16.1797 -1.46698 70
-0.444246 1.10647 70
5.96122 4.15181 70
-1.25223 -25.2727 70
-6.25389 -5.48544 70
-23.8988 -6.47609 70
14.2339 16.3356 70
-0.218721 -4.16035 70
0.541393 -4.97729 70
-24.0154 -18.9994 70
0.954057 -6.25739 70
-3.67443 -4.69849 70
-6.39307 -5.67902 70
-1.24089 -1.36405 70
-5.94977 -1.05431 70
0.0250797 0.0257729 70
-0.212956 -0.749627 70
-3.51941 6.26998 70
5.23903 -0.138806 70
-14.3893 -5.52247 70
4.78949 13.6799 70
-4.38905 10.7585 70
