0.550418 -5.23718 70
-11.3495 1.06587 70
0.132533 6.43639 70
0.221983 -0.433877 70
4.39763 6.12957 70
-4.61351 10.5134 70
5.78924 -54.8778 70
-4.64238 -4.27886 70
20.3344 -0.306721 70
-5.51918 -4.21026 70
-1.10896 1.28997 70
3.91469 4.19933 70
0.734267 -0.0464928 70
-4.28115 5.26325 70
4.22481 -0.827115 70
-31.0783 -25.2191 70
-9.2637 3.56545 70
-4.79415 6.04302 70
-6.20761 5.38536 70
-4.35946 -6.21388 70
-6.03744 4.49666 70
-5.93524 11.3219 70
6.23148 0.343924 70
6.15579 4.65657 70
0.461987 0.726484 70
0.591042 -4.88811 70
4.44504 4.52457 70
1.3331 -4.07686 70
0.474026 0.0215676 70
6.0236 -24.1713 70
-45.167 -30.7185 70
-4.34323 5.8911 70
0.270206 -0.611425 70
5.40723 10.5737 70
0.362413 -4.64088 70
-5.57 23.5666 70
1.30286 0.309912 70
-29.0661 31.4171 70
-4.34784 -9.13095 70
-13.7435 9.41659 70
8.91371 -5.52244 70
-13.8495 -4.19371 70
-16.3849 4.68865 70
-15.792 4.55032 70
-0.460537 4.15554 70
0.354197 -0.306721 70
1.06045 -1.08822 70
0.920431 0.141493 70
0.358907 -6.21804 70
-0.198915 -0.503756 70
-9.32592 -4.06847 70
4.19959 -5.51989 70
4.40098 -6.28869 70
-1.04783 0.55741 70
-9.69331 5.91602 70
-43.7917 40.0429 70
-6.01541 5.71378 70
-3.65849 -0.787757 70
0.356232 -0.621953 70
-0.037889 0.946271 70
3.75178 0.111787 70
11.2543 6.30208 70
24.0405 4.79547 70
5.99115 15.8735 70
0.0790411 -1.35713 70
5.36925 -6.3636 70
3.9294 -0.148588 70
-6.42223 -5.57991 70
-6.36177 -5.44868 70
-0.743604 -0.577125 70
5.26709 -5.2961 70
5.28513 -0.646875 70
1.42792 1.09806 70
0.56068 -1.00961 70
-5.92037 -5.38319 70
-5.51869 -0.252733 70
-53.8895 -34.0262 70
-0.481037 -5.62175 70
5.27695 0.609245 70
-0.176737 -0.646943 70
-6.15204 4.46423 70
-9.07311 -9.60606 70
-1.05535 -1.11613 70
-6.08777 -4.94031 70
3.53794 5.16774 70
10.5598 5.82542 70
4.37325 -5.15264 70
30.8638 54.9466 70
1.00904 -0.96171 70
15.7736 -6.35786 70
-0.719962 -0.495376 70
-9.3954 -18.5377 70
-0.0373603 4.87765 70
-1.32873 3.96959 70
5.75478 28.7995 70
-3.85991 24.9308 70
-0.433586 4.21642 70
-10.1376 -4.0067 70
-4.79837 -5.34437 70
0.411464 -0.337657 70
-15.1755 -20.9824 70
0.195212 3.75492 70
0.3078 -0.831593 70
4.78726 14.3947 70
0.147302 -8.66902 70
-19.735 -5.98499 70
0.749048 1.16869 70
5.16073 0.748671 70
5.17607 5.76674 70
-0.236078 -11.2856 70
-0.279055 -0.723324 70
1.23502 5.80793 70
-0.294493 4.65214 70
1.49466 5.29023 70
-10.2454 0.952849 70
0.808926 0.657128 70
-1.36789 0.938058 70
-9.28905 -3.83545 70
0.572456 -3.65924 70
0.872798 -3.76029 70
14.9771 -9.95525 70
-15.4194 -19.2636 70
-5.72479 1.14433 70
-0.765553 -3.73031 70
-0.774371 0.76847 70
10.8914 -1.42163 70
-0.596662 0.660996 70
4.16658 5.47434 70
-9.76509 -11.2658 70
0.578883 -3.59692 70
-4.70679 11.4478 70
-3.81997 1.04638 70
0.402338 10.3782 70
0.278286 -1.40418 70
-0.633075 0.394298 70
4.65035 -8.57691 70
4.91966 9.88217 70
4.44011 -0.813575 70
5.85463 0.897294 70
-11.4697 0.80614 70
23.6115 -9.84638 70
-20.7687 26.4363 70
8.57217 3.71914 70
-1.08841 -4.30665 70
5.49273 -4.47175 70
-4.14525 -0.837597 70
15.5629 -5.70373 70
0.784042 0.747846 70
0.321408 -0.195502 70
-9.78194 -48.9513 70
-3.54753 -5.97693 70
-0.458744 4.50481 70
5.01075 -0.952328 70
-5.98596 -0.72932 70
-6.32059 6.27648 70
6.22127 -4.86161 70
10.1029 35.6222 70
0.471035 -3.72365 70
-1.47396 -5.78985 70
6.1592 -0.44278 70
1.23734 6.3859 70
-5.44818 1.09538 70
5.08939 -5.60069 70
4.67921 1.184 70
0.64833 0.564403 70
9.17391 1.3024 70
-36.0271 1.03351 70
9.83829 11.0829 70
3.97327 0.279853 70
-3.92105 0.794559 70
-5.19945 -18.663 70
1.07569 -1.20875 70
6.00942 -0.768457 70
-0.266968 -1.22541 70
-15.666 0.55531 70
-1.3333 -0.964388 70
0.51525 -6.12587 70
-1.07308 0.520048 70
-1.0634 5.48648 70
5.43426 -0.78215 70
-4.64538 4.52211 70
-0.0967254 1.40175 70
1.05563 3.92416 70
-1.38314 3.84126 70
5.66235 1.13227 70
-6.2509 0.0101841 70
-0.530822 1.46857 70
0.442733 0.315494 70
13.9848 10.2439 70
10.8686 4.40921 70
-4.874 -0.337803 70
9.12604 -5.80796 70
34.4675 -18.9498 70
-1.44006 10.9571 70
-0.084389 0.235479 70
-0.937216 0.068396 70
15.6754 5.12758 70
-19.4658 16.4131 70
0.419851 -10.104 70
-0.471009 0.682144 70
3.87619 6.16027 70
4.19826 5.85578 70
-0.334877 3.99189 70
-0.419204 4.68434 70
-10.2155 -10.7192 70
0.0149536 -0.283561 70
-6.12494 -5.98528 70
-16.4866 -4.18451 70
-35.0697 0.516084 70
-4.24932 15.1785 70
-1.0154 3.97393 70
-1.07661 5.00821 70
-8.71114 -19.4586 70
0.298608 -0.0569344 70
-0.201121 -1.46662 70
6.35334 -1.2717 70
26.1293 49.7592 70
16.3466 14.9422 70
-6.35564 -4.02911 70
0.97324 0.745881 70
11.4011 6.46693 70
-8.50104 -3.94987 70
-1.00116 3.56052 70
0.982833 0.878971 70
0.486764 0.932295 70
-3.63521 -23.9152 70
18.9575 5.04804 70
11.472 -4.35633 70
0.454598 0.508857 70
0.957263 0.000550535 70
5.56238 -6.1799 70
10.7563 19.4662 70
0.683547 -3.78362 70
4.98839 1.3362 70
-6.32033 -0.117931 70
5.7024 -5.54253 70
-1.11105 -6.1083 70
-44.4682 -44.3878 70
-5.48787 -5.72055 70
-11.1321 -3.88896 70
-15.9788 -9.23862 70
0.497428 -3.95515 70
-0.728145 -0.129514 70
-13.9811 -6.36361 70
-10.2425 -5.94874 70
-4.59667 0.823119 70
-0.134842 -0.529673 70
-0.0736269 6.22348 70
25.2002 14.8672 70
-11.0955 10.3436 70
-14.97 -23.648 70
0.14837 0.792783 70
-1.00925 18.6767 70
-23.6558 6.34769 70
-8.72218 -30.5188 70
-24.2246 -0.0989016 70
1.35154 -5.36982 70
-0.834247 -5.16917 70
0.778009 1.16281 70
5.7591 1.10399 70
-15.9071 -10.5142 70
36.2284 -19.5944 70
-3.73023 1.02301 70
6.02139 -5.57199 70
0.035883 1.07255 70
-0.394619 5.37662 70
-3.60221 1.11078 70
10.8061 -0.771594 70
0.203056 -0.709974 70
4.89164 1.04112 70
-1.16195 5.67757 70
-11.2369 5.41413 70
0.269264 4.90876 70
-5.39647 11.117 70
-1.41652 3.93366 70
-25.3309 16.3311 70
6.24904 3.90491 70
9.18846 -3.6815 70
0.822947 0.512854 70
1.30969 -0.78758 70
0.335083 -0.994575 70
-0.376638 4.61551 70
10.6767 -9.20085 70
15.4707 1.07784 70
14.0085 -1.33814 70
-53.5873 31.3464 70
-29.6224 -13.6738 70
5.29569 6.46893 70
-5.38637 5.38063 70
-4.52309 -11.2665 70
-23.7468 -8.79051 70
-0.791789 0.926378 70
-4.92491 -0.283962 70
0.692077 -4.51545 70
0.97842 0.232301 70
-0.460953 -15.182 70
-5.76268 -0.0634997 70
-1.34137 0.0403485 70
0.639679 -0.340903 70
11.4997 -6.35825 70
0.768259 -9.59351 70
-6.1732 6.21417 70
-9.63817 15.4061 70
0.86074 -0.527225 70
-3.75757 0.719246 70
14.5412 6.05327 70
19.9304 -20.4299 70
-0.841892 4.57448 70
-4.61893 -23.9559 70
20.7698 9.27714 70
-15.2155 16.0913 70
-5.01273 4.01402 70
0.169032 4.30312 70
-5.65848 -3.96497 70
6.20709 6.25256 70
5.48885 -5.74835 70
-6.15324 0.843644 70
15.2761 -9.54072 70
-1.01773 3.98407 70
-10.5173 -35.7066 70
-5.83903 0.00319797 70
-0.999977 -0.870375 70
-1.32434 1.01199 70
0.565834 5.73865 70
-0.495687 -26.3773 70
-25.0855 4.58328 70
-1.26623 -1.03437 70
20.1667 -19.4004 70
-4.57045 -5.83292 70
-11.2479 4.52886 70
1.41045 9.09037 70
5.41894 9.89621 70
-1.12899 1.04028 70
-28.8312 31.0263 70
0.625836 0.866068 70
0.164338 -0.370278 70
3.5225 1.45696 70
-23.9951 -10.2931 70
5.16165 0.325848 70
11.0927 3.63184 70
0.681877 0.549101 70
0.504658 -0.532263 70
9.28674 5.86911 70
1.48469 0.957238 70
13.6097 44.3945 70
9.76738 0.860077 70
-15.8146 4.2906 70
-4.48749 -1.31036 70
5.03432 4.31517 70
4.52805 5.93555 70
8.92169 -8.5873 70
10.9102 -8.97685 70
6.35923 1.23912 70
-4.14318 -3.5725 70
1.27632 -20.7996 70
59.9528 -19.4858 70
3.98538 -0.503497 70
0.495086 0.986333 70
-0.505414 4.67789 70
5.27014 1.37132 70
-4.84278 -3.86409 70
5.20899 23.5854 70
6.28682 25.0152 70
0.665452 14.287 70
1.26197 0.71729 70
-34.6342 -40.4032 70
-0.807426 4.45775 70
1.44918 -5.6751 70
21.0778 -5.80257 70
-1.36586 -1.4811 70
-0.345176 0.198234 70
-0.590916 0.540344 70
10.0227 13.6763 70
1.08342 9.18838 70
-25.076 11.1245 70
-11.4347 5.5179 70
1.13352 -5.85713 70
-4.00929 4.10573 70
0.206549 4.59542 70
5.14277 -0.672827 70
6.44837 -13.8683 70
-9.6452 0.778554 70
0.677144 -25.3996 70
19.655 -19.7772 70
5.33063 11.0546 70
0.976247 0.908836 70
1.19461 -0.750412 70
1.44134 1.42429 70
18.5149 8.72324 70
-0.698725 1.37378 70
-3.52074 -10.3743 70
0.893031 0.156096 70
-0.0515437 0.0232866 70
4.7172 -0.0070133 70
-8.54791 4.09236 70
-5.25851 0.134848 70
-1.03624 1.41609 70
-0.636742 -0.923959 70
1.01106 3.90872 70
-3.79481 -0.649609 70
-5.14133 -0.158225 70
5.54266 -14.1325 70
-5.47662 -6.15454 70
-4.35241 -6.39859 70
-4.64726 -0.285266 70
-11.2513 -10.5773 70
-0.811609 -1.3864 70
-0.544505 -5.47492 70
-1.42733 5.08386 70
-5.11356 0.403421 70
-5.83375 -0.188193 70
0.209604 0.35436 70
3.90474 8.96124 70
-6.03243 -4.7683 70
-3.81642 -6.2346 70
-4.62384 4.37927 70
-3.83007 -10.1092 70
-1.21731 -0.332976 70
-5.95054 -1.23378 70
0.616186 -0.693999 70
-6.27604 10.6479 70
-1.49189 -0.799548 70
5.44059 11.2436 70
3.75239 8.80636 70
0.722026 -0.649131 70
4.52709 -5.67693 70
1.34929 19.275 70
-5.53866 -1.02756 70
-1.10297 -5.618 70
-5.23558 5.02034 70
-0.0798952 -3.96512 70
-4.85434 15.7616 70
8.8927 -19.7959 70
-16.385 -4.82378 70
-1.03627 -3.61557 70
-4.84401 10.8583 70
8.62252 10.6749 70
5.60176 -1.22613 70
-4.19384 5.85109 70
6.3115 -3.86337 70
4.72505 -5.31379 70
-5.4219 -1.30905 70
0.135813 -0.697424 70
0.463842 -0.0306958 70
-4.07227 -1.29271 70
0.305111 6.282 70
1.37365 6.00464 70
0.570959 0.711857 70
0.746633 0.605499 70
-4.92576 -18.6731 70
-5.59596 10.3621 70
1.28214 1.45558 70
-1.25434 -11.1907 70
-0.981016 -0.369021 70
-5.44339 1.05258 70
-15.8278 0.873662 70
0.499206 -0.0838726 70
6.22492 4.65287 70
-5.2319 -1.11659 70
5.03734 0.149271 70
3.71265 -1.10818 70
4.04782 -6.42177 70
4.63615 -0.299188 70
4.22371 -5.18847 70
-16.4025 9.18093 70
1.01313 1.09628 70
0.94091 6.42721 70
-0.158793 3.79055 70
-5.62137 0.850434 70
-1.31338 4.49213 70
-40.6565 -56.3265 70
-4.18253 0.615019 70
-14.3593 -5.06594 70
-15.1542 -0.453488 70
-0.364757 1.2049 70
1.20886 -1.16061 70
4.52774 4.93382 70
-5.32055 5.27188 70
1.18558 0.874889 70
0.93941 -5.52405 70
-0.335654 0.211945 70
-9.84951 13.9056 70
-5.46435 -0.633487 70
-9.09787 1.37457 70
-40.3648 3.73964 70
40.9335 -21.1512 70
0.333249 -4.12043 70
5.29273 4.2053 70
-0.17081 -5.97533 70
-4.37544 6.28147 70
-4.47761 5.21835 70
-5.00608 -5.55746 70
5.81364 0.308165 70
0.291067 1.01963 70
-5.67537 -5.79842 70
-6.15815 -0.958751 70
-6.359 1.11888 70
-0.217547 0.34084 70
-14.708 1.33132 70
4.57228 -4.1597 70
-0.0685197 -0.656098 70
0.0848638 0.146051 70
0.490826 4.56677 70
1.17157 6.35087 70
-11.0103 -16.3603 70
-1.04465 1.01256 70
-24.1382 -18.7912 70
-4.66763 0.0372813 70
4.60695 4.38494 70
-14.6301 -34.8313 70
-3.63914 4.15544 70
0.409172 -1.10271 70
-5.99474 -0.272801 70
-4.67465 -1.35748 70
-0.640176 5.89494 70
0.566201 -0.391792 70
-5.55942 -34.8065 70
4.85287 -3.88808 70
-0.935651 0.10461 70
-6.26933 14.6565 70
0.276327 -4.85596 70
0.203709 0.629837 70
-14.6162 6.45716 70
-14.0685 3.64608 70
-9.90084 0.42752 70
-10.6652 0.141132 70
1.07231 -4.97354 70
-19.2465 -8.95194 70
5.17448 10.2591 70
0.302141 -1.39202 70
-5.73294 -4.86212 70
-0.310591 6.27714 70
9.12637 5.93246 70
-4.35611 0.81284 70
-0.0798214 -4.84739 70
-4.57294 5.69585 70
23.5639 14.805 70
19.1906 3.88136 70
-9.31431 -13.5955 70
-10.4759 -13.8856 70
0.5178 -6.20078 70
-4.45759 5.90104 70
0.954125 -1.26964 70
-6.44685 1.42299 70
-5.83454 -3.85889 70
5.40793 0.039476 70
21.1498 23.6909 70
14.7597 5.87433 70
0.0428864 -0.0650254 70
-5.11326 -6.1274 70
11.4334 -4.85241 70
-14.4318 11.3266 70
-0.467294 -1.01684 70
-23.6483 -25.073 70
-9.37561 0.614549 70
-1.49693 0.77594 70
1.29314 -5.88073 70
-55.9909 -55.4041 70
1.44934 0.103899 70
-0.462016 -0.455045 70
0.405135 -5.93049 70
-10.1713 4.43716 70
18.532 -1.45674 70
-6.20416 -0.81334 70
-5.12445 -1.46034 70
-0.597497 -0.444585 70
-0.834391 4.16927 70
-10.2748 -4.8711 70
-9.45447 -4.64989 70
-1.12093 -4.44192 70
-3.6935 4.80686 70
-4.53283 -35.1552 70
-19.5848 -16.1225 70
-6.13985 9.34484 70
59.1186 9.47722 70
5.29234 -5.84825 70
1.30557 0.480566 70
11.4388 9.44231 70
0.530368 4.38324 70
0.845687 0.867903 70
-5.9903 -0.570914 70
3.65336 4.03618 70
0.793881 -0.265268 70
-0.839624 -3.63524 70
5.46372 6.49176 70
-14.8616 -1.23953 70
0.0199696 0.282618 70
10.1289 5.85984 70
-3.72983 -5.98753 70
1.30574 -0.61571 70
0.326662 0.63934 70
-9.33452 1.07599 70
18.5935 15.6676 70
-0.16618 1.02179 70
-5.29264 -19.3223 70
-4.2804 0.493821 70
-9.41678 4.74992 70
-0.874341 9.08761 70
-0.72373 5.62976 70
-3.78624 -8.87725 70
0.0690659 0.732195 70
1.41048 0.649645 70
1.44303 -1.36849 70
-28.8836 5.05383 70
-0.70131 -3.83029 70
-1.14247 -1.39365 70
5.11953 0.603064 70
-3.951 -0.157213 70
-0.134293 5.62137 70
16.4882 5.72356 70
15.5897 9.32741 70
0.742085 -3.88729 70
0.708391 -0.634828 70
-9.55058 20.5772 70
-9.80859 19.6032 70
-4.66516 0.47233 70
-38.9932 28.6112 70
-4.74947 5.36736 70
1.39779 5.83354 70
1.29252 4.63381 70
1.2707 -6.01885 70
-0.393752 -5.06596 70
-0.0797902 1.44691 70
4.57466 0.314287 70
-4.06675 3.59854 70
-5.77185 -4.3446 70
-4.35344 1.07163 70
-4.45691 -0.271719 70
4.26637 -9.86268 70
-0.0296374 0.98079 70
5.58507 -5.45012 70
5.21434 -3.83005 70
-13.5774 -10.617 70
10.6752 -0.663091 70
0.100691 -0.652684 70
6.38757 -5.46095 70
-9.76103 -10.1239 70
1.33022 9.98885 70
0.220846 9.90356 70
-1.00586 4.31373 70
-6.41798 -4.32049 70
-6.49343 -5.42765 70
-3.69307 -24.0291 70
13.7846 11.1031 70
5.89782 -5.78894 70
-10.6337 3.78542 70
-0.935243 0.71817 70
0.179439 -1.46561 70
-0.251388 -0.730578 70
0.551478 -1.19074 70
1.4421 0.6716 70
3.59204 5.31945 70
-0.140483 1.35759 70
-8.85133 0.305168 70
9.48012 4.42287 70
-4.66465 19.5195 70
3.70351 0.826658 70
-0.909331 5.30836 70
-4.82281 -4.94661 70
3.51769 -1.07061 70
-4.4104 -0.268119 70
-0.959098 -0.75424 70
1.19134 0.42461 70
-4.88908 9.59839 70
-3.69088 -3.56567 70
0.88848 -1.04074 70
-13.713 1.45622 70
-5.04761 -5.34722 70
-0.871807 -0.973566 70
-5.03244 -0.591334 70
-10.9783 9.38927 70
4.99758 -0.369564 70
-0.739106 0.408715 70
-6.05047 -5.84734 70
26.3379 -15.7144 70
-3.95103 3.66571 70
-3.50587 6.13082 70
1.08174 -0.444753 70
-0.912295 11.0143 70
-8.94091 13.6022 70
0.771912 -5.71556 70
0.0756778 -0.521564 70
1.40927 -0.363078 70
0.319928 0.347696 70
-3.87663 -1.23638 70
-3.66352 6.4768 70
-4.50602 -0.869778 70
-1.24292 3.61936 70
-4.17241 1.1982 70
4.20248 -0.747525 70
11.3846 -16.0288 70
-10.3779 -6.24665 70
-9.69054 -5.43273 70
-0.317473 0.653575 70
-29.377 4.22866 70
0.810157 -0.926618 70
-0.0824268 -0.273583 70
4.10177 0.584917 70
-29.1668 25.2559 70
-4.83178 0.837708 70
1.04062 8.50672 70
0.890738 6.26267 70
0.365031 -3.83969 70
3.94345 5.55929 70
5.76491 -10.4522 70
0.112906 -1.17842 70
13.7851 25.3474 70
0.163199 0.217439 70
-3.88811 1.06676 70
-1.24481 0.954686 70
-25.7937 10.7581 70
-0.213082 -1.41728 70
6.26398 0.768538 70
5.21879 11.237 70
-1.16407 0.51958 70
-9.82823 -5.24241 70
3.79911 -9.85937 70
0.981762 -4.721 70
5.10858 -6.00983 70
-1.24177 0.536891 70
-0.428262 0.766056 70
0.398488 3.76344 70
-1.30676 5.09881 70
-5.69572 4.53964 70
-0.843267 14.9931 70
1.03152 1.02679 70
1.07643 3.61517 70
24.117 -4.84551 70
-0.228608 4.4117 70
-5.97278 41.3803 70
10.2344 9.25854 70
0.131902 -1.44825 70
3.63517 4.26898 70
10.9226 10.029 70
3.91215 -5.62347 70
0.601796 4.06542 70
0.205172 0.921958 70
-3.73769 0.155124 70
0.735855 0.442966 70
1.41773 -0.133696 70
4.98915 -0.850676 70
0.415866 -5.84622 70
-0.572575 -4.58231 70
9.10995 13.9204 70
-1.39123 4.37644 70
8.57338 -23.6962 70
9.81866 -26.4011 70
3.71444 -8.83165 70
-1.0306 0.157629 70
4.26773 -1.14437 70
-1.24201 0.874104 70
-0.987402 6.23558 70
-14.2484 -15.0621 70
15.2961 6.12045 70
-0.399094 -0.91225 70
-6.22497 -9.37393 70
-30.4922 -40.2864 70
40.5042 -43.86 70
-49.4872 -44.3991 70
-5.33823 1.48288 70
-4.53524 1.24714 70
5.08958 -0.644187 70
5.9692 4.63411 70
-0.122553 0.942219 70
-0.300235 0.155792 70
1.32572 6.30729 70
30.0286 -19.7754 70
30.1007 -18.623 70
-4.87323 -5.09138 70
-9.04571 10.282 70
-0.00538456 0.891983 70
-11.1506 1.28317 70
-4.7936 -13.63 70
-0.179295 1.23111 70
-0.501923 -0.67636 70
-0.461989 -6.45446 70
-0.772759 -1.02559 70
10.4904 15.011 70
-0.137927 0.261396 70
0.0751311 0.978306 70
10.4756 -1.05315 70
0.158591 5.00951 70
9.67258 -3.72489 70
-4.64462 1.35459 70
-0.0236996 -1.38686 70
0.720674 -0.279064 70
0.297373 -0.246309 70
1.2848 -0.635103 70
-0.60375 -0.294351 70
-24.145 15.7967 70
40.899 38.8336 70
-4.18733 -0.838866 70
6.33005 4.56017 70
-3.89309 1.17785 70
-3.53815 -0.786741 70
-0.683318 0.523835 70
-1.13898 -3.85296 70
-6.19607 0.360385 70
4.77906 -5.17501 70
-0.993143 -1.2075 70
-1.2203 0.939256 70
-6.18834 6.48863 70
4.62372 4.89916 70
0.0370646 -4.94706 70
20.9426 3.91894 70
21.1941 3.58685 70
-1.0478 -1.41316 70
49.6527 0.393585 70
5.13418 -4.71438 70
0.0387002 6.42435 70
0.603448 4.9598 70
0.868983 -4.69294 70
-0.59482 0.0556559 70
0.0437714 14.5471 70
-4.09787 -0.0146137 70
-13.7314 10.4114 70
-15.5832 10.9148 70
5.69949 5.38341 70
-4.32117 -0.595054 70
0.539203 9.66384 70
1.08036 10.4554 70
33.6922 -4.77478 70
-4.88174 -0.325336 70
4.85144 4.61441 70
-0.0637995 -0.902159 70
0.726573 1.27153 70
0.173687 1.04962 70
3.71373 -0.662317 70
16.3842 -31.0033 70
-5.89556 8.618 70
0.0186254 1.26688 70
-1.11547 0.156781 70
3.55953 20.2996 70
-0.00642433 0.800584 70
-5.5418 6.07856 70
0.898324 -0.380715 70
1.4084 1.11203 70
0.272445 4.82527 70
-5.86216 -6.23878 70
-0.411452 -1.43008 70
5.88506 -6.17082 70
15.4128 -1.31818 70
-1.4293 1.46936 70
1.33291 -0.0636048 70
0.570639 1.05983 70
-1.0766 -19.6979 70
-4.76045 -5.74582 70
-5.63217 -4.26518 70
-25.4084 -1.44164 70
-20.1425 9.93243 70
0.933196 -1.16971 70
5.00058 4.07476 70
3.8208 3.77044 70
-5.70828 -0.710375 70
26.4845 -30.6795 70
-1.40355 0.0101608 70
-5.69675 -1.21992 70
-1.16948 1.01848 70
-4.37117 0.103104 70
-4.07355 9.24944 70
-10.3838 0.650608 70
-8.96958 -4.46457 70
10.5138 0.0874167 70
0.805905 3.88175 70
-10.9464 5.01742 70
-0.269252 9.20373 70
-5.90478 -0.639938 70
6.48489 0.303358 70
-9.86658 -3.59744 70
-0.343484 0.692961 70
-11.1083 5.26588 70
-1.25637 -5.39863 70
5.59402 5.96843 70
4.26136 3.67155 70
-6.34809 1.09071 70
6.47691 -16.3541 70
4.99746 0.140345 70
5.18311 -1.36289 70
54.0408 -44.7332 70
5.19484 5.76574 70
4.35214 -4.05018 70
-6.35196 -4.60882 70
10.8011 4.72889 70
1.26683 -0.309011 70
0.156081 -0.440604 70
4.26882 0.875621 70
10.881 25.3385 70
0.167043 3.60764 70
1.25274 0.10443 70
-5.99934 -4.48085 70
0.223695 0.625663 70
10.729 0.411526 70
3.93905 -6.34958 70
-5.29889 -0.679995 70
-21.0877 -1.11708 70
-0.279424 0.709739 70
0.1018 -0.0222462 70
-3.7421 4.76687 70
5.56047 -4.26474 70
34.4572 -24.8149 70
0.865432 -3.59126 70
-0.223317 -5.1959 70
-1.28881 0.595366 70
-10.9153 9.10188 70
-1.4197 -16.1654 70
-1.03411 -0.826588 70
0.476237 0.78596 70
-20.9662 -4.35702 70
-1.16844 5.05297 70
0.526235 0.714868 70
14.8027 15.6238 70
0.229756 -1.22968 70
-0.285825 0.975145 70
25.4967 -14.4912 70
1.48558 -1.1893 70
-0.28234 -4.95165 70
9.64982 -14.6285 70
4.14872 -16.1534 70
18.5981 5.41223 70
6.15767 -5.63884 70
-1.41299 5.58213 70
-0.708273 0.089782 70
0.112811 -0.44211 70
0.19994 1.34032 70
-11.0979 -11.0106 70
0.720815 4.65995 70
1.4897 -5.94496 70
4.63901 -0.130625 70
-6.49538 -1.01679 70
-4.03463 0.120435 70
-10.7121 -3.71602 70
-3.79633 -8.72028 70
-28.9352 4.54721 70
-0.117403 0.954344 70
-1.33037 0.620777 70
-19.329 -13.7034 70
-18.6737 -14.2547 70
-6.33094 -16.2913 70
-1.23986 1.19124 70
-0.0817568 1.10666 70
-0.981406 1.17433 70
16.0143 0.0828366 70
-0.355772 -0.896045 70
0.325444 -1.00943 70
-48.8008 1.19242 70
0.690267 -1.49605 70
-0.702533 8.89659 70
-0.818026 11.3875 70
0.100138 1.01515 70
-0.1591 0.821348 70
6.07529 -6.18679 70
4.26129 -4.27153 70
-5.89719 -3.5624 70
5.02032 -10.2847 70
1.1451 -0.921015 70
-5.24968 3.72232 70
0.177774 4.24553 70
-0.729868 -0.843716 70
-9.38515 -5.14824 70
10.1328 4.69679 70
-24.7935 20.0065 70
10.7695 -9.58476 70
0.123324 3.76079 70
5.23949 0.168782 70
3.83432 -1.29374 70
-4.59036 10.2385 70
0.772267 -1.38097 70
0.213636 1.32505 70
-3.90355 0.87091 70
1.29498 -0.0598066 70
4.32695 5.66818 70
-5.49859 0.64509 70
0.132516 -1.24645 70
-5.02138 4.1812 70
-4.6528 -1.47507 70
0.197792 -0.263862 70
-5.24144 -35.7072 70
-1.19207 -11.1646 70
-3.62735 -5.64249 70
-1.40685 3.56639 70
-1.31612 -10.2399 70
-5.5911 -0.129303 70
-5.04649 -6.43387 70
-9.07633 1.11376 70
11.3195 -10.3766 70
3.82877 -0.986957 70
15.1993 -9.43643 70
-0.065931 0.474302 70
-0.413816 1.17977 70
40.6456 -46.3861 70
-1.01953 1.0632 70
-14.6447 20.9936 70
-5.41422 -4.91906 70
-4.71889 4.00271 70
-0.574038 -1.30724 70
-4.15174 5.97545 70
5.40185 -4.34618 70
4.13228 1.04331 70
4.13556 6.04827 70
-0.634418 5.01923 70
-0.212757 -10.6978 70
-6.43719 -0.280046 70
15.9901 10.9822 70
-5.3736 4.88849 70
-14.0482 -5.71599 70
-5.9237 -11.4639 70
4.62209 4.58905 70
-0.0600327 -3.95331 70
1.37135 -0.656533 70
1.21462 3.56901 70
5.29223 -10.2612 70
4.06759 -11.2176 70
9.53666 15.4293 70
1.32182 -0.431901 70
0.0810424 -0.643696 70
-0.225562 4.19501 70
-4.73897 -0.514342 70
4.55978 -3.77869 70
-5.12938 1.01198 70
6.13043 -0.578416 70
-0.317148 -3.74827 70
4.19373 6.40937 70
1.14738 -9.73487 70
-0.72744 -1.49637 70
11.4958 3.64699 70
10.4521 9.59207 70
-5.91909 11.2785 70
9.70933 9.71332 70
-0.215605 -1.31831 70
10.2063 -3.82745 70
5.38268 11.374 70
-11.3891 -0.372157 70
1.05812 -5.55355 70
1.42551 -4.1502 70
-1.28113 1.40575 70
-5.32265 -0.0243127 70
1.46058 -5.43571 70
46.2878 -24.0645 70
-1.00053 -0.276399 70
-4.19556 -3.76158 70
-4.33284 0.199628 70
-4.19553 -4.4875 70
14.6355 -5.44887 70
-0.277066 -5.02181 70
-0.240366 -0.789867 70
-6.29446 -16.2617 70
-0.647191 0.483764 70
-0.248657 -0.326614 70
0.471014 -0.978837 70
-0.580566 -1.36354 70
4.35855 -0.143088 70
0.693616 -4.68349 70
0.260652 -3.87414 70
24.8883 6.12827 70
-5.08982 -0.884347 70
-3.70257 1.23271 70
26.0564 23.6713 70
3.62263 -0.459126 70
-5.96725 -5.27133 70
