8.95117 -4.61918 70
3.71094 -15.3026 70
-19.1695 19.658 70
8.81187 6.47818 70
-0.138529 0.332805 70
6.32163 -4.75456 70
20.8124 -10.2605 70
-5.42898 0.885829 70
-0.568553 -0.896488 70
4.41309 -6.02224 70
-0.0225524 5.96312 70
-0.0759571 4.03725 70
-0.686638 6.11915 70
6.15755 -5.17485 70
1.49829 6.05595 70
-0.162325 0.161158 70
-0.391822 -5.02485 70
-0.889722 0.379524 70
-0.897477 -0.418872 70
24.9178 3.81101 70
10.0262 -6.11308 70
-1.15917 6.21464 70
4.91008 -5.21224 70
5.36564 -6.21145 70
4.10802 0.552812 70
0.96838 0.312564 70
-3.84808 -3.52991 70
0.101936 -6.13648 70
-4.3405 -4.97823 70
5.2879 0.962056 70
0.42318 -5.86196 70
16.0242 14.4087 70
-1.36542 0.572287 70
-0.0952974 8.65615 70
51.2803 -25.9913 70
4.693 -8.70205 70
4.40101 -10.7154 70
8.84615 3.95596 70
-9.57899 -1.35126 70
5.95519 -4.7327 70
-16.1334 -29.6894 70
-1.44217 -5.28141 70
5.74542 -5.30076 70
-6.2936 1.13113 70
5.75904 4.66721 70
4.73452 0.956328 70
6.09019 -5.37054 70
-33.8717 53.5273 70
-0.725731 -1.2374 70
4.86523 -0.406741 70
-3.87167 3.89615 70
-1.28116 -5.74876 70
5.50627 11.2404 70
0.946375 5.01721 70
-26.3314 16.1756 70
1.38553 -5.64151 70
5.11141 0.344277 70
-26.4649 -14.6375 70
8.58258 -1.46363 70
-40.6223 10.3568 70
6.05212 -0.0600142 70
5.02416 0.0531841 70
4.25472 -16.094 70
0.186028 -0.86832 70
5.20191 -0.759544 70
-0.073609 -6.24907 70
-0.629681 -0.0232962 70
0.8958 -0.53806 70
-0.843824 6.36659 70
44.9192 28.7455 70
-0.972558 -3.88634 70
-9.98946 -0.429714 70
-4.22905 19.767 70
-0.964525 -6.18783 70
1.22718 -5.16878 70
5.86636 5.15141 70
8.8221 1.05569 70
-0.359901 -6.32878 70
-0.398073 0.924526 70
-0.66772 3.65576 70
-0.182361 0.00121171 70
-0.725599 -0.79887 70
-0.294994 -0.712095 70
9.99321 5.02037 70
5.92005 -1.39307 70
-1.0864 1.00063 70
0.396305 6.0546 70
-0.896109 -6.27516 70
-1.44829 -0.406108 70
-15.1077 -9.46102 70
5.08923 -3.99575 70
9.95517 6.47421 70
10.0479 4.19835 70
-5.17436 -0.781428 70
-6.21179 -1.49973 70
0.649694 1.03168 70
5.47703 -4.39776 70
1.23825 -4.81034 70
-11.2629 -6.37433 70
5.72837 -6.15453 70
-13.5644 5.37556 70
-14.6362 4.13073 70
0.343138 0.10895 70
1.36229 0.703032 70
-3.86774 -8.96144 70
-3.87923 -8.77624 70
1.0451 4.28407 70
0.18735 1.35876 70
4.49717 -5.59458 70
31.2082 -8.92998 70
-11.4681 10.0331 70
-3.5978 -13.7241 70
3.97726 6.33305 70
-1.09779 6.24798 70
4.77519 -14.282 70
-11.2415 -16.3843 70
-1.48567 0.770758 70
3.71201 -10.3998 70
3.78258 -0.240737 70
-4.17265 1.02162 70
4.16948 5.55555 70
-9.91818 11.116 70
10.4634 -5.90671 70
-1.11365 -3.55031 70
-5.02928 4.79717 70
5.19896 0.391849 70
-5.54765 -10.872 70
4.90737 -5.56655 70
11.4091 4.93327 70
8.50271 -6.32163 70
-0.263589 4.68704 70
-1.08628 -0.775057 70
1.04275 54.212 70
9.33734 -0.631614 70
5.26164 -1.20991 70
3.75507 -1.41841 70
-1.06672 0.18269 70
0.992794 -3.977 70
6.06869 -4.53966 70
3.91729 -4.30995 70
10.9098 -5.03869 70
24.378 -34.8466 70
-5.1317 -0.281553 70
1.1211 10.3369 70
0.992218 0.358193 70
-4.22636 -10.9269 70
-0.573362 -15.7861 70
4.11408 5.68744 70
24.5051 -4.81384 70
6.2007 1.36417 70
9.40537 0.52515 70
13.7648 9.96203 70
0.304912 1.27461 70
-1.37628 -1.18911 70
0.99382 0.226832 70
5.0507 -4.80684 70
-0.610107 0.218481 70
0.488416 -0.41094 70
-13.5084 -4.06997 70
-6.39924 0.613351 70
4.53674 25.1891 70
4.22986 26.389 70
15.6621 -0.390687 70
14.7132 -1.37335 70
-0.686455 -0.182826 70
-19.7024 -4.93047 70
1.15749 -0.919646 70
-0.634825 -1.01748 70
-1.14496 0.635131 70
-1.16354 -4.61697 70
-1.09593 -0.939275 70
5.39625 0.947192 70
-4.14886 9.84591 70
5.56982 -4.25354 70
5.41282 -5.68001 70
5.84033 -10.532 70
-4.25783 -14.4816 70
-26.1535 44.5696 70
8.70951 -8.86181 70
0.927492 -14.7934 70
-0.36476 0.715989 70
-4.45887 -9.24211 70
-5.15477 -14.3379 70
-5.71058 -8.95708 70
1.15378 -0.658924 70
9.81126 -13.9817 70
4.12674 -0.52698 70
3.98037 -1.0403 70
6.31861 -1.21142 70
9.9709 -14.6008 70
-1.37322 -9.96905 70
5.6622 5.53483 70
0.850374 -0.783092 70
-5.31165 -6.03596 70
15.0203 -11.0072 70
-0.3642 0.92655 70
0.467434 -1.4627 70
-3.97628 -4.54945 70
4.42595 -4.54928 70
-1.4727 0.16294 70
1.48915 -5.71054 70
-1.23058 -0.589199 70
15.9063 5.73008 70
4.28533 -3.82076 70
5.7592 4.15445 70
5.19104 -8.76019 70
-1.45027 -5.13944 70
6.02535 -4.16737 70
5.85436 4.2317 70
0.336041 -0.376863 70
11.3455 -9.51742 70
3.71574 -10.7176 70
-0.0659466 -0.417138 70
5.72808 -6.49096 70
5.73374 -1.04958 70
-30.8779 -14.0947 70
10.2123 -5.09131 70
-0.724911 8.8686 70
4.49489 4.72201 70
-6.18522 -18.5809 70
6.15324 1.49796 70
-5.18231 -4.29321 70
1.15569 0.000607113 70
5.03436 1.14322 70
0.405732 0.169884 70
4.46449 5.8467 70
-0.710421 5.89758 70
-50.8826 5.34485 70
10.5649 0.983904 70
5.92516 3.56386 70
-5.80378 3.57991 70
14.443 4.60063 70
6.01799 -3.83462 70
-0.727995 0.407355 70
-0.901535 1.28536 70
10.1502 4.36256 70
-0.244719 -4.33987 70
-1.43651 6.38471 70
0.738918 -4.89871 70
4.0005 6.25433 70
1.18917 -6.00695 70
-1.04397 -4.90756 70
1.07091 0.0464135 70
-0.0425032 -4.36745 70
5.8248 -3.74849 70
-15.3849 5.05648 70
-0.421413 -4.21874 70
8.54895 -0.546798 70
-9.42466 -14.5203 70
8.74211 -5.72092 70
-0.0410762 4.09229 70
0.156786 -0.924246 70
6.17223 -1.40294 70
3.8963 -0.214398 70
-5.59176 -9.8908 70
4.52544 4.04125 70
0.286185 1.44537 70
1.01059 -0.119793 70
4.2068 6.03707 70
5.83626 0.871452 70
-0.356648 -10.2536 70
1.32113 8.70919 70
0.661272 -0.875873 70
6.40273 -24.8675 70
-24.1325 44.8237 70
-13.694 15.7716 70
0.100345 0.573448 70
4.9512 4.00531 70
-5.16679 4.7472 70
0.258527 -3.82538 70
1.41659 -4.45862 70
0.617163 -1.19861 70
-1.14762 0.0106172 70
-20.277 0.144716 70
-20.3886 0.906527 70
-0.841555 -0.665319 70
5.00198 10.4123 70
1.36189 -1.45319 70
-6.22798 -3.87081 70
-5.37535 -4.32387 70
6.33757 -9.877 70
0.901886 -20.5531 70
9.50851 -4.20338 70
0.604259 -3.83821 70
-3.83385 6.20044 70
-0.356588 0.0823232 70
-0.0567019 -0.58375 70
0.278716 -1.0286 70
6.13419 -3.8121 70
-15.8388 -24.9363 70
3.77773 -20.4487 70
5.02604 -25.2688 70
4.2228 -13.9727 70
-0.589679 -15.4754 70
9.85114 23.6194 70
0.911936 3.91539 70
6.27015 -1.48768 70
-1.46839 6.44079 70
-4.03395 -9.6737 70
-5.23181 -11.2838 70
-5.00087 0.131261 70
5.71825 5.08302 70
-5.31162 -18.6231 70
-10.3285 8.92589 70
14.9481 5.11837 70
-9.31721 -0.554059 70
25.2135 -9.14596 70
24.5445 -10.481 70
24.4184 -10.0675 70
3.63855 -3.64771 70
5.91982 -5.96956 70
-0.776168 -5.86463 70
39.9132 33.8174 70
-0.452782 -0.682841 70
0.0383425 1.38563 70
-1.24064 -1.23673 70
-5.05709 0.375668 70
-4.70399 -6.04984 70
4.54263 -4.30557 70
4.68314 5.64016 70
3.8254 1.48213 70
6.28248 10.991 70
-6.1545 -4.36351 70
-0.675305 1.37612 70
9.54912 -10.0176 70
-9.90858 1.14702 70
-4.66552 -6.2391 70
10.7778 -3.69705 70
10.9424 -3.95304 70
5.28563 0.138055 70
25.3452 9.96983 70
-5.39674 -4.14155 70
-5.37319 -5.81446 70
-0.635461 10.9682 70
38.8611 59.2453 70
40.6279 58.5899 70
0.372825 -0.901095 70
-0.80194 -0.704582 70
0.656579 -1.08305 70
1.05422 0.420718 70
0.566505 4.86618 70
-6.38016 -10.2441 70
-6.41603 -10.8927 70
0.407248 0.840227 70
3.82505 1.41969 70
4.57768 4.31245 70
3.78042 -6.13251 70
6.28441 -5.77127 70
15.4478 -3.63486 70
-0.254601 0.666001 70
0.772721 6.17024 70
0.270745 5.76169 70
-1.38862 -1.31936 70
0.18157 1.32262 70
11.1843 -3.72681 70
-0.398329 0.527965 70
-9.35989 15.3832 70
-14.4535 -4.90344 70
-16.1294 -4.90403 70
1.12362 4.5259 70
-21.4429 -11.3573 70
-20.716 -9.88094 70
0.509669 -4.67997 70
5.97536 -1.05177 70
5.67199 -1.40981 70
5.54051 -1.46091 70
-16.0436 0.894867 70
13.8134 1.05014 70
3.79625 0.430615 70
-1.47572 0.913212 70
4.86489 0.62845 70
15.7241 -10.7792 70
-1.14238 0.945297 70
-1.34232 5.45308 70
0.585255 5.43336 70
5.24548 0.593042 70
-10.9214 -48.594 70
-54.5139 -8.75118 70
3.73363 9.32392 70
4.15379 -1.01265 70
16.3534 -4.23325 70
4.15344 -15.1947 70
-18.8039 20.1845 70
5.14671 1.01719 70
-1.39471 0.809004 70
3.99371 5.87264 70
-0.440438 6.0879 70
5.57252 -5.76878 70
5.34042 -4.94403 70
5.76539 4.57679 70
-6.11565 5.25131 70
0.0314852 -5.68341 70
-5.47284 15.0826 70
10.0182 11.1083 70
-9.39621 6.18282 70
20.2084 1.3926 70
8.94406 3.95105 70
1.27138 -0.666882 70
-1.0504 -0.75021 70
-1.4258 -1.41256 70
-15.5839 3.65216 70
-9.50904 1.37471 70
5.57375 -5.30714 70
-0.636945 -0.814001 70
11.141 -6.04426 70
-0.301034 -0.713875 70
8.94984 20.0441 70
-0.591469 -4.3588 70
-0.19802 -0.375904 70
0.0681531 -0.083691 70
-6.11822 -0.438284 70
1.06729 -1.37756 70
5.53614 -0.375636 70
3.74592 -5.83555 70
3.78653 -0.66318 70
4.04325 -3.72131 70
25.7336 4.7295 70
6.37064 -1.2929 70
-0.492871 -14.9488 70
-4.83498 1.12542 70
3.64841 -1.34496 70
-5.73536 -6.30041 70
6.38065 -0.873101 70
-0.359621 4.80564 70
0.595925 4.37181 70
3.5796 -10.4176 70
-10.6757 -1.24382 70
0.574432 -9.03281 70
5.18262 -14.5831 70
-1.22803 -1.1675 70
1.32547 0.0880736 70
-4.09639 1.13562 70
-1.40275 1.22007 70
5.30533 0.627132 70
-0.50089 -0.00811308 70
4.20821 6.49831 70
0.50417 -0.730433 70
4.94955 -3.74374 70
11.4551 -5.27593 70
1.37621 -3.87896 70
5.34431 14.1266 70
-3.8535 -5.21955 70
-0.707793 3.86923 70
-50.0116 14.8119 70
-50.696 16.2046 70
-1.31445 -3.96076 70
-31.138 4.7928 70
5.74155 -4.36114 70
10.4438 -3.62476 70
10.1069 -0.067431 70
3.56216 -10.1144 70
-8.93523 -24.1067 70
5.68466 -0.219327 70
4.5617 1.15176 70
3.67504 -15.4987 70
60.1157 -20.4181 70
9.44949 4.99874 70
8.56876 5.5261 70
1.44073 -0.551503 70
-0.932611 1.08114 70
-0.707369 0.69568 70
14.9392 0.00302186 70
5.40541 0.680797 70
-4.71119 -1.43528 70
5.62888 0.858261 70
-1.18962 -0.774668 70
1.43267 5.79151 70
-1.39518 -4.80014 70
-0.465303 -10.1181 70
9.05651 -20.2009 70
9.90057 -20.5749 70
-5.08304 9.00143 70
44.8979 -56.1635 70
45.0517 -54.2977 70
-0.614853 0.13882 70
1.48991 -3.84139 70
-0.333413 -4.66105 70
-6.12424 1.03555 70
1.06063 14.9043 70
-0.285614 0.304896 70
6.42535 -3.77863 70
5.54483 -5.13226 70
0.271773 -9.97311 70
4.29431 11.1723 70
4.00887 -28.8148 70
5.45522 -10.1175 70
5.67201 15.4441 70
0.0435324 -5.94609 70
3.70213 0.957509 70
0.618887 -11.0079 70
-14.5046 28.8182 70
4.43165 -4.12316 70
5.79318 4.27167 70
-33.6765 46.2954 70
-3.51267 -16.0555 70
-0.698875 -9.1633 70
-9.76809 -0.0515148 70
1.31759 1.147 70
-0.0920244 -0.559389 70
-3.84937 -6.13288 70
4.06969 -1.45244 70
6.08944 -1.16838 70
1.40628 1.06595 70
-6.16125 -6.39864 70
-0.144246 1.07649 70
-4.06896 -6.1128 70
-1.47471 -1.36678 70
3.88248 -1.22261 70
0.201095 -1.07592 70
-4.72697 9.23572 70
-1.44496 -14.6684 70
24.7209 -4.64837 70
-0.226038 -1.02781 70
8.88208 4.56026 70
4.67737 5.42197 70
5.69009 5.6502 70
-0.12574 -0.461206 70
-5.63639 -1.36709 70
-14.4022 -16.3182 70
5.03412 -0.691296 70
0.863135 -5.31926 70
59.045 28.9962 70
59.0208 29.5851 70
9.48311 0.843586 70
25.4904 -1.35169 70
-3.91726 0.801401 70
0.417927 1.14613 70
4.86646 5.6355 70
4.06565 -6.33239 70
-4.25671 -4.72506 70
3.78037 -1.26561 70
-4.39192 36.328 70
-16.0438 -9.35823 70
-1.04147 0.57267 70
5.81653 -1.4088 70
6.21642 16.2712 70
39.1205 -0.805929 70
1.09564 -9.31954 70
-3.58765 5.76641 70
20.8741 21.4487 70
0.0919231 -1.18637 70
25.5869 -41.1284 70
-4.67642 -9.93763 70
14.5993 3.65447 70
5.46083 6.49214 70
-20.3459 -15.2485 70
-5.63402 4.80939 70
5.78449 -1.38918 70
-1.06205 1.02245 70
-21.1249 48.9263 70
-0.300312 -1.45048 70
5.56227 -4.68219 70
-1.18764 1.01159 70
0.44797 0.0148506 70
4.50819 9.85277 70
5.96072 -4.98725 70
5.2186 -6.08041 70
0.896688 0.716417 70
10.5937 5.64854 70
-0.0655575 -1.35063 70
0.882762 0.394356 70
5.9123 -0.324624 70
14.4227 -16.2052 70
-4.13626 4.50741 70
1.07429 0.133158 70
5.26617 -1.00127 70
0.335186 0.743452 70
0.463976 -0.921774 70
10.3298 -5.8122 70
1.26463 -4.31314 70
-5.78718 -3.83597 70
-4.72762 5.08256 70
0.404407 0.0925847 70
0.313095 5.68967 70
-1.04169 3.67789 70
4.67127 -4.32539 70
-3.76358 5.8087 70
-33.9103 -26.4289 70
0.582699 -4.66627 70
-1.36128 -5.45997 70
9.49627 -5.47831 70
-5.90868 4.94507 70
-33.8589 15.3043 70
-0.252973 -5.46406 70
9.36183 -1.30073 70
-3.79923 -23.9002 70
25.6635 -14.9219 70
-4.30339 -0.096753 70
-10.69 -0.323937 70
-5.80028 -5.30735 70
-0.204344 4.64742 70
6.08398 5.35934 70
1.05854 0.0503547 70
9.15663 -0.856763 70
4.10594 1.40093 70
-1.35771 -6.17261 70
-21.484 -0.5044 70
-5.14689 -0.702091 70
30.7866 -26.2959 70
-1.41941 -0.721606 70
3.79612 5.67315 70
10.2295 -6.19593 70
4.94463 -0.856055 70
9.33129 1.44716 70
5.52216 1.07636 70
-4.13573 -36.2011 70
6.3442 -4.43495 70
-14.9124 5.71254 70
-3.74764 5.96138 70
0.354799 -9.25386 70
6.43953 -0.227176 70
15.6984 -6.12064 70
5.14936 1.24672 70
6.26111 8.62194 70
45.2649 -13.6619 70
0.0262715 -3.63864 70
11.2705 1.0003 70
-29.5104 5.32573 70
-3.57417 -0.729381 70
-0.791239 0.731951 70
0.379348 -1.34091 70
4.86383 0.615103 70
10.7857 -1.36857 70
-0.34881 10.8833 70
4.52928 -6.15366 70
0.442363 1.36716 70
4.43818 -1.27193 70
9.2189 0.718244 70
-1.01979 10.4499 70
3.55806 -1.30505 70
0.955122 -6.31521 70
-34.7065 9.92011 70
5.07062 6.30249 70
-0.0754677 -1.05406 70
11.3929 4.94209 70
10.3588 4.30307 70
-1.00598 -0.00655091 70
6.2181 -8.96519 70
4.05778 -1.41828 70
1.03514 -0.127024 70
6.23157 0.59448 70
-8.88741 0.223829 70
-1.33315 -0.542455 70
-0.500347 -1.35178 70
26.1165 30.5124 70
24.1413 28.5419 70
11.1762 -5.61355 70
0.464062 -5.9964 70
3.83537 -0.968042 70
-20.0193 -0.438095 70
3.94093 -10.8681 70
-14.7124 4.39143 70
-0.633711 -0.544053 70
0.475153 -0.667568 70
13.6352 -11.1155 70
-19.372 -59.2905 70
1.102 -0.786728 70
5.56721 -20.2453 70
0.213851 0.991859 70
0.731409 -9.74297 70
1.30502 -14.1254 70
21.3893 -14.6902 70
0.647502 -5.54635 70
-8.99596 5.50788 70
-0.367138 3.80361 70
1.21293 -0.298151 70
4.63667 -5.13793 70
-3.675 -4.23281 70
-0.762158 -0.602249 70
3.68512 10.0439 70
-9.50246 -1.44479 70
11.4731 1.33359 70
0.397512 0.360767 70
11.0521 -3.89977 70
20.6115 -0.0754338 70
-5.03822 -6.49987 70
55.6874 -40.6068 70
51.3945 20.0109 70
-24.2336 -0.149261 70
14.7651 3.95163 70
-4.54577 -10.8909 70
6.28842 -15.0481 70
15.2067 -4.10689 70
0.507643 -5.24585 70
-5.70953 -0.9844 70
10.2533 5.51242 70
-0.0392263 4.69848 70
6.30739 -6.13714 70
9.63166 0.245368 70
3.7687 5.06478 70
-6.13031 0.0972695 70
1.14809 -0.182943 70
-5.52142 -3.97674 70
-4.68751 -3.71395 70
16.42 4.94272 70
-1.24513 -0.0764695 70
-0.930515 -0.823233 70
-1.25656 1.06949 70
-15.7067 9.2587 70
5.19553 -0.541097 70
-1.34853 -0.878121 70
6.28457 -3.65762 70
6.37246 -5.40194 70
20.9023 -0.501454 70
-5.00684 0.851515 70
-0.137419 -6.28539 70
-1.33308 0.0522706 70
6.23252 5.46691 70
5.01277 4.82498 70
0.155688 0.570744 70
5.20487 4.7817 70
-3.98909 -3.95777 70
0.370277 1.06603 70
4.11449 0.66336 70
-0.266955 1.0898 70
0.756722 1.19409 70
0.405883 0.864865 70
-0.651431 1.47239 70
4.32031 -29.3701 70
9.65448 0.758502 70
-1.30871 0.470356 70
1.27306 -6.36179 70
-5.18874 -4.53711 70
-1.40086 0.639452 70
-0.478105 14.4372 70
5.25646 0.881659 70
-8.97995 8.75468 70
-0.940855 -4.425 70
4.95384 -0.644372 70
0.441804 1.36839 70
15.1499 -20.5596 70
1.36942 4.99178 70
-0.534538 0.457575 70
0.745922 -8.83416 70
0.138888 0.412674 70
-3.76587 -4.27809 70
5.26142 4.61257 70
0.771813 0.703173 70
5.64628 6.34441 70
-8.91671 15.2532 70
1.20441 0.915494 70
-3.97026 0.917254 70
-0.577858 -5.63041 70
-8.88141 9.65942 70
-0.566627 -0.097826 70
-1.43776 0.385755 70
-0.299576 -1.43312 70
-4.86467 5.57061 70
-14.0191 11.0979 70
5.50437 3.95028 70
0.760616 0.465859 70
0.29625 -1.44192 70
1.26684 0.616661 70
-6.44455 -4.18266 70
1.04276 -0.275382 70
-4.75812 13.5275 70
5.46685 -5.29223 70
-0.883348 -0.895355 70
1.47532 -9.77968 70
8.93919 -3.83443 70
5.90456 4.35985 70
-0.861781 0.218367 70
-1.32085 -5.70278 70
0.0918452 -5.0081 70
5.71892 -16.3273 70
4.85766 0.0225873 70
13.618 -0.965552 70
4.64812 1.38214 70
-0.482841 -1.36326 70
24.5865 -10.8896 70
1.46927 0.957047 70
1.40331 0.989796 70
-3.6147 -0.281089 70
-0.628403 -6.3127 70
4.98474 -9.7633 70
1.09203 0.57575 70
6.16396 -5.06157 70
0.0826607 3.55037 70
11.1049 -0.0460796 70
-6.21547 5.83792 70
1.42393 -4.72857 70
1.39149 0.835172 70
-0.842287 -0.433379 70
1.10763 -6.28196 70
0.126286 -5.83489 70
4.01547 -5.31476 70
6.28961 -1.29022 70
6.46722 0.245062 70
-14.6571 34.8695 70
5.67325 5.94883 70
5.10382 -4.62353 70
1.40728 -1.03489 70
-10.7478 30.0433 70
0.554332 -1.3911 70
9.6101 -5.16646 70
-4.398 -5.15634 70
-0.635182 -0.545495 70
-1.18716 0.348384 70
-1.18188 -0.501293 70
-1.40637 3.99884 70
1.27095 -6.09294 70
3.65651 21.0234 70
-6.3701 0.153296 70
4.82908 -0.747274 70
-1.10474 1.3811 70
-0.503869 0.242412 70
1.28853 -1.13323 70
4.30202 -4.02385 70
5.47776 0.780424 70
1.00455 -1.14549 70
-3.91055 4.71207 70
14.9374 -1.16449 70
0.95305 -0.816242 70
-4.47952 1.17431 70
56.0015 39.5149 70
4.3361 -4.44202 70
-1.25967 -15.0716 70
16.0307 -19.2057 70
4.11538 -11.318 70
4.25338 -10.8338 70
-8.95311 -8.8016 70
4.36873 6.32378 70
-1.21552 -3.78644 70
4.80176 0.649779 70
4.26477 -3.87315 70
4.69045 -0.9094 70
-10.8261 -14.6087 70
1.27182 -0.506005 70
-0.0492849 1.01538 70
1.46776 1.03975 70
-0.572354 -0.654896 70
0.84765 -0.761044 70
1.20844 -4.99815 70
0.845711 -4.9411 70
5.54229 5.0933 70
6.34361 0.958296 70
10.001 -4.21855 70
-5.02889 10.4291 70
5.77634 -0.0199919 70
-0.437221 -5.63599 70
6.12467 -1.30698 70
-9.65537 15.9597 70
-0.787193 0.939673 70
30.9702 -58.9029 70
0.356267 -0.243605 70
0.650908 -3.89705 70
1.13992 -0.604124 70
1.11535 4.39456 70
9.81261 -13.657 70
0.539071 -0.319164 70
4.72453 -4.79119 70
-4.37815 0.324836 70
5.91952 -0.056494 70
5.61609 -0.278848 70
5.54158 -1.3348 70
29.1641 -11.1218 70
-4.33617 -30.6441 70
13.9587 -23.8204 70
5.74265 -3.89619 70
4.17278 8.61458 70
0.365119 0.0826987 70
-0.6084 0.124561 70
5.51451 1.38163 70
-1.42519 1.1149 70
-0.311987 0.26076 70
1.17174 0.508389 70
4.43534 5.05757 70
4.44852 -5.14149 70
5.84746 -4.68653 70
-6.00796 24.5397 70
-4.93273 25.7946 70
-1.2495 1.37868 70
-4.56163 4.96576 70
18.545 11.3886 70
20.242 10.8171 70
-0.637469 -1.47421 70
1.39685 4.06933 70
3.93225 0.418536 70
-5.25012 -9.55245 70
6.10316 -1.29641 70
55.5962 -30.0101 70
-3.80384 0.703306 70
-3.81916 4.25347 70
-3.57374 0.228172 70
-5.17549 -6.14453 70
-5.99145 -5.26514 70
24.9906 4.31324 70
6.02128 3.97738 70
33.7239 46.0723 70
0.894199 -4.06053 70
45.6215 -18.7341 70
-0.785956 1.29643 70
-3.84151 -6.28376 70
3.50805 10.8564 70
15.9514 25.5289 70
-1.00569 -4.67571 70
-5.98047 -3.55495 70
6.39187 -0.944808 70
4.49308 0.856521 70
-1.29236 -1.30501 70
-1.25437 -5.43063 70
-1.28783 -1.25469 70
3.69543 -8.73738 70
5.63148 -1.12534 70
-20.2694 -20.5361 70
-15.1567 -38.9158 70
5.60065 4.39572 70
4.37168 -1.1356 70
0.755178 0.591842 70
-5.8564 -10.0051 70
5.26405 -0.389557 70
5.42251 -0.972625 70
-0.413896 -0.602336 70
5.51224 -6.49137 70
4.43663 0.639213 70
10.7468 0.47069 70
5.87973 -0.525677 70
5.93365 -0.880973 70
-3.76276 0.904829 70
3.52428 -4.70078 70
4.15061 -4.67457 70
1.12139 -3.75942 70
5.22241 0.366147 70
9.52859 -15.1613 70
4.05576 -0.921999 70
5.96843 -1.27522 70
0.313404 -10.9769 70
0.558973 0.951329 70
1.31515 -0.0888891 70
0.320663 -9.44509 70
3.84756 -5.21175 70
21.4724 -25.7648 70
5.05955 5.40909 70
0.853619 0.461735 70
-4.63188 -1.34289 70
3.98036 -10.746 70
4.64144 0.976385 70
-1.40614 -1.04117 70
4.86437 -3.73616 70
9.54147 10.0037 70
18.6454 -3.84742 70
1.08336 -0.801467 70
14.2967 -5.46301 70
0.669985 0.0775589 70
-1.27831 -0.530563 70
30.1072 -38.8342 70
5.98561 -5.28604 70
0.747152 0.118155 70
11.4908 -1.30804 70
-0.929328 5.92618 70
3.99999 -5.09573 70
1.16816 -5.75407 70
-0.930594 -9.92895 70
5.81237 0.929636 70
0.374718 1.18152 70
4.26493 -19.8219 70
5.23542 0.460938 70
-1.19311 0.909605 70
-3.53403 3.69299 70
0.868798 5.86004 70
-4.87084 3.57805 70
0.138801 0.868221 70
26.3109 5.45085 70
3.61342 0.0883897 70
-3.89121 -9.85658 70
9.50089 11.2508 70
-5.57384 11.2101 70
5.9438 5.84237 70
-45.7891 55.4925 70
-0.884986 4.65734 70
4.67701 9.0791 70
0.317451 -0.557966 70
-0.370234 -1.34671 70
-5.54902 -5.72235 70
4.67388 -0.527606 70
5.01794 -0.69051 70
3.57064 -0.653548 70
4.2846 1.42025 70
5.1963 15.1621 70
36.2543 4.93773 70
-5.27526 10.1333 70
-0.509566 0.813452 70
1.41334 -0.128418 70
1.108 1.01956 70
-3.62519 -0.70138 70
1.00012 0.202932 70
-6.22044 -0.463178 70
5.73798 4.30437 70
0.596483 -5.02844 70
0.357133 -6.48324 70
-1.06872 -0.421841 70
4.5835 1.04183 70
5.63124 -4.51255 70
0.374222 -5.67509 70
-0.39895 -0.253084 70
-0.432012 -0.445587 70
-0.958183 1.08466 70
0.371175 -4.44978 70
-0.76857 -5.88268 70
5.44557 -10.3301 70
-10.4887 53.7257 70
5.83348 -4.46489 70
14.0746 -13.825 70
0.70573 1.2118 70
4.39096 -4.90241 70
25.1334 -5.91167 70
-5.17692 -4.07707 70
-1.28524 -0.134001 70
-1.2365 6.49833 70
10.3865 0.69702 70
10.0685 -0.897784 70
-6.4323 3.73922 70
4.30957 0.917667 70
29.0877 -24.7057 70
0.0133779 -0.985756 70
-13.5263 -10.8356 70
-8.66005 29.1797 70
-35.8157 -15.1824 70
5.40429 -0.55287 70
9.80178 -0.180441 70
-1.2527 -0.132967 70
6.13752 -11.276 70
-0.0291064 -1.04027 70
10.5908 -6.07576 70
3.88182 -33.968 70
5.42741 -5.74911 70
-0.398953 0.489338 70
20.7971 4.91743 70
-40.7494 -33.5251 70
6.30289 0.450707 70
-0.0497669 -1.13395 70
5.7802 -3.80843 70
-23.8003 -3.80948 70
6.40962 -5.61203 70
25.7635 -15.3517 70
1.4298 6.19841 70
-0.805826 -1.37549 70
-8.5772 -21.1655 70
-0.0544139 6.06148 70
-4.58255 -5.78145 70
-18.9932 -10.83 70
1.20736 -0.522114 70
-0.24944 -0.466732 70
5.10331 5.481 70
-1.34085 -0.886147 70
-3.58281 10.0963 70
-45.946 -5.23146 70
6.17424 -1.49092 70
1.43519 -0.454445 70
5.65027 -0.112153 70
0.85757 -1.11265 70
6.02628 -1.2658 70
-0.562769 34.4636 70
4.17401 -1.30054 70
5.10601 -0.186998 70
0.0373295 -6.42864 70
11.3685 0.320467 70
-10.0507 -40.6044 70
