-6.489 -4.86053 70
-50.6953 -20.8114 70
5.66952 -5.45102 70
9.33865 4.602 70
-0.499491 -4.03458 70
6.2097 -0.575296 70
4.93601 -0.841943 70
1.35919 -10.6594 70
-6.1087 -18.5463 70
-6.42638 -4.59838 70
-0.231695 -19.607 70
5.9732 0.351924 70
4.48184 -3.54369 70
5.46923 -6.35296 70
1.21523 -0.6849 70
-0.331872 -4.2986 70
1.31608 -5.88936 70
-13.6613 11.0155 70
-3.55329 -4.00575 70
0.929867 -6.49065 70
5.85761 -4.01386 70
0.502578 6.35159 70
-6.11152 -1.17781 70
-0.894773 -0.892081 70
-44.9544 55.2904 70
23.9361 -4.00222 70
-0.698672 -3.9286 70
-4.1643 0.0517837 70
1.43724 -4.19804 70
3.89796 9.43952 70
0.786639 -4.24698 70
-4.59051 -4.20699 70
3.86056 -4.02943 70
6.09591 -4.1268 70
1.42143 -4.47314 70
-5.27713 -9.0308 70
-0.792564 -6.02631 70
9.52553 -6.03303 70
-6.24064 -4.8585 70
-15.1118 8.83839 70
6.38577 -13.5467 70
1.11387 -9.47592 70
-0.405463 -0.0948395 70
-3.74615 -9.19374 70
11.2811 -5.02221 70
24.1096 -13.8795 70
-6.30749 4.04973 70
0.186474 0.0167879 70
6.38736 -1.31162 70
5.22232 6.08877 70
-11.0616 9.00822 70
10.06 1.14763 70
-0.217888 -5.40637 70
6.36307 -0.172699 70
9.0245 -9.00168 70
5.43458 -3.52863 70
-8.84344 -3.82942 70
1.33319 -6.47392 70
8.98079 4.46727 70
-1.2513 -6.32717 70
-0.551831 -4.43984 70
13.6825 -25.2649 70
10.1104 -8.54961 70
0.896821 -15.5001 70
15.2467 0.398872 70
-1.43331 -1.4359 70
-1.16484 0.437379 70
-4.95595 5.938 70
-3.78243 5.97754 70
0.384582 -4.49337 70
-9.61642 -20.4569 70
4.83429 1.08873 70
-1.15167 -4.09342 70
9.03227 40.422 70
-14.1366 -10.5075 70
-1.36718 -4.80169 70
-18.8008 10.7952 70
5.48062 -0.982025 70
-0.393659 -0.977545 70
-1.0402 0.871086 70
9.19225 -5.36054 70
4.67319 -0.68736 70
1.18301 -5.52491 70
-9.42303 5.04621 70
-4.54627 -10.4315 70
-0.367071 -0.696721 70
11.4968 15.8846 70
-5.01947 -9.38682 70
-4.06312 -5.98642 70
-9.38411 0.289636 70
0.448817 15.282 70
-0.801268 5.80923 70
3.52329 -0.634768 70
-6.31987 -4.47392 70
15.2759 -20.4725 70
3.93768 0.925486 70
15.9117 -50.7824 70
9.87486 8.80297 70
11.1343 0.654978 70
5.54567 -6.03901 70
1.41085 -6.2688 70
5.13799 -6.02687 70
-0.731878 -15.6346 70
5.43399 0.309406 70
31.2515 5.0906 70
-0.992009 -11.3936 70
-1.01702 -4.69502 70
0.141139 -4.71775 70
-4.92361 -5.47084 70
-0.89428 -4.45384 70
-4.83431 -3.89718 70
5.96188 -0.978459 70
5.33557 -0.641774 70
-5.13528 -9.94441 70
-8.66441 10.1919 70
5.29939 -8.90746 70
-9.20949 -5.88535 70
6.25082 -4.27459 70
1.2866 -5.41567 70
55.3064 16.1725 70
0.431568 -10.3703 70
6.1811 0.649741 70
-41.2297 -18.5526 70
-11.3299 -4.26165 70
-5.08228 3.56113 70
-0.561768 -5.79137 70
-0.477961 -5.93628 70
0.70584 -6.22806 70
25.8785 11.2074 70
0.830023 -6.30089 70
-13.7318 45.6361 70
-0.811463 -0.12555 70
0.719734 0.829472 70
-4.88856 -4.63822 70
-3.97537 -4.86356 70
0.631938 -4.83447 70
0.22093 -6.38483 70
4.09927 -5.73729 70
-3.71335 4.49962 70
4.15765 -3.7787 70
-5.82785 -5.89038 70
-1.09914 -0.963823 70
0.726922 3.65023 70
-10.9444 -6.4465 70
-10.0574 -5.8793 70
-10.3768 -5.10795 70
-5.79615 0.577691 70
0.0882994 1.34056 70
-6.03649 -3.78503 70
-6.40047 -3.80935 70
5.7104 -8.52196 70
-5.97405 0.746372 70
-0.538677 -6.27795 70
-4.25263 0.847359 70
-0.446376 -5.19487 70
1.1457 -4.71378 70
0.51913 -0.793121 70
1.29024 0.873589 70
-0.853728 -0.794058 70
5.21137 -1.16104 70
-10.9852 -5.27347 70
-10.1003 -5.22296 70
35.9215 50.5372 70
5.1286 -4.24605 70
1.45914 -5.45751 70
9.39043 -8.59784 70
-3.64985 -5.21101 70
-4.86319 -4.73925 70
-9.67952 -0.249591 70
-9.75071 1.43935 70
4.24173 -11.0027 70
-1.27534 -6.32212 70
-0.366151 0.107679 70
-24.4007 -6.39368 70
-0.383925 5.57697 70
-9.78981 -5.24883 70
8.6363 4.89662 70
-3.77969 -4.36662 70
0.0914506 -0.31104 70
10.0021 -5.21754 70
5.82479 -3.89106 70
-4.49763 -4.4649 70
6.3254 -5.27666 70
9.25573 -1.0329 70
16.4611 -24.8685 70
-0.49164 -0.271865 70
9.43404 -10.0219 70
0.702633 0.80275 70
4.12758 -9.42539 70
-19.4292 33.7791 70
-4.8418 0.746006 70
-9.01097 -8.75353 70
5.47558 -1.45322 70
3.88614 -10.1806 70
3.52736 -10.6497 70
1.36681 6.28507 70
0.363513 -0.632346 70
-0.301891 -3.85378 70
9.21058 -9.10519 70
9.91197 -8.5042 70
-1.23003 -3.67743 70
-25.5647 14.0121 70
4.38161 -5.75244 70
-1.25935 -1.28735 70
5.40287 -11.3518 70
4.53278 -4.11739 70
0.666722 -5.78817 70
-0.517204 -9.01641 70
-0.744497 -0.225953 70
10.6086 16.2731 70
19.6464 -20.3955 70
-4.21867 10.0919 70
-0.501926 40.0365 70
14.2429 8.95903 70
14.8992 9.58334 70
4.65605 -4.82338 70
-6.00764 -1.22593 70
5.29476 -1.12762 70
6.21419 -0.897491 70
-6.22077 4.7253 70
29.8068 40.0971 70
1.29847 -5.02965 70
34.821 -38.5011 70
0.897268 0.645401 70
-0.450336 -0.218901 70
5.71269 -4.83444 70
0.926637 -16.3997 70
0.764871 -5.51727 70
0.306809 5.71261 70
-0.555825 -4.11501 70
0.622805 -8.57623 70
6.3795 14.9485 70
-5.17583 1.15486 70
-3.72752 -5.11144 70
5.10123 -4.35157 70
5.66582 -4.68892 70
4.14944 -0.206265 70
0.571353 -3.71192 70
-0.0885715 -0.462829 70
-4.94626 5.7325 70
-3.87035 -5.96173 70
0.268569 -3.54421 70
4.42238 -3.59319 70
-1.34354 -5.96387 70
11.438 3.77126 70
9.22577 -4.34121 70
5.12945 0.0468018 70
4.67435 4.75005 70
0.0154295 -13.7095 70
0.951795 -5.11357 70
-0.801395 15.2124 70
0.843989 -6.37153 70
-1.14801 0.287718 70
13.5583 -9.9348 70
9.38226 5.24247 70
1.36875 10.9024 70
1.25289 -3.7848 70
-6.11674 -39.6839 70
-4.79895 3.77272 70
14.4543 -13.9675 70
-1.11129 0.619397 70
-4.70683 -11.0423 70
-3.60583 0.738722 70
4.83329 0.286579 70
3.7457 3.89315 70
-13.6861 14.433 70
-16.3441 13.8712 70
-23.6665 -15.3378 70
-0.77613 1.30575 70
-21.4929 -11.4837 70
10.6181 5.00747 70
-5.60193 5.43607 70
20.2935 -41.4103 70
-0.78979 0.281964 70
21.4459 -40.5205 70
-9.45024 4.25719 70
3.71654 0.425992 70
5.60495 -1.41287 70
1.15351 -1.25688 70
-4.16349 -0.269059 70
-0.950765 -4.96531 70
0.374587 1.23038 70
15.314 -10.4651 70
4.57549 1.07336 70
-3.55698 0.62912 70
-5.71392 0.459832 70
1.2168 -0.224508 70
3.86031 -0.698507 70
-9.30784 0.796636 70
-8.62065 4.15823 70
-9.25246 5.61036 70
-0.585757 -5.38773 70
4.44952 4.32886 70
3.70886 8.50707 70
1.42156 -15.8679 70
-1.29905 -15.386 70
-0.0944296 -6.45333 70
4.83459 -4.18747 70
0.815587 -9.39057 70
0.555837 0.221513 70
0.0821561 -0.984876 70
-44.9206 13.5147 70
-4.06996 4.00552 70
-4.03259 -4.37224 70
5.31345 -5.53451 70
4.36547 -4.20087 70
0.463475 -1.00362 70
-0.996688 -6.15418 70
-4.00392 -3.77861 70
0.900831 5.5437 70
-0.730401 14.8039 70
0.895089 1.08318 70
6.14285 -5.80712 70
-0.0478658 1.05031 70
-0.149517 -0.0228744 70
4.70366 -29.1165 70
-0.722035 -1.27585 70
0.03747 1.23377 70
-10.6911 -4.39695 70
-5.17147 1.39365 70
1.00358 -10.9076 70
-0.7227 -1.22694 70
-9.42834 4.35576 70
1.14635 -4.22442 70
-1.19256 -3.66588 70
0.663149 -5.95161 70
-4.0307 -11.4874 70
-5.41883 0.278902 70
0.552512 0.401436 70
0.407832 -5.31034 70
1.02045 -9.53989 70
5.37875 -4.1197 70
-4.39263 0.118949 70
-4.26366 -25.6458 70
1.22719 1.49521 70
-0.954524 4.85461 70
-20.1715 4.74736 70
15.7196 -0.986626 70
30.4741 -54.3348 70
9.23082 -5.32732 70
-5.3415 -5.75979 70
-0.637967 -10.6731 70
-10.4648 -5.777 70
-11.1891 -5.69828 70
4.23252 -23.5011 70
-6.17889 -11.2674 70
-4.13829 -9.16181 70
-6.22363 4.24165 70
11.3808 -1.26356 70
3.94788 8.57532 70
0.494943 -15.0533 70
-6.31918 0.301882 70
9.65239 -15.9542 70
1.18205 -0.986884 70
0.126665 -4.7193 70
-3.77423 -3.91428 70
1.31461 -1.07532 70
-6.35351 -13.7843 70
0.122441 0.484924 70
5.10146 -13.561 70
5.681 9.5203 70
5.95406 1.46604 70
1.47622 -15.5542 70
0.823576 0.595649 70
0.723393 -1.39409 70
20.3187 -14.7982 70
0.945111 -3.60316 70
1.13503 -3.67857 70
-0.700888 0.647835 70
1.13137 5.02621 70
4.94284 -5.65757 70
-0.313274 4.16805 70
-5.76292 -8.66828 70
1.27167 0.982502 70
0.865638 24.7181 70
3.90301 24.4964 70
-6.1024 0.848506 70
-5.85666 -0.621517 70
-4.85883 -0.604226 70
3.6073 1.09202 70
0.237084 -0.198373 70
4.68284 -0.378534 70
4.26421 -5.11399 70
-1.34416 -0.839403 70
-1.15059 -0.459979 70
-9.36824 1.35322 70
-1.0093 1.39615 70
40.2482 -26.4603 70
6.12165 -1.36798 70
-1.01703 -1.28773 70
-30.463 14.9464 70
3.86747 -5.84644 70
0.607909 -5.84096 70
14.8911 -8.71566 70
11.0163 28.6289 70
9.05978 29.1515 70
-5.89757 -3.77942 70
0.597788 0.293036 70
-4.38292 -4.16528 70
-3.60151 -4.46242 70
4.09412 -0.0440467 70
-0.6662 0.328614 70
0.730687 0.380943 70
-20.0979 -4.24699 70
-0.269768 0.913173 70
1.42757 0.580488 70
-0.182852 -3.75138 70
-6.14007 8.89599 70
-0.412786 1.44952 70
-10.8659 -9.94719 70
0.471452 -3.92593 70
-9.14969 3.52086 70
-5.52604 -4.87514 70
-5.71437 4.93606 70
-10.9133 -3.66242 70
-0.818257 -4.85693 70
4.21631 -5.57601 70
-6.10089 5.28686 70
-1.04346 -5.81182 70
-0.000770204 -0.764502 70
-10.3008 -10.6489 70
34.4694 -15.5763 70
1.27766 -6.29745 70
4.23218 -1.00954 70
6.4301 0.164275 70
-6.14917 -8.81124 70
-0.347056 -0.139018 70
3.8092 -9.75213 70
-20.005 -9.37684 70
-3.79802 -0.728622 70
-5.01505 -28.9223 70
1.04415 -5.96153 70
10.3717 -4.62093 70
-5.60696 -8.57707 70
15.0858 -0.834341 70
6.16639 -5.01155 70
-14.9396 5.35532 70
-6.10382 0.515525 70
-21.3984 5.16661 70
-10.3914 9.14209 70
14.0924 -46.2352 70
-35.7217 -15.6516 70
-4.84776 -9.88421 70
-4.90249 -0.255989 70
-0.877375 -5.45555 70
0.669578 -6.44298 70
-8.88865 -9.99746 70
-4.98371 0.0217285 70
-1.25501 1.14013 70
-0.497061 0.786075 70
-1.29875 1.45511 70
1.42052 -6.31968 70
4.98297 -3.53217 70
4.27761 -4.55617 70
1.26294 0.119405 70
49.208 54.1212 70
4.59619 1.4292 70
6.33027 0.768465 70
-1.25621 -6.47615 70
0.0900542 -0.438995 70
-6.47212 -9.65364 70
-45.7362 15.1451 70
10.6386 -1.07821 70
61.2879 26.4895 70
6.00254 -16.0648 70
4.76259 15.2247 70
-0.310849 -4.49839 70
0.532374 1.4023 70
3.90438 0.647473 70
1.4837 -9.13954 70
15.915 -4.57061 70
-1.48396 1.30356 70
5.94218 -1.02936 70
-4.11056 -21.0857 70
-3.72734 -11.3171 70
0.929953 -1.05933 70
15.9329 -1.0199 70
-0.135036 0.508791 70
21.121 -0.726818 70
-3.75453 -0.740144 70
-1.33709 14.2048 70
-5.12424 -4.02135 70
-4.00651 -6.09551 70
-49.3239 10.5742 70
6.02224 4.92284 70
-4.4292 -1.19533 70
4.26338 -13.6914 70
-1.05199 -3.80054 70
4.80324 1.3754 70
-44.9159 21.3554 70
-0.929706 0.893691 70
-4.15432 9.4945 70
-0.45659 -6.40724 70
0.477495 -1.42864 70
-1.46111 -4.83565 70
-1.25589 -5.70743 70
-0.625173 -6.11195 70
1.46817 -5.23058 70
-0.0211175 -0.927738 70
-1.39812 0.0183291 70
-10.9417 26.2186 70
-3.92261 0.207747 70
-19.4557 -5.84849 70
-20.6243 -5.79571 70
-20.3744 -6.40129 70
-0.245318 -4.41673 70
1.06931 -4.9966 70
5.72308 11.2003 70
11.1809 -0.0631545 70
-11.2688 -11.3603 70
9.4699 6.49914 70
-1.1799 -1.02453 70
1.00016 1.49012 70
10.8121 0.890955 70
-6.30105 -4.64605 70
1.46963 -6.33865 70
-5.88417 -35.9742 70
0.477099 -5.52216 70
6.01339 0.692168 70
-11.2367 0.272159 70
13.6389 -20.179 70
-0.184407 3.80474 70
-1.38121 -6.21787 70
58.9625 -3.89554 70
-5.19807 -6.35465 70
-1.11186 -0.100682 70
40.1203 -44.7419 70
5.4255 0.104306 70
5.91024 0.700012 70
-3.52513 6.2776 70
-1.10054 -1.10675 70
-0.0536841 4.00465 70
4.90018 1.48876 70
0.371814 -9.60984 70
4.00507 -4.11524 70
-10.2403 10.1269 70
-5.51878 -0.442986 70
-0.937554 -3.83794 70
-0.0797425 0.339891 70
11.4006 4.93739 70
1.39086 0.74077 70
10.1955 -9.5755 70
4.78872 1.49085 70
-0.936649 -6.12003 70
-0.338322 0.0685801 70
-4.62522 -11.4033 70
6.39442 1.08672 70
5.32044 -8.85315 70
10.1909 0.774534 70
0.44239 0.935506 70
-1.26876 0.992088 70
-6.45303 1.20817 70
-10.3622 0.0365229 70
-4.33063 -4.0573 70
5.36257 -10.6058 70
23.5218 -10.0556 70
-19.1394 5.39692 70
5.71532 -5.01787 70
4.03644 -3.76301 70
6.07459 0.273295 70
5.32147 -0.398103 70
1.30168 -10.4323 70
1.02219 -1.02877 70
4.81638 -4.73988 70
3.84922 -19.5035 70
4.75324 4.87775 70
4.06172 -3.62055 70
-3.5493 29.8695 70
4.03841 -4.19432 70
5.0698 -23.9498 70
-0.48452 -4.06851 70
-0.175251 0.598938 70
11.0667 -6.31729 70
-20.6226 -11.3182 70
3.67985 -6.3342 70
10.7378 -4.48542 70
1.03789 -3.5166 70
-26.406 -16.4106 70
1.1745 0.995753 70
-0.456285 1.28864 70
5.96257 -10.4851 70
-4.9899 4.79051 70
3.80924 -1.34758 70
1.37731 1.02563 70
3.77652 -0.591611 70
-0.855269 -0.160467 70
0.656679 -5.31053 70
4.27596 0.873886 70
-0.400924 -10.7807 70
-0.884254 -5.28344 70
-3.99243 -3.85473 70
0.903966 1.00121 70
-25.9029 -4.69253 70
-4.93583 -0.745915 70
-40.6977 21.3968 70
-5.84712 -3.99707 70
-4.19193 -5.76649 70
-0.826003 -4.33902 70
-10.5507 -0.500032 70
9.29034 -13.9333 70
4.08277 -3.83874 70
-20.0057 4.39256 70
-16.1863 -21.1977 70
-15.6007 -20.1558 70
1.37319 -0.471264 70
1.12708 -1.33708 70
3.66666 -0.750644 70
4.82019 -5.46923 70
-0.156053 -0.213688 70
-10.7266 9.23217 70
-9.48647 11.2714 70
4.8813 -3.96153 70
1.02911 -0.452444 70
-28.6266 11.4273 70
-9.67913 14.4915 70
-1.24992 -0.159086 70
-50.1078 11.0257 70
-4.8593 -5.7278 70
-5.44429 -5.41296 70
5.18179 0.554374 70
-5.40585 9.29543 70
-5.84559 1.01488 70
-3.55738 -0.329034 70
1.45953 -1.27345 70
-0.836087 -4.09878 70
3.89314 14.9626 70
3.82251 15.7239 70
-1.03403 -15.4837 70
3.85891 -18.7593 70
4.74711 -19.6418 70
-6.24455 0.312336 70
1.04453 -0.982313 70
0.242708 -1.0293 70
13.6542 4.77727 70
3.87389 -14.1919 70
-0.721733 3.72842 70
-20.5402 16.4595 70
9.56087 -9.13909 70
-0.124773 -8.77463 70
10.5662 5.06082 70
0.146915 0.448691 70
1.18417 1.14013 70
-4.64818 -1.05057 70
-5.73203 -0.802998 70
11.0142 -10.2376 70
5.78878 10.4812 70
-0.310982 -5.70455 70
0.619495 -0.278363 70
1.11494 0.786838 70
0.209352 -3.53188 70
-4.85776 0.467892 70
15.8242 -0.802524 70
0.862646 -6.35843 70
1.19233 -3.85739 70
1.42345 -10.0965 70
0.497739 1.00812 70
5.44569 6.43914 70
-5.6525 -6.45736 70
0.291268 -0.304661 70
14.9267 9.26063 70
13.8576 9.12791 70
5.77803 -6.16636 70
0.784181 -0.847655 70
5.10209 -0.715601 70
-10.6321 4.68385 70
-1.24681 0.86656 70
-0.357129 -6.17965 70
3.86423 -24.0153 70
0.359205 1.42344 70
-5.7377 1.32605 70
-4.19875 -6.2655 70
-0.0617106 1.16358 70
-0.956737 -1.12611 70
-1.31786 -11.3229 70
-0.357838 -10.4027 70
-20.2372 15.4078 70
-0.57607 -8.90236 70
-0.0400967 0.300735 70
-5.79641 4.52418 70
-0.986837 -6.06069 70
-5.77327 -0.885512 70
1.49475 -1.20266 70
-1.3389 0.872144 70
4.70149 -13.5449 70
15.2507 -10.8968 70
-0.62356 -4.4209 70
10.253 54.7818 70
11.0943 55.6733 70
-60.6407 54.0218 70
-25.0963 -0.839482 70
1.28161 -4.75051 70
6.42984 -3.91326 70
0.301552 4.42724 70
3.98655 0.51676 70
-4.31671 -4.98033 70
1.49076 -0.859794 70
-0.961442 0.00482092 70
0.747095 -1.00556 70
6.36453 -9.57407 70
-5.45569 -0.545141 70
-10.2075 -0.678683 70
-1.27153 -1.42328 70
11.1384 4.78651 70
-4.82946 -4.21513 70
3.92702 -15.8107 70
-9.92488 1.37964 70
0.0255719 0.295039 70
-8.60723 -5.86241 70
-3.51952 -5.32215 70
0.485294 -0.976891 70
-4.91283 11.0194 70
39.0664 -29.8807 70
-1.26824 10.6715 70
-0.807877 -0.448029 70
1.31896 -0.442721 70
9.19694 15.6843 70
0.676844 -5.51639 70
-0.614389 0.683157 70
0.270221 -3.87978 70
-6.02489 1.00299 70
-14.4584 11.4099 70
0.231821 0.121693 70
-0.779246 -5.61881 70
-10.5294 -26.1037 70
-0.510932 -1.33746 70
4.96477 -4.10272 70
0.772314 -5.81444 70
-0.490216 -0.985566 70
4.28044 -10.6326 70
3.69002 -5.09534 70
-0.281143 1.22733 70
-0.638662 -3.73494 70
4.3536 6.05459 70
-4.23952 9.83149 70
5.95548 -5.38029 70
4.88284 -11.4162 70
-0.46029 1.39532 70
-5.31211 -9.16624 70
0.216993 -4.70791 70
0.201587 -1.19129 70
35.5889 0.517033 70
0.707874 -4.47991 70
-0.816875 -5.08401 70
0.63097 -11.308 70
-1.27872 -11.2841 70
-14.8401 0.429771 70
1.31204 28.5324 70
6.253 0.598917 70
-1.15896 -3.64501 70
0.631523 -1.38173 70
-1.06805 -5.11603 70
-1.222 -6.00604 70
-15.4407 9.84884 70
-4.82349 5.87946 70
1.20167 0.298218 70
0.0805556 -1.08125 70
5.78273 5.30295 70
0.338563 0.198808 70
-5.05269 -5.90828 70
28.5621 -15.8531 70
-6.27277 9.78668 70
-5.81992 -4.76826 70
-0.924026 1.21284 70
5.85911 -5.54103 70
3.89358 -4.56614 70
-0.845978 -1.25346 70
4.25697 -11.22 70
1.28739 -6.04117 70
34.528 -16.403 70
-0.840545 -5.86266 70
0.822841 -4.2706 70
-5.50814 -3.96672 70
3.9287 -0.0870841 70
-0.265185 0.611332 70
-0.568621 1.26037 70
-9.60299 5.31639 70
0.945897 -10.7796 70
9.2714 -1.34547 70
0.0902149 1.06584 70
-5.1528 0.347886 70
-5.46935 -0.484691 70
1.20872 -4.54542 70
-1.3531 -4.11162 70
-1.10908 -4.37141 70
1.25057 -0.64381 70
3.75299 -3.67072 70
14.7122 13.6499 70
5.21377 15.3544 70
10.7556 -4.67247 70
-5.6704 -8.94002 70
-1.14432 -4.14341 70
14.0613 -49.959 70
0.909537 -9.18427 70
-24.5571 -24.6794 70
-4.27698 1.32247 70
-4.15741 -1.42884 70
4.92995 -16.1025 70
-5.02157 -4.78375 70
-1.23095 -1.22234 70
4.55291 -0.839432 70
14.1047 1.03233 70
-1.37224 -1.44969 70
4.1559 -8.71208 70
0.150833 -5.18886 70
0.0490344 -3.79569 70
-5.70057 1.36085 70
14.1271 -0.894876 70
5.00158 43.8348 70
-3.79917 -0.975354 70
26.2744 15.5415 70
5.55923 3.58705 70
-3.8594 5.38851 70
6.04721 -5.14931 70
3.79405 -3.82484 70
-5.07128 -11.3858 70
-1.39501 -0.511134 70
-24.057 4.8653 70
-1.06602 -1.39712 70
14.3039 -5.03058 70
0.666349 -3.65882 70
-5.24757 -31.3585 70
-0.797766 4.56881 70
4.02354 -14.2143 70
-0.83462 -0.519325 70
-20.76 -18.5095 70
-0.279719 -0.041892 70
0.529251 -0.653931 70
0.640076 0.772055 70
8.61955 -0.475134 70
-0.568722 -10.3064 70
-0.300801 0.106523 70
-0.00208315 -4.10559 70
-4.82056 -4.9492 70
8.74626 -9.42731 70
0.286288 -0.563286 70
-0.312588 -10.4181 70
-1.15572 -9.15699 70
-5.61313 -1.47632 70
0.747917 -0.316659 70
5.98205 -4.78484 70
-0.146324 1.32863 70
-0.426637 -0.148271 70
-0.550336 -8.83226 70
-0.928614 -6.41062 70
-0.33246 1.43724 70
35.0685 -10.202 70
0.945043 0.361039 70
-6.01458 5.78872 70
-0.616459 -1.26873 70
0.326393 -0.759833 70
0.191885 -6.10968 70
4.13194 -6.21095 70
-6.46754 0.5064 70
-0.0606902 -9.72663 70
0.887804 -1.44171 70
0.0232519 10.8038 70
-1.06821 -6.33515 70
-0.136674 -4.2057 70
19.8477 -8.5909 70
0.454779 -3.91685 70
-13.9514 1.31566 70
5.38589 -0.137964 70
-0.0363894 -0.00819609 70
-6.46976 -4.12709 70
-9.45242 -3.54199 70
-5.1852 -0.454297 70
1.16293 -6.48613 70
-10.4183 -6.36507 70
-4.60573 -16.0194 70
-19.2067 -19.3066 70
5.68238 0.396406 70
-4.90877 0.563493 70
-0.677193 -6.18374 70
-9.15251 -9.53581 70
-5.76722 -4.47706 70
-0.819625 0.198423 70
-5.97483 1.38653 70
-0.142562 -5.61272 70
-0.208809 -5.95164 70
13.9957 -20.304 70
1.4309 -4.89544 70
-11.0737 31.4979 70
0.133427 13.5424 70
5.32011 -3.69436 70
0.151919 -4.93605 70
0.530432 -0.464299 70
-5.19721 -5.9813 70
-6.19954 -3.98863 70
-5.67114 3.61491 70
-6.38099 4.53087 70
-3.50514 0.071903 70
0.016575 -1.27094 70
11.2659 -0.189255 70
-1.2141 0.204645 70
10.5937 0.600574 70
-4.58082 -10.8937 70
-9.23214 11.2409 70
0.318022 -0.823731 70
0.495995 -5.76693 70
0.983152 -5.71459 70
5.24339 -29.1322 70
8.84136 -10.7844 70
1.07912 -1.21924 70
0.623552 -10.1269 70
-0.361586 20.2584 70
5.05723 0.125155 70
-3.67313 -18.7998 70
5.18561 1.27477 70
-3.80221 24.4396 70
-0.791879 13.901 70
-5.65649 -15.8315 70
28.5041 33.5764 70
-1.24507 -0.0521579 70
5.37106 -9.56727 70
-10.8527 -4.7044 70
-1.33892 -0.17798 70
4.36494 -1.27009 70
5.61795 0.825089 70
1.19291 -5.5229 70
-4.93587 -5.51447 70
-4.32846 -0.677514 70
-1.074 1.3441 70
-1.35157 -3.73495 70
-4.61922 -10.6731 70
-0.903128 -3.52991 70
-3.73232 -3.68971 70
-5.0139 -1.22024 70
-0.920805 0.230031 70
-10.4801 -0.186616 70
-6.43731 -8.71014 70
-6.19852 -10.1534 70
-3.72784 1.12406 70
43.7773 -5.72685 70
-5.58964 -9.0455 70
9.59504 -1.11422 70
1.38921 1.16363 70
0.828771 -4.733 70
1.36271 6.23756 70
9.34143 -8.74536 70
-0.755912 0.767894 70
18.5905 -14.2516 70
-3.65711 -20.6256 70
-1.07181 0.109855 70
0.529503 1.20395 70
-15.9844 -0.198006 70
-19.5332 -5.17125 70
-0.417376 -4.61317 70
-9.4561 -14.3582 70
-4.3268 -1.19132 70
43.8538 21.047 70
44.1781 21.3148 70
0.449657 -23.5993 70
-6.10229 -4.85585 70
-5.14174 -6.23576 70
10.9465 -1.47335 70
-0.10868 -3.92634 70
-5.55567 1.1105 70
-6.01497 -5.03349 70
30.8695 54.553 70
4.5989 -4.24231 70
33.7412 25.4124 70
28.6134 0.476707 70
-0.218858 0.029741 70
11.0753 -13.6536 70
-10.6127 -15.6748 70
-0.945853 -0.118635 70
0.398785 -9.92078 70
-0.0503488 -0.305072 70
5.12183 -5.60207 70
0.27585 -0.600618 70
-0.157939 -0.0867813 70
-3.90036 -1.23901 70
14.423 0.397529 70
-0.668065 -14.2072 70
-19.2659 29.1701 70
-1.39302 4.37332 70
0.753581 -5.4329 70
-5.65289 -5.39778 70
1.07363 -6.02796 70
-10.061 6.10214 70
4.62389 -5.50469 70
-1.2144 -0.626163 70
0.427399 -4.09424 70
5.43449 -5.07509 70
-0.962202 1.42643 70
0.504161 0.510488 70
-6.2742 -1.35439 70
-0.357796 1.30011 70
-1.2808 0.789276 70
4.831 3.93559 70
-0.568149 -5.35051 70
-4.48117 4.37908 70
0.0922354 -1.03408 70
6.42692 -1.25625 70
4.45328 -13.6691 70
10.5319 9.66287 70
-3.76545 -11.3214 70
-0.421164 -5.88392 70
0.321119 0.960028 70
-4.82316 -6.20795 70
-0.39355 -4.26246 70
5.65703 -4.00073 70
-1.42395 0.549671 70
0.368004 -5.55174 70
-15.2171 6.40857 70
1.27315 -5.17115 70
-15.221 4.76549 70
-4.91143 -8.78962 70
9.61098 -19.7858 70
1.34131 4.3483 70
0.457892 -5.69583 70
3.67173 -0.685039 70
4.84787 -5.46716 70
8.95594 -14.0819 70
1.31729 -4.88431 70
-5.37198 4.20477 70
0.148806 -1.05343 70
0.150024 -3.67866 70
-0.474327 5.39306 70
4.18659 -4.03261 70
-0.887944 1.32523 70
0.514169 -5.75408 70
-15.693 -4.47964 70
-9.26986 -4.49544 70
-8.87319 4.51567 70
0.708523 -0.213628 70
1.12834 1.38483 70
3.59 -4.52422 70
-0.413909 -3.90939 70
-0.613952 0.0874275 70
16.2114 -1.06652 70
0.014584 -0.400701 70
1.19994 -0.504038 70
0.229437 -9.35622 70
0.784528 -0.780019 70
-1.44657 3.95218 70
4.16725 -19.4754 70
53.8673 -1.40456 70
-14.955 9.03801 70
-5.35422 0.310459 70
-0.136631 -6.13474 70
6.01437 -0.865479 70
5.35048 -6.15322 70
1.31237 0.0453569 70
-6.33886 -4.00545 70
-10.8438 11.4735 70
13.7341 6.4736 70
0.616729 -5.56126 70
1.33868 -6.24223 70
6.21704 4.42917 70
0.237464 -3.82833 70
-20.585 -10.2487 70
-1.20965 -9.19828 70
0.756987 -9.96223 70
0.996568 -0.478156 70
-1.35462 -1.39598 70
3.70468 -10.7684 70
-0.597178 0.743103 70
-1.01056 3.75995 70
0.390778 0.362092 70
-0.478514 -3.68275 70
-5.30031 -4.75825 70
0.58253 -3.75886 70
-1.35264 -5.12818 70
-3.61538 -6.02955 70
19.4548 11.2607 70
1.41204 0.0166945 70
-0.934369 -0.0713055 70
0.890498 0.822286 70
-5.51946 -15.6697 70
-0.0987585 -4.24471 70
9.39194 -0.408424 70
