1.09098 -0.422947 70
1.18764 -5.87838 70
6.2466 -4.77391 70
19.5178 3.96801 70
4.81869 0.250083 70
4.84436 -1.37363 70
-3.72103 -0.469923 70
-0.488148 -5.69369 70
-1.17883 -0.597727 70
-1.2199 -0.907962 70
-0.044704 -1.22358 70
5.81785 0.967627 70
-0.176911 -0.636513 70
-3.98527 0.310151 70
-0.787233 5.62972 70
0.220512 -3.67446 70
-4.30548 -4.5016 70
4.52806 0.304494 70
-1.00836 -18.867 70
-15.8367 -14.668 70
-0.436486 -1.26237 70
-10.2283 -14.0541 70
19.7333 -30.8143 70
0.593055 11.2494 70
9.83929 54.9056 70
-9.51434 11.3139 70
5.99849 3.64321 70
5.91098 9.54997 70
0.270761 3.99124 70
-49.0494 -24.1485 70
-5.76392 1.40547 70
-1.24652 -0.271733 70
-1.21326 -6.20902 70
-1.09841 -0.626827 70
-1.25014 1.23463 70
-6.48951 9.97357 70
0.56742 -15.2394 70
-41.2323 -60.9984 70
-3.81795 -4.71564 70
0.840866 0.0756931 70
-11.0528 29.7079 70
0.801359 -0.43221 70
0.881277 1.32542 70
6.02415 -10.3048 70
5.49581 -8.89228 70
3.90936 -1.26436 70
-0.348714 3.87668 70
-10.4834 0.328723 70
-20.6554 -19.1201 70
-1.07746 5.67621 70
9.19817 -4.97812 70
-4.58534 1.48125 70
30.621 -36.0858 70
-1.18158 -0.8117 70
10.4154 0.179269 70
0.654364 -1.31357 70
6.29308 -0.409727 70
1.0154 -6.36431 70
0.692071 -6.07914 70
-0.808171 0.306033 70
-18.8771 -9.57968 70
-25.7423 8.75022 70
29.8378 30.6953 70
4.06707 -3.57544 70
0.285666 1.44251 70
-8.53344 15.5952 70
21.3116 -14.7341 70
1.09293 -0.867047 70
11.1194 4.29567 70
-3.55174 -14.5274 70
-15.2794 -35.6302 70
0.684965 1.32182 70
1.13851 11.2693 70
0.753668 -4.60246 70
-0.84974 0.62705 70
3.81645 -16.1563 70
4.68674 9.82572 70
-0.779526 0.321157 70
-4.57141 -6.27865 70
0.999522 4.68481 70
10.2178 -3.69978 70
-3.8558 4.93584 70
20.7914 0.770764 70
-0.0741559 0.593639 70
0.01965 1.05021 70
4.53718 -5.48029 70
-0.00590319 -0.0157471 70
1.27675 0.964873 70
-0.787326 -1.32092 70
-3.583 -0.743799 70
0.49964 0.17213 70
5.74401 25.5055 70
-19.7997 -4.01541 70
-0.19047 20.2887 70
-5.6417 -8.78382 70
4.74134 -0.0441389 70
-1.41034 0.65228 70
-5.88062 1.07341 70
-0.146853 -0.562245 70
4.81756 0.862915 70
3.92895 -10.6859 70
-5.54164 -0.117101 70
6.05875 -4.68302 70
0.391389 6.26955 70
5.12234 -5.45544 70
-5.88832 -1.42584 70
36.1284 18.6705 70
0.743077 1.05661 70
0.121509 -0.41611 70
1.49991 -4.89653 70
0.96861 -20.3448 70
1.10824 -14.247 70
1.02876 0.0745615 70
-11.0455 5.99209 70
24.6634 -45.7716 70
44.4325 -5.20645 70
11.2693 8.56929 70
20.0244 -60.7423 70
3.51619 4.91707 70
5.70528 4.09394 70
0.428385 6.32557 70
-1.45349 -5.96129 70
-6.26513 4.30175 70
-15.4445 -10.7297 70
6.16102 4.09302 70
15.6396 -6.3383 70
10.8431 -18.5217 70
0.387354 1.28599 70
0.886798 0.140109 70
3.71995 9.83714 70
1.09124 -0.969482 70
4.56948 -1.30521 70
-5.91083 -19.365 70
1.38698 0.983492 70
-5.24572 1.49383 70
-1.3318 5.89735 70
1.32166 5.89183 70
10.8717 20.0398 70
-5.10325 -1.33555 70
-0.50229 -21.0112 70
1.43252 1.38379 70
0.951802 0.0032593 70
10.0932 15.4688 70
1.45341 1.30916 70
-1.13425 -4.04326 70
-1.00993 9.40337 70
18.8457 -16.2086 70
20.8377 6.46458 70
-36.16 -23.6874 70
1.31216 -0.805235 70
0.238901 0.622538 70
-0.351891 -0.673978 70
-3.72749 4.94718 70
-0.750942 -1.17959 70
1.21271 -1.23504 70
11.0771 -0.231159 70
0.564109 -5.054 70
-0.774369 -1.10734 70
-4.83763 9.86253 70
-6.21262 -9.82605 70
-0.381667 5.93506 70
4.5985 -0.673986 70
-4.47321 6.37833 70
1.36313 1.21682 70
4.38703 -6.00293 70
9.57691 -0.51948 70
-33.6748 13.5884 70
-36.292 14.0029 70
1.275 4.16692 70
5.85458 -1.3836 70
-0.101706 3.79741 70
0.221035 4.13595 70
-1.15012 -1.0871 70
-1.43444 6.08492 70
-1.49033 1.1364 70
-0.947157 -1.29256 70
-10.7172 5.1389 70
1.27361 -5.63411 70
-55.3057 13.6797 70
0.766321 -16.1501 70
0.376893 -16.2022 70
0.838445 -6.48766 70
23.6177 29.5075 70
9.38116 -5.73486 70
5.59436 5.66486 70
-1.2754 0.323517 70
-14.0574 -5.71198 70
-20.2566 0.880079 70
10.1246 -3.72838 70
0.824309 -4.87088 70
5.41246 -16.4151 70
0.40196 4.31382 70
-1.38274 11.0561 70
1.16008 0.224675 70
5.5623 -1.18278 70
-0.0197899 11.4279 70
-15.9534 -4.28763 70
-10.0484 -5.77965 70
-0.191444 6.29551 70
-1.16773 0.117377 70
15.6496 10.0966 70
-5.94313 -3.97213 70
6.40345 -8.81583 70
-14.1035 -6.20208 70
-1.15712 -0.0422366 70
6.39599 -0.348159 70
10.424 -5.44762 70
40.6508 -35.5872 70
4.26093 6.08343 70
5.16095 1.40392 70
5.55643 -0.778418 70
3.59513 -5.62513 70
5.17636 -3.95175 70
25.7521 -13.8806 70
25.7029 -18.7164 70
-26.2754 -23.7163 70
-24.1676 -25.8802 70
-21.4204 30.4763 70
1.44501 -1.05963 70
16.3627 5.34675 70
6.13969 0.98459 70
4.32605 0.40665 70
0.773647 -0.835154 70
-0.307951 0.168077 70
-5.72116 -1.09449 70
6.34898 -0.614437 70
3.51806 10.1619 70
5.16184 10.2818 70
0.244275 3.86539 70
1.46741 -0.512361 70
0.205002 -1.07782 70
-11.0464 3.68053 70
5.23836 0.60601 70
-1.45367 4.82546 70
45.5807 -40.4269 70
11.3181 -5.30382 70
4.25722 9.28655 70
-13.571 -0.852376 70
6.33147 1.22461 70
1.01658 1.46035 70
5.60608 4.49643 70
4.80595 -0.117354 70
0.216445 -0.177281 70
-9.8662 -0.220696 70
-6.30798 -4.5742 70
-1.18081 0.934944 70
16.1675 -1.39212 70
8.5534 15.8962 70
-1.48105 0.0651478 70
-0.779412 1.02792 70
3.69362 -5.51559 70
-4.90809 -9.82397 70
8.67292 -0.379337 70
14.7674 -5.55887 70
13.5884 -4.64122 70
-4.77503 0.447172 70
-1.0488 -3.98104 70
-1.22817 0.901807 70
4.95853 -0.911916 70
-4.53375 -5.09286 70
30.0984 55.5793 70
0.594365 -4.56828 70
-0.507185 24.7211 70
-1.3271 -19.828 70
1.18088 -0.928124 70
1.28034 -1.37994 70
-5.86526 0.465005 70
18.7149 24.8877 70
5.83282 -1.09847 70
1.41185 -0.33516 70
5.21325 -4.73671 70
-5.23826 -4.53238 70
6.4102 0.162434 70
-10.0659 -10.7526 70
0.567114 1.47213 70
-1.42437 1.17062 70
-0.365762 -0.341556 70
4.96841 0.694593 70
-6.17585 4.9384 70
-0.110473 -1.27886 70
-3.97588 8.72149 70
-0.947125 -13.7734 70
6.48528 9.63393 70
6.35632 8.68662 70
-6.0396 -0.86618 70
3.67997 5.29795 70
10.8526 -3.91685 70
3.62895 -4.81415 70
5.4815 6.15573 70
26.0611 -20.8903 70
0.40921 4.10536 70
1.27177 1.15634 70
0.0184262 -6.07852 70
-4.63494 -4.98681 70
9.53567 -1.00316 70
-0.225975 -5.26651 70
5.53069 -0.695872 70
-3.80232 18.5199 70
4.41836 -3.6797 70
10.8683 5.05957 70
-1.08509 0.899379 70
0.46288 -1.43416 70
0.605251 -3.64669 70
8.93328 5.75655 70
5.17044 -6.32297 70
0.783866 -0.459185 70
-0.329424 6.12496 70
-0.935583 -4.04423 70
-10.278 10.7124 70
24.714 4.57132 70
-0.640103 5.12346 70
-16.3948 -9.07637 70
-0.300695 -0.623191 70
-0.0120844 -1.44781 70
-6.00664 -5.33728 70
-4.06495 -0.8629 70
4.26363 -21.4856 70
-8.8181 -0.737705 70
45.1349 60.2744 70
0.468488 -0.0587156 70
0.45185 1.15081 70
-0.626377 5.70681 70
1.29209 0.978467 70
1.38962 -0.794699 70
-11.2813 -20.3715 70
0.896634 5.73359 70
-1.45357 0.834145 70
5.2885 3.60576 70
3.97944 5.64335 70
0.0774912 -0.757991 70
5.27556 -1.43495 70
6.33419 5.4348 70
-0.563732 0.448356 70
-0.748838 -0.731736 70
23.9506 61.3703 70
8.58428 0.508938 70
-5.99339 -3.73763 70
-0.627967 -1.20288 70
-0.49741 -0.93458 70
1.12748 -5.32158 70
-49.148 18.9504 70
-1.11407 0.433484 70
30.7539 33.5499 70
-1.13085 -5.91834 70
3.63862 -0.853602 70
4.13444 -3.6405 70
-9.87554 10.5268 70
-13.7861 -35.3973 70
-16.2822 39.1043 70
5.19222 0.668693 70
-13.5507 -29.8758 70
-5.83815 0.751264 70
5.62176 -5.41025 70
9.70376 40.8092 70
-1.29052 -4.98964 70
-0.0200757 -0.796193 70
-15.3279 -4.69383 70
-14.1665 -3.70913 70
-0.505841 -0.3425 70
0.563972 -8.5071 70
-0.62719 10.905 70
-8.54468 0.735518 70
5.56312 -15.004 70
-3.54572 16.4544 70
-10.517 -14.0819 70
15.3792 9.83279 70
-1.4091 1.176 70
-18.7128 -4.03852 70
1.07137 11.0797 70
0.905789 -5.4502 70
6.11628 -5.80231 70
-1.35555 -0.212052 70
6.19315 -1.1394 70
-3.95948 -0.0934512 70
0.0450326 0.797354 70
-1.43772 -11.3265 70
-0.303958 -6.35152 70
0.676279 1.3365 70
-5.95057 0.974442 70
3.53322 5.33331 70
-0.010002 6.38024 70
5.93424 -4.80154 70
-16.2423 49.6047 70
5.70572 -5.46202 70
35.8932 48.7915 70
-10.6683 -19.1145 70
-4.06186 -4.24263 70
-0.704107 1.09451 70
-1.46047 0.854001 70
-0.607407 -0.0681881 70
4.63753 -3.95684 70
1.12102 -0.713536 70
4.13524 -3.50903 70
-1.32904 -0.561476 70
-3.56272 -10.453 70
5.42659 -1.15008 70
5.70147 -4.79403 70
1.05699 -0.653956 70
5.08229 -1.4661 70
-10.3496 -6.4312 70
-1.40213 -0.291705 70
-0.796297 -0.839694 70
-0.33926 -4.48961 70
1.03314 -0.814767 70
-6.30539 -5.79511 70
-0.711109 -5.59313 70
15.8091 1.23728 70
-0.576223 0.0115856 70
-0.673743 -6.16733 70
1.15552 -5.3474 70
10.7528 -4.7038 70
4.09699 1.30144 70
0.914108 -0.281898 70
-3.59703 1.4764 70
6.24621 -5.69898 70
6.36829 -0.72891 70
0.213371 0.241442 70
-0.821524 -40.7591 70
1.24984 -0.315357 70
0.754234 0.851697 70
-18.5254 5.4275 70
-0.891616 -0.566437 70
-0.227308 0.657861 70
23.9771 -30.2551 70
-1.47046 -9.9026 70
1.36962 1.3553 70
-4.85538 0.781865 70
1.47725 1.19959 70
4.50641 -15.5765 70
-0.403261 0.973617 70
19.98 -28.5339 70
4.49709 -10.3702 70
0.135819 -1.20639 70
-0.357964 -5.79368 70
0.0693272 -5.11845 70
3.60004 6.14145 70
-9.03182 10.5092 70
-6.45275 -5.98513 70
6.32746 -1.4582 70
0.0780376 6.19068 70
0.878932 -4.50069 70
-20.5849 0.11878 70
-35.0707 11.0733 70
5.02989 -5.87169 70
-18.6281 3.69282 70
-6.15215 -1.11784 70
5.39458 -6.05095 70
-3.81631 0.655452 70
-0.482718 0.501741 70
1.26725 0.826663 70
0.327685 1.40925 70
0.0440192 0.549886 70
-1.46453 -3.64699 70
8.87485 -10.2342 70
-5.66784 -5.7427 70
20.5347 1.3002 70
13.8885 4.95234 70
1.43035 4.59506 70
9.93392 8.81959 70
0.442499 0.0663111 70
-8.79245 -0.0196538 70
-1.15913 3.53763 70
-4.75435 -1.00977 70
-0.650757 1.21155 70
29.0038 20.4893 70
-6.38968 9.58296 70
3.89812 -5.08068 70
4.1229 -4.63868 70
0.98477 1.42638 70
-0.952617 3.8959 70
3.59441 -1.21351 70
9.54591 -1.18313 70
1.33872 -0.130075 70
3.5041 -5.26854 70
-5.7428 0.320327 70
4.05667 5.27958 70
1.17446 6.0018 70
5.95847 10.9936 70
0.9918 -11.3177 70
-1.26135 -0.428762 70
-6.143 6.172 70
-1.47398 6.38067 70
14.1514 28.8118 70
0.50323 -19.3389 70
-15.2801 4.99823 70
11.3476 -9.79305 70
-1.447 -15.5778 70
3.89339 9.67689 70
16.0458 -4.67022 70
14.6471 -19.6972 70
-4.38935 -0.96996 70
-1.37979 5.85912 70
-4.46591 -5.44976 70
28.7458 -50.9519 70
-0.156079 -0.983963 70
0.368875 -10.5573 70
5.84303 0.518959 70
3.79119 6.18023 70
-0.575962 0.520676 70
0.702603 8.63966 70
-9.47409 -3.98337 70
3.88831 -0.936388 70
5.46748 -1.40086 70
19.7484 0.808843 70
-5.43621 -8.98406 70
-20.644 8.85433 70
6.17756 -5.47155 70
4.69201 4.76578 70
4.19003 5.86681 70
5.45647 -4.53007 70
3.79771 -0.600148 70
0.686815 -3.88325 70
-1.47007 0.224332 70
-4.91808 -4.74295 70
-4.25795 -3.68607 70
-0.670706 -5.31801 70
11.0519 10.5743 70
-3.97051 -0.985257 70
-0.612068 9.61204 70
-10.9103 14.0681 70
-5.00782 -4.33663 70
1.01253 -1.25944 70
5.02132 6.05265 70
4.46271 20.0238 70
0.172701 -4.71905 70
-0.285719 0.633918 70
-1.49221 -1.1271 70
5.09478 0.0222879 70
0.897721 0.852976 70
33.8069 -44.5252 70
-34.3426 -20.4239 70
-0.260664 18.7498 70
5.52092 0.81179 70
3.5705 -10.9481 70
5.61052 0.626564 70
0.277831 -0.115134 70
-0.381957 -0.767128 70
-6.43503 -16.1856 70
-0.992729 -0.905889 70
-5.99541 -9.24008 70
6.35295 0.599786 70
0.0485751 1.2747 70
-0.0222504 -1.35209 70
-6.38557 6.33447 70
-0.451429 0.894577 70
8.62263 4.58254 70
-49.8011 -26.0209 70
15.2751 1.40688 70
-8.7811 4.2948 70
1.25872 -4.92647 70
-0.472711 -0.638903 70
-3.5893 1.25717 70
-3.50687 14.5553 70
8.9909 5.6591 70
8.82971 0.045895 70
-4.8024 0.389348 70
-5.99365 -0.919989 70
26.4445 -38.8681 70
-10.9342 -43.6205 70
-0.534566 0.0698094 70
-1.45558 5.62053 70
-0.273894 -11.0847 70
-1.29373 -9.56195 70
4.59784 0.425779 70
-0.199638 0.0935572 70
-0.930329 0.766685 70
-1.47511 0.184912 70
-24.8216 1.34985 70
-0.0198971 -1.43971 70
5.42047 0.691964 70
19.2711 -21.0722 70
-4.41006 -0.802649 70
35.1422 -10.5881 70
34.3968 -9.29216 70
-0.931248 0.755046 70
4.63361 1.49091 70
0.547239 5.6101 70
-0.489484 -4.57172 70
-15.1538 -9.90268 70
10.482 0.857591 70
0.81836 -5.89431 70
-16.1915 0.845022 70
-0.913022 3.99085 70
1.0299 1.08483 70
0.111924 1.0298 70
-4.95943 4.30161 70
1.30377 -0.623293 70
-20.5926 15.8372 70
-20.5162 14.8531 70
-18.7843 14.7855 70
-0.792282 -1.05464 70
-0.523238 -0.862139 70
4.42972 -4.51786 70
-1.18632 5.56177 70
0.12243 -1.33796 70
0.149696 0.209627 70
-3.76193 -4.25237 70
-5.68319 -33.5767 70
-11.3848 -5.04632 70
-0.664729 1.09452 70
-1.31258 -1.14364 70
0.23105 -0.729477 70
4.53675 1.17889 70
-0.314215 -0.940427 70
28.5654 -43.8281 70
-0.428975 -3.70938 70
-4.32599 0.118509 70
-9.21721 -9.10948 70
1.29275 -3.61286 70
5.1463 -0.1597 70
3.58282 3.52526 70
-0.532967 -24.8812 70
14.3666 39.034 70
-4.57007 -6.14241 70
-1.44319 -6.40188 70
23.6305 -4.69554 70
1.04253 -0.437554 70
6.16127 4.10082 70
4.02461 4.06196 70
3.52821 -1.36164 70
16.2583 -0.749919 70
13.8504 -1.09955 70
1.2704 -1.26384 70
0.519481 -5.63448 70
6.02724 -0.398426 70
4.73873 0.852306 70
1.44667 -0.0215072 70
-1.49016 0.469493 70
-1.06831 -0.326358 70
-5.44608 -5.70127 70
6.27787 4.02912 70
0.550088 -8.58264 70
1.14225 13.7154 70
21.4673 0.787136 70
0.904793 0.425587 70
-5.31221 1.02297 70
1.04822 -0.779007 70
20.8431 -31.1182 70
0.998348 0.0480709 70
-0.882929 -0.424111 70
1.43176 -0.615593 70
-6.10707 -5.76617 70
10.5093 5.36315 70
13.5499 1.35329 70
-0.775663 -0.819816 70
5.40409 0.891441 70
-1.18216 -0.204119 70
6.22958 4.06796 70
5.19933 5.64429 70
8.58874 13.8611 70
55.3895 -20.5308 70
-0.994156 1.24992 70
0.420125 1.46183 70
10.8652 13.5285 70
3.7751 -6.41313 70
-0.662525 11.3149 70
-9.77222 -16.2554 70
-0.156848 -3.72752 70
4.38382 6.12758 70
3.65552 -4.58591 70
-8.84319 -8.69976 70
-21.1305 -9.46288 70
-0.82135 5.69332 70
1.20543 0.658329 70
6.33899 15.8235 70
-20.8354 10.9736 70
0.848046 -0.250514 70
-1.24156 4.44508 70
4.19564 -4.41954 70
10.8428 5.18157 70
-0.633816 -0.00313042 70
-0.906148 0.782607 70
5.13509 -5.94085 70
0.641884 -5.96053 70
6.10982 -5.3321 70
4.37576 -14.658 70
1.34393 0.513951 70
-8.64389 6.04257 70
-5.54723 -6.04731 70
25.3619 5.10175 70
-10.4732 15.9058 70
0.953556 1.14705 70
1.12781 6.31388 70
0.133399 -0.10455 70
-0.274058 -1.43442 70
18.7399 0.273152 70
1.26315 -1.29122 70
-0.326345 8.64127 70
0.284219 1.23749 70
0.633853 -0.468661 70
0.248854 5.21387 70
4.82654 1.10171 70
9.99793 3.83225 70
5.46391 -5.46503 70
43.5657 -0.47872 70
44.7982 0.215802 70
-0.291109 -0.371481 70
-4.00676 0.929895 70
28.977 -43.879 70
-30.8819 28.6255 70
5.05543 -0.57807 70
1.00451 3.51682 70
-55.4175 -39.2328 70
-0.782159 5.80831 70
-1.35329 6.49758 70
-1.44993 -13.7086 70
10.4278 0.458763 70
10.8016 0.438834 70
6.43766 4.34671 70
-3.69436 1.33714 70
10.719 8.84723 70
8.92742 10.3333 70
-1.20402 -10.6468 70
-19.0555 20.4727 70
0.735064 -1.13794 70
-0.450416 -9.84716 70
5.90266 0.674092 70
-5.88516 -5.16297 70
3.94539 -5.41128 70
5.3698 -3.85673 70
0.210568 -0.72208 70
16.3517 -0.829358 70
-4.74496 -34.6553 70
0.869181 -5.77192 70
0.577905 0.16885 70
0.455695 0.403773 70
-8.98201 0.287207 70
10.3332 0.179652 70
-9.91724 -5.71782 70
1.17268 -5.94839 70
-1.06645 -5.58472 70
-3.76116 11.2212 70
35.7197 25.7999 70
-1.25457 0.632788 70
0.534937 5.10797 70
-49.8058 -6.49788 70
0.326295 0.462841 70
-5.67097 -60.7044 70
0.38223 1.0659 70
0.125946 -3.75775 70
9.90261 -0.0171521 70
-0.148128 -6.37054 70
10.7966 -29.3054 70
-5.7309 16.0153 70
-1.24923 1.04754 70
-5.35664 1.39748 70
-1.43844 4.50589 70
3.76182 0.541774 70
-5.08912 20.6417 70
-1.40181 -0.649601 70
-5.2628 -0.0267694 70
-0.465764 -0.883243 70
3.60787 0.456905 70
-0.538818 -4.60227 70
1.4754 -5.6028 70
-0.819864 -3.94018 70
-1.30659 0.257571 70
1.22119 -46.2642 70
0.242309 -4.39691 70
-0.504142 1.37839 70
0.674019 3.94107 70
10.8848 -6.24347 70
13.5949 24.8783 70
6.40316 -6.3837 70
10.8225 20.8886 70
4.02152 1.36093 70
-4.52027 -4.4181 70
5.44085 9.19961 70
-25.8448 25.5959 70
9.38404 -4.35051 70
5.68076 1.30525 70
19.6568 -16.2935 70
0.725187 -5.94597 70
-0.155197 1.43712 70
5.77291 -0.271387 70
3.92037 -0.0970372 70
3.50716 0.549857 70
4.83442 1.33386 70
5.00596 1.3558 70
-10.8998 0.351238 70
-11.2744 -0.335374 70
19.5479 -5.52989 70
-4.23059 -0.422992 70
44.5803 -49.228 70
4.97432 -11.3985 70
-0.180641 0.557056 70
-1.07529 6.35513 70
4.70772 -0.662692 70
35.7203 61.0651 70
6.38889 -0.524926 70
10.097 31.2942 70
3.60271 0.000719735 70
-0.397785 10.4486 70
10.627 -0.580097 70
-26.2794 5.10355 70
0.00019146 3.66114 70
-4.17565 4.28213 70
-4.44876 5.26737 70
0.950297 -8.95106 70
-5.55293 5.30425 70
-1.43227 0.529168 70
10.719 -0.111383 70
31.4472 33.5491 70
3.69597 -6.44927 70
-5.8402 -0.472093 70
-11.231 -19.1681 70
-31.4456 21.2652 70
9.15357 5.473 70
4.37334 9.29569 70
1.23064 -4.74914 70
0.696791 -5.78156 70
5.98822 -0.842721 70
-5.0066 -3.91197 70
0.563959 1.43574 70
5.13299 -0.45029 70
0.34988 8.50744 70
-0.0482112 -20.385 70
-6.3024 -4.8156 70
0.922467 -8.94727 70
44.9551 -55.2691 70
-0.607211 0.903188 70
5.00038 4.17478 70
-3.65886 8.59865 70
-4.7615 11.3416 70
5.19229 3.97244 70
11.3605 0.100637 70
0.406106 -0.0653244 70
10.3959 3.78674 70
0.0434237 6.09772 70
-9.72161 6.26892 70
-0.16915 -4.68039 70
10.0604 -16.1862 70
0.598695 43.6988 70
4.42183 4.82954 70
6.06976 0.730276 70
-10.6136 -9.14369 70
-8.51729 -0.211414 70
-9.19275 0.886051 70
-0.14351 -0.458668 70
48.7308 29.2376 70
-0.388415 10.5536 70
8.52877 -11.3071 70
-9.50904 -8.55721 70
9.67172 -10.8963 70
4.32791 20.4977 70
-14.9018 -19.7088 70
0.937471 4.50466 70
3.52416 -9.33902 70
56.1308 33.7186 70
-51.3451 18.5573 70
-49.3396 19.2558 70
-0.264598 -0.694439 70
-15.1458 4.13826 70
-14.8047 6.17182 70
0.941314 -6.31908 70
-0.982716 -0.342188 70
15.9217 -24.9236 70
30.7974 11.0472 70
10.7838 5.11222 70
-0.563337 6.35797 70
6.17179 4.24012 70
-1.1357 0.992555 70
3.53231 -3.81848 70
-3.86609 14.2171 70
-0.246574 -3.90212 70
5.8079 -6.36722 70
1.35144 -1.07953 70
5.99799 5.52571 70
3.96161 -5.83434 70
4.02536 5.19282 70
-11.4005 -3.75553 70
-6.35589 -10.6776 70
6.05084 -3.93703 70
-4.63863 5.48587 70
1.4889 -0.445822 70
0.579812 -19.5199 70
-13.5056 -24.6417 70
-10.9463 -8.55317 70
-9.35764 -1.07052 70
-30.5683 -18.5531 70
8.54626 -0.741531 70
-0.0177891 0.869555 70
3.54962 -15.4484 70
-0.854508 4.57582 70
9.18334 -3.64157 70
4.43218 -6.22779 70
-4.84646 -8.54547 70
-4.72496 -9.84395 70
-6.33885 -10.9079 70
5.9032 -0.795169 70
-5.68512 0.768931 70
-8.73545 -16.4757 70
0.575275 -0.805336 70
-0.106023 3.54349 70
24.7228 -33.9483 70
41.1045 -20.1053 70
-5.28071 -9.03646 70
-4.88273 -4.29258 70
-23.5045 15.8233 70
6.47325 -5.35475 70
9.76531 -8.72162 70
0.849397 3.8201 70
0.467116 4.4707 70
-1.23263 0.659412 70
-3.56264 -0.540107 70
-3.80636 -4.05044 70
8.57541 -16.1359 70
-1.43389 -1.00533 70
-16.2865 0.181432 70
-1.2609 -3.97937 70
-10.8334 -5.37229 70
0.348062 -6.18953 70
3.975 -10.4044 70
-0.311585 9.81886 70
5.28302 -0.25744 70
3.94589 0.0213648 70
4.42036 0.214479 70
4.16189 -0.909815 70
10.5088 -8.97087 70
0.640271 11.0199 70
0.722471 -1.18899 70
-4.56224 -9.80234 70
4.46658 -3.7368 70
4.90875 -3.85085 70
-0.0912435 -0.736884 70
-4.32226 10.4048 70
-0.37455 0.433377 70
10.2835 5.26038 70
1.09767 1.18501 70
-11.2272 0.896267 70
25.3622 11.1779 70
-3.97603 0.737048 70
1.41829 -1.12431 70
1.04464 0.648455 70
19.0196 -5.26661 70
-1.21054 -0.517879 70
3.70575 1.43622 70
3.50379 5.55236 70
10.5291 6.40377 70
-0.499446 4.95236 70
1.48751 -1.23249 70
9.26811 1.24626 70
-20.5008 0.145977 70
1.21779 -6.48987 70
0.518864 -0.242086 70
0.0149806 -9.29269 70
-5.29911 0.95439 70
-16.0578 4.09594 70
5.08938 -8.94135 70
-4.79172 14.2787 70
9.49586 -24.5595 70
-25.9984 10.2325 70
5.42094 0.0297047 70
1.4425 0.279688 70
1.14965 1.10993 70
6.42335 -0.442989 70
5.87145 3.93332 70
3.97106 4.29445 70
1.3546 -1.20516 70
-15.5165 -14.2329 70
-1.11546 -0.331232 70
-0.0396588 5.80452 70
-0.0748868 9.96581 70
0.121828 0.213867 70
10.0733 -0.953606 70
11.0836 5.37874 70
8.64139 54.1725 70
-0.269078 -0.181525 70
-0.992903 -3.68292 70
0.449423 3.74923 70
4.23024 1.14767 70
-6.07656 -0.189813 70
4.39216 0.968237 70
0.586704 -0.251669 70
-54.3432 3.81961 70
-0.248397 -4.2497 70
5.76933 1.27661 70
4.03044 4.14267 70
5.6159 -0.544093 70
-6.01137 -0.0667557 70
-5.23541 -0.153755 70
0.18584 -4.10637 70
-19.6774 -10.4671 70
0.0690873 -0.191207 70
4.31535 -4.77327 70
-15.8452 60.0498 70
-15.4911 59.6145 70
-15.3837 60.4342 70
4.27989 25.2284 70
-6.33466 3.64415 70
-0.717874 0.767084 70
10.6754 20.4012 70
9.94955 -9.89392 70
-14.6222 25.3688 70
-0.174457 -0.00427179 70
1.15157 -0.36814 70
14.9526 -9.10311 70
9.6751 -4.43817 70
-5.70402 -1.40552 70
-44.4734 9.64592 70
5.38407 5.42072 70
1.49974 -0.366203 70
-4.35888 -4.28568 70
-1.48403 -0.029758 70
-0.688389 0.826427 70
1.4983 -0.649245 70
1.04043 -1.39002 70
0.58413 4.14367 70
4.36189 1.06548 70
1.48742 5.71526 70
-0.0393624 4.66493 70
0.86679 4.12881 70
-33.5654 -21.0892 70
0.592687 0.0929315 70
0.650179 1.14368 70
-0.276053 -5.42462 70
-0.192738 4.38485 70
5.71704 10.3783 70
16.2426 -24.6044 70
-3.58094 -0.616284 70
0.396582 -1.03301 70
1.08512 0.514235 70
-0.386046 -5.24451 70
5.6917 6.41576 70
-0.649676 -4.03999 70
-0.117604 -0.0067304 70
-0.52879 -1.24887 70
6.24822 6.01125 70
