1.39525 3.96138 70
-4.4874 -39.7479 70
-9.71935 -34.8199 70
-4.97787 4.9359 70
-0.352855 -0.481941 70
25.3753 14.6492 70
-1.48904 -0.984551 70
-4.02971 -1.33835 70
0.626335 -0.907385 70
-4.80754 5.82816 70
10.389 -5.58635 70
-6.26166 10.3288 70
1.4114 18.7554 70
-4.09022 -1.12492 70
-3.51312 3.91234 70
-1.47933 4.21425 70
-4.59214 -6.37238 70
6.2198 -5.99445 70
-0.189724 -10.2806 70
3.81337 1.47957 70
-0.515552 6.37144 70
-3.78974 0.585026 70
-5.64065 -0.372634 70
-0.268868 0.576276 70
6.09569 4.31244 70
4.9271 6.01559 70
24.1409 -20.7513 70
0.642067 0.595755 70
0.817307 1.37183 70
-1.04299 5.87218 70
0.0377751 4.78475 70
-4.15653 -1.17116 70
-0.0183935 -40.6099 70
1.30063 3.92802 70
10.4884 4.74498 70
-4.18578 -0.555736 70
1.15173 -4.45015 70
-6.27623 5.90599 70
-9.61195 5.48417 70
-3.57502 0.193703 70
1.21947 -5.22542 70
1.08361 5.73103 70
-1.05058 -20.2674 70
1.46629 1.11099 70
-3.9363 3.61249 70
-0.0365363 -1.13827 70
0.272966 5.3631 70
0.215329 -5.66236 70
19.4072 -16.2172 70
6.00986 -6.30428 70
-5.74853 4.48234 70
-6.44554 4.33353 70
-0.00504762 -0.266953 70
-4.15837 -1.47971 70
-0.825757 1.30873 70
4.21212 38.9106 70
5.59199 -53.696 70
3.77129 9.34836 70
-0.428293 -0.827016 70
1.45453 -4.07972 70
-9.90605 -6.40003 70
0.404494 5.42449 70
-3.89781 4.0463 70
-1.39957 5.6235 70
1.41411 -1.49885 70
-1.37254 5.15883 70
-1.00479 9.35048 70
0.135146 -4.34545 70
-4.3796 -0.47582 70
-40.3816 -54.4462 70
1.41658 3.94009 70
4.39309 4.12699 70
-0.447979 -3.52824 70
-5.04321 -15.2507 70
-5.79562 -15.6202 70
-0.603899 3.64039 70
-5.79329 0.0837201 70
3.53526 9.09944 70
4.96498 8.85861 70
4.27554 11.238 70
1.08444 -1.13873 70
4.9965 -3.72101 70
-1.26889 -4.55904 70
0.613804 -6.0625 70
-5.92697 0.247238 70
-0.493278 -0.0616947 70
-0.240806 -0.253444 70
-1.32948 -1.2355 70
-9.90953 0.255567 70
-10.3276 -0.327672 70
-5.50701 3.83057 70
-5.68386 4.92021 70
-6.19249 8.85008 70
-16.2515 -8.75255 70
-9.96751 39.6856 70
-4.44423 5.41229 70
-1.46474 0.440489 70
-5.52814 -5.46701 70
-0.583744 5.01584 70
0.106175 5.66001 70
4.50701 6.3325 70
25.9084 14.7681 70
-43.7922 -8.50178 70
4.18346 0.0337446 70
0.117782 -4.28018 70
-5.19123 0.935855 70
5.23226 19.8936 70
4.04155 -5.02088 70
5.2906 4.35727 70
0.113791 5.02555 70
3.64191 13.8724 70
-14.7521 8.80338 70
13.719 -8.71064 70
5.7483 -3.60034 70
-4.62936 0.467706 70
14.8141 24.5391 70
-1.32641 6.06228 70
-0.0904247 8.971 70
-9.99984 -1.48387 70
0.967268 -0.868899 70
3.70204 -3.90671 70
0.672327 0.63358 70
0.0844133 6.4266 70
1.18615 5.1874 70
1.18244 -1.07522 70
-0.468394 -1.43136 70
-6.30085 10.5061 70
-3.64588 9.51017 70
-6.48025 11.3996 70
-24.9592 -10.8791 70
5.81028 11.3172 70
-9.33689 -29.3638 70
-6.08411 -14.642 70
-4.30713 5.80217 70
-10.1973 0.244263 70
5.39224 9.47729 70
0.686024 4.68747 70
-0.201779 -4.7356 70
-0.0766213 -5.28141 70
0.966969 6.0506 70
0.141219 0.683044 70
-0.80834 3.65455 70
-5.09269 5.72465 70
0.433664 -0.0446232 70
-0.50072 -0.0852275 70
-20.477 -5.76509 70
-0.191069 0.786952 70
10.5952 5.19336 70
5.81238 0.182636 70
5.01406 6.22317 70
5.29079 -13.6478 70
-0.699217 14.6492 70
-11.4262 6.24175 70
-0.487991 0.431582 70
0.48894 -0.888897 70
-5.54208 -35.2105 70
-5.14289 -36.4768 70
0.473472 6.24726 70
0.679666 -3.6902 70
-5.91045 19.6342 70
-5.5027 20.7946 70
-3.6348 -3.9195 70
-0.241134 1.34939 70
-0.253548 -3.95432 70
-6.47094 5.5242 70
8.81497 5.487 70
9.347 -1.35502 70
4.43918 25.3337 70
1.43191 -0.737734 70
-9.85595 -5.48 70
6.05404 9.54946 70
1.35841 5.69714 70
-8.63613 -1.23004 70
56.3128 21.0116 70
-6.44147 -5.55749 70
1.00181 4.36522 70
0.130167 5.73062 70
-1.06054 33.5804 70
-5.52664 -6.39338 70
0.0274226 -1.24085 70
-0.923071 -4.4364 70
5.37104 -5.16611 70
4.95062 6.13178 70
6.48457 -24.5465 70
-34.5224 9.20757 70
-48.5049 21.2323 70
3.56902 4.13828 70
-18.8041 1.03186 70
10.5605 9.38481 70
-6.11586 10.9457 70
0.487289 -6.10819 70
-4.58408 4.4944 70
5.09848 -0.0531439 70
-6.47925 -6.2212 70
13.5079 -10.0488 70
-4.4589 5.64946 70
0.124043 5.85576 70
-0.740232 -1.09854 70
6.22807 1.06337 70
-4.60819 -0.801617 70
0.698997 0.0542925 70
0.497231 4.15101 70
-1.0411 -1.4168 70
-10.3864 10.8444 70
4.54236 -1.45367 70
9.27554 5.32646 70
0.631879 4.15997 70
-11.0557 0.468158 70
0.378967 -0.892334 70
1.25089 -0.23656 70
-0.168026 5.55385 70
-1.3951 -1.25596 70
-0.200612 -0.414589 70
39.2462 -44.9032 70
-8.59541 5.59817 70
3.85177 -1.07451 70
5.57489 -5.73289 70
-6.22198 25.1914 70
-0.238092 -0.717904 70
5.00068 0.591482 70
-10.2958 9.48617 70
-0.541869 4.31702 70
0.778112 4.54738 70
1.04424 3.99546 70
-8.83064 14.1389 70
-5.94251 -4.57804 70
-1.36082 1.24049 70
-0.685627 -0.105208 70
-3.50846 -10.0133 70
-1.00056 0.154027 70
0.0288195 9.88375 70
10.6036 5.30504 70
-3.57253 3.59299 70
1.19754 -45.5627 70
-0.204609 6.24588 70
-0.307815 3.84062 70
6.48657 4.96795 70
-0.425539 0.160044 70
-5.91916 -6.14657 70
0.549668 -0.127756 70
-4.62117 5.71872 70
5.82138 1.03304 70
4.68573 9.79315 70
-4.27278 4.70166 70
-45.0262 34.0926 70
-4.43429 0.0130538 70
55.0575 39.1668 70
4.6213 5.77067 70
0.108224 0.539537 70
0.762774 0.65385 70
-5.29253 10.5745 70
-9.44814 0.0318038 70
5.13862 19.8225 70
0.390219 6.19044 70
-1.23923 -1.06556 70
1.15892 0.275222 70
31.1801 6.20558 70
-5.00808 4.18955 70
34.0266 -35.6045 70
-4.24532 -0.923804 70
4.60678 0.758677 70
-4.4168 -0.939129 70
-0.0588224 0.211101 70
-0.712107 4.18784 70
10.8384 8.51505 70
-0.581883 0.168403 70
1.42633 5.11494 70
5.08769 -5.73638 70
-4.06461 -0.941204 70
30.6828 6.17111 70
0.428035 5.63248 70
5.05906 0.964457 70
-4.04806 -0.756289 70
-24.0277 -14.8115 70
-4.79242 5.53658 70
10.6125 11.1236 70
0.828251 -0.561587 70
-15.9754 -9.3891 70
-5.35488 -0.428742 70
0.167933 19.0141 70
16.4325 -15.4873 70
-0.617236 1.26237 70
-5.30528 0.256139 70
9.65285 -1.23608 70
9.42485 -6.1613 70
-8.54804 5.97223 70
1.14255 29.1479 70
-3.65294 -13.5792 70
0.72508 -1.15959 70
-0.912652 6.2781 70
0.915983 -1.41655 70
-6.03933 -0.377966 70
0.2873 -0.029343 70
-0.612961 0.827331 70
1.43667 0.507834 70
-24.8751 -15.0072 70
-14.0585 -0.108913 70
0.764425 5.44778 70
4.41723 1.38527 70
-6.01794 5.95569 70
-5.9317 3.75193 70
-59.9156 -46.2495 70
-5.21132 -4.44463 70
-0.536617 5.87277 70
-6.45883 0.398939 70
-10.2541 -13.6305 70
4.67342 6.14447 70
-1.15141 1.0662 70
-3.89987 10.268 70
-0.064638 4.55808 70
5.94037 5.34126 70
-19.2714 25.3973 70
-0.24014 -1.08507 70
-0.82238 -0.168837 70
-14.4551 -8.53831 70
0.434932 0.42336 70
-0.0231846 5.97337 70
3.93925 1.40454 70
-3.75088 9.7375 70
-8.75089 4.13913 70
1.02626 5.56008 70
16.1694 15.8008 70
-5.66311 9.71998 70
-0.743301 5.73781 70
-0.667217 -1.03726 70
-1.41118 -1.0299 70
-4.1765 4.56963 70
-1.01988 4.67785 70
9.95553 -9.39915 70
-4.80306 0.126297 70
-0.993012 1.18846 70
-6.07557 0.0786391 70
4.1876 5.51147 70
-10.0292 -9.4971 70
-1.25698 1.46486 70
5.01937 -3.90035 70
4.63434 5.63673 70
-9.8813 50.3885 70
-5.03694 4.78096 70
-20.4186 4.28353 70
1.28856 1.16216 70
10.3904 -4.18277 70
-6.23675 0.917004 70
-3.66846 -6.01758 70
13.9196 35.4343 70
16.1405 35.3412 70
-5.59552 -48.8457 70
1.413 6.42506 70
0.193842 0.125275 70
-4.58379 9.76246 70
0.488439 25.0765 70
5.70811 -16.438 70
0.892171 6.03337 70
-5.67218 -14.496 70
-6.08395 3.92057 70
5.05754 0.43018 70
0.707726 4.93256 70
-0.725461 4.50087 70
4.33896 0.86494 70
-4.20655 10.8442 70
5.5057 33.6699 70
-3.77647 -0.763743 70
0.851893 -1.36423 70
0.185512 -6.30022 70
1.03908 -0.074731 70
6.41607 4.32619 70
-0.456635 0.69914 70
-10.8144 4.96861 70
-4.55969 -14.9585 70
4.42618 4.118 70
4.7965 0.244805 70
-5.94418 -10.5281 70
-0.578945 -0.893806 70
-8.75789 -18.7459 70
-8.95205 -20.4997 70
-9.85799 -3.62697 70
-4.03563 25.0037 70
-0.636194 -1.45619 70
-41.3605 -3.78743 70
4.47562 -0.991792 70
8.97593 24.2989 70
-30.2317 -18.8422 70
-30.924 26.219 70
-11.1008 3.57438 70
-0.513107 -0.611205 70
3.51919 -0.0256612 70
-4.59439 -1.43079 70
-6.12305 -0.839529 70
-8.91647 16.0447 70
10.6702 -5.05477 70
0.0502046 5.02004 70
-4.10196 5.76755 70
-5.23583 1.15048 70
9.52422 0.946418 70
3.99595 0.682031 70
0.81755 0.84035 70
-1.00924 6.06339 70
-0.680025 5.2091 70
-0.854553 -0.496215 70
-0.774687 -0.881966 70
0.20668 -1.22673 70
-3.97028 0.0162932 70
-0.624529 -1.22198 70
-0.27453 1.18871 70
-0.24375 -0.0607378 70
0.379643 -1.29574 70
-1.47021 4.28028 70
0.478003 6.33993 70
-5.58105 3.99909 70
-4.79831 3.59303 70
8.95927 20.0888 70
-1.22094 0.164349 70
0.47535 -0.879969 70
39.5121 24.8158 70
0.499785 6.29484 70
11.3993 3.6469 70
0.267119 4.57472 70
6.14823 30.8666 70
-3.73565 -5.91074 70
4.47146 5.6997 70
-0.531086 13.5564 70
-0.0419823 5.43134 70
0.83803 0.190237 70
-1.31201 5.91911 70
-1.04322 4.52823 70
-15.5231 18.878 70
20.304 -3.63542 70
18.5323 -3.64566 70
0.284508 -0.463115 70
-3.78504 4.56577 70
3.89485 5.80745 70
-43.7171 16.404 70
-1.04667 4.63916 70
1.08023 0.0322497 70
3.77533 1.0306 70
4.10122 4.35615 70
-0.691849 6.06838 70
-1.37883 -9.5086 70
1.05841 -0.838698 70
-3.80008 -8.95311 70
1.09131 10.5038 70
-3.72899 4.38622 70
-4.31958 -3.95708 70
4.20744 5.1342 70
6.29466 -4.06375 70
-10.4742 4.15313 70
-4.1616 6.05897 70
-6.26567 3.91492 70
-6.49749 0.304811 70
-0.971759 -4.3522 70
10.2398 10.7122 70
-5.55677 4.29549 70
-1.38038 5.66392 70
20.0055 -10.4145 70
20.8408 -9.71193 70
5.51403 0.343101 70
3.55379 -1.09334 70
3.57423 -0.00300146 70
1.36116 1.24267 70
0.93799 -1.08075 70
5.24745 0.175201 70
4.47186 4.91657 70
-10.4934 5.83853 70
4.80608 4.0735 70
0.734315 0.556192 70
25.4259 -4.43723 70
44.2914 10.2825 70
0.414926 5.94565 70
6.19225 3.50569 70
0.7033 -0.697743 70
4.53016 0.208976 70
-8.69624 3.59818 70
0.885286 0.436657 70
3.82339 5.08699 70
0.0216121 6.21425 70
-4.1337 -6.39686 70
-4.18297 0.537727 70
-5.30981 0.358988 70
1.23153 19.5749 70
0.985683 0.959679 70
1.07522 -4.50996 70
1.11394 3.52248 70
-4.23536 5.66313 70
-1.01369 -1.34185 70
1.13609 -0.562874 70
-15.433 -3.61808 70
-4.77895 -0.431881 70
-8.57816 9.10649 70
-5.66311 -4.59493 70
0.181218 3.88747 70
5.15101 -10.4126 70
4.30285 -0.063539 70
5.99635 -6.31133 70
11.4412 -0.700921 70
0.81508 5.12159 70
-9.70451 4.43066 70
-10.5565 0.77178 70
0.921131 9.61653 70
-4.60392 5.25932 70
-1.2139 -0.294124 70
-4.37757 5.30976 70
-55.3185 18.8489 70
-53.6001 21.3693 70
-6.45791 8.90409 70
20.6494 -10.5974 70
19.3313 -9.47722 70
-5.93524 -8.53675 70
-0.305402 0.753037 70
20.013 18.982 70
-5.10477 -1.08974 70
-5.81655 4.84082 70
-4.53713 -0.696821 70
0.826689 4.17463 70
1.18778 5.83597 70
-1.01582 -1.06121 70
-4.13728 -0.955818 70
-6.27542 1.1331 70
-0.673628 -5.2042 70
-1.29061 0.205634 70
-5.31176 -0.842826 70
0.323827 5.91951 70
10.4861 11.4802 70
1.10468 0.341085 70
1.3932 -1.35943 70
3.83619 24.8014 70
-0.426422 5.62084 70
-6.27698 1.01379 70
-0.644877 0.44065 70
3.55795 -5.92236 70
0.0473359 0.486623 70
-5.65819 -0.114205 70
1.05866 4.68061 70
-1.1757 -8.58721 70
1.17663 0.762746 70
-1.14382 -0.303876 70
4.40406 24.9665 70
5.64145 -1.10186 70
1.07444 0.481486 70
1.48319 -0.858093 70
4.23154 -1.27495 70
14.3973 14.7258 70
0.718857 5.42176 70
-0.206192 9.99102 70
0.165392 10.9866 70
11.0432 14.6271 70
15.5447 -38.9886 70
6.48879 5.36376 70
34.4228 -9.16989 70
5.8021 11.4515 70
25.3838 13.8907 70
0.613136 0.248288 70
-5.36162 24.4418 70
-15.6445 31.2368 70
-0.699243 6.11747 70
1.2143 1.28255 70
-4.80729 -4.72359 70
1.46575 -0.658964 70
5.20094 3.84907 70
-5.02976 5.7755 70
-0.452017 -0.650261 70
33.8565 -5.04581 70
3.69066 -0.594537 70
-4.81404 -9.72459 70
-5.56555 3.73899 70
1.03206 5.53871 70
0.825457 3.95285 70
9.12204 5.62499 70
-0.507294 0.00965511 70
6.36057 5.5764 70
-5.91478 10.1786 70
0.338704 -4.89332 70
-8.93683 -0.0489579 70
0.492608 0.562043 70
1.34152 -0.42843 70
5.00686 0.909277 70
0.726243 -5.8052 70
1.15957 11.0316 70
0.162084 5.92651 70
24.3657 -4.55156 70
-0.317443 4.38665 70
1.157 5.71626 70
5.90441 -0.0556806 70
-0.271832 -1.04533 70
0.342618 -5.68645 70
4.28052 15.7589 70
-5.64192 5.63239 70
-0.0268876 6.31472 70
-10.7403 -24.7525 70
-0.342152 -15.1536 70
0.441077 10.7926 70
-0.734065 6.26586 70
1.28981 0.0491427 70
-0.687025 -1.2741 70
-29.5428 34.4101 70
-0.888438 -0.444012 70
4.48536 8.87187 70
15.5689 -5.97118 70
14.9478 -5.73025 70
18.9988 54.9819 70
-3.70388 -5.74862 70
-3.75966 4.44647 70
11.1446 10.5224 70
-4.05269 0.0465857 70
-0.0349325 8.89971 70
0.871848 4.44411 70
-25.2976 -18.9278 70
1.12071 4.36621 70
-0.690595 5.67765 70
-4.63045 9.48785 70
-1.23706 -5.5043 70
-0.116263 6.01642 70
14.7353 1.20055 70
-13.5821 -0.257461 70
-40.3363 21.1969 70
-40.3681 19.2279 70
-0.068632 -10.1887 70
-0.94733 -0.247393 70
-0.387029 -0.414667 70
1.12933 1.18779 70
11.2919 10.4787 70
0.470428 4.08366 70
5.22115 13.7055 70
4.14608 0.0466913 70
-6.41374 10.9782 70
-5.31281 1.47482 70
0.455653 0.103089 70
8.9593 -15.0661 70
-4.06426 5.31564 70
-10.7928 4.28655 70
-6.47468 -11.2313 70
-4.55821 0.725562 70
-0.100516 0.322669 70
-24.9362 -0.409367 70
-25.4571 -0.788366 70
13.6764 4.35948 70
29.4026 -4.31087 70
-3.73291 -0.734356 70
-4.00707 -0.780815 70
0.664407 3.52383 70
0.576062 4.28547 70
0.373009 1.20124 70
-1.38778 8.61631 70
-0.992275 4.00185 70
-0.864559 4.77972 70
-4.33613 5.87469 70
-16.2048 5.75206 70
3.59576 3.73524 70
-0.320631 10.2417 70
-3.97273 1.19644 70
-3.78101 -0.72907 70
-6.26088 5.85153 70
4.76422 16.3999 70
-54.0127 34.297 70
4.38301 0.812484 70
-4.74698 6.1869 70
0.707222 6.05708 70
18.8082 4.66338 70
-5.07967 -1.02432 70
0.833653 3.82671 70
-8.62412 -0.231955 70
-0.0168653 46.1583 70
-13.9717 -20.2739 70
-20.6844 -9.3965 70
15.9383 -5.17524 70
-0.936003 16.2548 70
-3.91488 -16.1749 70
-1.32773 -0.949145 70
24.2714 25.1181 70
-5.38371 -0.932487 70
-6.49859 -10.2637 70
-0.402518 0.976995 70
1.21858 0.130374 70
-1.19124 0.402581 70
-0.105373 25.5736 70
1.14146 6.27258 70
-0.059355 -4.19868 70
-4.87863 -0.482163 70
-1.22711 0.646499 70
-6.39357 5.53457 70
1.36336 4.34278 70
1.31879 -0.670761 70
-4.20296 14.9478 70
0.0152437 5.29429 70
-1.2685 -5.40203 70
1.13904 6.31267 70
-0.0316426 6.18469 70
4.93311 -15.0596 70
0.649792 5.62236 70
0.40841 8.77012 70
0.425528 23.724 70
0.258682 -1.41062 70
-11.2368 -0.575991 70
-9.3047 -0.70456 70
-0.560772 3.63657 70
-9.03972 10.5451 70
0.79167 0.801935 70
0.093346 9.19526 70
-0.412866 -1.09433 70
-3.83183 -1.46019 70
-1.11372 -8.8833 70
-13.942 -14.5239 70
1.47425 -1.10872 70
-1.3945 3.97011 70
-6.10586 -0.567365 70
-3.54426 3.83488 70
-0.365651 -0.0470758 70
-4.40455 3.87018 70
-0.966872 0.634588 70
1.20895 4.45139 70
-6.34449 -15.9218 70
-4.72124 3.82519 70
-3.78944 1.46312 70
-3.95835 -1.2763 70
-4.95639 0.334333 70
0.12514 -0.153908 70
5.83334 -5.68891 70
0.912206 -9.86708 70
4.9151 1.17975 70
-5.54154 3.78568 70
-0.48724 -0.148609 70
1.1956 1.19642 70
1.41394 -9.2977 70
0.703302 -10.0323 70
5.85962 8.9607 70
-9.65097 -10.202 70
-0.543146 6.45585 70
30.5365 4.97754 70
-1.0674 -0.604099 70
-11.343 -5.19383 70
-4.48033 5.04273 70
-4.63263 5.89698 70
1.0668 0.186694 70
-11.3757 -21.3796 70
-5.28358 -0.419634 70
5.28099 -54.7931 70
4.67369 -0.440829 70
-40.5359 35.7006 70
-0.841726 -0.54124 70
11.1262 -5.73325 70
5.50908 14.9967 70
-1.31174 4.1497 70
3.65678 -0.240792 70
-1.37631 0.212277 70
-6.47819 5.86236 70
1.36316 -0.690202 70
-5.80468 -10.5654 70
-6.37991 -0.0237213 70
-1.44411 6.27869 70
10.3797 -44.1208 70
-1.25236 0.431491 70
-4.54576 4.43015 70
-0.443574 1.24804 70
-1.00717 5.65838 70
-0.870405 0.648898 70
0.302405 23.6207 70
-5.71105 1.37318 70
0.84192 -0.853838 70
-4.09378 5.9475 70
0.761485 -0.95956 70
-5.75247 -0.780059 70
0.887308 -0.250924 70
-0.836001 6.34206 70
0.622389 6.47973 70
1.21622 4.95862 70
-1.16252 5.63869 70
-0.00671069 9.3936 70
-23.7377 -8.6017 70
-5.91118 -9.56502 70
-1.29603 -1.17451 70
-0.319196 -1.03771 70
-6.29128 6.09364 70
38.7612 29.355 70
0.226259 3.86606 70
-5.21263 0.686457 70
-4.71377 -1.29322 70
1.1405 14.1188 70
-0.734577 10.9269 70
4.7205 -44.229 70
6.02718 5.96956 70
-0.527649 1.45897 70
-3.71898 0.673737 70
-9.39444 13.821 70
-10.8163 18.5137 70
1.03978 5.41186 70
0.171315 -3.66933 70
-14.7182 11.2963 70
5.17452 5.58099 70
-13.9767 3.7701 70
5.45133 0.304392 70
-24.0271 35.9342 70
-0.935416 -0.864254 70
-15.9468 -13.9428 70
6.35609 -0.537116 70
-3.59535 -4.30977 70
1.12831 0.930653 70
4.16073 0.485418 70
-5.79347 -0.049067 70
-4.19125 -0.0702819 70
-0.263095 3.84279 70
0.0962448 9.03319 70
30.5878 9.33098 70
35.273 -28.8038 70
0.490725 5.95916 70
-0.130937 -30.3016 70
-1.26522 5.44156 70
-6.15732 0.252303 70
-3.58129 -0.763994 70
0.162974 11.1317 70
10.7984 3.67194 70
-4.68297 -1.01336 70
4.3999 3.99287 70
18.9738 4.83923 70
-11.154 6.02094 70
-0.273845 5.9232 70
0.301725 0.401741 70
-4.62728 -4.72936 70
-14.2592 14.8598 70
19.2241 20.2346 70
19.9193 20.926 70
5.6804 -1.25955 70
-3.6558 6.20651 70
6.17579 -10.3127 70
-1.45016 10.1273 70
-0.157948 13.5373 70
-14.2876 -20.4172 70
35.2498 45.6502 70
-6.4889 16.4705 70
15.2759 -15.1018 70
15.228 -15.9537 70
-4.65906 0.135906 70
4.80351 0.550362 70
-15.1276 14.0833 70
0.313606 5.75292 70
0.964367 9.34323 70
5.81814 6.15892 70
-9.96064 6.07934 70
-9.14969 10.258 70
-1.35433 1.22703 70
24.7929 28.9116 70
-9.09689 0.631792 70
-5.26746 -5.97154 70
-1.11004 0.628157 70
0.994009 -0.65899 70
-1.27932 1.18995 70
0.93793 0.272544 70
-3.68308 8.95347 70
-1.05341 1.20221 70
-0.299923 5.70892 70
0.365198 -0.724534 70
-0.466606 20.5316 70
-1.04397 4.31901 70
16.3557 -16.4208 70
-3.57591 -24.3416 70
5.55134 -21.2364 70
-10.3175 10.0073 70
-25.7622 20.6581 70
-24.4623 20.0118 70
-9.55547 5.29413 70
-1.45539 3.80888 70
23.5075 0.265324 70
-0.0730418 -0.509601 70
-46.1528 29.3492 70
-43.5647 30.607 70
-1.09025 -0.153687 70
1.04935 0.361663 70
-0.771053 0.267214 70
0.762801 0.630869 70
5.21653 -4.3247 70
1.2246 0.744671 70
0.193871 1.05492 70
19.9545 -36.3665 70
-14.5721 -0.764493 70
-1.30438 -0.118921 70
6.13799 0.0871742 70
-5.41925 3.93608 70
6.1368 11.363 70
10.9264 21.3737 70
-6.27434 -1.17969 70
-0.166267 4.1417 70
3.6196 4.46909 70
-9.56299 6.15921 70
-1.15811 6.01327 70
9.74292 10.2484 70
-10.5109 -10.8706 70
-20.3477 -10.9214 70
-11.2631 1.12164 70
-8.56161 0.509619 70
-1.351 -0.0537537 70
0.179226 0.259703 70
5.87849 -15.0855 70
3.70941 -14.6307 70
-1.49692 -0.745297 70
6.3902 -0.743192 70
-5.57771 -4.84115 70
-0.382346 1.2675 70
5.60516 10.7431 70
-4.0013 -0.64644 70
-0.0270679 -1.43238 70
3.84531 5.46257 70
9.5902 14.4727 70
-1.01609 5.07887 70
-9.51045 5.70763 70
1.11639 5.60013 70
0.587267 6.06486 70
-10.4679 -10.7614 70
-0.184892 -1.09146 70
0.688064 3.77283 70
-1.03971 11.4751 70
0.739808 5.12998 70
-6.35903 -0.245952 70
-10.1757 -9.42777 70
0.516533 3.76322 70
0.0305228 35.7796 70
0.0133802 -4.95998 70
-8.59369 10.5178 70
0.499153 1.44719 70
-0.008858 -1.39591 70
-16.1224 4.66361 70
9.94368 5.50476 70
-0.868473 1.48391 70
5.18826 0.222566 70
-0.378485 0.801988 70
-5.63158 8.7014 70
-4.32903 -1.42035 70
-13.8224 5.4561 70
-4.18939 5.00879 70
-6.11135 1.43541 70
0.708511 -1.04548 70
-0.611701 1.0941 70
-5.50579 4.32919 70
-0.070341 1.04429 70
-6.34537 -5.03297 70
4.41249 -0.662459 70
31.3714 -5.29323 70
31.2802 -5.21596 70
-4.30461 4.91526 70
3.95725 -0.600191 70
1.33774 5.67965 70
-6.02426 -1.33552 70
29.079 -5.9375 70
-0.39241 -0.199045 70
-3.9101 3.82233 70
-6.25945 6.30068 70
-4.06038 5.98856 70
5.29519 -0.984936 70
-5.77896 4.63337 70
-5.18014 -0.516724 70
-0.178874 -0.708918 70
15.0966 4.5769 70
13.9943 4.30519 70
0.448894 0.356898 70
0.419197 -0.522268 70
-5.78131 -0.239279 70
-6.09845 0.0624066 70
-4.8123 -0.69474 70
-5.27936 21.0422 70
-3.59713 19.7266 70
-3.75182 -1.06447 70
5.88209 4.59043 70
-5.96812 11.063 70
-4.7667 11.3974 70
-4.64621 3.79281 70
1.47704 20.3705 70
0.946872 -0.972897 70
3.81667 4.26095 70
0.545241 0.622991 70
0.75537 -0.612893 70
26.0127 4.91232 70
0.728051 -9.71958 70
-0.237207 -9.66609 70
5.04034 0.757065 70
5.41013 -13.728 70
-4.29589 5.99485 70
0.132623 5.04633 70
0.196269 6.16853 70
0.992767 0.476395 70
-50.9427 -24.9498 70
-1.20899 10.5516 70
4.35689 -0.627647 70
-0.967983 -1.05454 70
-14.0612 -10.5815 70
-1.26602 21.3634 70
5.85604 -0.0185941 70
-4.00932 -4.52123 70
0.231819 0.18389 70
-5.42938 0.540429 70
-0.378449 -0.980923 70
5.68433 5.88756 70
-10.7209 4.36235 70
-1.21498 -0.0660397 70
10.0069 -0.850509 70
1.23666 -0.471002 70
-0.970832 4.09992 70
1.00419 5.77442 70
-0.845633 4.53083 70
10.5864 1.25452 70
0.75435 -1.12353 70
-1.38594 0.594772 70
1.05849 5.25914 70
1.31454 -4.21148 70
18.831 -10.5472 70
-15.8519 -4.21842 70
-0.687732 -18.5697 70
-39.2443 -11.376 70
1.15459 -5.62574 70
-54.9412 25.7989 70
-5.00147 1.40899 70
-6.21036 1.04526 70
0.303158 -0.453031 70
-4.19854 -0.181448 70
-11.4648 -5.16293 70
-8.53356 -0.0540088 70
3.92245 -1.27125 70
-6.15592 10.0254 70
3.65944 -3.62946 70
3.51033 -9.02068 70
4.96441 4.75743 70
-1.3349 0.667272 70
15.3947 -5.55253 70
