0.0808697 10.8159 70
0.145721 1.25536 70
3.5765 0.595044 70
-5.51894 -4.08418 70
0.122273 0.0683314 70
1.4538 -0.649144 70
14.0661 6.0164 70
-1.41253 4.96101 70
-5.58164 0.0395339 70
0.293683 4.66222 70
-1.45843 5.07408 70
4.77412 -14.3067 70
-16.0584 -0.52407 70
0.241219 9.00311 70
-19.8327 -15.9489 70
-14.4845 4.60129 70
-20.4075 15.7991 70
-0.15465 10.205 70
-25.4088 11.093 70
-3.69098 0.448923 70
0.219507 -0.837137 70
-1.10013 1.19608 70
41.3935 5.12649 70
0.495346 -5.33541 70
-1.19046 -4.87366 70
-0.295394 -0.633995 70
10.5939 0.845016 70
-0.979367 3.76501 70
-3.84743 5.10727 70
6.41616 10.4785 70
-0.671106 -0.178556 70
4.79353 3.81587 70
6.14516 4.00994 70
5.52209 -5.64055 70
-6.15621 -10.0376 70
3.85272 -4.28832 70
0.906976 5.42298 70
0.201136 6.04519 70
-0.0227192 0.664671 70
24.1244 -34.3134 70
0.87856 1.40365 70
-9.88672 3.65247 70
5.59044 9.31045 70
-4.82547 3.65137 70
4.88931 6.25366 70
-25.2304 34.9183 70
19.0103 11.3972 70
-3.87898 1.32953 70
-10.4229 20.2286 70
-20.6299 0.951818 70
-19.6993 -0.535371 70
-4.7021 -1.4421 70
-6.23888 9.15897 70
10.3986 4.85848 70
-4.48958 11.3062 70
-0.893152 3.64019 70
11.2447 -28.7678 70
14.1583 -15.1733 70
-4.55486 4.25148 70
-1.3216 -0.930049 70
5.00367 4.56273 70
-4.52715 3.87986 70
20.6193 1.00059 70
-1.29804 -0.400244 70
-3.98346 -0.734699 70
39.0541 -6.10143 70
6.34076 4.23068 70
5.69285 4.19247 70
-9.01581 10.5398 70
-0.92557 20.6439 70
-4.44568 3.76316 70
-1.0182 8.83767e-05 70
6.15364 4.17057 70
-10.4515 -0.0985066 70
1.18155 -0.770854 70
-8.89299 21.3481 70
-5.87168 10.8027 70
-4.47285 1.42323 70
-14.4592 10.7636 70
5.79367 11.1969 70
5.90916 0.312895 70
-1.42324 -0.839903 70
0.0884139 4.61932 70
-1.27197 6.22183 70
-4.50635 5.63951 70
-6.12566 4.56139 70
-9.43698 -8.6318 70
-0.893201 0.413565 70
-19.431 -1.34256 70
4.17209 5.58233 70
14.7736 20.1435 70
-10.3577 -3.65027 70
-5.20758 0.890981 70
-1.23734 -9.63644 70
4.64687 6.15113 70
-0.586015 -0.64675 70
-4.2855 4.65698 70
-34.2287 -19.257 70
3.6893 -4.7422 70
-4.77438 9.15469 70
0.707653 4.51953 70
0.774832 4.67882 70
-1.11737 0.0623855 70
-0.320016 4.69995 70
-5.383 -1.18804 70
-6.45311 -1.42577 70
-0.291905 5.38202 70
0.989826 -9.09372 70
4.45294 0.413384 70
9.5065 -45.5031 70
10.6702 4.96087 70
5.0783 0.692096 70
-5.49364 -10.0347 70
-0.889258 5.59481 70
-18.6378 30.8681 70
-0.192986 4.1533 70
-0.592893 -1.3823 70
-1.11621 0.0880197 70
0.444607 -1.36804 70
11.1272 -15.2944 70
5.64096 0.609993 70
1.47162 1.15312 70
-28.5004 14.163 70
-28.5639 14.1158 70
16.3367 5.08945 70
35.0562 -19.8901 70
4.38026 5.70317 70
-6.12739 -1.36217 70
-4.24904 0.589411 70
1.39551 0.67471 70
6.38163 4.42823 70
-28.5632 -40.9244 70
5.8118 6.00785 70
11.1129 -9.45423 70
-3.94413 -0.0729086 70
5.19449 -0.569225 70
8.69228 10.5423 70
3.88472 -6.14675 70
-4.41459 -10.8822 70
-0.996971 -1.32403 70
4.22086 5.17343 70
0.75174 4.0027 70
-0.270327 -0.697976 70
1.35909 -1.23943 70
-21.4004 4.34127 70
-3.92315 -9.04961 70
-0.899726 4.08 70
0.760678 5.11217 70
-0.318091 -4.35198 70
14.3832 24.9424 70
10.5019 -16.0738 70
-3.67524 -0.597086 70
-5.09963 1.15705 70
0.673511 4.53996 70
-0.681745 1.07812 70
-28.9935 4.39749 70
6.33169 -0.296835 70
-5.00709 4.12228 70
-4.60068 1.17456 70
-5.65283 -0.88279 70
5.35696 -16.2879 70
-24.6313 -35.772 70
-26.1969 -33.5912 70
-55.9483 35.7121 70
0.964607 6.39862 70
-4.87151 -15.846 70
6.15396 0.00352266 70
1.32826 8.86214 70
-1.22495 0.932178 70
-0.949276 3.58781 70
-1.39071 4.69836 70
-0.330332 0.394865 70
-0.849245 -0.725942 70
0.358976 5.88147 70
-4.9774 24.5923 70
-14.9229 19.3189 70
0.753903 -6.00767 70
10.5749 6.17293 70
11.3174 3.54158 70
0.280054 4.75433 70
-3.93076 4.10163 70
-20.3526 -0.542392 70
5.79371 -21.2532 70
-1.4088 -5.87911 70
4.44363 1.36925 70
5.47105 -0.50273 70
9.15525 3.79333 70
1.1631 10.2957 70
-3.87453 5.26594 70
-0.980369 10.2283 70
-5.8387 -31.1035 70
4.53594 4.23921 70
11.3448 -10.7761 70
0.99254 -1.22651 70
1.00128 0.750636 70
1.28682 0.273732 70
31.1952 25.7834 70
-9.49127 -29.1706 70
1.42058 24.3004 70
6.03974 -5.08155 70
-14.2102 0.0846866 70
1.10125 3.82473 70
10.0525 23.558 70
1.45383 5.52503 70
0.267161 5.79958 70
11.2321 5.12893 70
-3.60898 15.6687 70
0.918386 3.57822 70
1.39127 -4.5087 70
-0.214478 -1.0413 70
-0.879773 5.67576 70
-0.47914 -0.639715 70
0.172206 -0.0290387 70
-0.469255 -0.0393767 70
-16.4962 -20.8454 70
41.2341 -25.9933 70
-1.04309 4.66371 70
-1.42148 0.270107 70
10.402 10.5951 70
-1.36354 0.398115 70
34.2851 16.1494 70
-0.815789 -0.264546 70
-0.331808 5.7116 70
-25.9512 -5.30067 70
0.0964732 4.68559 70
1.21661 4.79808 70
-4.13667 1.13622 70
-1.47172 -0.384803 70
0.0413551 5.46551 70
0.058322 4.69366 70
-6.27561 -0.0181202 70
-4.86612 -0.328304 70
5.464 4.24405 70
-9.02159 39.9178 70
-29.5532 26.3552 70
-3.98818 -5.19138 70
-0.591557 5.58165 70
3.7036 9.98623 70
0.925511 3.83348 70
-10.6587 -8.64725 70
-0.363701 6.43696 70
-28.7866 -13.9029 70
6.38342 11.1893 70
0.283766 6.09869 70
-16.4589 0.687194 70
-4.73718 6.04571 70
13.8085 5.63492 70
10.3277 -26.4562 70
-4.15704 4.31654 70
8.86135 0.459518 70
-6.32067 0.368609 70
30.4953 29.1823 70
-0.613642 -1.32253 70
0.153496 -0.0271077 70
4.22632 15.8309 70
-5.18568 10.5276 70
10.2587 35.3835 70
1.21067 0.734779 70
-6.02728 -0.00357122 70
1.01 3.59963 70
0.33546 4.29321 70
-9.38102 5.63431 70
-38.5958 -30.1519 70
-18.5394 -23.8105 70
-10.2105 19.5463 70
-10.0175 6.41723 70
-58.6179 0.763044 70
5.09531 0.26727 70
-1.20771 -0.295637 70
-0.315559 5.45747 70
0.214071 -6.29976 70
11.262 -4.61482 70
0.829053 6.36464 70
-10.9971 41.3979 70
-0.0477673 5.30837 70
-0.562541 0.0617757 70
-0.743086 4.85753 70
-1.16431 -4.18949 70
-6.39411 4.75647 70
1.14773 10.5628 70
-6.26372 -0.435868 70
-4.55934 5.958 70
-4.64941 -0.566907 70
5.68861 6.09047 70
-4.61954 4.73214 70
-4.35454 -0.167169 70
-5.7152 10.8874 70
4.71308 5.44275 70
10.7209 0.0150981 70
0.183472 9.31895 70
-10.3271 5.70997 70
0.958917 4.73456 70
8.50768 10.5698 70
10.6746 -4.8168 70
4.02404 0.616455 70
1.19605 -0.835541 70
-0.286691 -0.318996 70
1.10679 3.92034 70
1.41397 5.95148 70
4.22022 5.65956 70
3.66643 3.64828 70
-14.1886 -19.607 70
-9.03236 -6.496 70
-4.49288 4.4843 70
0.685121 0.122417 70
0.670231 -5.4782 70
0.0671411 3.67492 70
-9.19202 4.06187 70
-4.93836 6.47128 70
6.3674 -0.307455 70
-4.83285 5.25421 70
4.01828 1.17109 70
4.74092 23.7418 70
6.15532 24.5222 70
-5.69662 -0.123926 70
-6.23025 -1.48893 70
4.52526 -0.059618 70
-0.871453 9.93277 70
0.680277 5.18595 70
-4.59507 1.4626 70
-1.22343 -0.0824142 70
-6.44119 -4.13305 70
-4.55247 -0.164349 70
13.7535 -13.9506 70
-13.8433 -5.60032 70
44.1403 60.7465 70
0.195418 3.94169 70
-0.279206 3.99601 70
-30.7808 19.5966 70
-6.26377 4.82963 70
-4.96979 13.6904 70
-1.20622 4.29326 70
-35.0228 -11.4383 70
0.56109 -0.629706 70
0.707486 3.94976 70
20.2479 -15.3838 70
5.56371 -5.70075 70
1.24132 4.4576 70
-0.20824 3.62487 70
1.38762 4.63137 70
0.374746 5.07281 70
1.21565 0.6267 70
-4.77124 -24.8087 70
-13.9377 5.94387 70
1.27757 6.48681 70
-0.231012 3.6578 70
0.74685 1.16414 70
1.3472 0.132242 70
-11.3827 3.61695 70
6.49915 0.407089 70
-1.31054 -6.11235 70
-39.544 14.1191 70
-4.37114 10.3772 70
5.16148 0.732161 70
5.98929 0.305892 70
6.12803 1.10356 70
-0.720132 4.94828 70
-1.00693 5.23399 70
4.25243 -16.1229 70
5.7337 -16.4528 70
-4.62989 -1.3373 70
-1.01359 1.34243 70
-0.259321 -3.66461 70
0.87342 10.3206 70
5.07661 4.79203 70
0.26382 -1.40551 70
1.44766 5.87399 70
-1.14122 0.952002 70
-3.80007 50.4949 70
-5.3799 49.0981 70
-3.55557 50.6296 70
-0.0341256 5.45283 70
-3.60477 -0.609666 70
0.199141 -1.39566 70
0.877502 0.268675 70
-0.379924 -0.529455 70
10.4216 4.88703 70
9.0367 5.88125 70
1.08064 -0.731719 70
4.97985 5.18972 70
10.4715 4.54922 70
1.04537 6.07122 70
-0.141473 4.42519 70
4.30062 5.57094 70
4.67983 10.777 70
0.865826 3.71983 70
-5.17285 4.61432 70
16.4405 14.9471 70
-5.01488 5.06012 70
4.61453 8.87815 70
-5.7965 5.68833 70
-5.88871 5.29375 70
-10.3779 -0.913521 70
-13.5147 20.5562 70
9.85058 5.41585 70
6.35405 6.13256 70
-1.37737 4.34345 70
-0.621565 6.34566 70
15.5751 11.2158 70
-1.36886 -0.869359 70
0.167408 -0.26639 70
3.82083 5.86756 70
20.2366 -10.4012 70
21.0772 -10.4776 70
3.91099 5.35994 70
5.74944 1.13368 70
-0.809257 5.96022 70
-1.32512 10.4574 70
-5.42604 -3.7905 70
0.539817 -1.22789 70
-0.739874 39.009 70
-0.649359 5.83265 70
-1.28138 4.72693 70
4.45251 1.07054 70
-3.93646 15.8203 70
6.11778 9.60738 70
-0.894111 -0.638592 70
1.19888 0.517309 70
-5.53526 1.31157 70
18.7268 25.3553 70
15.5028 -5.70286 70
1.09882 0.374679 70
4.71441 0.957736 70
-5.86011 0.871171 70
4.35376 4.80599 70
8.74731 0.691282 70
28.5715 -24.1235 70
5.84707 1.02878 70
-5.12328 4.00406 70
0.157534 9.25825 70
-0.695877 -1.17798 70
-3.81068 -1.14093 70
-9.24129 13.7286 70
-35.8269 -28.9096 70
-0.894062 5.40713 70
5.6828 15.6068 70
-4.98831 -0.0981373 70
4.92038 5.80966 70
-51.1372 51.1897 70
0.576274 -8.76386 70
4.45023 5.88263 70
0.0659877 6.40716 70
4.71449 -0.260221 70
-4.83029 5.18342 70
0.35304 4.34806 70
-19.034 49.1895 70
9.77854 4.73167 70
3.75424 -15.6562 70
29.9995 -10.7876 70
15.1645 -9.83652 70
-5.91632 0.602611 70
11.1351 15.3124 70
-1.34995 10.7743 70
-1.21632 5.80581 70
-0.829646 3.78852 70
24.2352 10.5374 70
-4.67451 -0.159962 70
-4.44093 11.2388 70
-31.2911 -0.494742 70
-4.08334 -0.998731 70
0.766713 0.948357 70
4.2628 0.189723 70
0.632892 0.02084 70
1.07706 0.903228 70
-0.318098 3.57249 70
0.390784 1.37926 70
0.962696 5.4724 70
-0.720664 9.08613 70
-0.276115 11.113 70
-0.427209 34.3316 70
0.902632 6.46009 70
0.169007 1.20324 70
8.62836 -10.1931 70
-28.9472 -14.917 70
5.03419 -5.74809 70
1.30868 4.04468 70
-1.41915 5.4546 70
4.22973 15.8998 70
-1.38085 4.09 70
10.5026 8.6185 70
-9.47263 5.29403 70
-11.2587 35.2534 70
-9.7211 -6.28978 70
4.90968 -0.386949 70
-5.72377 10.7253 70
3.85469 4.18578 70
-0.433729 1.07084 70
-24.9649 -10.9519 70
21.1528 8.65441 70
-1.25861 -0.577914 70
0.645937 -0.0925169 70
-0.352981 6.05377 70
-4.45539 4.4496 70
1.45439 5.91393 70
-16.1766 11.098 70
0.949531 5.63301 70
6.33566 20.9385 70
-10.5247 -5.45369 70
0.343487 5.92329 70
-6.33256 5.66872 70
-6.09989 6.47352 70
-0.0960641 -4.03134 70
9.17492 6.22665 70
10.1587 3.66906 70
10.2842 10.7128 70
-0.604857 6.17724 70
1.38775 10.5707 70
-1.01493 -0.454761 70
-5.63675 5.66976 70
34.5209 19.4555 70
4.86415 -9.04625 70
0.279903 20.098 70
-5.61601 4.60077 70
-10.0056 5.40994 70
-0.143854 1.32283 70
-3.58956 -1.30299 70
0.896901 1.48356 70
-4.85997 14.1441 70
1.20506 -0.482902 70
-19.4683 10.16 70
9.86512 14.8093 70
8.69411 13.9541 70
-0.424255 4.65319 70
1.17056 4.64891 70
-1.29517 6.34639 70
-6.32055 4.7017 70
5.89853 0.923972 70
-0.0893487 -0.292591 70
11.0663 -1.37778 70
-4.23209 -1.12415 70
-5.13199 -6.25378 70
-0.889862 -1.24856 70
-4.05207 -0.277154 70
-0.950558 -0.0905149 70
-41.4508 -5.06603 70
15.3743 11.1569 70
5.2872 -1.28923 70
1.31898 5.30841 70
41.4696 -19.9366 70
3.60965 3.68498 70
4.15793 5.03728 70
-4.07055 14.4631 70
-0.390712 -0.824677 70
11.4921 0.808859 70
-3.80435 -3.65043 70
11.4812 24.4288 70
-38.6923 -11.0485 70
-39.5088 14.867 70
-11.403 5.62266 70
-28.9065 39.3861 70
0.837544 1.08256 70
-5.49788 3.7508 70
-0.0926623 6.31339 70
15.5675 -5.81105 70
-1.18755 5.21159 70
24.305 -9.57597 70
-3.60798 -0.339163 70
-0.153317 3.96344 70
-13.8358 0.664974 70
0.604726 1.25512 70
1.42668 5.85389 70
-1.03419 4.54701 70
6.39986 15.7476 70
5.64116 -9.2041 70
0.834262 4.43397 70
0.0200696 3.66173 70
-1.23043 6.02539 70
-0.0428147 9.49852 70
-8.86725 10.5854 70
20.1387 14.9349 70
0.68092 5.8123 70
0.299352 5.57485 70
-4.79941 0.603129 70
1.19611 6.15353 70
25.3226 -4.86413 70
1.00353 4.91271 70
5.16423 0.293574 70
5.31189 6.03418 70
0.046767 0.824727 70
-1.24177 1.11974 70
0.831908 0.488955 70
0.641977 1.15058 70
11.3147 -24.7395 70
-4.58733 -4.09876 70
-0.207526 11.3862 70
-1.12116 1.05175 70
-6.29615 9.35363 70
4.031 4.92186 70
1.09478 -4.58259 70
-0.359406 15.3913 70
38.9955 43.5712 70
5.20867 9.55426 70
24.6793 -44.2197 70
24.6461 -46.1398 70
-1.18894 0.350923 70
3.65583 9.97907 70
-5.8012 3.61751 70
-14.4151 14.8078 70
5.30818 5.31434 70
-0.865686 3.75279 70
21.0069 -0.826142 70
3.5768 4.2796 70
-3.66123 -0.831347 70
3.64708 -4.74468 70
0.457811 0.567626 70
-0.0735145 -0.608825 70
-4.86056 5.63466 70
-0.00299906 -10.5487 70
-1.31373 1.1552 70
8.62971 5.13564 70
-0.573048 0.594978 70
-0.850144 -0.627269 70
-1.381 -0.59375 70
-5.15616 -39.726 70
-0.78831 5.32201 70
0.63508 -5.96266 70
1.21854 10.2887 70
0.127287 0.299142 70
-0.267308 10.6167 70
-4.47851 9.51219 70
4.76634 5.90442 70
0.97738 6.36083 70
4.54464 0.494515 70
-10.5435 0.759086 70
-0.542315 6.28813 70
15.4796 14.1182 70
0.153873 1.10774 70
-11.0035 -6.11202 70
-0.618243 1.06122 70
-25.146 -3.50549 70
-60.5978 -4.89189 70
1.49392 6.20204 70
-1.36243 10.8182 70
0.962928 -1.22358 70
-18.9629 -45.2528 70
3.66706 4.01079 70
10.9279 10.3119 70
6.03093 3.60355 70
4.68621 4.86964 70
6.30803 0.905041 70
-0.80107 4.84477 70
3.81952 5.28647 70
-1.38791 3.88458 70
5.25385 6.17117 70
-5.71031 -6.26379 70
-51.2759 -23.734 70
3.896 1.47048 70
-3.55391 -1.15011 70
0.827535 5.71226 70
-1.09688 -0.880724 70
-0.179956 5.57173 70
-0.656312 4.71498 70
4.47724 5.15354 70
5.64462 1.30773 70
0.154336 5.32331 70
-1.31969 5.73367 70
0.613091 6.35118 70
-0.0672838 -0.826218 70
-11.2437 0.74283 70
-0.633943 -4.37091 70
0.0271262 4.03101 70
-11.4537 -6.16547 70
5.17426 -0.554268 70
25.59 30.4617 70
-11.1949 -24.4845 70
-14.1772 15.2878 70
-1.01521 -0.615982 70
-0.974918 8.54484 70
-4.60112 9.95293 70
4.74334 5.3922 70
9.16984 10.2408 70
-1.33414 -0.821213 70
-0.288652 6.40183 70
-0.266496 5.71242 70
20.3528 -0.344665 70
9.95719 3.81673 70
-10.0583 13.8612 70
0.447143 -0.692643 70
0.727889 4.42684 70
10.2684 4.44641 70
-1.23539 5.60637 70
0.0885858 4.60534 70
-24.9739 35.3367 70
6.21626 -9.78865 70
1.36861 3.51014 70
6.34612 5.93425 70
-0.349796 0.745092 70
4.56657 0.571083 70
19.6936 -5.59779 70
50.3787 24.1291 70
-4.28636 5.47797 70
3.57218 -10.5688 70
0.300323 1.28012 70
0.347184 0.947115 70
5.96228 -0.584809 70
19.6682 29.7859 70
-0.811825 6.31875 70
-5.04111 5.06351 70
0.990512 0.161547 70
3.65777 -0.757001 70
-35.4842 -6.36006 70
-5.90271 0.655154 70
-10.1552 10.1481 70
1.35499 -5.8782 70
-4.20925 9.64266 70
0.924212 4.61514 70
-5.04904 -4.24351 70
9.15406 -5.05295 70
4.51662 -4.86953 70
-8.53562 9.78892 70
-8.87655 11.1977 70
0.489448 -0.260192 70
10.2232 -11.2526 70
-6.03076 -1.11754 70
21.4726 8.99107 70
3.74811 5.99353 70
-5.26102 5.16501 70
1.44611 0.874481 70
0.473635 -6.31558 70
-1.18259 -0.909957 70
-10.3101 4.2307 70
-1.27912 4.30645 70
0.710237 10.234 70
-8.57595 15.915 70
-10.946 15.6428 70
0.0260812 5.04815 70
-16.4045 4.33774 70
0.64249 6.21301 70
1.36353 6.43885 70
6.09676 11.36 70
-4.88005 6.22506 70
5.52045 5.35635 70
-1.33722 4.7223 70
-4.32693 1.30664 70
-0.592717 0.880498 70
-1.12596 -0.993823 70
-5.45231 1.39917 70
-4.68161 -1.10848 70
-60.7984 -14.0676 70
-58.9187 -16.0877 70
-14.5451 29.7061 70
-18.6266 -1.47117 70
-30.0245 9.8825 70
-0.690488 5.12913 70
-18.7586 8.51439 70
11.0101 -9.84958 70
3.9497 10.124 70
4.32874 10.8791 70
-9.05715 0.0292842 70
-3.92111 -5.6533 70
1.1915 6.06594 70
-4.23871 10.496 70
-6.05623 0.494397 70
-9.22168 -8.84449 70
-0.656152 4.00013 70
-13.5361 6.01537 70
5.94879 -1.36103 70
0.742024 1.29124 70
-0.192588 0.342265 70
-4.03061 10.7584 70
-14.7681 -13.5837 70
19.3033 5.32776 70
-9.52732 15.3786 70
-6.28528 -0.859455 70
4.50987 5.09194 70
19.8498 4.19979 70
5.15267 5.47801 70
0.948613 6.00089 70
20.8153 -1.00706 70
-0.972418 4.66365 70
-0.128233 -8.50883 70
-0.788446 4.96906 70
0.375483 -0.927105 70
-15.4906 -14.521 70
-20.7882 5.72823 70
5.54533 -0.736243 70
-1.47012 0.900973 70
-0.342853 4.68661 70
0.794191 9.72678 70
1.09106 8.7381 70
10.3578 3.86998 70
-1.39551 4.26129 70
-0.594755 6.07669 70
-0.131202 0.365875 70
-15.4688 0.610815 70
-0.216593 14.2768 70
5.11751 0.883222 70
1.22228 5.87041 70
5.71705 5.12166 70
-4.21796 5.79303 70
6.3927 3.54517 70
33.6273 6.14066 70
-9.95126 -18.896 70
6.024 -13.521 70
0.837456 4.80313 70
5.19764 -9.95456 70
1.47774 -9.64497 70
0.907281 4.51567 70
1.2754 -1.14915 70
-1.28775 1.26134 70
-9.15971 10.5765 70
-1.44322 11.1457 70
0.413907 0.181436 70
1.2071 3.88252 70
-0.216303 4.21589 70
8.60092 10.596 70
11.3487 9.70538 70
-16.1666 1.00049 70
21.1503 14.7018 70
-8.96413 -14.3031 70
-0.475414 5.83375 70
9.2799 15.469 70
-6.21397 5.60344 70
58.6821 -10.6151 70
0.0698851 0.744163 70
-0.752152 -3.84501 70
3.9877 3.6271 70
5.83475 3.55717 70
5.17241 5.24831 70
-10.6452 0.267811 70
6.30191 -19.834 70
0.86456 0.788946 70
5.9783 -1.43375 70
-0.660098 3.69083 70
-5.07961 1.06628 70
10.5133 51.3964 70
-1.048 -1.29858 70
4.42489 4.59728 70
4.89502 1.2266 70
-3.92408 -0.715142 70
-21.0104 49.8668 70
-0.724476 -4.12233 70
0.520401 -0.630455 70
-0.556345 -1.35574 70
-0.523318 6.00329 70
-10.1308 3.5312 70
-0.200009 -1.37044 70
0.869085 0.769103 70
5.64256 6.31516 70
11.1932 0.873682 70
4.6704 4.00424 70
0.980437 -1.46685 70
3.90586 3.79702 70
0.808127 5.41111 70
-21.134 -15.5783 70
4.87467 -0.671921 70
-5.83337 5.70646 70
0.417407 5.02427 70
-25.8599 28.6719 70
-11.405 -26.4928 70
-6.27408 -5.72272 70
3.91421 5.13061 70
5.46056 5.75049 70
3.74406 9.29938 70
-0.295998 3.9708 70
0.432924 4.48162 70
0.990993 5.43748 70
-0.401867 0.964969 70
-9.88445 0.514796 70
5.72083 -0.616643 70
-1.18666 5.83181 70
-0.438258 4.10305 70
0.606761 -5.3892 70
0.153742 -6.05739 70
0.705215 4.71591 70
-0.960699 -5.99599 70
14.8029 -0.661524 70
11.2777 -3.92823 70
-1.04758 -0.335764 70
0.153279 3.84005 70
0.243184 5.51162 70
-5.55251 4.65162 70
0.820686 0.118892 70
0.152525 19.3002 70
-0.281632 19.5269 70
-1.42414 3.84948 70
-25.244 -0.717297 70
1.23817 -10.4059 70
4.0112 4.91612 70
3.85385 9.37572 70
24.827 -6.17309 70
1.32943 1.29018 70
-0.596685 0.831137 70
-3.69242 0.934534 70
11.1175 -5.23241 70
1.40804 3.94782 70
16.4319 6.06021 70
0.781595 5.1253 70
4.20768 0.188235 70
-4.63411 3.92178 70
-35.7115 -24.8223 70
4.29636 0.00547605 70
0.73043 4.4911 70
-1.08022 6.07696 70
-5.41373 0.497562 70
0.876806 4.13029 70
-0.501394 -4.61009 70
-6.4293 -0.485536 70
3.60133 4.90783 70
-4.73282 4.6523 70
41.1837 34.0631 70
-19.019 -13.7253 70
-18.6273 24.7211 70
-0.316633 1.0598 70
-5.8511 19.1207 70
1.39195 -4.66185 70
0.349149 3.59621 70
0.126108 -0.499183 70
-9.12627 -3.78089 70
-14.7122 51.0988 70
-23.5673 9.8457 70
-6.27356 -0.619939 70
15.0316 3.68979 70
10.0217 8.62074 70
-44.9118 14.3159 70
1.2326 -0.251346 70
-0.410173 5.24436 70
0.100154 4.38578 70
-0.561769 31.0678 70
-6.42383 -0.899353 70
-10.6897 -39.9047 70
-4.84002 5.66436 70
-5.39233 0.639119 70
-1.46313 -3.921 70
-0.201979 -9.03408 70
4.80711 -1.10308 70
-4.12121 1.16907 70
-23.6854 15.0929 70
-5.26862 4.80183 70
-4.83665 3.64584 70
-0.208403 5.16592 70
4.57797 5.97692 70
-0.104449 4.08755 70
1.49923 9.26815 70
-6.31439 6.1091 70
-29.8729 29.4201 70
-28.514 29.5512 70
55.4226 59.4273 70
55.8252 58.8646 70
-14.521 -14.864 70
5.39906 -0.988762 70
0.609723 0.366669 70
10.3437 -8.65368 70
0.995885 1.16083 70
-5.32582 10.9983 70
1.16572 -0.188915 70
-0.480243 0.804143 70
0.502216 0.837008 70
1.19272 0.47265 70
4.54612 4.28052 70
-23.9566 24.7194 70
5.05765 19.2924 70
-0.525678 0.585837 70
-5.88934 10.3024 70
8.68069 -39.114 70
1.0481 -1.12405 70
-0.227422 6.38651 70
4.03328 5.14691 70
-4.22925 5.9689 70
3.54168 -9.73361 70
16.4403 5.47937 70
0.0370798 5.04486 70
0.438127 4.88014 70
4.01245 3.64721 70
-4.54939 1.24302 70
39.9311 -21.0575 70
0.31656 10.679 70
1.15501 1.35623 70
0.486261 5.60491 70
-5.18923 8.5543 70
-1.36439 0.0773025 70
5.2822 3.75643 70
-0.928137 0.732085 70
-11.1472 -0.573508 70
0.329973 -0.0604049 70
-19.5958 3.87707 70
10.8368 4.1642 70
10.5594 10.3841 70
-4.04042 4.3735 70
0.716324 -1.29359 70
-4.29982 5.22855 70
1.2985 -4.34857 70
-14.9897 -20.494 70
1.2901 -5.15529 70
-6.0867 0.328066 70
-4.05038 -4.57668 70
-5.53808 -5.26181 70
-1.43464 3.75783 70
-0.14584 4.27258 70
-1.01905 3.62244 70
-0.925135 4.61237 70
-0.325202 -0.635382 70
-0.496747 -0.574601 70
4.03311 -4.87364 70
9.22669 8.99325 70
1.35334 -1.48926 70
4.41941 5.52096 70
-5.47368 -0.407301 70
-5.59817 -11.3112 70
10.6876 -19.3806 70
1.238 4.07884 70
-6.21761 -4.46028 70
-0.0563778 0.141157 70
1.24567 14.554 70
0.961311 4.32303 70
5.77275 -4.21259 70
5.35696 3.99009 70
-4.46931 4.08079 70
-4.49663 0.56781 70
-1.37602 -0.253447 70
5.14431 3.56482 70
-1.42775 9.02017 70
10.9486 -1.04679 70
4.5027 6.40964 70
0.167394 5.17068 70
5.3273 6.48259 70
14.5735 -4.97407 70
-0.71067 -15.9729 70
3.82356 -5.6755 70
10.6173 10.4363 70
-1.30281 -5.43392 70
-0.291805 11.1751 70
-3.83408 11.4241 70
4.86231 10.7134 70
4.37623 -4.22896 70
-0.79685 5.17124 70
0.138988 1.16275 70
-0.824064 5.51961 70
-5.00743 -1.11774 70
6.06955 0.846435 70
-0.964458 6.42114 70
-4.30797 3.50119 70
10.9278 6.14317 70
0.466461 4.46042 70
-4.13023 20.3954 70
0.348407 1.31285 70
15.4257 5.5602 70
6.04347 1.29 70
20.5983 33.9641 70
9.16179 9.65108 70
-13.9915 5.66499 70
0.690678 0.522773 70
-14.392 23.8991 70
-3.63381 4.19439 70
1.4222 -1.18228 70
6.04636 -10.7621 70
8.88248 1.21307 70
19.0769 -6.25051 70
19.9959 -6.46092 70
0.622945 9.99158 70
0.476709 3.58998 70
