0.36297 -9.62414 70
1.38793 -8.9641 70
1.08697 -3.51302 70
0.625854 -0.617132 70
-1.33356 -1.19761 70
-4.65963 -5.28823 70
-5.37452 -0.889617 70
-4.38788 -5.70352 70
-3.68002 -8.80668 70
5.18294 1.36345 70
-19.588 -20.7346 70
-8.5663 -4.46411 70
-6.03571 -0.344731 70
10.7289 -0.533882 70
1.15184 4.52229 70
0.458094 -3.78888 70
-20.7256 18.5959 70
0.42232 -1.49915 70
-3.5437 -5.41653 70
-6.07474 1.49658 70
-0.889787 4.37308 70
3.90137 -4.24007 70
25.906 -20.5149 70
-0.335731 -1.06506 70
-4.75301 -0.994027 70
-6.23229 -10.6978 70
14.8788 -20.4668 70
5.77051 -25.4532 70
-0.788261 -6.23794 70
0.734863 1.33673 70
-5.6013 0.194646 70
-5.81777 -0.0141678 70
40.7295 -9.97685 70
4.72213 -1.06756 70
-5.53762 4.71403 70
-0.226829 5.00829 70
-4.53742 0.673088 70
5.88666 -4.15257 70
-5.19284 -4.51923 70
-3.77439 -3.91731 70
-4.07016 -4.5242 70
50.2823 6.00966 70
-4.00655 1.36878 70
11.4867 -13.7864 70
-1.21876 -4.29165 70
-11.023 -5.67656 70
0.369738 4.2622 70
0.618925 -10.0085 70
-1.01184 -10.3897 70
-4.83453 -0.000857722 70
-5.80451 0.728353 70
9.74902 26.222 70
-6.15129 10.4183 70
-10.4386 19.8697 70
-4.05875 -0.0576622 70
0.130675 -6.2175 70
-0.768893 -0.443079 70
1.0241 -6.37458 70
9.97464 -0.808241 70
0.56374 -4.04072 70
-8.56568 -5.86021 70
-11.1921 -0.563515 70
-13.6529 6.24455 70
1.29822 -4.24874 70
-5.60889 -5.85842 70
0.67635 -9.29149 70
-5.00592 -6.18579 70
-4.68103 -5.01827 70
-5.57578 -4.91254 70
-10.6013 -11.0054 70
-4.97434 1.01053 70
-53.8807 9.74987 70
1.25461 -19.9068 70
1.35426 -0.481132 70
-14.4857 19.0306 70
14.8194 9.10893 70
3.98469 -1.02779 70
4.38497 -21.2691 70
-0.91181 -4.79486 70
1.29251 -9.07009 70
1.24419 -5.96603 70
18.8258 10.8155 70
-1.41205 5.25515 70
-0.061679 -4.05029 70
-21.2774 -36.4958 70
1.44848 18.8741 70
1.12072 4.00055 70
-0.106807 11.1606 70
-5.75437 -8.76221 70
5.20471 0.57208 70
-9.18099 -4.1306 70
-0.457732 -4.90131 70
-0.263942 -5.10771 70
4.47024 -5.92855 70
-5.32707 -5.1504 70
0.900803 1.1843 70
-6.41337 0.634825 70
0.488627 -5.09318 70
-1.19383 -3.74474 70
0.57223 6.3618 70
1.30102 -4.24222 70
-1.18683 0.990801 70
-0.939552 0.865681 70
-0.782174 0.88504 70
6.07532 -3.91457 70
29.1285 -35.6016 70
-8.65264 -25.0754 70
29.5759 -39.3291 70
-16.3635 -10.5713 70
14.4807 46.1897 70
19.4992 -10.8522 70
-10.1399 -4.3712 70
-1.01608 -5.07438 70
0.70376 -0.52839 70
10.2691 3.87625 70
0.664175 -1.37781 70
-3.64979 -1.35761 70
14.7234 0.485836 70
-6.10491 -0.137305 70
-4.77021 -0.958365 70
-4.45361 -0.199218 70
-9.6645 6.00643 70
-5.61025 3.88749 70
35.0049 23.8664 70
0.612228 -10.3892 70
0.00207154 -0.926164 70
-10.572 -1.04386 70
-5.11001 -4.75514 70
-5.21498 0.971608 70
-0.521263 0.711905 70
-4.69107 -1.1748 70
-4.148 0.607633 70
0.352668 -5.93998 70
0.647205 -0.599452 70
-0.845221 -0.242804 70
1.29822 0.0758107 70
-5.45443 -5.11873 70
0.829876 -0.901873 70
-5.03165 -0.967102 70
-3.84173 1.23035 70
-44.8571 19.4041 70
-13.9488 10.2481 70
13.6014 -34.738 70
9.42715 -5.0439 70
-4.98751 -4.94543 70
14.2806 -51.2835 70
0.929485 -0.0869213 70
3.67052 9.35443 70
1.2051 5.29422 70
1.3637 -9.97843 70
-1.41195 1.46725 70
-3.97068 1.19843 70
-3.57966 -11.3246 70
44.5382 -45.1631 70
-4.09914 -0.60087 70
1.16908 -1.1929 70
1.10592 -5.64782 70
11.1989 -6.21985 70
0.472059 -4.83409 70
-10.7118 -0.278375 70
-5.47344 0.352118 70
-4.69661 -4.89865 70
-6.20413 -6.41939 70
-8.73006 0.42055 70
21.0324 -23.5744 70
0.251035 -5.72465 70
4.56414 0.379326 70
1.34753 0.01313 70
-5.84695 -6.44549 70
10.7672 -5.03422 70
9.61072 15.3992 70
-5.11137 0.356505 70
1.19042 -1.26119 70
0.676101 5.56348 70
0.524149 0.488579 70
1.08655 -9.58921 70
-1.25853 -0.137143 70
5.21386 0.857657 70
-0.593826 0.142101 70
-0.105426 -1.18061 70
-1.47087 -4.33661 70
-3.82789 -4.775 70
-4.75269 4.07725 70
16.3438 15.8767 70
-24.9391 -6.27161 70
-5.76692 0.782449 70
25.619 16.1873 70
-0.646135 -0.277291 70
-6.36087 -44.6346 70
15.0674 -6.44631 70
-5.46427 -4.42004 70
0.926192 1.35251 70
-0.583081 16.499 70
-0.597653 -6.12724 70
-4.33439 -5.78831 70
-10.6422 -1.28516 70
-5.19561 -1.31987 70
-1.07852 -3.80601 70
-0.746931 -4.63279 70
-1.13451 -5.2047 70
-4.81724 -0.940282 70
-6.39087 0.969741 70
-8.95952 -4.95526 70
-4.7379 -18.9171 70
4.26788 4.30575 70
-4.04889 3.9587 70
-4.70762 -1.32501 70
5.53833 -10.8789 70
-9.98854 -5.31094 70
0.0541132 -4.42722 70
1.30548 4.53018 70
-0.798013 0.31771 70
28.7974 -4.44235 70
-8.7478 3.51791 70
-13.9533 6.32264 70
5.18378 -25.7484 70
-3.70937 -0.747286 70
3.9663 5.42361 70
-5.07018 -1.358 70
-0.0385199 9.90457 70
-4.61368 -3.56867 70
-11.1679 -0.820892 70
-4.79793 0.741765 70
19.8531 -6.15414 70
8.77519 -9.55781 70
8.89457 -10.9813 70
29.8088 1.33793 70
1.46802 -5.11477 70
3.77887 6.23077 70
-0.294242 -3.804 70
-0.375583 -4.65898 70
0.570183 6.12237 70
1.12949 6.10179 70
-9.68523 9.61802 70
1.15273 14.013 70
-4.91515 -0.0253097 70
0.301482 -25.7662 70
-9.97888 3.83842 70
-10.1354 5.44563 70
-1.32996 4.9856 70
-5.68273 -0.830489 70
-5.41036 6.16709 70
-4.02391 -1.10374 70
-6.19351 0.936606 70
-5.81785 0.335141 70
6.19071 -4.58533 70
-9.80167 -0.262096 70
-26.0294 3.79666 70
-6.37309 -3.59764 70
-4.30924 -6.23304 70
1.2589 5.08798 70
-4.98487 6.26429 70
-6.49245 -4.4824 70
-5.2838 -4.63837 70
-9.98751 5.37575 70
-0.906288 -4.97399 70
-0.174614 -5.46788 70
4.55878 -5.26043 70
5.688 -5.18047 70
3.98957 -4.28507 70
10.3168 -5.22396 70
1.38956 -3.92197 70
-3.68267 -0.554038 70
5.34734 -5.5257 70
-11.1437 -9.62527 70
0.123267 -5.08558 70
-1.03916 5.44989 70
5.41588 -0.534149 70
39.6931 5.71194 70
-6.09271 1.28492 70
-3.886 0.225192 70
0.31411 -11.0803 70
-0.240792 0.873998 70
9.01706 -9.0205 70
-5.68819 -1.26966 70
-6.42945 10.6857 70
0.383424 1.1089 70
5.84649 10.2838 70
-6.28679 1.48607 70
0.0062152 -6.27945 70
-4.2774 20.7618 70
-6.34632 -1.3858 70
-10.2684 -23.8911 70
6.25726 6.03772 70
4.20518 -0.727004 70
-0.263942 -0.293863 70
10.1602 -16.4219 70
0.0854327 6.0934 70
-3.78798 -3.95527 70
-5.77829 -0.278234 70
0.11317 -1.30477 70
-5.37661 0.701851 70
11.2889 6.16588 70
0.12715 10.6155 70
11.3496 -0.920263 70
-4.68362 -6.45538 70
5.97498 -1.30039 70
-5.89874 -8.81509 70
0.520192 -1.07954 70
-5.58549 16.0729 70
4.01898 11.4269 70
-6.25454 -6.10814 70
-6.01431 0.905499 70
0.904893 -3.85584 70
-4.52495 -0.805294 70
-0.021785 -0.556718 70
-0.676849 0.450357 70
0.847145 0.577288 70
-5.00502 -1.47765 70
0.016965 -0.97017 70
-10.1793 10.2502 70
-9.91698 9.09653 70
-4.45859 9.99117 70
-9.66 -0.19113 70
-4.21043 24.7704 70
-3.62928 29.3019 70
5.83117 -5.65531 70
40.4585 38.576 70
5.4324 1.0787 70
6.02834 -6.02705 70
-23.7844 20.6518 70
-4.00029 5.76947 70
0.303645 5.9004 70
0.322904 -11.1143 70
-0.473603 -1.21578 70
-5.81966 0.712379 70
-4.94724 0.39378 70
-0.496996 -0.909301 70
23.7077 21.0614 70
3.97189 -3.55123 70
5.3852 -4.04911 70
-9.0906 -8.50021 70
-0.510588 -11.3267 70
-6.11001 -5.81789 70
-0.859495 1.33138 70
1.49769 1.28984 70
-5.62188 0.301753 70
0.396935 -6.42988 70
-5.86624 5.41323 70
-5.69112 -3.91224 70
-16.1981 -14.1216 70
-5.03967 -0.202758 70
-15.8686 -0.695587 70
1.39888 -4.0313 70
-0.552581 5.29542 70
-0.369891 -0.324496 70
0.514364 -0.0108669 70
-4.87908 0.321206 70
-8.84686 -0.558268 70
14.1904 1.36531 70
-54.6358 40.1661 70
39.8222 54.383 70
-3.70365 -0.444215 70
-3.59203 -4.74898 70
0.688455 -0.18367 70
-11.0435 -6.32038 70
10.4439 35.07 70
48.5131 8.84566 70
1.4745 -6.41112 70
-6.27178 5.83446 70
39.2728 9.31065 70
-0.79516 -0.189893 70
1.46848 -5.24674 70
-6.4471 -1.00931 70
-0.805171 5.63602 70
-4.78233 4.43226 70
21.2809 9.71976 70
-0.76872 -1.06233 70
-3.64658 23.8197 70
-19.199 -4.40646 70
-3.61883 -8.61948 70
-0.437891 1.1702 70
8.52849 -5.59803 70
-4.8529 -0.712988 70
-14.4253 -0.689169 70
-5.19222 -8.94199 70
10.7895 13.6728 70
0.462169 -1.21469 70
-3.92881 -5.87623 70
-1.31549 -6.36535 70
-13.6881 19.1942 70
-0.533341 -8.66752 70
-0.495619 -9.75816 70
-5.45378 -5.30575 70
11.446 5.76792 70
6.40878 0.410914 70
1.45166 0.893106 70
0.055714 0.285217 70
45.1106 -14.5399 70
0.323861 -10.9702 70
0.835282 6.08678 70
-1.31548 0.511643 70
-11.0556 4.78996 70
-9.67937 14.508 70
-1.13625 0.996059 70
0.895812 -0.425936 70
-0.091649 -0.231509 70
-5.72233 1.39956 70
-0.163278 -0.453702 70
1.08124 -8.99331 70
6.17235 -9.09532 70
35.9484 -9.68258 70
-0.586783 -5.17204 70
-10.3755 -5.90649 70
-4.68036 -6.03984 70
-3.80645 1.27832 70
-5.80038 -6.05539 70
-0.447441 -16.4141 70
0.530284 -0.848419 70
-10.7564 -0.0282614 70
-11.4769 5.01651 70
-3.82916 -5.28883 70
-5.81023 -16.3316 70
-0.689376 -15.9366 70
-9.82196 -4.04966 70
-5.27573 -5.50344 70
-5.65389 -8.59491 70
10.4875 -10.152 70
-1.32515 -0.51061 70
-0.250744 -5.30092 70
-6.01483 4.19219 70
-1.17534 0.266677 70
-8.63706 -10.5105 70
-0.373015 -11.2317 70
-4.93298 11.2887 70
5.85902 -0.337202 70
-3.77651 19.9831 70
0.817527 -5.14347 70
-10.9918 -11.4722 70
-10.0016 -14.5945 70
-10.4554 -16.0191 70
1.40409 -3.53297 70
18.8002 -0.566464 70
-4.11208 -0.321433 70
-0.253081 1.38295 70
0.960256 -5.64107 70
5.57899 -0.970813 70
-19.4696 -24.231 70
-5.4055 -5.27585 70
30.6321 -18.7597 70
-0.118201 11.3757 70
-10.6617 3.98135 70
-0.883637 1.01253 70
-0.558831 -4.97599 70
19.212 3.94001 70
3.96521 -18.9251 70
-10.0175 -5.92714 70
30.5632 -18.788 70
0.726428 -0.653452 70
8.73447 -10.8596 70
1.48385 5.47177 70
-40.3344 14.4273 70
-13.6191 -5.9382 70
-0.115884 -0.365513 70
-14.8593 -34.787 70
0.673661 -1.39378 70
10.8806 -1.11086 70
-4.61302 -3.62366 70
-15.6407 1.32782 70
-5.7653 4.3578 70
0.286568 -8.72823 70
-5.52257 -5.10537 70
23.7541 5.30149 70
-25.5627 15.2916 70
-5.66756 -1.0536 70
0.41023 -3.78989 70
-6.31548 4.67862 70
-6.43889 0.791565 70
14.9046 -18.5972 70
-5.55126 -0.30261 70
-0.345824 3.58398 70
6.02795 -0.41554 70
-0.19961 -6.15613 70
-0.253095 -1.49236 70
-1.23884 -9.51815 70
-0.759463 -0.129565 70
-1.34724 0.859298 70
-6.08404 -10.3684 70
0.491349 1.29021 70
-5.76471 0.771209 70
3.85333 19.9823 70
16.4473 16.4233 70
1.24318 -0.030697 70
-4.31008 -1.03846 70
-5.86613 -0.526556 70
15.8482 -20.3119 70
-6.17539 5.95005 70
-1.12641 0.356278 70
10.2383 -10.1213 70
0.92916 -3.72962 70
-4.35259 -4.86434 70
0.793299 -5.26321 70
-0.710693 -5.81983 70
-0.841714 -4.86546 70
5.23326 4.50458 70
-1.14423 -6.09186 70
-4.70491 -3.69401 70
-5.54298 -3.9527 70
0.729069 0.0921543 70
-6.33158 1.44674 70
-4.20719 -1.10725 70
0.297253 -0.755941 70
-8.7713 -35.0216 70
-3.76155 -3.87088 70
0.626901 0.869554 70
-20.3134 -10.9273 70
-1.40547 0.49039 70
-0.758506 -5.96195 70
-1.11052 1.19609 70
-4.80009 0.620486 70
15.9353 -16.3188 70
-4.41418 -8.54517 70
1.04006 -6.20998 70
-0.437559 -5.64459 70
-5.28696 -4.01074 70
-5.39674 -4.89293 70
4.39495 9.12275 70
5.17536 5.51657 70
0.411157 -0.108131 70
-5.03692 11.4635 70
-1.38357 0.323954 70
0.248155 5.23916 70
3.6833 -21.4502 70
0.977388 1.13914 70
-15.7599 -4.64407 70
-10.783 14.1382 70
-5.5337 -0.738405 70
9.74904 -14.8587 70
11.0933 -14.207 70
-5.6437 -4.64326 70
0.733723 -4.73508 70
-3.52738 4.25049 70
-4.33785 -0.917872 70
14.4891 9.46234 70
3.57123 9.29294 70
-4.93115 0.805311 70
-0.327939 -15.9948 70
-8.60065 0.59769 70
-3.78215 -4.49779 70
-5.7521 -5.29879 70
-4.25502 3.9016 70
-10.1843 -4.47166 70
-0.199415 0.685677 70
1.1647 -3.83522 70
-4.96887 -10.834 70
-36.3738 -1.47673 70
1.26308 -5.77359 70
0.892984 4.876 70
-3.52365 -4.02304 70
-21.222 15.2576 70
-4.53625 -4.34003 70
0.00186668 -3.914 70
9.26832 5.6675 70
0.376329 -0.996534 70
-5.546 -9.98424 70
-0.133399 -0.228101 70
-1.37793 0.735587 70
0.703567 6.11533 70
1.3158 -4.0247 70
-5.08176 0.307547 70
-1.28128 0.0872862 70
-6.05907 -6.4874 70
-0.591395 -5.8329 70
-8.87424 -5.87202 70
-1.1551 4.5775 70
-11.0153 -5.98977 70
-6.32464 4.54479 70
-4.9058 -14.4232 70
-6.2083 -6.39456 70
-4.13668 3.85962 70
-11.2944 -0.605561 70
-5.83887 -4.37087 70
-15.7147 5.07578 70
1.32706 0.454778 70
10.1925 13.6595 70
-5.96533 1.48357 70
-5.72634 0.983335 70
-0.527421 -5.03936 70
9.47421 -0.756992 70
-0.939246 5.24039 70
-5.17971 1.18809 70
-9.36875 8.87128 70
4.90194 -6.16871 70
1.34716 -0.298672 70
0.946156 -0.563248 70
1.4589 -0.320988 70
-5.02697 10.1967 70
5.76498 14.0795 70
0.265399 -4.93402 70
-3.57302 1.00706 70
-4.76883 0.418605 70
1.46553 -20.4813 70
-5.88241 5.20643 70
-6.28726 1.41712 70
-4.6045 -5.90366 70
1.15214 0.792466 70
-4.64444 -0.344951 70
1.28006 -1.37524 70
0.515955 0.509684 70
-4.75579 -3.90107 70
-1.19449 -3.96664 70
-10.7062 -4.64319 70
-5.45437 -1.28514 70
0.797723 -0.856703 70
0.960473 -0.688438 70
4.91516 4.01811 70
-1.45785 -4.5163 70
-4.57815 0.659076 70
4.06634 -25.4774 70
-5.05429 0.226894 70
-0.178836 -24.0886 70
4.33419 5.7401 70
-0.595142 9.18267 70
5.03325 -1.22337 70
-9.69118 -11.2891 70
-23.5357 4.10374 70
-1.0344 5.08686 70
-1.09409 -6.37145 70
-5.08346 -5.82337 70
-0.10532 -0.31496 70
0.977033 4.15085 70
4.67926 19.9101 70
-1.12709 0.0623917 70
-1.32736 0.433199 70
-54.5768 -41.4398 70
-26.0789 -41.159 70
-9.5353 5.76376 70
-10.0072 5.16418 70
6.20212 11.0628 70
0.386915 1.24834 70
4.8823 0.94477 70
1.09161 0.301033 70
-0.456112 -0.660062 70
0.517209 -9.45535 70
3.74041 0.0780629 70
0.304778 -1.18465 70
-0.319322 -11.2006 70
1.29449 -0.176784 70
-26.2038 6.34118 70
-4.88245 -4.52261 70
-0.0247023 1.47879 70
-6.2142 0.288709 70
4.00106 -0.794556 70
-4.52582 -0.957915 70
-29.4198 -25.0026 70
-9.59319 -9.68886 70
0.971884 10.3806 70
-20.1749 -3.54713 70
31.3169 -30.3403 70
0.165391 -9.67298 70
-5.43818 -1.02151 70
-5.79835 3.999 70
-10.8868 5.59564 70
-9.78208 4.74157 70
-21.2726 -0.947045 70
1.48124 -0.914265 70
-0.673957 -5.77473 70
-3.90367 -0.0540149 70
-4.46549 -5.76414 70
-6.25024 1.47703 70
-3.53149 -0.493423 70
-5.80578 28.9894 70
3.59059 0.577832 70
0.0615115 6.1363 70
-0.0619053 -0.839056 70
1.34746 -0.270477 70
-1.0303 1.05886 70
-8.9189 16.1043 70
-0.306701 -4.5012 70
6.07056 9.7697 70
-5.44193 1.17445 70
1.09737 3.9094 70
0.774296 -0.654984 70
-14.5239 -5.37648 70
-6.16782 -6.25635 70
51.3503 -3.94202 70
-3.69631 -0.917914 70
-8.52465 -0.462673 70
-4.36676 0.409236 70
0.643139 -10.1907 70
-1.39551 -9.62234 70
-0.732443 -8.97669 70
-5.43422 -1.43974 70
6.03973 5.44648 70
-6.27616 13.561 70
-9.28541 10.314 70
-11.4676 0.508996 70
-5.76231 -1.43402 70
-10.8858 0.784745 70
-0.891588 -1.1411 70
-4.02783 4.09604 70
33.957 -4.77109 70
-6.17701 -9.8271 70
-0.606667 10.0352 70
-0.601795 -5.23557 70
0.527908 -0.924343 70
35.5923 34.8203 70
3.70915 -0.652776 70
0.100629 -43.9189 70
-0.6684 -45.1082 70
-0.0330366 1.44625 70
-0.119309 -0.751404 70
5.24123 5.98961 70
-14.2364 5.4331 70
0.155927 -0.0545373 70
-5.906 -5.27118 70
-4.88166 1.16775 70
-0.521193 -0.631521 70
4.792 -13.7801 70
-4.14081 0.0627183 70
14.6145 -16.0881 70
-5.67657 -6.02776 70
-0.411974 -1.47647 70
-10.7713 -5.89227 70
-10.7551 -3.89558 70
-1.1434 -1.03284 70
-5.90144 -4.45975 70
-5.42844 -5.46366 70
0.874654 -0.729906 70
0.64828 0.862833 70
5.45619 29.3619 70
3.86637 29.4186 70
-9.93232 -6.19038 70
-5.68863 0.224232 70
-0.796522 1.21672 70
-4.396 0.581307 70
-9.5509 -5.61266 70
-0.849901 1.20135 70
-0.711013 -5.45228 70
-10.7087 4.40424 70
-16.2793 16.059 70
-15.8783 15.8226 70
-0.320049 -6.01216 70
-4.72813 5.7877 70
-6.3997 -0.266978 70
-4.4126 -0.546898 70
-11.3862 -4.00113 70
-9.98562 -19.9042 70
-10.4164 1.03173 70
-9.73058 -1.00743 70
-5.02548 -4.9927 70
-11.1793 -20.0111 70
0.575752 3.76596 70
-3.98311 3.80986 70
-9.12372 55.0963 70
-4.76506 -0.137309 70
0.0432261 -4.49376 70
-14.8868 -9.53378 70
-1.04129 -5.23946 70
6.37257 3.50222 70
3.99551 0.193691 70
-9.2775 0.167214 70
-6.32141 -0.450186 70
-4.09696 -3.80692 70
3.57138 4.28936 70
6.45788 -4.37114 70
-15.7273 -14.5415 70
0.622121 -5.29965 70
-4.19033 -1.16433 70
5.65056 -4.71267 70
-4.08229 -6.44854 70
6.05989 -5.69735 70
6.364 -5.24582 70
-3.73511 0.796633 70
-0.581226 -0.354711 70
10.5438 0.232563 70
-6.14486 1.37105 70
-10.152 19.3001 70
-4.32012 1.07031 70
-16.066 11.2005 70
-11.1404 -5.41409 70
1.09307 -10.9202 70
-45.9953 -10.9371 70
-4.51384 0.140861 70
-5.74815 0.261738 70
-19.4638 0.580233 70
-1.18738 -0.109816 70
-0.912086 0.944334 70
-0.162993 -4.85045 70
-5.67384 5.46382 70
-9.87614 3.87501 70
-1.44424 1.13187 70
-4.94975 -9.63089 70
-13.9081 15.4959 70
-1.30577 1.42843 70
-0.625672 -0.336894 70
1.22893 1.45963 70
-1.39289 -0.0528567 70
15.2632 0.358494 70
-6.06463 4.98399 70
0.897957 1.15051 70
1.16511 -25.7441 70
-35.2185 8.64835 70
0.438661 0.847715 70
-5.22777 -0.712015 70
-1.24603 -5.11813 70
-6.00856 9.11502 70
-4.34115 3.85979 70
5.93239 -10.5734 70
-0.26855 -6.1517 70
-1.00869 -0.691209 70
-1.08326 18.9138 70
-5.84975 -0.884397 70
-5.06741 -8.80508 70
3.70069 -0.950254 70
5.77724 -1.36061 70
-5.48548 -5.18239 70
0.0927172 -15.1857 70
-0.49841 -15.7793 70
0.803565 -16.2381 70
5.76131 0.98445 70
-6.20263 -4.7069 70
-3.51544 0.253567 70
-0.857393 0.368606 70
-0.933768 0.782863 70
-6.05258 -1.1079 70
15.8006 6.22796 70
-1.46537 0.0636484 70
15.015 5.53001 70
-14.8102 15.7329 70
-6.32353 0.622904 70
-0.747386 -0.613785 70
-10.9948 4.36852 70
1.19462 -0.215075 70
-0.88119 -0.210633 70
-0.452134 1.38084 70
-4.25327 6.48825 70
-0.124495 4.9606 70
-4.11201 -4.66691 70
-10.3078 -5.83072 70
5.26185 -0.560439 70
-4.87823 -0.365991 70
-6.34531 -1.18877 70
-3.51482 -0.0476536 70
5.88965 15.9087 70
-16.2892 -8.88462 70
-6.10236 5.31349 70
-1.43895 -4.93163 70
-0.910037 -3.96938 70
-0.91386 -5.72892 70
-5.95017 -1.12507 70
-5.00296 -1.10431 70
0.21031 -0.457771 70
4.29643 9.49299 70
1.44688 -0.55508 70
-3.98596 -5.10562 70
5.20229 0.0916921 70
1.34216 -0.601307 70
-1.07392 -5.32327 70
5.97786 -3.77691 70
-0.348772 -0.834903 70
1.47301 1.39101 70
-5.54435 3.791 70
-3.55641 -5.38968 70
-30.0334 29.6751 70
-0.908225 -0.285436 70
-0.0495677 -1.37285 70
-3.64681 -10.7294 70
-14.5974 -4.71147 70
-4.36514 0.830478 70
0.954178 1.04692 70
0.0839536 -5.75859 70
-9.88468 -6.19402 70
-14.5688 0.368003 70
0.84891 4.14717 70
0.567534 3.92684 70
4.66014 -1.09021 70
41.2597 30.6277 70
6.17187 3.54137 70
-3.50261 3.59229 70
1.35572 4.9658 70
0.928936 -5.50096 70
0.81508 0.248693 70
-4.1808 4.97289 70
-0.70056 -1.03883 70
4.11654 20.9463 70
6.06462 -5.3672 70
0.0469726 -0.125147 70
0.570922 1.46235 70
-4.35662 -4.56508 70
-6.33705 5.71966 70
5.83578 -5.5906 70
-5.92394 -0.410098 70
-4.37331 -5.13862 70
-1.43749 1.1735 70
11.1834 58.7296 70
-1.03054 16.4119 70
5.50182 0.367327 70
-6.27071 1.39487 70
0.605279 0.123406 70
-0.895064 -5.40883 70
-1.38375 -0.198678 70
-1.04398 0.116968 70
1.45146 0.514678 70
-9.91325 -4.27265 70
-4.63201 1.41909 70
-0.654424 -1.01357 70
0.0651403 -4.2684 70
1.39813 -9.2197 70
3.63354 -3.51817 70
6.42522 -5.71575 70
4.20661 -6.33034 70
-0.800603 -0.569471 70
-6.0817 -4.90097 70
-6.29614 1.26442 70
0.49639 1.37483 70
-5.8929 -0.236797 70
1.42307 0.882774 70
-5.9888 3.86437 70
0.218067 -5.25015 70
-0.409188 -4.9954 70
-3.89337 0.988615 70
-0.0103244 -4.00341 70
-0.516202 19.2434 70
-8.76876 4.09473 70
-5.2787 -3.70552 70
-0.71408 -5.15837 70
18.6627 0.822875 70
0.718702 -4.93913 70
-5.18095 -6.13191 70
-6.35905 -1.12267 70
-5.90216 -5.25762 70
-16.0745 6.48846 70
-5.43297 0.79894 70
-0.936893 -1.25916 70
-5.86814 -5.78424 70
-5.00644 -0.974627 70
-3.67222 -6.07717 70
1.04553 -1.30392 70
-6.21247 -9.70615 70
-4.61838 -0.904293 70
-5.81396 -1.23387 70
-9.12079 -11.1427 70
-25.3951 -0.435068 70
-4.22103 1.23825 70
13.9314 14.4519 70
-11.0888 -0.0432795 70
-0.512195 0.625928 70
-6.25784 -6.33494 70
5.02333 -3.59826 70
-6.14433 -0.969246 70
-4.21366 6.154 70
-55.9404 15.3581 70
5.92967 -0.932748 70
-3.89374 -0.841366 70
-9.17529 -5.40097 70
4.30001 -4.62817 70
-14.9118 21.3443 70
0.268611 -3.60145 70
-0.853894 -6.11299 70
-25.5459 -5.69375 70
-25.1604 -5.96475 70
5.4248 0.271699 70
-1.18201 0.478361 70
-15.8714 -9.87614 70
-25.8417 -0.943685 70
-5.48373 -0.0345108 70
-1.09737 -4.27019 70
4.23802 0.624298 70
9.41967 -1.14869 70
1.20993 -0.527376 70
-4.92904 9.16396 70
-14.5991 5.30662 70
-4.39603 -1.02343 70
0.124079 5.27863 70
-21.4782 5.01623 70
-19.8846 5.06976 70
-5.49264 -6.32336 70
-6.1546 0.141304 70
0.747019 -4.62534 70
-6.2002 -4.3983 70
-1.14397 -18.9463 70
-4.44922 0.973652 70
-4.7769 -5.32735 70
0.980202 -10.7638 70
-3.54238 9.21052 70
-0.183501 1.46956 70
-5.23923 1.339 70
-5.18839 0.0235714 70
-3.80429 -0.966172 70
-0.566962 5.93618 70
-1.05276 -9.56616 70
-5.79096 0.647955 70
-3.74552 -1.08756 70
0.822119 -0.957934 70
-4.54735 1.02702 70
-0.354971 -5.72257 70
-3.80843 -3.76294 70
-5.83671 11.0828 70
-4.75502 -5.15617 70
0.500177 -1.28016 70
-0.949796 -5.06211 70
-5.6124 8.60002 70
-9.37908 1.28347 70
5.16433 16.1723 70
-0.0632498 -5.73221 70
-5.19715 -5.72125 70
6.27874 -4.78219 70
-5.92106 -11.3268 70
-5.76038 -9.52002 70
-25.419 -18.5173 70
-4.36844 -1.46111 70
0.661781 -3.99838 70
33.6569 43.6029 70
-16.0474 10.5239 70
0.863612 -4.53641 70
-6.04601 -5.70415 70
-6.00914 -6.08491 70
11.3692 13.8558 70
6.41487 1.25968 70
-4.24856 -1.24072 70
18.5402 -1.22117 70
-15.1424 14.6452 70
-1.30863 -1.0728 70
-10.6966 -0.457872 70
-1.03894 -4.55117 70
1.21295 -6.34209 70
6.36294 -5.92471 70
-3.67882 1.33578 70
1.34362 -0.0132486 70
-14.1371 -11.3613 70
