6.22171 4.73271 70
1.14038 -0.537027 70
0.296782 -5.9423 70
-0.0799097 -4.31634 70
23.6066 21.1646 70
1.02399 -0.45342 70
0.338625 1.37198 70
-25.8316 -9.47366 70
-24.946 -9.4821 70
-19.6638 0.418456 70
0.841889 5.60818 70
9.62114 6.45941 70
-5.63313 10.0512 70
11.0551 -1.13303 70
1.17503 -0.895675 70
-5.3278 0.742721 70
19.8414 3.50462 70
-10.6662 -23.9892 70
-5.51474 1.13116 70
0.447948 -3.72767 70
-5.74769 4.72931 70
0.55431 1.30844 70
-0.500164 -0.623336 70
1.1466 1.42867 70
-23.6003 11.1802 70
-4.57438 3.69082 70
25.0291 -4.09022 70
-0.129295 6.21144 70
-0.162293 0.609951 70
-5.60142 -6.35019 70
-6.18879 -10.6957 70
-5.68284 -9.92162 70
4.54553 20.6911 70
-5.62352 0.815627 70
26.3137 6.35834 70
-5.88918 0.4463 70
-5.5675 0.856048 70
-0.558714 -11.0966 70
1.35458 10.436 70
21.2536 -5.91562 70
0.087444 3.84486 70
0.59266 0.184799 70
-1.06546 -9.87231 70
0.919192 -0.597516 70
1.1451 0.272042 70
5.04289 0.337554 70
-0.247733 -5.7615 70
13.5669 -55.2905 70
15.3887 -55.7632 70
-0.0621314 -6.21742 70
5.15988 -4.60926 70
55.8837 -20.2625 70
16.4579 -30.3306 70
-0.791978 -5.53446 70
-5.54598 -4.32585 70
-11.3608 -3.96654 70
-6.00391 -0.163336 70
10.6812 23.9321 70
-15.0497 -4.89331 70
1.43635 -1.06039 70
-31.3678 -55.364 70
-1.30296 0.174459 70
1.44533 -0.739575 70
-1.25815 0.549551 70
3.60202 -5.5775 70
-8.65982 -25.3382 70
-9.88353 -23.5846 70
-35.849 23.7388 70
-0.900293 9.30714 70
-0.0880947 -5.82177 70
0.266236 0.478987 70
14.5985 -1.11622 70
1.23222 -0.2979 70
1.14794 -0.966015 70
-1.33639 0.428396 70
5.10248 -4.7109 70
1.31682 -4.40336 70
-20.4136 -20.3704 70
-11.2162 24.4452 70
-5.17968 9.6091 70
-0.279549 -1.08257 70
9.41583 0.158532 70
-0.646799 19.0081 70
-1.0764 20.7893 70
-11.3096 -10.1258 70
-6.32362 5.00116 70
-21.3477 0.574587 70
-4.6168 3.74414 70
5.21838 1.14098 70
0.398661 11.398 70
10.7737 0.3694 70
-3.92508 -0.442372 70
1.02909 0.66543 70
-3.79699 8.81434 70
6.36717 -1.29618 70
0.116741 -0.0368674 70
-0.984695 -1.11855 70
-5.05618 5.1344 70
-10.3322 14.9306 70
-3.71549 -4.25183 70
3.97584 10.0122 70
0.830862 9.86136 70
-16.3568 -6.33194 70
-3.55949 5.5993 70
-10.0744 4.18947 70
-8.92391 4.65368 70
11.1656 -1.06653 70
6.27211 0.740161 70
4.41993 0.852917 70
0.900665 -0.194571 70
0.831148 1.15938 70
5.65379 10.1628 70
-0.662454 10.6914 70
18.9048 10.1749 70
-4.32792 -4.61797 70
-4.54088 -5.1715 70
-0.198728 3.95009 70
-3.50042 3.54787 70
-0.577586 -0.962731 70
0.145804 -0.588067 70
-0.292991 0.0617834 70
15.3242 -1.06754 70
-5.85321 16.4328 70
-1.12658 4.9222 70
0.829308 6.13759 70
-0.345123 -10.4251 70
8.99492 0.268404 70
-10.9123 -10.6879 70
-6.1562 0.93129 70
1.13758 -1.49583 70
1.24905 -0.719507 70
-0.744234 -5.9807 70
-4.00058 -0.227038 70
-6.10571 -10.01 70
-1.14712 -1.24639 70
0.2401 -4.06568 70
-30.5409 40.3031 70
4.94824 5.65624 70
4.46014 -14.5498 70
-0.400402 -1.18654 70
-3.9431 -10.0983 70
-5.3732 11.4778 70
-0.175019 -0.988749 70
-5.29917 -4.04026 70
6.3934 8.7578 70
-24.5739 -50.2011 70
0.270174 15.0218 70
-0.980549 1.09489 70
-1.39291 1.04432 70
-31.0055 23.6877 70
-0.106627 3.9309 70
-0.283653 -49.3005 70
5.98296 -6.15818 70
16.0578 0.381844 70
15.4493 -0.979873 70
-9.05669 14.1187 70
-5.15882 6.04189 70
-1.21311 -6.1314 70
-0.645227 -0.831338 70
-4.99012 0.519663 70
9.88781 -0.357993 70
14.2166 -0.752488 70
-0.393208 6.18389 70
-0.146677 -5.17441 70
0.738459 -5.64066 70
-0.755003 -4.93157 70
-18.6645 50.3352 70
4.74335 9.1964 70
0.914437 16.1342 70
0.736381 -0.721701 70
-4.37857 -8.71769 70
-4.58994 -5.92452 70
10.0684 6.36261 70
-1.11591 0.698102 70
0.6065 9.56127 70
-3.5701 -0.428781 70
5.08935 -0.940431 70
5.2613 0.908593 70
9.15921 13.8801 70
9.55776 15.0033 70
3.78388 0.404359 70
5.66627 0.217444 70
3.69106 -1.17297 70
-9.03034 10.7327 70
6.40651 -10.6741 70
-0.770102 5.14774 70
0.779648 -4.33118 70
20.2172 -25.5336 70
14.1259 5.79453 70
-6.42186 -25.004 70
-0.202369 -1.13714 70
-4.6068 0.981765 70
-6.49478 0.477519 70
14.4751 -6.23951 70
0.396055 1.34929 70
-0.409415 -3.81251 70
-4.39574 9.30534 70
-3.98548 -3.90509 70
-10.2395 9.7729 70
3.71637 -5.99293 70
6.07324 4.15971 70
1.03856 -1.02289 70
-4.24177 -6.04506 70
-14.3087 -5.9087 70
-14.307 -5.37211 70
-1.33931 1.04517 70
28.5251 8.74227 70
-6.46865 -0.321389 70
-3.7094 -0.716139 70
-4.5975 0.274938 70
0.798765 3.83783 70
-8.56792 3.70787 70
-5.1613 -4.16478 70
-5.77094 -1.12716 70
-0.620117 -1.4335 70
-0.714532 -5.16324 70
-0.874985 0.462663 70
-5.37554 0.598659 70
35.4527 -10.6319 70
14.2391 13.9783 70
-0.973968 0.575256 70
-0.14737 0.538406 70
1.28445 -9.97903 70
1.29983 -5.86854 70
0.573188 -5.68812 70
9.17181 1.30859 70
-4.25586 -10.4305 70
3.62617 5.68315 70
15.2506 15.6738 70
-1.40463 -5.78553 70
-8.56909 4.43785 70
1.28369 -9.80138 70
-5.04402 -5.94885 70
-6.11866 -5.86001 70
0.251126 -4.10442 70
8.84013 -0.0951791 70
1.03445 -6.07104 70
-16.1445 -5.78468 70
5.56072 -1.07752 70
9.66643 6.35025 70
0.894202 14.7021 70
-1.2786 15.7789 70
-1.27593 13.9196 70
5.49866 -34.457 70
30.6128 -14.7421 70
-0.69409 15.1594 70
0.136052 1.39619 70
-6.29788 -0.867744 70
-4.03431 -0.603297 70
-0.280423 -0.432573 70
6.07147 -4.38641 70
1.08631 5.97801 70
-8.99055 -13.786 70
5.2539 15.5592 70
-5.23167 6.10328 70
-4.94071 -4.10302 70
-28.6549 -5.13301 70
-1.0363 -0.794921 70
-1.05921 -0.11009 70
0.27376 6.32615 70
-1.39449 -3.79169 70
-5.95727 -6.40014 70
-44.7901 -5.48897 70
0.609011 -5.42521 70
-9.02266 4.00538 70
0.365442 5.47119 70
-0.721707 1.33007 70
-3.7214 -8.91492 70
3.51214 -1.3078 70
5.24748 0.332239 70
-11.4562 0.863759 70
0.0227215 -5.79799 70
0.603765 1.45597 70
1.05438 -0.129822 70
3.50225 0.59439 70
5.80208 1.28487 70
4.61046 -0.0492836 70
-0.854968 5.29075 70
-10.7796 -36.3994 70
0.477218 4.28 70
0.715026 -0.354624 70
4.47902 -20.8873 70
-4.70376 -0.244553 70
0.897708 -0.389916 70
0.109031 -0.656377 70
1.06763 -3.51691 70
-0.814249 0.513725 70
-5.00462 -5.61905 70
-0.266075 -5.59455 70
-0.403353 0.548577 70
-1.2856 3.58113 70
4.18464 6.41633 70
14.647 -20.1698 70
6.06059 3.75683 70
-6.30705 -1.46921 70
-6.43522 -1.15506 70
-6.13617 0.632211 70
10.1437 9.11374 70
-11.4766 -25.6989 70
-0.542883 -0.943487 70
0.992403 -21.0731 70
-14.2853 -0.326633 70
0.794713 -3.63658 70
1.35937 9.12204 70
4.51295 -4.45381 70
9.89557 -5.52738 70
-5.79074 -10.9228 70
10.8364 16.0444 70
-4.43083 -0.429225 70
-0.254624 -5.88435 70
1.06556 -0.156096 70
-40.0377 -14.5874 70
-9.85994 -8.74364 70
-0.319378 4.96838 70
-5.7764 -4.1339 70
-4.03901 -1.00432 70
5.19221 -1.15405 70
6.17543 -1.4163 70
-0.711864 -3.8915 70
0.384739 -0.964765 70
-4.86634 -0.306241 70
-10.3621 -10.9904 70
10.5131 -6.13782 70
-26.2162 -5.4357 70
-0.878755 3.76001 70
4.66958 8.92363 70
-4.56621 -4.55631 70
0.693439 -26.0686 70
-16.1114 -9.71566 70
4.07708 -9.75978 70
-1.37744 -0.975935 70
4.89455 -30.7352 70
-0.496676 1.4905 70
0.396553 5.284 70
-1.1915 5.06668 70
5.07317 0.59824 70
6.15509 -6.03105 70
1.01536 10.6933 70
4.40324 4.32034 70
-14.5471 -5.18004 70
-0.474751 -1.14084 70
0.563597 -3.96164 70
-5.51546 -3.55416 70
-5.76619 -11.0561 70
-15.5391 45.0685 70
-0.932572 -0.22607 70
0.286805 -1.22343 70
-0.308588 4.33382 70
9.9806 -18.5632 70
-3.86089 0.713134 70
-6.49739 -0.52539 70
-0.762673 0.958031 70
5.9713 -5.06019 70
-6.49909 29.2474 70
13.5145 1.32299 70
-10.372 -10.313 70
-9.14718 -9.14165 70
-10.7415 -9.7024 70
4.58273 -3.59006 70
-1.29581 -1.12055 70
0.343854 -4.95354 70
5.76322 5.87043 70
-4.60205 -0.852256 70
-5.5883 0.543312 70
-4.54458 0.981949 70
-1.05619 -0.240952 70
-1.46568 4.11103 70
24.8902 39.167 70
-0.743656 -0.729835 70
-1.45878 0.642549 70
-6.10535 -0.536579 70
4.27415 35.9377 70
-0.999708 9.50483 70
0.708927 3.77953 70
1.48801 8.70833 70
-5.63843 -4.0602 70
5.76163 1.23647 70
8.85373 16.2622 70
-10.304 5.91986 70
-4.00001 4.01992 70
-1.41966 4.95984 70
6.40862 4.60697 70
-16.3632 -21.2154 70
0.892876 -0.933193 70
-5.65321 -4.25465 70
-0.0461983 3.89872 70
-1.25731 -6.47748 70
-30.6144 -19.8198 70
-0.203616 0.844684 70
-0.698635 0.45958 70
-1.1479 -6.14201 70
1.07334 -11.0792 70
20.4816 -35.0918 70
-4.72976 0.833057 70
21.3337 16.152 70
18.833 16.0154 70
5.86979 0.64861 70
9.86202 -3.99638 70
-5.72971 -15.8127 70
5.24656 0.06686 70
-0.800659 -3.86357 70
-0.320545 -5.59121 70
-5.2673 0.0332226 70
-3.64776 0.486105 70
5.57159 -4.93574 70
6.49455 -6.40964 70
8.67062 -6.38691 70
-10.2233 -9.06132 70
25.161 0.287559 70
-26.3122 24.6498 70
-3.55032 4.80724 70
-3.64622 -6.25433 70
-5.27175 5.94934 70
-1.36282 0.210463 70
0.268692 -4.72384 70
4.72532 0.964602 70
-4.14504 1.49599 70
0.9937 25.7516 70
1.28557 0.687769 70
-5.19254 -9.1976 70
-0.103782 0.808924 70
1.15599 -1.29396 70
5.32185 -16.4234 70
0.482149 -0.00286035 70
0.587926 0.571844 70
3.76725 0.95406 70
-3.8677 -3.9119 70
4.99332 -1.23214 70
-0.668092 6.04172 70
4.2974 -3.69069 70
24.7557 -14.1798 70
-0.754558 -1.20741 70
11.0609 1.4621 70
9.39272 0.718673 70
-8.96831 1.26954 70
-9.21639 -1.1306 70
-0.152729 -0.893978 70
-0.947459 -0.831846 70
-5.66422 0.388023 70
1.11543 -6.0231 70
0.789338 0.909806 70
-6.33242 -0.806266 70
-8.97109 -3.52695 70
-5.34854 -10.7979 70
-0.560985 10.49 70
-30.4779 16.4082 70
10.8645 -9.77016 70
-3.86849 0.575096 70
0.472848 -16.2732 70
4.08551 -11.2834 70
-9.61148 -4.74448 70
1.10857 -14.0818 70
-0.049899 -1.06058 70
5.83622 1.49451 70
-10.6419 -1.17415 70
-8.51467 9.78971 70
-24.4968 6.21009 70
-9.54871 -9.34994 70
4.82646 1.20768 70
5.07968 0.961503 70
1.42273 1.24998 70
26.0079 14.3706 70
26.2481 15.621 70
1.43482 -0.236105 70
-4.84788 0.647981 70
-10.953 5.2368 70
14.496 -0.955522 70
-23.6569 4.65186 70
6.1557 0.242376 70
-4.57076 4.90057 70
-5.73637 6.10079 70
-15.9886 0.207654 70
8.81782 15.5726 70
0.179769 -4.03436 70
6.10314 4.81059 70
-6.44563 -4.51359 70
-10.4722 -5.70921 70
0.142021 5.94694 70
-5.81253 -1.10816 70
-14.7941 20.1895 70
5.29409 8.54421 70
-0.0378005 0.713916 70
-0.295493 -10.3862 70
1.09492 -6.22194 70
-0.21258 -0.570768 70
-5.11249 0.102919 70
11.1483 -4.3401 70
-16.2978 -49.1088 70
1.4938 -10.3632 70
0.888263 4.75493 70
-0.940177 0.813214 70
14.8102 38.9835 70
-0.545151 1.10508 70
0.0835802 -1.43285 70
5.82279 0.0478146 70
-6.28863 -9.67532 70
-8.881 10.4203 70
9.18871 20.1325 70
3.61099 0.442103 70
5.34957 3.65137 70
1.06369 5.91391 70
-0.665795 -0.497842 70
16.2927 4.26966 70
13.8881 -24.2081 70
1.06625 0.344176 70
-3.69773 -6.00604 70
3.77966 -6.23684 70
0.522144 6.16479 70
5.2707 0.926922 70
3.84293 -3.50981 70
4.18069 -6.48616 70
4.27567 6.34235 70
50.5304 3.65512 70
-6.4551 -4.92332 70
-4.60279 -5.18385 70
30.7111 -9.89175 70
0.0209094 -3.66645 70
-49.5275 14.5625 70
14.8948 0.457934 70
6.4614 10.6646 70
0.436394 6.31182 70
-1.15525 -0.747569 70
5.85577 4.42948 70
0.693349 -0.0781774 70
-5.06481 18.6326 70
4.80395 -0.0524169 70
3.66686 0.114276 70
5.72332 -0.501128 70
-1.14408 1.20275 70
9.98229 -30.3314 70
9.81793 -4.27423 70
-9.5034 -4.40863 70
9.4385 -4.00562 70
33.7134 34.3044 70
0.102335 1.43473 70
-0.0665743 -0.368439 70
1.32946 -0.650387 70
61.0439 -46.4974 70
-3.86012 0.639579 70
-6.36498 15.9066 70
-1.01819 -0.069492 70
3.80891 -1.19609 70
6.4975 0.894702 70
-5.05389 14.6811 70
-5.65076 14.9305 70
-1.29316 14.6223 70
-4.54431 0.331566 70
-3.90963 -1.43746 70
0.450017 -1.01415 70
0.148681 1.27046 70
1.26874 -5.1032 70
8.93528 -0.430449 70
0.482119 -0.596784 70
-0.79265 -9.97764 70
-16.1458 -10.7426 70
-4.49966 1.20111 70
1.32477 -0.201882 70
-0.657118 1.39721 70
1.44763 0.707857 70
-8.66124 4.98152 70
-1.08498 -0.940899 70
-6.23194 -4.50444 70
-5.50005 1.08744 70
-19.3824 5.85215 70
6.49639 -11.3002 70
5.50708 0.118416 70
-5.76538 -6.30106 70
-6.27264 4.85323 70
-34.6993 18.9232 70
-0.462063 -10.5581 70
51.4323 -58.9106 70
0.780951 0.847451 70
-18.5307 0.772997 70
-5.70384 5.46074 70
-6.196 0.934014 70
-14.367 -24.9849 70
1.32668 0.667087 70
5.69402 -20.9191 70
-4.07287 -0.330336 70
0.802415 -0.983236 70
-0.29956 6.07959 70
-6.3421 9.01676 70
1.01201 -1.37615 70
0.0576757 -0.186531 70
-4.25222 0.50143 70
-4.52377 0.926837 70
-10.5603 -0.631944 70
-3.69053 -0.00674592 70
-0.276746 -1.36391 70
-0.00568803 11.1673 70
10.9571 14.8889 70
-0.956844 -1.31706 70
0.198479 4.86159 70
-4.61493 0.366143 70
-1.32082 -0.318928 70
0.889041 1.07079 70
-0.984096 -0.312809 70
-3.56306 -10.0728 70
-4.63742 6.08499 70
-3.95817 -5.6495 70
-5.09865 -4.84536 70
6.06462 3.82806 70
-0.266372 -0.743553 70
-5.26773 1.07283 70
0.102559 -5.40176 70
1.02654 9.95752 70
0.608202 -0.578922 70
5.10824 -6.25313 70
-10.0417 28.5735 70
-4.18517 0.895981 70
14.3155 16.087 70
14.2313 16.3664 70
0.145595 9.01638 70
-1.07105 -0.104701 70
0.00883402 -18.999 70
-9.88746 0.45351 70
-0.133919 6.32013 70
0.582006 1.40667 70
0.81935 0.359145 70
0.888975 9.28605 70
-0.327054 9.52427 70
0.877908 -0.086845 70
0.615847 0.00885078 70
-5.58492 -0.124421 70
5.54774 -5.84724 70
-9.85092 5.71374 70
-6.31539 -4.8428 70
-31.3792 -36.0316 70
0.0113345 0.547877 70
-13.9616 13.9083 70
-1.4654 0.680116 70
14.5536 4.49068 70
-4.02642 5.23019 70
-3.70703 -1.3991 70
5.98222 5.52891 70
1.42897 -25.0725 70
4.91445 6.33699 70
-0.518975 -1.01591 70
10.5911 46.4989 70
-5.47919 5.17631 70
-6.36669 -0.0959485 70
-9.88056 5.89556 70
-1.25768 6.22852 70
-14.2553 -5.49298 70
-4.50116 -4.86827 70
1.48907 -0.0861137 70
-0.246179 -11.1503 70
-9.5175 3.68114 70
1.12828 -6.10343 70
-0.135082 0.594236 70
1.13288 -6.10583 70
3.99297 -4.36007 70
-1.05039 6.49696 70
11.491 -16.3138 70
4.18567 -9.24926 70
-0.267578 4.42943 70
9.54929 -14.1703 70
-10.019 -6.0985 70
-48.7814 -24.0608 70
1.13384 1.00607 70
4.76934 -10.4456 70
-19.592 -34.6453 70
-3.50948 3.64185 70
-4.37799 1.03504 70
1.21778 -0.705938 70
0.489666 0.944508 70
5.96505 -5.50897 70
-9.78777 3.78918 70
-0.582479 -0.548939 70
-5.87079 -4.73334 70
-1.12041 -1.46623 70
-0.357258 -8.8489 70
0.463489 6.42565 70
-0.594679 0.197046 70
5.78482 0.391919 70
0.688151 1.15991 70
0.664628 -4.8402 70
5.64709 5.64492 70
-3.53164 -4.46905 70
4.57855 4.74284 70
0.157006 3.98639 70
-9.03486 1.14121 70
15.2414 -11.3769 70
1.05776 1.46869 70
0.554903 0.587893 70
-5.44326 4.09274 70
-1.29863 1.49896 70
0.352502 4.66959 70
0.588372 -0.120269 70
5.52277 5.82515 70
-4.58181 35.1812 70
8.95591 11.0001 70
0.174507 46.1061 70
-0.675289 45.2579 70
-5.03223 -4.88864 70
5.14058 -0.278838 70
-5.5874 -8.79809 70
0.262475 0.475933 70
-0.998727 -0.549704 70
6.05471 1.06534 70
13.9943 36.3783 70
-5.80457 -4.58088 70
-0.786598 -0.991993 70
-5.6926 -4.54699 70
5.27561 -6.10106 70
0.76748 1.0624 70
25.4312 -14.5565 70
5.80918 0.801015 70
1.47145 4.67277 70
0.488356 -6.42841 70
24.7182 4.26353 70
-5.3817 -0.416227 70
4.90996 -0.896172 70
-5.72538 -6.27506 70
-3.77958 -4.88785 70
0.835955 -0.655177 70
-44.8341 -10.9524 70
-1.31821 5.18024 70
-9.88286 0.683933 70
-0.179531 0.541618 70
11.2169 -0.147934 70
1.48202 -3.73633 70
19.475 -34.8589 70
20.8511 10.6954 70
3.68947 0.765497 70
-0.615789 -5.02331 70
8.63555 14.2632 70
16.4016 55.8123 70
-1.05885 -1.41678 70
-0.117393 9.21606 70
-3.79303 -39.3478 70
0.486494 -1.44302 70
-4.65052 0.135021 70
4.90706 34.8493 70
0.411192 -4.41613 70
-1.27576 -3.62202 70
-0.88244 -0.996715 70
-5.22202 -24.737 70
-4.03751 -14.563 70
1.22285 -0.989042 70
-8.78359 0.594062 70
13.6601 -36.471 70
-5.22345 -6.45343 70
4.13371 -10.0384 70
1.49043 8.72689 70
1.44791 -1.15386 70
15.266 3.62754 70
10.8961 -5.91312 70
1.4886 0.540574 70
0.475524 9.97036 70
-1.05307 10.1142 70
-0.898327 -0.79346 70
0.271048 8.51272 70
0.274906 10.2137 70
-4.51868 -0.484264 70
0.0893419 -0.664055 70
0.830476 -4.79371 70
1.43072 -3.92816 70
-0.69437 -1.16044 70
0.779719 -4.92426 70
-0.434565 -0.158285 70
-10.7375 4.26189 70
-5.56806 -3.61325 70
-1.38984 -1.36796 70
-6.41127 -4.39491 70
0.408289 -10.5833 70
6.46864 -5.1828 70
-4.94097 0.145107 70
5.05371 -5.81374 70
-31.0468 -29.5356 70
-5.60464 -6.11192 70
-0.0632173 1.40228 70
-0.623183 -4.73684 70
34.3523 -8.68016 70
-5.90111 -0.0136414 70
-0.835894 -3.59786 70
0.787425 -0.376998 70
-9.34036 0.2188 70
-5.70256 0.2402 70
-4.75827 0.752286 70
-5.00966 -5.79394 70
-1.10377 1.31226 70
6.4182 4.84868 70
5.10164 -0.918477 70
1.45959 -15.1874 70
-26.0684 -1.04695 70
-0.0640149 0.460761 70
1.22006 0.662676 70
-3.81023 -9.08393 70
0.474987 -0.509593 70
5.09544 25.1599 70
9.79349 11.3647 70
11.2912 9.79475 70
-4.84265 -3.83839 70
-0.420551 -0.868334 70
-0.0309416 5.92606 70
1.35765 6.15974 70
4.12591 1.29259 70
-3.72816 -21.2009 70
-0.451697 -10.7002 70
5.4043 -1.3559 70
10.1292 9.57218 70
4.54248 1.02195 70
-6.33051 -0.352645 70
0.185723 -0.894329 70
-4.62953 -4.12903 70
-0.267035 -0.0420454 70
-0.867163 -0.604288 70
-4.25447 0.0308807 70
-3.64806 1.42421 70
-0.142943 -1.28394 70
-3.83049 -0.737719 70
-4.35099 -1.45815 70
6.40692 25.6005 70
0.24358 1.29311 70
5.15837 4.92169 70
0.226953 -0.491891 70
56.1073 33.5416 70
-5.08701 6.10382 70
-5.92115 5.60232 70
4.74454 6.30817 70
6.13007 6.1581 70
0.792313 0.354017 70
-1.44114 -9.52471 70
9.14637 -10.5324 70
35.2565 -55.6576 70
-0.0651603 -0.418038 70
-0.406899 -0.200627 70
-3.69492 0.0203453 70
-5.61834 -0.550067 70
5.28131 -0.372915 70
4.19745 -5.87475 70
3.66445 -5.43935 70
-0.315228 3.74386 70
0.691235 0.177162 70
-3.54833 -4.08254 70
11.1572 10.5386 70
0.503509 1.13426 70
-20.636 -50.1816 70
5.67253 0.0364825 70
0.33952 -0.821217 70
-10.7008 -4.46707 70
-5.35331 6.3669 70
3.85942 -15.0468 70
-26.3134 1.08137 70
0.354234 4.59714 70
-4.29808 5.8678 70
-6.32513 5.5949 70
-0.34059 -4.10297 70
-0.169096 -4.30896 70
15.9688 -19.4225 70
-9.29129 -14.5319 70
-16.1432 -9.67326 70
5.44937 -0.459445 70
1.35205 -5.14862 70
-1.35796 -5.49249 70
0.107126 -19.9434 70
-35.083 25.5309 70
0.0848789 -11.1343 70
1.18671 3.84221 70
-1.46435 -19.2806 70
0.539041 1.3983 70
3.60786 0.928963 70
-1.10966 -4.15485 70
5.20663 13.8914 70
-4.07225 -0.867952 70
-0.55875 -1.10257 70
-10.5048 -16.2264 70
-9.11023 -15.3236 70
4.68116 5.61833 70
0.469816 4.86354 70
4.58043 -8.97603 70
-5.18627 3.76183 70
15.9729 -34.791 70
-14.9838 -0.29532 70
3.61804 -4.06146 70
1.39797 -9.62035 70
-6.41924 -1.48634 70
-6.45219 0.505674 70
-4.56104 0.62569 70
4.39298 4.72169 70
3.73331 0.286395 70
-5.27345 -6.37544 70
-5.09371 20.9159 70
-1.0428 0.31286 70
0.55389 -8.88024 70
0.631448 -8.60598 70
0.702456 -10.3758 70
0.599135 -0.429785 70
0.602068 5.51512 70
-5.4465 5.44887 70
4.97115 -3.90032 70
-0.242294 -1.48189 70
-0.618845 1.00459 70
0.00624172 -0.762918 70
0.199025 0.0642006 70
-1.46737 -0.628439 70
0.423032 -4.46214 70
-0.949045 -1.14905 70
-4.40683 -4.3009 70
-4.87661 0.617156 70
11.0443 4.1035 70
13.8704 20.0645 70
15.0036 18.9502 70
-8.91633 0.445433 70
26.1437 -11.241 70
0.811128 -1.1234 70
0.786895 -0.58014 70
9.44029 14.7124 70
-3.84683 -0.983819 70
14.8412 -9.59386 70
14.4157 -11.259 70
1.3474 6.11095 70
-4.56099 -3.95915 70
0.702969 -0.926065 70
-6.1323 -14.9875 70
-9.60514 -4.65719 70
-0.840865 -0.514193 70
0.200907 -14.4222 70
-5.16559 0.336005 70
1.13823 -0.0186963 70
0.347412 0.558764 70
0.364783 1.13119 70
-4.10685 -10.3127 70
6.33869 -4.32416 70
1.36508 -4.61957 70
6.28912 36.2489 70
-5.80149 -4.98237 70
-1.21 1.19806 70
23.9098 5.68096 70
25.316 4.7743 70
-5.52005 0.991892 70
-1.40482 -5.33566 70
-0.962945 1.06248 70
4.84774 10.4709 70
-6.3251 -6.45544 70
-5.82115 4.00395 70
1.17802 0.784238 70
20.7281 -4.12948 70
-10.8032 3.62717 70
-0.143888 -0.0588856 70
-0.807806 6.41645 70
-4.80123 1.10287 70
1.3558 11.1948 70
6.06079 10.9558 70
-1.2977 -0.0809308 70
-5.80115 9.80043 70
0.498072 6.20955 70
0.353278 -1.48089 70
-1.23793 5.5536 70
-13.84 -24.4503 70
4.34466 6.35522 70
-1.25657 10.5423 70
-1.09832 10.7234 70
-0.324302 -6.43371 70
-3.61476 -21.1903 70
1.45331 -3.61347 70
-1.09076 -0.858991 70
-4.06906 1.4321 70
-4.47916 5.43449 70
-3.99093 0.61723 70
-5.87761 -5.10992 70
0.636814 1.34768 70
-9.52436 9.11219 70
0.193204 -0.608371 70
16.0988 -6.44028 70
-5.8789 0.965157 70
-1.30563 0.820586 70
4.69982 28.9965 70
1.36661 6.03025 70
-5.23061 -4.35623 70
-1.12239 16.0164 70
-4.79523 10.5035 70
5.15423 -10.0051 70
-3.50582 0.464946 70
-1.07327 0.0861536 70
10.7474 3.72228 70
0.228339 -0.513748 70
-1.32354 -4.404 70
0.694712 -5.75018 70
-5.48956 -5.08689 70
-5.37269 -5.65136 70
-0.264039 3.60068 70
0.298448 6.46814 70
-9.93223 4.64848 70
4.28521 -3.61229 70
-6.19181 -4.49871 70
0.838816 0.509852 70
-3.66114 4.99149 70
1.14386 5.92962 70
-21.3113 -30.9973 70
-18.5779 -31.3974 70
-9.74254 0.303677 70
-1.29882 -1.06815 70
1.38078 -0.48423 70
0.463138 -1.32638 70
-6.34802 -10.5063 70
-16.249 -18.7315 70
-1.42263 -0.0587497 70
-0.0784865 -5.47513 70
13.7718 -9.91989 70
3.74877 -5.26505 70
0.240105 1.28251 70
-11.069 -14.6113 70
-15.9447 -3.78314 70
-21.0468 15.7947 70
1.25858 -14.0575 70
-0.81151 -3.72863 70
-0.369884 1.02736 70
-28.9003 -9.98031 70
-8.79941 -5.06876 70
6.32896 16.3144 70
6.4779 5.56571 70
-20.0193 -4.55391 70
0.662016 -0.639644 70
4.62625 -4.46699 70
19.8492 5.14501 70
5.98388 -0.698312 70
-9.07359 -1.08839 70
-1.28703 -21.2556 70
-11.1794 0.0094534 70
0.138131 6.0516 70
-4.54129 4.08659 70
-4.10739 6.35235 70
19.1332 16.1161 70
-4.80151 6.17817 70
0.0547511 -0.424524 70
0.155088 1.14467 70
0.119487 0.4637 70
0.197028 -0.0322928 70
0.412683 1.14555 70
-6.47873 4.54043 70
-0.590154 0.638388 70
-10.8507 0.863992 70
5.49099 -6.28546 70
5.39167 -4.71814 70
15.1807 -18.512 70
3.91169 -4.36701 70
-20.4619 11.2921 70
5.3059 -0.320976 70
-5.67046 0.711008 70
-0.406843 -0.250718 70
-1.22923 4.85452 70
15.9919 5.07238 70
0.941985 -10.7171 70
-4.16836 -4.20443 70
-0.602777 -4.03257 70
-0.193991 0.422443 70
-39.7057 -6.36305 70
-1.17984 -1.12737 70
5.74947 -0.213244 70
-5.91612 -6.28995 70
-5.36301 16.0655 70
1.08931 1.17553 70
1.15975 -4.69599 70
-24.9512 -25.176 70
-0.357996 -0.210085 70
-39.8755 -14.8702 70
-30.7918 -5.93604 70
4.38327 -5.96319 70
8.91874 -0.85468 70
4.79878 -0.293591 70
-5.86335 -0.125253 70
3.8785 -8.6543 70
-1.39937 3.56706 70
0.839236 0.087948 70
0.0178694 -0.416944 70
19.0169 30.8648 70
0.990614 -4.42736 70
0.768746 -11.4905 70
-1.23505 -0.137997 70
-3.5247 0.538748 70
-6.08345 -10.1459 70
11.4653 -14.9152 70
-5.77686 -9.68348 70
1.00037 -1.4947 70
4.10245 6.09605 70
15.9893 10.5917 70
-0.267412 5.91895 70
-5.03394 -6.47571 70
-10.9788 -8.56483 70
3.88441 5.6857 70
5.86796 6.36546 70
0.153611 1.31417 70
-4.80049 -1.35593 70
-1.25369 4.00635 70
4.41978 -0.944204 70
-10.9455 -9.52566 70
