-0.616808 -5.7576 70
0.169239 1.38791 70
0.765838 -1.35849 70
0.574073 3.64721 70
-3.55938 -5.06852 70
5.3249 4.3661 70
-19.8062 55.7982 70
3.84709 -15.1748 70
5.93663 25.6713 70
-0.224707 3.89118 70
3.64585 1.16627 70
-0.55275 -3.72802 70
-0.353357 -10.5893 70
-5.10631 1.21096 70
11.3139 1.1749 70
18.5553 -11.4063 70
-25.4054 19.2241 70
1.27614 -5.12548 70
1.33195 0.231169 70
14.7915 -11.3306 70
-23.91 26.0439 70
4.55103 0.246582 70
-13.659 6.13153 70
-10.5288 10.4712 70
-3.65677 -8.58566 70
41.1528 -39.381 70
40.2116 -41.101 70
-0.773182 -4.55457 70
1.25272 -4.57222 70
1.3576 9.87445 70
1.33955 -11.1082 70
-0.663793 -0.986463 70
-0.731349 -3.87813 70
-1.3662 -6.40491 70
-49.5045 -8.87262 70
-14.9783 -1.40797 70
0.797002 10.2881 70
11.126 -4.77537 70
-4.89373 0.626333 70
8.89288 -8.7274 70
9.49817 -8.57962 70
5.98451 -5.09639 70
-0.48156 9.53881 70
4.07987 -3.52658 70
1.40904 -5.25599 70
5.5351 -3.54324 70
-0.700961 -9.29427 70
4.97282 -3.74492 70
4.31562 -6.35407 70
4.21239 -3.87702 70
4.51185 -4.15912 70
0.905407 -18.7486 70
5.53161 -4.17132 70
4.47322 -6.18698 70
-3.57821 1.20927 70
-4.24819 -6.32829 70
-3.89405 -3.78663 70
-0.601456 19.3115 70
0.214854 4.64944 70
-4.02747 0.283254 70
0.193603 -0.643966 70
-0.673003 0.665202 70
-4.16328 0.812168 70
-0.378601 -6.18297 70
6.15995 4.5429 70
-8.50187 -5.12285 70
-5.08163 9.27641 70
-4.90605 9.92214 70
-5.31737 10.5498 70
-5.60884 13.7001 70
3.78269 3.94411 70
4.38633 -6.46173 70
4.78234 0.291696 70
1.07969 4.2561 70
1.13795 -0.52709 70
21.1293 -4.38943 70
-0.129069 4.51311 70
-11.2781 -1.11301 70
-13.54 -4.75273 70
-23.8667 -5.77166 70
1.49065 -0.690007 70
-3.75347 -0.739304 70
-5.88412 5.35902 70
-5.12173 6.1029 70
5.48111 -3.5339 70
-4.6655 0.116155 70
1.49494 -5.31899 70
-14.8945 -24.7001 70
-0.169396 9.39215 70
1.15066 -15.6571 70
1.3058 -4.92989 70
1.34686 -13.5767 70
1.26633 -3.60024 70
-0.793044 -6.27353 70
-19.1531 16.4027 70
-20.9726 15.4911 70
5.85298 10.7095 70
-11.0124 44.8335 70
-3.54692 1.49488 70
0.327382 -3.90803 70
0.315132 -5.20095 70
5.44434 4.86718 70
0.774345 10.6668 70
0.875306 0.254042 70
-0.545315 -0.129513 70
-0.87903 -6.48697 70
-6.26448 -1.39252 70
0.113933 -9.89377 70
-20.1631 -10.3447 70
25.6651 6.02158 70
15.9303 9.18993 70
-11.0134 -9.57487 70
5.03391 4.6339 70
4.33148 5.78905 70
1.44652 -6.00834 70
-5.08937 15.714 70
-0.277188 -0.55624 70
16.0137 4.97891 70
9.43794 0.746561 70
-1.26695 -0.39006 70
-15.8786 -15.7812 70
-14.183 -14.579 70
-13.8961 -16.4326 70
0.35425 24.6712 70
-0.641301 -1.10583 70
-1.09014 -6.14237 70
35.3662 -21.4945 70
-0.34657 3.90881 70
0.201501 0.265187 70
1.23787 -0.0816623 70
-9.39081 -14.1806 70
-3.70961 -10.6219 70
-15.6072 -28.5217 70
-8.50841 6.42673 70
3.58082 -3.97963 70
-1.40652 20.1735 70
-14.4619 -6.06033 70
5.17938 0.0902369 70
0.10574 -1.07491 70
0.208897 -0.61985 70
36.3388 -13.7094 70
-0.562103 8.83742 70
1.44899 -0.1968 70
0.0511315 0.216742 70
5.6428 -0.109548 70
-19.0986 -8.66986 70
-1.00625 -5.26205 70
-11.4849 -0.510219 70
-4.3476 -8.84654 70
4.73897 -24.293 70
0.564176 1.01976 70
-0.478022 5.36004 70
6.38871 -5.28018 70
4.51556 6.29413 70
-15.0066 6.20915 70
0.598555 5.09001 70
6.41939 -1.4845 70
20.2265 3.63674 70
0.596503 -4.89616 70
0.0977061 6.48707 70
-0.910606 0.308699 70
16.2631 6.26649 70
-0.83116 -4.42508 70
0.471932 -0.60876 70
33.8588 10.8943 70
-1.18669 0.241757 70
45.0681 -15.0142 70
45.1258 -13.557 70
10.3382 -9.69328 70
0.26238 0.931838 70
-1.09009 -1.23487 70
1.05245 3.92294 70
4.65435 -1.0411 70
-0.859854 -4.51046 70
0.559537 -0.782823 70
-5.68955 -3.98505 70
-4.32306 0.426248 70
4.06682 -4.20425 70
5.80755 -5.78953 70
4.96587 -4.75964 70
0.0869917 -19.6862 70
-35.271 49.5493 70
8.84959 -10.611 70
0.462982 -6.18683 70
-6.08102 -4.11519 70
-1.14503 0.867409 70
-0.473173 0.741722 70
11.0591 -5.3879 70
-1.47067 -1.36982 70
-15.9475 -6.12463 70
-0.0137342 0.195722 70
1.17384 9.53987 70
-5.80465 -4.93891 70
-11.0186 1.25071 70
-1.0974 -3.77749 70
1.18597 -0.295171 70
5.89697 -0.788943 70
-5.24692 -3.60589 70
-3.78775 -5.11369 70
5.62135 -5.493 70
1.00265 0.563769 70
4.15109 1.03417 70
4.09019 0.685477 70
5.35117 0.644747 70
-11.0295 -16.3265 70
1.49754 -5.9039 70
4.26879 -3.98259 70
1.35221 15.0591 70
-5.12085 -4.71266 70
-13.5478 5.65376 70
6.07302 -5.91015 70
-9.77518 -10.1013 70
8.76805 4.60135 70
-5.59973 -5.21724 70
-5.44012 -10.9749 70
-4.25927 -9.48768 70
1.14556 -5.41501 70
-5.10997 -0.704567 70
5.55247 -4.32208 70
4.41774 4.56819 70
-13.7202 1.1577 70
25.0003 13.5349 70
0.33218 0.497113 70
4.39297 18.6342 70
4.51273 -5.93792 70
0.328479 -0.222803 70
5.88744 -1.09771 70
0.845509 -0.98799 70
5.46285 11.2544 70
-3.93634 -4.7598 70
5.07774 -15.3588 70
-0.834801 0.713882 70
4.79769 -5.51497 70
-34.2371 -0.484337 70
0.39503 4.63542 70
1.4945 -5.67171 70
44.9699 -8.68807 70
4.54443 -0.780205 70
3.87083 0.699133 70
4.49129 -5.90708 70
6.07013 1.14706 70
5.07666 0.761081 70
1.05173 0.59902 70
-0.987453 -6.11963 70
0.345591 -13.6991 70
-6.26346 -19.4634 70
-0.271659 -5.68034 70
4.70271 -1.41289 70
5.77008 0.510735 70
-1.21899 -0.763962 70
-0.265961 0.975877 70
6.35042 -0.269962 70
5.86722 -0.528112 70
-31.2536 15.1015 70
-5.84679 -1.26042 70
0.413967 -0.200914 70
-4.22066 -4.49095 70
-4.99913 15.8401 70
-0.661471 -3.97115 70
6.04383 -0.404257 70
0.910923 -0.420909 70
0.589252 -0.930417 70
1.3352 4.61694 70
14.1544 29.7813 70
-1.48729 -0.931269 70
-1.16998 -11.4407 70
-0.525367 -15.3721 70
-24.6451 20.606 70
14.175 0.74609 70
-3.91103 -14.4766 70
1.12747 -5.72448 70
5.72754 0.148578 70
0.344835 -0.585908 70
4.27009 -1.22402 70
5.43939 -0.110979 70
-4.1144 -11.0934 70
1.31969 9.2532 70
3.86187 -11.3395 70
6.30743 -1.48803 70
3.82687 -24.0843 70
3.8388 -4.56661 70
-10.6295 8.89488 70
-9.67383 9.50165 70
1.0829 -0.87717 70
-9.76898 25.4301 70
10.6198 -5.77529 70
4.54929 4.77447 70
5.0768 0.712073 70
0.0857231 0.580368 70
-4.16932 3.97864 70
-1.30083 -0.776301 70
13.5892 10.2608 70
1.09426 -5.67961 70
-4.72374 -0.805606 70
-4.82077 4.98232 70
6.09444 -28.9516 70
-0.923325 1.14961 70
0.53356 -0.6718 70
0.55036 0.0653701 70
18.6726 -15.7964 70
10.4477 -0.125124 70
0.872889 1.10402 70
-4.27864 16.0687 70
-5.34557 -9.20416 70
-4.18477 -8.63141 70
0.450563 -10.8423 70
-0.782413 -0.91779 70
-0.828103 -4.59473 70
4.1164 -4.29177 70
-1.09147 -6.28099 70
-6.44245 -0.354126 70
-14.8318 -10.7952 70
-15.5239 -5.91255 70
4.75346 -3.59651 70
0.876842 -0.2067 70
0.927392 -0.261965 70
-1.32714 -5.40736 70
8.729 -0.0268168 70
1.14602 0.698462 70
0.172135 -0.270507 70
-5.27169 -4.98287 70
-4.74491 -4.72787 70
-0.978616 0.000300181 70
5.60668 5.14404 70
1.026 -0.0262425 70
0.669753 0.7212 70
0.584009 0.719915 70
0.179542 1.41462 70
0.695589 -4.52758 70
9.20076 -4.91824 70
1.39932 -0.523744 70
0.321704 -5.15227 70
5.65165 -11.246 70
-0.716546 -15.1633 70
11.2643 5.46945 70
-5.14332 13.822 70
-0.273578 -5.75876 70
1.30506 -4.25167 70
-1.47705 -1.32108 70
-26.4377 13.6851 70
5.26806 -9.22506 70
-0.0996486 -0.0789982 70
-4.47421 0.222335 70
10.3744 56.1245 70
-9.11925 -0.448004 70
6.01906 -5.66489 70
5.79948 4.8875 70
15.9158 -36.0122 70
6.23151 11.3002 70
-20.9016 35.5558 70
5.86802 14.3685 70
1.34319 -6.3357 70
-10.4125 -4.97088 70
0.253455 -0.616767 70
0.52389 5.5957 70
3.9724 -1.29265 70
5.88623 -3.81878 70
-4.94902 -6.25537 70
0.965674 0.640322 70
0.933078 -10.6019 70
-0.189402 -6.44266 70
-0.893866 0.949575 70
-53.6898 -39.7532 70
-1.44743 -1.32203 70
-5.24687 20.3201 70
5.77623 0.261766 70
15.347 -19.4677 70
4.72912 14.1244 70
-19.655 6.05624 70
-11.4687 6.39 70
6.38588 0.215426 70
0.298354 0.856511 70
6.49955 -5.37832 70
-14.5785 28.606 70
-4.89007 5.82835 70
-0.282651 -0.969149 70
-0.630281 0.856323 70
-30.1701 -14.4178 70
5.91256 -0.770747 70
0.662544 -3.72324 70
-3.75329 -10.8348 70
14.1835 -29.5691 70
1.18305 0.386998 70
-9.38737 9.09829 70
-1.17018 -6.05064 70
3.83733 1.07844 70
-3.93485 3.58807 70
-3.52146 1.28442 70
-5.7039 -0.349752 70
1.25036 -5.61414 70
-6.17966 1.20757 70
1.47549 -3.55436 70
0.193804 11.3686 70
1.03706 4.80852 70
-10.7704 -1.48899 70
14.0437 -4.31653 70
-3.83448 5.84725 70
11.056 5.64854 70
9.73919 -4.13014 70
-0.567247 -4.8543 70
1.45046 -0.734495 70
-0.0529266 -8.99357 70
1.03931 -0.750312 70
-3.71644 -5.63306 70
-1.21126 -21.2052 70
0.212171 -18.8291 70
-19.1104 15.6772 70
-19.4404 14.3826 70
1.34565 19.1026 70
3.99128 0.0618876 70
5.31079 -1.20988 70
-11.2211 -0.416911 70
-1.43938 -9.49423 70
60.0825 55.2001 70
-5.47736 -13.6007 70
0.0051993 -0.72096 70
4.22042 50.5905 70
-16.3877 -6.2957 70
6.38858 5.81713 70
-5.57837 -5.15376 70
4.58722 -4.05208 70
-0.14849 -1.19831 70
1.26834 -6.17906 70
-10.9232 -34.5614 70
-6.31256 -6.02377 70
9.12281 4.5183 70
3.54836 1.43147 70
1.19835 -1.27337 70
-49.6113 15.8418 70
-0.0330809 0.839443 70
1.021 -5.58895 70
19.4806 -40.7436 70
19.4981 -41.2706 70
0.938676 0.337048 70
0.574103 1.14784 70
0.620868 0.252335 70
0.71527 1.21498 70
-9.16629 -10.6451 70
-11.463 -9.76532 70
-1.29975 -6.38908 70
-0.515978 -0.114735 70
0.934229 -4.60959 70
0.846617 -5.02813 70
25.9283 -1.15536 70
6.40865 -5.98296 70
10.3583 10.6577 70
-14.0536 4.24108 70
9.13352 -15.6037 70
1.36488 0.101864 70
-0.366771 -6.36794 70
-3.84872 -4.8064 70
0.25599 -1.41277 70
0.297579 -1.10678 70
6.34523 11.2206 70
-1.39648 -4.57713 70
15.4212 9.9858 70
-1.31441 1.04678 70
4.63465 5.96438 70
-4.11455 10.0281 70
-1.42136 -1.36158 70
-14.2935 -5.66461 70
-6.36055 1.05 70
5.30261 -4.64869 70
-0.848826 -10.5955 70
-4.66511 -5.63218 70
-6.07639 -3.94406 70
-0.0962575 -6.02902 70
-0.22924 -0.479067 70
-4.03908 -9.91155 70
23.9998 -3.77252 70
-5.12483 -6.25145 70
0.194263 -1.44102 70
-5.29336 -10.5415 70
1.42984 -5.35981 70
-6.10479 9.51901 70
0.0346196 -10.3353 70
31.2053 -15.8903 70
30.0864 -14.5463 70
0.930393 -13.844 70
0.946366 -15.3584 70
0.498642 -4.14842 70
-8.97417 -4.32677 70
0.585264 -3.8755 70
-6.46359 19.725 70
-3.78531 -1.39084 70
-0.0482657 1.25226 70
-5.93218 -3.98286 70
4.74032 0.0940672 70
4.91367 1.08544 70
-1.25724 -5.3774 70
0.128539 -5.36588 70
-4.07647 -4.93812 70
-5.00042 -6.32066 70
-0.85914 0.915944 70
10.2614 -10.4488 70
-9.19565 3.67679 70
0.0735903 -10.8016 70
-1.19441 -4.89022 70
-14.6009 4.09263 70
-10.2139 0.868054 70
-3.84423 -4.80957 70
-5.02084 10.8824 70
-1.00874 -4.40889 70
0.488436 -20.2979 70
3.59875 0.810986 70
16.4542 -0.394403 70
-16.4634 -13.9434 70
25.4098 34.1422 70
21.0849 -23.8523 70
-5.7173 1.38207 70
16.3711 -1.31902 70
10.6985 -0.748333 70
1.09242 -4.2536 70
0.612214 -4.85229 70
0.0454796 -0.840596 70
0.00964377 -4.50326 70
-3.53641 -6.29685 70
-6.31355 -5.21811 70
-10.1595 30.649 70
-3.70611 0.457573 70
-5.25584 -0.260064 70
-5.20095 -0.520249 70
0.669637 0.9781 70
-19.3316 4.8339 70
-19.9301 4.50384 70
0.229433 -1.29162 70
-0.753513 -5.98718 70
4.32958 -6.09136 70
-4.70145 5.72371 70
8.96924 25.1554 70
-10.9149 -18.8295 70
-4.34831 1.0041 70
15.4065 -3.7962 70
-20.0924 -20.7821 70
-1.04482 -6.48257 70
-0.230161 -0.935798 70
-6.42992 -1.25366 70
3.73284 -4.5193 70
15.6656 9.11695 70
20.999 21.4248 70
16.3053 -19.2405 70
-15.2487 -24.8 70
3.63546 -0.693724 70
5.17385 -0.227652 70
-16.1194 9.44147 70
1.0926 4.17961 70
15.2645 3.73736 70
-24.7148 1.10306 70
-0.150989 -1.16321 70
16.47 10.0181 70
-14.5257 -5.58082 70
0.90911 -0.338423 70
-15.7709 1.41718 70
-5.85097 -4.6101 70
-4.18219 -4.08738 70
-0.159372 -8.58022 70
-0.249339 -5.38064 70
10.8644 5.15877 70
0.441681 -3.96784 70
-0.67444 -5.42082 70
14.9418 -14.5095 70
-4.74792 -10.4724 70
0.874953 1.4664 70
-0.271942 -5.33112 70
6.22376 -0.550224 70
4.56816 -6.29967 70
5.24872 -5.42855 70
15.2882 30.5257 70
1.15274 -1.41648 70
-6.24903 -16.3463 70
19.4526 34.4894 70
4.1408 5.61706 70
0.942228 -0.423279 70
-31.451 -19.3284 70
-0.208463 0.133115 70
0.552537 -4.70314 70
11.2515 -3.89445 70
10.2938 -6.20478 70
-6.07824 -4.04125 70
5.71253 -20.1894 70
40.3594 -0.888319 70
60.8692 -0.696778 70
8.65647 -6.47775 70
6.09035 6.08069 70
0.797398 -4.13323 70
0.79567 -6.4078 70
40.7875 25.2001 70
15.2208 -24.6788 70
0.0226542 -16.4377 70
-0.224978 -5.5774 70
-1.21366 -5.41672 70
3.96342 -5.87405 70
-0.883745 0.0827843 70
0.181617 -0.468951 70
0.82803 1.19339 70
4.36859 1.09772 70
6.04743 -1.22221 70
6.4592 -0.605817 70
-5.19062 -21.0607 70
-4.18182 -3.52644 70
24.5851 -20.5187 70
-0.713483 1.37109 70
4.72081 0.0194174 70
-30.961 -11.1097 70
-0.642596 0.721063 70
21.4482 -5.96463 70
-4.06084 -6.14292 70
-0.351072 -10.2041 70
-6.03407 -8.8842 70
13.7113 13.7125 70
-0.523064 0.0938771 70
-1.13723 4.38333 70
5.15031 4.96384 70
-1.18684 0.632657 70
-25.1388 0.268271 70
5.56798 3.75571 70
4.84735 5.01046 70
3.88197 6.00459 70
-25.9071 26.3266 70
1.01347 1.09195 70
-4.95041 10.5908 70
1.20752 0.0182493 70
6.0036 -4.11521 70
-0.801332 1.05358 70
5.51116 6.16026 70
4.30372 0.180784 70
4.822 10.9136 70
5.29076 0.110683 70
6.03838 0.741465 70
-19.8795 -10.4739 70
1.40422 -11.1049 70
15.2076 -20.7249 70
4.23252 0.770896 70
0.0507077 -4.4345 70
-3.79569 1.02806 70
-4.43226 0.869966 70
-5.74081 -0.457182 70
10.4709 0.246463 70
1.33993 1.29553 70
-5.30954 -3.77572 70
0.337747 -5.28876 70
-26.3034 -3.51091 70
0.257483 -0.507288 70
-0.560139 -0.129983 70
15.3161 0.815857 70
4.80802 -6.05574 70
5.10024 4.88277 70
3.51283 -3.84005 70
9.99496 1.17074 70
-9.52559 -0.590936 70
5.30696 -0.911496 70
1.20149 -3.55553 70
0.841906 0.9449 70
-0.155596 -10.9664 70
-1.32985 -5.88345 70
20.9109 -16.1377 70
-9.13558 -14.7737 70
1.28972 -4.22621 70
-1.30402 -6.22675 70
5.05311 -4.1182 70
11.4744 -9.0603 70
4.60147 -3.5739 70
6.30674 -4.05893 70
-4.51351 -16.2127 70
3.71909 1.45827 70
-0.499565 -0.610747 70
-8.54866 5.4772 70
15.4169 -0.236374 70
4.27316 -4.146 70
0.803585 -0.44547 70
0.983759 -4.59445 70
-0.132805 -5.84993 70
9.86829 -4.34843 70
10.3546 -15.5398 70
0.210032 4.4558 70
-5.49684 -1.01843 70
1.11097 -0.734619 70
5.28999 -0.16101 70
-0.154097 -0.667229 70
1.06274 -5.82879 70
0.949355 -40.8554 70
5.22533 -6.00881 70
3.93579 -0.985536 70
-4.93035 -5.02671 70
-0.0378094 -0.366311 70
-44.6413 -0.0693535 70
30.8246 4.99157 70
28.6406 6.18984 70
15.243 -4.52028 70
-6.34944 -5.93056 70
-5.34052 -0.115822 70
1.13005 -4.16772 70
-0.992322 1.09556 70
-0.763826 -0.717518 70
0.390013 0.520213 70
9.92485 -9.4888 70
-4.79643 -4.11912 70
8.92631 4.02387 70
0.208866 1.3808 70
5.26719 -1.13969 70
-0.53041 -1.18489 70
-5.09718 -0.970836 70
0.520605 -0.918106 70
6.04256 4.03444 70
-0.710186 0.620659 70
-0.109945 -6.09832 70
0.348954 -5.50892 70
0.00963691 -0.926777 70
1.11736 1.30743 70
-3.86128 -1.16162 70
-5.98518 -10.0575 70
11.3715 -24.5773 70
3.5637 -4.11757 70
5.72557 -9.70379 70
26.4767 -28.6688 70
4.37398 -1.00016 70
0.544168 1.12086 70
-5.12968 3.99647 70
-6.22666 1.32834 70
-20.9759 -0.735171 70
9.42037 5.95361 70
9.51878 3.53688 70
0.140702 6.06244 70
4.62355 -6.42661 70
-1.33472 -4.66635 70
0.432964 -10.8889 70
0.868581 -4.1595 70
-0.63306 -1.00354 70
10.1674 8.71202 70
-4.17813 -0.440766 70
5.79768 -5.33353 70
11.0327 -21.1273 70
-5.16052 -4.0197 70
-4.11213 11.4646 70
-1.3502 -1.47823 70
0.0244555 6.3031 70
-0.0533413 0.285718 70
0.312005 4.25632 70
6.32451 -0.766955 70
-4.86915 9.61224 70
-16.1589 -4.19672 70
1.34768 -4.44411 70
-0.995891 -0.901519 70
-4.71776 1.07976 70
0.265939 -1.31141 70
-5.24136 -3.74522 70
-1.41986 -4.92414 70
-9.76333 -4.88125 70
-3.59892 -6.48197 70
-4.70685 -5.95162 70
-0.983303 -4.13878 70
-10.6446 1.46303 70
-4.40211 -5.74742 70
5.55576 -0.743235 70
1.1589 -16.1582 70
3.5223 0.394977 70
-1.17095 -4.69798 70
0.0960128 -0.848406 70
-0.529045 3.86782 70
1.26826 6.11323 70
6.11174 1.09716 70
6.3728 24.6332 70
1.24944 -4.17232 70
5.83957 4.49441 70
3.52077 -6.41298 70
-4.22362 -0.343882 70
5.79732 9.22857 70
4.38655 -5.66635 70
-0.446756 0.0830229 70
4.32517 -10.0927 70
-6.48098 1.05247 70
-0.950737 -3.9287 70
-0.199092 -4.05435 70
3.82331 -0.101404 70
-1.29678 0.919279 70
5.61575 -10.2947 70
20.804 -11.1858 70
-4.95671 -4.43547 70
9.45553 -4.00602 70
0.509045 -3.90465 70
-40.6687 15.0305 70
3.9347 4.56296 70
1.08616 -5.71903 70
5.05581 15.2602 70
-1.03608 0.24391 70
0.879625 0.661649 70
0.380768 4.47319 70
-0.0428197 1.03679 70
-9.80583 3.65461 70
19.8286 -1.22144 70
21.3515 -0.0891192 70
-0.955092 -4.43674 70
43.6758 -18.6914 70
-14.3546 -15.8339 70
-3.70705 0.124794 70
5.67085 -14.9002 70
14.3786 -0.982642 70
-0.807186 -0.231764 70
-5.0696 4.96363 70
-0.234037 1.26512 70
-3.92489 0.334443 70
4.64648 -14.1327 70
-3.75623 1.14461 70
-3.59011 5.26484 70
-14.1815 -0.844728 70
-3.96299 3.65474 70
15.2737 -10.0212 70
-39.2378 -0.233245 70
-10.1112 -6.41841 70
-0.732617 -6.47148 70
-5.65822 -4.56906 70
-3.78807 -4.06024 70
4.51683 4.21517 70
-1.3661 -5.48189 70
-4.68853 6.2562 70
5.63529 -5.08762 70
0.347631 1.13343 70
5.29051 -6.46797 70
4.29828 -4.78145 70
5.23765 -6.30604 70
-5.77905 -0.984258 70
-21.2628 5.02888 70
-3.76082 1.17523 70
-0.471098 -13.697 70
-6.17041 -0.0192183 70
0.924283 -4.49237 70
-5.95004 5.92566 70
9.99287 3.74107 70
-0.250151 6.18958 70
-1.37308 -10.9 70
-4.85216 -0.217847 70
-1.27179 -0.627932 70
0.111384 -13.6417 70
-3.55261 -0.812706 70
-0.800821 -4.27372 70
-0.990661 -0.718218 70
0.561731 -8.90554 70
-13.6022 3.65373 70
5.99776 0.210808 70
0.330526 6.06549 70
1.4142 5.03146 70
-11.3246 1.49121 70
0.991078 1.0847 70
5.67048 -10.4546 70
-1.42888 -5.1845 70
-4.80484 6.15983 70
4.15534 -5.16091 70
-5.75639 -1.3847 70
45.5894 1.27954 70
-1.49977 -5.92491 70
5.37496 3.8224 70
6.28702 5.41117 70
1.24439 -0.929335 70
10.3698 -5.1743 70
0.417346 0.74791 70
8.60834 8.82207 70
-0.188213 1.49936 70
-1.37501 0.608966 70
0.308468 0.368105 70
5.75247 4.66949 70
25.2804 -13.6423 70
5.02853 -11.4369 70
-5.72127 8.98666 70
0.587292 0.482686 70
-10.0646 -0.767379 70
-1.07185 -1.04033 70
0.888381 -4.96151 70
5.35504 -1.12701 70
0.426562 0.387793 70
5.96064 0.34751 70
1.12784 -6.3021 70
-3.76484 -3.54696 70
-4.82833 0.563839 70
0.299513 0.547106 70
-8.52359 1.00678 70
-0.14934 -0.238291 70
10.9119 -39.5934 70
0.936622 -5.26235 70
-1.15202 -3.60864 70
0.00689682 -6.37508 70
-1.25077 -5.62373 70
-3.62448 -5.45025 70
-0.795825 -0.220762 70
-1.31787 -1.20428 70
-5.50232 -1.16105 70
6.4432 0.811375 70
-1.27329 -3.73518 70
29.9877 -25.8027 70
13.9422 -28.7959 70
0.302769 -1.47361 70
5.63948 -5.68094 70
-14.7941 -44.9172 70
-19.9379 -25.474 70
4.82503 0.256475 70
-16.1185 -18.8197 70
-1.39517 1.45018 70
-5.38859 6.15041 70
4.25361 -5.38542 70
-0.894735 -5.03038 70
1.47095 -4.97121 70
0.428869 -0.203668 70
5.64883 0.826498 70
-0.320442 4.522 70
0.604249 0.674017 70
3.86344 -11.1452 70
0.394158 16.2851 70
-5.04455 -4.63705 70
10.7566 -4.95204 70
4.0479 -9.72692 70
6.18589 -8.50056 70
4.3133 -4.13638 70
0.402723 -4.83869 70
5.32065 -9.94805 70
-8.66054 18.8202 70
-0.139089 6.20846 70
0.41393 -8.83944 70
-0.197205 1.09817 70
15.6531 4.88155 70
-0.119986 -5.5829 70
-10.7692 -0.570128 70
-0.194405 1.4026 70
-1.05815 -0.289661 70
10.6204 -9.75362 70
-0.664864 -5.99575 70
-6.13362 -5.13651 70
-10.2554 9.90748 70
-4.74049 6.49231 70
0.373493 1.16578 70
-5.93037 5.48504 70
-1.49445 0.750976 70
0.932025 -6.43047 70
10.2365 -0.0870495 70
-5.44771 -4.34387 70
-0.14912 1.09326 70
-1.01644 14.3695 70
4.51766 -5.70917 70
-0.212287 -3.55206 70
-4.65192 -6.40615 70
10.3453 0.937113 70
1.07685 -3.81478 70
3.7098 -0.429284 70
-0.510782 -11.1163 70
-1.29377 14.9241 70
-6.17322 -5.3492 70
-5.37639 -0.252244 70
16.3344 6.12045 70
35.2257 -35.1805 70
9.85801 -23.7633 70
-0.159523 1.47136 70
-4.93493 -3.96545 70
-1.27011 -0.948623 70
6.15798 -54.6885 70
0.405178 -5.41564 70
-0.0898375 1.37558 70
-1.07236 1.07267 70
-11.3614 9.75282 70
-4.64231 10.6707 70
-10.9294 -30.2312 70
-5.75016 -14.8712 70
-0.830449 1.45982 70
0.0284886 -0.757191 70
14.8557 -14.2928 70
-4.34257 -8.94552 70
-4.757 -11.2954 70
5.1358 -5.04175 70
1.06023 0.339598 70
-4.52325 1.06376 70
11.2458 18.7446 70
-4.89067 4.44815 70
0.291585 -1.18842 70
-15.2504 -11.3679 70
-13.6332 8.84867 70
5.71572 -10.2851 70
-10.5302 -3.90297 70
-0.795113 1.13043 70
-1.23267 -0.698266 70
-5.36306 -24.6511 70
-1.08123 -11.0209 70
-5.60936 -11.2127 70
30.9404 -5.35019 70
-5.66095 -10.8238 70
9.86568 -9.89787 70
5.17665 0.648251 70
-1.13674 -5.83773 70
-14.8648 -0.444867 70
-15.446 -0.560761 70
5.4853 -4.29904 70
-6.09001 0.738176 70
-1.11689 0.146065 70
-1.14457 10.0356 70
-0.85397 -0.157449 70
4.73107 -9.71396 70
-4.76023 -3.8323 70
10.9325 -0.883855 70
0.441129 1.47014 70
-0.139025 -0.816677 70
-5.45481 -5.11532 70
-0.0136558 -5.10875 70
1.37825 -4.10441 70
5.57484 -0.686085 70
-0.816189 -4.05209 70
5.23673 -0.375781 70
-6.05652 -4.65117 70
0.158116 -6.41537 70
-0.386368 -4.46506 70
4.87127 -3.53535 70
-0.598418 -0.134932 70
0.588413 -0.332655 70
4.96965 -5.3527 70
0.368317 1.31475 70
3.87936 -4.82512 70
-28.5008 -9.28312 70
-0.0757048 -5.65857 70
4.06862 5.95516 70
14.012 -25.4944 70
3.96827 0.383477 70
-19.687 1.33603 70
0.428047 -0.749503 70
-0.0583759 -0.72613 70
-4.92794 -4.38561 70
5.63731 -5.48177 70
-1.30531 -3.92744 70
1.46823 -3.52605 70
0.490663 -4.09244 70
3.71683 -6.15068 70
0.444327 -3.70664 70
0.448169 5.55371 70
