8.96394 -6.35768 70
0.264037 14.8118 70
0.446252 3.95886 70
4.24107 5.3837 70
0.757536 -1.1641 70
5.62171 4.56667 70
-1.04187 -0.795184 70
-0.573402 4.70042 70
-31.4731 -14.7856 70
-1.20883 -20.6925 70
19.603 9.24418 70
5.0332 -4.389 70
-0.284771 -1.41141 70
4.12233 -1.01496 70
5.63302 14.1182 70
9.67889 0.874896 70
11.4625 -1.01029 70
0.178314 -0.935925 70
9.48792 3.98601 70
-1.39891 -0.968231 70
-6.12632 4.64044 70
1.24474 -1.23215 70
14.1383 -19.574 70
-1.21982 0.494311 70
-0.164848 -1.11306 70
1.23962 -1.24455 70
0.257269 4.30152 70
1.45204 1.18404 70
-0.898013 4.09004 70
5.40737 0.636829 70
4.89829 0.0282681 70
23.9733 -15.296 70
6.45555 6.09535 70
3.89998 3.85305 70
6.25512 4.41751 70
11.1817 8.73517 70
0.77338 0.467792 70
-0.70925 -0.458605 70
-0.945555 5.98134 70
-0.716335 -0.042857 70
-5.05375 -0.352326 70
-3.85407 -0.07797 70
30.9564 31.0115 70
-0.108541 -1.1858 70
-5.01357 -1.169 70
-5.60978 4.16038 70
-0.408519 1.00371 70
-4.94044 -3.62604 70
-0.416125 5.3934 70
4.35532 0.827529 70
0.642619 3.70112 70
-1.31531 4.83139 70
-4.88001 1.03304 70
9.01638 24.2404 70
-6.06584 23.8726 70
16.1563 15.1068 70
-3.82641 5.91624 70
4.00391 0.145519 70
-19.4868 9.84687 70
-11.3134 6.34729 70
-9.10066 6.34752 70
0.0131667 0.0840038 70
-28.8564 14.4412 70
1.23846 -5.79165 70
-1.13428 5.30236 70
4.64358 0.786512 70
5.04618 3.81525 70
-10.1386 -4.57485 70
4.83787 -5.8523 70
20.4499 -6.25475 70
-4.18598 14.0247 70
-5.29807 13.8378 70
-11.2804 34.568 70
5.8736 4.06953 70
-11.3287 -4.46959 70
6.1024 3.65266 70
1.43191 0.251327 70
4.35903 -0.531547 70
-9.26676 4.58194 70
-4.47817 10.5358 70
20.326 -20.7331 70
-4.85597 4.76075 70
4.60183 5.84428 70
0.796397 6.28674 70
5.24164 -8.50085 70
-1.15523 -1.24501 70
1.18814 0.471976 70
0.838478 3.9338 70
5.14461 4.22973 70
-5.50297 5.13825 70
-0.00608591 4.32764 70
-0.969399 5.18022 70
10.9199 3.88346 70
-1.05837 1.0441 70
1.22103 -1.17289 70
-15.153 9.05837 70
-13.8125 10.0001 70
-26.0644 4.25725 70
-0.932569 -5.28557 70
-1.17016 -0.868746 70
-21.0584 -20.5189 70
-0.248802 0.48154 70
-1.34994 1.49034 70
-4.11719 3.68622 70
-10.1536 -16.2277 70
-1.27349 -0.501177 70
-1.34161 -4.27052 70
-5.01242 0.275432 70
-14.9887 -1.28638 70
-16.341 0.511816 70
4.26136 -1.47619 70
-24.5697 -5.70722 70
0.918481 -0.971249 70
0.357613 -0.819859 70
1.13665 6.01006 70
1.17077 3.78574 70
4.42388 1.27998 70
5.56052 0.813796 70
-5.42629 -5.30686 70
0.275621 0.652291 70
13.8127 6.13744 70
4.7158 1.07695 70
5.39915 0.789519 70
-0.405591 8.85112 70
-4.1289 -6.18943 70
-1.08227 -4.27532 70
-4.23159 -6.27353 70
0.913944 5.42086 70
-0.0615771 -5.40495 70
15.4427 -9.02244 70
-4.33665 5.34034 70
5.47935 4.51173 70
0.757232 -11.1261 70
34.1763 -3.53182 70
-0.79067 4.80469 70
14.7267 -0.157398 70
-1.40895 0.729512 70
0.0819009 -4.1261 70
-4.72929 -6.31691 70
-0.102164 4.78114 70
14.1901 15.3377 70
-1.00387 15.3699 70
-1.07815 0.554232 70
-0.806257 5.55284 70
43.5036 -14.7654 70
9.70596 -5.30457 70
1.24228 6.29133 70
26.1088 -38.5956 70
-10.0598 -4.55607 70
3.72324 14.8734 70
0.43654 0.0114122 70
30.0209 3.79323 70
3.66143 1.17844 70
1.38619 -5.92389 70
0.249332 1.10837 70
45.9598 -50.2237 70
20.5781 9.44808 70
0.302809 1.14926 70
-0.703568 -0.50823 70
1.20979 -1.454 70
0.171057 -0.10314 70
-0.908075 -4.10654 70
9.29706 8.96589 70
-6.39366 25.8472 70
-1.4805 1.01551 70
-20.7526 24.024 70
25.8607 15.9256 70
3.53239 -0.536114 70
-0.768793 -1.327 70
5.40676 -0.354635 70
-4.80683 -20.1376 70
0.601093 -15.7601 70
4.00848 -4.36423 70
6.48816 9.70101 70
14.2147 25.6958 70
15.9498 19.6773 70
4.80891 -0.692014 70
-0.124809 -1.3064 70
-10.8204 -1.0704 70
-4.02515 4.04966 70
4.6433 6.19652 70
-5.80941 6.04442 70
-0.700778 0.226134 70
5.18979 4.58578 70
4.85111 -0.546991 70
1.45678 5.16728 70
23.5571 -16.0245 70
-1.25804 1.43529 70
-0.0465973 4.17703 70
0.882141 16.102 70
-1.44006 5.84534 70
0.978833 3.54142 70
-0.719334 3.50906 70
-10.6521 5.83813 70
4.4585 -0.222512 70
0.992248 5.05555 70
5.274 0.0602689 70
6.25244 -0.0411068 70
-10.9128 -15.3926 70
-9.94955 6.1431 70
-10.444 55.6699 70
5.9392 5.30598 70
-4.31194 5.2474 70
0.670103 -1.48908 70
-15.4231 -24.3055 70
-0.823336 5.9174 70
1.19396 5.09152 70
30.6158 14.7759 70
-11.4426 13.6988 70
0.940221 3.89496 70
0.785481 -6.19771 70
-1.35399 19.1659 70
5.33411 -0.938303 70
3.79845 15.7518 70
4.69593 4.34696 70
3.60879 0.42306 70
6.04852 0.504777 70
-8.80594 5.35044 70
-0.690707 -0.630022 70
-4.73618 5.57238 70
-4.30421 23.9284 70
-4.91832 -1.41446 70
-4.8016 5.09385 70
6.04641 -11.0274 70
-0.221396 0.705623 70
24.5704 11.4496 70
-3.52878 8.70737 70
-18.8413 25.3889 70
0.540307 4.43816 70
-0.368877 -4.06188 70
0.623552 4.83056 70
4.13357 3.86681 70
9.31208 8.99926 70
5.44687 3.5126 70
-0.686996 5.05708 70
0.268716 4.89486 70
1.46398 6.22774 70
-1.26447 -1.20404 70
-1.26082 0.820235 70
-0.111896 4.83998 70
-4.07204 -9.92164 70
4.78711 -5.2412 70
0.669787 -5.65747 70
-0.335512 5.35784 70
5.43462 5.901 70
0.949184 3.96798 70
-1.08734 -39.0038 70
-0.933374 5.95074 70
5.05692 0.979696 70
13.7541 14.8782 70
-9.87324 6.31406 70
0.490807 0.336561 70
-3.72136 -0.470582 70
-0.83198 0.688361 70
10.4234 1.29179 70
15.2288 15.7325 70
-1.05044 9.2592 70
-1.4085 -0.910537 70
-24.6242 0.616417 70
-5.30406 -1.15855 70
-0.843764 5.91065 70
-31.256 -8.93077 70
6.44995 0.216501 70
-30.0354 -3.81316 70
0.726914 -0.498097 70
-6.4114 6.07275 70
-4.63911 4.1721 70
10.6866 1.00896 70
9.14565 -1.0377 70
0.615653 1.2834 70
4.14718 0.987154 70
-0.141343 -0.752499 70
4.75902 -4.72767 70
-3.72742 6.13207 70
0.458479 1.41316 70
0.404797 0.654916 70
0.0186776 5.80755 70
-0.725091 9.67578 70
-9.02136 -1.24401 70
-0.119789 5.03692 70
1.01128 -0.460075 70
-5.25035 4.72327 70
-4.03617 5.21513 70
8.86432 5.86051 70
0.0607475 -0.984015 70
-0.182144 -0.551747 70
-9.07682 -1.47467 70
0.395719 0.421843 70
-14.0577 -6.17531 70
-0.213695 0.422158 70
10.9843 5.06503 70
4.51526 -6.36851 70
-0.0618171 -0.14661 70
-0.00359664 5.94327 70
-16.2691 11.485 70
-9.58983 -3.80299 70
-0.637957 -0.802138 70
0.980907 -6.31497 70
-5.887 -4.29173 70
5.01562 4.3746 70
-10.687 -21.3969 70
-0.246824 8.60477 70
1.15095 -6.44727 70
-0.674436 5.17905 70
60.9727 21.2502 70
1.15331 -0.668379 70
-15.3626 -13.7911 70
-0.588846 -21.0286 70
5.51715 -8.76253 70
3.75945 -9.91307 70
1.10356 3.7315 70
5.75737 6.44326 70
16.4263 -29.1816 70
-0.83614 0.547665 70
-0.135159 0.924775 70
-39.4015 9.87554 70
4.26132 -6.02115 70
3.89898 0.485873 70
3.62901 4.91408 70
-1.05208 3.53361 70
-31.3491 15.9944 70
-0.343946 4.17513 70
-1.12397 -6.37271 70
-8.59003 -1.08606 70
1.26059 4.74484 70
-5.48443 16.4914 70
3.57928 -0.796108 70
-1.40371 -0.870246 70
0.839307 1.48907 70
5.69096 -0.0850988 70
-13.5251 14.2204 70
1.2134 6.13856 70
-1.19882 1.08695 70
9.6063 -9.44679 70
3.96318 5.08741 70
0.293361 1.19788 70
24.4375 10.6603 70
-19.2105 5.35886 70
1.09988 15.0821 70
0.173682 -6.081 70
-11.0393 9.13154 70
1.37077 -1.4644 70
6.27295 5.84658 70
-4.42034 -30.2849 70
-5.97367 -31.0622 70
-25.5015 -0.00703573 70
20.481 -1.28314 70
-1.1392 -0.910172 70
0.00274167 4.90705 70
-54.0726 10.8023 70
-0.279436 1.46122 70
-4.97091 4.41269 70
3.82782 -0.934159 70
0.775076 -1.0678 70
4.95505 -6.44739 70
-4.27387 -5.30236 70
0.269565 1.36153 70
-4.60903 10.2732 70
0.659211 5.77219 70
3.93819 5.43649 70
18.7206 3.71889 70
-0.429595 -0.272617 70
4.68432 6.48715 70
5.50919 5.23205 70
-3.82645 -5.35745 70
5.24653 10.1789 70
25.214 51.0776 70
30.6504 -29.0887 70
29.5839 -29.7853 70
-14.0276 14.0886 70
-13.6605 -0.757219 70
-16.1988 0.567392 70
-6.4412 4.11954 70
1.3633 3.50849 70
3.87144 -5.85571 70
4.09199 -0.211922 70
-1.12989 4.69881 70
-0.503717 -0.295971 70
-5.66848 3.88448 70
5.83876 1.49764 70
5.97412 0.928208 70
9.8696 -19.9968 70
11.3817 -10.0642 70
-0.824715 -0.72817 70
0.580401 -3.91637 70
-1.47219 3.66183 70
55.2833 46.4662 70
16.2681 -1.18097 70
21.4174 26.0212 70
-14.0245 15.2523 70
-18.6317 -5.4172 70
0.299347 1.01303 70
1.4315 6.14328 70
1.01012 3.98173 70
14.8032 4.89687 70
4.62382 -6.24578 70
25.8869 49.1889 70
9.99452 9.76952 70
-1.35072 5.86826 70
1.12057 3.85626 70
-0.487784 5.87927 70
0.534678 1.25271 70
1.00608 -1.03708 70
0.984765 1.24559 70
15.404 9.90407 70
-3.78955 3.61619 70
5.65915 6.04071 70
0.129759 6.42807 70
-6.27691 -13.9097 70
4.7567 -16.135 70
-0.0387879 55.9101 70
-10.2972 -0.464813 70
19.4794 9.87888 70
0.384228 -15.6791 70
-44.3795 -10.1731 70
4.49114 40.5605 70
5.29709 -0.727694 70
4.62111 -3.53893 70
-0.0312584 -4.30482 70
-0.293765 0.103778 70
8.87719 1.46742 70
0.215204 0.546869 70
-0.833183 1.24188 70
0.211945 0.0358791 70
-1.48906 1.42074 70
20.0552 15.4857 70
-5.99249 -1.20314 70
-19.8005 -14.3308 70
0.0361973 5.36248 70
-1.17222 -1.09342 70
0.397404 0.0387914 70
-0.683084 -0.842452 70
1.14126 -0.423452 70
0.0674451 1.09094 70
5.40455 -11.2772 70
1.18036 5.10852 70
-9.25723 13.5732 70
1.39092 0.713544 70
-0.882002 6.3912 70
-0.051327 -1.43754 70
-0.724135 -0.956863 70
9.37413 -19.077 70
-0.788966 -0.420022 70
-0.0483364 5.71515 70
-5.10636 4.09347 70
-4.09422 5.08341 70
19.2745 -29.0427 70
-9.71633 -9.25014 70
15.011 1.1036 70
-5.29118 -3.8759 70
1.13824 3.89371 70
-9.24844 0.822545 70
1.12109 -0.437467 70
-0.425807 -0.451333 70
5.56319 0.57665 70
-14.0492 18.9936 70
36.1627 -29.4656 70
-0.72801 1.23877 70
14.2826 -36.356 70
-6.12533 15.0878 70
10.5874 -10.6967 70
-0.594471 1.18814 70
-0.631634 0.710138 70
-5.3456 -6.26135 70
-6.28834 -1.05967 70
-6.14964 -4.05545 70
3.83047 3.61535 70
-0.0650752 5.05359 70
24.4387 20.1307 70
-5.33549 1.49267 70
-4.34877 -16.3135 70
-8.76488 -0.676596 70
0.121034 3.597 70
1.3539 -0.142473 70
0.277477 0.729887 70
3.95444 -0.275112 70
1.42966 -1.30919 70
0.221497 0.153363 70
-5.98536 -15.6035 70
-0.181016 1.35626 70
-4.92859 4.32801 70
0.578571 -0.129975 70
-3.73758 11.3524 70
-0.0574133 -0.0865686 70
11.2219 -14.8451 70
-6.27588 -5.97244 70
-3.73092 0.366603 70
-3.88725 -6.07702 70
4.71469 1.21279 70
6.42905 9.00488 70
6.02914 -3.66181 70
-0.931974 -0.480303 70
-4.6199 6.43494 70
-0.945511 1.01042 70
-14.6262 -11.277 70
-0.782129 -14.7957 70
-10.1401 -1.44034 70
0.963131 -0.865595 70
-5.83131 -1.28542 70
-6.16588 -0.866777 70
-20.2625 -11.2745 70
-0.581458 -15.041 70
5.92698 -13.8808 70
-3.93232 -3.82703 70
10.5679 -4.94699 70
0.504332 9.71921 70
0.189611 -3.78546 70
-1.47486 -0.264651 70
3.68438 0.721105 70
-11.2086 -20.3454 70
1.09929 5.62958 70
-4.41189 4.1929 70
0.712286 5.46415 70
30.7568 41.2296 70
5.26149 -1.00919 70
-1.24579 -1.1649 70
-9.10495 6.40703 70
4.20039 10.7315 70
-0.199396 5.12246 70
-1.02643 4.38945 70
-0.675279 5.20151 70
-14.7613 -29.7992 70
-4.00632 -5.11851 70
-6.09723 0.0200462 70
-5.68495 9.80402 70
-1.40193 -0.499209 70
6.24693 0.3526 70
55.8114 10.131 70
-0.0921234 -8.62155 70
5.72812 -1.02063 70
-5.37876 -0.348266 70
4.88446 0.390444 70
1.04669 6.08686 70
-0.698757 -0.208447 70
-3.70244 14.7817 70
-0.129193 1.45464 70
-1.22076 -5.80495 70
-0.243894 3.76407 70
-44.1951 5.7342 70
-46.0205 3.79264 70
59.9418 -6.44317 70
-1.29701 -6.22689 70
10.9246 5.65005 70
24.5721 8.89565 70
-1.17675 -1.06059 70
21.0998 1.36967 70
-5.72004 4.60763 70
33.7609 10.1859 70
1.25066 -4.56764 70
0.132791 -1.11575 70
-4.68928 9.69955 70
0.661163 -0.795582 70
4.11506 0.809245 70
-0.378118 -0.991559 70
-39.1026 34.6777 70
8.65522 -3.94071 70
-0.647261 23.7988 70
0.117295 25.698 70
10.1977 -0.377829 70
3.65497 16.0925 70
1.3566 -6.12836 70
0.450865 -0.957307 70
0.788808 0.423885 70
-0.525178 5.93253 70
-3.6217 -1.14495 70
-3.70436 9.50679 70
0.20088 -4.67098 70
-0.796252 6.3743 70
0.496525 0.965354 70
0.837452 0.15601 70
0.93921 9.81923 70
1.12796 -4.98136 70
0.744081 0.250472 70
6.28915 -0.0560203 70
-0.912849 4.41745 70
-0.919616 3.9189 70
5.33254 4.42434 70
-1.15646 -0.902786 70
0.956702 -1.49679 70
1.04665 1.16102 70
-4.44299 -0.273831 70
5.6035 4.7082 70
-5.3182 -0.0222203 70
4.56239 5.14613 70
-0.133579 -0.928517 70
13.6238 15.2972 70
5.73708 0.606544 70
-6.40509 -9.72899 70
0.412849 -0.201138 70
-1.36103 4.96992 70
0.69446 -13.7606 70
-0.00181342 -1.25064 70
0.523319 1.33245 70
-9.98772 -4.22027 70
0.938957 5.53911 70
1.49512 0.16825 70
-0.299441 -3.79608 70
-30.0903 -3.62028 70
1.16286 1.12316 70
-5.61166 0.600287 70
4.24096 0.636275 70
5.94545 -0.949038 70
4.45237 -1.09704 70
6.22533 -1.3654 70
0.186061 4.32417 70
-10.3076 -5.80818 70
-21.3656 -10.9473 70
0.848671 4.60391 70
6.39342 13.762 70
4.06908 9.25043 70
-1.32062 1.03173 70
-10.8506 19.0337 70
-19.0625 9.15501 70
9.04856 -10.1346 70
5.41121 -3.53244 70
4.83215 4.88098 70
5.01511 -16.3102 70
10.2703 -11.0879 70
4.6201 9.88503 70
5.46244 4.06959 70
6.42615 -1.23992 70
4.64238 0.160146 70
-6.44051 -4.73234 70
1.16994 0.74454 70
0.632892 1.10317 70
-6.12921 -29.5712 70
5.30672 -1.0004 70
-5.02082 -4.39775 70
-4.3349 5.36756 70
6.18594 -3.86641 70
-44.582 -50.9153 70
-5.29974 -1.43424 70
-1.28276 10.4162 70
-4.23501 15.8947 70
6.32572 3.80513 70
1.17015 5.41112 70
-4.87455 0.972115 70
-6.10983 9.80937 70
1.00703 -9.27661 70
-6.33483 0.359436 70
-4.9763 -0.324086 70
-3.66359 8.52836 70
-1.49603 6.01831 70
-14.5625 -1.03601 70
0.720395 -5.93112 70
-1.12451 -6.47397 70
3.69039 10.568 70
1.00929 -6.10422 70
5.30217 -0.2193 70
0.163273 6.40068 70
-5.17236 -1.02232 70
-4.10049 5.50833 70
-0.00164756 1.3437 70
-11.114 1.37402 70
-4.06497 0.881545 70
3.72188 6.09005 70
-1.1814 -6.10965 70
0.947811 5.16043 70
6.35353 0.305695 70
6.00828 1.24515 70
-4.53701 6.29816 70
-0.423467 1.16994 70
-4.00257 -5.63969 70
0.842252 0.485914 70
1.21628 0.512189 70
4.41669 0.450683 70
0.0975261 0.380825 70
5.56012 13.6724 70
4.76972 -1.00876 70
9.81369 -11.3352 70
6.37275 -1.25598 70
5.08128 -1.29588 70
0.0474808 4.35722 70
-5.80721 11.0854 70
-1.44093 -0.104873 70
1.1103 -0.0409756 70
-1.17845 5.6359 70
3.56335 9.52843 70
-30.1747 -50.1721 70
-3.91252 -0.307856 70
-5.9974 6.20608 70
-9.28199 4.24672 70
-1.32767 -1.36527 70
-10.2445 -3.61234 70
9.96191 23.6611 70
-4.02118 5.29307 70
-9.89919 -0.908317 70
-0.403397 1.47483 70
-4.04627 4.27239 70
21.2086 -16.1279 70
0.531239 6.45717 70
1.29305 5.21376 70
-9.49909 3.9075 70
-1.04878 1.10851 70
1.07459 5.66786 70
4.08715 0.748381 70
-4.21414 -6.37763 70
-1.26473 5.71245 70
4.82457 11.1146 70
5.11662 0.370331 70
-9.53003 -10.728 70
0.90032 1.21261 70
-14.3331 6.13941 70
-8.918 -0.978437 70
1.22231 -0.652841 70
-4.05559 4.57795 70
14.1525 -21.1232 70
0.393728 3.92634 70
0.194863 0.139656 70
-4.25894 -4.85833 70
0.748263 1.22284 70
-4.62269 -29.1369 70
4.93437 9.22923 70
58.5146 -25.9517 70
-1.07773 10.7452 70
-0.674109 1.03615 70
6.48852 -10.5057 70
1.15831 -8.91698 70
9.11905 3.84505 70
-9.84031 -1.23053 70
6.17683 -9.39686 70
-0.579294 6.00087 70
-1.11072 0.399448 70
4.00148 9.05805 70
1.28278 1.36399 70
-1.28752 -10.3628 70
-4.92403 6.28457 70
26.0782 -29.5027 70
-5.76007 1.3279 70
8.76947 4.13188 70
-1.02997 3.83647 70
-0.309535 -5.51804 70
0.556311 0.907089 70
54.5492 60.2933 70
-11.0511 4.38656 70
-18.7881 6.03905 70
0.849872 -1.03174 70
-0.478531 -0.242806 70
0.949189 -6.41885 70
-14.4052 -25.5751 70
5.70874 1.35201 70
-1.18336 4.80844 70
0.7589 10.3608 70
-1.20042 4.70575 70
1.06126 3.57828 70
0.0875745 -0.788042 70
-6.2967 6.20091 70
-3.51245 6.21673 70
0.807342 5.36421 70
-6.46271 0.823266 70
-4.75447 1.38509 70
-0.3389 11.2558 70
9.10822 0.943826 70
-0.151845 -0.8529 70
-3.62086 -0.414126 70
-0.585757 -14.9695 70
0.781056 9.37419 70
-14.4431 -1.26138 70
0.0216052 0.675055 70
-5.90816 11.0615 70
9.32304 1.22547 70
-13.9475 -9.24457 70
0.894814 3.72992 70
55.8239 -1.16716 70
-3.78134 -0.930704 70
-5.5461 6.1672 70
-5.84261 0.670775 70
31.1615 10.3668 70
1.12163 -6.19953 70
-5.47471 -3.74697 70
-0.0335112 18.6999 70
0.0227869 -1.20665 70
9.54409 9.02905 70
4.69558 -4.28092 70
3.74294 -4.50527 70
-0.258549 -0.174214 70
-1.06397 15.8894 70
-0.562403 -0.216886 70
0.287599 5.03715 70
21.2785 -4.61346 70
-0.398675 -4.99559 70
0.68268 -5.86291 70
0.341383 1.45627 70
-46.1353 51.1834 70
-4.05548 -4.31377 70
-3.97848 1.01624 70
4.66156 5.39778 70
5.81595 4.42227 70
0.404479 3.99965 70
4.35837 -11.2045 70
-4.107 5.9408 70
10.7919 -21.1143 70
-5.82537 -0.514413 70
9.69275 16.2324 70
0.12377 0.372154 70
1.38968 0.126369 70
-16.4285 -15.6383 70
-1.35201 -0.505279 70
0.529892 6.32788 70
3.66827 -9.78429 70
-5.16747 -1.04263 70
-4.40584 -0.504187 70
21.1604 4.88028 70
-19.7151 -5.95751 70
0.860152 1.22352 70
9.35547 -8.83081 70
6.19525 -9.89059 70
5.44154 0.55133 70
-0.119142 -1.0492 70
-0.684317 6.01831 70
4.80091 5.86262 70
-9.02643 -4.68991 70
-14.0207 4.87639 70
-1.11236 -9.60259 70
0.77602 -10.933 70
-5.31991 1.39695 70
4.65438 5.57631 70
-4.09419 -4.05189 70
-8.57985 1.13756 70
-9.70089 -1.42066 70
-15.4398 3.95123 70
1.49335 4.43453 70
-0.338598 -1.24122 70
19.5588 4.65922 70
-8.97199 -5.97344 70
3.60041 0.0304684 70
-0.880831 4.85659 70
-1.19192 -10.3928 70
-0.826257 -4.64768 70
5.76789 -0.544459 70
-3.65619 1.21987 70
1.32521 -1.27289 70
-1.39749 -0.709078 70
0.403053 -9.66549 70
15.4317 5.93994 70
0.112347 0.495473 70
-1.40541 -1.00718 70
-4.18365 0.989218 70
-0.690361 -3.83517 70
-0.449757 -1.20196 70
6.44683 -0.254947 70
6.13223 -19.4269 70
-0.0848319 -19.2407 70
-0.830604 -0.915883 70
-6.18304 0.272881 70
19.9309 -31.0664 70
-0.266441 6.11004 70
-3.75752 0.0842828 70
-5.93418 4.25465 70
-1.15683 10.2833 70
-0.318921 -1.01213 70
-29.4848 34.1713 70
4.17829 -0.841794 70
-5.37678 5.96115 70
-5.77086 3.7231 70
4.71346 -1.47448 70
-4.24771 0.358779 70
6.2768 1.03257 70
-9.8109 -4.46228 70
-9.23259 24.822 70
-0.1743 -1.36878 70
1.36241 -0.0158349 70
26.451 9.77118 70
-1.24546 9.46618 70
-1.49926 0.378046 70
-1.12624 -1.29892 70
-4.95929 -11.4121 70
0.672096 -38.9084 70
-3.67823 -5.75006 70
1.39591 0.0702248 70
4.97987 -5.3153 70
-1.06596 -0.209082 70
24.7356 -14.6826 70
9.95466 0.977665 70
44.673 51.0184 70
-4.21068 0.671132 70
9.66748 8.68597 70
20.2122 -44.9494 70
-9.40208 -14.052 70
10.0873 5.01458 70
-6.02796 5.82427 70
-6.42022 5.61715 70
0.575502 -0.870819 70
-10.7607 9.65542 70
0.205649 -0.0673168 70
1.05571 0.907571 70
25.9101 0.801872 70
-11.2097 10.7145 70
-5.35647 9.64666 70
-3.62682 11.2363 70
-5.12731 1.47146 70
5.17928 -1.18594 70
-0.594529 20.5355 70
-5.70626 -5.29574 70
26.0883 -9.73746 70
0.300315 1.29081 70
-0.138232 -1.39157 70
-1.40965 -5.53337 70
-4.15839 -1.27283 70
5.07422 -10.1913 70
0.549579 -55.1375 70
36.2893 9.13571 70
-0.443002 4.00847 70
4.634 6.0695 70
4.98009 5.01732 70
-54.3888 -14.4481 70
-4.61813 -4.9263 70
-8.52773 -0.424856 70
3.9022 1.32593 70
-5.1048 -3.79258 70
-4.33713 -34.613 70
21.1355 14.033 70
1.35448 4.81295 70
25.8202 34.5446 70
0.070568 -4.73417 70
-4.39019 0.81304 70
0.0733992 6.15542 70
0.00543454 11.4721 70
-0.0346126 5.90914 70
-0.951078 -4.27055 70
-0.582632 1.26881 70
-13.5379 10.0109 70
3.5687 -6.22594 70
0.603395 -5.68085 70
0.187225 0.540118 70
14.8519 5.30469 70
-1.45515 3.9662 70
-9.42524 1.05858 70
-6.06806 -1.35794 70
-3.69193 11.4804 70
0.774513 -5.47834 70
4.30699 5.92556 70
-0.262659 4.35459 70
5.20996 4.92426 70
-20.4626 5.35405 70
4.84406 5.72552 70
6.03941 16.0031 70
-0.72305 -0.895997 70
0.980159 -0.718099 70
8.58494 -4.50464 70
1.29272 5.20517 70
-14.8447 -1.36731 70
0.509427 0.537574 70
-14.1464 24.5814 70
6.10138 0.0192469 70
10.4137 -0.57917 70
-0.317246 0.322009 70
5.98893 -5.39492 70
0.87119 -0.868087 70
-4.85703 6.06147 70
4.60044 -4.27979 70
-13.9409 16.3983 70
-35.3448 -29.3465 70
-19.1979 -21.4329 70
-10.7587 4.11229 70
-4.56434 4.51092 70
-4.56376 -0.140295 70
-3.91888 -0.224178 70
0.938952 5.51663 70
6.41153 -1.18367 70
-11.0398 9.52193 70
15.7704 1.41934 70
-0.289967 6.05396 70
-0.165568 6.27677 70
-8.80143 5.06919 70
-6.04874 0.58803 70
-10.5391 10.6299 70
-10.6426 -0.461107 70
-9.24236 -0.405302 70
5.00557 -6.196 70
-0.318905 5.70693 70
-5.95976 -6.33994 70
-5.2953 13.8689 70
-0.595004 -5.2976 70
-19.3723 -3.85297 70
1.08537 1.00828 70
-1.06612 5.21619 70
0.0612535 5.46252 70
1.29583 4.33812 70
0.633942 11.0617 70
-4.94883 14.8929 70
5.98875 0.653908 70
4.815 1.3921 70
1.36505 1.12904 70
-9.4769 -4.4734 70
-5.98104 -4.77512 70
0.248143 -0.0899261 70
1.40445 -0.625401 70
-9.46519 5.71997 70
-5.26285 1.38904 70
-0.730768 0.4525 70
-0.396041 -0.0689138 70
-1.02184 0.774196 70
0.433366 0.109054 70
-1.21582 4.12969 70
-1.38022 -0.575875 70
5.97808 3.68142 70
-0.240679 9.73522 70
0.10297 5.76927 70
0.462227 1.23755 70
-16.4768 25.4596 70
0.0472661 6.16695 70
-15.9112 -5.74355 70
-4.07279 0.608146 70
-0.535971 -1.30116 70
-4.96441 1.39587 70
0.207286 -1.32892 70
-9.70489 14.6416 70
-1.16779 -0.280297 70
-16.3748 4.75061 70
19.9778 -13.6385 70
0.409233 6.00904 70
5.13567 11.0436 70
0.812498 -1.2245 70
-5.88455 -5.44671 70
-10.4906 10.906 70
1.02463 0.200356 70
38.6801 -25.2666 70
-4.56992 5.46746 70
-25.8653 -8.56148 70
-14.4735 0.189879 70
-0.607359 4.069 70
-20.5176 15.0154 70
-5.28315 -1.49644 70
6.31401 -4.09029 70
-0.0518624 -4.83369 70
5.33253 1.49475 70
4.64915 -8.98603 70
0.143889 0.261034 70
-5.43537 -1.31004 70
0.526849 0.656865 70
-1.26178 14.1453 70
-38.999 9.93605 70
10.7724 4.10684 70
15.8743 -49.8595 70
20.1114 0.120355 70
9.06799 3.9227 70
-4.60186 4.13625 70
1.18544 10.9448 70
3.80517 0.0194638 70
-0.255847 -1.2184 70
0.0902866 -0.840808 70
0.264054 -0.755704 70
-1.25756 0.613521 70
-1.12353 1.3077 70
5.52988 3.55788 70
-0.727488 -6.31527 70
-11.0005 13.8717 70
15.1047 4.77231 70
4.23801 4.21864 70
0.0666494 4.42288 70
-1.29918 0.115673 70
-5.54478 16.2711 70
-9.77803 -4.4297 70
