-4.98749 -6.14394 70
-6.28466 -6.26079 70
0.190936 -5.61671 70
1.03847 4.77433 70
10.3911 -10.8575 70
10.0291 20.0524 70
0.933011 1.39953 70
0.997833 -6.24755 70
3.769 5.22875 70
0.500845 -0.385981 70
-1.40996 -4.11727 70
-10.094 -14.5458 70
-3.5375 1.47515 70
-5.61268 4.66721 70
-11.4254 -0.131754 70
-0.815978 1.28659 70
-0.482026 -0.131994 70
-0.262802 9.25543 70
-0.121928 -0.439358 70
1.08114 4.17762 70
-1.40155 5.46326 70
25.0179 -19.8772 70
23.6966 5.40135 70
0.0571714 -0.949535 70
0.839917 5.46187 70
0.620581 0.330782 70
0.303418 -0.555058 70
-9.57043 5.6469 70
-5.03393 6.15457 70
-0.276661 5.1021 70
10.4802 6.24548 70
-1.10811 0.448377 70
6.18462 30.1509 70
-4.7813 21.3363 70
0.68296 -14.6052 70
4.74927 4.75851 70
-9.59728 33.6012 70
-11.4052 -5.06743 70
-11.3372 -16.471 70
31.1183 -41.232 70
-8.79483 24.8443 70
-9.15432 5.66465 70
5.8972 -20.5456 70
1.3122 -0.56673 70
-4.08013 9.18522 70
-5.38135 -15.2524 70
-51.2339 35.3079 70
-4.37366 0.16314 70
9.61759 6.12417 70
0.840131 -4.11526 70
10.1897 5.04643 70
0.519347 -0.231002 70
-4.93203 -0.779839 70
-0.084103 -0.127577 70
1.02597 -3.56141 70
58.7142 29.059 70
-0.563082 -1.15771 70
30.4487 -4.00464 70
-1.00917 -0.175976 70
-0.924997 5.2317 70
-35.8189 1.47532 70
3.68845 4.93269 70
4.26761 -4.98632 70
4.91531 -11.3057 70
5.27614 0.284721 70
-1.12577 6.4001 70
6.27189 10.9332 70
-4.43769 0.568061 70
-10.0792 -0.115758 70
8.79588 -8.90828 70
9.35154 -61.1028 70
0.734149 30.5192 70
-3.59704 4.24822 70
1.21063 -0.72804 70
-5.46723 -10.618 70
-5.70357 15.931 70
-4.10269 0.422448 70
1.17794 0.68929 70
9.40347 4.85625 70
3.95049 39.8927 70
9.81056 8.98391 70
-3.77449 3.63453 70
-0.345863 4.90024 70
0.571433 1.0212 70
-45.8263 39.8712 70
-45.9631 38.7965 70
-5.085 -9.83902 70
-6.39346 -14.9244 70
3.58348 -18.8594 70
-3.69688 0.420634 70
-5.17041 0.0809076 70
5.95609 5.41726 70
3.54826 0.766857 70
28.692 15.4608 70
-0.207509 0.975422 70
14.4871 -15.2846 70
-4.80773 -6.0805 70
19.7377 3.5492 70
5.52455 -0.234624 70
5.68475 -0.437668 70
-0.358794 0.880958 70
0.835762 -4.94961 70
-4.91463 -8.68689 70
-3.60985 5.6046 70
4.58999 -0.940871 70
-4.53292 -6.16236 70
-6.40463 -9.86002 70
1.35098 0.648682 70
8.54878 1.1142 70
-0.52802 0.378772 70
-1.40958 -5.84288 70
-5.13068 8.79304 70
-0.102615 -3.57137 70
1.22999 0.108972 70
-4.30954 -0.445307 70
9.20823 8.78226 70
9.71028 10.1338 70
-0.232687 -0.287378 70
1.07167 -1.34707 70
21.2353 21.4072 70
-6.4241 -4.31355 70
-0.844437 21.2831 70
-50.8918 55.8206 70
0.0949392 1.37467 70
0.378565 -14.7028 70
-0.169697 -1.24554 70
-5.98791 1.22945 70
0.285124 -5.56066 70
-0.24536 3.79043 70
9.00731 -0.537676 70
10.6366 -11.2697 70
-5.92581 -3.78982 70
-3.81329 -3.5694 70
0.186544 -1.19004 70
0.893473 -1.07793 70
-0.0312944 -5.97402 70
1.04797 9.69889 70
4.55001 9.93277 70
-19.711 -3.9137 70
0.0546306 1.27359 70
18.7775 -4.68843 70
-10.9339 15.5559 70
-0.570532 -0.116643 70
0.39988 0.200434 70
0.381023 -13.6564 70
19.5358 -6.23703 70
-1.01864 0.973104 70
-1.28095 -5.73161 70
1.23344 -9.1477 70
-10.8843 10.985 70
-1.16752 -0.809914 70
-25.9044 24.4119 70
-3.69666 -0.235189 70
1.22726 -5.00895 70
-0.334114 -4.80057 70
1.28714 -6.28956 70
-0.940754 0.875108 70
-3.72333 0.629399 70
4.70747 -4.43932 70
-0.0129094 -9.96471 70
0.628551 0.374652 70
0.810703 0.765947 70
11.1964 -8.94389 70
-39.8753 30.3079 70
1.26146 1.06619 70
30.235 10.2005 70
9.68779 4.89452 70
0.51065 -0.872045 70
-5.73661 -3.83604 70
1.09322 -0.0918518 70
-25.3955 6.22392 70
0.464367 1.35001 70
-0.134005 -6.24474 70
-1.12202 -3.65268 70
-0.678899 -4.68773 70
15.4282 4.84237 70
-3.97164 -9.41236 70
-4.99576 -10.2259 70
4.50126 -0.50299 70
-4.97293 4.83992 70
4.40393 -14.1445 70
-0.100686 -4.13217 70
3.97624 -4.59313 70
1.09058 1.41645 70
4.04412 19.8395 70
1.35994 -15.6682 70
-3.99237 -4.40564 70
-6.07016 -0.0367668 70
-14.7053 44.8593 70
3.75043 6.32282 70
4.66086 -5.42568 70
-0.67866 -5.20956 70
-0.53467 -3.51871 70
-1.23091 -4.10205 70
38.978 -18.5794 70
0.29823 -3.73629 70
4.34843 -5.8028 70
-11.0968 -1.4851 70
-16.0988 5.01149 70
0.00715408 5.6098 70
-0.0958336 5.90147 70
21.2296 15.8182 70
9.24359 -4.45081 70
1.32955 -4.33261 70
-0.0914675 -10.0817 70
-9.12333 4.87478 70
-1.36144 -0.271035 70
4.27672 0.531703 70
1.42663 -0.494192 70
5.33226 1.08359 70
0.392802 0.186303 70
9.73042 -14.8194 70
0.595091 -5.23515 70
-0.743755 -4.59474 70
-6.22429 -5.68757 70
-24.7813 11.1263 70
-1.15375 1.33379 70
0.443569 4.46041 70
-4.92947 -1.10786 70
-4.68437 -0.358025 70
-11.2748 -1.45819 70
-5.04932 -10.621 70
8.55943 6.4526 70
-5.45607 0.0188886 70
5.87791 8.58553 70
-1.35645 0.438877 70
-0.672555 5.43247 70
-1.05482 0.791403 70
-4.83543 -5.05893 70
-9.54414 3.89563 70
-10.0194 5.92079 70
-24.3959 -0.0181295 70
-1.11133 -1.23668 70
0.121513 -1.06828 70
1.45165 -0.816323 70
-0.695905 4.07038 70
-10.2509 1.05806 70
-1.45496 14.6264 70
5.1089 -0.548737 70
-5.19739 -0.342856 70
-4.03858 4.47659 70
-0.694868 -9.08428 70
-14.3329 14.9349 70
-0.231084 5.93222 70
0.0157011 -1.11573 70
-13.7504 6.25174 70
5.06288 -6.15017 70
-0.642646 3.96249 70
6.24756 -3.97823 70
0.960136 4.23442 70
1.34744 1.2296 70
-0.954092 3.64272 70
-4.38886 0.673341 70
-0.0388051 14.591 70
-9.69664 10.1156 70
10.8514 1.01187 70
50.1047 -25.8395 70
4.46132 -0.268038 70
-0.0631265 1.37338 70
3.60162 0.401601 70
9.19075 -3.81715 70
4.98339 -4.04335 70
0.626131 10.0559 70
0.158127 56.2959 70
-4.20008 0.693538 70
5.16479 6.16711 70
-9.52046 4.68766 70
0.066805 0.0961589 70
-28.9393 -29.5923 70
0.140532 -0.16684 70
11.0951 6.47584 70
9.96599 5.18542 70
0.504888 -5.86996 70
10.2362 5.93821 70
6.10755 4.52044 70
-5.38173 -6.15362 70
-4.17799 -4.40082 70
-4.13406 -4.98716 70
-4.58116 -4.9488 70
6.36 -5.52493 70
-5.93101 -4.67799 70
5.84441 21.1254 70
-15.387 -10.2535 70
6.3512 4.76968 70
3.68125 1.47496 70
-5.65265 5.4834 70
0.350872 5.14341 70
-0.107577 6.06631 70
-13.5265 -14.507 70
-4.77994 -21.4362 70
-10.5015 -0.621328 70
-1.3683 -3.51029 70
-5.90699 -3.74265 70
-1.26204 0.21106 70
6.49971 -0.422273 70
6.01699 -13.7999 70
-3.7906 5.49016 70
4.69369 4.61378 70
-1.43363 -6.4764 70
4.00373 0.51452 70
-5.39453 -4.93167 70
-4.07491 -3.67906 70
-4.0286 8.66042 70
-4.09859 9.10741 70
-4.985 -3.64308 70
-5.97405 5.27466 70
-4.1028 4.16489 70
9.37779 5.35911 70
0.501876 1.2111 70
-4.25863 14.0009 70
0.621506 -11.4989 70
1.46584 -0.225198 70
-1.06117 6.42105 70
1.39889 1.01775 70
-5.99973 -9.04781 70
-6.26275 -9.80796 70
-0.130887 1.18936 70
-1.05328 -0.572767 70
-11.4089 -6.2709 70
-0.297994 0.843722 70
-1.11657 -0.563147 70
-1.4391 -1.2786 70
5.87873 3.65808 70
1.22649 5.52802 70
11.3623 -26.1 70
9.34862 -24.6362 70
-16.4314 -6.45103 70
4.13019 4.21619 70
1.42083 60.9201 70
3.87398 -0.927921 70
-9.73197 0.94148 70
-6.14108 5.55856 70
-5.37958 0.996457 70
-10.9494 1.00065 70
4.67417 -16.3994 70
44.7249 40.3075 70
1.40096 -0.534453 70
-0.731107 3.6301 70
-6.34653 -4.55731 70
-1.46395 0.91976 70
0.46804 -1.41649 70
3.50076 -4.8207 70
-0.252613 -5.9006 70
0.00435945 -4.60415 70
-0.192606 9.27678 70
-1.19029 5.3099 70
-0.144326 29.2126 70
-5.01249 -9.49896 70
-10.3398 -6.2309 70
6.22272 4.65229 70
-0.9347 1.14957 70
0.0403586 -0.585551 70
-9.72695 15.559 70
-4.58768 -6.42213 70
-0.216093 0.917359 70
-5.92035 -1.31548 70
5.36649 6.15317 70
-8.88558 5.21272 70
0.703558 6.34628 70
-11.187 -4.68783 70
1.13939 5.23415 70
1.16253 -0.280801 70
1.25978 -5.89743 70
0.37485 -0.536315 70
10.5481 0.48846 70
-4.52743 10.3747 70
6.40704 3.96795 70
0.675855 -0.663402 70
-9.64142 -5.3816 70
6.15453 -26.1472 70
-25.0733 -10.018 70
-3.78842 -5.69221 70
5.55679 -5.78269 70
6.10868 -5.09745 70
-0.395098 -0.451924 70
0.132923 -0.10674 70
-8.87242 43.7741 70
-4.01108 1.44799 70
-5.90703 -0.346413 70
4.56257 3.9903 70
0.145391 -1.46034 70
-0.273428 1.30352 70
-10.248 4.45032 70
-55.8404 -21.0641 70
-0.953514 6.04417 70
0.257703 0.871895 70
0.198836 0.89735 70
15.6122 -5.87388 70
16.0082 6.24522 70
-20.852 -0.960456 70
-0.81031 -4.50943 70
0.425248 -5.63349 70
-1.38521 1.13006 70
-20.0761 14.2678 70
3.53978 0.618984 70
0.70398 6.48254 70
-0.277737 -5.9864 70
-0.305123 0.225897 70
3.76941 -4.68509 70
-11.0253 -13.6438 70
-0.726519 0.572438 70
-0.47632 4.09692 70
0.330456 4.60966 70
-5.02765 -4.52455 70
-6.36971 -0.802623 70
-5.22558 0.0868096 70
0.77377 0.309911 70
0.316427 0.410608 70
-0.060718 0.584496 70
1.32269 0.79471 70
-1.4412 9.27921 70
-3.78768 -1.00832 70
-14.5532 -4.37421 70
0.686821 -1.27166 70
-0.875457 59.3376 70
9.09526 30.7822 70
-0.550774 1.1397 70
-1.10847 4.94882 70
-0.430113 1.00309 70
-4.93572 1.18103 70
-4.96735 -0.113826 70
-3.63128 5.58349 70
0.986682 10.0884 70
3.68764 4.12783 70
9.98576 -5.245 70
8.85608 -6.3471 70
-0.319754 1.35501 70
0.435233 1.38751 70
3.51437 -0.903236 70
-5.14758 4.25786 70
-3.62937 1.31315 70
-1.3152 0.138818 70
45.2948 60.7618 70
-5.04662 1.12782 70
-10.9096 10.2398 70
-10.8336 8.91885 70
5.59037 -0.210322 70
1.49971 -1.21446 70
-0.400141 -1.41027 70
-0.0525443 1.1207 70
-4.3151 4.44667 70
-10.739 -5.82772 70
1.16445 -0.428449 70
-9.64574 0.258804 70
-1.03012 1.12675 70
9.66705 -5.65838 70
4.62625 -9.55933 70
9.68778 -4.26021 70
0.179977 1.28463 70
-5.03523 1.45899 70
-11.2987 0.857382 70
-4.84193 6.25945 70
-5.80036 -0.952328 70
-6.13274 0.637496 70
0.759518 -0.277817 70
-6.23487 -1.1244 70
-1.26844 0.551755 70
-0.0263555 -0.932531 70
4.24252 -5.17574 70
-8.73146 -19.6599 70
0.190348 0.305565 70
0.0344548 0.0733706 70
20.9247 0.0665159 70
-1.46408 -0.644911 70
4.88299 1.32197 70
-5.17759 -13.9353 70
4.97908 -0.291008 70
-14.4309 1.13448 70
0.0327681 -1.07346 70
-6.01008 -4.02324 70
-1.21312 3.60405 70
0.0961318 -8.72064 70
-0.505574 -4.77024 70
1.27158 -5.44201 70
4.98281 -3.64999 70
3.60214 -3.80294 70
1.35405 0.529087 70
1.33036 1.19294 70
-0.735458 -10.9296 70
-1.04985 1.13459 70
0.0951286 -4.5286 70
0.331737 6.05886 70
0.995387 -0.404472 70
4.69893 3.87525 70
0.587778 5.64762 70
-0.138453 -0.29572 70
0.160479 -18.7679 70
-9.33091 1.1087 70
0.795243 0.502241 70
-5.97779 1.3886 70
-0.923052 9.02506 70
-5.9821 1.08835 70
3.97973 -5.26314 70
0.513721 1.05685 70
-5.22003 -9.69577 70
-4.55326 -9.26277 70
-5.32346 5.77568 70
5.35568 0.920105 70
-9.5262 -1.13537 70
5.2238 0.183521 70
6.40646 11.3872 70
3.67893 9.49873 70
6.49601 8.59854 70
-0.529265 1.10581 70
-6.22852 -4.17171 70
0.873429 -0.457493 70
11.0854 -31.1242 70
6.13061 0.376448 70
5.94674 -4.41349 70
-4.71257 14.1148 70
-10.4452 -11.1414 70
-4.84292 -30.6522 70
-1.35598 5.40287 70
1.29611 0.62502 70
5.00132 -0.48668 70
-0.573701 0.322121 70
-14.8817 1.11647 70
1.31945 10.3179 70
0.606371 11.2853 70
0.678181 11.1375 70
1.17353 -0.0448151 70
0.0176797 -0.396676 70
-31.4458 8.67544 70
5.12871 -5.9236 70
9.47722 -31.4377 70
-8.88854 -3.65152 70
13.8747 30.9177 70
-30.433 -23.7357 70
-4.03705 9.08955 70
-9.63514 15.0926 70
-25.18 24.8764 70
-3.55181 0.507085 70
20.2096 -23.6551 70
-1.04304 -0.252302 70
-3.73265 0.607434 70
1.30049 -0.690605 70
-0.116042 -1.12496 70
0.364903 -0.188216 70
0.940119 0.297037 70
56.3487 49.791 70
54.6859 49.0017 70
-29.3014 11.2872 70
-6.36866 0.384452 70
13.9854 15.5545 70
5.1651 -9.73171 70
-11.4897 1.48511 70
-9.3757 -24.6891 70
-6.01203 -0.6213 70
8.53486 4.01258 70
-9.8329 4.70078 70
-1.45109 -1.32734 70
-5.87662 -0.281639 70
1.12176 -0.188288 70
-49.7134 -3.88969 70
-0.982215 -10.762 70
0.332152 -1.35111 70
-0.592327 -1.44909 70
54.7025 -46.1891 70
11.4397 -10.3768 70
-1.39289 -0.977077 70
-5.47958 -4.77497 70
0.324234 -5.88283 70
0.860089 -0.523398 70
-1.22916 -0.344996 70
-9.36967 -6.02505 70
-1.13421 -0.0594812 70
-0.17475 1.46131 70
-5.25711 -0.159123 70
21.1516 -20.6368 70
-10.6086 -13.9054 70
-0.574061 -1.35969 70
0.360002 -0.75299 70
-0.306375 -4.08666 70
-4.63724 -0.352644 70
-3.84035 -28.5091 70
1.19072 -1.32837 70
13.8439 4.27318 70
0.894805 1.3609 70
-15.461 10.8673 70
0.386263 0.851805 70
-4.80585 1.26074 70
5.70738 -0.263542 70
0.145109 -0.501933 70
-10.2265 -31.4576 70
1.36644 -0.667734 70
0.129421 -0.897321 70
-16.489 -19.1355 70
-3.62341 0.342626 70
-0.203498 1.10279 70
-8.93325 -6.47453 70
1.35988 -4.75452 70
4.92266 -0.0729645 70
5.46849 -4.84077 70
-4.31608 -1.21351 70
-4.93659 1.34566 70
-3.64366 -0.851119 70
-6.1978 -0.297482 70
0.41348 -4.89616 70
5.54442 11.3199 70
-6.25996 0.279416 70
-5.85264 10.8078 70
-0.536588 -4.70896 70
-10.1825 45.1509 70
9.53418 -6.24427 70
-5.06578 -14.0943 70
5.93448 3.50591 70
-0.511352 0.506488 70
-0.394132 -4.87879 70
-4.96797 -4.51725 70
1.24097 5.34852 70
1.34771 -4.62782 70
1.43291 0.40644 70
5.40283 0.409319 70
10.0497 -0.0116683 70
-23.9773 6.41022 70
-6.24967 -3.80721 70
-6.1901 0.593337 70
-0.181335 4.48312 70
4.09329 -4.93838 70
-0.688126 0.62855 70
-0.721255 0.838214 70
58.8132 -38.8473 70
0.278675 -0.574496 70
6.4256 5.69362 70
0.427251 1.1386 70
1.14883 0.661281 70
0.63342 10.3555 70
4.84791 -10.135 70
-6.05843 -0.238683 70
-54.7362 -9.22305 70
-3.61782 -6.07706 70
-6.28201 -4.53652 70
-3.81866 -4.6134 70
0.0792418 -1.10734 70
-0.564369 0.552674 70
4.26238 4.99937 70
1.01794 0.484096 70
6.43684 -4.38798 70
5.89259 -3.8496 70
-0.523936 10.809 70
61.4264 8.96258 70
-10.7382 -4.68052 70
-8.80248 0.544059 70
-1.25129 3.62521 70
-0.906794 -0.622306 70
-4.9268 6.21947 70
1.28182 5.41582 70
18.8557 19.6496 70
16.4567 -19.9248 70
15.0723 -20.2665 70
35.4058 -6.07503 70
-5.37466 -0.360949 70
-0.027311 5.32859 70
-4.30455 14.957 70
-0.109314 -6.43877 70
-8.51856 -9.8679 70
13.7341 8.5895 70
4.59219 -13.7146 70
-5.36375 -10.4081 70
-14.1129 -15.9395 70
4.15423 -5.86229 70
-20.7411 4.56103 70
4.45755 -1.37767 70
-8.76286 -0.346123 70
-0.197514 -1.42912 70
-1.36687 -9.90389 70
-6.25217 8.85345 70
5.71872 4.15125 70
-0.00111926 0.101356 70
-1.2941 -3.9492 70
4.75527 -0.516164 70
-11.3774 5.90847 70
-10.4052 -25.38 70
-11.3401 -25.8028 70
1.34001 -0.229738 70
-0.886333 1.31693 70
-19.9484 25.3167 70
4.57513 3.70501 70
-5.07016 11.1467 70
-4.30994 -5.29223 70
-4.279 4.66655 70
-11.1324 -5.0108 70
-30.3642 54.3043 70
4.07823 1.21651 70
0.202232 -0.021184 70
0.0512519 -0.0224568 70
5.62029 0.535609 70
4.88774 0.377386 70
5.83754 -0.0940502 70
-1.00576 -4.24832 70
0.599847 -5.06861 70
-0.113898 0.874087 70
-8.91014 5.57599 70
1.09707 0.905601 70
1.25647 11.4163 70
-0.00083289 0.221074 70
-1.43744 0.248785 70
-0.052273 -1.24957 70
-4.98153 -6.47431 70
-10.2306 30.3709 70
-15.1856 -25.7986 70
-4.1198 -0.176268 70
-4.44528 4.38835 70
-0.173091 8.60629 70
-0.323687 -3.75453 70
-4.51391 5.12327 70
34.6382 16.309 70
-1.40812 -1.24877 70
-6.31287 9.04623 70
-5.88499 3.78685 70
0.520838 -5.40637 70
4.41826 0.573139 70
3.53946 -4.97066 70
4.26397 -5.8396 70
0.204483 -0.200346 70
0.721079 -3.66745 70
0.738824 -4.47316 70
-1.41621 4.36749 70
-23.8559 9.72346 70
-3.54401 10.4136 70
-5.06618 0.629612 70
-0.452919 0.939948 70
-4.65884 1.18476 70
-5.85147 0.269759 70
5.27777 -15.5759 70
-4.41712 0.0439112 70
29.3289 13.7151 70
-6.32454 -5.07167 70
9.57751 -20.568 70
1.22024 -4.31068 70
-5.1539 5.87889 70
5.32052 6.30603 70
-5.26649 -6.12152 70
-1.23428 -1.46008 70
0.825892 -0.478352 70
-0.2195 15.6882 70
10.3314 10.571 70
-11.4667 -3.59281 70
-6.07727 1.13573 70
10.3525 -4.27342 70
-13.5739 -8.59527 70
-1.39663 6.20654 70
-0.191047 6.41711 70
-1.4377 6.49069 70
0.706751 -0.471712 70
6.46907 0.493656 70
3.50922 -4.96019 70
0.812619 -10.0994 70
3.70295 -3.94897 70
0.254822 6.41432 70
-0.233118 -0.789606 70
9.64277 5.6106 70
-0.756126 5.15857 70
0.180084 -4.99659 70
-4.91547 16.4325 70
-5.32684 0.225193 70
5.84197 -10.5412 70
0.878457 -0.470635 70
-10.4238 -46.4843 70
4.81271 -6.14394 70
5.42432 5.35377 70
4.41236 6.36253 70
-4.29811 -1.42499 70
10.6298 -11.0901 70
8.95316 -10.1294 70
-4.22432 -0.154387 70
0.41131 0.405556 70
0.610385 0.105197 70
-0.302932 -5.46202 70
-3.80152 4.99574 70
0.888061 -1.27799 70
3.52994 -49.5583 70
-6.26778 -0.43262 70
6.21169 -5.41421 70
-0.839101 0.746806 70
-10.4489 -10.5013 70
-5.04127 4.05214 70
-4.9725 4.87147 70
-4.68574 11.3698 70
1.11689 -5.66908 70
4.42108 3.71666 70
1.01321 5.15269 70
-3.67793 4.06028 70
10.916 14.7471 70
0.817707 -1.36703 70
-3.85427 -5.7267 70
0.462658 11.1858 70
-0.952232 -0.867475 70
-6.35841 -6.43146 70
-4.49003 -5.6821 70
5.59893 5.55934 70
1.35044 -1.13408 70
0.0761708 -1.20382 70
10.1851 36.0237 70
-0.880817 -0.0774774 70
-0.857835 1.34341 70
-1.49711 10.3193 70
-1.13205 0.885232 70
-0.253522 34.0643 70
16.0189 -26.1168 70
-4.38458 5.01953 70
-8.65105 -6.1223 70
15.4306 6.02484 70
55.8821 -26.3195 70
0.97373 -4.97182 70
-3.90493 -4.88841 70
0.957585 -1.18736 70
1.49303 -1.07454 70
-15.0892 -1.15942 70
-5.06589 0.629054 70
0.716229 -0.258536 70
-4.83313 6.17762 70
5.76189 5.49708 70
20.5811 -1.14546 70
36.3986 11.0894 70
9.0583 25.9791 70
-4.9141 -4.37506 70
-40.7599 -39.3735 70
0.484226 3.84064 70
0.88331 -4.74052 70
6.04562 -1.0577 70
-5.3581 3.73152 70
-20.2535 -13.7198 70
-0.971377 0.593499 70
-11.0564 -8.654 70
14.325 -0.228927 70
-1.31749 -5.89399 70
-21.2199 -15.8366 70
0.189047 -4.35638 70
1.36514 -5.16942 70
18.9017 -16.4281 70
21.4833 -29.6496 70
-10.0513 10.4634 70
-10.4619 -4.78854 70
-0.0830818 -5.06461 70
9.31703 -0.58952 70
3.93644 -0.564449 70
-4.93002 -4.0672 70
4.45158 6.18741 70
5.1566 -14.9641 70
-34.5497 -44.7202 70
0.230989 -5.66049 70
0.422446 1.30841 70
-18.7863 9.26374 70
-5.36079 -0.823568 70
-4.07443 0.35842 70
-5.26703 -24.8131 70
-3.84832 -25.1059 70
0.895064 6.13265 70
-13.791 -0.328017 70
4.26549 -13.6079 70
1.12378 1.16046 70
-8.53683 -10.5896 70
-10.2514 -5.80768 70
0.742468 -4.83674 70
-1.05802 -1.14363 70
-4.14891 -1.0132 70
-6.32269 0.358402 70
0.705576 -5.68466 70
0.777767 0.852052 70
5.4198 -0.281786 70
-1.49949 0.96701 70
6.21376 4.85345 70
-0.311797 -1.40099 70
5.02132 5.91992 70
-0.31738 0.318429 70
-4.84115 3.87664 70
0.598327 -1.38672 70
-4.40314 -1.45643 70
-10.6051 -4.01403 70
0.53199 0.744489 70
8.82272 18.7425 70
-9.98947 4.43986 70
-1.20372 -4.22776 70
0.103883 0.919546 70
3.66903 0.789924 70
4.17779 -0.376288 70
-21.4373 1.08733 70
-16.4081 -15.378 70
-60.5208 49.0114 70
5.51081 -6.09884 70
6.0442 -1.42584 70
-20.6289 35.9852 70
-20.7764 35.5007 70
-20.0404 33.8935 70
6.09676 9.011 70
5.09081 -6.25422 70
-4.60337 1.11712 70
-39.6184 -44.0924 70
6.17436 -1.05355 70
-4.14116 -0.223683 70
0.766859 -5.26589 70
1.49917 -5.58394 70
-0.415116 0.816807 70
-28.965 -9.88925 70
-0.598492 -1.03289 70
4.69078 -3.52581 70
-4.16255 9.68406 70
0.0328666 -10.4072 70
-0.938442 -5.756 70
-1.3857 -4.24733 70
29.2908 20.9125 70
-1.26736 -0.406252 70
-0.0739229 0.330445 70
0.816992 0.827445 70
-44.3113 9.25451 70
-44.8152 10.1122 70
-4.13501 -16.2858 70
1.3417 -0.0440371 70
-3.76736 -0.232122 70
-4.77715 -1.4072 70
-14.3949 -0.207564 70
5.97454 0.550889 70
-0.578514 9.98624 70
0.117738 3.50815 70
-3.66359 -1.01094 70
-6.00518 3.73066 70
-0.502778 5.18489 70
9.84788 -4.01472 70
-15.157 0.027647 70
-0.620156 0.498532 70
0.682774 -1.25115 70
1.30694 -0.11281 70
-3.66717 9.57508 70
-10.2712 -6.32065 70
-9.62251 -3.88643 70
1.24614 9.56954 70
0.106417 9.4562 70
-1.17694 0.175848 70
0.46389 6.34862 70
-10.486 -6.49352 70
0.920666 -1.31031 70
-1.08746 1.2181 70
0.732752 1.1513 70
-0.171655 -0.220465 70
-4.10115 1.06552 70
0.280585 5.0409 70
1.2207 -0.672885 70
-0.0249671 1.0437 70
0.976415 0.892256 70
0.41004 -1.19581 70
-0.23476 0.752581 70
0.810562 0.668746 70
-1.00931 -5.40453 70
5.91237 3.63216 70
-26.3346 6.0322 70
-0.399295 -4.00412 70
-11.4955 4.47084 70
1.10629 -4.06997 70
-0.218923 -0.480486 70
4.64851 5.4258 70
1.36209 0.0532297 70
-10.2704 10.0137 70
-0.794224 0.737651 70
4.1037 -5.34784 70
1.18682 0.104585 70
-4.26219 0.817652 70
-4.42834 0.145497 70
5.47582 -19.033 70
-4.40826 -1.01601 70
0.404525 4.07839 70
13.6187 -14.1271 70
16.31 -10.848 70
-9.95553 -0.308317 70
-5.38003 36.402 70
0.190682 -9.64905 70
0.40903 -1.24936 70
-6.31315 -1.48055 70
6.487 4.41351 70
5.38372 10.8015 70
0.53564 -4.48862 70
-9.62774 10.5063 70
-4.78103 34.0076 70
-0.898949 1.18917 70
-1.48863 -4.63496 70
11.2672 -1.19359 70
5.15041 -1.18507 70
1.16231 -1.25069 70
-0.625823 1.05191 70
1.09693 11.4173 70
-0.251794 -5.34039 70
-0.499125 -5.95143 70
0.843854 -1.059 70
0.786371 -0.293282 70
-1.04289 -4.19584 70
-1.45818 -5.30407 70
-0.413094 -0.483106 70
0.547656 -0.0957154 70
-4.5243 -4.11042 70
0.356051 -1.42023 70
1.2196 -4.32729 70
-1.45563 -0.591901 70
25.2119 5.36855 70
-0.647953 -0.292551 70
-14.1943 -9.0623 70
-4.49413 -18.6672 70
0.947408 0.758729 70
5.50368 -0.244351 70
-5.13971 0.575534 70
4.7053 11.2424 70
1.03763 -0.677609 70
-20.5752 -25.5555 70
0.230466 -1.01805 70
14.5221 -3.80071 70
9.85487 -5.45269 70
8.78105 -10.1628 70
3.66797 -0.14802 70
-0.752078 55.9491 70
-5.18355 6.42785 70
25.5094 0.470097 70
0.923874 9.3324 70
4.42437 5.1658 70
16.4264 4.03404 70
0.357913 1.22755 70
5.09174 1.39701 70
15.9294 -20.504 70
-1.38634 -0.926903 70
-31.2692 30.4617 70
0.206469 -4.37452 70
-0.932647 -0.20847 70
-0.587973 -0.780827 70
-8.98788 0.712676 70
-1.45061 5.97273 70
-3.91892 1.36303 70
-6.40379 -15.7657 70
-5.77036 -9.78303 70
0.241617 6.21629 70
0.287601 -6.14202 70
-1.48265 0.170857 70
29.7851 18.6977 70
16.0975 18.6478 70
4.01779 -3.79103 70
1.00347 -0.463895 70
11.4012 8.96018 70
-35.3412 -5.62231 70
5.28493 1.3028 70
-3.5916 5.57133 70
-6.17822 -1.4641 70
0.0706823 -5.25915 70
-14.951 -3.58929 70
-0.465298 0.0244596 70
-39.2424 0.0890028 70
5.46914 1.14809 70
-5.9246 0.674088 70
11.4137 5.97392 70
38.7066 33.5299 70
4.15675 -5.24614 70
16.1785 10.4784 70
-0.6028 -6.27522 70
-0.370373 -5.94029 70
4.67924 59.5952 70
3.73661 60.4568 70
-3.76948 0.034196 70
0.05655 4.80604 70
-0.150177 3.75941 70
-0.888607 -5.62827 70
-1.42093 -1.14336 70
-0.445765 15.4717 70
-0.324071 14.3447 70
19.7923 -19.1905 70
-3.84247 -8.98735 70
-5.34812 -15.8244 70
10.5165 -5.4217 70
-4.77719 4.41476 70
11.3772 -4.07898 70
43.6746 58.883 70
5.98871 4.04099 70
5.63041 -4.53844 70
-0.466964 -0.0573297 70
-0.922926 1.35881 70
9.70679 -0.961575 70
-1.11039 -1.31943 70
-20.2121 -9.77418 70
-8.63783 -9.09371 70
-0.0803818 -5.95426 70
1.13917 1.19487 70
9.61361 -10.6066 70
11.1147 -10.2663 70
-4.64325 0.147535 70
0.117752 24.2192 70
24.3729 -10.8585 70
9.09259 -0.73881 70
6.37972 0.0668753 70
-9.26202 16.1093 70
-10.8697 15.3714 70
-1.14227 3.52796 70
6.17179 -4.74354 70
-4.84526 -5.31067 70
-0.440418 -1.41004 70
-0.866154 -3.82396 70
0.681651 -3.53548 70
0.734626 0.615779 70
-5.95911 0.667442 70
