26.3431 -35.0062 70
-0.928025 -0.80407 70
1.10132 -4.5452 70
-0.537782 -0.732156 70
30.439 0.727363 70
-5.83319 9.00532 70
-6.35769 -3.72889 70
-4.17411 -4.31931 70
-11.2307 8.646 70
-0.315831 -0.503489 70
1.23754 -1.176 70
25.4821 -15.9046 70
0.212499 -0.246572 70
0.527031 -5.9725 70
14.7515 -15.898 70
-0.577447 5.06618 70
-0.121044 3.70121 70
1.34586 -16.1281 70
3.91248 1.36168 70
-0.697631 -4.3712 70
8.97262 -3.51845 70
-0.0018907 -0.612044 70
-40.0271 -15.9044 70
1.18035 -5.34227 70
-1.116 -4.44237 70
0.506995 0.00822594 70
-0.302485 1.25671 70
-9.19828 -9.48 70
-18.9064 -5.80917 70
-5.55886 -0.265929 70
0.446412 5.57163 70
6.28296 3.84737 70
-15.1055 1.31029 70
-6.45055 5.4608 70
4.79353 -0.279236 70
-0.0293014 -5.74827 70
-16.2449 40.6726 70
-16.3598 40.9244 70
-1.24902 5.44076 70
10.2111 0.774714 70
11.2088 1.36744 70
0.699199 0.0478252 70
0.145261 -5.741 70
-3.78164 4.62928 70
-0.634295 4.6003 70
-1.18352 0.931642 70
-20.4488 -41.3149 70
0.951012 -1.40736 70
0.642616 15.6029 70
-0.380792 -1.41385 70
5.70428 -1.3755 70
-4.63327 16.0312 70
-6.40746 -6.27272 70
-0.112536 -4.45032 70
-5.17285 0.949098 70
-0.331478 3.57329 70
3.94007 0.180106 70
4.92034 -0.437151 70
-6.06752 19.8296 70
-4.87774 -11.2572 70
-8.66939 23.5674 70
39.2531 50.2871 70
-5.2411 -5.8909 70
-4.27289 -4.90029 70
-0.235142 -24.2495 70
-9.46877 -5.00904 70
18.6217 8.84263 70
20.1036 10.7429 70
-6.11154 -5.71702 70
3.78624 5.71855 70
0.171342 8.51681 70
-4.89621 -5.23354 70
-0.320668 1.04692 70
35.4877 38.5145 70
1.43565 1.07463 70
13.7547 40.7767 70
13.9219 9.95165 70
0.444167 0.62458 70
-1.20665 5.13095 70
5.62197 -3.90677 70
21.1747 -19.6058 70
5.78268 4.79826 70
0.580176 -5.50954 70
-0.185533 0.866683 70
-0.472874 -5.33204 70
15.6161 -3.76734 70
4.43297 -3.51299 70
5.31198 -11.2561 70
1.15297 -0.0478601 70
-10.9385 -61.3212 70
-1.28787 1.33473 70
-0.403788 -1.03789 70
-4.06746 13.7924 70
9.40871 -4.20029 70
0.341439 -4.16336 70
8.7167 8.83097 70
0.790607 -0.0714646 70
-5.57541 -11.1411 70
3.89794 0.103631 70
4.4335 -6.46218 70
-1.27277 0.910792 70
4.91825 11.0723 70
-35.4827 -11.493 70
-0.134743 1.31382 70
10.5316 3.79285 70
-0.268584 -0.168469 70
-8.87118 3.77981 70
1.46056 0.285344 70
0.254739 -4.13228 70
-5.40731 -8.57882 70
6.0109 -0.955354 70
0.266165 0.681516 70
0.698234 -1.03211 70
-0.501339 -5.37814 70
0.926864 -4.14238 70
-0.277901 35.261 70
25.2467 30.3177 70
11.3623 10.4501 70
5.27384 -4.00322 70
0.657959 5.84474 70
-0.0619621 -1.37714 70
-0.268098 -1.32537 70
0.622527 1.16303 70
-0.0779255 -0.547091 70
-0.171278 5.3872 70
-15.1441 9.81812 70
5.98833 1.38233 70
-29.2578 -1.39647 70
-0.176052 -1.37979 70
-4.43112 -1.2438 70
6.3135 5.15595 70
-0.452315 0.0867806 70
-8.9757 -0.391661 70
1.11198 -0.838241 70
20.9248 14.7527 70
0.685101 -4.19483 70
-15.5564 30.4914 70
0.774761 0.841891 70
10.7585 -1.00505 70
0.144447 0.666013 70
0.021907 0.935312 70
-0.759542 5.15437 70
-1.43083 -0.65143 70
-40.3527 18.5755 70
4.44653 -1.23023 70
-1.04289 -3.51579 70
4.7358 0.966169 70
5.65849 -4.73424 70
5.6468 1.22623 70
4.07995 0.979098 70
9.0174 -9.60745 70
-4.92558 -5.72097 70
-1.45052 -5.87287 70
0.788232 -0.920217 70
-34.1571 33.7433 70
-5.47826 0.456927 70
4.44969 1.41697 70
-9.23226 -10.3221 70
5.08049 -0.309197 70
-5.53664 -1.44499 70
-4.54644 -0.694309 70
9.36644 0.271231 70
24.3759 0.660173 70
-11.1171 -4.98928 70
3.9536 -3.90085 70
-0.862377 -4.97742 70
-1.10038 25.1977 70
5.85711 -5.95493 70
-1.32175 0.344955 70
-5.77864 -8.53714 70
0.0959488 0.918483 70
0.539142 1.31028 70
-9.02291 10.5848 70
-14.3347 -51.4587 70
-14.5128 -49.8343 70
1.13244 -5.63438 70
9.83027 1.00087 70
-5.64359 -0.571595 70
0.19446 5.32784 70
-1.11523 4.91493 70
4.37772 -1.3949 70
-0.590065 -3.65147 70
-1.45125 5.57828 70
25.7981 -5.74578 70
11.3749 3.63287 70
5.51334 1.46016 70
0.908734 0.0928179 70
-6.19421 0.254708 70
-20.7921 4.52991 70
-1.12862 -0.991339 70
10.1366 4.95279 70
4.13773 6.20332 70
-1.10949 0.185676 70
-0.858536 0.565936 70
-6.40083 -4.78383 70
1.25558 0.333365 70
0.191242 -1.21349 70
-0.975729 -0.48742 70
-6.04401 -6.14932 70
-11.4247 -4.09836 70
-0.270614 -11.0054 70
36.4681 19.1378 70
0.363934 1.06394 70
0.966572 9.63921 70
4.71989 -1.39872 70
1.17359 1.05702 70
-1.35016 -0.494742 70
1.09847 -0.714218 70
5.33458 -5.26542 70
-0.598438 -5.14445 70
3.93628 -5.2771 70
0.898458 8.94808 70
0.0653579 -0.806075 70
0.285222 6.45175 70
-1.4071 -5.4725 70
-15.4679 -14.8399 70
0.925336 1.17646 70
4.68585 -0.849649 70
-11.1407 11.0171 70
-1.27912 6.42525 70
5.7884 -3.84244 70
-4.88965 3.908 70
-0.0600453 -4.21836 70
-5.89669 -9.59886 70
-0.553483 -0.888129 70
0.725136 -1.43201 70
-1.04906 -1.13744 70
-4.86237 5.41354 70
3.8348 -5.61146 70
-0.826503 -0.485825 70
1.36359 0.722971 70
6.09041 -4.20839 70
15.9691 -0.401605 70
-0.81936 0.224377 70
5.61082 -0.61556 70
4.35472 -0.779359 70
0.79596 5.14872 70
16.1384 -5.71145 70
3.98073 -0.408203 70
14.9445 -10.9814 70
-6.17655 0.264126 70
3.6082 -6.12819 70
-0.5496 4.82785 70
-6.32933 4.05176 70
41.0654 20.203 70
-5.53356 -50.848 70
11.1161 -5.4477 70
-4.17096 -1.37961 70
-16.1577 11.0549 70
3.89118 1.02221 70
-6.3216 -10.9768 70
-4.22383 3.69619 70
-6.39595 10.4895 70
0.0836754 -5.1953 70
-10.124 -1.01512 70
24.4143 -9.94772 70
5.53821 -1.33883 70
6.1898 4.97515 70
1.05678 -1.13543 70
14.4138 3.76632 70
-1.23373 -1.32126 70
-5.09113 -1.46547 70
-5.13045 -11.1831 70
-0.415626 1.39826 70
0.819401 -1.41065 70
3.86854 -4.54678 70
0.325163 -6.01939 70
9.83037 3.92944 70
-0.113425 9.94466 70
16.4216 0.0652575 70
16.4898 48.7346 70
-5.96421 5.68789 70
-5.70545 4.04032 70
1.12062 26.1803 70
10.1229 -6.29145 70
-1.45383 -1.4459 70
33.6794 34.9518 70
-3.57065 -5.40886 70
-4.81887 5.39585 70
4.69895 -0.841853 70
3.56219 -5.16083 70
-1.34081 -4.11627 70
4.15621 -5.23748 70
3.59309 -5.59471 70
0.658259 -0.498889 70
-0.730535 0.368279 70
4.43852 0.346963 70
0.676338 -6.22032 70
0.017701 -3.89699 70
5.56175 0.122241 70
4.25199 1.42076 70
-0.0653513 -3.98926 70
-4.20666 -9.11057 70
-6.48324 -9.12133 70
-4.58048 -0.576767 70
-1.15661 -0.605237 70
4.00461 -1.33256 70
-10.3081 -0.321244 70
34.9429 33.7654 70
-0.0595855 0.678863 70
1.14411 1.22629 70
-4.90407 -8.7178 70
0.970982 -0.85438 70
0.647614 1.3709 70
0.983083 -4.66424 70
-1.08276 0.740434 70
-5.27728 -9.64207 70
-0.935338 -4.83609 70
-6.11901 -1.00351 70
-5.06371 0.112874 70
0.695445 -0.873078 70
-5.91881 5.01463 70
0.247569 10.3714 70
0.963732 1.32516 70
-9.242 4.97907 70
-1.42733 -4.06715 70
0.110664 0.644608 70
0.909496 14.8787 70
-6.12848 0.909461 70
1.03265 -5.73365 70
-4.0282 -10.2361 70
-0.652095 5.90971 70
0.582986 3.6061 70
9.58074 0.738387 70
4.66675 10.1911 70
5.25718 4.65735 70
-9.04645 3.62176 70
-25.8591 14.5373 70
-0.740758 -10.8385 70
-9.46927 -0.323331 70
9.53338 -5.63798 70
-19.8733 9.40371 70
-4.63877 -4.27992 70
9.36425 -5.07575 70
-0.483331 -0.689159 70
0.577906 4.97369 70
1.05189 -0.792754 70
-0.936499 1.31682 70
-0.183165 -1.0205 70
5.19264 5.29965 70
8.94284 -10.9743 70
6.2914 -0.534746 70
-0.904369 19.8072 70
4.61374 0.639959 70
4.99881 -0.47645 70
4.00449 -4.68045 70
3.86434 -3.52612 70
-0.799552 -1.35668 70
6.15041 -5.39021 70
4.5576 -0.288776 70
0.398051 0.682332 70
-0.808595 1.16328 70
-0.896602 0.59989 70
-3.84496 10.7532 70
11.2734 1.44021 70
9.18468 -16.4889 70
10.615 -16.4049 70
5.78509 0.184158 70
-5.85462 3.91029 70
21.3306 18.95 70
4.43741 1.10957 70
-16.2496 -15.6462 70
1.21945 -0.763256 70
5.77057 -6.4517 70
19.2169 23.5418 70
-1.20545 0.151826 70
5.18531 -5.53536 70
5.89696 5.64461 70
15.4182 -4.47644 70
0.294045 -11.3233 70
0.0994885 1.34066 70
-1.12901 -0.441021 70
-5.81884 -4.86813 70
4.48316 0.522141 70
0.965432 0.512843 70
-29.1897 6.26619 70
14.219 -4.25869 70
3.65084 6.49468 70
-0.844189 -1.08727 70
-0.0858447 -4.23724 70
9.34719 30.4198 70
-10.5287 -9.06868 70
4.94187 6.32063 70
1.36181 0.694225 70
-6.04046 -5.3377 70
-11.4749 0.353413 70
0.853913 -10.248 70
3.58687 3.61505 70
-24.7855 6.08288 70
-0.730214 0.915316 70
3.60621 -4.37803 70
5.785 4.1049 70
-1.15374 0.0548965 70
-3.71037 -10.7747 70
6.16433 15.3804 70
-15.5826 -0.277487 70
1.23078 0.243906 70
1.11457 -4.88477 70
-9.91479 -28.9063 70
1.48381 -0.545397 70
14.9873 -4.11885 70
-5.0301 -4.2701 70
-8.64484 -23.9493 70
3.82388 -3.90943 70
-4.14579 -6.14983 70
-0.189738 6.20935 70
0.772072 6.43112 70
-0.558314 5.73132 70
0.922677 -4.76017 70
-6.34328 16.4338 70
-0.0188496 -4.63272 70
0.82444 20.818 70
-1.08314 -3.61162 70
5.45394 -14.724 70
-4.12574 1.16512 70
-0.892519 -6.36858 70
10.7657 -8.68395 70
9.15901 -9.68058 70
9.15434 -10.9871 70
0.801558 -4.89411 70
3.7628 -0.467389 70
0.315939 -0.498815 70
5.69237 -0.203893 70
1.44186 0.382519 70
0.0443967 -4.11758 70
-3.65584 0.00553909 70
1.14118 -0.444831 70
-0.445593 -1.02831 70
-5.96461 -10.895 70
-0.26277 -0.230185 70
0.242335 -0.266057 70
0.873782 -0.638695 70
-0.2526 0.365821 70
-3.52819 -4.58721 70
24.3819 1.14758 70
0.50699 0.20971 70
15.5421 10.5189 70
9.7236 -1.38194 70
4.05993 4.76005 70
-6.06882 -44.3963 70
-5.14949 -44.1355 70
-4.28045 -0.410017 70
3.54512 -9.39177 70
0.1575 -1.40216 70
1.28092 -4.35606 70
-10.8241 14.3805 70
-21.4314 9.18116 70
-0.397815 3.93444 70
5.38184 -4.74439 70
-25.132 30.9337 70
-4.61612 6.24005 70
-0.555148 -5.49886 70
-0.881906 10.6003 70
5.84473 -6.05188 70
-15.0079 -20.2669 70
35.6426 -3.67247 70
11.2102 1.26877 70
-4.38602 5.48471 70
1.21814 -1.41291 70
0.587887 1.16849 70
59.0957 55.1732 70
58.5611 54.7725 70
-1.22923 -4.83823 70
5.17479 1.07431 70
0.735673 0.234246 70
-4.10682 4.34636 70
-4.02402 -5.32266 70
6.36668 -0.185021 70
-14.5315 4.23862 70
-0.224973 5.80305 70
-0.119834 1.10512 70
1.30399 5.53048 70
6.34219 6.37506 70
3.51748 1.35118 70
0.922854 -5.66903 70
-1.15904 -1.21214 70
8.63993 0.927452 70
-6.42859 0.14417 70
5.45445 0.879903 70
-0.00315954 -3.55215 70
-0.305233 -5.73823 70
-5.47159 5.75702 70
4.00877 -15.6137 70
10.0558 -5.54487 70
-4.80219 0.772581 70
1.04587 4.91838 70
-28.9282 -45.9434 70
0.947058 1.05307 70
0.79211 1.2019 70
8.7769 8.54739 70
-25.9713 -23.7694 70
0.0272122 5.33015 70
-4.38192 -1.18435 70
-5.43706 1.47361 70
18.8136 5.39684 70
11.2658 25.3551 70
-9.44813 14.6892 70
-0.0455912 8.98861 70
-0.893543 1.16944 70
3.8184 11.4405 70
4.74358 -5.28794 70
5.44154 6.23428 70
1.34874 0.37814 70
0.899842 1.35958 70
-1.17466 4.00548 70
-0.698038 4.65578 70
-0.085243 0.741705 70
-0.332949 -4.14958 70
-1.06507 0.688755 70
3.82467 -0.405565 70
-9.5365 -3.99813 70
-9.83418 -11.2567 70
3.63833 10.2944 70
0.470612 -0.880849 70
5.70654 -3.57286 70
-3.84564 -5.11935 70
-3.81193 -0.680154 70
11.3938 -9.85348 70
14.5644 1.36021 70
-0.660042 -6.24968 70
0.746841 -4.20931 70
-4.83897 4.45931 70
20.8904 -15.9559 70
21.1648 -16.3504 70
0.0463498 5.83591 70
14.2162 0.712913 70
-1.33343 -0.185275 70
-25.4844 -21.0406 70
0.585109 1.48393 70
-19.2024 -5.49287 70
5.40781 1.18974 70
-11.2887 4.31391 70
3.88841 0.410437 70
-16.4152 -1.3336 70
11.389 -9.02591 70
-8.86911 -4.98287 70
4.1827 25.175 70
5.22195 -0.388238 70
3.5801 1.0886 70
5.35722 -0.263454 70
-10.5362 3.71313 70
6.09442 3.67742 70
0.356923 -14.0198 70
6.45592 -5.12551 70
-1.33793 1.11178 70
-0.984006 0.568067 70
-3.97133 -5.99975 70
1.40308 -5.03537 70
34.7117 -21.0052 70
-0.145172 0.48217 70
-28.8987 5.29898 70
5.61545 -3.58566 70
-39.2712 -8.61591 70
-1.31444 20.9913 70
0.735481 -0.949408 70
5.33855 -8.74497 70
-4.69252 -0.571117 70
-4.36507 3.53803 70
54.1457 0.229534 70
3.58964 1.0043 70
-0.184447 -3.68506 70
-39.9108 15.9901 70
5.47197 -0.706392 70
8.56939 11.0408 70
4.31873 -4.74591 70
0.631719 0.0997148 70
1.24142 -6.32629 70
6.47823 -1.49553 70
-0.844071 -5.34441 70
-1.22985 -1.31519 70
1.24798 -4.93938 70
4.94193 1.36037 70
-5.33065 -0.974109 70
3.53327 0.902359 70
-5.98693 -0.109837 70
3.7851 -0.695081 70
-1.35193 -5.82624 70
3.88543 10.8392 70
4.51547 -5.22956 70
11.3079 -14.2112 70
5.62066 0.506005 70
-8.90155 -15.6378 70
4.66794 3.81338 70
-6.35098 1.41321 70
-5.74973 1.1819 70
-0.856428 -5.32908 70
-5.34766 1.45372 70
-0.134623 3.68396 70
1.11853 4.57516 70
1.07279 -0.333292 70
3.7434 0.522288 70
-0.419287 0.266918 70
-9.74716 -0.141248 70
-4.21323 -5.63314 70
4.38398 -49.5091 70
1.16569 -20.4943 70
-0.238607 -4.39071 70
-14.1289 -14.7715 70
3.55858 -0.312101 70
20.4561 6.36893 70
-4.92238 -4.36585 70
-5.86857 -0.112039 70
10.453 -9.89889 70
-5.69728 -10.2548 70
-0.120759 -0.240204 70
-0.0859351 -0.675451 70
-0.446053 -0.0998696 70
-1.37832 0.909221 70
1.21322 0.831655 70
-0.868138 1.31601 70
8.89855 -5.47983 70
0.786627 0.781324 70
-15.0457 -14.6195 70
11.4589 4.38899 70
4.13027 -1.01618 70
-3.7503 -1.44899 70
0.336387 10.5462 70
-3.80002 10.1358 70
-4.22568 11.3574 70
19.3891 14.9457 70
0.427039 1.49249 70
6.12418 -4.33794 70
-10.3649 26.426 70
1.21163 0.663917 70
-10.5859 0.659713 70
-4.14772 4.54842 70
-1.02692 -0.731252 70
1.19286 0.616108 70
10.6988 -3.61966 70
3.58144 21.4707 70
5.91137 -14.0907 70
40.4319 56.2065 70
0.307731 -5.87083 70
13.8177 -23.5615 70
5.79331 5.5441 70
0.0603511 -0.871397 70
-1.40686 0.293722 70
5.07401 1.11417 70
3.9605 -1.41581 70
-10.2542 6.37005 70
-8.62422 -19.6646 70
-26.3341 -35.1332 70
10.2714 -5.82303 70
5.13662 -1.45216 70
5.19816 -1.18186 70
-1.48437 -6.03399 70
-20.4337 -28.8589 70
0.027067 0.846768 70
-0.993045 -1.02649 70
1.47388 0.101949 70
1.09522 -0.142372 70
-5.82444 -3.75831 70
4.09473 -14.7859 70
3.58415 -4.54081 70
-9.39068 -0.915021 70
5.53629 -4.36638 70
-0.333718 1.42458 70
20.179 -5.25003 70
-0.0714395 0.0246948 70
-5.23205 0.389912 70
-29.6249 -6.20101 70
-0.196985 6.32158 70
3.99935 -3.54542 70
5.34277 -3.66683 70
-60.1646 -4.13443 70
-6.31035 -0.132141 70
-26.3736 29.0733 70
4.0047 -10.8828 70
-0.0129201 0.97471 70
-0.674124 0.260306 70
1.40102 -3.57814 70
20.1991 -24.6921 70
1.09376 14.7503 70
-1.32188 -0.594866 70
30.3616 59.9834 70
-0.245338 -5.70574 70
-21.2635 30.0995 70
-5.8057 6.12695 70
-5.32411 5.67168 70
0.821179 -6.35976 70
-0.548651 -1.08199 70
0.837786 -5.84774 70
0.396771 -4.54501 70
8.74917 -3.60336 70
-14.1954 0.777808 70
0.103391 -0.854431 70
-0.385755 -4.61393 70
-1.08499 14.3937 70
0.279989 -0.296477 70
0.416656 -0.922067 70
6.45295 -6.47313 70
-10.6776 8.62101 70
6.27317 -5.21558 70
0.926126 1.33203 70
-0.5224 -0.529238 70
-0.318879 -3.93728 70
20.9817 -5.5558 70
0.161203 -3.55784 70
-3.83972 0.771989 70
-45.0829 4.30351 70
-4.42659 9.61644 70
3.91525 -3.86037 70
11.1429 -4.3472 70
4.79781 -0.464206 70
5.00445 20.2567 70
4.45739 -14.7322 70
11.0549 4.09525 70
-0.0475161 11.1922 70
-5.56948 0.143679 70
-1.48585 -0.371161 70
0.535669 1.49281 70
5.17141 -1.24079 70
4.53352 4.36383 70
-29.9401 -20.8612 70
-5.30721 -5.58819 70
-0.0504981 -5.20511 70
6.05592 5.3514 70
-0.579205 -1.39085 70
40.1026 -29.4522 70
1.03785 -1.39042 70
-6.22941 10.3932 70
-0.426894 1.08282 70
5.96932 -15.5615 70
4.68342 -15.2324 70
-1.15638 -5.78524 70
24.2172 -30.8543 70
-6.45447 -1.03315 70
-0.640631 0.871025 70
-0.424514 1.20207 70
0.279333 -4.80666 70
-3.85823 0.0968484 70
-3.99687 -6.29904 70
3.87295 -0.695145 70
4.59463 1.3484 70
-5.11326 -9.60603 70
-0.0209026 -1.0902 70
-1.23825 0.998183 70
-1.37108 0.240511 70
-0.234334 -4.7918 70
9.83233 -1.36514 70
1.48307 -4.47533 70
54.5185 -5.02338 70
1.33555 -1.2224 70
-0.88121 4.8123 70
-3.62289 -5.26368 70
4.23074 -4.60054 70
-1.26905 25.7996 70
4.57311 14.5081 70
16.0072 20.4711 70
-9.04305 -1.43909 70
-0.436773 6.00051 70
1.10927 -1.21106 70
3.99614 10.9891 70
-0.0371812 -0.529434 70
-0.34318 0.289344 70
0.404486 -0.647025 70
-4.93704 3.52624 70
-0.748622 -8.53504 70
0.789545 -3.94278 70
10.2013 10.7564 70
16.019 54.4819 70
-14.0449 4.1498 70
1.31061 -6.02096 70
6.22287 -5.03378 70
0.362446 3.97417 70
-0.04151 4.58806 70
-6.37866 0.510907 70
1.46689 -8.90089 70
10.7506 -4.47066 70
-4.17476 -5.95747 70
-5.94147 -6.4418 70
5.77365 0.489625 70
0.932203 -3.80274 70
-0.0959316 0.640982 70
-1.39822 -4.13327 70
5.33132 -5.78194 70
-0.215851 -0.261045 70
-3.92407 -1.00408 70
-0.617557 -1.47559 70
-0.601636 -1.33088 70
-0.309855 -6.15855 70
-0.473959 -4.42752 70
-18.7284 20.3116 70
6.29256 1.05009 70
4.79513 5.37594 70
0.360493 -4.8883 70
4.72324 -4.81888 70
15.5184 6.20328 70
24.812 -0.641089 70
0.63463 -5.55324 70
-5.28833 -6.00679 70
0.602571 -0.946865 70
-3.78442 4.286 70
10.5488 0.476664 70
-3.54571 -9.82561 70
11.0192 6.22497 70
-5.02459 0.753369 70
9.17612 -3.96332 70
3.83332 1.24271 70
4.09398 -3.85492 70
1.03414 11.0275 70
-10.8356 -3.66276 70
-1.26836 -5.56763 70
-4.63393 -4.42735 70
0.380892 -8.64075 70
4.66054 0.0347071 70
24.6813 3.91827 70
5.70092 4.34775 70
0.780778 -4.44678 70
4.56693 -5.24627 70
0.0742178 -3.58093 70
3.75709 1.03652 70
4.04583 -3.63666 70
-4.69966 19.9857 70
-5.78266 -1.29535 70
5.08281 -1.23324 70
-6.10687 -0.722232 70
1.00683 -6.35799 70
-0.324227 -1.34878 70
-4.38858 -3.76513 70
-0.0902433 -4.99771 70
0.16767 -5.92068 70
-6.44886 19.1906 70
6.24349 -0.228663 70
4.55782 -0.656534 70
-0.792333 0.412805 70
-1.38611 0.0868105 70
-1.27819 -9.64162 70
0.346097 4.56653 70
1.07677 -0.0469637 70
11.2531 5.02469 70
-5.88456 -1.0448 70
-4.15059 0.490634 70
-5.46506 -3.61761 70
0.307536 -0.120906 70
5.0022 -9.19338 70
6.22402 -0.809758 70
0.329231 1.07207 70
-1.43389 -0.248332 70
-0.42305 -0.751738 70
-19.0789 14.3004 70
0.789367 -1.46868 70
-30.8477 -25.2814 70
0.661734 -10.4985 70
-19.8104 -5.78061 70
-1.02737 -5.23 70
6.04559 -1.20555 70
1.2891 -4.76719 70
-0.334788 5.15276 70
0.974 5.17532 70
1.31973 5.94319 70
10.2219 10.2503 70
5.7791 -19.2695 70
-0.301353 -0.390231 70
-0.702697 1.0062 70
-15.7155 41.2564 70
1.12815 6.02833 70
0.204591 0.126274 70
-0.740036 1.35052 70
8.95112 5.05951 70
1.14647 0.706685 70
-4.82941 0.313452 70
4.33416 -0.212065 70
0.0815661 1.31952 70
1.06734 4.83122 70
-1.39269 1.1242 70
39.5544 26.4638 70
6.10297 20.5483 70
13.9205 0.756662 70
16.1697 -1.03949 70
5.26143 -4.09704 70
4.88943 -4.78712 70
5.17813 45.233 70
0.00655633 -4.85234 70
-0.875668 -0.0515334 70
-60.1094 40.2543 70
-5.1819 -20.5615 70
0.863412 1.27844 70
-5.44203 -3.59926 70
-4.62274 -4.33031 70
-1.07474 -9.87241 70
4.90503 0.943282 70
5.91459 -3.62282 70
11.1847 -8.98767 70
-1.22352 -0.610089 70
1.13468 0.969975 70
3.96227 -1.33756 70
0.156584 -0.0961261 70
4.03009 -5.73043 70
-0.14043 0.0273396 70
11.4729 0.177903 70
4.55204 -9.26933 70
0.805062 0.535395 70
-53.8411 -5.40216 70
6.30092 1.19627 70
0.682528 -0.717395 70
0.770907 -3.92555 70
-1.09596 25.6556 70
1.16312 -1.22109 70
-5.22536 -1.37026 70
-6.30673 55.882 70
-14.9177 -8.61503 70
1.11652 -3.56471 70
39.412 -18.979 70
0.59455 -4.74403 70
-3.71297 -5.96289 70
-0.749342 -1.49373 70
0.0685952 5.43544 70
-6.11405 -5.39301 70
-24.1961 -3.99387 70
0.453143 -10.1489 70
1.4148 -6.08877 70
3.93596 4.32684 70
-1.26598 6.26074 70
1.25884 0.110545 70
-45.8172 16.2926 70
-0.683465 -3.62575 70
5.19373 6.08664 70
10.8544 5.00325 70
-4.87125 -4.22902 70
6.26526 -1.21688 70
9.86978 -11.3172 70
11.2533 9.49971 70
8.842 6.23148 70
15.3384 4.81093 70
-4.19195 6.21239 70
-10.1231 -6.312 70
-10.6816 -4.07339 70
4.06562 -3.54336 70
1.34767 -1.32776 70
-0.75887 1.4942 70
-0.923904 20.0081 70
6.46176 -0.16089 70
6.44456 -0.736269 70
0.0737627 0.319085 70
0.372025 0.753187 70
1.29241 -4.46972 70
-4.37892 -3.62785 70
0.617225 0.937907 70
4.56128 -4.38522 70
-14.3969 15.255 70
0.599835 -1.03964 70
1.46745 0.295978 70
6.3195 0.272691 70
-0.807536 6.43864 70
0.434837 5.73099 70
1.01213 3.81475 70
-34.4263 -0.757809 70
-4.51077 1.05313 70
0.998764 -3.63554 70
-0.216929 6.38839 70
0.496755 -6.44432 70
-1.40619 4.48105 70
-29.9196 49.2452 70
10.1061 -4.23226 70
0.879932 -4.19155 70
-1.06674 16.0822 70
-5.25941 -10.9174 70
-0.237567 -4.73834 70
9.67133 13.9956 70
-0.649106 1.14276 70
-5.31132 -0.345097 70
5.28161 -6.07161 70
-5.10605 3.59788 70
9.90311 3.74446 70
24.6937 21.0124 70
50.5494 8.84468 70
11.0267 -1.11318 70
0.0205676 0.750254 70
-0.197787 -0.614224 70
-0.0243813 4.97111 70
-4.04123 8.62969 70
1.31894 -0.258272 70
-0.326031 -4.30469 70
-3.64445 -4.11088 70
11.0579 20.2168 70
31.0534 -54.8085 70
-0.31839 -1.24765 70
10.8991 -14.7649 70
0.874015 -0.23668 70
1.07317 -5.85961 70
-6.47361 -10.6501 70
8.7093 -10.3136 70
1.41718 1.17138 70
-20.7403 -9.34076 70
25.9329 -13.84 70
15.074 -4.84826 70
5.25087 -0.887669 70
5.53053 -11.3603 70
44.7638 -9.82634 70
-0.539215 -0.258693 70
4.45875 -5.55225 70
5.36359 -3.68399 70
-6.34271 -10.7568 70
-3.87704 -10.6808 70
0.449231 1.03578 70
0.0270477 -6.2271 70
-14.9722 -10.833 70
-0.409088 6.39039 70
-6.43371 -5.44325 70
4.976 -29.2144 70
-1.22729 -0.227505 70
-0.458872 -5.21072 70
25.5674 -5.66495 70
-1.21947 0.305043 70
4.03748 1.23419 70
0.844225 4.71181 70
3.67428 14.6755 70
4.76455 4.11319 70
-0.570548 3.54527 70
0.282998 -5.56461 70
-24.6633 4.88392 70
-5.45221 -3.91979 70
4.39787 4.51443 70
-4.45081 -0.733571 70
-4.11761 -5.10852 70
4.16943 -0.238424 70
3.56617 -3.86536 70
0.116595 1.3125 70
-0.576964 -0.0496409 70
-3.83738 -0.662031 70
0.596153 -1.16674 70
5.56575 -0.432522 70
0.194353 -1.2647 70
-1.17184 3.73244 70
19.2658 -3.90553 70
0.827076 -10.1535 70
4.10604 -0.837577 70
3.56962 0.7641 70
-3.88883 5.96929 70
24.4326 -36.1959 70
5.26021 -5.70407 70
6.38613 -0.753059 70
-5.14935 -9.24239 70
16.2036 9.7709 70
-6.49853 5.76993 70
23.853 -10.8507 70
4.54083 -5.48441 70
