9.43618 -10.6194 70
0.385356 -0.817679 70
-1.1818 0.906215 70
21.4998 5.93015 70
5.9447 10.7934 70
0.196148 -3.76929 70
-0.594143 1.03878 70
-26.3854 -6.12342 70
16.1437 -3.55699 70
-3.83163 -10.377 70
-4.67145 11.2586 70
4.65439 0.67097 70
0.949313 -5.5275 70
0.64044 -14.5862 70
-0.560854 1.2533 70
-11.4748 24.1612 70
-4.84385 -5.11259 70
1.43926 -5.20751 70
-0.780186 6.32037 70
0.14189 -20.6317 70
-6.03778 0.29644 70
0.235205 -4.65725 70
-4.90042 11.2815 70
1.33294 -4.03137 70
0.252602 -1.35474 70
0.175031 5.47979 70
-19.2019 -21.2637 70
-1.09058 -4.26936 70
-14.6902 -9.90233 70
-4.87142 -0.963783 70
-0.0262502 4.6561 70
4.16458 0.88082 70
5.62462 -0.159862 70
-11.3317 -1.23065 70
16.2747 6.12187 70
0.64067 3.6188 70
-4.66847 3.83982 70
-0.013911 1.29178 70
-15.47 -39.161 70
-5.13485 -4.46287 70
-8.58847 -10.3375 70
0.760914 -6.26596 70
0.6029 -1.06057 70
-9.91674 5.4521 70
4.13569 1.0531 70
-5.42867 0.347571 70
0.844624 6.10857 70
-5.80899 0.82382 70
0.713211 -4.43281 70
-0.652891 1.48526 70
1.12598 -5.86476 70
20.5684 -29.504 70
19.4749 -28.9029 70
-1.46819 -0.0980089 70
-33.7932 14.0046 70
-3.67538 1.48622 70
0.231679 -6.15791 70
-1.22265 -10.8137 70
14.9271 4.70306 70
-5.2198 0.972399 70
-5.60378 25.3745 70
-6.2595 -0.738786 70
0.45657 -1.10122 70
-18.5526 -1.40873 70
-1.47644 0.280753 70
4.06664 14.3423 70
20.1708 -14.7962 70
30.906 -50.6491 70
0.187446 5.90657 70
-9.30979 0.450147 70
-3.62039 -5.44252 70
-11.35 -5.08953 70
0.95529 0.944793 70
-4.24339 -5.74818 70
-1.24617 -9.64781 70
5.45808 0.320986 70
1.31419 -10.579 70
1.17887 6.48835 70
-0.141246 3.85537 70
4.8393 0.942331 70
-1.45763 0.478652 70
0.982702 -1.0868 70
8.68385 -5.40114 70
-0.788325 0.154121 70
0.84512 1.46425 70
-1.15268 -5.46077 70
4.47049 0.941207 70
4.8413 1.34692 70
60.2575 -48.8426 70
0.460589 -0.983186 70
3.58541 -0.371507 70
-6.24119 -3.84651 70
-8.52919 -11.4769 70
0.624621 0.365849 70
-4.56261 -9.5091 70
-6.38936 0.225761 70
0.681714 0.779004 70
3.57145 -6.16444 70
0.979598 -0.81595 70
3.55839 -0.730199 70
-29.6972 21.4077 70
1.4702 -5.94829 70
-3.96685 -10.117 70
9.50908 -0.315406 70
-0.672131 -4.80701 70
5.57485 6.07023 70
-5.20653 -5.99313 70
10.249 13.6512 70
4.82989 -5.97095 70
0.339343 -3.89952 70
-1.14212 -5.18202 70
8.78672 -6.4431 70
-20.9714 -30.0063 70
0.149853 4.20689 70
-5.22451 -0.669528 70
-9.40893 5.03378 70
-9.23449 5.43886 70
6.13873 -3.66878 70
4.53804 4.58139 70
-20.5585 -15.9614 70
-0.221297 0.827397 70
9.41731 -4.93161 70
-5.18265 -4.63238 70
0.749779 -0.754427 70
-1.08253 0.777914 70
-1.0766 -0.26805 70
0.0382055 -3.91226 70
-0.957058 -6.32821 70
-0.962619 0.943886 70
1.23285 -3.53403 70
-0.911759 -8.7863 70
34.4208 -46.1949 70
5.77368 5.90826 70
5.45291 5.6843 70
4.01241 -4.10422 70
-1.17462 1.2361 70
-1.4576 -0.526295 70
4.15054 0.944415 70
-0.202735 -0.108373 70
9.28951 0.448652 70
4.1465 -9.95597 70
0.203226 0.908976 70
-4.93222 1.44833 70
-0.203742 -0.763989 70
-0.0759759 51.1823 70
20.1807 -5.09634 70
0.842032 -4.24899 70
-1.13117 5.40864 70
-9.18245 -4.15414 70
1.16171 -5.00933 70
-10.9705 25.8605 70
10.9805 -9.24048 70
-0.330782 0.931999 70
6.22051 -10.0172 70
1.20942 0.0451394 70
1.0617 0.805171 70
0.548095 0.00734764 70
-0.846716 -0.621026 70
1.28701 -1.01509 70
-4.85281 20.3405 70
5.09003 -0.944832 70
0.0676027 -3.87289 70
3.58331 -5.45384 70
11.4407 4.0851 70
29.6197 -30.0732 70
-8.50762 -9.85792 70
1.28218 13.5838 70
0.142936 15.4624 70
5.54983 8.84433 70
0.129453 -0.529872 70
-4.00029 6.2067 70
0.2855 4.48114 70
-0.750303 0.205236 70
-4.08344 -0.213357 70
-4.73445 -0.70747 70
-0.452377 -3.5253 70
-21.4579 -15.7546 70
13.7523 -18.9137 70
-14.9274 -5.32474 70
-6.27893 -9.46663 70
-0.0879573 -5.94732 70
-0.129169 0.679289 70
-5.2972 -0.349976 70
1.31394 3.71213 70
3.98436 20.8849 70
20.4265 -15.3521 70
-4.58083 1.10417 70
-4.0788 0.706724 70
-5.07429 -4.554 70
4.07006 5.45021 70
5.38658 5.56663 70
1.19026 1.10489 70
-1.45735 -1.40325 70
-0.763521 1.2971 70
15.6993 8.62666 70
49.9063 6.12825 70
1.22175 0.267711 70
-0.58896 5.51498 70
9.07834 10.6469 70
1.19851 -4.73082 70
3.55523 5.87021 70
-6.39029 -6.41618 70
4.85052 0.572242 70
4.90618 -5.03863 70
0.159026 0.344318 70
5.84885 -11.3269 70
-4.52151 -6.27725 70
-0.494266 -4.13269 70
-0.299882 -4.10984 70
0.450744 6.26784 70
-8.52025 -14.6622 70
-3.61452 11.0871 70
-10.614 6.44719 70
0.891488 0.405767 70
6.09852 -4.14769 70
-0.0251189 -4.56386 70
0.857893 -3.91535 70
-23.6774 28.7094 70
1.02927 -0.155736 70
10.4653 0.519772 70
-5.74705 -9.86708 70
-1.46748 1.23644 70
20.8812 -24.8862 70
5.20144 8.53509 70
-5.80962 -4.93635 70
-0.749187 -3.96789 70
-9.07374 -3.50683 70
4.86851 -10.4179 70
5.19617 -6.0617 70
1.14272 3.7227 70
-35.5457 10.249 70
-33.5238 11.2025 70
-0.938451 1.35533 70
9.61576 -8.86699 70
4.7084 -5.12318 70
0.465205 -0.891442 70
3.86812 -6.14702 70
1.10084 -5.52386 70
3.84921 -6.14231 70
-10.6755 14.6237 70
-5.78637 0.0907776 70
0.496135 5.59438 70
-10.637 -10.6192 70
-1.33459 -0.338428 70
-0.447811 -0.468475 70
0.852138 1.42367 70
3.66659 -0.0497596 70
4.66765 -0.473633 70
-9.86026 -4.70741 70
6.14699 5.51225 70
0.324405 -0.229671 70
0.925587 -5.88387 70
1.37787 -1.30313 70
10.667 -6.23995 70
-0.0188839 -4.47569 70
-11.1707 -1.28644 70
0.992712 -8.89662 70
-3.79716 -5.46258 70
-5.24135 -3.99388 70
-1.02327 11.2296 70
-1.34066 6.0544 70
0.631463 4.33173 70
-0.669375 -5.80022 70
-0.230206 -19.5546 70
4.35883 -11.2277 70
0.486863 3.92477 70
-3.98999 -5.1187 70
-3.73038 -6.43691 70
-0.514544 -5.60513 70
-0.466784 4.15412 70
0.439545 -4.60908 70
-9.63273 -0.377205 70
-10.863 0.944801 70
1.08594 -5.31673 70
-4.49759 -5.90519 70
-9.22985 5.8543 70
-6.40639 -4.08105 70
-0.110104 0.152696 70
0.70114 5.17013 70
1.09072 4.20587 70
4.45298 -4.49536 70
0.196215 6.47392 70
-0.12058 -4.11884 70
-0.0182967 -5.64199 70
-15.4568 -4.97058 70
-9.69948 0.31243 70
-6.31103 -0.754084 70
-0.638066 1.49684 70
-4.26715 -21.4944 70
-5.71518 1.29637 70
-0.410844 -0.388347 70
1.35541 0.0238725 70
0.462256 -6.29378 70
0.734702 -8.78048 70
6.34024 1.15659 70
0.397053 0.850681 70
-10.0826 -4.91874 70
-9.76064 -6.19555 70
0.7473 -1.19608 70
6.49704 -0.179771 70
-26.4831 -30.1081 70
4.11673 -3.92188 70
-9.78004 -0.975829 70
-9.79508 -0.997144 70
15.4801 11.3351 70
-5.91307 -1.08617 70
8.94305 -1.37236 70
4.50649 0.235182 70
-0.730689 1.40252 70
4.7016 0.278709 70
-36.0845 4.88107 70
-5.73903 -5.26021 70
-4.48149 0.761596 70
-3.52445 -3.61375 70
11.3038 -8.98322 70
-0.771799 -1.402 70
6.31221 -0.821554 70
3.81177 -0.594631 70
-6.44269 -0.848583 70
-11.1571 0.0288938 70
3.97779 -0.0502139 70
4.27609 -5.57235 70
0.405066 0.933811 70
-6.44016 -6.4996 70
0.552428 0.559886 70
6.1197 3.68234 70
4.62559 3.71902 70
-0.687333 0.767357 70
0.379987 0.146003 70
-0.823395 -4.91911 70
-6.01654 3.7744 70
-0.854642 4.86414 70
51.3481 -3.98295 70
0.570192 -5.88606 70
-0.0170582 0.719968 70
0.35732 5.05765 70
5.19957 8.96722 70
4.96649 6.43427 70
4.14689 0.660381 70
-1.29862 0.100509 70
1.00776 -14.9221 70
-0.191486 5.45576 70
-1.45234 5.35729 70
1.42334 -3.54093 70
-5.86016 -4.48667 70
60.9722 35.6492 70
-4.25041 -13.6636 70
-10.9434 43.5415 70
-9.96848 -0.283908 70
1.04218 -0.246822 70
-3.58286 0.744776 70
-11.294 9.46941 70
-4.05231 -6.13202 70
-0.743359 -0.264704 70
1.31781 -0.695321 70
1.11802 -0.761698 70
-6.15015 -0.183654 70
5.27153 -0.927996 70
5.01044 5.81557 70
5.19705 -0.752669 70
6.05645 -0.842555 70
3.76117 -3.6258 70
-9.08335 -0.899655 70
1.4279 0.291128 70
1.12642 -0.973975 70
13.9203 38.8318 70
-39.8556 -28.5015 70
30.21 -11.3805 70
-5.61253 -0.340042 70
-5.95278 -10.8306 70
-5.60082 -5.21223 70
-0.796581 -6.46279 70
18.9752 39.3161 70
20.7577 40.3462 70
-6.43283 -3.65681 70
-5.20355 -24.2821 70
-14.3704 -1.47368 70
-28.7593 -0.892737 70
0.311712 4.23118 70
10.7064 6.41324 70
4.43479 -5.40455 70
-1.19092 -4.08036 70
53.9842 45.3754 70
-0.270244 -6.21562 70
0.696789 4.23628 70
15.951 -15.3015 70
-3.85348 1.40007 70
-3.56173 -0.764354 70
4.05878 0.459957 70
-8.97322 -1.27249 70
-4.61521 0.129239 70
5.86146 -4.18107 70
8.98891 -0.903829 70
1.11787 -5.59047 70
-0.469426 1.25317 70
11.3919 -36.1703 70
8.63775 15.913 70
-0.116672 -0.540056 70
1.48922 -11.1422 70
0.298524 5.94672 70
45.8113 0.725475 70
-0.447056 -8.62039 70
6.35978 -3.95035 70
3.71499 4.50315 70
1.41359 0.268206 70
-1.49477 -1.27202 70
-0.814346 0.780754 70
9.95577 3.95755 70
3.68615 -0.18275 70
-1.27728 -0.986652 70
4.04181 -0.454501 70
-5.32451 1.35536 70
5.02435 -5.49665 70
-11.3103 -9.72437 70
0.326799 0.329232 70
1.24876 -5.38255 70
-16.2913 -15.7051 70
-4.15146 0.823339 70
-1.00272 -1.46819 70
-0.283671 -36.2498 70
-8.62141 3.73429 70
5.34288 -3.98309 70
-9.34082 -10.1944 70
1.29441 -4.79549 70
-0.959585 -6.20248 70
-15.019 10.7232 70
20.1514 -5.28873 70
-0.840525 -0.0274354 70
0.0371097 0.998179 70
0.398499 -1.11238 70
0.276124 -5.82167 70
-10.1182 -15.7552 70
-11.0662 5.04833 70
44.7572 -35.1698 70
45.5555 -34.8076 70
1.02148 -10.7002 70
5.09858 -6.24664 70
1.05321 1.30681 70
-1.44596 -9.61445 70
-1.11563 -4.47106 70
13.6223 6.34357 70
0.219999 -1.12764 70
-6.03118 -9.93872 70
0.140737 -0.832472 70
-10.7428 -45.3649 70
5.48417 -3.5233 70
4.53423 -6.07777 70
0.0995461 5.05319 70
-0.334033 -0.188271 70
-1.09044 1.09298 70
1.24673 -3.65119 70
-6.43615 1.02228 70
-4.58835 -0.349432 70
0.402243 -0.101055 70
6.30164 1.04203 70
0.182109 -6.34806 70
0.339624 1.48961 70
-0.86512 4.28168 70
5.16063 -0.27125 70
-1.33907 -10.7885 70
1.2578 0.192285 70
0.527443 -3.95493 70
-0.644522 -3.51279 70
-3.9487 10.545 70
-1.39037 -5.69053 70
0.170613 0.285433 70
1.21546 -0.319571 70
-5.17303 6.41238 70
-6.21649 -15.2838 70
4.50825 -3.67765 70
-0.085497 -0.814569 70
-5.31845 -4.54165 70
-5.75161 0.344635 70
-20.3907 8.75942 70
3.52392 -9.82093 70
-5.91034 -5.06269 70
-4.60736 5.4413 70
-1.24119 -10.3178 70
-4.70597 -5.66089 70
1.44875 -4.5327 70
-14.1711 10.4058 70
1.44554 0.489159 70
-1.43966 -11.4125 70
-5.86021 0.462839 70
10.9457 19.8734 70
-43.9434 6.10041 70
20.9327 -18.9718 70
-23.7085 38.7929 70
0.503132 8.67828 70
3.91949 -5.2116 70
-10.5674 23.5591 70
0.627407 -10.8315 70
6.44913 -0.0757149 70
-0.532552 -0.538531 70
-0.734932 -4.70524 70
-4.79024 -4.70457 70
-15.4683 -11.0278 70
-13.6836 -11.4247 70
0.119768 -3.69949 70
-20.5354 10.3851 70
0.747028 1.30842 70
0.213474 -0.956074 70
0.274333 -0.897325 70
0.371138 -5.10708 70
0.40461 -10.8551 70
-21.4786 21.3934 70
-1.07851 -1.2471 70
-0.695722 -4.30337 70
-9.94837 -3.91478 70
-10.7815 -6.09998 70
4.39556 5.29017 70
24.1206 33.8202 70
-35.441 -50.9781 70
5.44139 10.5688 70
-0.537539 -6.03799 70
0.0822567 0.212417 70
20.8221 -20.7969 70
-0.332457 -14.2888 70
-1.11862 0.915128 70
0.872663 -55.0673 70
-5.19309 -10.6357 70
-0.81754 10.2568 70
6.24469 -5.47662 70
-3.94511 0.603976 70
-10.6029 -3.88823 70
-1.10506 1.21747 70
10.5788 4.1593 70
1.21398 -13.5006 70
0.662752 -0.778106 70
-1.07 -5.64174 70
23.7405 -10.6986 70
-10.206 20.8488 70
-0.994213 -4.94017 70
-5.12525 5.80253 70
6.06501 10.6538 70
-5.42581 0.754004 70
-1.29939 -1.29121 70
5.01946 -5.63758 70
1.03589 1.34383 70
-0.197023 5.64119 70
-1.47638 -5.3812 70
-0.0453759 -5.2269 70
-0.940961 -6.26896 70
6.42701 -0.558086 70
1.18719 0.0278412 70
0.785988 1.12568 70
1.16246 -3.50817 70
0.233528 -20.4928 70
0.838712 -4.98282 70
-0.75414 -0.269045 70
5.98118 0.345506 70
3.86378 -3.96664 70
-3.95917 5.62372 70
-0.690485 -6.01212 70
-0.384694 -9.78125 70
0.481725 1.46604 70
1.09193 -5.8421 70
-0.334709 -5.84064 70
-1.26691 -4.35032 70
-1.41861 1.36189 70
-16.197 -9.42629 70
-0.980921 0.519865 70
-0.989075 6.26224 70
0.840024 -5.42946 70
0.532393 0.947625 70
0.590019 0.101464 70
-0.0857269 -1.0802 70
-16.1692 18.7298 70
-0.698418 0.392063 70
0.298612 -0.658983 70
0.191604 1.08431 70
4.75449 -0.256145 70
-10.1636 -0.955023 70
-6.03357 -1.34196 70
1.34155 -6.41842 70
33.654 48.8052 70
0.673401 0.208713 70
0.0395976 -0.451893 70
-9.22441 -9.54461 70
-10.0719 -9.24962 70
-5.61251 -0.30529 70
-14.7411 -6.2176 70
-0.12253 -0.219783 70
3.56666 -21.0559 70
4.21137 -9.90409 70
3.99626 4.51571 70
0.89247 1.00627 70
-6.37825 3.79541 70
-6.45686 24.6425 70
-20.9881 13.5058 70
-10.9786 -18.8021 70
4.57859 -21.465 70
-0.465637 0.264416 70
-0.0539539 -3.81394 70
-38.6 21.0796 70
-1.06352 -4.54808 70
3.73938 -3.84116 70
4.36867 40.1371 70
9.76159 -0.342137 70
-1.39114 -4.91613 70
-1.40849 -0.33647 70
14.7082 10.6694 70
0.273682 4.09869 70
1.29392 -4.97804 70
8.95679 10.3001 70
-9.3577 -1.03476 70
9.92415 5.91342 70
-5.59876 -5.58219 70
0.215592 1.17288 70
-1.23636 4.68706 70
5.29225 -3.63194 70
0.23498 -3.7237 70
1.16819 -4.18904 70
-13.6872 -10.1972 70
-1.33792 0.818874 70
-6.33707 1.30899 70
-4.65503 0.918922 70
5.6635 0.0209843 70
0.588371 -0.568603 70
-0.207708 -0.34638 70
19.8862 15.8442 70
-39.905 -34.0481 70
0.224602 -4.7415 70
3.95281 -5.62797 70
-1.31035 -8.69486 70
-0.685226 0.283451 70
10.3261 -1.24514 70
-4.11661 -4.97141 70
24.2679 -6.48741 70
0.957185 0.0676248 70
9.44399 -18.566 70
-23.5139 -35.039 70
-25.0511 -34.4979 70
-0.821485 -0.444262 70
-6.41724 5.53313 70
0.424261 -0.504634 70
30.7264 -3.6783 70
1.42995 -5.3246 70
-14.5843 9.75597 70
-0.727297 3.96293 70
-14.9901 -6.08783 70
3.73333 4.63224 70
0.793296 -0.108884 70
-0.236519 -4.95499 70
-3.59466 -8.6409 70
-25.7935 4.56102 70
6.47499 -11.2497 70
-14.0404 -4.99252 70
-4.37379 -9.1631 70
-4.65934 -0.111615 70
-4.10944 15.599 70
-5.20991 -6.26893 70
-11.2257 -4.8549 70
-5.60679 -1.13566 70
0.615863 5.18711 70
-6.45076 -4.17634 70
0.57431 1.46861 70
-5.62048 -5.74268 70
0.884984 0.221048 70
-10.7465 1.48853 70
-9.947 0.0113959 70
0.266898 -0.664816 70
1.09362 0.497329 70
1.16551 0.911564 70
5.32971 -4.82358 70
0.382574 -9.04486 70
-4.41171 21.1067 70
-0.767052 -1.43939 70
6.40934 14.1603 70
-1.23038 -4.16648 70
4.41562 -5.3976 70
-3.99783 -0.701484 70
0.0400108 -5.28971 70
6.39166 -8.93207 70
-9.49657 0.198704 70
10.0948 4.1093 70
60.8725 -0.0967376 70
-4.52176 -11.1154 70
0.483674 -3.61115 70
3.66028 5.05838 70
0.0834645 -0.305287 70
0.225994 -0.689757 70
4.88358 0.548287 70
-15.7131 -4.25906 70
0.871839 -4.42852 70
3.59229 1.29716 70
0.244973 -4.98409 70
25.8693 21.1264 70
0.183266 -3.67618 70
-15.8635 -6.39702 70
-5.56627 -4.96175 70
-5.67255 1.10423 70
-5.09468 3.66138 70
-3.55748 -5.66814 70
-4.02819 -4.18354 70
4.96675 -0.978654 70
1.05192 -6.11137 70
-31.2099 25.7669 70
4.3992 -25.5473 70
0.28498 -0.0657151 70
-4.24058 -8.84779 70
3.77583 0.594976 70
5.57791 -5.59435 70
-0.985041 -8.68922 70
-4.27964 -4.83612 70
1.49006 -0.165421 70
0.646809 0.574142 70
-0.334832 0.458609 70
1.24769 6.30941 70
-3.62626 3.94101 70
-4.01258 1.22397 70
-5.23579 -0.971775 70
0.838745 9.53892 70
1.0404 -9.50749 70
1.20303 0.997473 70
1.32393 -5.40452 70
-5.54486 -10.6387 70
-1.42877 9.59956 70
-4.03043 0.950049 70
-10.8088 4.85306 70
0.296254 0.0817423 70
5.96065 6.22987 70
-5.58527 4.83725 70
6.46796 -6.11473 70
0.9746 6.44822 70
0.174963 -4.45086 70
-3.92586 0.313727 70
10.0602 0.92113 70
-9.41658 -0.675797 70
-4.7242 4.26907 70
5.1442 1.03417 70
-0.727741 5.14512 70
9.20546 -23.9076 70
-33.861 -41.171 70
3.7165 14.9949 70
0.79502 0.71642 70
-9.95016 4.4102 70
4.45998 -0.680838 70
-15.5647 0.548765 70
-0.791011 -4.32167 70
10.7306 -6.3087 70
25.427 29.5213 70
0.079327 -0.0178367 70
4.64923 -1.13737 70
0.74475 4.32883 70
3.61415 -4.56274 70
-4.47053 0.57691 70
4.42873 -4.42703 70
0.802327 -6.17328 70
0.315336 0.627934 70
-1.36266 5.75261 70
5.70178 -1.49409 70
5.87724 1.02392 70
3.61452 -6.15893 70
-11.3931 -5.1531 70
-5.42466 5.06088 70
-34.2036 25.017 70
10.9362 4.85769 70
4.30684 36.3672 70
-0.800216 1.36579 70
1.03612 1.1608 70
0.523807 -4.76717 70
-1.34647 4.52969 70
1.44225 0.589938 70
10.7247 0.173134 70
40.5957 -60.8089 70
39.2802 -59.91 70
5.29284 -14.167 70
4.11245 -14.5419 70
3.60819 -10.3603 70
-1.45919 -11.2335 70
9.58309 4.1079 70
11.2211 6.148 70
10.6388 -29.638 70
-6.10458 -0.697999 70
-1.30806 1.35044 70
4.34353 0.685746 70
-0.867292 -9.42926 70
0.13605 -10.7352 70
-5.09833 -0.660409 70
-0.264021 1.16119 70
-10.9269 5.86395 70
-15.6763 -13.7415 70
14.1386 -10.9592 70
-3.92162 6.35727 70
0.242045 10.6779 70
-4.29731 4.96923 70
-4.97618 0.155554 70
-0.882119 -4.22933 70
-10.6183 -20.3395 70
-4.41145 5.60452 70
0.344138 -1.47934 70
-0.812864 -0.213136 70
51.14 -5.78245 70
-1.15924 -8.56992 70
5.65521 -10.5476 70
8.98685 -55.1361 70
-10.7411 -5.2251 70
-9.73315 -4.93587 70
-6.38268 -6.43337 70
-0.621584 -4.88235 70
16.1016 -10.6123 70
-0.75912 -5.45835 70
-5.2798 -6.43722 70
41.3479 -19.7187 70
10.964 -4.89866 70
10.7686 -3.99835 70
-0.226013 -14.3276 70
5.69293 1.35135 70
1.24336 8.86134 70
-14.3593 -9.12748 70
-0.104955 -6.01477 70
-14.5366 -1.40548 70
6.40555 5.70843 70
0.600568 -1.35356 70
-11.1716 0.0473875 70
-1.47002 -3.75897 70
4.25955 -0.836105 70
-1.11474 0.66944 70
4.48698 -10.2072 70
-1.43678 0.876438 70
-4.26748 0.59305 70
4.02052 -9.15773 70
-9.82091 -0.40762 70
-4.06719 3.65914 70
-6.38541 5.22 70
-1.33285 -19.8569 70
-4.81288 1.47626 70
-0.493304 -14.1753 70
-6.42928 0.43315 70
-4.73195 -0.333587 70
-4.66308 14.2383 70
0.0845341 -3.93127 70
11.1132 -1.24768 70
0.0243554 -6.49429 70
-3.82938 -1.0596 70
1.33913 11.2028 70
10.4888 5.96227 70
5.72259 -5.2677 70
-0.415319 -6.11655 70
-4.64846 -3.94503 70
4.37215 -4.32941 70
-5.86979 0.348948 70
21.3668 29.9434 70
3.94073 9.70577 70
48.6673 0.0898113 70
-1.03844 6.17468 70
0.376121 -15.0132 70
10.4032 -10.3873 70
-1.48475 1.36743 70
-0.0900788 -8.78471 70
-3.64602 -1.39161 70
5.17773 -4.16941 70
-0.599976 0.449336 70
-0.923395 11.4658 70
4.4621 -0.96461 70
0.901429 1.00001 70
-6.08222 -10.838 70
0.48952 -0.985376 70
-4.44746 0.578103 70
8.6647 15.6572 70
0.318246 11.4324 70
-1.17683 -4.73918 70
9.89731 0.0847296 70
11.3675 1.12974 70
30.7771 -14.8375 70
-10.0482 5.33771 70
14.1637 0.69654 70
18.7466 0.104488 70
-5.46138 -4.07276 70
3.70537 -6.27154 70
0.395339 -4.69702 70
-1.14289 1.38638 70
9.93334 -21.1907 70
0.672657 0.259114 70
1.41867 0.69252 70
5.63192 5.76656 70
-0.0772297 -10.8885 70
-24.8324 -9.10359 70
-9.10246 -3.81731 70
0.0666008 -1.39438 70
-10.1649 -20.924 70
9.6633 4.23805 70
4.70672 -5.0076 70
5.92279 3.74109 70
-4.04697 1.0079 70
1.44904 -0.975368 70
-0.389203 0.714858 70
-35.0757 -0.389763 70
0.533602 0.333429 70
-0.783037 9.84328 70
-1.20415 -4.06104 70
13.6103 1.08899 70
0.922434 4.40007 70
-1.37871 9.09465 70
1.19047 0.158729 70
4.08137 10.2774 70
6.2073 0.323489 70
-0.501505 -4.56216 70
0.447377 0.995228 70
10.7057 -40.7711 70
-0.152751 -6.04508 70
5.1018 1.08656 70
26.0768 -20.434 70
1.46277 -6.09757 70
-0.978765 10.299 70
-4.40892 20.9611 70
16.4649 10.1846 70
6.10069 -5.84681 70
4.01965 -4.04838 70
9.05501 -24.5424 70
0.848869 6.38167 70
-4.762 -0.817754 70
5.02767 4.3746 70
11.2853 11.3118 70
1.35472 0.093119 70
5.58261 0.393192 70
-0.076703 -5.51974 70
-1.36751 -6.42903 70
0.432388 -0.7931 70
-0.788165 18.5332 70
0.372701 10.7061 70
5.94859 -13.6126 70
-15.4712 20.9073 70
-11.1889 -5.2909 70
1.34628 -4.32094 70
-11.3764 -0.820767 70
-1.21621 0.803504 70
29.8003 -5.09683 70
5.69224 -4.56488 70
0.819447 -0.597044 70
4.99778 0.862579 70
0.445463 -31.3357 70
-5.47886 -0.356405 70
-0.0428801 1.47546 70
0.575888 -0.595333 70
-5.41657 -6.42015 70
-0.135055 -3.8537 70
6.1696 13.6567 70
0.916395 -5.14501 70
-0.224485 -0.99722 70
-0.677422 -1.43051 70
-8.82978 -0.504868 70
-30.3302 5.22976 70
5.52331 -1.48068 70
-15.4243 -0.172302 70
-0.578925 -0.590639 70
11.4394 -21.0654 70
-5.63197 -1.17766 70
-10.2457 4.86433 70
10.6671 3.89263 70
5.7556 -10.0317 70
-11.1759 -0.0321162 70
18.9139 15.0071 70
21.4727 13.979 70
1.1128 -0.171564 70
-0.0497294 -0.510154 70
10.9836 -3.62455 70
-0.300368 -4.93586 70
-1.44783 0.0592155 70
5.62484 3.70554 70
-18.7228 -35.1503 70
-4.38357 3.77845 70
-49.9399 8.7593 70
-0.929768 -4.15153 70
0.526291 -1.4018 70
-10.1938 -6.41226 70
-4.34247 0.958864 70
4.58208 4.29 70
0.904272 0.517286 70
-1.39027 0.449828 70
-4.25812 8.82443 70
-0.0662848 0.845553 70
5.94849 0.769283 70
0.329382 -9.54151 70
