4.5442 0.766228 70
-4.81259 -14.4553 70
-10.1626 0.988246 70
-0.937653 4.9027 70
14.0333 10.3923 70
-5.76844 0.669926 70
1.38217 -1.4357 70
-0.808057 5.76089 70
-10.7706 0.298399 70
-0.4628 5.93681 70
0.430761 -1.49802 70
5.93234 -0.734746 70
5.48383 4.09142 70
0.820636 1.02776 70
18.8525 25.614 70
0.326102 11.0532 70
6.01277 11.1468 70
8.84467 35.6567 70
-0.0110904 1.01272 70
-6.20572 -5.97833 70
0.0686249 -0.765737 70
0.888893 1.27835 70
-35.4705 -34.4666 70
-5.75735 1.04297 70
-5.5523 0.977485 70
-0.653623 -1.00826 70
4.41382 -0.804667 70
6.09854 -11.3805 70
-5.80876 -11.3826 70
-8.68698 33.722 70
-9.85906 36.0035 70
5.34509 3.52535 70
-0.39171 -0.24787 70
-11.2685 -0.234334 70
0.363064 0.118855 70
9.43573 -4.84319 70
-0.289168 -1.46689 70
0.234328 5.8021 70
-10.3908 35.4268 70
-5.27943 0.182244 70
1.16426 4.02325 70
-5.94353 -10.6493 70
-1.04237 1.21586 70
-0.281895 -0.282774 70
-0.923507 -0.890393 70
-6.15091 -10.1776 70
-0.822764 -5.88569 70
-0.474369 -3.53461 70
-0.65999 0.606719 70
-6.34663 -1.12473 70
-1.18276 0.23712 70
4.80262 6.02765 70
-3.8386 5.6685 70
-0.215113 1.10266 70
4.58666 0.497898 70
-0.329627 -0.045196 70
-0.052962 0.950247 70
-11.1776 -8.98223 70
-3.93201 5.93165 70
-1.19248 1.23053 70
-0.638733 1.01573 70
-3.94241 -4.69926 70
0.818402 -0.235711 70
-5.61351 6.34447 70
9.88274 4.04684 70
-0.229746 -1.47318 70
0.460588 -4.66489 70
5.68567 5.466 70
-0.504093 -0.0937202 70
10.1425 11.2478 70
-4.26729 5.80272 70
11.1755 9.61363 70
4.2266 1.21643 70
-0.43614 -1.00924 70
-6.35306 18.9006 70
0.477347 0.574804 70
-10.9509 -4.67556 70
4.81412 0.715917 70
-0.149774 -1.45827 70
-1.35971 -1.19439 70
-9.80919 -15.231 70
-1.30301 6.21057 70
44.1906 15.8248 70
-1.40434 -10.5132 70
19.5988 9.347 70
-4.82571 9.55632 70
20.637 -23.5411 70
4.94276 3.66392 70
3.6533 -1.42575 70
1.14549 -5.15103 70
1.0397 5.10474 70
-20.1216 18.8459 70
-16.341 1.18172 70
-15.4158 -0.94835 70
-3.75217 1.37262 70
-8.95811 6.12881 70
-6.22722 0.412398 70
-3.83712 0.0218988 70
0.352248 -0.223632 70
-4.61062 1.42228 70
26.3358 0.0295926 70
-15.5644 15.9078 70
-1.32069 -4.65725 70
-0.330458 -4.12558 70
-9.45536 -4.86255 70
4.85328 0.559213 70
-4.6093 6.36461 70
-1.38543 -9.22038 70
25.2049 -18.9807 70
-4.33117 30.5933 70
-0.297165 1.01127 70
-6.48102 1.05105 70
-3.86222 -0.938844 70
-5.91531 -0.0387104 70
0.647187 6.26162 70
0.540641 4.62384 70
-0.46632 13.6013 70
-5.44386 5.47457 70
-6.15331 -8.64794 70
6.2512 0.496138 70
4.33311 0.84406 70
-1.4107 -10.9447 70
-6.26567 0.531475 70
-4.82659 4.2364 70
0.90501 0.0595212 70
-13.666 11.3703 70
0.585859 -1.17032 70
9.53303 -35.9695 70
0.605703 -1.24445 70
0.199007 1.3847 70
0.281817 -4.0569 70
-0.831333 -5.86198 70
-6.19996 9.90168 70
-0.489163 5.58876 70
-1.35693 3.8443 70
-3.91373 3.97379 70
-0.570148 20.4711 70
-4.76927 1.05102 70
-5.5471 -6.17561 70
1.2789 -1.16014 70
-8.52046 -9.10271 70
4.90052 -35.4673 70
0.927747 1.26146 70
-0.753253 0.105096 70
1.20485 5.25515 70
13.9401 6.07828 70
-9.26917 5.72991 70
-1.43043 0.691157 70
-9.55239 6.31385 70
-10.0578 5.37594 70
-25.2633 -10.494 70
10.5876 6.33598 70
-3.81539 0.0685189 70
-4.94785 0.479094 70
-5.46636 1.08806 70
-1.12229 0.954873 70
-1.23735 0.0770161 70
-54.6047 -10.1405 70
8.58831 -8.74429 70
5.81275 0.753291 70
3.87515 10.3209 70
-15.4091 -11.4529 70
-0.178864 -0.9485 70
-3.52091 -1.12037 70
-6.08481 0.552699 70
-5.87867 43.7697 70
-11.4163 5.71357 70
-5.07342 -10.3511 70
1.04541 -1.4999 70
-0.55029 5.02611 70
5.62855 -6.38208 70
5.7176 -4.16862 70
-1.19965 16.3497 70
0.992922 -5.87779 70
0.808754 -4.05945 70
5.58904 -10.2055 70
6.04436 -10.4448 70
-15.9811 1.22504 70
-0.920251 5.92631 70
-4.1338 4.38406 70
-6.15178 6.29558 70
5.43397 -0.384554 70
43.7407 -13.6338 70
-1.23789 -3.59489 70
-6.43512 -0.286586 70
-5.97603 5.85526 70
-11.3099 -18.5382 70
-0.53905 0.580587 70
-14.2712 -8.81381 70
-15.415 -11.0716 70
-3.7751 -1.34731 70
0.369946 5.83565 70
-1.05776 5.89035 70
-4.22869 -5.8926 70
39.8589 59.9168 70
-0.395861 4.18033 70
0.402343 3.69666 70
4.28917 1.40586 70
-44.5462 -13.7711 70
4.82041 8.50542 70
-4.0823 -1.13768 70
0.74188 11.1471 70
-5.94161 -5.46849 70
0.636303 0.917458 70
-0.668064 -0.876928 70
-4.90586 0.716548 70
0.815269 -0.336922 70
-0.258389 8.91509 70
-0.256534 9.52409 70
-6.3993 -0.200007 70
-1.21179 13.7495 70
-1.42942 -4.07703 70
-0.471307 -5.3396 70
1.30197 4.48483 70
-6.0506 -4.80336 70
-4.41044 4.85314 70
-15.9132 5.1484 70
-9.41419 0.224811 70
-0.730718 4.31686 70
-4.91219 3.86114 70
0.802509 -5.92486 70
-16.2579 -15.9096 70
-4.74489 0.931528 70
-1.21241 4.76362 70
21.2107 25.782 70
-5.53544 -0.987717 70
-5.44805 -1.40045 70
0.510151 5.42879 70
-3.94175 4.46901 70
-5.94131 -0.885582 70
3.51362 1.38473 70
-5.29511 5.2581 70
1.21902 0.872745 70
-4.35985 -0.611063 70
1.42742 5.74334 70
-5.17784 11.1885 70
6.17007 -10.3354 70
0.787599 -34.3951 70
4.36272 -19.6488 70
24.948 13.7493 70
-0.951266 4.2153 70
-4.27413 0.642785 70
56.0945 -4.72598 70
-15.8167 25.3825 70
-11.1805 -6.26896 70
-4.06646 -0.232887 70
-5.01446 -1.10137 70
-5.11917 4.71177 70
5.42727 4.50009 70
-5.65804 -1.29663 70
11.421 9.86823 70
-4.766 0.85072 70
0.982508 -1.00133 70
-10.4189 11.4092 70
-0.352448 4.25802 70
0.749893 -11.0584 70
1.05395 -1.34548 70
0.675738 9.27323 70
-5.84588 6.05746 70
-0.875541 1.47024 70
3.98182 -5.89136 70
-23.9861 40.5526 70
1.1313 10.0887 70
-6.14052 -1.08366 70
5.14599 -6.24655 70
-5.97443 -0.179582 70
-0.321732 0.801711 70
-4.67221 1.03848 70
-5.70298 0.238725 70
-29.6829 -0.493565 70
3.50388 24.2217 70
-5.19124 -1.23407 70
-5.53492 -1.0577 70
-6.45488 -0.640455 70
-6.21428 3.73074 70
-9.68824 1.33861 70
1.4646 -4.42868 70
0.102007 -5.55603 70
4.26346 -0.73596 70
-1.24815 -5.40154 70
-6.13357 6.38277 70
0.530397 -0.835373 70
0.711316 1.27622 70
-16.3384 -6.12695 70
46.4783 16.1471 70
1.47879 -4.40056 70
-0.912696 -25.147 70
1.26309 -24.9764 70
-5.90133 5.8697 70
-4.27927 1.04526 70
6.04951 -9.52261 70
4.24721 8.55648 70
4.72132 0.213276 70
4.95024 0.996579 70
0.137958 6.48741 70
15.8865 -10.3829 70
20.5376 35.5227 70
-0.564824 0.853285 70
14.48 -10.2645 70
0.942812 -6.37416 70
-9.22224 4.50642 70
-0.415323 -6.28003 70
1.41347 15.7262 70
6.27445 -5.04598 70
49.2739 -9.37612 70
1.38835 5.81658 70
0.728772 4.89931 70
-0.498115 4.801 70
0.898083 -0.176888 70
-0.236409 1.04813 70
-0.419183 -1.12527 70
8.63303 5.04329 70
-1.2944 -0.229458 70
1.03414 1.21899 70
-9.71943 -3.85819 70
-8.55001 6.26511 70
44.6112 13.7013 70
15.4029 -5.04484 70
4.75982 -5.77911 70
0.488221 -0.73099 70
-0.230771 -15.6052 70
-4.05178 1.34027 70
-5.87802 1.47612 70
-5.24758 0.297798 70
-5.49556 -1.31845 70
-6.34201 1.17334 70
-0.091215 -4.82281 70
-10.0056 6.01183 70
-4.46697 0.586812 70
-30.361 -59.2038 70
-0.242455 4.47752 70
-9.07519 3.50057 70
-4.36899 -5.33589 70
-6.19828 -10.2162 70
0.929656 -14.7878 70
1.2076 1.07978 70
0.849381 0.662064 70
-5.513 -10.2128 70
-10.6351 -35.7576 70
-10.3405 -36.4032 70
0.475929 0.235289 70
-1.44927 -5.67672 70
0.890406 0.316721 70
-0.512441 5.31604 70
-0.00236284 4.83259 70
1.28165 1.49958 70
6.25902 -0.834112 70
5.48975 1.24539 70
5.53953 0.438354 70
13.8999 14.369 70
-6.33309 -4.60035 70
0.593314 0.306619 70
0.831535 -4.38785 70
-16.1316 31.489 70
-15.5999 28.5193 70
-5.51959 -0.118952 70
-5.23466 9.96986 70
1.26179 -13.6695 70
1.1632 4.08279 70
0.774588 1.00573 70
5.02439 9.85671 70
-5.84529 -9.96137 70
0.798537 0.376222 70
-11.3144 5.3767 70
-4.99736 5.17411 70
-4.48447 5.96651 70
-5.29078 -4.50032 70
-1.16805 0.345409 70
-39.966 -14.2179 70
-6.14502 1.32082 70
16.3838 -4.27781 70
0.26686 -13.9798 70
10.4498 -3.56018 70
-1.46177 -5.02962 70
-5.61768 1.29858 70
-6.38773 1.33963 70
0.616041 -5.95367 70
-5.03013 0.190771 70
-16.1902 -6.25021 70
-4.77034 6.09612 70
-8.85422 4.13674 70
-4.50708 4.88976 70
-24.5048 -14.3902 70
-0.716863 3.5104 70
0.778739 -5.94672 70
-0.201659 -13.9945 70
-0.157789 -0.412332 70
-6.2942 11.1764 70
-5.66172 15.5425 70
1.14076 11.4886 70
0.937089 -0.429923 70
9.855 35.9177 70
-0.805531 4.82366 70
14.7589 -19.4147 70
1.46661 -4.0842 70
-1.04435 -11.3443 70
-4.58175 -1.46338 70
-1.06372 1.38024 70
-0.795164 0.780789 70
-4.78899 4.91102 70
-5.14664 -1.09023 70
-5.9618 -0.588179 70
0.645062 5.6591 70
1.19168 5.99087 70
-4.68915 -5.39712 70
-19.4831 -5.9815 70
0.00234247 -0.0975923 70
-6.42581 -0.235551 70
6.38655 10.0205 70
-1.20847 -0.691809 70
0.00494119 -0.811712 70
-10.1785 35.6358 70
-5.66781 5.73965 70
0.608557 -15.3927 70
3.81889 10.9894 70
-0.213174 -0.624567 70
29.4657 -15.9868 70
-10.4575 -10.545 70
-5.20312 5.32032 70
-5.78136 -20.2435 70
-5.44595 -5.62038 70
25.5403 0.414262 70
0.389496 -1.03148 70
0.879609 0.181232 70
-4.58322 0.125465 70
-0.0961099 6.21456 70
-9.70278 9.95115 70
0.47997 -1.4113 70
0.792631 -1.39562 70
-6.12339 -6.42271 70
-9.48072 -3.95269 70
-9.84517 -5.30476 70
-34.7461 10.8023 70
59.7809 4.91203 70
-5.42301 10.157 70
4.77348 0.035641 70
0.00124706 6.14943 70
-11.4411 -5.45892 70
-9.34777 -4.33264 70
1.01091 -6.38331 70
-5.58306 6.3539 70
-4.89945 -3.70184 70
-9.93442 0.756868 70
-0.982423 0.864613 70
0.585787 -4.66506 70
-5.55201 0.0361501 70
-0.346174 -0.0266904 70
-6.3689 5.61504 70
-4.18517 -0.404281 70
-3.798 -1.04221 70
5.33584 -10.7983 70
-8.67141 -0.576273 70
16.3367 0.782972 70
-0.331247 -3.79531 70
-5.85612 9.46286 70
0.843593 -11.249 70
-6.28439 -0.844615 70
5.35114 4.49294 70
-4.24676 -0.950463 70
4.89346 -0.396744 70
-10.7941 1.48576 70
5.4936 5.06173 70
9.1593 -3.66929 70
-0.599626 -0.0454887 70
0.131929 1.35663 70
-0.0567808 4.459 70
-9.79443 1.08093 70
1.26392 0.987002 70
-0.259436 -0.816925 70
0.557186 -5.8536 70
3.96801 -0.860973 70
-11.43 14.4646 70
16.4452 -9.49229 70
29.5457 -14.4613 70
-1.33605 1.06573 70
-1.1372 1.03473 70
0.566309 0.502706 70
4.10894 8.83687 70
15.6474 35.3438 70
0.328218 -1.01564 70
-5.10801 1.03222 70
0.286014 -0.58381 70
-0.00983949 -4.48588 70
1.23006 3.60794 70
-5.95686 0.7381 70
5.22033 -15.7628 70
1.16961 5.89545 70
-4.46596 -9.27903 70
-16.495 -15.9668 70
-4.96167 9.33536 70
15.0727 6.05581 70
-5.95301 4.90269 70
0.0697876 -0.072308 70
3.52688 -8.9452 70
0.696884 -1.20666 70
-4.04655 0.0794707 70
-6.12446 -4.00579 70
0.259312 -6.39508 70
-5.00707 -0.321323 70
-13.7235 6.44393 70
-10.3794 -9.1754 70
0.53388 4.64797 70
-0.532539 -0.305574 70
10.415 8.61246 70
0.446738 0.385363 70
-15.9651 3.79793 70
-13.7884 4.46533 70
-4.88934 1.23159 70
-16.2271 -1.33559 70
-5.05413 1.40428 70
-44.1699 -59.085 70
3.74068 -3.62489 70
0.776415 0.136914 70
1.06525 -5.9088 70
-4.84702 -0.496108 70
-5.27095 -0.261294 70
10.9371 -16.0271 70
-5.21696 0.0588767 70
-0.542032 -0.698428 70
6.03485 -5.75037 70
9.07178 -0.817457 70
-5.32014 -3.77158 70
5.2234 -0.846834 70
-4.03072 -0.172937 70
-5.06164 1.18805 70
1.10513 -0.962566 70
-20.3754 8.99983 70
-4.42657 -5.61573 70
0.575062 -9.4323 70
-5.27106 0.244305 70
-3.61141 -1.10833 70
-4.09918 1.2537 70
-3.57186 3.97807 70
-4.13215 3.76926 70
-5.98556 4.95345 70
-3.7913 1.10475 70
-59.3267 10.5574 70
-4.90479 5.63809 70
60.8196 -29.0049 70
-4.74106 4.33778 70
-15.4621 -5.27622 70
0.609198 -0.919135 70
-20.1878 49.6688 70
-5.83657 5.02548 70
-3.64267 0.409994 70
-25.0429 29.4024 70
4.56438 -11.4572 70
39.7712 -9.58288 70
-5.34508 0.399609 70
-4.10952 -0.752456 70
-5.70314 1.13284 70
-0.463886 -4.88043 70
0.737764 0.907031 70
-4.12367 0.985147 70
-5.12808 1.347 70
1.05656 -1.22875 70
-0.868221 0.775214 70
15.5436 30.1466 70
0.310578 5.70717 70
-4.31326 -4.58021 70
-0.456157 3.91379 70
1.16511 1.39319 70
-15.9738 5.96388 70
3.56504 -4.77473 70
-5.47895 -0.561197 70
-6.23969 19.5516 70
0.860391 1.31748 70
-6.31482 -0.334187 70
0.791346 16.1384 70
-5.52367 -1.40133 70
30.7008 3.71887 70
-4.5728 -30.4876 70
5.02527 4.47962 70
0.812138 6.46797 70
-0.0936505 0.351196 70
0.780854 9.82252 70
6.19462 -0.734919 70
-0.312621 -25.8035 70
5.75174 6.16316 70
0.282718 -0.452637 70
-0.0934659 -0.865708 70
1.35447 -0.0190904 70
-0.130493 6.37906 70
1.07501 0.692897 70
-5.02904 5.9105 70
-1.38213 6.13809 70
-3.69025 -0.467837 70
5.59892 3.90717 70
-10.2463 -10.8216 70
21.3205 -5.16148 70
5.78037 5.78923 70
-4.36755 -0.903853 70
5.72732 0.286526 70
3.507 1.41968 70
-4.88094 -5.63908 70
5.28193 0.0440034 70
3.51907 -5.73706 70
-4.70155 -1.47465 70
-25.6176 8.75731 70
-4.1055 4.97338 70
-0.0239145 35.4308 70
11.0695 -0.38386 70
-8.87616 -3.65913 70
-5.19733 -0.659635 70
13.8525 -0.371295 70
5.5015 1.33867 70
-0.576281 -0.834737 70
-6.46609 -0.569718 70
-5.98299 -0.905503 70
-0.0588963 0.912896 70
0.514123 -5.80379 70
10.651 0.716988 70
-15.4747 18.7796 70
-6.09448 3.82072 70
-6.10377 3.84959 70
-10.1774 -10.0036 70
-3.83688 5.69364 70
5.58383 -5.39692 70
-4.29806 -4.48555 70
-6.16018 0.523148 70
-51.0175 13.7268 70
-4.91021 9.39173 70
6.12897 -5.89432 70
-4.56671 0.829542 70
-3.88429 -1.36793 70
9.08813 14.4341 70
-0.115596 11.296 70
-3.5573 0.489897 70
-3.79358 -0.443606 70
-6.32455 0.189121 70
-9.25981 21.2962 70
-15.1627 15.1345 70
-9.16521 1.47931 70
-1.09558 -1.01913 70
5.83269 6.38148 70
5.18144 4.65395 70
3.96241 3.9897 70
9.97518 -11.1519 70
8.63797 16.1677 70
-10.2163 1.06284 70
1.21627 -5.24025 70
15.7621 0.0708327 70
-3.83587 1.00765 70
-6.48082 0.403209 70
6.36175 -6.13073 70
-0.600214 -0.100322 70
-0.925166 1.04323 70
-11.2344 -4.13902 70
-0.701693 4.20604 70
-0.308581 -10.3701 70
0.677918 -0.436687 70
-4.10032 3.65278 70
40.2591 -19.1992 70
-8.91436 -21.0039 70
-15.1086 -10.8027 70
3.82465 6.38608 70
9.45856 -4.56472 70
9.91106 -0.83216 70
-5.0297 0.996507 70
1.49921 -0.413546 70
-23.8205 1.37569 70
0.280014 -0.256564 70
0.163351 -1.03954 70
0.381849 5.50565 70
-5.80414 -9.25131 70
1.48887 5.11324 70
-10.3464 -9.42962 70
-9.15644 -9.01249 70
-0.437818 -0.587696 70
-0.594024 -8.73971 70
5.8018 0.193449 70
51.0202 45.4455 70
-0.626125 0.515508 70
-8.84307 -4.59061 70
-5.88267 4.05633 70
-4.41101 -0.0369316 70
14.2038 -3.93339 70
-5.50138 6.3887 70
0.696844 6.37455 70
-4.00691 -9.69704 70
-5.19879 -11.4939 70
6.10823 0.851826 70
0.0138168 0.280738 70
5.29489 -0.23317 70
20.0385 -9.94554 70
4.66686 1.24734 70
0.966823 5.50355 70
-4.36448 0.351853 70
-1.26105 -10.7712 70
-4.73857 6.25975 70
0.4786 -1.36006 70
-1.34957 5.69708 70
-5.36061 5.88426 70
-0.456424 0.137929 70
4.33803 -5.9276 70
-4.78002 10.9551 70
-6.0352 1.00468 70
-5.13194 -0.436084 70
-41.1468 -40.9035 70
-23.5116 40.6127 70
-10.5426 -10.0358 70
4.95612 0.938194 70
-6.28454 -30.3561 70
-6.11882 8.6917 70
-4.99859 -3.80078 70
-0.751241 -0.749101 70
6.1145 -4.38175 70
-0.98843 -4.98955 70
-5.12541 -6.41445 70
-5.9771 0.782253 70
-4.99789 9.50461 70
-0.544466 -3.76072 70
-9.80565 0.964611 70
-1.07647 -0.329058 70
3.6146 -15.0547 70
-1.47529 -19.438 70
0.295541 -5.36653 70
1.06123 -9.37234 70
-5.27357 5.23193 70
-0.933338 0.202756 70
-25.8266 26.4879 70
1.29733 0.868344 70
-6.35927 -13.8763 70
-5.92077 -0.249981 70
0.130362 0.940167 70
-3.68668 -0.402231 70
-1.10678 -0.448216 70
0.849043 -11.2293 70
21.088 56.2922 70
-11.3533 4.73646 70
-21.0535 10.8733 70
-21.0433 11.0566 70
3.93466 0.842076 70
0.285304 16.4027 70
6.194 -3.91341 70
6.1009 0.416192 70
20.3069 -8.63146 70
-0.48199 -0.32829 70
16.0374 13.7425 70
4.6801 -20.1573 70
-0.418305 -3.85486 70
16.1743 6.14462 70
-0.133924 -1.47134 70
0.373057 5.65012 70
-10.9952 4.58789 70
6.3894 0.620992 70
-3.50645 5.7673 70
18.7375 26.4448 70
3.94029 -0.539798 70
4.55037 0.3634 70
-30.944 -21.3679 70
3.74417 4.24726 70
-6.00747 4.10766 70
-15.2519 4.59152 70
9.7704 9.80972 70
-0.166484 -0.23214 70
-4.07387 0.735918 70
-5.46491 -6.08837 70
-0.608279 -5.01725 70
-5.9861 0.974087 70
-0.224265 -5.65061 70
-5.182 -0.372817 70
-1.48936 -0.869603 70
-40.2337 -13.65 70
-38.7495 -13.9697 70
-5.89007 -0.447728 70
1.48341 0.210528 70
-4.70378 -0.162355 70
3.63946 5.51445 70
-5.24351 -0.684303 70
-5.53048 -6.42296 70
0.391103 -3.82043 70
-3.71836 -0.421063 70
-6.26737 6.49058 70
-0.271737 4.89908 70
-3.5438 -4.72628 70
-0.280034 -9.3255 70
0.0104238 -6.02917 70
-3.71694 -9.9702 70
-4.7076 -5.35537 70
0.177671 1.05594 70
0.311331 0.803799 70
-9.37423 -4.26269 70
10.8213 10.8084 70
-10.9305 3.7922 70
-10.2488 10.0737 70
-10.0683 0.107132 70
0.622273 0.155438 70
10.888 -4.49312 70
9.34273 -3.64237 70
-4.93053 -10.5284 70
0.285256 0.989605 70
-4.47209 8.97349 70
5.17758 1.11415 70
-6.45807 3.62195 70
15.0867 -25.0067 70
-0.789664 6.33258 70
-5.81538 -6.16008 70
-4.54726 0.737191 70
-0.329373 4.68411 70
10.1147 30.2114 70
-24.3892 0.582058 70
-5.87752 -4.75336 70
-11.0602 3.53371 70
-1.4406 -0.123029 70
-5.50821 1.48543 70
4.84335 0.858779 70
1.1654 11.0452 70
-4.00679 1.13821 70
10.4583 13.5295 70
-5.82814 -9.50462 70
-10.8182 -11.1552 70
0.606406 3.84597 70
0.635011 -10.2472 70
0.756212 -5.82595 70
-3.84042 -4.58235 70
-0.811971 0.366197 70
-0.0837705 -0.984853 70
14.5732 13.9063 70
-6.43866 0.739992 70
26.0935 -60.3219 70
4.03022 5.92658 70
-5.98078 1.4344 70
-0.857522 -8.93012 70
-9.04216 4.34319 70
6.225 6.38728 70
-10.4788 0.182744 70
-0.748253 5.00338 70
-0.254828 24.5494 70
-1.49245 24.9457 70
0.213753 -4.25519 70
20.8039 -5.13043 70
-1.10883 5.7324 70
0.511342 0.640533 70
-0.933649 4.78432 70
-15.8352 40.6731 70
-15.9535 40.7926 70
4.85159 5.74795 70
19.3529 0.883043 70
-4.38295 -4.23606 70
-0.451483 0.907031 70
1.11747 -0.0759164 70
-0.446021 -21.3085 70
-1.46056 5.71794 70
-6.44065 1.23987 70
51.4557 20.335 70
1.14443 -1.36673 70
-4.81507 -0.501059 70
-1.42384 -6.40772 70
0.589535 1.3836 70
-9.01243 -5.77182 70
10.9099 -0.727978 70
5.27767 0.713806 70
-4.60941 -0.0485272 70
-5.15833 9.54831 70
-0.627368 4.35036 70
0.928844 1.46062 70
0.461327 -0.737393 70
-9.32683 -0.883949 70
8.81802 29.2048 70
14.0058 15.7496 70
6.44399 14.2428 70
-5.79473 5.56519 70
-0.168209 -1.40148 70
-0.894635 -0.72512 70
-0.386021 -0.472335 70
-0.651512 0.11284 70
-11.4228 -10.4089 70
-0.794888 -0.780015 70
-9.12542 11.1802 70
-10.9857 8.59598 70
-35.9741 4.17764 70
6.04497 1.09431 70
-3.75972 -4.1526 70
1.10024 1.16562 70
-30.199 11.1995 70
-3.53066 -1.41051 70
-5.5616 19.5482 70
-5.81687 0.543776 70
-1.28569 -1.30014 70
1.44462 1.29786 70
-1.32531 -0.0193051 70
-0.215651 0.550781 70
10.1858 -24.2301 70
-9.93432 -24.5297 70
-0.488046 5.42324 70
0.470399 -0.68653 70
0.605452 0.298527 70
0.0979694 3.71486 70
-5.98201 3.81605 70
-0.6548 -8.53999 70
0.975868 6.44413 70
-3.88047 -4.48336 70
-1.39532 -0.179452 70
0.0613542 4.01612 70
-10.258 -4.15376 70
4.49005 -5.79117 70
-5.62583 0.472081 70
-3.63814 -5.42365 70
-0.0518199 -0.9885 70
-0.7133 0.703016 70
-0.514824 1.20461 70
-15.2136 4.64583 70
5.32843 -15.7787 70
-1.26468 3.92657 70
4.13875 0.831608 70
5.75096 -0.154639 70
5.53207 -1.20688 70
-1.3164 0.536753 70
0.985013 5.73472 70
-0.648001 0.587818 70
-4.88666 4.59661 70
0.942428 0.799351 70
-6.41289 1.46319 70
8.53049 -5.4606 70
-0.822638 5.06454 70
-0.736668 -4.13245 70
0.245449 -4.0693 70
-1.05285 -5.22536 70
-15.929 -10.2063 70
-0.906423 -3.76897 70
-13.9822 1.23019 70
-3.68761 -0.28606 70
-10.6163 -25.1489 70
0.914922 -0.711383 70
-4.70632 -0.222954 70
24.4332 39.0845 70
-4.37501 1.31845 70
9.16156 -5.23507 70
-50.1535 -49.8506 70
0.426617 0.47057 70
-10.1214 -14.2971 70
6.3822 -6.02918 70
1.16272 -0.574971 70
-6.39884 11.3505 70
11.364 -5.72557 70
5.72885 0.550039 70
3.98838 -0.484144 70
-19.204 9.5711 70
-11.2318 0.281957 70
4.43713 6.17184 70
0.0687595 -0.0494969 70
-0.482778 -0.697205 70
-0.920917 -4.75076 70
-5.08586 -1.02326 70
1.2105 6.09473 70
-10.6756 -14.3254 70
-6.4693 0.968477 70
-6.04726 -0.804053 70
-16.2257 0.0664142 70
-0.137182 11.0471 70
-3.50303 -6.17912 70
5.68345 0.131284 70
-6.2763 -4.2407 70
-3.55732 -3.96277 70
10.0801 -4.55939 70
0.657798 0.385376 70
0.476879 -0.142016 70
0.388609 -1.13287 70
5.47012 -1.14278 70
-0.300591 -0.24331 70
1.06724 -1.23665 70
-3.77347 1.04201 70
0.750374 -6.33226 70
0.205441 0.589877 70
-4.22587 -0.127088 70
0.680781 4.54956 70
-0.708698 -5.2734 70
1.24543 1.31911 70
-5.09095 -10.3076 70
-6.12983 -9.25015 70
5.32956 9.35041 70
6.3001 0.274849 70
-1.03603 -19.6427 70
-30.8684 -10.798 70
1.16461 -1.32696 70
-5.04157 -9.38794 70
0.0856051 4.7315 70
-6.26079 4.63559 70
-6.37624 -5.16721 70
5.25851 -0.553358 70
6.05762 -6.36881 70
0.255042 -4.92978 70
11.1924 10.486 70
5.90263 -0.194243 70
0.398533 -4.67888 70
4.74971 5.23098 70
1.07039 -1.18888 70
0.130212 -0.818101 70
-0.380035 1.04432 70
-9.71729 0.369567 70
-0.18939 -4.95706 70
-4.45475 0.0866531 70
-9.58499 5.55844 70
-4.80006 0.686243 70
10.4316 21.4129 70
-0.213927 0.470441 70
-59.8426 4.95609 70
-4.16319 0.698233 70
-3.71359 -3.94385 70
-0.156583 -5.89599 70
0.859669 4.09259 70
55.7349 44.0195 70
-34.7288 -24.269 70
-28.8445 30.7149 70
1.46481 1.08058 70
-0.327466 0.946334 70
-5.08241 -5.77836 70
0.837736 -0.891237 70
-4.32443 -0.399744 70
-4.21468 1.28016 70
-4.75341 1.1887 70
-10.2384 1.0526 70
-6.39358 -4.55432 70
-5.50132 3.69794 70
-5.24517 -4.37026 70
-1.35289 0.762402 70
-1.23355 -3.65416 70
-4.28131 5.46649 70
-6.11936 4.84903 70
-4.31731 -40.8856 70
-18.5135 -5.40299 70
-1.43254 0.700913 70
-0.923038 0.299084 70
-4.78818 -0.65291 70
-4.71077 1.34622 70
-0.882417 -1.12034 70
10.311 -6.08391 70
5.9024 1.29726 70
-39.9854 8.54676 70
-0.462599 3.52431 70
-5.44151 6.3282 70
29.8486 26.4488 70
0.860945 -1.02454 70
10.8298 -8.92136 70
