-1.06149 5.71112 70
4.79596 -1.43841 70
0.132012 3.91576 70
-14.0813 -50.5696 70
-1.13095 3.51631 70
3.61438 6.09485 70
0.789042 -0.26799 70
-5.99014 1.21654 70
-0.295126 -14.0966 70
0.257711 -14.5008 70
0.602107 -15.012 70
-15.5368 33.7085 70
-0.673235 -1.33609 70
-4.02571 -6.37572 70
1.02172 4.91432 70
26.3374 0.463591 70
5.29463 16.0566 70
-0.275274 4.3695 70
5.10128 -0.931467 70
5.68518 1.33006 70
4.33779 -0.823392 70
-4.53118 5.15186 70
0.986501 5.9202 70
5.60939 5.02577 70
10.9022 4.76872 70
-4.81629 6.27414 70
9.59013 5.2769 70
-1.38749 1.47119 70
-10.0016 -0.976533 70
8.58059 5.7824 70
4.79733 -0.986947 70
6.23161 -1.1783 70
13.7512 5.87383 70
5.85316 -1.03711 70
8.99903 6.04692 70
-5.28686 3.63344 70
14.5912 25.5176 70
4.65337 1.34729 70
19.1636 41.364 70
4.18272 5.72421 70
6.20617 5.94222 70
-0.572586 4.37216 70
20.1949 -8.59126 70
-15.5744 -45.5871 70
5.60973 4.13951 70
5.91453 -4.73471 70
3.51415 4.85101 70
1.37194 -1.15395 70
6.18784 3.50211 70
-0.768345 -0.7454 70
10.9621 1.47218 70
-0.850496 3.83061 70
0.892943 0.627367 70
0.805196 0.633688 70
-0.398976 0.0425982 70
-0.216984 -5.22023 70
1.06553 19.3642 70
5.25284 4.17672 70
8.65483 10.0818 70
5.88355 -1.027 70
-6.49221 3.79918 70
-14.1647 -4.68844 70
0.732579 1.20882 70
0.725545 5.71584 70
9.3556 4.2488 70
-9.09296 3.71121 70
-0.0925181 4.13563 70
-4.38858 0.663665 70
-6.30102 -0.96605 70
0.675935 0.356409 70
0.715508 3.79509 70
6.18874 -3.89276 70
3.86361 1.09768 70
0.421953 4.83216 70
4.04369 1.2155 70
-4.60147 5.00584 70
0.401255 1.1505 70
44.4178 -34.1357 70
6.30259 -5.17246 70
5.74481 -1.09693 70
-1.26646 -4.04114 70
20.2418 4.89803 70
-9.38171 -25.8479 70
-9.18489 -25.8023 70
0.811783 4.99144 70
-1.10747 -0.0112101 70
0.997969 -1.46398 70
5.17634 1.48917 70
-0.760463 -1.40647 70
18.8097 -4.32795 70
5.24408 -1.29577 70
5.90706 1.37322 70
9.97199 9.57875 70
5.55017 -24.9276 70
6.42103 -0.549818 70
4.82916 4.75679 70
-10.5594 10.1785 70
5.0926 0.229249 70
1.32235 0.532386 70
-0.638679 -1.118 70
0.749086 -3.87005 70
-5.31462 -4.65765 70
6.39385 6.31834 70
0.567524 4.16032 70
0.00186518 -0.880478 70
5.81565 4.37032 70
-10.8103 4.30515 70
-0.565912 4.23837 70
-31.1612 -8.76915 70
5.92899 0.270892 70
4.24766 -5.08187 70
-0.352126 -1.1882 70
-10.2787 5.9319 70
-1.12355 5.55116 70
-0.748025 6.39807 70
0.724517 5.247 70
6.12011 -1.16563 70
-0.579601 1.22251 70
23.5822 15.3942 70
4.49938 0.0923377 70
5.83349 -0.030301 70
10.3075 8.53969 70
4.20315 0.174947 70
-1.24957 14.4839 70
0.244405 4.12914 70
11.2853 -5.69901 70
-0.109186 -14.6266 70
4.3493 29.0572 70
3.92267 1.30681 70
3.7109 4.08469 70
0.229046 1.03654 70
1.44371 3.65279 70
0.353023 4.84779 70
5.77057 0.43146 70
3.55206 5.55251 70
1.04953 14.574 70
0.84704 4.11403 70
-4.16873 0.289283 70
-3.92305 -50.1771 70
-14.6475 20.4768 70
5.26963 -0.6869 70
6.15984 0.935862 70
8.88673 29.4492 70
-1.15072 -4.6904 70
-3.76564 -5.40928 70
9.73163 3.70733 70
4.21823 -0.0167265 70
5.5751 1.28523 70
-1.07006 -0.550631 70
-18.7492 5.90992 70
-8.91276 -10.6947 70
1.48985 6.0889 70
-5.01029 -0.346414 70
5.01846 -0.841327 70
-20.7508 -6.47107 70
0.527806 -0.111754 70
6.34922 -6.34902 70
0.258952 1.27783 70
4.66572 5.98866 70
3.62067 -3.77976 70
1.02163 -1.12149 70
8.81201 -0.818597 70
-15.1105 6.13942 70
-1.4158 0.539431 70
3.64721 9.0858 70
10.3832 -4.67945 70
0.39764 1.42116 70
-1.33831 44.5965 70
9.78118 -3.9053 70
4.03828 -4.71964 70
4.58403 5.10499 70
30.75 14.7399 70
-1.06633 0.194809 70
6.1068 4.67912 70
6.37239 -4.91795 70
4.58608 -1.48056 70
10.9238 -4.72497 70
-0.7649 10.3347 70
4.82659 4.71952 70
54.301 -14.7205 70
-1.12641 1.2387 70
0.672326 4.45226 70
9.19609 -0.0144027 70
4.26871 6.13029 70
14.0659 -5.82085 70
1.21084 -0.44491 70
-5.96792 23.9987 70
6.25605 5.7914 70
3.69324 -1.01534 70
-25.0003 -34.907 70
4.65634 6.31961 70
20.362 -5.887 70
20.8402 -6.01049 70
13.6791 5.95136 70
0.962042 4.36878 70
8.92503 9.39827 70
23.5377 19.1035 70
-28.5857 -16.4032 70
-9.61939 -31.4496 70
4.49674 16.3595 70
5.27785 -1.32567 70
5.06522 0.0397695 70
-6.36602 4.77515 70
34.3387 -9.61401 70
9.25485 -15.1653 70
6.40587 -0.637505 70
11.4214 9.58981 70
9.11184 5.49498 70
4.24408 0.734329 70
9.75328 -3.54559 70
-10.9058 14.0884 70
-14.0074 0.909742 70
1.09806 -5.72143 70
-0.103451 -4.351 70
-14.8971 -5.85486 70
-39.2653 -49.6487 70
1.16387 -0.43123 70
15.1387 4.88176 70
5.61118 0.270406 70
6.06588 6.46267 70
20.5285 58.5521 70
36.2358 -10.384 70
34.8366 -10.1709 70
-19.7356 21.1989 70
4.0086 -1.24064 70
9.23531 46.1277 70
6.35209 6.45618 70
8.6522 0.33017 70
3.64216 4.66767 70
-5.85112 5.4289 70
-1.47895 13.5558 70
-0.286259 6.31935 70
0.643053 6.1458 70
-4.45328 10.5114 70
8.89782 9.50519 70
4.45191 5.54098 70
-0.465057 -0.652358 70
16.4472 -5.69812 70
-0.173425 -0.0186719 70
-1.05255 -0.683935 70
10.195 0.476946 70
0.902469 -10.9599 70
-3.57642 3.92385 70
0.939928 -4.73078 70
9.57062 -0.791394 70
1.08649 -6.00294 70
-8.83072 0.561803 70
6.31467 -0.924841 70
-4.62113 4.23129 70
1.06532 -0.857026 70
0.0412152 6.05543 70
-0.134539 -9.82351 70
5.01788 -40.0672 70
0.545389 -11.3474 70
-0.545731 -9.09969 70
4.06358 6.17178 70
0.811848 3.93943 70
14.1069 -1.10036 70
-0.275275 1.11415 70
19.9697 -30.2207 70
-5.27484 3.79918 70
1.39838 -4.40073 70
-0.637495 -3.71831 70
5.85877 0.357562 70
5.4571 1.08125 70
5.34143 9.01789 70
5.41214 4.97345 70
-0.00806916 3.50098 70
0.0335513 5.29643 70
-0.728959 0.0753362 70
-1.47193 0.869404 70
-1.13229 4.97686 70
-0.276335 5.86622 70
5.18286 5.74669 70
5.53825 5.31329 70
-3.62381 18.9462 70
-4.34818 20.649 70
3.76446 -39.9161 70
0.29546 6.41362 70
0.64401 4.31482 70
4.12924 4.5406 70
-25.6723 -4.62572 70
-33.8822 -13.52 70
-19.9866 -9.59758 70
-1.04246 4.7588 70
0.387434 4.71823 70
-0.817492 0.793294 70
1.09242 -3.59991 70
-6.19661 13.9569 70
-34.2287 -18.7305 70
6.01293 0.314166 70
6.32965 0.360883 70
-5.81389 -34.3563 70
14.4046 5.65184 70
-1.22162 6.21756 70
-14.6695 4.77999 70
-13.5745 -9.50575 70
-4.40887 0.474591 70
-46.4816 15.5286 70
14.2799 5.47642 70
5.35993 -1.324 70
-0.439237 1.48775 70
-3.90754 -1.37882 70
19.7346 1.48644 70
4.38177 -10.451 70
4.36648 -10.3099 70
16.4477 23.994 70
-3.7372 -9.90439 70
-5.19366 5.70636 70
1.43871 0.146631 70
4.97618 8.74749 70
6.27027 -0.500465 70
10.6005 -9.31213 70
-4.13519 35.9591 70
5.39644 10.8701 70
4.29908 3.86625 70
-1.23342 -10.9124 70
-0.0435656 0.296404 70
-0.5992 4.42117 70
16.2607 13.6097 70
-1.34872 3.54025 70
0.857735 -0.07906 70
24.0289 -23.8855 70
-0.314167 6.37574 70
-5.35338 3.87556 70
-3.98011 6.2573 70
9.52048 9.44364 70
3.87238 -1.28487 70
1.02383 -0.186222 70
0.0330424 0.164819 70
9.88236 -10.9701 70
13.8781 14.5532 70
0.611359 -21.5 70.7288
-5.19531 1.15597 70
-3.91103 -6.15831 70
5.59843 0.599061 70
-48.7228 -14.5421 70
0.449006 0.963256 70
-0.35219 -0.975715 70
5.0298 10.6515 70
0.0887982 8.64751 70
0.711203 1.26044 70
4.76727 6.41208 70
-0.361846 -0.564724 70
0.94823 -1.00282 70
3.67085 1.19308 70
-54.1493 34.3638 70
20.0401 -20.3335 70
3.92636 9.00606 70
4.82073 0.218118 70
8.96628 6.21471 70
5.3031 15.8608 70
0.273365 4.47278 70
-0.879157 5.66 70
5.61797 3.65792 70
-11.166 4.8795 70
-20.6798 -28.916 70
-19.8504 25.8995 70
-0.511902 0.155848 70
0.569736 0.556467 70
-15.3698 -19.6385 70
14.1323 3.7269 70
4.42814 1.47172 70
-3.52704 -3.55868 70
0.700855 -0.94927 70
-5.1035 9.19071 70
-0.964801 0.452572 70
6.19455 -6.37327 70
4.13935 -6.38157 70
4.07392 -4.73036 70
6.10298 -19.759 70
1.18558 0.290893 70
-45.3818 -9.95394 70
-6.31871 -5.54131 70
-11.0715 -24.0278 70
-1.17167 9.11396 70
0.593305 14.6112 70
4.37659 -4.2087 70
-0.127203 5.47235 70
0.765334 -1.41525 70
1.05565 0.607951 70
3.97072 4.78324 70
-10.8327 -40.0384 70
-5.09077 6.199 70
4.14329 -0.0590674 70
6.41036 -0.854997 70
-0.125745 4.31268 70
4.29341 4.45092 70
51.3813 19.2256 70
5.40866 -6.04011 70
-9.98599 10.3165 70
1.16724 15.4179 70
-41.0525 0.713744 70
3.72458 10.6453 70
5.38256 -1.33316 70
-1.2088 -0.702519 70
8.70988 -4.10294 70
4.52029 1.33504 70
-0.475854 6.25163 70
-1.2534 5.43945 70
9.64753 -3.89418 70
9.31093 3.92319 70
-4.02812 13.9186 70
-3.61117 14.8263 70
-16.368 9.79809 70
4.43363 -0.182797 70
-0.396994 0.196649 70
6.47873 -15.8177 70
-6.0985 13.9228 70
-0.142867 8.79463 70
6.15931 -14.718 70
1.12184 -24.5478 70
-39.9362 4.40933 70
0.802269 0.153647 70
-1.30946 1.06092 70
26.4279 25.0417 70
14.5573 -0.303976 70
4.40186 -3.71616 70
10.1076 -0.517198 70
3.77118 11.3363 70
-23.636 -29.272 70
4.67187 -0.449025 70
-0.468363 -0.063569 70
-8.80759 -16.1087 70
3.92499 1.44799 70
4.05875 1.17348 70
1.10059 -5.5488 70
0.911392 0.968877 70
-11.4683 9.03149 70
13.916 -0.196651 70
-0.0497815 4.42018 70
0.712117 -1.33056 70
6.30877 -0.163252 70
11.4969 1.32044 70
4.92973 0.404826 70
0.0244299 11.2115 70
-0.945063 9.98258 70
-1.38883 28.6778 70
3.6403 0.46461 70
-6.29095 5.33481 70
0.955884 0.771686 70
5.4192 0.446004 70
-15.2897 -5.85446 70
-39.7826 13.5486 70
-5.63127 -1.46701 70
5.53503 4.65789 70
-4.87769 5.49534 70
-10.507 6.39919 70
-0.511317 0.755617 70
5.05521 -5.31433 70
5.88437 10.309 70
1.4862 1.26483 70
1.25069 1.46003 70
14.6474 9.45741 70
-1.43568 4.95435 70
-0.321188 5.72459 70
1.32784 4.998 70
13.7664 -23.8121 70
-4.70057 -5.15498 70
-1.05254 -0.188857 70
3.54846 1.41855 70
0.419859 6.1406 70
9.91045 0.399515 70
5.79958 5.73192 70
-4.37712 4.46537 70
-5.91903 5.03857 70
5.48896 1.22475 70
-0.761802 -0.445745 70
-0.787474 -1.33443 70
-0.798115 -0.293473 70
6.02851 5.04002 70
0.446295 -3.59331 70
-5.43814 -0.833169 70
1.24705 -1.19825 70
-4.11206 9.89484 70
0.683562 -0.399228 70
3.73728 -0.674987 70
10.2768 15.6889 70
5.08467 14.4301 70
-5.18593 18.6208 70
-3.87165 19.5368 70
4.93487 -5.74846 70
25.653 -21.2293 70
10.2725 -0.484634 70
5.82612 -0.767503 70
-1.13846 0.514537 70
-20.8126 10.2978 70
5.83851 -0.413568 70
0.678522 5.99555 70
-1.30622 -0.0774089 70
5.93283 6.26816 70
8.62473 -5.10758 70
4.87613 3.94094 70
5.91237 -0.461543 70
5.984 4.15311 70
4.04061 4.774 70
-1.36201 -10.0231 70
6.20017 0.839882 70
3.95058 -1.33557 70
-10.4005 11.4919 70
3.7385 -0.859176 70
8.54769 15.4639 70
15.9078 -13.5754 70
4.50658 4.25765 70
-4.55034 3.92892 70
3.84861 -0.889965 70
11.2786 11.1982 70
8.50211 -1.24402 70
-0.707364 9.65064 70
9.56545 5.55035 70
5.94131 0.653325 70
4.48786 6.37193 70
-9.22869 49.6695 70
3.66276 -1.4785 70
4.08257 3.92026 70
1.32946 4.97092 70
3.95805 -5.59611 70
8.52743 0.609181 70
4.67866 1.40894 70
9.82455 1.40298 70
9.99039 1.3104 70
-0.141114 4.62916 70
-1.38244 5.64036 70
5.69498 5.67888 70
-1.47293 11.0243 70
-0.193129 9.46514 70
-0.490326 4.33244 70
5.88099 -0.142511 70
-4.47648 -4.77078 70
-4.846 0.507007 70
11.3776 10.0857 70
8.88618 -0.865479 70
9.57141 -0.192062 70
0.843532 4.1025 70
4.65529 0.326048 70
5.98885 4.70688 70
5.31061 -1.42868 70
5.66662 0.677029 70
0.461725 5.03784 70
-1.15636 -0.115093 70
-1.3597 4.56018 70
35.2116 -13.6206 70
0.22886 0.696009 70
19.5214 9.32555 70
-6.40739 15.9639 70
23.5957 -34.9968 70
3.91698 4.6424 70
-3.71347 8.68219 70
4.52405 -6.2488 70
1.48749 -4.6089 70
-0.351767 6.33912 70
-4.90971 6.29706 70
-3.71299 -0.979421 70
-1.21664 -0.0548963 70
14.5651 5.75466 70
0.175156 4.76806 70
0.876565 1.30325 70
0.953526 20.1276 70
1.08423 -6.21379 70
-0.209407 0.0296224 70
-10.1644 14.7602 70
5.44436 1.20627 70
21.3327 -5.20899 70
19.5165 10.7291 70
31.1164 16.2795 70
6.233 4.79316 70
-1.37687 4.8503 70
6.22046 5.10857 70
0.520393 0.529604 70
5.13259 -5.42309 70
-15.5036 4.16003 70
0.212804 15.5828 70
-0.0379709 0.977708 70
11.4206 -0.288709 70
15.1235 5.25875 70
1.39473 5.06736 70
-24.2289 -5.33711 70
0.0501035 0.760271 70
4.45724 -0.935456 70
-1.24289 4.55697 70
1.4198 -1.41072 70
1.49052 -6.09246 70
4.45493 4.16394 70
-1.16224 -0.97734 70
9.57402 14.3044 70
6.17064 1.47635 70
3.86816 -0.0245816 70
-6.45095 -0.152494 70
-1.26402 -10.27 70
1.24736 -9.57121 70
10.4355 9.78579 70
-19.8866 25.5129 70
5.5303 4.46307 70
-0.923097 -5.52142 70
-3.80899 6.47102 70
-0.967023 -0.702123 70
0.958345 5.33618 70
19.8464 0.859863 70
19.5383 4.87946 70
4.3606 0.385418 70
4.47733 -1.34593 70
4.37364 5.23495 70
0.311906 3.67437 70
4.53235 -0.172601 70
-0.192331 3.65408 70
44.0782 15.5148 70
-1.08679 -0.927101 70
40.1139 -4.38813 70
4.85219 0.298911 70
8.9635 -0.994487 70
0.425889 0.24247 70
6.44888 -0.80373 70
0.619375 4.49124 70
5.76144 -0.642406 70
0.752352 5.4088 70
14.6121 4.71088 70
9.34278 4.82162 70
-0.298088 -4.69478 70
-10.5021 0.984109 70
-3.91571 -0.185026 70
23.5308 6.11593 70
1.42151 -10.5154 70
-0.068162 1.37706 70
0.443438 13.7359 70
0.535866 4.36755 70
0.839842 4.23711 70
-0.733485 -0.852198 70
0.563621 -5.27958 70
5.29587 10.7853 70
-0.575548 1.25981 70
-0.613985 0.780591 70
-4.59515 8.70529 70
15.9827 -0.393373 70
-0.311915 5.65131 70
4.11826 9.5561 70
-34.691 21.4016 70
4.33341 -23.8929 70
5.4976 0.463608 70
-3.91002 -3.77556 70
-48.5344 34.5691 70
-6.25249 8.75462 70
4.03847 18.749 70
5.76093 -0.578668 70
1.38481 8.56879 70
11.0002 4.97095 70
5.05425 4.49625 70
5.79662 6.02314 70
5.31708 -0.990942 70
8.99324 -10.7693 70
-3.98068 5.96379 70
-0.712701 -4.61105 70
15.975 9.43115 70
4.41797 -10.9195 70
4.04079 -3.55017 70
0.890642 10.8219 70
5.74294 3.70938 70
-1.19647 -0.215106 70
4.46842 1.205 70
9.65577 -3.6196 70
36.0913 9.15241 70
-5.6298 -4.74837 70
1.47398 1.18064 70
1.47455 4.00333 70
-16.3292 9.40456 70
15.6564 -4.24537 70
14.0627 -3.62027 70
5.82908 0.577636 70
6.49914 -0.611163 70
3.70564 0.102516 70
-55.0959 -31.4772 70
3.72072 0.46631 70
-4.96464 6.3426 70
10.6278 1.38755 70
-0.93349 -4.76286 70
0.026091 -0.864231 70
6.0148 13.8731 70
-26.0948 -23.8109 70
-4.9163 1.37917 70
0.0641351 3.79782 70
6.15358 5.03999 70
0.0509673 5.0446 70
0.582853 11.2839 70
-4.84039 -4.60127 70
11.4233 29.7102 70
-0.268363 -1.2221 70
0.740633 1.05674 70
6.30839 28.5811 70
4.12534 29.4793 70
15.1365 -5.72802 70
9.40063 -19.362 70
10.0479 -0.0292258 70
4.66507 4.43074 70
8.8761 0.495272 70
3.58877 0.65161 70
5.49304 -15.3647 70
1.30661 15.7762 70
1.34059 -4.64627 70
-1.21856 5.25476 70
0.00206818 9.09576 70
-5.41358 1.36726 70
-0.575196 3.64178 70
0.25052 21.4859 70
-0.387647 -0.0244453 70
4.42324 0.999302 70
4.47122 -0.696322 70
53.5844 -43.8921 70
0.51981 3.9687 70
10.7616 -0.00956133 70
-5.02851 -0.422121 70
3.7195 -1.08165 70
-0.789828 20.1055 70
10.857 11.0739 70
-0.228055 0.290486 70
15.8215 0.12912 70
6.42722 -1.17111 70
-0.163356 0.383417 70
-0.604334 0.61002 70
1.35367 8.6662 70
-15.2117 15.3071 70
0.406825 -1.39827 70
-0.749771 0.361117 70
-0.164796 0.307398 70
-3.8452 6.35952 70
10.0876 -6.35712 70
-4.2225 -6.41258 70
0.160723 -3.60411 70
-1.1919 -4.02306 70
10.2418 -1.12372 70
-0.59982 5.68583 70
9.92727 5.526 70
-5.54275 -15.2911 70
10.528 8.93413 70
5.65301 -5.78208 70
-6.12074 -4.54286 70
19.6601 35.3094 70
3.94125 -4.04446 70
0.623146 3.82595 70
5.4962 5.72585 70
-6.39874 8.57994 70
0.963317 5.86545 70
5.00137 -1.12545 70
5.02311 0.0794884 70
4.12529 0.802774 70
0.551016 0.912018 70
0.980716 8.68027 70
-1.24731 4.63546 70
3.94575 1.13115 70
-0.56907 6.02971 70
15.9895 13.9184 70
10.4067 20.946 70
-3.5033 4.30472 70
5.95645 1.16117 70
-0.515491 -0.62897 70
3.74088 0.154164 70
11.3773 0.466096 70
8.9182 -1.29219 70
-0.264867 -1.22487 70
-1.39452 10.4149 70
0.458794 4.77793 70
0.591906 8.82217 70
-1.03888 19.9225 70
6.0469 0.455511 70
-9.45377 -26.06 70
6.12851 5.09679 70
1.25858 5.90412 70
6.02391 1.29388 70
25.321 20.0476 70
-14.7118 9.65578 70
-1.2732 0.917736 70
0.48811 1.02642 70
4.91894 0.716916 70
6.29204 -1.00854 70
3.85994 -1.00752 70
6.19818 -4.46166 70
8.72506 13.7171 70
20.1772 -39.4694 70
-1.46857 -4.91202 70
-26.0536 29.602 70
14.1158 0.634008 70
-1.2551 3.86972 70
4.19541 -4.51856 70
5.04959 -1.13068 70
0.169921 -0.712231 70
-1.12777 -1.35221 70
9.79454 -5.07101 70
15.2471 25.8697 70
-0.667887 6.20262 70
20.134 -9.36884 70
5.07135 -4.14096 70
-15.7163 14.2072 70
-1.05792 -3.89777 70
4.98088 11.0973 70
9.70052 -4.96593 70
-5.5297 6.49648 70
-5.41185 5.90275 70
-1.49881 1.1473 70
5.37148 0.794342 70
6.41133 -0.110658 70
-0.5696 -4.70954 70
3.55333 0.25731 70
0.807916 -1.18137 70
5.63446 1.29836 70
-5.8556 5.46119 70
3.75717 5.71039 70
0.450619 1.2906 70
-1.32699 9.6157 70
4.80783 4.92293 70
4.04718 5.44504 70
3.9388 0.886896 70
6.00913 3.68469 70
3.90611 -0.452161 70
9.04767 -4.25327 70
9.06938 -6.02428 70
-4.42851 -4.90675 70
-4.19506 -6.18119 70
1.20085 -0.142491 70
4.39494 5.03231 70
1.27146 1.11196 70
-1.20944 0.177491 70
-0.88212 0.52864 70
4.47424 -5.5999 70
4.23758 4.87887 70
-54.2492 -10.9591 70
0.977324 10.8696 70
4.35936 19.5602 70
39.3732 -30.1317 70
0.829437 -1.19285 70
-5.03108 5.58811 70
4.53651 -4.28846 70
1.27534 3.6137 70
0.537839 -4.52931 70
-3.71135 4.19138 70
-1.48261 35.4882 70
0.997271 3.86451 70
10.8018 5.70637 70
9.5209 -6.31148 70
0.415228 5.46615 70
1.15111 10.8978 70
5.49363 -1.36245 70
0.0998005 4.86017 70
-0.999712 5.751 70
-0.51135 4.92483 70
-0.960897 0.69341 70
-5.44887 -3.66002 70
6.20679 9.97332 70
-10.6648 39.3778 70
3.58795 6.06586 70
-10.0822 -9.28281 70
-9.14416 5.80996 70
4.54532 0.00972321 70
5.31273 -0.726098 70
20.7314 5.91735 70
1.33414 0.950558 70
6.15851 0.570787 70
6.44318 0.511409 70
4.06855 31.3404 70
6.46341 -1.23195 70
-0.167238 5.49076 70
15.2018 3.99043 70
6.45536 4.06718 70
5.79575 5.76678 70
3.58395 6.19035 70
1.20551 0.11379 70
9.03809 4.99803 70
-0.0456049 -0.623125 70
-20.89 -5.21104 70
14.2929 5.806 70
-5.81598 15.369 70
13.7306 35.5814 70
15.6098 35.9248 70
10.7579 5.55841 70
13.8861 16.324 70
0.164452 4.03593 70
6.41311 -6.347 70
9.54746 -6.21575 70
-10.1224 4.85393 70
45.3542 -15.7059 70
0.302839 -1.20778 70
-1.11716 0.0796134 70
0.121629 1.37476 70
9.21937 0.411749 70
-1.4939 6.0631 70
4.81857 -1.39864 70
-3.68747 4.54503 70
8.78432 20.1542 70
-0.144537 -4.7362 70
6.1455 -4.67678 70
-4.29068 -3.92673 70
11.2057 -4.38529 70
-0.400268 1.48263 70
6.11947 20.486 70
0.41645 8.94737 70
-0.099699 -0.349364 70
26.3929 -15.1614 70
-3.86784 -5.56758 70
9.69339 16.4419 70
-0.872675 -1.24795 70
9.05911 15.708 70
-9.3018 10.2779 70
-0.766399 -3.98092 70
0.237921 -1.20111 70
0.0851373 4.60812 70
0.646892 49.0315 70
3.78076 -6.13963 70
4.1895 6.27659 70
-1.23217 6.15093 70
4.97464 0.811029 70
4.89528 0.256341 70
4.1177 5.7178 70
-0.645088 4.4472 70
-3.93799 0.809561 70
1.29547 14.3708 70
-1.34237 0.951144 70
-30.6971 20.7349 70
9.86689 -0.371503 70
-5.86323 0.501753 70
0.55851 -0.0154414 70
5.50859 4.63086 70
3.72232 -3.67358 70
6.24101 -5.78547 70
4.5117 3.77234 70
-6.31621 -20.4929 70
-13.9811 9.04961 70
1.21869 -1.0745 70
-3.76786 1.47433 70
3.74 -5.53701 70
5.16944 -6.06519 70
-0.23687 4.40521 70
10.2441 -10.5905 70
-0.66827 0.588318 70
0.980618 -0.639496 70
45.3761 -14.0023 70
-0.508059 1.4624 70
11.2347 6.41722 70
14.0325 4.32458 70
0.283264 11.0119 70
6.08719 11.4823 70
4.90644 -4.65481 70
0.0894323 0.594341 70
3.92956 3.86253 70
0.122684 -5.37754 70
5.76456 0.752025 70
-4.69707 11.0816 70
-4.1879 -55.9821 70
6.14594 -0.803973 70
-8.56115 -10.9441 70
6.10454 5.46974 70
10.4594 -0.214429 70
-4.71991 0.0422271 70
10.8732 -9.84568 70
4.55047 6.09589 70
3.77048 4.65139 70
3.78034 4.72478 70
0.268087 6.03614 70
4.38315 6.34799 70
55.2019 4.48893 70
10.239 4.32064 70
3.64432 8.82254 70
0.115874 -4.85477 70
3.84416 -8.90567 70
-0.714082 -0.530617 70
-1.20976 0.136816 70
-5.60411 10.7571 70
-1.19834 5.92384 70
3.63601 -5.02158 70
5.65869 26.1355 70
0.0573659 0.117712 70
11.1321 19.8558 70
6.14838 -4.58597 70
-1.16905 5.13516 70
-0.779675 -5.89191 70
5.78096 -1.2935 70
-9.79229 31.285 70
-30.1064 3.67953 70
-1.01719 3.97042 70
13.5326 -18.701 70
-1.41639 -14.2791 70
-1.35912 -0.887879 70
0.0724385 4.1862 70
4.0821 9.61058 70
-1.1136 -1.44186 70
-4.33065 -1.48085 70
4.17747 -0.048757 70
11.049 -5.10758 70
6.21278 5.63517 70
-0.328757 -0.386143 70
-9.36444 -4.72681 70
10.4058 3.64103 70
4.63256 -0.127779 70
8.81696 20.7472 70
1.45317 -0.667983 70
4.53044 5.48113 70
15.1313 3.95431 70
4.09315 4.72625 70
6.29279 5.73033 70
4.23096 0.053691 70
-1.06291 4.65661 70
4.94047 6.01308 70
-0.036555 -3.54335 70
10.3134 -1.30891 70
0.0312404 5.98513 70
-1.18494 -4.34004 70
5.05716 13.6237 70
-1.42171 4.18384 70
-29.6219 5.05767 70
-0.520382 3.81209 70
4.01569 5.491 70
34.2824 35.3011 70
9.10194 3.69079 70
1.32839 1.12631 70
-15.6637 -41.3317 70
5.59224 4.24947 70
5.83572 4.01881 70
29.134 -15.1323 70
31.1633 -15.386 70
3.69522 4.70394 70
-0.948405 -4.5837 70
14.865 -6.30445 70
4.17029 0.959579 70
4.85172 0.654606 70
6.39828 -0.950817 70
6.49749 5.28174 70
8.74739 -59.4444 70
0.769705 0.61204 70
0.429718 -14.3238 70
-3.55948 -1.00163 70
-1.40118 -0.203954 70
-1.05575 -1.15344 70
0.844311 3.8657 70
1.06301 0.337581 70
5.12219 -0.614497 70
-4.66295 9.49787 70
5.82597 10.7664 70
-1.05285 3.85694 70
-0.436026 5.8518 70
8.64114 9.42177 70
9.13985 -4.7726 70
1.03017 8.84563 70
5.71572 3.66226 70
10.855 8.70793 70
4.50023 0.361376 70
-4.31285 3.6446 70
4.82126 9.9985 70
0.584539 -0.577944 70
