4.16138 0.0536563 70
1.08011 0.661443 70
-5.69686 18.8745 70
-5.36983 -0.803139 70
-11.3944 11.3389 70
6.12573 0.337377 70
4.04645 0.274418 70
9.4473 -5.63156 70
8.62213 9.88877 70
0.876178 -4.87771 70
0.930512 -4.03116 70
-0.854517 1.13388 70
-6.31132 6.39422 70
0.888387 14.555 70
-13.9416 35.6588 70
6.49968 1.46218 70
9.25112 0.0239212 70
0.234542 -1.18188 70
-0.354983 -0.885138 70
-0.908726 -0.267998 70
9.19435 5.02754 70
10.3105 -16.3535 70
0.201101 0.708198 70
0.0215183 -0.601924 70
4.48583 5.33573 70
13.772 6.15527 70
0.924673 -0.798532 70
15.269 -3.83928 70
-9.97539 10.4555 70
5.71056 5.15635 70
4.28039 15.1885 70
10.3313 -6.42597 70
-3.56079 -1.2327 70
-10.6894 6.07497 70
14.2329 -6.09606 70
1.41235 5.38823 70
9.21911 -1.195 70
1.09129 4.3297 70
5.39852 0.127538 70
0.849764 -8.936 70
-1.20177 4.79773 70
-0.532987 -0.331691 70
-10.8592 -4.61611 70
4.7775 -0.817481 70
5.62076 -0.087495 70
4.64087 -3.6846 70
-5.45095 1.45927 70
-0.0589872 -13.838 70
4.4785 3.95524 70
-4.72482 5.48768 70
4.95065 -1.48162 70
-0.757119 -0.247832 70
3.97555 6.33259 70
6.45451 0.385103 70
5.10497 5.84871 70
6.2645 3.66867 70
-1.24713 -3.54018 70
13.6188 11.2905 70
-4.43714 0.673116 70
-1.07309 30.659 70
1.05265 16.3346 70
4.48053 3.88741 70
5.28932 4.9309 70
5.37465 -9.03118 70
5.95081 3.5804 70
3.95979 -9.48427 70
5.11261 -0.568689 70
0.945859 0.30009 70
0.591931 -0.150564 70
9.08912 -39.8773 70
4.28722 -4.58328 70
5.15234 3.79506 70
-0.0224896 -0.687867 70
9.60757 4.48721 70
3.71833 5.27804 70
5.16659 -0.335187 70
6.3457 -4.19728 70
4.82918 -1.05591 70
5.39841 -35.6156 70
4.29547 1.32901 70
0.0713293 -0.610234 70
-24.8694 -10.993 70
-0.829619 4.17433 70
50.7363 14.0263 70
1.25116 -4.06059 70
16.3623 0.0889966 70
54.9955 -40.4498 70
-5.64379 -0.777691 70
-0.100949 10.0443 70
-1.35125 0.358956 70
-0.528689 -9.45633 70
6.27887 4.42631 70
5.26157 -4.48981 70
-6.12762 -6.15055 70
-16.3147 -1.07895 70
3.62772 4.79602 70
0.839455 -9.31941 70
0.385629 -4.90703 70
-3.55528 -1.03659 70
3.55148 0.949579 70
0.843951 -5.45743 70
0.998192 -3.67339 70
1.48141 -1.31789 70
3.97917 4.45184 70
4.64279 0.137889 70
-3.97583 -4.05984 70
18.769 -26.2681 70
4.04184 -0.536307 70
-1.09229 1.17304 70
1.08326 3.58669 70
-0.606634 -4.36563 70
11.3176 -0.865409 70
1.0369 6.14121 70
24.6743 -21.4369 70
1.07212 0.609141 70
1.45485 -0.432758 70
23.7528 4.6345 70
4.11514 -4.41785 70
0.99754 6.11897 70
15.3428 -14.2744 70
-5.80187 1.38486 70
-16.1056 34.7219 70
9.43153 5.87717 70
3.93923 -11.4117 70
5.06902 0.287275 70
5.36365 -1.11155 70
1.38061 -4.68782 70
10.358 -10.4898 70
5.74106 11.1892 70
-4.67439 31.077 70
-10.786 -10.9025 70
5.78816 5.13078 70
0.105452 -1.18438 70
4.1307 -0.475025 70
4.0756 -0.271433 70
3.83756 -0.841893 70
6.20761 3.93212 70
1.12096 5.33141 70
0.564996 5.50702 70
-0.341989 5.26536 70
4.0349 0.029905 70
6.38088 -0.533947 70
-1.4322 0.336525 70
5.7777 0.442663 70
6.36704 -0.616452 70
-0.786423 -1.03463 70
0.368485 1.06064 70
0.316526 -1.27209 70
5.97775 0.568651 70
-9.75734 3.943 70
4.79396 1.30751 70
0.784958 -5.43861 70
1.00406 -5.16353 70
3.96011 -1.28317 70
23.7266 -25.556 70
-0.283534 0.688997 70
-0.50874 -11.0158 70
-0.263896 -4.50391 70
0.869373 5.49345 70
6.18968 -3.63584 70
0.4567 1.49692 70
4.1511 3.5 70.0002
0.400746 4.94408 70
15.6058 1.20099 70
4.9849 -0.529932 70
5.09744 -0.818832 70
-0.0229832 1.29142 70
-0.976652 -0.420183 70
-0.433438 -1.18278 70
6.25223 -0.539097 70
4.51846 4.28554 70
6.15891 5.24153 70
5.02907 5.03727 70
-0.673684 1.36759 70
3.91074 14.0971 70
-5.22665 18.6259 70
0.195858 -5.67829 70
-18.7236 9.1621 70
-21.0467 10.7683 70
19.7669 -15.7674 70
4.43698 -10.4603 70
4.24012 6.19586 70
4.96723 0.893076 70
4.93594 1.41253 70
-0.798647 -0.328954 70
-14.3871 3.71272 70
9.66788 5.87523 70
4.66707 -6.4007 70
-1.25737 4.12243 70
5.0244 4.03817 70
-0.0903978 -1.27228 70
-6.12292 -18.7193 70
6.35587 4.85427 70
31.3378 -18.8192 70
-3.87617 -10.838 70
50.7388 26.4854 70
-3.50029 0.512441 70
0.487208 0.951338 70
6.40772 0.651779 70
6.34789 6.12571 70
0.355643 0.426855 70
-1.07369 -11.1568 70
-0.239912 -11.3726 70
6.04431 3.711 70
1.00235 6.49834 70
3.61817 -0.211068 70
0.908052 -0.657146 70
4.83487 4.66737 70
0.112401 -11.1651 70
6.34436 -0.977313 70
3.95343 4.09088 70
4.03926 -0.446621 70
14.8417 -0.751878 70
-0.128817 0.442081 70
5.10102 1.22875 70
3.57787 -1.03848 70
10.471 4.60048 70
0.0859717 0.468516 70
-0.306026 6.16612 70
-6.27596 1.38345 70
-0.550892 -0.294358 70
-29.76 -60.9005 70
0.647412 1.48766 70
6.17864 -1.11179 70
4.17309 -0.356602 70
10.5583 1.23494 70
1.27689 0.319256 70
-8.74575 9.68234 70
-0.699493 41.0217 70
0.156061 3.54759 70
-3.8404 -0.00301811 70
-1.32213 0.614557 70
-20.5387 -54.5966 70
-11.483 -20.6246 70
9.17421 5.91091 70
4.58769 0.274733 70
1.2013 -6.42573 70
4.17122 1.17313 70
13.6139 0.960043 70
5.99121 -0.332063 70
0.896791 -4.95588 70
14.9484 -15.4939 70
0.398658 5.59036 70
11.3319 -0.937367 70
-10.7099 -24.0631 70
1.44748 6.36565 70
4.09573 -0.211753 70
-38.5651 39.9311 70
5.87409 0.3546 70
16.2083 9.91041 70
-0.119561 -5.9484 70
1.0989 -5.8387 70
3.51694 -1.30423 70
4.44208 -3.75763 70
6.01418 -4.62363 70
4.91341 -5.19924 70
-0.978822 36.2636 70
0.91792 36.2107 70
-5.52391 -18.5124 70
-0.481293 3.58789 70
10.6225 0.95554 70
0.459407 -0.544827 70
-0.715193 -0.809232 70
4.16533 1.3422 70
-14.2965 -4.47248 70
6.29624 -1.07585 70
11.0418 11.2639 70
-0.0397088 -0.914197 70
-9.87237 -25.6644 70
15.5804 5.94414 70
39.9234 -3.53962 70
-5.85659 -5.34386 70
-0.672469 -1.21697 70
-0.476402 1.24793 70
20.0295 -9.3605 70
20.7391 -11.109 70
0.431099 -10.3656 70
-0.0239983 3.53158 70
0.0579171 5.11851 70
-5.90635 5.98396 70
6.09005 -6.2824 70
10.9954 24.1249 70
6.3339 -15.1157 70
4.90978 0.550332 70
9.63729 -5.64385 70
-10.625 4.77729 70
4.68628 4.11835 70
5.75398 4.07552 70
1.07153 6.46501 70
-0.998687 4.75918 70
-1.16715 5.18541 70
4.61842 -4.29673 70
0.247289 -5.1255 70
9.05331 -9.60193 70
4.04708 0.677413 70
-9.75565 -1.07318 70
-14.2594 -14.0806 70
1.05518 1.05102 70
5.52622 4.00759 70
5.95535 4.20003 70
-3.68915 0.475873 70
-11.4841 10.0028 70
5.19618 4.27554 70
0.810195 -0.945853 70
-4.68695 1.46819 70
0.913311 -0.0896509 70
20.1996 0.448534 70
-0.801991 9.01735 70
9.82261 -0.133797 70
-5.45867 -0.991818 70
10.9789 9.25146 70
6.2691 -4.58216 70
-30.2959 39.3931 70
5.39394 5.18768 70
6.27317 1.328 70
-55.0692 50.4725 70
-0.726782 0.270581 70
10.053 -6.08191 70
1.25907 -3.59633 70
25.5959 -9.26607 70
-43.64 -18.7267 70
5.99509 0.256652 70
5.28438 -1.32322 70
-10.0604 -5.0799 70
6.09318 14.023 70
4.92322 0.695549 70
-9.50772 -1.45855 70
-8.60392 -0.873256 70
-1.36183 6.05473 70
-0.78873 6.42536 70
4.84717 5.42914 70
0.712901 -0.980138 70
5.37133 0.0633202 70
-3.65127 1.12344 70
11.4219 -4.19029 70
19.5572 5.64448 70
0.168672 4.16499 70
-6.10119 0.892613 70
4.21841 4.17518 70
-1.35995 -10.4992 70
5.48254 21.2268 70
10.8971 5.02224 70
4.36692 -0.255485 70
-19.9742 -20.2907 70
-0.899368 0.93289 70
-0.995549 5.96694 70
-1.14724 -0.247856 70
-5.8929 6.00364 70
0.553319 1.39104 70
-0.860503 6.25139 70
4.98325 -1.26529 70
3.80492 1.37747 70
5.76653 -0.700076 70
0.416932 1.32226 70
-0.119521 -0.174087 70
-11.1921 -9.89955 70
-5.80823 4.84245 70
-19.6752 15.6901 70
-1.47452 -0.991114 70
-1.40941 -4.61344 70
10.3803 4.66084 70
1.48685 0.465444 70
16.0887 -1.46388 70
-6.19606 15.7244 70
-0.209324 9.98717 70
0.155493 -10.7505 70
-5.24023 4.22065 70
3.67561 3.83382 70
-29.2583 -10.9837 70
-30.2093 -9.97314 70
-0.105256 9.73409 70
5.6357 9.99267 70
5.88356 9.7932 70
5.41275 -0.673711 70
5.21201 0.823839 70
-0.670122 0.79327 70
5.17388 4.41659 70
6.13801 0.752105 70
-4.74325 0.931881 70
-5.36209 -1.14364 70
0.599845 4.92817 70
3.76065 -0.174389 70
4.47608 1.30984 70
20.7423 0.687174 70
0.27906 -0.381432 70
0.170537 0.566899 70
3.86831 -3.952 70
5.40029 -0.810591 70
-0.307539 0.681325 70
-1.34638 -0.278018 70
-6.19867 -0.423376 70
-0.0717494 1.48425 70
0.196771 4.35271 70
19.3705 3.76706 70
19.3043 4.73502 70
-0.173548 3.96673 70
-0.420844 -3.60348 70
0.711748 -3.51284 70
-1.43438 0.73952 70
-0.362502 5.99684 70
9.09195 4.59755 70
-19.8869 23.6404 70
5.16322 1.37601 70
0.0727767 -4.60327 70
3.93582 0.712498 70
8.81883 6.01452 70
10.3265 4.80384 70
0.290048 -0.554906 70
5.39102 3.57467 70
0.471027 -0.144107 70
1.24014 -1.42055 70
-8.93399 4.51647 70
1.29004 0.90076 70
0.00362541 4.00917 70
4.70382 0.98197 70
0.417181 0.791685 70
0.546861 0.0912598 70
14.1984 31.3088 70
1.18814 4.21547 70
4.38033 5.66927 70
-4.80277 -41.0697 70
-3.65139 0.505322 70
10.4652 -4.24734 70
11.283 -5.5033 70
10.8668 -3.6011 70
5.9989 19.3381 70
1.00188 0.220726 70
19.5766 0.959556 70
-19.8369 -0.964307 70
6.49142 4.78901 70
0.504734 5.42322 70
-0.0844328 -1.36106 70
-1.49199 4.39803 70
16.2537 -1.44881 70
-21.396 -8.82526 70
-1.46671 15.815 70
-19.2879 11.3253 70
-18.8249 10.8823 70
1.36643 4.52707 70
-4.27767 -0.840026 70
5.91192 -0.906966 70
-5.71103 -10.5888 70
-1.10311 35.0412 70
6.4432 5.32879 70
-0.37709 0.679059 70
-14.8142 -10.3487 70
-24.4012 -38.8336 70
-0.794864 0.0450573 70
5.28639 -0.901471 70
0.695842 6.09969 70
-4.20378 1.37348 70
1.42089 0.637611 70
16.2407 9.83776 70
1.16319 10.6644 70
-8.99876 -11.4198 70
-0.00820976 -0.466057 70
-4.41686 -10.2273 70
4.84102 -0.732261 70
6.29011 -1.335 70
9.14535 5.13054 70
-1.31868 0.144512 70
5.1408 -19.9621 70
13.609 9.20619 70
-0.052603 -0.80462 70
6.24422 -4.58084 70
0.769829 -3.70272 70
4.8668 5.4028 70
5.30661 -5.33343 70
5.66494 -3.71119 70
19.5251 6.38814 70
-1.32533 0.592874 70
-3.62287 6.14578 70
-1.39115 -0.703394 70
-0.978914 -11.4561 70
4.45317 11.3647 70
-1.0419 11.1216 70
6.26368 3.89799 70
-9.81498 -15.1869 70
-8.97793 16.2338 70
6.32274 -1.25435 70
3.9935 -4.14824 70
4.54819 4.89698 70
13.5965 -0.960622 70
0.865166 -0.608095 70
25.9098 -20.887 70
-0.108133 0.991941 70
4.99375 -3.90846 70
4.56451 14.8015 70
-0.338559 1.46244 70
3.59224 -0.328014 70
20.0104 -16.0984 70
5.28143 -0.869391 70
0.631343 1.4543 70
-5.81517 0.265001 70
-1.46334 -0.561539 70
0.196796 -1.38997 70
-1.19538 1.36628 70
0.529274 -0.794508 70
8.80717 3.80733 70
-4.83679 5.30643 70
1.19382 0.0947246 70
-49.7109 10.9732 70
0.432588 0.521355 70
5.16204 43.5547 70
0.927023 -1.05932 70
10.174 0.0997818 70
-1.29213 4.48158 70
4.44711 -0.699538 70
1.27553 -0.989989 70
-8.54721 -20.2655 70
0.621692 6.02527 70
-0.178467 -0.365167 70
1.35186 4.63032 70
5.75656 5.27297 70
3.66701 -0.200079 70
0.686246 0.26556 70
9.02643 5.92091 70
1.06791 -6.12277 70
-4.03181 9.95644 70
-21.0066 -4.29992 70
1.23185 -5.33355 70
1.36266 -4.33677 70
-0.161046 -10.9417 70
-1.11415 -6.0155 70
0.498582 -1.35324 70
5.6842 1.38372 70
-1.11273 0.583647 70
-0.352531 -0.599244 70
5.05134 6.22403 70
34.9632 -24.6149 70
-4.52046 -0.725497 70
6.49949 -4.7504 70
5.86223 -0.60498 70
16.1301 0.826955 70
39.4876 19.3094 70
-0.958657 -0.707297 70
18.5853 -10.0583 70
-1.31005 5.39104 70
3.77746 1.38426 70
-9.48393 6.49363 70
-0.0971007 -10.1207 70
8.58562 -6.39452 70
3.85496 0.663382 70
1.13943 3.99307 70
15.9432 5.09086 70
14.6853 3.99825 70
4.80207 -33.7585 70
4.1417 -1.06025 70
3.90048 1.20406 70
-0.332964 0.413522 70
-9.00939 8.50099 70
-0.764623 -0.030519 70
-9.1931 -5.32875 70
8.7975 0.386944 70
-1.47524 -3.77604 70
-1.26653 -14.1247 70
11.1189 6.39393 70
14.4587 -10.5978 70
0.601415 -0.293246 70
3.58476 1.39654 70
4.11545 -0.0228315 70
4.09477 1.08279 70
6.01186 5.15638 70
11.0453 9.47347 70
1.32071 -24.7111 70
-0.886954 1.00595 70
0.970352 6.04018 70
5.82983 1.47118 70
-0.838107 9.25839 70
4.33491 5.13591 70
-11.104 -0.00188271 70
1.21207 -0.0801383 70
-0.0342509 5.30213 70
-5.33046 -6.4844 70
0.439988 5.52661 70
11.3565 4.04308 70
9.76451 -0.754923 70
-35.5953 39.4738 70
0.302994 -4.92297 70
-0.216804 11.4985 70
0.398585 -1.19114 70
5.93819 25.4702 70
5.041 0.654655 70
-1.44976 -9.09399 70
5.63628 4.31112 70
1.09943 4.57873 70
-5.41047 -4.08736 70
10.1772 1.20868 70
-0.267694 -8.86692 70
-3.60687 -6.07716 70
-0.482528 1.14003 70
-0.196522 -3.66922 70
13.8777 -4.11689 70
6.26031 -0.542844 70
-0.0844609 4.61439 70
5.47757 0.579288 70
-0.818178 0.890571 70
-0.670379 19.9903 70
5.08967 -9.84807 70
20.8223 21.2035 70
8.71088 0.895094 70
-25.1673 34.2322 70
1.38239 0.939705 70
6.48242 0.224999 70
1.31227 -0.976759 70
1.06796 -5.45995 70
-0.240163 -3.5655 70
4.65127 0.0797274 70
-4.36679 -10.5776 70
-15.3157 -0.824916 70
3.51751 -0.412405 70
1.26938 4.9674 70
-0.251654 -0.10602 70
1.0301 0.803091 70
20.4669 4.40496 70
60.8586 48.9315 70
-1.49935 9.96814 70
-4.38163 -0.80643 70
-5.55552 5.76732 70
0.220434 10.9377 70
1.21437 -0.970396 70
1.13582 10.7964 70
5.19356 -5.07846 70
5.2343 6.17467 70
1.07026 -0.784628 70
3.65212 -23.8122 70
4.95171 -3.66597 70
9.92157 1.27086 70
5.11383 -5.09137 70
5.72713 4.8369 70
4.21101 3.65051 70
15.5573 -15.1697 70
-0.551988 10.1888 70
5.6405 10.8039 70
-0.935076 0.741006 70
1.13484 6.1174 70
-1.46428 1.38668 70
0.760877 0.938688 70
-19.4288 45.979 70
6.45822 -0.424962 70
-9.86585 14.904 70
20.3933 -1.01583 70
16.0784 8.75019 70
15.3498 0.754837 70
15.6963 -0.0837242 70
15.9118 1.17971 70
0.803013 1.47508 70
4.19551 -10.1434 70
-1.49909 -4.72957 70
5.04684 -14.6174 70
15.4586 3.67557 70
0.221844 6.1981 70
1.46259 1.47996 70
-14.6817 8.81898 70
1.44895 -1.30889 70
5.32824 -0.332387 70
9.43765 9.57801 70
16.0879 11.2378 70
4.71622 0.324358 70
-1.41758 14.7237 70
-0.574319 14.529 70
43.8615 -44.3848 70
-6.26359 -16.2433 70
-6.44969 -4.99207 70
-6.47769 -5.99331 70
5.27701 -1.12431 70
0.959878 -0.621397 70
0.813041 6.00422 70
4.80257 4.87406 70
5.48434 3.54629 70
5.83841 3.71837 70
1.20763 -19.6793 70
-0.587539 -10.1354 70
-0.64091 -5.86209 70
4.89783 4.31128 70
30.1793 -9.75796 70
5.59302 0.0569296 70
-1.08584 -1.18994 70
6.3433 -6.1795 70
5.48431 -5.55847 70
30.4586 -16.4203 70
9.26687 -0.631175 70
-13.5738 -4.25443 70
-1.32694 4.06448 70
6.4427 0.967371 70
5.77362 0.681651 70
0.233535 0.790998 70
4.51689 5.11947 70
-5.55022 -0.41968 70
6.24677 8.90357 70
39.7294 -24.4357 70
-0.744984 -0.414839 70
44.1471 -30.9907 70
10.1891 -6.32113 70
21.1546 -9.53948 70
-20.3295 -8.78918 70
1.07907 0.913359 70
-0.112377 -1.32766 70
5.40198 -0.581055 70
6.07829 0.439458 70
-0.966965 0.257894 70
9.1213 -0.249083 70
-1.37464 -0.867496 70
10.5842 -0.919478 70
15.3662 8.58665 70
-30.7625 60.2115 70
1.05368 -0.0204978 70
5.66175 -0.522223 70
6.4165 10.6517 70
18.5968 -6.08889 70
-16.2715 59.1064 70
33.7046 15.9782 70
-6.04702 3.68471 70
10.0455 -3.8237 70
6.42011 -1.43453 70
-1.42279 3.8767 70
-20.3433 18.9029 70
-0.922779 0.0698639 70
4.714 -5.92441 70
13.6184 0.841435 70
-30.5462 -9.60005 70
6.39042 6.33216 70
5.85584 6.36765 70
3.73043 11.1852 70
-1.29752 1.01219 70
-0.799841 -0.864883 70
5.55943 -0.678931 70
4.32993 5.1664 70
9.00957 -6.06922 70
-0.0165128 -1.00217 70
-3.80475 -4.37654 70
-0.626168 10.3163 70
-3.7717 -14.217 70
-6.15622 3.53021 70
0.0895415 9.6522 70
4.31206 0.568647 70
-43.5641 48.9037 70
-10.7169 -9.52413 70
4.48742 0.0733725 70
-1.32585 0.37893 70
11.4031 4.13502 70
10.7226 -14.0938 70
-15.9237 -0.50171 70
-0.606839 -1.45965 70
1.0864 -0.645752 70
0.523611 0.0493925 70
-0.72979 1.45723 70
-0.797492 0.795874 70
6.49261 0.622003 70
3.94901 0.267652 70
6.22542 0.668995 70
-0.936362 -5.61465 70
-16.1689 -4.91406 70
1.26147 -1.10009 70
5.26912 4.59301 70
-3.90726 -0.507095 70
-10.9551 -10.0911 70
4.25323 -9.7594 70
8.72338 -21.2423 70
0.70118 5.67992 70
34.0153 -0.325507 70
36.2973 -0.919873 70
-0.312137 -4.82666 70
-3.94125 50.7881 70
5.1399 4.3881 70
-20.1216 -10.662 70
3.98701 -1.47652 70
3.63256 11.4179 70
-1.00808 -0.107202 70
5.23764 3.99697 70
6.23485 4.60827 70
0.501608 3.92423 70
-0.233947 9.50489 70
-0.131485 9.71142 70
9.28285 -1.01484 70
-15.7876 11.2416 70
-1.2625 8.67355 70
-9.45048 -20.7051 70
6.33427 3.89191 70
0.14852 4.94114 70
4.15749 -9.09623 70
4.67731 1.35531 70
4.02231 5.46667 70
0.131984 0.705235 70
-6.43162 6.28137 70
-0.368653 15.6975 70
-1.39234 0.0825976 70
-8.70676 24.6499 70
4.36606 0.202344 70
1.45007 -4.09778 70
4.85086 -1.45074 70
3.65729 4.39814 70
-4.64627 39.9738 70
0.0901886 0.0784413 70
4.00528 -0.0544581 70
9.70929 6.48826 70
8.72206 -4.47756 70
9.9027 -3.91498 70
0.711461 -1.48294 70
1.40123 1.05279 70
-5.88709 -11.1793 70
-6.34797 5.3401 70
1.22983 -1.18743 70
4.58342 -11.3466 70
-35.5079 18.708 70
10.5774 -5.86255 70
-26.337 5.08648 70
0.0081874 5.35966 70
-0.965698 3.94183 70
0.972896 4.4823 70
-11.3947 1.00214 70
4.48583 4.91775 70
-1.29926 3.75228 70
11.0932 -6.12795 70
0.156463 3.78749 70
1.34348 -5.22792 70
-10.7232 4.14542 70
-1.22137 -0.764403 70
-0.685299 1.21357 70
13.5948 5.84782 70
3.78485 1.02758 70
5.67797 5.10392 70
-4.13395 -0.0551191 70
3.52061 -0.779596 70
1.00582 -5.8807 70
1.18649 10.0194 70
5.22001 5.93769 70
-4.9583 -9.58606 70
4.69655 -13.7158 70
-0.666243 5.24437 70
5.08156 4.72875 70
5.71459 -3.50283 70
6.09626 1.33999 70
11.044 4.64994 70
11.3343 4.95394 70
3.64385 0.802395 70
3.6704 5.71162 70
-0.36455 1.48612 70
5.58137 0.51245 70
1.04081 6.33822 70
19.4103 -20.4657 70
0.00617985 -0.262262 70
0.687096 0.940834 70
1.12299 11.1614 70
0.505244 -1.24882 70
10.7737 10.9181 70
-1.3146 -6.07306 70
0.446017 0.452597 70
0.0549349 4.66367 70
4.43433 -1.41773 70
5.46243 0.0512606 70
4.78014 0.728738 70
4.59082 -0.0950303 70
0.630013 0.379978 70
0.940853 -1.3624 70
-3.86117 14.1502 70
-3.56949 15.7482 70
3.93264 0.309586 70
1.0413 -0.611533 70
-0.0697316 -16.238 70
4.41481 -0.914465 70
10.05 -4.06508 70
4.22314 9.49236 70
3.5959 -1.23795 70
-39.9109 24.258 70
0.397463 0.581375 70
-0.834439 15.013 70
0.122284 -9.73505 70
8.63896 0.21002 70
-1.23963 19.2523 70
4.23487 -6.29399 70
-0.140464 1.3924 70
5.17225 -1.48186 70
1.1024 -0.23337 70
1.48171 -4.37018 70
-26.0284 -16.2231 70
-9.98167 -34.8131 70
-0.0163185 6.07266 70
-4.17113 9.72144 70
-6.46311 -0.666956 70
-16.1705 -9.50409 70
4.73719 15.7046 70
6.32669 3.81383 70
9.61437 0.581641 70
-0.586127 0.232869 70
5.69284 -0.563377 70
23.9532 -5.99678 70
1.27573 -0.88067 70
6.09337 34.6544 70
10.6732 -1.33814 70
9.22241 -4.06993 70
-1.46403 5.89959 70
-0.513156 0.381784 70
9.80808 9.30915 70
0.860526 10.3784 70
14.3708 9.10543 70
3.9316 -0.607568 70
4.92723 0.659166 70
20.6224 0.791993 70
1.29223 0.285895 70
6.13184 -0.545721 70
-1.06735 4.1229 70
-5.59151 -20.4128 70
-0.301026 -0.536353 70
5.08363 16.1864 70
30.9796 5.33807 70
1.19667 -4.82056 70
19.9675 -6.06485 70
-0.889502 4.10545 70
9.62744 0.153204 70
-5.45751 5.47036 70
4.79947 19.7305 70
11.2847 1.22958 70
1.48392 0.202466 70
55.9662 26.1722 70
5.28676 -4.71968 70
4.97573 4.93652 70
1.41672 -1.43176 70
-4.48714 0.216415 70
6.10517 0.48637 70
0.50612 1.32817 70
8.91016 11.3283 70
15.4711 1.04171 70
5.4818 -9.00876 70
-0.41038 0.692156 70
9.59282 14.661 70
5.98016 -1.34248 70
5.63887 1.46812 70
20.4435 5.61646 70
-20.8931 4.36429 70
4.05165 -1.42186 70
0.33667 0.0673173 70
-25.3535 34.764 70
-26.1405 35.0715 70
5.71866 -5.30103 70
15.8183 9.12665 70
13.8007 21.1133 70
-1.46096 0.987565 70
11.4527 14.6551 70
-1.01794 -3.82102 70
5.71732 0.243286 70
0.62581 0.742007 70
-11.401 -15.0409 70
-0.537032 -0.606168 70
14.8816 -31.1353 70
-1.05262 5.93462 70
6.10404 -5.63613 70
-0.655898 4.82585 70
14.5146 5.8492 70
4.87052 45.9111 70
5.2031 45.6776 70
9.24406 -5.04427 70
-6.2019 -0.852866 70
-10.0472 13.5376 70
-10.2782 14.7264 70
-4.65571 -4.46013 70
8.69341 0.787032 70
5.27033 0.840892 70
4.42876 -0.77155 70
-0.406044 1.30651 70
1.18954 0.430474 70
-1.49757 -0.355473 70
5.17137 -1.10313 70
4.94473 1.01454 70
4.10596 -5.58596 70
-14.4075 -9.06009 70
-13.9157 -10.6242 70
5.1692 9.91104 70
6.01546 -1.07117 70
-6.47672 9.8393 70
6.37085 0.24825 70
6.12441 -1.01806 70
-10.3517 -4.76468 70
-11.1427 -0.695937 70
8.97196 -6.06346 70
4.89396 0.840265 70
0.0681205 5.88169 70
-5.90725 -5.94455 70
9.15084 -10.4778 70
4.7478 20.1736 70
-15.7341 -9.35429 70
-0.642589 -4.29736 70
5.14552 -0.868701 70
-4.99768 5.04308 70
4.42636 0.377945 70
9.92477 -0.269663 70
0.0402785 -3.68443 70
1.16178 -0.273508 70
-5.42146 4.21482 70
3.85191 11.3409 70
6.35996 10.8322 70
4.15329 -1.12179 70
-0.64648 -0.0863056 70
9.35947 -3.93407 70
9.98914 -6.43374 70
9.13808 9.74001 70
5.5088 0.857365 70
15.2324 4.50879 70
5.95246 -16.2466 70
-10.347 -4.45827 70
20.6746 -10.5009 70
5.70851 4.6637 70
-3.88213 15.2708 70
15.5435 15.0426 70
-16.3765 -48.6887 70
6.48218 1.04631 70
6.37977 0.634356 70
-4.02302 4.90573 70
1.40345 -9.97946 70
9.07784 0.879657 70
11.0665 -0.467813 70
0.361215 1.17998 70
-13.8928 18.8266 70
4.75682 -39.1693 70
-5.87977 -4.1943 70
5.58328 0.934445 70
9.84704 11.0411 70
5.43879 6.42272 70
5.85541 5.76878 70
-14.0215 4.97462 70
8.95698 -0.459337 70
