-1.13388 -0.468303 70
-3.90205 -3.50775 70
25.9688 -11.369 70
5.88382 -4.63826 70
-1.43024 4.28874 70
-0.101888 3.73642 70
5.91854 -5.2524 70
1.42853 4.84193 70
-15.1302 15.2758 70
3.6455 9.60447 70
0.0201857 0.215236 70
-0.771864 0.586815 70
-1.38211 4.52691 70
-4.20243 10.6865 70
11.094 0.319661 70
6.11829 4.6068 70
-0.616759 4.72554 70
5.0643 3.65585 70
6.04018 5.36906 70
5.91252 -5.5999 70
-0.0123067 -1.20745 70
-11.0873 -15.9824 70
-5.43472 5.56152 70
-6.43944 -3.80844 70
6.08758 -1.33774 70
-4.9219 19.5447 70
0.294863 6.14494 70
24.7638 -30.9494 70
-1.32334 4.3682 70
-1.15303 1.34736 70
4.40563 -49.8989 70
15.8968 -14.14 70
-8.94559 21.1659 70
-0.859203 -0.784366 70
-4.92236 1.36304 70
5.77734 5.7864 70
4.19427 5.0336 70
0.974263 3.9168 70
10.9399 -3.66912 70
0.587418 3.54486 70
5.93085 -0.767235 70
3.52079 -6.45912 70
-4.32821 4.83639 70
-1.4436 4.17685 70
-18.6304 -40.1797 70
-4.84389 0.665427 70
5.76351 4.48793 70
-0.422911 5.59889 70
3.81248 0.55334 70
-9.65866 -0.318928 70
-0.866651 1.14045 70
0.621645 -0.315044 70
0.15948 -6.45478 70
4.82448 0.573027 70
5.40064 0.825243 70
-6.13044 -0.665066 70
5.24186 4.87368 70
4.33622 5.66201 70
4.11438 3.87677 70
5.84946 3.67577 70
0.406683 3.94567 70
5.63091 -0.227647 70
-1.01264 0.810691 70
0.976599 5.06847 70
-1.19294 4.33328 70
13.7197 3.89342 70
15.0051 -5.7363 70
5.29199 6.23814 70
4.92256 4.80642 70
1.12108 5.65134 70
1.00447 3.84512 70
-1.30336 6.38148 70
8.61394 5.26963 70
-4.6399 -9.31621 70
4.77538 -1.32619 70
-5.68157 -4.14333 70
1.11704 -1.30685 70
-4.23124 -0.110944 70
-1.36499 -1.30145 70
1.3389 0.438411 70
16.1057 -0.79262 70
-0.0439296 9.11111 70
1.23958 10.8219 70
1.00596 9.84389 70
3.67535 0.647662 70
1.04252 14.2597 70
0.64883 14.431 70
15.5336 1.46501 70
5.48226 -16.0149 70
5.3554 6.15352 70
10.5488 9.26713 70
-13.6496 -25.0816 70
0.524932 16.436 70
4.81862 5.70504 70
15.8225 1.37519 70
-9.91113 4.32376 70
4.0088 -5.52243 70
10.0936 5.6799 70
1.46278 -0.324798 70
-4.55877 31.2928 70
4.59622 4.26986 70
24.1728 8.69142 70
5.07371 8.69523 70
-1.00425 3.54591 70
3.50104 11.2276 70
1.38391 -3.73054 70
-1.11755 -5.82493 70
4.6626 4.29097 70
4.16738 1.3065 70
4.90569 0.733425 70
-0.341665 4.33068 70
1.24216 -0.763999 70
15.981 0.280628 70
-0.949001 6.03523 70
4.19105 -4.4167 70
-0.0394298 -8.74488 70
-0.350625 -0.504904 70
-0.449269 -0.662264 70
8.76605 -4.82914 70
-8.93289 5.07481 70
5.91265 5.74151 70
-1.47123 -5.75148 70
4.04058 -4.7565 70
4.85036 9.66022 70
4.78717 -1.08438 70
-1.02524 5.92282 70
-15.4193 14.2667 70
-1.41233 0.594963 70
-0.308698 1.03304 70
1.14598 3.61468 70
11.099 -5.79623 70
-49.792 -18.8909 70
6.21152 8.56551 70
5.2594 6.00497 70
-0.60543 6.28873 70
5.44113 4.04719 70
-4.66541 -0.494543 70
-0.0476702 -1.05499 70
-4.69849 -19.7624 70
-4.09825 -5.57943 70
4.72995 10.4469 70
-4.9151 -5.65327 70
-26.4315 15.6133 70
-5.0202 5.53773 70
-0.382733 -4.5964 70
-1.40947 4.49099 70
-15.17 -9.75207 70
5.36545 4.12713 70
-1.11808 -3.75692 70
31.3613 4.0122 70
4.66821 5.68231 70
0.906416 -15.7322 70
5.22242 0.422202 70
-0.428785 -0.0941517 70
0.166609 1.24863 70
6.01836 -0.545905 70
1.03483 -5.09526 70
4.93958 -1.30857 70
5.00018 5.44539 70
3.86142 -6.25492 70
4.31358 -5.21885 70
-1.31702 -10.3947 70
9.35769 4.0759 70
15.8971 5.08165 70
-4.70368 3.93723 70
-6.0666 -15.8495 70
-1.41191 -0.379339 70
5.82385 -1.01824 70
-10.542 -20.9282 70
1.4778 6.48738 70
4.34865 4.34379 70
1.09996 -0.0444108 70
-0.0804141 1.46044 70
-5.37631 9.02037 70
4.03211 4.63828 70
1.28042 -0.514868 70
5.30741 0.195216 70
0.694454 5.23445 70
8.69338 10.3235 70
14.2978 20.4141 70
1.33484 -0.470936 70
1.33108 1.07149 70
3.63564 -0.470353 70
5.40079 -5.70937 70
-1.00641 -5.81172 70
-10.9375 0.870824 70
-30.6433 10.8503 70
-30.5918 -25.7551 70
-3.63616 8.67441 70
0.025125 -1.24081 70
-0.807134 -0.735416 70
-0.402546 0.720663 70
6.3434 -0.731679 70
-4.82073 15.7053 70
3.94327 6.37667 70
-0.733992 6.1965 70
4.82366 1.00564 70
0.664847 3.63281 70
1.14986 0.916485 70
0.0177396 4.6486 70
54.4751 6.02709 70
5.92334 -4.87758 70
-9.59515 19.924 70
5.47851 -3.99294 70
19.9137 -20.5331 70
20.8706 -20.198 70
-1.40248 -6.15106 70
-1.28873 -5.38957 70
0.482951 -4.68226 70
10.452 14.727 70
-4.84603 0.636252 70
0.277656 -1.0305 70
-0.232411 5.46725 70
4.2621 -0.192001 70
3.61024 4.20668 70
39.5666 29.0652 70
4.93047 0.988847 70
4.9552 0.303933 70
31.4628 -24.5164 70
6.2443 -3.76914 70
-0.079288 3.76916 70
-11.3181 -0.467414 70
-58.5372 43.6302 70
19.3655 21.4659 70
-1.02881 4.24331 70
-3.97402 3.51595 70
-6.40849 5.56163 70
0.52342 3.61115 70
0.481983 4.32664 70
0.303726 -6.00529 70
-4.15816 4.84396 70
-0.22777 -0.761674 70
0.612322 -0.117886 70
-10.8226 26.1783 70
-10.5128 -4.59189 70
6.02822 6.29733 70
5.27951 3.54709 70
-0.103808 -1.35668 70
6.43569 -1.40315 70
3.56817 -0.0917354 70
-19.7571 49.5626 70
1.08603 5.97087 70
10.3025 -4.6576 70
-16.0153 -11.086 70
10.7904 -0.562636 70
-1.48618 -6.18385 70
0.158269 6.23406 70
6.45051 5.83368 70
1.30529 5.42483 70
-1.21437 4.1835 70
-0.350948 4.62021 70
-1.28149 6.1854 70
-9.15712 30.3887 70
3.81155 3.62026 70
-1.4618 1.18502 70
0.0530698 0.903048 70
5.44498 5.30791 70
0.882565 -0.211952 70
10.7987 -1.3991 70
-4.90308 5.99533 70
0.107586 6.42845 70
-5.48665 15.0924 70
0.320126 0.0683722 70
-5.10992 5.9524 70
3.94541 4.97125 70
0.247773 1.13449 70
18.9676 -1.00096 70
-6.32208 -0.355287 70
-0.216065 3.72672 70
5.26811 0.740267 70
6.35698 -4.18208 70
5.75217 -5.03799 70
20.5511 -35.2571 70
20.1702 -34.3741 70
1.40596 0.145585 70
-0.335653 1.13094 70
3.51513 -14.7681 70
1.09616 5.30712 70
11.2081 -4.88612 70
0.136885 1.36638 70
-11.4083 6.18911 70
-3.631 9.64665 70
18.7989 11.4359 70
-0.305217 1.23423 70
-4.0135 15.1981 70
-4.2518 -0.480343 70
-15.7548 -4.64124 70
-15.8572 -5.14524 70
-8.90105 15.1742 70
-0.80226 -0.128708 70
4.78459 -0.398985 70
4.9961 -9.70594 70
3.79219 5.50064 70
-9.27045 -5.80062 70
-8.80089 25.2253 70
-0.851708 -0.964969 70
1.29772 4.49782 70
-0.468013 6.02277 70
-0.1797 0.47999 70
0.0372676 9.67021 70
5.65166 -1.07086 70
5.91837 -0.695036 70
4.0297 9.64434 70
6.3129 5.62862 70
-0.0307116 -8.63219 70
-0.965875 -8.81908 70
10.3372 -0.887677 70
0.436848 -19.9154 70
-0.489502 3.83019 70
-3.69304 -0.683834 70
5.44421 11.4724 70
5.1883 -0.520461 70
4.07119 3.84186 70
21.3142 -46.2813 70
6.18459 -6.48939 70
14.0095 0.633369 70
5.347 -5.09746 70
-8.97369 -14.078 70
6.3737 3.74178 70
-10.5684 14.9782 70
4.56579 6.09156 70
-6.30918 -10.9424 70
4.29279 0.703113 70
-8.97252 -1.27481 70
6.02293 -5.70516 70
-0.0563653 -0.189909 70
-9.50371 -16.0478 70
-10.6135 9.21932 70
10.9676 -1.13317 70
0.701579 -9.88866 70
20.6848 1.40748 70
8.55091 -16.0682 70
6.09015 8.72549 70
10.6107 0.141574 70
5.98475 6.2577 70
-0.822661 -20.5457 70
-0.691886 -4.47852 70
0.923116 -4.61761 70
-0.820545 1.42875 70
4.39526 1.3732 70
6.00299 -0.495412 70
3.62145 5.89827 70
0.183094 0.457093 70
-5.55649 3.74495 70
0.0263102 10.989 70
23.993 10.7091 70
-3.62222 -4.44139 70
-9.8072 14.1787 70
44.1008 14.1409 70
21.1658 0.00297264 70
-10.1756 15.3674 70
-1.04538 1.09256 70
-0.338035 0.318212 70
1.22366 18.538 70
-1.13574 0.276688 70
-10.9911 -4.87319 70
15.9494 -0.204602 70
-5.48485 25.4061 70
-0.174201 54.9443 70
3.91917 -6.13749 70
-1.20348 4.35626 70
6.20879 -4.76218 70
13.6981 5.81675 70
-4.50947 -6.15394 70
6.13219 5.73167 70
-0.673465 -1.46851 70
-9.24084 9.25423 70
-10.729 4.25006 70
-0.816263 0.524111 70
29.5018 0.630486 70
1.06192 4.72511 70
0.308768 -1.02471 70
-5.20889 5.01528 70
-1.176 1.25685 70
5.30441 10.8091 70
4.71467 1.40678 70
4.60982 1.36497 70
5.53562 -1.3962 70
16.3908 -0.311083 70
5.15869 5.15672 70
3.87986 6.02964 70
-0.524122 4.82519 70
-0.101439 10.5764 70
-1.04937 1.02175 70
1.44289 -0.329285 70
4.62824 4.13922 70
3.57542 -0.841329 70
-0.450227 5.66 70
0.395312 5.59464 70
20.8063 16.1146 70
0.541289 6.32324 70
14.3087 0.393056 70
-4.55807 -4.62178 70
24.6904 16.445 70
-0.839416 4.10983 70
1.40351 5.03148 70
5.44485 4.18651 70
6.14219 3.95241 70
5.17124 -0.804473 70
-0.545102 1.36812 70
-0.655915 -5.98534 70
-21.0645 24.4468 70
-0.129551 3.5179 70
-1.17913 3.97303 70
-5.96539 -59.0811 70
5.8871 13.8851 70
15.1396 -4.41812 70
5.20746 -0.0954497 70
0.865899 5.51301 70
6.26185 -5.75253 70
-0.504275 -0.491981 70
-20.3361 0.109376 70
-0.503227 -0.130406 70
1.02875 -0.692239 70
3.58016 -4.56624 70
0.519591 -6.34131 70
0.323793 6.2799 70
-5.04385 4.13122 70
4.68846 -4.35922 70
4.04564 -4.76973 70
14.388 20.2795 70
9.85217 -0.718153 70
-15.089 13.5206 70
0.834901 -0.492482 70
-5.79718 -4.53857 70
4.82818 4.74064 70
0.21871 3.90603 70
-0.692819 -1.24227 70
-1.38816 0.218204 70
5.21363 -0.0504741 70
5.2646 5.58502 70
-9.4541 20.457 70
-6.04422 -1.30421 70
4.54489 6.01352 70
3.82433 4.15852 70
5.31912 0.105803 70
-1.03835 5.13083 70
10.3307 5.6715 70
0.274571 -1.47709 70
-1.17885 -1.19628 70
-1.40368 -1.1708 70
-0.205877 -6.30319 70
-0.708578 -4.87971 70
8.8227 1.45022 70
9.52841 -0.767314 70
-0.517284 -0.855795 70
-19.9028 4.17098 70
10.0503 14.9227 70
6.18366 9.89274 70
0.49022 6.41504 70
-5.33383 -0.648667 70
0.0651224 5.76009 70
-11.0822 1.45004 70
0.118446 0.20208 70
-0.219185 11.0324 70
0.220501 8.96037 70
-0.273025 5.93875 70
4.52146 9.27686 70
-10.0252 -19.8406 70
9.49981 -3.6701 70
8.87489 9.50085 70
4.1347 -0.23539 70
-6.25404 9.25838 70
4.17012 -25.1564 70
0.752978 0.517645 70
5.85674 -0.887013 70
3.78951 -0.880195 70
4.7498 6.00091 70
-1.45812 4.24187 70
-0.408056 5.32628 70
4.63677 5.37044 70
4.12321 4.59113 70
6.09927 4.54941 70
0.735221 1.32718 70
-6.19063 5.62853 70
5.99487 -0.420877 70
-5.80588 5.88154 70
-5.09623 3.81437 70
0.555603 -15.3136 70
-4.68149 4.57023 70
11.331 14.2187 70
14.3451 -5.70053 70
10.4763 5.68085 70
-4.1328 -0.843097 70
-4.41679 0.818718 70
0.53286 5.71483 70
4.10143 0.998464 70
1.40697 9.30026 70
-1.47916 -0.832603 70
0.0449772 -4.33409 70
10.2759 4.60079 70
5.35341 3.67157 70
10.2308 -0.430796 70
0.586685 -0.377106 70
3.85035 4.86874 70
4.14891 -0.701287 70
-3.70962 -11.3709 70
-19.6613 -9.09075 70
10.9112 -4.5949 70
14.2766 10.9557 70
3.62008 19.5536 70
-9.14595 -3.80287 70
5.72834 11.1764 70
5.44357 -0.393607 70
-3.56528 0.719605 70
4.15509 49.5174 70
-6.1549 16.0626 70
1.37446 -1.38592 70
5.67568 0.311183 70
-11.1986 -4.30812 70
11.2942 19.3409 70
5.6316 0.982185 70
3.55889 5.57764 70
-0.821048 3.75426 70
-1.39122 4.81925 70
4.93878 0.919684 70
4.87103 -0.429731 70
-0.578652 1.24278 70
-4.20713 9.52599 70
-3.57615 5.77038 70
9.9804 -0.0332164 70
4.10151 5.69709 70
-0.254458 1.31037 70
-0.29403 0.534129 70
-0.19844 -1.24159 70
5.70277 -4.37923 70
-8.62212 6.04172 70
4.91665 -0.427308 70
-4.15066 -4.64084 70
-15.9215 15.9155 70
-10.9035 24.701 70
-0.69312 4.76245 70
0.0257936 -6.41478 70
4.65678 6.32782 70
10.3962 4.50111 70
5.49583 -0.538992 70
-4.71646 -10.7102 70
3.98507 4.99228 70
1.08339 1.06095 70
-1.12298 14.3502 70
3.87137 -6.01409 70
-0.872186 -1.14337 70
1.42687 -0.144938 70
-0.512597 0.899515 70
21.4678 21.0379 70
-4.79326 -11.4001 70
1.25113 1.12963 70
5.01767 5.4302 70
0.736068 -1.33739 70
-4.48681 0.397324 70
1.45175 1.10108 70
0.694729 5.45846 70
-1.29137 3.77708 70
-3.65787 5.33127 70
-0.114953 -18.8028 70
-0.135942 6.00011 70
-0.925629 4.26401 70
0.341391 -8.78601 70
-1.17177 8.75319 70
-4.98669 4.93403 70
4.18269 0.0934255 70
34.1308 -16.1919 70
-1.04942 -11.3915 70
0.761442 -0.287195 70
-5.36576 15.0573 70
-4.44473 -0.90974 70
-3.97178 -1.1438 70
-9.21466 0.940595 70
4.61836 5.5627 70
50.588 0.703431 70
30.4264 -0.516633 70
-1.33663 1.08676 70
-6.37439 -0.390013 70
-9.85417 0.790425 70
-4.79565 -16.3863 70
0.514842 -5.4051 70
-0.925058 3.56713 70
-0.861949 5.6854 70
6.02339 5.20148 70
4.46578 10.0089 70
-1.40546 3.67705 70
10.9618 -6.14076 70
1.22184 0.879984 70
0.856162 -0.794197 70
-1.25674 -1.37698 70
-4.84302 4.75107 70
6.06872 -1.41295 70
4.7142 -0.0836112 70
-10.1338 -10.6126 70
0.240489 -5.76794 70
-0.123022 -6.40205 70
-3.71099 -0.853329 70
4.78181 4.8362 70
9.72514 25.2804 70
0.462734 3.90417 70
-9.49241 5.8699 70
9.07533 -8.58152 70
-14.9381 10.404 70
1.25459 -4.19427 70
0.979652 -1.29833 70
0.208 5.17288 70
11.044 -0.911191 70
0.442948 -0.0230598 70
-5.18796 4.68629 70
-5.44553 -0.163709 70
10.3276 -4.65601 70
1.37853 8.71206 70
6.49595 -5.47623 70
0.995244 3.73027 70
1.48536 4.33733 70
1.39629 4.44898 70
4.89519 -1.27858 70
5.42829 1.27993 70
0.0351404 -4.52738 70
-16.0238 13.8684 70
-13.5074 15.4687 70
5.46631 9.35888 70
15.5355 25.1937 70
4.53063 10.5313 70
-0.77483 1.41514 70
0.974578 3.72552 70
-0.346829 4.49902 70
-5.85572 8.58422 70
4.21828 -5.07315 70
-6.391 11.2906 70
4.52463 4.15876 70
4.86022 -0.461269 70
6.39108 0.133119 70
-1.33377 6.39835 70
10.9601 6.46108 70
10.2515 8.61331 70
-16.3666 -5.83745 70
-0.336086 5.70922 70
25.8044 25.1854 70
1.41917 6.49483 70
3.69385 4.71289 70
5.79004 6.10816 70
9.60701 -1.17684 70
5.97845 3.54146 70
-15.6321 8.99067 70
-3.97328 9.35409 70
3.55745 0.828789 70
6.42262 5.8852 70
4.60575 6.30369 70
0.33755 1.14691 70
4.19237 5.37008 70
-3.76233 6.35375 70
-10.3605 20.5772 70
-5.50155 0.669811 70
1.09581 5.98149 70
-0.356773 -0.824724 70
14.1857 3.98527 70
1.19869 -0.979594 70
-0.843892 5.87213 70
-9.66044 -4.90161 70
-4.14174 5.18714 70
-5.57086 5.30127 70
0.093503 3.81234 70
-4.0874 0.0390604 70
0.36554 0.051708 70
0.995547 -0.263113 70
4.68997 11.0863 70
-4.30717 -4.90737 70
-6.34643 -5.40219 70
-3.55998 10.5289 70
-1.00526 10.8276 70
-0.234043 -1.35129 70
5.24272 6.23567 70
-21.3317 -0.966745 70
3.52857 8.8764 70
-5.36741 -3.70465 70
0.386254 0.882558 70
21.1715 -29.7177 70
-24.2285 14.1359 70
-0.431033 -0.0608019 70
3.7356 -4.23959 70
-1.34298 4.9106 70
0.446392 0.245759 70
-0.0144354 -1.37466 70
0.246756 -1.09061 70
-5.517 15.4638 70
-3.80995 15.7467 70
-5.49599 4.35245 70
60.642 -15.9691 70
10.3905 0.88347 70
1.42488 5.35641 70
4.37185 0.272344 70
-16.4824 -5.86727 70
0.763706 4.49967 70
8.68155 5.05997 70
-5.85614 6.37115 70
0.824143 0.668697 70
-4.21464 5.10533 70
23.5274 -6.41755 70
-3.73398 15.223 70
-1.04053 6.25165 70
14.8604 -5.68041 70
-5.55004 -1.12752 70
-0.46838 -0.580557 70
-0.70131 -0.987857 70
3.76877 -1.26552 70
4.99824 3.66875 70
-0.101512 4.68488 70
-5.2535 -0.457479 70
10.522 4.72825 70
0.950144 0.254893 70
0.310116 4.90733 70
5.67464 5.15619 70
-6.05177 -5.98179 70
-0.699537 5.64936 70
5.09756 6.05141 70
1.06282 4.94096 70
-3.95333 11.3187 70
9.15818 -46.2751 70
-0.589989 -5.90404 70
-0.677235 5.63955 70
0.286083 6.27256 70
6.09179 -0.810676 70
-5.35057 -15.1749 70
-5.75601 6.39832 70
0.609491 -0.345108 70
4.42155 25.6381 70
10.0444 -5.12439 70
3.55796 0.510027 70
0.108942 -1.28767 70
-4.8452 3.7255 70
-0.881912 -0.813593 70
-5.82346 -3.93102 70
-0.0330427 -4.39019 70
-5.5724 0.497467 70
6.27795 -0.723328 70
21.487 -1.42623 70
0.649045 5.00678 70
1.39438 4.38228 70
0.0604068 28.9792 70
9.79604 0.873117 70
-6.02624 4.10125 70
-3.61583 -0.180211 70
-10.9116 14.5334 70
0.663989 -0.177501 70
-1.24172 -1.24782 70
23.6256 -1.00642 70
10.3333 5.71046 70
-0.632268 -0.321835 70
6.44535 8.88357 70
-9.38473 -4.85505 70
11.2094 -6.39125 70
4.64969 -0.464986 70
16.1043 49.7323 70
-5.88488 10.3637 70
5.05883 8.64797 70
-10.9058 9.10773 70
-0.403556 -0.283775 70
-5.33952 1.26509 70
4.67067 1.24898 70
-4.06698 5.01763 70
24.5081 4.61399 70
-35.2497 -13.9405 70
0.498518 9.23546 70
-5.16483 -0.828704 70
-4.11545 9.61823 70
5.36027 4.40592 70
3.99018 -4.6066 70
4.27426 0.604247 70
-18.6502 -9.99188 70
-40.6161 29.6706 70
-4.78691 5.08341 70
-10.8489 -10.6173 70
4.2772 -0.503324 70
-0.246694 -0.732828 70
6.35751 5.94349 70
-1.27704 -1.22443 70
0.265705 -5.52301 70
4.45519 4.60295 70
5.01771 5.82151 70
19.7895 -0.127916 70
4.84826 0.947131 70
5.5532 8.52473 70
6.461 10.627 70
-5.9453 -0.320278 70
0.624696 9.75611 70
-0.214544 -1.16303 70
-3.9426 -5.86878 70
4.44352 0.432604 70
-1.21032 1.11213 70
6.02899 -0.154844 70
-13.5089 -1.11208 70
14.0158 8.7714 70
-9.22943 3.81522 70
-6.34608 5.31721 70
-5.52567 5.19226 70
3.80953 3.63583 70
4.06198 4.8058 70
-0.20738 5.41029 70
0.708779 38.6899 70
5.01064 6.03526 70
-10.1652 4.94408 70
-0.380061 4.89933 70
-3.7574 0.721535 70
-5.86558 10.4451 70
6.04805 -25.2321 70
0.098758 5.85253 70
4.88875 -0.254977 70
4.00092 -1.04035 70
-15.3295 4.36392 70
4.56063 -1.36141 70
3.51809 1.09851 70
8.99332 30.7805 70
-1.2087 -1.39827 70
5.62442 -0.482779 70
-1.36884 -4.46044 70
-16.3437 6.32849 70
-5.51177 -0.85274 70
-4.25271 0.180943 70
30.9224 11.4907 70
0.403049 -1.09287 70
-1.19436 4.31956 70
-15.9535 4.86287 70
0.976735 5.54728 70
4.44667 -0.231531 70
-0.016644 -5.52038 70
-9.34396 -1.36558 70
-5.70894 5.58789 70
35.2391 -25.0124 70
34.0646 -25.0024 70
4.2653 -5.4051 70
0.904232 1.46649 70
14.9054 -4.38446 70
-0.827447 -0.11325 70
3.59875 1.31519 70
0.940926 0.0287083 70
6.12189 -5.25096 70
3.68425 4.71085 70
5.42056 1.28982 70
1.20203 5.183 70
0.266847 4.8402 70
-0.735364 5.49899 70
-3.57134 -5.34353 70
10.3138 -0.157435 70
-0.713442 -0.673088 70
4.07393 -0.902179 70
-6.28943 -9.91431 70
11.1527 4.43981 70
-0.329811 -0.603601 70
5.73153 5.53101 70
4.40704 4.48645 70
-5.0538 -11.2247 70
3.7715 -1.3925 70
-4.22987 4.64717 70
6.26657 4.72674 70
4.83306 1.35124 70
0.0741832 1.29429 70
6.2543 4.7786 70
-31.3036 48.6952 70
5.31099 -1.42921 70
6.16442 -0.265047 70
4.00155 3.66668 70
-6.15693 8.98322 70
8.62591 -23.5733 70
4.81159 -0.293014 70
24.6155 -0.219191 70
10.1402 38.5938 70
1.04203 -1.2808 70
-14.2406 5.12601 70
-0.594427 -0.622851 70
-6.32731 -1.26624 70
-9.9401 14.9126 70
3.86066 -3.92913 70
-4.72786 6.2943 70
5.93366 8.78888 70
-9.38095 6.01759 70
-6.1043 -4.15379 70
-11.032 8.65015 70
-0.282415 6.21252 70
-4.15732 6.41528 70
4.42937 0.681493 70
-11.304 -6.10689 70
1.14408 5.973 70
0.924349 3.73494 70
-23.6633 -54.6966 70
-0.15614 9.2588 70
5.99278 1.18515 70
-0.198244 4.71647 70
-55.8929 -5.73459 70
-0.638805 10.6891 70
14.6831 9.91826 70
5.26901 3.81339 70
5.41691 5.23125 70
-0.220821 0.116617 70
-0.94695 -4.3288 70
3.57007 -0.383223 70
11.2135 4.92011 70
44.6204 -9.35681 70
0.565665 4.51323 70
5.28018 15.9636 70
-1.10792 -0.819633 70
-6.29935 5.99532 70
-51.4541 -39.7902 70
50.4324 -9.12943 70
4.0465 -0.704701 70
-0.977525 5.32631 70
-0.522616 15.1834 70
-1.29811 5.79509 70
-3.72972 5.85021 70
0.777408 6.42045 70
-0.13986 0.524122 70
-24.4639 -20.7743 70
-6.09936 -20.1783 70
4.87691 5.99051 70
19.6736 -14.8346 70
9.97145 10.5556 70
0.912641 5.44308 70
-13.8306 4.79514 70
20.1624 24.0588 70
0.423955 4.42081 70
0.673277 -4.91581 70
0.371858 5.60329 70
9.28459 -13.8783 70
5.94454 -0.971666 70
10.6568 1.07069 70
8.80508 -1.11509 70
-1.15373 -0.66824 70
0.136434 -0.0401446 70
9.61673 -9.45405 70
9.97631 3.69395 70
5.48446 -3.66284 70
-5.23393 6.33134 70
0.86171 -20.1828 70
-9.98523 9.04387 70
4.31215 3.57011 70
-5.94649 4.27927 70
0.00936554 6.16298 70
-0.843005 5.05024 70
9.93804 -4.97013 70
0.880127 60.5347 70
15.9704 36.1319 70
1.3051 11.373 70
4.29663 6.41156 70
5.6514 10.8821 70
-41.0281 -4.86187 70
-0.602087 -4.61075 70
-1.29165 9.09088 70
-0.517537 9.02561 70
5.90835 4.52442 70
0.010575 -0.023018 70
-10.6337 4.60745 70
-1.27793 10.4297 70
21.0514 5.52493 70
11.2781 -10.0997 70
6.27615 5.62744 70
0.180262 5.34013 70
3.63341 -6.29619 70
5.86077 -6.35153 70
-4.86859 9.96881 70
-10.5256 -15.0186 70
-10.3192 -15.5498 70
-0.439285 0.714434 70
-9.55157 -11.2911 70
-0.617616 -1.09701 70
0.682095 -0.0607076 70
5.43466 4.36572 70
0.603755 0.386235 70
-26.2228 9.80962 70
-25.5744 8.71451 70
5.74175 5.16966 70
0.88492 0.669734 70
-16.1535 9.59964 70
0.24537 6.09379 70
-0.560304 1.40151 70
0.914786 5.12876 70
-0.106261 -0.106609 70
0.182039 -1.39554 70
0.310446 -0.0154317 70
-4.20658 5.79738 70
1.19069 -10.4757 70
-0.0316657 -0.71185 70
3.51981 -0.0827691 70
6.42899 -8.85794 70
-0.599676 1.45919 70
-6.4009 4.25344 70
24.9486 15.0486 70
-13.7618 -16.1853 70
-1.41554 0.36236 70
0.85392 0.366433 70
3.61475 0.540585 70
4.31037 0.518778 70
0.961203 8.87437 70
5.43047 1.27997 70
16.1183 14.5773 70
-4.52353 16.4645 70
5.06666 -4.41697 70
0.404341 -1.03888 70
-6.33069 -6.3175 70
-4.94433 -23.7428 70
-0.698114 5.90123 70
-1.25382 5.68982 70
-9.45552 -0.925716 70
0.0886217 4.75397 70
5.21121 5.35099 70
-5.91959 0.0610719 70
8.66204 5.91401 70
6.2897 9.5188 70
5.40308 15.2864 70
4.85673 -0.061508 70
0.937066 5.77564 70
0.194187 -10.6353 70
-5.76822 -0.776462 70
5.17336 0.319097 70
4.20174 -9.15442 70
9.02279 11.4843 70
-6.1785 -1.32299 70
-4.03082 1.22441 70
4.97997 3.95217 70
-1.25847 -0.754071 70
4.24029 4.29064 70
-21.0217 20.6069 70
-21.1775 18.6484 70
19.547 11.3965 70
-48.9619 -15.5641 70
5.03129 -1.34741 70
9.73243 -0.461049 70
-4.12413 0.279175 70
-0.982462 -1.42788 70
46.1809 35.0924 70
15.8959 -19.1494 70
16.383 -5.4191 70
-6.07499 8.69137 70
-5.37151 3.72332 70
4.09124 -0.00575734 70
5.91098 -8.58979 70
9.55728 5.0042 70
10.1945 6.02713 70
-10.3006 13.7863 70
0.662941 6.02939 70
-3.55795 0.0451595 70
3.74915 -0.531476 70
-0.862575 -0.680325 70
-10.4645 10.6698 70
24.4027 61.0775 70
23.7913 59.1391 70
0.0527758 0.283228 70
-0.988163 1.44555 70
4.79822 6.26177 70
-18.9964 9.66462 70
6.46925 -5.9732 70
15.8905 1.43785 70
0.783136 0.202418 70
-0.773448 -0.204929 70
-10.5637 30.0174 70
4.21141 5.7148 70
5.66256 5.05164 70
-4.50777 11.1967 70
0.225061 -0.525637 70
0.331936 1.19205 70
-1.25211 -6.13231 70
0.739928 0.613658 70
-4.22895 0.435701 70
19.6505 14.7765 70
3.52946 -0.284786 70
3.86516 0.679706 70
-1.43729 -6.00694 70
-4.89597 -15.6419 70
