0.631926 9.68621 70
20.6101 -39.4626 70
1.47635 -8.52114 70
-0.72689 1.46542 70
-30.1684 8.53995 70
-1.0468 -11.3563 70
-29.398 -1.08982 70
-39.0259 8.52418 70
0.613291 -0.833248 70
-0.640552 1.41186 70
49.5431 -60.5966 70
-1.46918 -9.95252 70
-10.8815 -0.174888 70
11.2873 -9.5829 70
-9.17565 -0.632647 70
-9.59059 0.397691 70
0.0773873 -1.06279 70
0.370304 -0.554425 70
-9.7153 28.7439 70
1.34296 9.89946 70
-0.727266 0.69475 70
-0.754881 -1.39074 70
-31.0607 -19.3238 70
20.7327 -29.3818 70
21.0538 0.997317 70
-0.440962 1.28756 70
8.66086 0.211397 70
1.23183 -19.3113 70
-0.96536 -19.1138 70
0.901677 0.28136 70
-0.888467 -9.46471 70
9.49668 -21.4078 70
9.48585 -20.3116 70
20.7954 -0.666176 70
40.0614 -8.77368 70
-0.656989 -10.9744 70
20.1202 -18.6046 70
1.47888 -1.47249 70
-1.23125 -11.1286 70
1.06712 0.175648 70
-10.8298 -11.0755 70
-0.0619346 -10.9731 70
-41.2848 -40.4 70
0.312316 0.770796 70
1.29132 -19.8433 70
-10.8187 -9.76524 70
0.755481 0.207471 70
9.30488 -9.70684 70
-0.885204 0.929861 70
1.26317 -0.134651 70
-9.69025 -10.7431 70
0.941753 1.08931 70
-19.0201 10.4974 70
-0.947779 0.638265 70
0.69812 -0.0258622 70
0.60576 -1.10391 70
0.366623 0.837548 70
18.9675 9.14011 70
-1.25221 -9.03099 70
1.15526 -1.31107 70
-11.0333 10.3946 70
20.6484 29.4879 70
-0.98556 -8.7588 70
1.15666 -9.4711 70
-9.34538 30.1275 70
1.17166 0.179129 70
-0.357619 11.409 70
-1.20659 19.75 70
-9.96468 -10.3368 70
0.187069 -0.165348 70
-9.40249 0.934303 70
-10.4181 1.3767 70
-20.5926 10.9293 70
-0.0652528 -9.13221 70
-9.33975 -8.98603 70
-0.306459 -0.674639 70
9.86675 -0.117595 70
-0.543482 -0.782265 70
0.371945 -0.448751 70
28.7196 89.4363 70
8.58648 -8.6848 70
-19.8101 -10.7616 70
-20.7324 0.238382 70
1.02337 10.5921 70
-0.119509 -18.7857 70
-1.42287 -20.9181 70
-49.3562 -1.39386 70
-9.7586 -11.3751 70
-1.04826 -0.448868 70
0.0278947 -10.847 70
-1.33876 -10.5404 70
-0.664396 0.127898 70
-0.670127 -10.3588 70
-20.2288 -0.333241 70
-0.939777 -19.7315 70
9.29891 -29.2451 70
1.19012 -0.0353344 70
-1.06261 -9.91902 70
-18.7791 -10.3924 70
-9.16274 -1.29115 70
19.2822 -11.1289 70
50.5842 -0.385942 70
-19.1187 30.9857 70
1.18423 19.9474 70
0.205666 -0.561591 70
0.585062 -0.174591 70
9.87892 -19.484 70
11.3215 -1.4166 70
9.4115 -8.91043 70
19.2333 -9.82115 70
0.451133 -10.9354 70
1.44391 -9.93885 70
1.47648 -9.52848 70
-11.3889 11.0239 70
0.772829 -9.36169 70
0.701118 -1.17681 70
-28.8897 0.590146 70
0.588186 1.48317 70
0.0192578 0.0210647 70
0.88332 -8.72417 70
10.7137 0.878401 70
-10.1798 -0.147341 70
-11.0796 -18.7818 70
0.951997 -10.3838 70
-9.90386 -9.92755 70
1.33592 -0.633078 70
0.820518 -9.62498 70
-9.65191 -1.44086 70
0.523189 -8.66864 70
0.157659 0.965155 70
-10.9345 0.810134 70
-101.217 -19.9649 70
-0.306531 -0.428034 70
9.00393 -8.88469 70
-11.3852 -1.27138 70
-21.2965 8.51197 70
9.44075 -39.84 70
9.26548 -0.128136 70
-28.7156 19.5522 70
1.45771 9.39973 70
11.4154 -10.6854 70
10.2915 -1.44275 70
0.066791 1.08149 70
-1.21587 -1.21564 70
0.916457 20.3953 70
1.19775 -0.947834 70
-0.187433 0.712905 70
-0.467715 -0.205913 70
-11.2385 10.0712 70
-1.34922 -8.78205 70
-49.6893 19.1779 70
-50.9133 19.1209 70
1.07457 -8.91687 70
0.0223898 1.14224 70
8.82417 9.43082 70
-1.16687 0.561143 70
0.967404 -9.74343 70
11.4341 31.1177 70
28.8274 1.05338 70
40.209 0.171019 70
0.497143 -0.0399248 70
9.25591 -10.3495 70
-9.5765 -10.3618 70
1.18331 0.50943 70
10.735 0.00729484 70
9.51666 0.467315 70
20.552 -19.4462 70
-20.7777 0.605375 70
-20.6827 1.06359 70
-0.68539 -41.1532 70
-0.330284 -8.68473 70
-1.04301 -10.878 70
-8.90716 0.189144 70
-21.4547 -29.3666 70
-0.022858 -0.34988 70
19.0386 0.102497 70
1.07999 -10.604 70
49.8305 60.4843 70
-31.4967 20.2939 70
-10.8727 0.83281 70
10.9061 -0.350475 70
-10.5839 -10.0981 70
-39.7656 -70.4542 70
-9.44203 -8.84129 70
0.28622 -10.619 70
-21.0513 -38.8747 70
-0.781865 0.180371 70
-10.8371 9.73281 70
10.3346 -10.0199 70
-11.2937 -9.57233 70
-0.196057 -9.53516 70
-10.1966 -18.8447 70
-0.297723 -10.1943 70
0.709323 -0.270925 70
-0.654675 -1.05513 70
1.48826 -8.96465 70
0.318026 -10.2528 70
0.171917 -1.11064 70
-0.921462 -0.351166 70
-0.612667 -11.2601 70
0.240667 -9.95399 70
31.1862 -30.8366 70
-1.00139 -8.51342 70
-8.84403 9.57109 70
60.2077 -11.0687 70
-30.4248 9.80837 70
1.13463 -0.377296 70
11.1973 0.305264 70
-11.1182 -11.384 70
0.271668 -0.479053 70
-21.252 1.24069 70
0.276071 -9.03919 70
-0.205528 0.939786 70
-0.0321818 20.0472 70
-9.21896 -8.52843 70
18.6044 -19.2212 70
1.11097 -8.88667 70
10.4531 -10.8214 70
8.60025 -10.9454 70
1.21825 -1.02383 70
-9.47695 -0.531576 70
91.366 11.0082 70
0.355685 -8.76411 70
-9.98796 -0.681865 70
-10.3041 -8.82315 70
0.866969 -10.918 70
-21.1292 -11.0072 70
20.4387 -8.85167 70
1.29791 -0.269833 70
-0.252047 -10.7223 70
-1.21494 -8.57347 70
-1.35612 -9.34037 70
-8.66507 -8.91509 70
60.2716 19.509 70
9.67717 9.4863 70
0.328788 -9.31921 70
8.63429 1.09985 70
-9.48978 0.257687 70
18.7727 -30.3419 70
-1.1644 0.910732 70
-1.36823 0.0661477 70
28.5265 41.4669 70
-0.0383859 -11.2374 70
-0.388044 -10.0411 70
10.3787 0.164288 70
11.4457 10.2344 70
-10.79 -49.4717 70
-8.77816 -50.041 70
-0.0586209 -0.521153 70
-0.83918 -9.8371 70
0.597961 -0.540548 70
-0.427954 -10.6459 70
-0.678058 -18.7619 70
11.3138 9.13935 70
-0.130845 -9.12128 70
0.16492 -0.854633 70
-0.315701 0.908377 70
-0.810308 -30.025 70
-49.5564 120.524 70
1.1298 -11.2536 70
0.162897 0.317138 70
8.58901 0.775089 70
10.9165 0.246158 70
-9.68681 9.09185 70
10.78 1.31374 70
1.3998 -11.3296 70
-19.349 -29.3672 70
1.44228 -0.530746 70
-1.31499 -0.643194 70
1.07379 0.287033 70
39.0009 19.7641 70
1.10166 -9.16523 70
0.0474787 0.755061 70
-0.714164 -0.488823 70
0.158802 -1.05976 70
1.30214 -9.31272 70
11.415 -21.4461 70
-0.23583 -0.371192 70
0.805812 -9.80244 70
1.24739 -9.10641 70
-21.0664 9.73656 70
1.13922 1.46982 70
8.92432 -0.756028 70
20.9459 21.2462 70
1.09817 -9.8038 70
-18.6453 41.3185 70
-0.0802796 -8.58401 70
-10.0589 -0.587015 70
8.91909 -40.7197 70
0.780132 -1.44522 70
-30.0259 -109.931 70
1.49711 -8.63763 70
29.4561 0.118658 70
0.709544 -30.2107 70
9.93898 8.97712 70
-10.4626 -20.4246 70
-28.8915 19.0306 70
-9.74438 18.697 70
-1.31434 -29.9995 70
10.1832 -8.74816 70
21.4945 11.3957 70
0.33586 0.374404 70
0.393667 -10.5661 70
-10.7349 0.444178 70
0.329592 -0.552988 70
9.46689 -21.3629 70
1.43113 -0.846558 70
11.2091 -11.1891 70
-10.3638 -8.77739 70
19.5006 -30.6595 70
-1.03182 -9.04721 70
-1.34792 -0.488878 70
-0.248272 0.90994 70
1.22875 -8.71059 70
-0.677113 -1.3845 70
-1.45168 1.31345 70
39.3442 -10.8002 70
-0.677088 0.351265 70
-0.601962 -10.2431 70
-21.4596 -30.0452 70
0.510379 -1.46217 70
-0.427224 -0.405808 70
1.42818 -1.35046 70
-0.574221 0.885548 70
9.84395 -21.1877 70
11.3634 0.218959 70
20.6148 -1.45156 70
-18.581 -11.1223 70
0.589217 -10.3729 70
10.5489 -9.16426 70
0.7659 0.593513 70
9.16949 -10.5075 70
-10.5747 -8.80002 70
-11.1523 -10.6497 70
0.876399 -19.3956 70
-1.27257 -1.03975 70
-0.123272 -0.327218 70
11.1829 0.8604 70
-10.981 -48.5902 70
-9.40858 -9.81705 70
-0.714189 -8.91038 70
1.40563 -9.76354 70
-0.348238 -19.5894 70
-19.6862 10.2674 70
31.3916 -19.78 70
30.4541 -20.808 70
30.4309 -10.2177 70
29.3987 -9.00313 70
30.3633 -10.386 70
-0.674138 1.30786 70
-0.0133498 -0.797208 70
11.0421 -1.34116 70
9.70577 1.34795 70
-9.69219 -10.3637 70
0.0602233 -9.51159 70
0.540352 -10.0191 70
-10.7712 0.830768 70
11.2985 -8.53533 70
21.1295 50.9519 70
-0.507594 -11.3783 70
0.82494 0.0979044 70
-0.561639 -9.54833 70
0.0749955 -11.2392 70
-0.53907 -9.92446 70
18.6635 10.9359 70
-1.37207 10.8691 70
-0.655499 0.163055 70
-19.9299 -0.126643 70
-0.36336 -8.94337 70
-0.433657 -0.669799 70
0.6847 -9.19009 70
-1.07868 -0.949394 70
-1.14589 -10.1685 70
-8.76439 -0.464648 70
-11.3839 18.8251 70
-9.59491 0.180562 70
0.382716 -11.4998 70
-1.44911 0.309857 70
-1.47815 -0.640108 70
1.18933 -19.1352 70
-8.96061 -11.4829 70
-9.60862 -10.2289 70
-10.8698 -8.58577 70
0.00117209 -9.83184 70
-9.29333 -9.71273 70
108.784 -59.5133 70
0.814225 -9.88505 70
-0.592698 -8.98699 70
-11.4397 -11.0498 70
0.609319 -8.89084 70
-10.7607 18.8057 70
-8.84653 20.4011 70
0.20842 -0.760951 70
-0.411298 -1.33819 70
-20.0671 -8.56598 70
9.95201 -0.975369 70
10.5223 -1.40097 70
-0.868346 -9.56947 70
-9.84777 -59.7204 70
-9.0743 -49.5878 70
-1.4527 -20.5249 70
-9.35197 0.731101 70
-0.886554 -10.2046 70
-0.0899609 -1.29028 70
1.48621 -8.66332 70
1.47836 -10.6227 70
-0.374717 -1.46522 70
-1.28858 -0.907399 70
-1.14579 -0.720472 70
8.58512 -10.9747 70
-1.08975 0.633885 70
0.158741 -0.436308 70
10.9239 -9.39328 70
-9.78624 -8.93866 70
9.15809 10.3045 70
-1.42237 -0.478204 70
0.0548515 -10.0272 70
30.9833 9.32517 70
-0.922473 -9.22143 70
1.42617 -10.1239 70
-0.0151563 1.43716 70
-10.8794 -9.32237 70
-9.50268 -11.2756 70
-1.42132 9.19985 70
29.896 -39.7044 70
-1.3851 40.4569 70
-0.0376378 -9.02712 70
-11.1164 -10.8309 70
9.941 -10.2315 70
10.9395 8.63148 70
1.09796 0.999256 70
-10.1063 -0.44205 70
-0.231155 -10.9768 70
-9.87689 0.100396 70
11.151 -0.285713 70
-0.40288 -1.44056 70
11.2659 -8.93854 70
-29.6051 -30.3801 70
-9.81088 -11.1545 70
-0.239982 -0.292886 70
-10.7389 0.557517 70
-9.19006 -1.03005 70
-0.395914 -9.91712 70
8.59645 -10.9403 70
1.0838 0.339143 70
-0.435446 -1.45181 70
0.297961 -0.685078 70
0.300866 -9.84973 70
-0.102742 -0.295841 70
-0.714309 -0.771791 70
-1.44768 11.3879 70
10.1116 -21.2834 70
-121.44 -0.122503 70
0.566611 19.94 70
-0.148264 -10.2743 70
0.601332 0.342332 70
0.0224321 -0.460713 70
-0.016143 0.116368 70
20.8762 30.3927 70
-0.472127 0.487392 70
-10.0138 30.4152 70
1.26804 9.83232 70
1.13727 0.854105 70
-10.38 -8.84871 70
9.27122 10.3385 70
-9.52615 0.626998 70
-28.7886 -48.5878 70
10.6791 1.32529 70
-0.148962 8.66609 70
-1.13012 -0.75071 70
59.6777 -0.00879544 70
0.941043 -8.74941 70
-9.0838 10.5415 70
0.951324 -1.28657 70
-0.363057 0.459099 70
1.39842 -29.9561 70
0.0535485 -1.05119 70
8.90612 -29.6381 70
10.3553 -18.8431 70
1.25828 -1.49828 70
-20.3839 -10.2036 70
0.755578 -0.137708 70
-11.233 -29.9581 70
-30.6596 0.276382 70
-0.833967 0.215169 70
0.547161 -1.49724 70
1.25781 0.63747 70
0.274237 -20.2154 70
-0.556624 -1.44454 70
9.23866 -0.84888 70
29.4554 -21.046 70
1.49811 -9.96207 70
0.537695 -11.2156 70
-10.9791 -9.87635 70
8.88107 -10.5411 70
10.3197 1.30649 70
10.8512 -10.4147 70
-10.4623 18.7164 70
0.159492 -0.473864 70
0.771131 -0.615096 70
-1.00107 -10.9576 70
-9.72893 -9.02203 70
-8.74719 -9.29377 70
-0.56892 11.2368 70
-0.934931 -1.48128 70
-8.78137 -10.3653 70
-1.3042 -10.4687 70
9.00637 -31.2268 70
11.122 -28.8918 70
-8.94139 -0.635159 70
-18.8677 -29.138 70
-0.871281 -10.5015 70
19.81 0.446534 70
49.619 -48.6838 70
9.69247 -9.50615 70
0.709028 -1.16839 70
0.682471 1.34137 70
-9.14236 -1.22607 70
0.186313 -0.460104 70
-9.06128 -0.630698 70
0.901294 -9.60298 70
19.2389 -28.5576 70
-0.992166 -10.5932 70
-1.33404 1.01722 70
10.8241 0.252063 70
10.347 10.0216 70
59.9806 1.17772 70
-1.39857 -0.126258 70
-0.0445823 -0.0415376 70
0.611363 20.9318 70
-8.89073 -10.5391 70
0.235099 -0.837949 70
8.98782 -8.6373 70
-0.12309 -9.61809 70
-1.43262 0.653224 70
-120.704 28.7892 70
9.79286 -11.3594 70
0.0894849 0.904616 70
-11.1382 -0.696611 70
-9.61488 -21.4926 70
-9.09899 0.94579 70
1.05305 0.661238 70
-0.0074278 -9.92183 70
-0.186013 -0.10343 70
0.453435 1.17903 70
-8.81377 -8.92834 70
0.147999 0.719146 70
-0.329158 9.2119 70
-1.32179 -11.3723 70
-10.345 -10.0448 70
-11.4932 10.4271 70
10.4042 10.9098 70
-0.650515 -11.472 70
11.4025 -10.2821 70
8.60821 -19.4186 70
-20.7873 -9.3787 70
9.74386 20.2029 70
0.137279 -9.80376 70
-20.4578 -19.7817 70
-79.923 -50.7099 70
8.52848 -20.4039 70
9.55804 0.744673 70
-10.2287 -10.7451 70
1.34028 -11.1008 70
-20.8502 -11.4224 70
-0.340174 -0.574132 70
-9.26646 -9.47629 70
1.09438 -11.3176 70
1.09095 -10.4448 70
-18.5333 41.1242 70
0.987479 -0.530543 70
-30.1028 -38.9637 70
-30.5483 0.296104 70
10.4538 -20.9787 70
-10.803 1.04158 70
1.15472 -19.8532 70
-0.900711 -8.69955 70
0.415373 -18.5178 70
19.6225 -0.686836 70
0.768792 0.190165 70
-0.914493 0.628108 70
-1.4832 -11.4633 70
30.1087 -59.6065 70
30.5487 -61.4164 70
10.24 -9.51504 70
10.5758 11.4481 70
-30.5639 1.07048 70
-1.19766 -0.575451 70
0.803292 1.43393 70
-0.155497 0.27813 70
-9.54801 8.82699 70
-0.409319 -10.5111 70
11.2644 1.49402 70
48.8058 -19.6044 70
19.1016 -11.3246 70
-0.740495 -9.7002 70
-1.02712 -10.1128 70
-10.7562 -1.20518 70
0.460736 -10.3191 70
-0.548291 -11.3182 70
1.43504 -18.6576 70
-0.854178 -10.1265 70
0.239735 1.12087 70
1.15721 -28.718 70
0.814454 0.457525 70
-29.0907 0.0318349 70
29.6237 -69.4574 70
0.126663 0.131486 70
-40.7147 -19.7288 70
9.96651 -20.242 70
-0.419954 -8.61587 70
-0.605114 -0.455681 70
-11.1332 -9.95955 70
0.00683354 1.4826 70
10.9925 -0.647987 70
-19.7504 -0.0527658 70
-10.174 -9.69416 70
0.353726 -9.92491 70
0.216082 -8.73106 70
-40.0087 -28.523 70
0.712924 0.656741 70
-11.0538 1.06931 70
-8.82731 0.840145 70
-1.00367 -10.0987 70
-8.70047 10.1027 70
-9.05267 -10.8233 70
0.303009 -0.355003 70
-0.335465 -0.0992446 70
-10.7036 18.5047 70
38.5321 -68.7096 70
1.38098 -11.0977 70
-0.995665 -0.882978 70
-0.152262 -19.7318 70
1.44153 -10.8006 70
-1.40666 -10.9616 70
1.47953 -20.2547 70
9.91087 8.91033 70
-9.4961 0.208971 70
-0.128607 10.489 70
9.05748 -19.4709 70
-0.506958 -0.731427 70
11.4151 0.178013 70
-0.198434 -9.86712 70
-9.66486 1.13473 70
10.0607 -10.5233 70
1.24868 -8.83094 70
11.1537 -8.88468 70
0.745697 -10.4582 70
1.23359 -10.419 70
0.511502 -10.6493 70
-10.9335 -0.251512 70
-11.062 -9.36251 70
-1.01722 1.43383 70
19.2477 -50.9696 70
-0.31045 0.733112 70
-10.1053 1.25254 70
-0.833939 0.827005 70
-8.71956 -0.860733 70
-1.12507 -10.9352 70
9.44624 10.8737 70
-1.48994 -8.68299 70
-1.42309 0.170975 70
9.13681 -10.2573 70
1.21133 -9.02195 70
-29.0062 1.10409 70
0.451435 0.0953427 70
0.277412 0.869358 70
0.20787 -11.2082 70
-9.30665 0.0520445 70
0.819164 -11.2553 70
-0.353978 9.15961 70
29.066 -29.6674 70
0.481608 0.466094 70
9.46397 -8.82247 70
-0.35081 -1.00455 70
-9.93109 -9.08923 70
30.2733 -100.042 70
-0.507342 -10.2582 70
20.4226 -10.5919 70
1.06924 89.8345 70
-9.72492 10.2426 70
-11.0505 -11.1448 70
30.8008 10.5362 70
28.8055 9.87644 70
-0.683599 -10.9892 70
0.0503885 -1.12495 70
-0.535908 31.2446 70
-0.896148 -10.2862 70
1.48707 -10.7883 70
8.79249 0.755381 70
-20.9394 -10.6226 70
-19.0435 -10.7845 70
-9.31765 -21.4393 70
0.255607 -10.6694 70
-30.3445 -31.3021 70
20.9781 -10.0742 70
-0.788129 -10.2814 70
-0.797512 -0.578768 70
-11.0288 -19.787 70
0.390501 -0.416934 70
-0.382451 1.35197 70
-0.0936074 -0.729553 70
-11.3719 -0.215638 70
10.9721 0.334282 70
-1.26027 -0.288041 70
8.67802 0.241284 70
-31.2647 -9.73656 70
0.63467 -9.30024 70
-20.0134 -29.401 70
-10.6911 0.822459 70
10.2704 -0.755653 70
-0.217411 11.2447 70
-1.04284 0.91581 70
-19.5407 -40.7909 70
11.2779 1.25524 70
30.9579 -51.3792 70
-9.08472 -31.0665 70
39.573 -0.541001 70
-1.42217 -1.31181 70
10.1054 0.926389 70
10.0222 -20.1928 70
1.07341 -9.31368 70
8.62914 -1.41912 70
1.34404 -20.3135 70
10.4475 -9.22244 70
-1.26795 -9.1555 70
-40.1201 21.1553 70
0.990049 -0.0828107 70
-10.9136 11.0537 70
-0.96224 -0.526882 70
8.53714 19.0909 70
-8.66964 -21.1395 70
10.601 -11.1673 70
