20.6764 0.0653197 70
-0.207659 1.1948 70
-0.243451 0.261695 70
-0.786266 0.429591 70
-0.0463917 0.34212 70
9.49994 9.5939 70
-29.3971 18.8129 70
-1.2193 9.68539 70
-0.65143 0.685822 70
0.74705 0.966395 70
-0.58263 19.9403 70
21.1114 -9.3197 70
9.59022 -1.12434 70
10.4275 9.08254 70
11.272 11.0852 70
-10.2572 9.50319 70
1.0496 0.0932137 70
-21.2878 20.6207 70
0.785388 0.30364 70
-20.2473 -21.0543 70
-10.7356 89.9499 70
21.3135 -9.35738 70
31.1438 -29.996 70
9.23294 10.6852 70
-1.29918 9.46983 70
-0.572816 -21.3781 70
0.603312 -10.491 70
-10.7453 0.0798197 70
-0.822058 9.00875 70
9.97264 28.696 70
10.9885 10.167 70
40.1099 10.6745 70
40.8159 10.1745 70
11.1814 -38.5511 70
0.0917589 -0.0658237 70
-21.3079 48.896 70
-10.8032 1.20413 70
-39.5935 -19.9292 70
1.14661 0.381788 70
10.4177 10.2229 70
-0.934771 10.5242 70
0.366211 0.165846 70
-51.4002 49.1674 70
-1.17889 10.2091 70
-0.625769 10.0918 70
110.011 -49.8796 70
8.50603 10.2148 70
0.523073 10.6943 70
-0.0662658 -9.92393 70
-8.64576 19.2035 70
-0.881632 11.3381 70
1.34397 10.077 70
20.2976 -0.111732 70
-9.14635 -19.105 70
0.821618 -0.736247 70
-1.48703 1.01322 70
-8.9427 -0.273169 70
0.148236 19.0033 70
0.711217 18.8035 70
-1.34166 -10.5933 70
1.30497 19.9635 70
-1.11654 11.4933 70
0.0200338 0.70462 70
-1.04914 0.286546 70
8.98234 10.3712 70
0.22348 10.3609 70
0.763031 8.77759 70
-1.3435 -0.094794 70
-40.1659 18.6105 70
51.1778 -39.0033 70
10.8802 8.58421 70
0.748148 -9.62827 70
0.110584 9.44479 70
0.0502717 11.2989 70
-19.4309 31.0668 70
1.31901 11.3657 70
8.66537 0.0288301 70
8.89692 -0.783182 70
11.1426 -1.371 70
-0.672561 11.2726 70
-1.23957 1.01998 70
0.949695 -9.78271 70
-30.9231 -30.2045 70
9.4924 11.1024 70
-20.4976 0.702028 70
-10.3346 1.18504 70
-19.5316 19.3561 70
0.894509 10.1424 70
28.5899 9.20564 70
8.62556 -0.336997 70
9.79354 -0.316127 70
8.92725 19.7954 70
-19.6479 -9.79795 70
8.58154 10.7272 70
-1.36221 1.01492 70
10.2473 1.2587 70
-9.15208 -9.46543 70
-10.0751 -0.0510635 70
9.68551 8.69454 70
39.2381 -9.41904 70
0.439362 0.43558 70
8.88228 10.605 70
1.21436 9.38914 70
-0.192546 9.65904 70
0.731502 0.33961 70
-9.89183 19.3019 70
-10.2437 18.7236 70
8.75293 0.341395 70
-0.275892 -0.640742 70
1.08492 -9.43281 70
-21.4788 0.780455 70
-0.812706 -10.6459 70
-11.1787 -31.2766 70
-1.02768 10.2962 70
-20.4802 10.2325 70
11.4419 -28.5678 70
11.3177 10.823 70
-9.07053 8.87867 70
0.231349 1.34889 70
11.4551 9.805 70
0.971306 19.9868 70
-1.36745 1.46285 70
20.1694 0.9429 70
31.0226 1.02869 70
19.0564 38.7418 70
-0.20205 1.06891 70
-0.244633 9.44808 70
-1.49185 0.135137 70
0.0672191 9.18456 70
-0.148332 11.18 70
9.7656 -1.04924 70
9.41925 0.516293 70
10.2917 1.37012 70
-11.263 10.7854 70
-0.853213 9.43957 70
-0.623035 -1.47652 70
11.2841 19.4051 70
10.4655 -19.8835 70
10.8695 -11.1223 70
-0.629962 8.88827 70
1.2534 0.0409638 70
11.4871 -11.3624 70
0.511137 0.414419 70
9.77662 10.0144 70
-1.1826 0.531878 70
0.234671 -40.3202 70
-1.35875 -0.634029 70
9.79237 0.337938 70
10.8557 10.5436 70
-39.2526 -19.3991 70
-11.2956 1.28501 70
-1.03358 -9.00094 70
19.2286 -20.8992 70
1.45276 10.3833 70
1.31302 10.749 70
30.184 18.5632 70
0.88967 0.0733955 70
0.341925 -0.333918 70
-9.51295 0.484574 70
28.78 -20.8893 70
40.0587 98.9151 70
0.961226 9.68041 70
29.749 11.181 70
10.614 -0.310602 70
0.210518 -1.2269 70
-0.70841 -1.02323 70
1.09763 9.34837 70
-19.8306 18.9046 70
10.9945 20.7003 70
81.4954 -19.9174 70
40.2511 29.4606 70
-0.580437 0.785991 70
-8.53471 11.3435 70
1.36313 0.260856 70
1.14924 -0.464105 70
40.1448 1.33416 70
-29.7256 -9.78826 70
-0.733239 1.29177 70
0.866929 10.2766 70
-81.0149 69.5084 70
10.037 -11.0363 70
-1.00663 0.216234 70
-0.431031 -1.32204 70
-0.32983 1.03298 70
29.0779 20.0689 70
-20.9459 -0.653387 70
-20.7821 0.215275 70
-10.0597 -0.822451 70
0.743683 -8.86609 70
-10.2306 -0.85843 70
-0.75534 -0.543553 70
11.1496 -9.33775 70
48.9367 -78.763 70
-0.0340908 1.11483 70
59.622 109.77 70
-19.2353 29.449 70
8.91285 19.5469 70
-0.620528 9.94551 70
-0.483303 -1.14796 70
-0.897317 11.184 70
0.846466 11.2777 70
-0.453882 11.1412 70
0.655358 0.227424 70
-8.59615 19.4894 70
-19.9149 10.1115 70
9.81516 11.4734 70
9.76461 10.9581 70
0.133864 19.1585 70
21.4313 8.62171 70
0.44037 -1.2795 70
-20.3751 11.0978 70
-18.578 -28.887 70
10.3948 11.0481 70
-0.537634 70.584 70
-0.617964 10.9196 70
20.9886 -9.12965 70
-0.337201 -1.16411 70
0.26122 0.174457 70
9.70628 -9.23261 70
0.514751 -1.24549 70
0.276583 20.04 70
0.146054 9.63347 70
30.3931 -20.673 70
0.8236 0.248213 70
19.3269 18.9554 70
-9.68815 30.4714 70
8.97648 -1.08115 70
-18.5258 0.49918 70
-0.224183 11.4892 70
-10.0558 -0.16534 70
20.8999 -30.7397 70
-10.6998 8.92646 70
0.535571 0.368833 70
-40.4447 -10.5724 70
-1.17879 9.41546 70
9.69461 -0.698822 70
-29.0679 11.4592 70
-9.12558 11.0368 70
11.3184 -0.311096 70
-0.317416 8.79744 70
-0.884241 9.29796 70
-1.3677 10.2403 70
110.859 9.09131 70
0.163053 9.6374 70
-20.9725 39.7154 70
18.561 10.3547 70
-9.67936 -0.475746 70
-20.0183 0.172688 70
8.51562 30.8488 70
9.94234 10.0145 70
-10.5072 11.1017 70
0.710296 0.758453 70
0.0240798 0.683718 70
-0.591025 8.54545 70
9.4422 -0.272187 70
-0.787134 11.2548 70
10.57 0.500159 70
-11.0806 -19.9122 70
-60.8117 -10.4411 70
-60.6432 -9.07061 70
-20.7452 10.1036 70
-19.7357 1.46062 70
-8.84663 0.576674 70
-0.322201 10.6442 70
-0.762073 -1.01049 70
-20.705 10.4631 70
0.558828 1.04376 70
1.25198 0.995752 70
0.72493 39.5131 70
-1.22019 -1.16127 70
0.417021 -10.3191 70
-0.558897 -0.522243 70
30.6249 -18.5058 70
9.07944 8.81004 70
18.9662 -38.9694 70
-9.96926 9.93891 70
-0.384876 11.4277 70
11.244 0.648656 70
9.56699 0.567037 70
-9.08412 9.90733 70
8.78723 -0.636746 70
-1.47785 -1.36068 70
-0.42385 -1.1649 70
-0.186489 1.12926 70
1.16646 19.5126 70
-0.390701 -1.29971 70
-1.18035 -0.929299 70
18.7857 20.2557 70
1.36826 20.8955 70
28.6712 0.998304 70
-9.30904 11.0615 70
-10.4949 1.10284 70
-8.99014 0.914155 70
-0.687828 -8.62276 70
29.947 -10.2154 70
-21.0431 49.4884 70
-0.148998 10.3215 70
-11.3029 1.25718 70
8.85932 9.76718 70
-0.26257 9.48403 70
29.7296 18.5523 70
21.0901 -18.8717 70
-10.1017 10.1092 70
20.5146 -40.3229 70
11.3197 9.86782 70
10.6738 -0.582288 70
30.093 1.49814 70
-1.18098 8.81131 70
-0.110444 -8.85771 70
20.5941 -1.01302 70
-0.163417 18.901 70
-1.48331 0.944164 70
1.43841 1.30328 70
-1.49093 -0.889615 70
-0.708406 8.78463 70
0.0380419 1.03086 70
-0.612602 8.7516 70
-1.23304 18.6991 70
-0.333348 -0.455903 70
28.6385 49.4923 70
28.7722 51.4506 70
-0.185157 19.5221 70
-0.397276 -9.00024 70
0.754495 10.0484 70
-0.349032 1.36774 70
-1.10999 -0.423189 70
-0.823268 10.1958 70
1.33052 9.73209 70
11.1814 11.1946 70
11.0538 10.4242 70
0.491621 -0.338988 70
21.4415 28.714 70
-1.31079 -10.1542 70
1.41331 -11.3341 70
-0.535986 9.40051 70
10.5936 9.35116 70
8.85566 -1.05904 70
-0.624389 0.478057 70
10.8724 -0.977167 70
0.198254 10.1566 70
-39.6773 49.9067 70
21.4387 -20.3526 70
-0.0532113 11.2655 70
-0.824703 28.6903 70
0.958985 9.73723 70
-1.22106 10.4947 70
0.585142 19.9916 70
-0.329585 9.14108 70
-0.732 9.73005 70
-20.6574 -11.1027 70
-20.6551 -11.054 70
-10.5641 0.0163548 70
10.4364 10.2658 70
8.5 0.517001 70.0001
-10.1323 -39.8635 70
1.049 0.132817 70
-19.8919 -0.277796 70
-1.41747 -0.765915 70
-1.1338 -1.41451 70
-9.33717 -71.2469 70
0.586614 0.939063 70
10.4608 -38.7103 70
-1.40202 -0.25957 70
-0.638212 0.476946 70
0.493421 -0.575294 70
0.770615 -0.674707 70
-0.563174 10.3847 70
1.49236 -0.106761 70
-1.36955 0.750818 70
1.34276 8.69938 70
-49.4438 8.6038 70
-0.349638 -0.859736 70
-10.7974 9.36495 70
0.241129 9.41011 70
-9.02814 -0.8025 70
-0.528557 29.5037 70
-71.1668 -29.6553 70
1.22397 10.8754 70
-10.5204 18.8251 70
10.885 11.1079 70
-41.1636 -50.6609 70
-0.154678 11.1769 70
0.444766 8.85396 70
20.9223 -0.633168 70
-79.5717 89.9756 70
0.340918 1.35045 70
-0.14311 -10.6714 70
-19.7281 1.36815 70
-9.90123 10.3012 70
0.497783 1.11373 70
-10.1505 20.8177 70
1.35215 0.938266 70
20.1406 0.247906 70
-1.42132 9.85944 70
-10.8722 -10.6129 70
-0.899086 -0.640433 70
0.818683 1.11576 70
9.98132 18.7621 70
-1.43816 -0.701074 70
-11.3593 49.6782 70
-11.3368 50.5981 70
9.46079 8.83627 70
28.5214 9.79948 70
1.25698 10.6884 70
-1.05068 1.28688 70
-1.05823 -0.41696 70
-59.8 19.0039 70
29.2678 9.93843 70
0.881253 8.83378 70
-11.1444 0.757932 70
-8.7242 -0.823404 70
1.15487 11.1088 70
-19.9992 -1.30129 70
-0.0126431 19.1647 70
-1.25258 0.260088 70
-18.8187 -30.9531 70
0.829097 9.25402 70
1.2215 -1.20213 70
-0.333102 -0.0400209 70
10.5515 20.5886 70
-0.465205 19.0526 70
10.9208 -1.04721 70
-0.907975 29.1302 70
0.588676 -1.04534 70
1.28337 1.1529 70
0.675847 9.0158 70
10.3334 0.403873 70
-20.2048 -20.0414 70
10.9361 20.5915 70
-0.0321482 1.21262 70
1.21921 21.0321 70
0.660973 -9.69445 70
-19.3986 -10.5477 70
-0.395622 0.7043 70
11.387 28.5255 70
9.09226 -1.40849 70
0.87045 -10.7139 70
0.445122 10.9925 70
10.6811 0.778126 70
-1.00654 10.8632 70
-20.9586 -90.8573 70
-20.4423 -88.5369 70
-20.6768 -89.4858 70
11.097 0.305665 70
9.42758 9.38576 70
0.800147 1.10634 70
1.29167 1.22342 70
-1.23718 0.405041 70
-9.91092 18.9454 70
0.491126 -0.561464 70
-0.143483 -1.24132 70
10.032 21.386 70
-0.373197 -0.443002 70
-10.0818 19.2812 70
10.2004 21.0336 70
8.52852 10.4115 70
19.5823 20.0363 70
-0.209514 8.6733 70
-0.966811 10.0885 70
-0.3356 10.6632 70
10.7244 18.9818 70
-0.587958 -0.23892 70
-0.502497 11.3355 70
10.3197 1.02892 70
-59.7218 -8.71776 70
10.6781 20.0202 70
-0.822772 -0.997509 70
48.6508 10.8369 70
1.126 9.84573 70
-9.3195 78.8157 70
-0.764775 10.4733 70
-0.343139 -0.366553 70
31.4018 -60.5659 70
-19.593 -0.780019 70
20.3966 -0.914599 70
-1.10354 -0.881138 70
9.90968 1.10904 70
-0.224989 0.00486517 70
8.62528 -21.2371 70
0.482076 11.0383 70
-0.764215 -0.8169 70
70.05 60.3376 70
0.594548 -1.31202 70
0.877694 20.3317 70
11.3861 -0.941682 70
11.3724 -1.16683 70
-9.14934 8.99413 70
-9.68263 11.1472 70
-9.37332 -1.40846 70
-9.04617 -9.65391 70
0.422849 1.11665 70
-0.0484537 1.38465 70
0.13373 -1.01031 70
-0.996349 1.48617 70
-10.5346 -0.714416 70
9.76371 9.69905 70
0.384346 9.12397 70
0.109887 28.9871 70
11.1564 10.1186 70
1.00541 0.81473 70
-0.642777 -0.803964 70
30.4238 -49.7967 70
-0.298903 1.02152 70
-1.03327 -0.687008 70
-1.04885 -0.929811 70
-1.24327 -1.28406 70
-0.885113 31.3686 70
10.5248 21.1108 70
11.317 -10.7626 70
19.1217 -50.4914 70
0.264421 9.43739 70
-0.465643 -1.12106 70
0.846414 -0.458294 70
-1.20186 0.925663 70
0.599653 0.387357 70
1.35277 0.915765 70
0.826458 9.99141 70
10.9068 11.3204 70
18.6236 9.35264 70
-0.161506 -1.07888 70
9.14214 -31.2791 70
-29.4541 10.0241 70
-8.68928 10.0373 70
-1.16247 0.95228 70
-10.863 -0.2775 70
10.4183 9.47409 70
39.9166 -29.5006 70
9.64142 10.4699 70
10.0934 11.1049 70
1.31035 0.0428121 70
-9.3259 -0.559343 70
-0.55448 0.830844 70
8.83338 -1.38435 70
-8.72958 10.4926 70
29.9124 -98.9056 70
9.17926 10.0727 70
-1.29409 -0.714648 70
1.38359 21.1872 70
10.7972 9.8017 70
-10.5638 -30.684 70
8.58076 0.624661 70
-8.51625 21.1514 70
-11.2688 20.2175 70
-0.431766 1.36298 70
-0.0334472 11.2872 70
-49.7026 40.9771 70
-0.0579093 -10.045 70
1.26188 10.867 70
9.52638 0.240352 70
-9.07019 -11.2558 70
10.2732 -19.4357 70
-0.242995 -1.26183 70
-11.0665 11.3003 70
0.102641 10.8878 70
-29.3307 -28.9881 70
-1.06237 -0.636171 70
-0.171892 18.7387 70
0.510402 10.0947 70
-0.151438 9.24089 70
-38.6696 -0.781746 70
19.3877 8.99407 70
-11.4228 0.996293 70
-0.676769 10.8863 70
-9.4559 -1.01402 70
-1.35116 1.14867 70
-0.556952 31.1268 70
-8.93717 8.89926 70
0.856374 1.06283 70
-11.4545 11.4129 70
0.432858 1.38419 70
-1.29656 10.4281 70
-0.415375 1.15827 70
-0.717291 1.03701 70
-0.0756504 0.543219 70
1.12065 -0.428471 70
20.6272 -1.46383 70
-11.0698 11.1151 70
10.6732 -1.0633 70
-8.71399 -9.14841 70
39.8977 0.0455766 70
10.117 9.91269 70
-11.3135 19.9573 70
-0.217882 10.1267 70
-18.6568 11.0528 70
-19.5166 -1.20597 70
9.13201 8.95525 70
-0.543684 8.64975 70
0.910265 0.738163 70
-20.2021 -40.1857 70
-11.1182 -9.25117 70
11.2138 18.6083 70
9.66596 9.2919 70
-0.940252 10.6804 70
-0.256287 -1.44982 70
-0.255538 11.0107 70
-1.31834 10.8616 70
19.6849 -11.4569 70
9.05531 -0.920094 70
-0.409886 0.941793 70
9.92092 10.5445 70
-0.657087 30.387 70
-0.819875 30.7588 70
-0.203655 0.859534 70
19.4848 -29.9805 70
0.235983 1.31272 70
-70.4543 1.39719 70
10.1105 -1.45469 70
9.95977 -9.22683 70
20.0309 0.739606 70
-10.4228 -0.881582 70
0.654843 1.24447 70
-1.34201 10.1207 70
10.1679 9.20763 70
0.534187 1.29721 70
8.69261 19.4372 70
1.25776 10.2895 70
-30.936 -41.1541 70
0.591591 10.3092 70
-0.507324 -0.0419006 70
9.3186 29.8956 70
-1.20348 -0.558653 70
-19.5125 -9.80833 70
-0.906556 0.452414 70
1.19158 -1.034 70
1.15675 8.72174 70
-30.1769 -100.734 70
-0.879404 9.1115 70
1.10561 -0.842181 70
11.3788 -31.0635 70
19.9101 19.2698 70
8.77485 20.203 70
-0.571913 8.86561 70
-1.10762 10.1652 70
-8.66731 0.424281 70
0.136067 -0.287897 70
-9.79747 9.33516 70
8.8962 8.60207 70
0.360039 1.00972 70
-39.9967 21.0721 70
-90.7572 48.8696 70
-0.128267 9.79525 70
-71.0612 28.7656 70
-8.81421 0.782868 70
0.953333 10.2132 70
-1.20039 1.4505 70
29.0945 10.6866 70
1.29092 0.124142 70
0.69174 9.60731 70
8.95462 -21.3223 70
-0.756747 8.73347 70
-1.17257 10.566 70
-28.9206 -71.4223 70
-1.27359 -0.615948 70
0.609598 0.240583 70
8.90927 -0.972383 70
10.8766 -1.45371 70
9.71191 0.425955 70
-0.148824 -0.441823 70
9.41062 -1.49278 70
10.2717 0.692056 70
-9.74252 10.1082 70
1.32844 9.42715 70
8.94625 -1.40184 70
0.272946 -11.2845 70
30.2372 -10.85 70
10.9525 10.4923 70
11.364 -40.7774 70
8.96849 -38.5179 70
10.2014 9.16854 70
-19.4279 -21.286 70
-61.0688 20.3202 70
11.1287 39.2647 70
0.566861 8.5832 70
0.14546 9.54915 70
11.023 -0.156273 70
-19.3582 -11.3668 70
-0.00751014 10.4343 70
-1.48295 -0.8456 70
-10.0174 38.672 70
-8.99015 41.3042 70
-1.16513 -1.03056 70
0.601013 9.69119 70
-9.60797 19.0082 70
0.0504775 -9.90023 70
-10.1538 8.74225 70
8.75468 8.57637 70
11.2552 11.1358 70
-10.1584 30.7105 70
41.3416 49.0164 70
-10.1461 10.2008 70
8.72872 0.96423 70
-0.0402234 -10.7632 70
-0.514973 -0.118954 70
9.02381 20.6943 70
1.48401 -11.2623 70
39.3332 9.65462 70
-1.06953 -0.229878 70
-0.342053 -0.829168 70
10.6195 11.4441 70
-19.5852 -19.3386 70
8.53459 1.09797 70
0.612796 11.2745 70
-0.367891 -1.21517 70
-1.42802 -1.11882 70
11.3277 11.002 70
1.23064 0.751832 70
20.0354 18.9897 70
0.184167 10.2366 70
-9.85311 0.816377 70
-10.2843 10.1268 70
-10.0543 11.2004 70
-0.05134 -10.3442 70
40.5543 0.577733 70
9.1986 0.766107 70
-21.1591 -1.36501 70
9.09082 8.88866 70
0.979516 8.52888 70
31.3116 -51.2815 70
29.3027 31.3613 70
8.84642 19.3766 70
-0.167191 9.4458 70
-18.5984 1.49995 70
-8.93658 11.325 70
8.8604 10.6934 70
-0.848638 1.14392 70
-1.3534 1.05792 70
-0.427802 0.40997 70
11.2108 21.4768 70
0.635089 10.8887 70
