8.5111 0.310159 70
-0.683114 9.61259 70
58.7608 -9.27225 70
-40.2254 9.16761 70
-9.15737 -0.334007 70
0.752213 9.54706 70
0.137111 20.8389 70
81.4982 -38.8249 70
0.396445 11.4871 70
-0.594562 -10.9373 70
1.44189 9.70789 70
19.2327 89.7613 70
-8.84809 18.6738 70
-0.251647 1.15017 70
-19.1537 -9.11678 70
-21.3832 -0.273462 70
-1.0262 10.1233 70
-10.7909 19.7427 70
-10.7352 29.1053 70
-11.3623 30.5121 70
11.2014 19.7894 70
-10.3114 11.307 70
9.64054 -9.50578 70
0.425186 -1.43104 70
-0.549833 10.7839 70
-10.4035 10.1044 70
0.196633 9.16781 70
-9.20398 1.06354 70
1.33179 0.213193 70
-10.9027 -1.29474 70
-1.24906 -8.62659 70
-10.2339 20.4758 70
-10.899 -0.875402 70
10.38 -20.9078 70
-8.78126 8.72379 70
0.908633 9.46474 70
1.31333 9.51416 70
10.6333 10.5768 70
-19.9558 1.19885 70
-21.4047 19.671 70
-20.0169 20.1887 70
-0.0424043 -0.384315 70
-11.3553 -0.395236 70
0.573261 -0.680105 70
-11.18 -0.528897 70
0.82258 10.8909 70
-8.59164 0.102067 70
0.400774 -0.509779 70
11.1256 8.73827 70
-9.81713 8.85769 70
-10.7265 8.90859 70
1.24772 0.0611153 70
-8.81121 -8.6906 70
10.1871 9.34761 70
-1.3924 1.34707 70
-0.476778 1.06193 70
-49.4442 60.7554 70
-48.5835 61.3294 70
0.360563 1.16557 70
-0.562299 19.3522 70
-28.7876 10.0786 70
21.0839 -50.4146 70
-19.4697 -9.99789 70
0.510857 8.58567 70
-80.7978 -10.6073 70
39.6319 -30.9247 70
0.783678 28.7105 70
40.6311 0.16387 70
9.60236 9.73786 70
30.3515 -49.1659 70
-89.1696 60.8417 70
-90.095 61.1924 70
0.077596 10.0684 70
89.7667 -20.0946 70
-8.6534 58.5674 70
10.006 -1.47252 70
-30.6458 9.62634 70
-21.006 9.31002 70
10.3934 10.4753 70
-1.23102 21.4304 70
-8.77148 10.5918 70
68.5379 30.9694 70
-11.2618 39.0721 70
-0.71868 9.26284 70
-1.08602 8.74657 70
-9.45247 -0.351381 70
0.652671 -1.38573 70
0.1508 11.3801 70
-41.2126 1.40313 70
10.0886 0.373048 70
1.33578 1.47235 70
39.7076 -28.7701 70
-20.3891 -20.8915 70
-19.6541 -30.214 70
-31.0635 20.7986 70
-8.58902 1.31543 70
-41.2166 70.691 70
1.45193 -0.688723 70
-10.4853 30.3797 70
-18.9358 8.88948 70
9.7525 -1.29012 70
-11.0957 1.01169 70
28.8286 -19.1246 70
10.6867 -9.07779 70
-1.02359 -0.697786 70
-19.053 -29.4872 70
-8.92 21.409 70
-30.5892 18.8168 70
11.4063 19.9376 70
-1.18035 10.3536 70
1.13861 10.634 70
-0.385738 -0.862092 70
-9.04 10.8185 70
-8.71988 8.8132 70
0.425151 0.75979 70
0.409942 0.102323 70
-8.95876 -10.5203 70
-9.1235 1.21536 70
-11.1838 8.88615 70
-1.02642 0.712728 70
-0.440917 9.09384 70
-9.65342 -1.13803 70
-9.19556 -0.527113 70
19.4413 8.75336 70
-1.18654 10.5822 70
21.0515 -9.70982 70
18.8363 20.4291 70
-18.6157 -11.3117 70
1.05082 -0.142977 70
0.564051 9.59972 70
-0.80922 0.603292 70
-30.776 21.33 70
-19.92 0.653905 70
-1.26521 10.1785 70
-0.282293 9.12858 70
0.437392 -10.144 70
-0.511422 1.38021 70
38.9674 -9.32697 70
0.285185 -1.49443 70
-0.509764 -0.15976 70
-119.586 110.428 70
20.4135 -1.41855 70
-0.645106 8.99002 70
-8.62816 0.139128 70
11.1472 31.1609 70
-19.6147 -20.6473 70
-11.0749 18.5152 70
-19.8828 -100.087 70
-11.149 -8.52047 70
-31.4861 9.59158 70
19.2302 9.68623 70
-10.0986 19.5472 70
-9.49993 18.9523 70
-0.669278 0.765342 70
-0.871952 9.84035 70
9.62484 -10.5895 70
1.04049 10.8483 70
-11.0443 0.368364 70
1.41607 -0.378495 70
-0.862615 10.5193 70
-1.12439 10.4569 70
-0.345731 0.695829 70
0.973452 1.03201 70
10.1516 -0.36787 70
10.6955 -9.58426 70
-9.70312 -11.0067 70
-20.6883 -8.88505 70
-19.8353 -1.02526 70
-0.955424 10.7157 70
-8.86961 1.42644 70
1.33152 9.82441 70
-20.4065 8.74962 70
-11.161 11.0004 70
-1.24564 -1.40448 70
1.06499 0.908126 70
10.7342 9.92181 70
11.138 9.23967 70
-30.2895 18.9609 70
-0.805683 9.0489 70
-11.1144 1.45317 70
1.12117 20.012 70
11.145 30.0028 70
-9.89326 -9.10226 70
-8.75956 -8.73951 70
0.310392 -20.1678 70
-0.279455 8.73041 70
-9.45249 -0.449496 70
-20.7983 10.5231 70
-1.49554 0.56979 70
-10.4199 -1.35092 70
1.10632 8.52155 70
0.560548 9.12759 70
10.9991 20.466 70
-1.01375 9.57677 70
-0.758659 8.58081 70
19.2825 60.4528 70
0.943379 10.3973 70
0.191964 10.5453 70
0.269695 1.02893 70
20.5389 20.7949 70
-39.8922 51.341 70
0.467198 -10.0472 70
0.521753 11.0649 70
-28.5151 79.2794 70
9.16059 -0.202653 70
-9.5679 10.1706 70
8.88638 20.4489 70
0.857757 10.8115 70
1.25835 11.404 70
10.947 9.79962 70
58.9922 -20.7449 70
-11.1692 -0.243395 70
0.0260903 -0.334775 70
-20.029 19.6158 70
1.37521 -0.744012 70
-29.5714 51.323 70
-0.0835382 8.86823 70
-20.9889 -10.0172 70
0.0373718 9.15098 70
-9.24174 19.8664 70
-0.743468 0.0849382 70
39.6326 -78.971 70
1.48142 0.28284 70
0.436727 1.04636 70
-0.0493524 -0.81129 70
-49.8459 20.6661 70
-50.379 -8.68551 70
-0.791732 9.69985 70
-0.316701 0.439574 70
0.327532 -1.12534 70
-0.899759 11.0837 70
-0.980426 1.47434 70
0.15921 -1.05621 70
-9.8196 -0.377116 70
-11.1309 1.14634 70
-19.3802 11.1098 70
0.726252 10.2279 70
-11.3108 1.28568 70
0.706606 -11.1021 70
30.4014 -29.3776 70
8.66523 -10.4622 70
-9.22917 -10.877 70
10.3353 11.276 70
0.0459292 9.92768 70
1.15806 -0.669733 70
-0.796668 1.49879 70
9.84717 8.99038 70
-0.145628 -59.3402 70
8.91447 10.1823 70
-11.293 10.6509 70
-0.29661 -9.60127 70
0.234604 9.37011 70
10.848 30.1668 70
0.358208 10.0407 70
-10.9673 -0.816822 70
8.8849 -11.3892 70
11.3982 -30.675 70
9.44541 0.982989 70
-10.3922 9.97311 70
-8.85637 11.3253 70
-10.1499 -1.15613 70
-9.84244 -0.0860235 70
9.17998 10.238 70
0.306086 9.50441 70
10.3768 -0.363973 70
-20.9081 -1.3078 70
-9.92834 0.765551 70
0.248901 8.71432 70
0.490823 -0.316025 70
0.487766 0.763667 70
11.2265 0.748674 70
-20.3514 -9.79883 70
8.60128 -0.0973606 70
-1.1931 9.74874 70
-1.21872 -0.286426 70
-11.2849 9.3261 70
-38.7757 -1.08185 70
-9.59214 10.13 70
0.717985 0.607625 70
-1.05532 -1.21269 70
-8.968 -29.7948 70
-0.674958 0.472172 70
81.1572 0.18584 70
-8.66856 20.2968 70
-9.15061 18.755 70
-0.978735 9.46744 70
9.04693 11.0411 70
9.3812 9.49253 70
-1.17204 10.8739 70
11.3853 11.0677 70
0.54131 21.1819 70
-9.0394 10.4047 70
-0.337179 9.90839 70
-8.94115 9.77312 70
-8.60358 18.5897 70
19.8093 -0.496566 70
-9.09865 10.5127 70
30.8787 -29.9841 70
-21.3736 10.296 70
-9.8305 10.4124 70
-10.8982 0.316115 70
-31.3619 -10.123 70
41.4197 21.0877 70
-0.506338 20.3285 70
-8.82272 1.47846 70
-10.3103 19.3504 70
-10.2949 9.87164 70
-0.572132 28.8324 70
1.45532 19.417 70
-1.37428 -1.21489 70
0.515689 -0.885783 70
0.649396 1.05079 70
-9.86418 -1.34509 70
-0.330697 1.01307 70
-20.5394 19.7466 70
1.31584 1.36706 70
-9.10273 0.422087 70
-11.2875 10.5755 70
-48.6223 19.7567 70
-1.10736 10.4487 70
-69.6471 39.1745 70
-8.53063 -0.141799 70
-8.72751 -19.7388 70
10.5695 21.0495 70
8.92877 19.6632 70
0.517447 9.7614 70
0.538417 -8.74144 70
-0.721376 -1.27112 70
-10.566 -0.334854 70
-11.4151 -0.356449 70
-1.244 1.09325 70
1.38675 -0.567093 70
0.898095 -1.20406 70
-0.631218 9.55521 70
-0.999523 -0.533386 70
0.421624 -49.8485 70
-10.6457 -10.2689 70
-10.4188 -0.553699 70
-11.4686 -10.1895 70
-0.510644 8.89343 70
29.1516 -19.9183 70
-9.60492 1.46803 70
-10.8799 -9.44188 70
-0.62902 -0.846132 70
20.0283 10.5836 70
-11.3088 -11.0707 70
9.60116 -1.02681 70
-9.52457 10.9416 70
20.5129 29.798 70
0.0172354 -11.2369 70
-29.0459 89.2246 70
0.227811 11.0338 70
-11.356 21.2419 70
9.02179 -18.7372 70
-0.645165 -0.786219 70
-21.3188 10.234 70
20.1026 9.09506 70
-18.9048 30.5512 70
-99.7956 69.5503 70
-10.071 11.3329 70
19.5413 29.9289 70
-9.27121 -0.0591499 70
-9.60446 0.292108 70
0.895458 10.7686 70
29.0221 20.6095 70
-10.4466 0.760894 70
-0.462587 8.86378 70
-11.2668 20.0949 70
10.4227 20.3652 70
-40.7987 -28.82 70
0.0388662 -0.331763 70
-8.74497 -10.7888 70
0.91466 11.0262 70
-0.993993 10.7662 70
-11.0189 -0.904058 70
10.162 -9.57177 70
0.366793 9.46706 70
-20.3034 -10.7582 70
-0.207976 11.2246 70
-10.9412 1.01412 70
-8.957 -0.963052 70
-1.30427 -1.44938 70
0.958086 9.89465 70
-0.303779 -0.908889 70
0.174461 -0.909098 70
39.529 19.4813 70
0.390688 -0.010899 70
-10.4888 -10.4663 70
-9.80443 -8.87754 70
8.72933 19.7323 70
-0.782627 9.99474 70
-0.63757 -0.738544 70
-20.4802 30.6036 70
-18.764 29.9376 70
-11.2501 -1.47894 70
0.6431 10.9229 70
-10.7945 -11.1623 70
-9.03835 -11.0323 70
-0.603756 -0.328588 70
21.4499 9.37557 70
11.3642 -8.96091 70
19.1695 -0.192223 70
8.54248 1.20851 70
20.4815 30.7466 70
-50.6328 -20.7019 70
-40.1306 -18.6929 70
-10.6236 1.02186 70
-0.482211 11.1159 70
9.90204 0.456396 70
-0.0857591 18.764 70
-0.433588 -11.303 70
9.58594 -10.2469 70
0.118299 0.00459449 70
-19.7756 9.76407 70
0.831726 -10.2327 70
-0.362666 9.69979 70
-1.14761 -9.99796 70
1.47191 -9.0381 70
-0.0964731 18.9923 70
0.214996 11.174 70
-0.933352 9.70757 70
-10.5947 -8.6766 70
0.454397 11.1598 70
-0.369175 -18.8529 70
10.9686 -0.949941 70
-1.41425 19.7018 70
-0.268331 0.190299 70
-21.1724 -8.70145 70
-38.6459 -18.9265 70
0.247887 -0.33706 70
-81.1413 -70.6312 70
-10.4735 -1.41549 70
-8.8352 1.18155 70
90.397 20.5784 70
-10.1109 10.142 70
0.226091 10.1972 70
-28.9679 20.9294 70
0.49262 -19.8867 70
19.9032 38.9412 70
0.988855 0.326787 70
0.396493 -1.408 70
-9.20401 10.3978 70
-19.0814 0.0738639 70
9.12034 20.7146 70
-1.11137 -10.8268 70
-10.5724 10.1826 70
1.01706 -0.983376 70
-11.1214 -9.95135 70
0.831091 0.923206 70
-8.70329 9.87081 70
8.84745 8.67509 70
1.16729 10.4004 70
-0.0653043 -0.356762 70
0.622348 -1.04529 70
-31.1395 9.26473 70
19.1131 30.3013 70
19.9024 30.1262 70
0.243679 -1.08405 70
0.394094 10.664 70
-10.0103 10.7621 70
-20.745 -11.4624 70
-1.05891 9.76683 70
-8.53167 0.320818 70
-11.2714 0.27863 70
-9.30338 -0.276229 70
-10.605 1.46568 70
0.471479 10.2153 70
-9.6827 -1.2087 70
-19.3638 -0.384404 70
29.1873 60.0051 70
9.71748 10.4636 70
-8.70534 0.776121 70
0.363322 11.3888 70
10.9135 0.0265541 70
-39.5015 10.3423 70
-10.0589 -11.2756 70
-9.51858 1.05122 70
40.045 -21.3188 70
-10.2531 0.258189 70
-10.01 0.352452 70
-0.0801212 11.2978 70
1.0683 11.0056 70
-1.04715 30.1261 70
0.399677 -0.224437 70
9.48963 10.4549 70
0.63626 11.0858 70
-0.627545 -1.39074 70
-0.91827 0.443072 70
-0.669839 10.0036 70
-0.151403 18.584 70
9.67306 9.861 70
-8.82376 0.0964261 70
-9.46364 20.9081 70
-11.3804 0.574151 70
-1.30468 -1.33361 70
-0.537585 0.694003 70
-0.288132 1.49245 70
-41.2235 -18.8674 70
-11.2863 0.851733 70
-0.478316 10.8901 70
0.247264 0.00397665 70
0.5775 20.848 70
-19.9875 -8.72427 70
0.794661 -0.543188 70
-19.0432 -1.09991 70
-0.799881 9.45307 70
-1.11569 8.57334 70
-0.784298 -1.30887 70
31.0922 -11.3742 70
20.9675 49.2366 70
10.8921 -1.46778 70
-9.61242 -0.413345 70
31.3869 -9.81603 70
-40.0438 0.532082 70
-41.2021 0.150558 70
-0.53067 -21.2385 70
9.18991 1.02803 70
10.1786 9.5631 70
8.56992 8.69427 70
39.5034 20.9544 70
-9.00115 -19.8311 70
29.6225 -30.8972 70
9.63375 -11.2887 70
-11.3369 -19.4138 70
-11.4271 -0.394009 70
0.624054 -9.73424 70
0.0186443 10.2245 70
0.666716 -8.91309 70
-0.0878332 -0.0943566 70
0.12753 -0.967937 70
-10.5726 -9.38207 70
0.171454 -9.36299 70
-41.0155 -29.1943 70
-0.987051 -0.431065 70
-1.08546 0.617214 70
-19.016 0.999788 70
19.6618 20.8816 70
-9.27251 11.3105 70
-11.1923 0.333645 70
-9.07479 -9.97658 70
-11.3925 -0.612475 70
9.79632 8.58087 70
-8.50989 10.811 70
-11.0197 21.2715 70
-10.8322 0.550129 70
-21.3057 -0.599014 70
-9.20383 20.3618 70
-0.279894 -19.0267 70
-1.08696 -0.848041 70
-1.35113 8.84359 70
0.425255 -0.522885 70
-31.1698 -19.8007 70
-0.899048 -29.0414 70
-20.1404 -11.3799 70
9.67569 11.1697 70
11.1119 8.58558 70
20.4551 10.3023 70
29.0113 9.09154 70
-10.6491 -30.4429 70
-1.03876 9.28601 70
0.549316 -1.09374 70
10.9115 9.79898 70
-11.1112 -9.56488 70
19.294 -9.89827 70
-10.5067 -0.489727 70
-9.90039 1.48882 70
0.363823 -1.31483 70
-1.21544 -1.39572 70
0.977 0.839621 70
-28.679 19.3292 70
-10.9407 21.3191 70
-1.32003 9.69686 70
-10.7524 18.788 70
0.668857 -1.02893 70
0.214678 -0.249174 70
-0.925957 -0.697601 70
-9.80014 -0.562744 70
0.370387 8.94613 70
-40.1471 8.62751 70
11.0642 21.4827 70
19.0154 49.2285 70
-8.94977 0.980753 70
-1.30908 -1.24906 70
1.36453 1.36071 70
-10.0631 -39.2342 70
-11.4963 -40.6265 70
-8.52326 10.6704 70
19.3568 0.393861 70
-0.557872 -1.3271 70
-11.3893 0.189042 70
0.870553 10.7464 70
-1.33242 21.1193 70
-59.0022 30.0504 70
0.946548 10.7213 70
-19.9702 1.24854 70
-8.8038 -0.978205 70
30.9243 9.72119 70
-0.667332 10.6426 70
-0.798551 -10.0945 70
30.9573 0.904728 70
-19.8942 -1.02749 70
0.976344 1.42165 70
-31.3636 29.4064 70
-9.0863 9.81757 70
10.5821 -10.16 70
-18.8886 -1.38052 70
-10.4763 -1.22098 70
-1.20277 9.72647 70
0.0292531 39.0787 70
-0.0410648 1.47387 70
-0.276337 -1.17219 70
-1.3594 19.2166 70
-50.7758 21.1407 70
29.5457 -0.0883535 70
10.4053 0.625859 70
-1.13702 11.2707 70
-8.74442 10.5117 70
60.4871 10.5725 70
39.9417 20.4938 70
-11.3631 -0.845578 70
-10.495 9.81578 70
-11.4339 -9.48546 70
-0.322783 20.2093 70
-39.5615 -89.818 70
-9.05498 0.682463 70
9.59337 19.7404 70
-18.9277 0.902778 70
70.3023 -51.3106 70
-10.1687 10.8196 70
-1.14313 10.1969 70
-8.61664 40.3206 70
-9.59251 10.0539 70
-18.9844 10.8572 70
-9.72246 8.91941 70
-0.707725 9.7505 70
10.7865 -0.676897 70
11.0996 1.026 70
30.9144 10.5229 70
0.0967125 0.0189977 70
-8.8937 -9.02561 70
0.797938 1.01133 70
-29.4024 8.56662 70
-11.1786 0.54459 70
8.64591 10.4678 70
-0.0299826 -0.126031 70
-29.7238 9.82819 70
-0.276871 -0.52849 70
1.43767 10.6242 70
-8.6066 9.54 70
-0.85615 -0.0465098 70
0.569994 10.3358 70
9.93024 9.93137 70
-29.1804 -9.20334 70
-0.262364 -0.800236 70
-21.1731 0.792099 70
-0.958211 0.571967 70
9.3664 -0.100925 70
10.3974 -0.0642355 70
-18.7041 1.23342 70
-0.728426 0.529042 70
-9.50718 -0.1498 70
-30.2901 -0.429818 70
-9.59462 10.8936 70
-10.4083 9.15754 70
50.3226 1.00819 70
-8.93575 0.337168 70
-9.89139 9.4757 70
0.881447 9.62814 70
0.866887 -8.99884 70
-30.3952 9.95785 70
38.8962 -9.42 70
-0.720926 0.398363 70
18.6196 -10.2063 70
10.0296 19.5132 70
-0.790559 -0.208938 70
8.94113 41.3183 70
19.2605 10.9723 70
0.820466 1.18221 70
11.4074 -19.0179 70
-0.55199 0.832365 70
1.22582 -11.4299 70
-8.76506 9.55329 70
-8.66091 9.86757 70
0.372776 11.4547 70
-0.655038 10.9953 70
-9.75508 0.411647 70
-0.434792 -20.783 70
-1.47453 10.6873 70
8.52244 0.607405 70
-79.084 41.24 70
-1.2897 -0.0229101 70
1.05777 -0.229352 70
-9.09469 1.24287 70
-9.98705 9.91056 70
-1.44746 -1.16348 70
-39.7073 0.566321 70
-18.6493 9.57991 70
-0.753072 9.53003 70
19.1762 9.01218 70
-0.19543 10.7471 70
-0.791263 -0.293088 70
1.28764 -10.223 70
-0.935878 0.528573 70
-0.80273 -0.699721 70
-18.9743 -21.2973 70
-18.7487 -21.3549 70
-10.5228 0.404719 70
-11.1902 -0.603798 70
-0.0184564 -0.548132 70
10.4347 -10.5808 70
-9.42514 21.0613 70
19.8617 0.773584 70
1.1705 -20.8992 70
-1.34359 8.79251 70
-0.682577 29.2059 70
-10.6212 30.2961 70
-10.0721 10.5819 70
-19.89 -11.2961 70
-0.580648 -0.739578 70
-29.0555 1.37988 70
-9.18246 -60.9167 70
-31.0787 -29.7564 70
9.13058 0.509822 70
-19.2856 -21.1412 70
-11.4531 0.0694339 70
9.54071 8.60182 70
-20.447 -0.607531 70
-9.96836 9.87935 70
-9.09238 0.426561 70
-0.929792 11.2287 70
-8.50348 1.0789 70
-80.1514 8.62584 70
-31.0139 10.1268 70
-0.183924 -1.06853 70
-41.0553 -0.427547 70
-11.4451 19.6467 70
-19.8429 -20.0007 70
