49.7007 10.7625 70
-30.4608 18.9969 70
20.8848 -0.608027 70
-8.98256 -11.3849 70
18.9943 -8.71999 70
10.244 -0.70427 70
10.7994 8.91032 70
-8.95066 0.620097 70
20.8086 -19.5096 70
20.5462 8.92323 70
10.3061 -8.94697 70
39.4698 21.0413 70
58.8592 -69.5625 70
1.33796 9.15813 70
8.86328 9.31133 70
10.9412 10.4245 70
-1.21242 -8.87502 70
-9.02282 -1.39663 70
8.79182 -0.0649932 70
9.009 -9.21883 70
1.16998 9.28812 70
38.7922 88.6453 70
10.8721 10.4043 70
10.9629 9.47762 70
9.74586 29.3089 70
10.2375 1.48352 70
21.3208 21.3974 70
1.02593 0.103662 70
-0.662013 -9.34966 70
18.6586 1.05994 70
10.566 1.12744 70
8.86136 -1.31997 70
18.977 11.4775 70
-20.492 -19.2773 70
-0.833016 0.456894 70
-0.294667 0.808379 70
1.49075 -0.232318 70
1.11607 -18.6767 70
-79.2276 -90.8018 70
20.7636 -0.806687 70
0.377833 20.971 70
8.8767 8.58736 70
-18.9499 10.9351 70
29.9675 -48.8929 70
-1.42642 -1.40752 70
39.5632 49.7222 70
-0.856255 18.8775 70
31.4046 30.5892 70
18.8609 -10.6155 70
-0.13286 19.8773 70
8.80661 8.52563 70
49.703 30.5395 70
-0.8459 -9.15068 70
9.30243 0.0335686 70
0.334764 18.9675 70
-18.5955 9.13865 70
1.01671 10.5431 70
20.3632 0.612615 70
-0.416757 -1.16253 70
0.696161 -0.58182 70
0.0204621 9.758 70
-90.6694 -60.2494 70
10.6604 0.154529 70
9.12585 -0.556776 70
70.9402 -28.6462 70
-11.1891 48.5985 70
1.10667 10.7703 70
60.1203 -11.4157 70
61.2081 -8.56151 70
-10.1986 100.128 70
9.68821 21.1454 70
-10.5773 39.3486 70
-11.3075 -21.3945 70
-0.73971 10.4441 70
-0.00409099 29.3627 70
-0.509449 -0.228132 70
20.0792 0.751003 70
-0.883923 11.4467 70
21.3559 19.6646 70
0.187779 9.85848 70
1.13876 11.0117 70
8.86933 0.0259188 70
8.71752 -38.5923 70
20.7225 60.8143 70
19.9499 61.4776 70
-10.6207 -20.6566 70
-8.73112 -20.1317 70
8.76801 -21.34 70
0.750176 -0.0702616 70
-0.7723 8.85931 70
79.1485 -19.9079 70
-0.621339 -0.688076 70
10.062 10.7629 70
-40.4834 61.2305 70
0.471246 8.78379 70
-10.6073 -0.360611 70
10.197 -0.0968949 70
-1.46793 1.03746 70
0.588062 1.23626 70
21.4408 0.767155 70
-31.0063 9.48205 70
11.1988 -1.25305 70
-8.99499 30.935 70
19.0736 -20.0307 70
-40.9196 79.8533 70
8.83985 -9.32434 70
-1.4103 1.04321 70
10.076 10.6253 70
1.03226 9.94743 70
9.01577 -0.172283 70
-0.910473 -0.692038 70
1.02036 10.2665 70
1.20931 -0.968266 70
8.70114 10.8721 70
-0.249816 1.38134 70
21.1999 0.264797 70
10.0284 -9.26595 70
10.7457 -1.43033 70
8.95678 -0.717392 70
1.48603 -0.685498 70
0.928189 -1.07905 70
9.8842 8.90255 70
18.7459 -30.504 70
11.0435 9.21196 70
-28.6679 9.80782 70
10.2153 -0.032647 70
0.330698 -11.3485 70
9.51443 -1.12883 70
-1.13607 -0.324924 70
-10.788 1.31225 70
-0.840943 10.3075 70
0.638977 -8.8397 70
10.7773 9.74992 70
21.4454 -1.48107 70
10.4868 10.9987 70
8.8277 9.56703 70
40.3286 -78.6298 70
9.41768 11.2076 70
-11.0931 -10.5725 70
8.57606 11.4692 70
0.263911 -0.713524 70
-1.3007 -0.632636 70
0.777539 -0.807944 70
-0.0426891 -0.0732944 70
-0.198817 9.32342 70
1.41134 10.727 70
-18.6077 40.212 70
10.5799 10.8121 70
-1.05835 -0.972727 70
8.74529 -0.18405 70
70.8437 9.90403 70
18.9835 -0.17589 70
9.39667 -0.648102 70
-0.817365 10.531 70
-1.23027 10.2125 70
-1.01363 8.59966 70
0.941778 9.7903 70
9.82036 -9.77215 70
-0.0894908 -51.374 70
-8.85041 0.0401482 70
1.09589 -9.19618 70
-1.10292 -10.9693 70
10.9175 0.454579 70
-58.556 -39.9244 70
-0.774379 8.83633 70
-18.7223 1.14134 70
9.5739 0.907976 70
-0.891969 1.03101 70
20.1281 40.5756 70
-1.03196 0.990518 70
10.8416 0.0655049 70
-0.293382 -0.688028 70
-0.838777 10.0442 70
9.05436 -9.243 70
10.6184 10.4882 70
-0.689294 9.60763 70
-11.1074 21.4512 70
40.4873 -19.4238 70
9.36853 10.1577 70
-1.08393 1.25997 70
-1.02059 -0.813677 70
10.4906 -0.758287 70
-8.76926 19.9547 70
20.4415 11.1349 70
10.4448 10.1243 70
-0.0285567 -1.39587 70
-9.08874 0.476308 70
11.3255 -0.945126 70
-0.686836 8.80675 70
0.507244 -1.05387 70
0.289901 -0.33681 70
1.28237 9.65554 70
9.40695 -9.88713 70
0.355293 0.816166 70
-0.439412 0.749991 70
1.06581 0.36988 70
0.0652132 -1.30272 70
0.538654 9.18938 70
28.7534 41.0125 70
8.84247 -0.908395 70
-0.0158399 1.15988 70
9.56095 0.472957 70
-0.903579 -19.6612 70
0.37997 9.71031 70
30.4636 0.798621 70
8.52534 -11.4239 70
10.8519 -10.892 70
9.03818 -1.01399 70
39.5856 -10.9139 70
1.20898 1.39768 70
41.419 -20.0178 70
0.329996 0.059661 70
-30.5174 40.0536 70
11.1553 -1.2383 70
-30.8621 1.00776 70
21.3235 0.918875 70
11.0375 -1.00617 70
-1.21708 9.55083 70
1.43039 -0.151559 70
8.70806 11.3826 70
9.83133 -11.3859 70
8.77891 -11.4093 70
-0.564176 -8.82799 70
10.943 -1.41802 70
39.1954 -10.0695 70
-18.9041 -9.64076 70
9.89259 -21.4593 70
10.3699 -19.6541 70
-8.99997 1.40628 70
8.87861 -0.145628 70
-19.4536 -8.78275 70
-19.4389 -9.37817 70
21.175 -0.237998 70
19.5702 -1.39771 70
41.3626 -20.5094 70
18.7436 8.52246 70
9.18024 9.61255 70
-18.8468 -9.55132 70
-0.796744 -1.23546 70
10.6847 -29.0971 70
-0.616771 -0.410669 70
10.5906 -0.803731 70
10.5589 0.00563192 70
8.64585 -10.3292 70
51.0127 29.7403 70
9.77409 8.78196 70
-0.138569 10.438 70
0.3192 9.16001 70
1.45773 -0.893262 70
0.249004 1.21921 70
-1.38691 0.452923 70
10.4593 -0.843895 70
-0.484108 9.43901 70
-0.139315 -10.6724 70
-0.66767 10.616 70
-9.7749 0.414848 70
0.979841 -8.78901 70
20.646 -1.38801 70
1.17344 -0.184434 70
70.4467 29.7261 70
8.84131 -0.19875 70
18.5492 -0.675576 70
-0.483868 0.152448 70
0.481746 0.399197 70
10.3217 -1.23276 70
1.3784 0.845452 70
-0.787271 1.0498 70
9.54858 -9.53247 70
9.83744 19.8025 70
10.4402 10.2527 70
8.82919 -1.08877 70
21.403 -9.10384 70
-0.351957 1.03055 70
-1.11307 10.013 70
1.06932 -0.00540194 70
10.2543 -0.728633 70
9.80078 9.91743 70
9.12646 9.31196 70
-10.3466 0.805533 70
-1.3967 0.445294 70
51.3524 0.150177 70
9.72916 10.2751 70
8.60899 0.62768 70
-18.9259 10.9452 70
-1.30271 10.0125 70
0.772416 9.46422 70
30.3816 0.543877 70
-0.427315 -0.0869031 70
9.2802 40.1817 70
-0.78296 -0.908491 70
0.237772 -1.21886 70
31.0256 0.947432 70
10.2186 20.5528 70
11.4075 10.7029 70
8.98362 11.098 70
-19.7113 9.37908 70
-1.13768 9.24982 70
19.1462 -1.14614 70
-9.81367 1.29801 70
38.7546 -0.623046 70
-0.331196 8.96106 70
-1.23512 0.856865 70
9.2978 -0.917525 70
10.2835 -0.949107 70
9.40071 -1.29503 70
-39.6278 -48.7487 70
-1.241 18.9468 70
-10.8484 11.3602 70
-19.5016 20.7055 70
19.6216 1.35546 70
18.8772 0.568771 70
0.60809 -0.0301114 70
0.000477259 -11.1687 70
-1.03571 -19.0831 70
-9.21125 -59.9503 70
-9.09119 0.03614 70
-0.56803 0.340081 70
-0.128397 -0.18776 70
19.2982 -9.41582 70
10.5731 20.8839 70
9.97035 0.46723 70
-0.971046 9.29102 70
1.03129 -0.211187 70
-0.123138 -0.67633 70
9.4579 10.5221 70
10.982 21.2617 70
8.8164 -0.108716 70
10.5572 20.7882 70
0.988485 0.96376 70
-0.874869 8.56156 70
-9.20113 71.2214 70
-1.04491 10.0587 70
9.51208 19.9796 70
-21.2635 40.342 70
-10.6819 9.5349 70
9.85518 -0.987589 70
-10.3824 -39.2306 70
0.589741 -0.553189 70
39.0926 -39.3723 70
9.93492 -0.20921 70
9.36776 -0.0437621 70
-0.0956029 8.89042 70
11.216 10.9412 70
-0.444949 21.1957 70
10.1218 9.35501 70
-0.769443 10.112 70
-10.4495 29.8816 70
-31.3771 -30.8222 70
-10.7357 -10.9489 70
9.56589 -1.34069 70
-1.36113 -1.17864 70
-0.582651 1.15962 70
1.23879 -9.01023 70
-30.4843 20.2261 70
0.20336 1.18253 70
-0.0359316 -1.38586 70
9.93766 21.0092 70
0.0477414 -0.633563 70
0.505166 0.911527 70
10.2665 11.0773 70
30.2025 -20.727 70
1.11079 1.39072 70
-0.993297 -1.19259 70
1.27461 19.7621 70
9.45232 1.12479 70
-41.4301 -60.9924 70
-0.693466 -9.77768 70
-21.1048 -9.42148 70
0.946931 8.64215 70
-9.50565 -11.3822 70
9.29233 -1.34534 70
0.319123 9.9015 70
-9.15044 -1.09258 70
-20.5472 18.8169 70
-28.9105 9.72445 70
-0.179806 11.012 70
-10.6541 -10.4323 70
9.00198 -1.44783 70
20.4735 0.244516 70
9.15476 -9.29981 70
1.07745 0.290256 70
1.18129 0.030324 70
40.0421 -21.2826 70
9.0096 -1.12623 70
0.805373 0.522555 70
-49.0394 110.332 70
8.64002 9.90875 70
11.1864 -0.0251095 70
20.7503 39.5657 70
28.8146 -8.80622 70
-1.26481 10.8305 70
0.387003 -0.473935 70
18.5199 9.38832 70
9.68796 9.55135 70
-0.221566 -1.32475 70
0.766968 0.70786 70
0.753985 -1.12174 70
1.10019 -0.362687 70
8.51349 -9.12763 70
9.69059 -9.42514 70
-0.651137 11.3715 70
-8.90852 0.170282 70
0.378779 -29.0674 70
11.2616 -8.62152 70
0.22484 -1.31021 70
-8.67057 -0.216635 70
-9.10862 -8.77174 70
-9.72411 20.4641 70
-8.5967 20.8394 70
8.61062 10.9883 70
-20.5948 10.1573 70
11.3136 10.6924 70
0.156304 9.43465 70
-8.67403 8.5567 70
21.2774 8.50205 70
-20.8037 -0.689662 70
-8.73947 0.937577 70
11.0084 -20.7973 70
-21.2598 1.25503 70
18.8833 18.5058 70
19.8418 8.64178 70
-9.35312 -20.3527 70
1.35062 10.5812 70
11.2431 -9.38895 70
9.78476 0.827786 70
-0.239846 1.46229 70
-10.1731 0.452468 70
0.0202024 -0.294639 70
11.0188 20.7615 70
-8.62282 11.0725 70
21.3396 20.4534 70
10.0977 0.440254 70
1.00073 1.07407 70
11.4483 -1.34725 70
28.7319 8.73737 70
9.68178 -1.26197 70
0.568126 10.4898 70
10.707 -0.103255 70
9.74297 0.975025 70
10.2245 9.67295 70
9.99276 -29.2402 70
0.57993 -0.578214 70
10.645 0.280186 70
-0.0852697 0.0993398 70
-20.3267 19.7174 70
1.12622 1.11927 70
30.301 -8.59401 70
1.36313 9.77682 70
9.86686 10.7027 70
-0.940829 11.1761 70
8.93458 -0.326436 70
-10.3637 9.989 70
-11.0961 8.72734 70
-0.473462 40.1921 70
0.01138 10.4192 70
29.0123 -20.8227 70
0.0968007 8.63042 70
0.913503 18.7936 70
10.8781 -10.4244 70
9.62918 10.1365 70
8.93866 10.9639 70
-0.902322 11.4109 70
-0.731238 10.2956 70
51.3869 -19.2497 70
-10.271 0.0334919 70
10.1288 -0.250384 70
-1.41993 0.352843 70
1.01646 -20.0632 70
-1.49193 18.7129 70
19.7635 10.9416 70
-29.6223 -29.5459 70
10.2626 -10.7012 70
-58.6913 11.4709 70
0.780747 0.756127 70
8.61172 0.0378294 70
18.7085 11.2409 70
20.5793 8.75519 70
-0.864947 11.2802 70
9.99877 8.84573 70
-40.6289 21.1376 70
19.9582 31.0389 70
-1.17077 -0.731076 70
8.68897 0.651025 70
0.0885333 9.11001 70
-0.196836 99.4626 70
0.70441 19.2015 70
9.41166 -10.3496 70
11.2123 9.37661 70
9.34237 11.1896 70
9.74366 -1.19914 70
40.414 -50.6915 70
-40.4425 9.42071 70
-0.194475 -9.2603 70
-8.56684 10.6894 70
-0.819092 9.74048 70
-19.05 9.44969 70
-9.10252 1.05357 70
0.178613 -0.382972 70
10.9475 1.31181 70
39.4942 -0.693917 70
-9.23601 -9.86195 70
10.677 1.43342 70
9.38841 -0.349667 70
-1.14789 -8.58108 70
-0.388415 -0.547818 70
9.51092 8.88716 70
8.66886 8.94877 70
49.854 50.682 70
-58.8836 10.4876 70
20.0616 9.30311 70
0.686829 -0.837994 70
-21.373 1.24289 70
10.5089 -10.8097 70
-0.638762 1.22818 70
1.1943 -10.3871 70
9.82009 0.296007 70
0.0596912 10.9663 70
-9.42623 -9.86442 70
-1.04315 0.266802 70
-9.41936 21.4029 70
0.156753 0.539238 70
0.131516 0.471994 70
-1.19439 -1.29359 70
0.963156 -0.738907 70
0.467609 9.79767 70
-1.4639 19.9923 70
-1.25278 -0.372991 70
8.88916 -0.342214 70
-0.680818 0.317725 70
-1.49363 8.99166 70
1.17885 8.8051 70
0.759398 9.42364 70
0.36972 -1.07921 70
-10.9343 28.9499 70
-8.70241 28.9741 70
0.192331 9.83194 70
-0.879373 10.4092 70
-1.17886 9.68807 70
-0.622348 -10.7031 70
-1.28333 8.52638 70
10.4813 1.48492 70
9.9678 -9.37652 70
11.3856 0.383781 70
-9.53024 11.2271 70
0.693523 -0.0391715 70
10.7083 -0.728494 70
21.2973 21.3774 70
0.11164 8.55053 70
0.34362 10.0906 70
0.765851 29.9601 70
10.0144 29.0958 70
10.1224 0.814482 70
31.2716 -8.97719 70
29.0264 -9.54368 70
-1.34703 9.96285 70
-1.23962 9.14236 70
-0.398799 -0.497045 70
-29.3312 -9.726 70
-11.1209 9.24122 70
-0.0797855 0.781696 70
-0.515721 28.9153 70
8.85663 21.3506 70
-9.51598 -0.0289651 70
-1.21121 9.58297 70
30.0305 -38.9403 70
0.252847 0.137945 70
0.0452275 1.18019 70
-0.660224 8.69249 70
-0.716453 -1.21023 70
-10.5204 10.3235 70
0.0914705 0.283816 70
1.48369 -0.530583 70
0.226299 0.00786122 70
0.973783 -0.607552 70
-0.822371 10.1004 70
-1.02686 0.216482 70
9.38619 0.965079 70
19.8235 11.203 70
0.0121729 1.02837 70
20.1423 1.35184 70
-0.0602472 -0.366855 70
29.5639 0.248216 70
11.4768 11.3295 70
0.547884 29.5376 70
18.5186 21.2475 70
-0.579575 0.302037 70
9.50023 1.25823 70
-10.3766 -1.2583 70
1.35906 9.64151 70
0.811678 -1.41562 70
0.621492 -1.12403 70
10.4967 -0.833652 70
-0.579698 -0.29579 70
-10.7365 10.8167 70
41.299 18.6838 70
9.44887 -0.45911 70
18.5592 18.5396 70
11.0298 -8.54137 70
1.06758 8.61517 70
-1.13746 11.2737 70
-9.5912 1.12903 70
9.17883 1.44635 70
-0.88658 1.0398 70
0.101176 9.20707 70
11.0485 -29.7765 70
-1.25878 0.564982 70
-0.927749 10.2798 70
61.3118 11.0774 70
-20.6084 -18.8433 70
20.7876 10.8192 70
10.6951 -0.980468 70
9.71641 1.40377 70
11.2596 -9.39452 70
-9.60285 8.90077 70
18.5822 19.0671 70
-0.342375 0.778145 70
31.3078 30.4019 70
9.83635 8.90102 70
-40.6926 -41.1905 70
-1.45831 -0.310015 70
-0.36628 0.571351 70
-0.479953 -10.4697 70
-1.327 8.63948 70
-0.301536 10.5706 70
1.06364 -0.798316 70
8.62222 -1.3602 70
-1.06291 -9.74449 70
11.3987 0.949918 70
9.60358 -0.596722 70
-0.724623 11.2498 70
0.411582 10.3837 70
-0.0571261 -0.498826 70
30.0029 -1.36233 70
-10.101 -10.573 70
18.8347 0.975136 70
-0.501593 -10.9558 70
-8.95462 29.745 70
-0.538684 -11.1743 70
-0.547819 0.44841 70
9.57505 0.269865 70
9.61975 -1.07947 70
-10.8494 -19.9079 70
-1.26463 9.38999 70
-8.66299 9.56321 70
10.4355 10.5342 70
9.50082 11.0334 70
-0.139045 0.700832 70
0.290542 -1.24835 70
-0.398561 0.545352 70
11.047 8.50334 70
-10.651 11.4951 70
-19.9785 9.93151 70
-21.0887 0.800357 70
30.9851 19.0289 70
8.87504 11.4141 70
9.68976 9.74746 70
-0.683945 -1.20408 70
10.5704 11.3556 70
10.8899 -0.235711 70
10.8294 0.48985 70
8.77908 10.5916 70
30.1744 0.735345 70
10.8795 -30.5413 70
-10.3466 -20.5762 70
8.83043 0.36528 70
-11.2823 10.7695 70
0.0853178 -0.769448 70
0.809139 0.879865 70
49.9317 -0.823986 70
0.174821 0.598779 70
0.430781 1.34842 70
28.5187 -41.1386 70
1.32261 10.5 70
0.118215 9.16321 70
10.5547 -0.462005 70
1.05378 10.8719 70
-0.592166 -9.07814 70
0.595071 -0.0487476 70
0.128801 10.6473 70
10.5488 8.54285 70
-8.87314 -9.54452 70
