10.29 -9.37236 70
1.16833 -0.393016 70
-1.37814 1.16308 70
0.335067 -9.79807 70
9.47425 -18.9541 70
9.68667 -0.589697 70
-9.91327 10.7032 70
-1.40995 -0.18851 70
9.11667 -0.636083 70
51.2716 20.2331 70
-0.0413012 0.433791 70
-0.947961 0.926547 70
-11.0266 -0.979795 70
0.635255 0.694098 70
40.2964 48.8456 70
1.21274 -0.96016 70
-8.57145 1.23795 70
11.0303 -21.2481 70
0.755738 8.91471 70
28.919 1.01318 70
-0.107976 0.449019 70
39.9759 30.7448 70
9.68369 0.691997 70
0.150474 0.844261 70
9.9064 61.3729 70
1.3442 0.551024 70
40.1419 0.513445 70
10.9253 -10.236 70
-0.16805 1.47377 70
0.472894 -1.0893 70
0.681883 1.01208 70
0.401304 0.351087 70
1.1126 1.4132 70
0.132854 1.4332 70
-11.3302 19.8443 70
9.15392 -0.816392 70
9.4062 -8.87024 70
11.4026 -11.0624 70
79.7895 -31.0894 70
0.868981 -0.696069 70
0.41395 1.36069 70
-1.09225 -0.0380256 70
-1.39714 -20.2178 70
10.8003 -9.9803 70
30.7914 -1.39339 70
-9.16674 11.4676 70
-10.1155 10.2776 70
0.450175 1.00324 70
0.097077 0.401877 70
-1.37045 -11.3994 70
-0.422015 -1.0984 70
0.942163 0.261671 70
-1.07131 -0.860258 70
-10.3142 -0.960378 70
1.03077 0.199837 70
19.4971 -10.5486 70
-10.8926 -0.695262 70
19.54 10.1252 70
0.444261 1.21195 70
-0.164366 10.9324 70
-1.08385 0.560646 70
0.228705 0.725995 70
-1.0745 0.488341 70
-0.997199 -0.348311 70
0.814277 11.0289 70
-10.1166 0.462146 70
-0.818622 -0.0218788 70
-1.22772 -10.7464 70
0.314523 -10.5314 70
9.17037 -10.9267 70
-0.842558 -0.813229 70
19.7655 -0.36141 70
-1.05972 0.589894 70
-1.11348 0.75215 70
10.2523 -9.87 70
-60.2587 10.6069 70
-0.121907 1.39227 70
31.3168 -30.7622 70
20.3557 20.1558 70
11.0632 -11.3473 70
-1.18268 -0.826261 70
-0.924446 -9.67549 70
9.44739 1.34444 70
-38.6593 -0.940195 70
-19.8274 -20.8211 70
1.07703 0.39326 70
-21.2142 -11.0947 70
-9.88213 -1.37186 70
-0.980576 -0.320078 70
-51.2497 -31.0091 70
-20.5336 -31.0944 70
0.0335063 1.11066 70
-21.308 -9.58824 70
29.2144 19.8961 70
0.181627 -8.88742 70
-30.9589 1.0177 70
9.8744 10.1701 70
0.531604 -1.08907 70
1.43257 1.17667 70
-51.3079 1.00462 70
1.33872 1.15217 70
10.8325 -0.201098 70
9.2003 0.78766 70
39.6594 -9.2404 70
-0.616382 -0.321236 70
9.78046 10.966 70
0.225687 1.42664 70
-31.0451 -1.37071 70
-1.1973 -10.9495 70
-1.19603 0.290273 70
0.62355 0.569063 70
-0.14432 11.0316 70
1.33896 0.931144 70
-39.2907 -60.8283 70
1.20232 11.3616 70
11.0379 0.516911 70
10.8266 -1.06856 70
1.49531 -10.1778 70
-20.7141 -10.0125 70
-11.1415 -0.658509 70
-8.65378 -0.755144 70
-0.804587 -0.126415 70
-11.4255 -9.54343 70
-9.43871 -1.35257 70
-11.2233 -0.151213 70
19.0432 -0.0495121 70
8.80901 -1.47614 70
9.3868 -0.411232 70
0.961045 -1.04902 70
10.621 -1.01494 70
-10.3917 -0.526267 70
10.3754 1.13651 70
9.2844 -1.16828 70
-0.954969 -11.3657 70
1.14456 -0.0320939 70
1.48193 0.082595 70
39.3118 -60.6881 70
10.8667 0.53136 70
0.84698 20.5507 70
1.18857 -0.619928 70
-31.1955 -29.5257 70
9.17498 -29.7345 70
50.3298 -70.0598 70
-11.2126 0.17656 70
-9.52955 -19.8731 70
-1.43819 1.02735 70
0.0501323 0.748661 70
-10.2198 -30.3625 70
-0.608914 -0.96569 70
0.589208 0.106078 70
-1.18113 0.295914 70
-18.773 0.273026 70
1.13064 -0.982997 70
-8.51542 18.6446 70
0.019538 9.74542 70
0.0411103 -10.6401 70
-0.400256 1.06532 70
-1.33678 0.0477753 70
-0.37104 1.2918 70
-18.6199 19.7052 70
0.768443 -1.14553 70
19.0426 -8.73567 70
9.46205 40.3206 70
8.5891 38.7821 70
28.7066 31.294 70
29.7734 29.7384 70
29.5146 39.2873 70
-1.26767 0.633462 70
9.77032 -1.05114 70
0.963337 -8.78879 70
-1.37305 -9.97556 70
0.500087 -1.30651 70
0.542798 1.17101 70
-0.397496 10.3438 70
0.375257 11.429 70
0.836673 -1.16284 70
0.344686 -9.02602 70
1.34511 -0.133932 70
1.25284 1.32919 70
-1.31175 -0.899623 70
-20.8297 20.7747 70
39.3885 -20.6752 70
0.865475 -8.69316 70
0.05932 20.2742 70
1.35825 19.4909 70
0.348022 21.2738 70
1.15931 0.19383 70
10.6418 -1.42257 70
-0.34565 -0.275413 70
-0.973687 -11.3195 70
-9.43989 -19.6209 70
-0.403728 0.653801 70
0.0891681 -21.094 70
0.990669 -19.0466 70
0.375095 -40.3498 70
-0.862762 -9.15065 70
0.674518 0.422526 70
-1.27037 -0.00602903 70
-9.44062 -1.03031 70
1.3799 -10.3045 70
1.3601 -0.661522 70
0.519199 -9.50464 70
-0.375034 -9.94716 70
-0.0385849 0.848935 70
1.36596 -0.647798 70
-0.993784 1.4887 70
10.6531 -0.482764 70
-11.1152 10.3114 70
-9.28092 9.83044 70
-1.36936 10.7135 70
-9.22572 11.4476 70
21.4074 -31.3167 70
1.10603 -0.918329 70
-1.38032 1.05384 70
-0.279941 -1.34389 70
10.6957 0.106358 70
11.3772 9.84122 70
-0.544649 -10.8729 70
1.43493 -0.665791 70
9.46505 -1.09261 70
9.73682 -21.1983 70
-9.16217 -1.3653 70
-0.399056 -0.33402 70
-11.2686 19.2895 70
-0.976759 -0.360641 70
-0.146391 -18.5325 70
-0.0587326 -20.0228 70
-0.139947 10.5144 70
-1.49106 0.882325 70
-38.5032 -21.085 70
-9.6118 0.898416 70
9.61575 -0.777237 70
79.8689 -98.9984 70
-1.40486 -0.0282806 70
10.2194 -19.6025 70
-1.14217 -11.4724 70
1.2139 -1.48675 70
1.42534 -0.650215 70
-0.0214253 0.275105 70
-10.6046 -9.81316 70
-0.856965 19.2818 70
-0.58887 21.4656 70
8.91526 8.80701 70
0.840249 48.5663 70
9.28408 -9.9596 70
10.3774 -9.25336 70
8.98881 10.9796 70
10.8539 -0.388682 70
-11.2108 0.810303 70
-0.262992 -0.93115 70
-0.667147 48.5708 70
-9.10889 -10.0162 70
-1.22164 -1.07734 70
0.0865156 -1.23738 70
31.015 10.2869 70
0.268448 -10.7041 70
-10.8673 -0.86807 70
-10.3888 -0.596947 70
-9.84973 -8.79279 70
18.5351 30.3737 70
-0.0680891 8.58513 70
-0.743093 -0.720145 70
1.24237 0.564903 70
0.190731 9.72756 70
0.217902 -0.857513 70
-1.15071 0.515614 70
9.88171 19.3602 70
1.36657 1.39891 70
-1.09602 0.511501 70
11.1173 -1.28312 70
38.6755 -11.3403 70
0.790445 -0.879885 70
-10.9077 -8.55989 70
31.2782 18.5705 70
-10.8536 -1.15363 70
30.795 29.9584 70
28.8899 30.4578 70
0.628048 0.798295 70
10.4698 -38.6421 70
-21.4196 20.7969 70
-11.0634 -0.683064 70
20.7253 -0.397691 70
-1.18953 -31.0931 70
-9.77183 -29.1124 70
-1.16046 -0.70993 70
-1.06445 -11.0325 70
-0.763353 1.43164 70
0.525242 -0.0882132 70
1.0368 -11.3605 70
8.73133 -10.617 70
0.905909 -0.0620267 70
19.0078 11.2689 70
-0.697253 0.0795045 70
-1.21224 -9.54814 70
-31.3383 -20.8432 70
-8.62766 -9.19931 70
-0.992957 -9.81243 70
8.76754 -9.86491 70
-11.234 -21.2749 70
-31.3595 0.866109 70
-9.49982 0.768606 70
10.2643 11.4374 70
-0.939618 -0.521376 70
119.31 51.4127 70
-0.214374 0.921331 70
-0.478082 -1.25975 70
-20.1341 -9.09688 70
-11.2121 1.2052 70
-9.02252 1.40957 70
-10.0202 9.21765 70
0.881699 -0.357585 70
8.56563 1.3665 70
9.12406 0.505685 70
-20.8359 0.0470313 70
-9.43981 -11.2065 70
9.26869 -21.06 70
0.719209 -0.221987 70
1.37616 0.473209 70
-0.35554 -0.855385 70
-109.382 -69.1211 70
-10.6803 -11.3697 70
29.3456 -9.28593 70
1.23865 0.925135 70
8.82149 -20.077 70
-10.089 0.707321 70
-9.70826 -19.4641 70
-70.6794 -10.5512 70
-0.74977 -0.997421 70
-11.0949 11.4575 70
-19.0498 -9.62748 70
-20.7462 18.9952 70
0.343713 -1.08598 70
-1.22238 -0.854095 70
0.0870616 -1.06005 70
-10.7182 1.44521 70
-8.93168 1.31857 70
9.3542 -11.4173 70
-1.40783 -9.6087 70
9.67455 9.27536 70
-1.37123 0.528929 70
0.6503 1.10743 70
-0.981814 1.05653 70
-0.340775 8.66842 70
0.204342 1.20706 70
-0.335161 -1.00435 70
-1.26899 1.02276 70
0.892749 -0.688532 70
-8.93765 -1.34033 70
-1.28114 1.25467 70
-0.0025216 -0.734781 70
11.3404 11.0157 70
-10.2481 -10.0688 70
-21.2235 -11.1185 70
-10.3353 1.21172 70
18.9782 0.742037 70
-98.5588 -18.8165 70
1.27319 8.99285 70
-9.57956 0.791278 70
1.10026 -9.97972 70
0.697427 -10.8166 70
0.658847 1.28117 70
8.87293 1.42902 70
9.36519 0.932532 70
31.443 -1.39441 70
30.6405 -30.0171 70
-9.02518 -10.9509 70
18.6834 -0.809932 70
21.3314 0.311878 70
0.821786 1.15326 70
-39.2655 9.81866 70
-40.7011 8.87079 70
1.32103 -0.582411 70
-9.01538 -21.3289 70
0.215195 -8.62549 70
-10.5961 0.179967 70
-8.90296 0.788607 70
-10.2328 -1.14867 70
-10.4982 29.4038 70
-0.034482 -10.3435 70
0.471032 -9.6804 70
11.1288 8.97315 70
1.32642 -9.63293 70
-1.15965 1.40796 70
-0.335956 1.13255 70
-0.96155 -0.411615 70
1.01342 -10.5111 70
0.666157 -9.39587 70
-1.44743 -11.1175 70
21.2061 10.1139 70
-29.5257 19.1104 70
19.7716 11.3977 70
0.894081 -0.323171 70
-0.821657 -9.55281 70
10.2019 -79.1408 70
-20.0676 31.313 70
20.7245 -19.9817 70
-20.4852 29.8224 70
-0.581019 -9.72689 70
0.515019 1.0072 70
-9.96352 -21.4342 70
110.553 -60.9391 70
0.0202652 -0.381805 70
0.168188 1.24229 70
-9.40854 -10.6825 70
0.487289 -0.826796 70
-0.896496 1.2248 70
-0.677661 1.32258 70
1.06155 -0.817018 70
29.1435 -11.3411 70
0.967216 -1.27071 70
0.478553 1.10891 70
18.571 19.82 70
-1.29445 -9.72304 70
-1.14946 -0.53512 70
-1.13162 0.814841 70
9.38281 1.43424 70
-8.90859 10.222 70
-0.888095 -0.672858 70
1.03581 -1.45667 70
0.762634 -1.11804 70
-10.3782 -11.4744 70
-0.468913 -9.84029 70
1.42985 1.40362 70
9.12951 -8.81335 70
-0.96475 -0.165482 70
-19.8161 -18.6515 70
10.5984 11.0314 70
-8.689 10.7796 70
-21.3792 -10.8152 70
0.0913017 -0.125516 70
-20.3052 -8.54062 70
19.8625 -1.49434 70
-29.207 -100.117 70
-0.831968 -9.81395 70
10.0244 -1.13147 70
20.7361 19.3618 70
-20.0154 50.5808 70
11.045 -19.2281 70
1.05197 -0.0321805 70
0.898255 -8.93062 70
-11.3829 -11.4517 70
-1.4716 -1.20339 70
10.7326 -10.7457 70
0.350839 -18.7552 70
-21.0008 -21.3146 70
10.9534 -20.6031 70
-10.4855 0.800345 70
0.751001 9.54961 70
-9.49653 0.702611 70
-1.32866 0.833831 70
-10.609 -20.582 70
-21.3907 -9.16704 70
0.413045 -9.32817 70
10.089 29.8302 70
9.77666 -30.1284 70
21.3728 20.3583 70
-8.8607 9.4433 70
-8.76756 0.690897 70
9.85681 51.3033 70
18.9752 -9.44307 70
1.42268 -1.20336 70
-0.590409 -1.21091 70
31.4165 21.1331 70
-10.2886 0.166609 70
-8.55885 0.245335 70
20.2711 -11.154 70
-8.62888 -8.50269 70
-0.93487 1.13138 70
8.94026 1.39721 70
-0.876563 1.0781 70
-1.10639 1.4464 70
-0.45697 -1.32559 70
0.657648 -0.0327401 70
0.512402 1.35199 70
-0.286794 -0.218849 70
1.06761 30.7899 70
-0.933744 -10.5297 70
-68.5659 -100.55 70
-9.4558 11.4013 70
-20.1627 10.2991 70
-10.1469 -11.0429 70
9.09698 -9.55379 70
-11.1764 -19.5354 70
0.0598505 0.0510767 70
-0.934672 -0.381427 70
0.761028 18.8199 70
1.15365 -1.25344 70
0.150807 0.392366 70
11.0846 -9.00095 70
-1.09791 -0.306136 70
39.72 -20.9006 70
0.790695 -1.39176 70
-8.74438 0.84693 70
10.6933 10.3506 70
18.5732 -10.7551 70
0.71302 -0.488763 70
-0.515743 0.229477 70
1.14047 -0.346643 70
-9.97442 -8.66748 70
-9.53251 -8.99118 70
-0.315997 -0.477878 70
20.1574 10.042 70
-0.71328 9.38501 70
8.79048 1.19705 70
0.494959 -1.45041 70
-1.11692 0.42045 70
-1.37577 0.912728 70
0.799307 -40.8757 70
-0.426107 0.395958 70
-0.784762 -0.0207357 70
-1.42999 -0.991161 70
-10.2167 -9.0982 70
11.0686 -8.8457 70
1.19036 -0.298566 70
-20.7392 -10.7094 70
0.19708 -10.9792 70
10.5012 -0.950261 70
0.5795 -1.34473 70
1.33425 0.270531 70
1.26681 8.72261 70
-0.282776 -0.258088 70
0.960427 0.307407 70
1.44135 -0.200001 70
-11.3452 11.463 70
-1.03165 0.388263 70
0.918426 -1.09289 70
30.0418 -60.9434 70
-31.0356 -59.3824 70
-0.335333 -0.713451 70
9.57382 -11.4112 70
1.23334 0.340106 70
-0.144149 1.47998 70
-0.702826 0.371213 70
11.0148 -0.289297 70
8.76274 -0.137967 70
-10.139 -8.55834 70
-0.231898 -0.388163 70
-0.0955011 -9.45848 70
-1.45812 0.821017 70
-1.3376 0.0795737 70
0.0699896 0.67993 70
-10.6668 -39.4917 70
0.591127 0.835135 70
10.2415 -8.60995 70
-10.3318 0.378927 70
-50.4952 80.3055 70
-9.20605 -10.9792 70
-0.996143 0.566951 70
19.9862 21.2213 70
-9.99662 -0.983571 70
-9.76775 0.566719 70
-9.7915 9.26684 70
-58.887 -1.27941 70
19.4862 29.1376 70
-1.37691 -1.47271 70
-19.8922 -28.9363 70
-20.4644 0.848528 70
9.28565 -10.1471 70
38.8114 -38.686 70
0.029178 -1.0315 70
-1.09109 19.8025 70
-8.93405 10.9728 70
9.98253 -0.437973 70
-9.84908 8.97803 70
-1.14719 0.0114444 70
8.62511 -11.2298 70
-9.05629 -60.2629 70
-9.5097 -59.1057 70
-0.944101 -1.16166 70
-1.26473 -8.79294 70
1.01306 0.183244 70
1.42854 -0.695784 70
-20.6544 120.596 70
-9.07123 -29.9646 70
-11.0963 -29.3737 70
0.759247 1.32323 70
-1.35856 0.405766 70
-20.7294 -0.101805 70
11.1892 -29.0473 70
-9.73753 -8.88856 70
1.02369 -0.43387 70
0.192901 -11.1594 70
-9.59466 -1.08124 70
1.39819 9.00925 70
0.639707 0.453651 70
8.6325 -8.78534 70
-10.705 -11.0522 70
-1.11439 -9.12013 70
-0.718439 -8.52402 70
1.27007 -9.11333 70
-1.2563 -0.0804878 70
-0.585607 -9.29274 70
21.25 1.28398 70
-11.0857 -10.3449 70
1.10356 -10.5085 70
9.47186 1.49666 70
-9.05972 -20.2907 70
0.299417 1.29454 70
-9.26616 -1.15505 70
0.834468 0.884416 70
1.14274 9.86313 70
-20.539 30.9647 70
-0.763575 -0.451515 70
-10.6436 -1.26338 70
-8.57134 -9.66356 70
41.4433 -9.99323 70
-0.0994868 -0.752193 70
59.9982 9.39578 70
8.80305 8.7374 70
8.77773 0.831093 70
-10.1173 -9.271 70
-10.192 -1.35679 70
-0.92136 -0.619469 70
-19.7227 0.270847 70
0.16366 -0.0570021 70
11.4636 21.1767 70
-8.91364 41.4098 70
0.999147 1.11328 70
10.8472 9.27158 70
-8.86911 -8.96386 70
11.1235 18.9959 70
9.30608 20.8834 70
9.13893 9.40311 70
0.575776 11.2208 70
0.954941 -0.106099 70
1.38518 0.638775 70
9.84594 -1.29923 70
-1.23825 -0.987705 70
-0.375663 -0.45671 70
0.878194 -0.768012 70
-18.6014 -20.5244 70
-9.6279 -0.887159 70
-0.845475 0.333639 70
-31.3812 10.2221 70
-20.2151 -9.69525 70
40.9861 -1.49813 70
-0.477933 1.03336 70
-0.930323 10.6486 70
0.351417 -21.2912 70
0.589534 1.03747 70
9.54344 29.5903 70
10.2522 30.911 70
-1.30039 -8.55866 70
11.4127 -0.946306 70
9.46249 -9.85383 70
9.2952 -8.95842 70
-8.72463 -1.38387 70
-11.1795 -8.701 70
19.9277 0.856758 70
-11.3351 -11.4591 70
0.851391 -0.550143 70
-0.6575 9.07712 70
-8.98973 39.5145 70
9.66659 -30.0528 70
11.325 -10.5007 70
-1.24287 -1.47692 70
-0.292112 -1.38616 70
-0.219456 -9.1954 70
0.771067 9.73779 70
8.70524 -1.32341 70
-10.7619 -20.5599 70
20.529 -49.9321 70
31.2461 -30.335 70
-11.0625 9.30332 70
-9.65082 -9.57548 70
1.14851 0.640822 70
-0.822804 -0.211334 70
-1.07163 -8.74979 70
-9.3828 -10.0998 70
-51.324 -18.9389 70
-10.385 10.7882 70
-0.319383 -8.63985 70
0.581974 -0.973105 70
20.1788 1.15875 70
0.391972 0.0465625 70
-0.196635 1.31069 70
-19.6016 -0.156843 70
-1.14212 -29.0251 70
0.95907 -29.408 70
-1.25251 0.415273 70
-9.24402 10.0773 70
0.223684 19.1188 70
0.480283 19.7239 70
1.20755 1.04906 70
0.420663 11.4694 70
-0.899761 9.98785 70
11.4751 11.0606 70
0.563785 -0.850262 70
-0.0157618 0.214013 70
9.56962 20.7533 70
-0.689232 0.352354 70
-0.114107 10.4945 70
1.22888 -31.2012 70
-9.32195 8.57902 70
-1.34022 -0.848437 70
-1.34143 -11.4096 70
0.115606 -10.7046 70
-1.05751 -0.256339 70
-11.1554 0.988975 70
-11.3179 -9.54535 70
1.17528 0.568058 70
1.10591 -0.707476 70
0.367661 0.0550832 70
-30.8506 -18.9271 70
0.0568009 -9.84344 70
-10.3892 11.0864 70
10.4875 -0.723575 70
0.347366 -9.4769 70
-9.68877 -9.60133 70
-1.03364 -0.768291 70
0.104888 0.859788 70
1.07574 -0.109648 70
-10.651 0.865874 70
9.99184 -8.56741 70
1.21588 -10.1389 70
8.51812 9.93313 70
0.171686 -0.339248 70
-0.857939 -1.24166 70
21.2463 -20.8777 70
1.23144 -1.32869 70
-1.04488 0.385053 70
0.243708 0.67939 70
-10.7711 -0.158872 70
-11.3064 -0.448126 70
1.31273 1.39168 70
-0.701825 0.104257 70
-29.9856 20.0487 70
0.489911 -1.48839 70
-8.72468 -20.6977 70
8.74223 9.98279 70
-1.10026 -19.0796 70
9.19283 11.1117 70
41.4366 38.73 70
19.7564 -21.1034 70
-8.79833 0.936983 70
-0.928992 -0.774785 70
-9.98668 -10.8731 70
50.5348 20.8592 70
50.5975 19.753 70
-0.521665 0.590251 70
0.470947 19.3564 70
0.0411666 -1.41767 70
-1.4629 0.924294 70
0.374615 -0.923649 70
-39.0518 -59.4543 70
-0.273891 -0.593683 70
60.3977 31.3448 70
-9.77725 -0.541101 70
20.779 -0.163042 70
9.04661 1.23661 70
1.00606 -0.423036 70
11.0517 -10.104 70
10.4576 -9.87136 70
11.2761 -10.1755 70
10.4441 -10.6298 70
0.289581 -0.0563943 70
-9.82733 -29.1594 70
-0.895877 -8.52176 70
0.872936 -11.024 70
10.9545 0.361957 70
-1.49442 -8.5615 70
-1.28635 -0.143146 70
-11.1052 8.99036 70
-9.09954 -51.2796 70
0.349195 -9.32765 70
0.80807 -0.392775 70
-0.678893 -9.10551 70
-9.63711 -0.444303 70
-10.9606 -1.39523 70
-0.535398 -1.40001 70
-1.13157 70.8035 70
0.325261 10.3089 70
-0.268816 0.846657 70
10.3751 -9.287 70
-108.82 10.8328 70
-0.743374 -0.773257 70
1.42153 -10.1921 70
-0.59448 0.123901 70
10.4908 -11.3009 70
21.4492 -0.796606 70
-11.3877 10.5103 70
31.1596 0.249339 70
0.920299 -0.601637 70
20.5133 -10.1961 70
21.1196 -10.0722 70
-1.00365 0.58687 70
10.1589 -0.893655 70
-9.35706 -0.744686 70
-9.01228 -0.574662 70
-10.9842 1.19422 70
-9.7547 0.886064 70
-0.0959979 -0.941564 70
-30.9867 -11.4067 70
-10.8923 0.210434 70
-20.5155 -1.3132 70
0.51333 -0.0655608 70
-0.937429 -1.38596 70
0.492751 1.12605 70
-1.11766 0.717722 70
-9.25738 10.5595 70
-0.46822 11.042 70
-0.883635 10.4965 70
-0.202608 -0.85016 70
9.6556 -0.542712 70
10.9265 0.0717562 70
9.62279 -0.911443 70
-69.1686 -0.47035 70
21.1181 -8.52908 70
18.8544 8.65484 70
-0.260396 -0.786648 70
29.5304 -70.2066 70
-11.4623 38.5895 70
39.8673 -49.334 70
-0.362934 20.7811 70
-10.28 8.52407 70
-1.10207 10.4868 70
11.2473 8.50947 70
0.0768143 -0.84915 70
-1.32294 -1.20712 70
-1.47441 -9.73746 70
-0.975802 0.517094 70
-20.3577 -10.6287 70
11.147 -0.121738 70
9.69348 -1.18269 70
-1.20881 -30.5909 70
9.7178 0.141961 70
-1.1648 0.142182 70
1.19831 -0.617137 70
0.490999 -8.76176 70
-0.547617 -9.02911 70
0.772576 0.778207 70
-0.579796 0.373356 70
0.520485 -10.082 70
-21.0214 0.972695 70
