-20.2393 10.0892 70
-0.556078 8.81296 70
-9.72238 1.43839 70
19.9269 1.01769 70
-0.783831 1.07562 70
-19.6262 -18.6506 70
-10.8328 1.26746 70
0.868615 1.44137 70
0.363791 1.42894 70
1.46246 -18.5737 70
0.403977 -10.011 70
-10.2994 -1.28005 70
20.0981 9.98444 70
-10.1034 10.7925 70
1.0523 0.413485 70
-1.49362 -0.81822 70
-1.35783 -0.352305 70
-10.684 11.0343 70
-31.2399 20.5996 70
-30.3744 40.1602 70
41.4386 1.49803 70
-28.7794 20.986 70
9.36084 -18.7599 70
-0.0886025 -0.506018 70
19.8518 -9.34293 70
11.3514 9.26599 70
-9.59636 0.829003 70
0.877662 20.6659 70
0.692486 9.97795 70
-11.3446 -0.483017 70
-9.9243 -9.2595 70
-11.1701 -1.4786 70
-10.7355 10.801 70
-20.7348 -0.528788 70
1.48518 -9.32783 70
-1.31172 -10.3271 70
0.449331 -1.03173 70
-1.06139 -0.953532 70
-60.8551 -10.4872 70
-1.02683 1.14013 70
-11.2787 -0.061525 70
-10.2353 1.38432 70
-0.0838266 19.5781 70
-20.9774 9.68812 70
0.739709 -1.29319 70
0.93404 0.360172 70
-1.07171 9.83431 70
-1.19805 8.50461 70
-1.47482 9.15333 70
-39.3138 9.85975 70
-40.457 9.05837 70
-0.775802 -8.51413 70
-8.67724 0.166105 70
-19.3302 9.11833 70
-9.37033 -19.0687 70
-0.196543 -1.0641 70
-1.05262 0.626926 70
-0.412725 0.914017 70
11.1133 9.40176 70
-1.41955 11.2833 70
19.2284 18.5689 70
-10.4412 0.377729 70
-19.0213 -9.76422 70
1.17112 1.21669 70
-10.185 -0.983993 70
-10.2852 -0.655861 70
-9.03349 -8.64058 70
-10.6811 -0.187786 70
-0.326531 8.98633 70
-0.934367 0.574454 70
30.0169 19.0366 70
-0.896192 -0.965863 70
-41.0259 29.3244 70
-1.03157 0.153305 70
0.744973 10.1456 70
-10.9165 19.7094 70
1.1407 0.365875 70
-0.47482 -0.686943 70
-8.92582 9.72765 70
0.693874 40.3231 70
31.3359 9.44026 70
10.605 30.5966 70
8.77133 0.52353 70
-9.32749 -11.0285 70
-9.67505 9.87556 70
-51.2902 51.2012 70
-9.97183 -0.452048 70
1.28928 1.28662 70
-10.6283 9.32471 70
-10.7102 -0.202567 70
-20.6229 30.3202 70
-10.972 9.61283 70
-9.67344 0.559842 70
1.44065 -100.964 70
11.4468 -0.0201983 70
-9.81551 -10.04 70
-50.9088 -21.3398 70
-8.54638 -0.426388 70
29.591 -79.6554 70
20.252 -1.32446 70
20.3473 50.3478 70
1.21384 0.176967 70
-8.83075 9.11483 70
-0.435374 10.3264 70
9.36139 -8.82896 70
0.963208 1.223 70
-0.227057 -0.59863 70
0.305038 20.3811 70
-0.461113 0.68077 70
-11.0534 1.09201 70
-20.6678 -49.095 70
1.03006 -0.805311 70
10.0018 -10.7994 70
-20.473 11.4352 70
-10.4502 -0.395818 70
-28.7505 -20.1813 70
1.38034 30.9681 70
-0.0493124 0.365307 70
-10.0275 8.63256 70
0.713541 0.285343 70
-20.0341 0.289498 70
-0.75595 -20.935 70
9.41839 0.384457 70
0.666398 1.39756 70
21.4151 0.938471 70
-11.2756 -8.62704 70
0.335806 1.16737 70
0.033239 11.2958 70
-1.1789 10.6024 70
0.937576 -10.8515 70
0.658737 -0.816355 70
-50.1587 -20.3869 70
19.8361 -1.16362 70
-11.0935 9.83601 70
-49.5504 31.2013 70
0.141099 -10.5372 70
-0.263491 -0.680598 70
-9.14193 21.4765 70
9.72971 19.4757 70
0.218537 -0.833246 70
-0.80853 -9.34415 70
-0.000858254 0.740071 70
-10.4489 0.588935 70
0.338868 -0.898085 70
-8.5884 -11.3662 70
0.241966 0.996112 70
-28.5801 -10.4558 70
-29.7478 -71.3392 70
30.301 71.0955 70
-11.4676 9.16194 70
-10.3142 -1.17576 70
9.42057 30.6101 70
0.756958 -1.42156 70
0.588206 -1.47041 70
0.712929 -0.692194 70
-0.500106 10.1944 70
-10.4039 8.99689 70
-9.86598 10.7838 70
-1.08344 0.72316 70
-10.8843 9.46816 70
1.34372 0.807017 70
-10.5712 -1.3856 70
-49.4214 10.1093 70
0.367832 -0.791123 70
-49.5323 -41.1047 70
-50.1058 -39.2684 70
9.48835 -0.809714 70
-9.0431 51.1572 70
9.5942 11.3361 70
0.365461 -1.21687 70
-1.01177 0.147938 70
-1.11087 10.5461 70
0.66793 -0.953891 70
-18.8605 -19.835 70
-39.8999 50.4616 70
-1.15007 -1.26852 70
-0.682765 11.3529 70
1.10122 -20.1797 70
-10.4924 0.258854 70
-41.0431 0.773031 70
-9.34125 -0.4919 70
31.4473 -99.4841 70
-9.60677 -0.254037 70
11.2076 -1.15558 70
-10.5207 -0.280969 70
-1.20225 20.4953 70
-20.0851 -10.0814 70
-9.77551 29.5388 70
-0.215408 0.0558068 70
8.99396 -9.97846 70
-0.700234 -8.88513 70
-1.48563 -10.6172 70
-9.57695 18.9681 70
-11.1203 -0.522562 70
-19.0601 -10.298 70
-10.0747 -1.38943 70
0.798615 -0.303318 70
-0.304822 10.5722 70
0.131789 8.5456 70
-11.4947 0.264041 70
-1.12929 -0.336183 70
-0.444861 19.0829 70
10.2124 -1.35714 70
-0.69724 -1.05047 70
-9.3224 1.19857 70
1.0885 10.9096 70
0.505152 1.31314 70
-21.4089 -20.5926 70
-10.3143 11.361 70
-0.0761834 -0.964182 70
-10.2538 11.456 70
8.9468 10.9751 70
-10.3479 0.833528 70
29.1299 40.4753 70
29.7038 10.3605 70
-9.8628 0.160167 70
-1.2085 -0.445766 70
-9.96727 -10.9507 70
10.1377 60.0284 70
-10.3693 0.527945 70
0.0125158 28.8384 70
9.59447 -0.677186 70
-10.8375 18.8493 70
-8.74439 -0.532884 70
0.451142 0.974938 70
-0.674273 1.14779 70
8.65643 -11.2438 70
-1.28248 9.14249 70
18.7201 9.60823 70
-10.9472 -9.53119 70
-0.398601 -0.362448 70
91.4292 -0.982761 70
-10.7908 0.934378 70
-10.6705 1.19513 70
-1.12347 -0.424287 70
1.11929 11.4097 70
1.38343 0.74063 70
-10.2217 -0.833943 70
-9.22111 -1.37857 70
-10.0632 8.84179 70
1.14655 -0.103642 70
-10.1247 0.400423 70
-10.6438 0.196804 70
-1.21713 1.14995 70
9.54562 -9.08233 70
-9.16757 -9.68524 70
9.26135 -9.85477 70
-10.086 -21.2286 70
-19.49 20.9276 70
-1.29303 1.39428 70
-38.9516 -0.668462 70
-10.5828 -0.460697 70
-0.931189 1.30276 70
-0.323273 -9.22374 70
-8.7109 -0.679883 70
-0.860069 -0.651129 70
-38.6599 -40.3826 70
-19.7789 10.0452 70
-9.98715 9.87488 70
-10.4295 9.83139 70
9.83325 20.4337 70
-0.746858 10.2374 70
-0.80979 9.18537 70
11.1701 9.7039 70
-11.3557 20.9812 70
0.344817 0.0368047 70
-11.2441 0.54048 70
-9.23416 1.22728 70
-29.6041 0.765412 70
-0.241007 40.1769 70
-1.38632 -1.10166 70
-0.710772 -0.405001 70
-0.773631 -0.12404 70
0.901605 1.14368 70
-1.33732 -18.9898 70
9.94785 0.203561 70
0.0679519 -1.01784 70
-0.62475 0.684059 70
-1.41443 9.71321 70
-0.142241 1.28018 70
19.1894 29.7211 70
-29.7616 0.174403 70
-10.8126 9.8111 70
-1.31462 1.3355 70
-10.411 1.3167 70
-8.65977 1.04883 70
-0.182865 -0.163592 70
-9.03876 -0.439443 70
-0.262729 0.436226 70
-8.95915 -1.04398 70
0.722096 10.5361 70
0.177488 -1.24244 70
-1.16535 0.372368 70
-10.7186 -10.2124 70
-10.1786 0.524847 70
0.187658 0.918631 70
-0.678783 0.867036 70
-9.09909 -0.556089 70
-9.77542 30.5799 70
-8.59336 29.9773 70
0.460583 -11.3492 70
-81.2907 28.9447 70
-21.4177 -1.03711 70
-20.8192 10.3939 70
-11.3499 -20.3598 70
0.928862 -1.43971 70
1.4599 1.28281 70
9.04839 10.6938 70
-9.56534 8.92728 70
1.11705 -0.830785 70
1.14277 -0.764003 70
10.0686 18.6251 70
-11.0263 0.0365244 70
-10.4476 9.6624 70
1.17258 10.4442 70
-0.537502 11.3473 70
-0.151855 0.190673 70
0.862917 1.0338 70
0.574267 0.855638 70
-0.0604336 1.03586 70
-19.0137 10.755 70
-10.1849 -11.1093 70
-18.9612 -8.71108 70
1.1847 -0.00863097 70
-1.34646 19.8618 70
-9.4308 0.750093 70
-9.42103 11.1351 70
-9.54504 30.2817 70
70.3528 -39.4999 70
-0.716436 1.03647 70
-1.18961 11.3693 70
11.3914 0.988805 70
50.44 -8.9177 70
-0.755357 -8.89238 70
-9.33355 0.99897 70
-8.59618 0.0991301 70
0.635489 0.697425 70
0.998001 -10.7634 70
-10.7399 -0.79893 70
-11.0531 11.2765 70
-9.23061 8.93908 70
9.76237 -10.5592 70
-1.04006 -0.927867 70
-20.7215 -20.9849 70
0.383342 1.36836 70
-9.91162 -0.913214 70
21.062 60.4791 70
-10.9479 20.2863 70
-1.48239 10.7242 70
-0.0981249 0.363111 70
-0.697602 -21.3109 70
1.05876 10.6536 70
-10.5407 -0.092409 70
21.0674 50.9775 70
-8.71315 10.8568 70
1.48176 -1.02959 70
40.4171 69.4193 70
-11.3538 10.6248 70
-9.55517 8.85642 70
50.7405 0.976127 70
-9.14566 10.049 70
-9.23516 9.71693 70
10.8426 -0.249017 70
11.2479 -9.11931 70
-10.0309 11.2902 70
9.10013 0.465034 70
-10.343 -18.9331 70
1.31744 0.875008 70
-11.3592 0.594828 70
-10.1855 1.24346 70
10.8144 9.57508 70
-29.8516 -9.86921 70
0.0902256 0.267578 70
8.88605 -0.760479 70
59.62 0.0565821 70
-10.2495 0.475848 70
9.18188 0.130274 70
20.5663 41.0945 70
-10.5732 40.0367 70
60.9086 121.426 70
-1.49714 0.496233 70
-9.04078 -0.764889 70
1.18282 0.898887 70
-10.1152 -60.1539 70
-10.0467 11.2422 70
-9.09489 1.22562 70
-10.3764 -9.16045 70
8.698 9.90551 70
-0.848 -8.96231 70
-0.986014 0.536086 70
-1.10746 0.881348 70
-0.436279 0.0695028 70
0.936787 -0.0545794 70
-29.0703 1.30179 70
8.8375 39.5476 70
-1.41552 10.321 70
-11.184 0.257418 70
-8.87638 8.60187 70
-11.21 -0.361833 70
-21.0846 -10.7413 70
-29.0657 -20.9945 70
-11.3169 -50.6703 70
11.1759 30.9458 70
38.7735 -50.1035 70
-10.2497 1.24667 70
1.43271 1.31238 70
1.33383 29.7438 70
-0.881657 -1.44185 70
1.10092 -1.38481 70
-0.94045 -0.414321 70
0.294848 -10.3757 70
-29.6225 20.8468 70
-19.0869 -10.503 70
-1.18345 0.96013 70
-10.8887 -0.49166 70
-10.6291 8.98218 70
-0.87853 -20.6772 70
0.268332 1.24877 70
-0.516249 9.60421 70
-8.98436 0.0542839 70
-19.8992 1.22751 70
-0.913356 -1.15369 70
-0.891764 -1.20357 70
-1.48736 0.397554 70
21.1026 8.56479 70
-49.6848 -20.4679 70
0.220339 9.94569 70
-8.62843 -0.347558 70
-8.99472 -10.5817 70
9.13598 -0.767761 70
79.7702 -40.4665 70
-10.6765 0.605364 70
-40.998 10.9238 70
-0.646674 -0.607121 70
1.00848 1.40573 70
20.9777 -30.3796 70
0.32948 10.8169 70
0.908183 1.04886 70
-50.8728 19.6792 70
10.9691 18.6017 70
-8.53135 -0.962522 70
-9.67512 38.5999 70
8.69328 -11.0173 70
1.12941 0.250629 70
-0.737523 0.485102 70
-9.41298 0.933146 70
0.279387 10.0267 70
-1.09502 10.6147 70
1.32155 20.9624 70
-11.0177 40.0443 70
-20.6688 9.75541 70
-11.061 20.5451 70
-8.64457 20.5623 70
8.56325 11.2812 70
-18.7343 -10.469 70
0.541622 -0.670282 70
1.08576 9.16087 70
1.03829 0.276142 70
-9.51652 19.6207 70
-0.570023 10.1508 70
-10.5739 0.531276 70
-10.323 0.457901 70
-9.21068 -10.3725 70
-19.5197 -19.8191 70
19.6901 -39.9585 70
1.35423 9.95792 70
-0.375621 0.0699059 70
-0.734639 8.95059 70
-10.8729 0.349215 70
-20.2508 -8.95767 70
11.2879 9.15404 70
-9.29533 8.77216 70
-0.972935 -1.32545 70
-1.05325 10.8954 70
-100.784 70.6644 70
11.2794 11.4987 70
-9.98194 -1.09879 70
0.18617 -0.2498 70
0.113874 1.14248 70
9.93698 -19.5855 70
-9.18237 10.4316 70
10.7277 -9.73422 70
-10.9521 0.533716 70
-1.01934 0.0985197 70
-59.5074 -80.536 70
1.44265 20.218 70
10.8598 19.9074 70
-1.21079 -0.376013 70
1.14901 1.29282 70
1.36784 -1.31556 70
-1.10331 9.37619 70
-59.6644 -29.1528 70
1.06069 -29.1605 70
1.4655 -10.3499 70
10.5542 0.913808 70
-19.4538 -9.38474 70
-19.4212 -10.3105 70
-10.3667 -0.887663 70
-29.3996 21.3466 70
-1.27663 -10.3481 70
0.123397 -21.1483 70
-11.2151 -11.3968 70
0.998497 0.912435 70
-9.33051 -11.2206 70
19.1207 -9.99425 70
1.32995 0.0700227 70
-10.864 0.843469 70
-0.631178 -0.545531 70
0.239182 -8.65421 70
-8.59541 9.91032 70
-10.5324 -0.333819 70
8.72006 1.2178 70
0.104039 -0.409431 70
-20.5128 -9.82415 70
9.04669 1.13858 70
11.1973 0.638767 70
21.1955 -19.8121 70
-1.39178 0.636677 70
-10.428 -1.46879 70
-1.45813 0.58671 70
-0.0629604 8.80764 70
-0.250278 -11.3109 70
-20.4444 -71.2654 70
-0.386097 -1.14513 70
-28.8123 10.312 70
31.4291 9.97103 70
-9.23015 0.624712 70
0.122389 0.83754 70
-11.0503 19.1034 70
-1.17768 9.03716 70
-0.459311 -1.36177 70
0.27864 9.6735 70
-18.888 18.9085 70
38.9958 19.7585 70
1.13994 0.673075 70
-19.1456 48.8238 70
-20.2006 -1.00077 70
-20.5595 -8.65458 70
11.4243 0.700491 70
11.177 -0.769506 70
-11.2293 -9.28076 70
0.511433 0.132033 70
10.4333 8.94503 70
9.20501 11.3649 70
0.852741 19.9606 70
0.701256 1.11732 70
-0.0212116 121.031 70
11.1205 11.4328 70
-9.48531 10.2296 70
-40.938 -10.6178 70
0.356544 -19.8544 70
-20.0442 9.82451 70
0.201612 -9.63159 70
-0.309933 0.962074 70
-11.3603 19.28 70
0.96389 -20.1225 70
-20.581 8.86278 70
21.4965 0.961706 70
-10.451 1.32912 70
-0.822276 11.4459 70
-1.02194 -1.24366 70
-48.5201 19.3567 70
-8.91608 28.7813 70
-0.467348 -0.757559 70
10.4045 18.6088 70
-20.71 31.052 70
-9.52667 -1.26723 70
0.278035 10.327 70
-9.58137 19.5989 70
-19.078 -9.76155 70
-8.60945 10.2611 70
0.757476 -9.61403 70
-10.127 -10.3786 70
-10.9734 -0.812482 70
-10.9559 1.01084 70
0.474637 -10.4909 70
-10.7699 1.31314 70
20.884 -0.49692 70
-10.1858 -0.340009 70
-10.869 -0.0800206 70
-10.0677 21.266 70
1.20301 1.08538 70
-19.8391 -30.9046 70
-21.141 0.23734 70
-1.0078 30.4615 70
0.45843 0.553073 70
-20.0732 11.2967 70
-0.859316 -0.880135 70
-30.4721 39.9419 70
1.38528 -0.633128 70
-0.976653 0.257011 70
8.99356 8.59698 70
-1.25119 10.0582 70
-8.5802 10.8601 70
-0.766435 -19.9604 70
20.2384 -20.6279 70
-19.5071 9.79523 70
-9.87732 0.374665 70
-0.549066 0.180322 70
-10.2232 1.21865 70
-11.4075 -0.687743 70
-11.124 -1.18858 70
-0.116886 -0.532496 70
-9.13091 8.85955 70
11.2069 20.6622 70
0.191201 -0.309115 70
-8.96135 1.10164 70
-19.7425 1.27813 70
11.2217 9.72944 70
-10.1761 -9.8911 70
1.34757 10.4959 70
-1.42508 1.19397 70
-29.1984 -10.91 70
-8.73011 9.24912 70
0.57531 -1.22251 70
1.38593 0.318414 70
-10.8623 -1.44454 70
9.26186 -8.78453 70
-18.7934 -0.21421 70
21.4068 18.6136 70
-1.04026 -1.05297 70
-0.278124 11.4307 70
-0.534696 9.72312 70
-9.06309 -9.20856 70
-0.800594 -20.355 70
8.66395 1.40401 70
-9.29093 9.72956 70
-0.211961 30.2053 70
19.5504 10.8888 70
-1.45376 0.776287 70
-10.3969 8.7363 70
-10.8915 1.40256 70
-39.5912 40.5598 70
-1.30034 -0.735077 70
0.975624 -0.378318 70
0.394047 0.0940583 70
-1.35112 -9.94155 70
-0.541551 -9.39886 70
28.5287 -41.1223 70
-0.406115 9.14186 70
1.2761 8.82107 70
-8.7607 11.4634 70
-10.9857 10.7848 70
-8.80278 -0.468646 70
20.9098 -8.71759 70
-1.32004 19.8771 70
1.25753 -1.2956 70
-0.856982 10.7933 70
-11.3199 -0.968103 70
-11.1733 0.93822 70
0.669011 0.419092 70
8.63623 -9.498 70
-10.6835 20.8534 70
-9.12772 -0.381209 70
-11.2818 0.76726 70
-20.5288 -19.2152 70
9.75125 -31.3493 70
9.27466 -29.9887 70
0.583984 -0.617346 70
-31.0776 -10.6301 70
-0.325695 1.32085 70
-19.9596 0.107641 70
-0.475305 1.24135 70
-0.567498 0.667298 70
0.750362 1.20997 70
-0.456326 9.9049 70
9.15523 -39.7045 70
-10.5572 -1.04659 70
9.79583 -11.1635 70
8.59723 -0.458552 70
9.1215 -0.366955 70
29.8419 -20.6815 70
20.0189 21.0734 70
-0.252601 -8.75286 70
-10.8782 -19.8787 70
-11.3886 9.98914 70
0.661606 0.460704 70
-11.2275 8.75755 70
-8.71082 1.36833 70
-21.3673 -19.8924 70
0.305418 -0.777907 70
-0.333709 -1.11244 70
-1.29851 9.45275 70
9.81394 0.922813 70
11.3223 -1.33979 70
-1.0928 -0.785523 70
-0.32462 9.23042 70
