20.5646 -29.5045 70
-0.48964 0.461312 70
-9.69912 -9.20394 70
30.4309 -21.0892 70
10.7916 -21.4935 70
0.163152 -0.0822899 70
0.778217 -1.38148 70
-1.43804 -1.11212 70
0.161263 30.195 70
-1.37878 20.5906 70
-10.3905 -0.19004 70
0.952908 0.920769 70
-79.9493 0.294536 70
30.6212 -20.5005 70
-30.4043 0.0926405 70
-10.8682 -8.51895 70
-0.910803 -8.55422 70
-10.3072 0.511215 70
0.832795 -0.443134 70
0.804352 1.21668 70
-10.937 9.11065 70
10.751 -0.244357 70
0.362693 -0.0287589 70
-10.4425 -0.364431 70
18.7002 -0.24157 70
-38.5226 -0.44876 70
0.374371 -8.58214 70
10.1709 -1.47022 70
-0.481666 -1.47254 70
-0.332071 -30.3186 70
0.843174 -0.769855 70
21.1088 0.561354 70
0.368656 -1.43625 70
10.2264 0.955597 70
-9.43777 -11.1605 70
-0.982765 0.356395 70
10.8156 1.21131 70
10.9597 1.24616 70
18.6253 0.285184 70
-11.196 9.07162 70
18.8294 -10.2708 70
0.291448 1.39152 70
-1.2902 -1.2855 70
10.442 -11.3688 70
-0.459793 -10.8255 70
11.2645 -18.8803 70
19.685 -11.1606 70
-1.39625 -11.0139 70
8.78332 0.381209 70
0.502374 -0.645831 70
-9.29608 9.05914 70
-9.9971 9.97744 70
0.18816 -8.53454 70
-11.3948 -0.71862 70
-11.4325 10.335 70
19.0109 -11.4783 70
1.33915 0.0766642 70
40.5474 -20.5778 70
-9.58211 10.7667 70
-10.5273 8.5384 70
-0.136385 -11.1131 70
10.5385 -1.16219 70
21.2437 79.6667 70
-1.21677 1.13815 70
0.927239 0.21894 70
9.83203 11.123 70
0.720439 1.22489 70
11.093 -0.0303444 70
51.073 -20.9619 70
18.9389 -11.0863 70
10.4719 -10.0691 70
10.4472 -9.60967 70
30.1052 -39.2072 70
-1.33607 -20.2611 70
9.34033 41.3769 70
-0.430034 -0.430501 70
0.236591 -0.655197 70
8.81741 0.361649 70
10.6757 -11.3399 70
-9.32782 9.64335 70
1.28195 8.93116 70
-9.22015 1.32899 70
8.60843 -19.723 70
-0.388884 -0.00367739 70
-10.6473 -9.03176 70
1.10643 -9.71314 70
19.9848 0.592789 70
-41.3651 10.5093 70
1.0996 -8.99569 70
-0.0760543 -11.297 70
-10.8276 9.8779 70
-18.569 -29.2756 70
-0.742758 -9.32063 70
-19.8333 0.223686 70
-0.603369 0.574976 70
11.4017 0.266321 70
-1.23699 -11.3342 70
-0.322547 1.43659 70
-11.0348 -20.941 70
-10.3285 -1.44671 70
11.2433 -0.438583 70
9.16123 -10.3593 70
-0.51245 21.3873 70
-10.2893 -1.4805 70
0.682771 1.27127 70
100.321 40.663 70
-10.2147 11.2493 70
-18.8101 40.1428 70
-19.4517 39.361 70
-0.817521 -9.3549 70
-9.18596 -10.9669 70
0.169088 -0.957555 70
-11.1062 -0.114342 70
10.3536 -18.8147 70
0.350453 0.698808 70
-9.31533 0.142295 70
0.428161 -0.45035 70
0.699394 1.21186 70
20.8705 -31.3265 70
-0.819623 9.95011 70
-20.7523 -10.3583 70
39.476 -10.1592 70
-0.521242 11.1939 70
-8.86582 -10.9904 70
1.3107 -9.20861 70
-20.185 20.4261 70
8.88095 -21.41 70
8.94572 -8.99521 70
1.37983 -0.193177 70
0.114911 0.443994 70
11.3388 -1.02627 70
11.1713 -1.06742 70
19.5434 0.0241247 70
-19.9002 10.5476 70
-10.6244 -1.35527 70
-20.682 -10.962 70
8.9108 0.944457 70
-19.1945 18.8663 70
1.02559 -8.5423 70
8.58043 -19.6014 70
0.503871 0.802974 70
28.7707 -31.0744 70
-41.0362 -10.3302 70
10.8578 0.232703 70
0.186209 -0.069885 70
-1.47968 19.3394 70
1.28358 -18.5847 70
-0.823841 -1.45999 70
51.2293 1.16803 70
-0.523664 10.4819 70
-9.67286 -19.0053 70
1.20016 -9.47487 70
10.9862 -1.2302 70
-1.01976 1.17359 70
11.3978 9.61963 70
0.678354 0.280606 70
49.5409 -20.3451 70
-0.133405 -0.173168 70
9.6311 -0.843891 70
-30.2518 -39.2478 70
1.13722 0.211363 70
1.04872 0.00239225 70
-1.34303 -0.706714 70
9.31934 -9.50581 70
1.00748 -10.4635 70
-0.70569 -8.72764 70
-19.5433 9.35157 70
-1.01856 -8.8343 70
-1.01026 -9.36012 70
21.1791 28.8386 70
8.58535 0.946429 70
-11.3485 -10.8201 70
11.4102 -0.512381 70
11.4279 9.1433 70
-1.49571 -8.8389 70
0.360728 1.31143 70
-1.36133 9.2564 70
1.31747 -0.732315 70
0.654409 -10.5102 70
-9.32608 20.0161 70
9.89897 10.2514 70
0.180878 1.36133 70
-20.134 19.7022 70
18.5236 1.02201 70
-9.93569 -19.8965 70
-1.44778 -0.137405 70
-1.00117 -0.250119 70
10.047 -0.997861 70
1.27285 1.1921 70
1.18304 -1.33896 70
-1.48431 1.20951 70
1.0512 1.26401 70
-0.457023 -0.0731966 70
11.395 11.302 70
-0.893945 -1.18015 70
10.1198 -0.138387 70
10.5522 0.640429 70
0.979062 -0.234647 70
-9.35483 0.0354894 70
1.02978 -10.3243 70
0.900629 -1.44623 70
0.829079 -0.509895 70
0.233405 -10.6737 70
8.9939 0.824508 70
0.510371 -9.9352 70
0.287287 -8.72962 70
0.209472 -1.00622 70
-10.7254 11.4496 70
-0.919395 -1.35417 70
1.42966 20.4255 70
-29.7793 19.8567 70
10.0816 -8.65628 70
1.09559 -9.14541 70
9.70719 -0.897067 70
-0.888157 10.3842 70
10.7924 -9.54019 70
-11.3886 8.51618 70
9.46258 0.0363101 70
19.6918 -9.02995 70
-30.466 -49.7054 70
-0.231883 -11.0208 70
-40.5702 -49.409 70
31.2177 -9.56815 70
-0.583527 -9.04068 70
10.2159 -9.4278 70
-8.75005 0.27369 70
-0.182267 0.782293 70
10.2037 -11.4383 70
10.3865 -9.78447 70
0.93311 -0.118823 70
-9.27308 -10.0448 70
10.2741 -0.674271 70
-0.664064 -0.828763 70
10.2263 21.2268 70
-1.10477 -0.679081 70
-1.13337 -1.20623 70
21.332 0.332258 70
10.2295 -9.8878 70
-0.0032215 -0.351492 70
28.9551 -0.903882 70
0.769908 -0.0725915 70
1.15734 0.889714 70
68.7043 -11.2271 70
1.3426 -0.425315 70
10.3115 1.42804 70
-0.115 -0.0327898 70
-0.903858 0.419744 70
-9.19289 11.3559 70
-30.381 0.229222 70
8.94508 -19.2735 70
-60.3803 1.12734 70
-59.7762 -0.669256 70
-40.9215 0.0683263 70
-0.867949 20.5804 70
-1.26288 -18.5133 70
-1.35274 0.0161399 70
-0.571709 -9.83159 70
0.268868 -8.91756 70
-0.253936 -1.1065 70
0.634352 -0.966693 70
-20.127 20.8495 70
-19.578 -1.42177 70
-11.1635 -9.73562 70
-8.90093 -10.7827 70
-0.629231 -0.21652 70
1.19512 -1.38983 70
-9.34613 0.609323 70
19.3207 -18.8728 70
0.668297 9.03074 70
1.38176 -10.6678 70
-0.750192 9.73147 70
-0.992804 -10.3858 70
1.11159 -11.1012 70
-40.5387 30.5723 70
1.28734 -1.02221 70
8.50609 -10.0419 70
8.79213 -0.77299 70
-0.671539 0.306798 70
1.07799 0.673208 70
-1.33399 0.926961 70
-10.7265 -10.462 70
-0.869826 0.139379 70
-1.48935 10.4477 70
0.68637 -0.919181 70
1.17733 -1.38057 70
1.27881 -8.70785 70
-0.11598 1.15859 70
18.6629 -9.8123 70
-0.116614 0.305275 70
1.38549 -9.93156 70
21.0624 -10.7968 70
-9.91155 -1.11996 70
0.0488144 9.74552 70
-0.010727 -0.327885 70
8.95343 10.5164 70
-0.0184366 1.03781 70
0.479082 0.502852 70
29.4153 10.8036 70
0.553249 -0.0795467 70
-0.91292 -0.631844 70
10.781 -9.71599 70
-0.21783 -10.5644 70
-0.986685 1.0385 70
-0.285865 -39.5327 70
10.8412 -11.1304 70
0.916186 -0.528373 70
-9.41319 0.3018 70
0.884232 0.356358 70
-40.003 9.39858 70
-39.4518 11.495 70
20.4739 -8.80272 70
29.6102 0.195512 70
-11.0575 0.420973 70
-11.1923 19.8773 70
0.491127 -10.8261 70
70.3846 51.4167 70
-10.7807 59.4817 70
8.57061 -1.48858 70
9.57158 -21.0319 70
-9.48491 -19.6479 70
-8.70569 -18.7837 70
0.521352 -0.0598505 70
0.676872 -10.2829 70
0.863897 -10.2922 70
9.63421 21.2912 70
41.1764 19.108 70
0.0352034 -0.0916947 70
10.5974 -9.8905 70
1.30544 -10.1169 70
-11.2775 -20.519 70
0.89187 -11.462 70
-0.0409277 -9.49563 70
-10.7986 -0.146277 70
0.204288 -10.9436 70
-10.0416 -20.6909 70
0.649483 -10.934 70
-18.8886 20.4368 70
111.283 31.3938 70
-9.49259 10.4014 70
10.9214 -1.49156 70
0.88146 -0.843022 70
10.4054 -10.7637 70
-1.07833 -1.04809 70
0.552648 0.656438 70
1.33598 -1.09883 70
1.27303 -10.7358 70
0.30242 -9.86676 70
39.8448 11.4838 70
39.6417 8.589 70
-18.6559 -21.4146 70
10.065 -0.272184 70
11.0549 -8.50408 70
-8.59163 -21.2894 70
1.34713 0.136722 70
20.0147 -9.05623 70
1.32703 0.503954 70
-29.189 -19.8065 70
-0.468364 0.64096 70
0.0282002 0.881996 70
-0.943077 -0.177884 70
30.6719 10.9585 70
0.0786649 8.98798 70
-0.858635 1.4288 70
-0.324292 -0.53076 70
1.38043 1.11058 70
-1.44987 -0.0465715 70
20.587 80.8714 70
0.0214283 -1.15173 70
0.0328908 9.60342 70
8.89572 -10.2074 70
-1.37021 0.84735 70
0.890798 -11.1692 70
9.72425 -9.67458 70
-9.59716 0.792207 70
-10.2422 109.195 70
-0.591526 1.42632 70
-9.69241 10.1917 70
-1.15797 0.316449 70
-9.41275 -0.845637 70
-0.624534 10.691 70
-11.4231 1.32562 70
0.992563 1.18524 70
11.286 -1.17291 70
9.10103 0.174934 70
-10.9095 10.9902 70
9.30867 -1.16271 70
-1.48334 0.156227 70
-8.77889 -28.6576 70
-20.8472 11.4111 70
9.31824 10.2615 70
-0.0787306 -0.890829 70
-0.0498536 -0.0529702 70
-0.885 -19.6719 70
1.00563 1.1813 70
109.889 39.4475 70
-0.336378 0.853075 70
-1.00719 -1.33129 70
-0.668175 -1.47128 70
-0.417781 0.640387 70
8.94601 1.39389 70
9.95914 -1.32636 70
10.9883 0.402677 70
9.48299 -0.856773 70
11.2449 -1.18736 70
20.9416 -19.4579 70
1.13661 -1.09046 70
-19.4396 21.4988 70
-0.236577 -1.45584 70
-1.24231 -1.46887 70
-0.437759 -1.38071 70
10.5551 0.479111 70
50.6527 20.5158 70
-8.552 -10.6846 70
18.6097 -8.94167 70
0.742014 1.33363 70
-1.30361 -1.31183 70
10.2488 -9.22051 70
10.1173 0.326622 70
9.61366 -59.506 70
10.3353 40.9785 70
10.556 69.3897 70
-20.9142 -29.5149 70
-1.48492 -11.0402 70
-19.7811 8.57671 70
1.47756 -1.19168 70
-0.692541 1.21836 70
-19.1368 -8.60936 70
-0.56126 8.77948 70
0.635046 0.822027 70
0.623151 31.0367 70
-0.274778 -18.7227 70
-0.710794 10.5282 70
10.7838 -9.54826 70
0.013277 9.82254 70
51.4985 -59.2894 70
8.54839 0.444857 70
41.4687 -40.6984 70
0.587215 -28.5693 70
21.4923 0.413889 70
20.1637 0.245219 70
0.232847 10.2326 70
1.48179 -19.982 70
0.441773 -20.0157 70
9.90509 9.88661 70
-1.09787 0.549958 70
11.4346 -8.61063 70
-19.3392 -10.0015 70
-9.74088 9.65368 70
-8.72754 0.0278818 70
8.67332 0.393795 70
1.42836 1.45792 70
-1.23107 -0.0811042 70
0.0847546 10.2721 70
-1.24981 10.3545 70
-1.14919 -1.44359 70
41.2987 -51.1055 70
8.66133 20.6888 70
-1.42028 1.3504 70
-0.83557 9.70808 70
0.440729 -0.656799 70
0.894324 -10.5901 70
19.3902 9.8378 70
-0.788348 -11.3283 70
9.64661 10.9942 70
-10.4292 0.257513 70
-1.2183 -0.637418 70
20.802 1.03761 70
-1.11486 0.566131 70
19.7396 0.480655 70
-0.312563 1.27394 70
19.341 0.304826 70
8.78841 9.63398 70
11.3882 21.2979 70
9.36275 -0.960188 70
19.3772 1.48694 70
20.0372 -20.1437 70
-10.983 19.4334 70
30.5584 -31.3386 70
0.617347 -20.8034 70
9.41368 -0.0701433 70
19.28 10.4234 70
1.36157 -0.400778 70
-0.749626 0.121544 70
9.63357 20.4389 70
11.0335 -0.949526 70
-0.544572 -1.43896 70
-1.06951 -10.328 70
0.0556817 0.392968 70
-1.19904 -0.220955 70
-0.537709 -19.6689 70
-9.69483 8.7797 70
10.0518 1.37325 70
9.44941 -0.822482 70
0.27742 -0.690766 70
39.5424 -41.2686 70
-0.965763 9.09897 70
1.36126 -9.73537 70
-0.048574 -9.27023 70
-1.18424 -9.60882 70
10.9637 -10.1196 70
10.9689 -11.3935 70
-0.366571 -8.67167 70
-0.457191 -8.95675 70
19.4879 -20.4241 70
10.6863 -10.2514 70
-79.0089 40.0772 70
9.35206 -19.5683 70
10.851 -1.14672 70
-0.422661 -0.864693 70
-1.07769 -0.423935 70
0.81395 -0.43472 70
10.8626 -1.15756 70
9.52365 -0.202721 70
8.97509 0.551567 70
-0.161242 0.164418 70
11.4 -20.7026 70
-0.212154 -1.27585 70
-0.232501 -9.33781 70
-1.14117 -0.668184 70
0.785064 -9.20488 70
-1.09407 -0.220048 70
-0.0423696 0.422589 70
10.5267 10.3341 70
10.3511 -0.924404 70
39.8022 -19.5374 70
1.44875 0.124069 70
0.836955 -0.621041 70
8.98442 29.4857 70
59.9673 -89.1649 70
-10.6613 -1.38572 70
10.8633 -10.3548 70
-10.1601 -10.8447 70
-0.847922 -20.6151 70
51.2214 20.1351 70
31.343 -19.1225 70
0.896282 1.4499 70
0.3934 0.636497 70
-1.42445 -9.03343 70
9.80826 -19.065 70
9.12788 -18.5138 70
-20.5873 19.2184 70
-1.2947 1.42479 70
10.3325 -21.445 70
-8.84183 0.631498 70
-1.46503 -8.78326 70
0.672996 -10.7525 70
-10.4362 -31.0145 70
11.0502 0.430633 70
0.32537 0.927142 70
-9.18644 -50.9341 70
29.9981 21.3273 70
-1.15491 -9.65585 70
-20.2693 -11.3043 70
11.0978 1.26847 70
29.3946 69.9871 70
31.1737 69.5822 70
0.141361 0.524651 70
21.1457 -1.28218 70
-0.0306267 -10.1587 70
1.36042 -0.0558358 70
0.380344 -1.47196 70
-0.0879291 0.215955 70
-0.701863 -1.23835 70
-0.771174 1.35613 70
-0.361116 -9.98795 70
10.9988 -9.75442 70
-0.170209 -0.878171 70
-0.99868 0.085673 70
0.505442 0.436633 70
0.560123 8.90285 70
-1.48566 0.255884 70
0.936463 0.327632 70
10.838 -11.3772 70
8.71626 -9.0946 70
11.1732 -10.8779 70
-58.5226 49.2175 70
-19.6591 0.835745 70
-0.563924 -9.05537 70
-0.459218 -0.475027 70
-1.393 1.15893 70
10.943 -19.1698 70
-0.509253 0.856231 70
-0.493849 0.689166 70
1.26889 -1.06262 70
-9.40186 1.31404 70
10.9642 -0.794434 70
-19.8914 10.3292 70
-20.7416 9.55909 70
50.1088 -18.6588 70
8.63643 10.2763 70
-9.60242 10.3768 70
19.5055 -0.58455 70
-9.82072 -20.2285 70
-0.476597 -21.3069 70
-10.5596 9.63664 70
-1.47877 -8.7164 70
-1.37448 0.136899 70
-9.37103 -0.108552 70
1.04638 -11.2738 70
29.8309 -9.24632 70
9.82067 -11.436 70
0.803873 0.475793 70
10.5148 1.47748 70
0.119388 1.18505 70
49.047 -1.12372 70
1.03887 -10.7409 70
9.8859 9.32105 70
0.259221 -11 70
-0.255522 0.0481107 70
-0.61383 20.2314 70
-19.5676 21.2587 70
-0.0435469 -8.95557 70
20.2747 -10.4082 70
1.39297 0.349974 70
0.0324854 -8.56661 70
-1.16298 11.1916 70
-0.1188 -0.0863232 70
0.606979 0.973403 70
-0.171087 -10.6436 70
-0.558075 -0.259315 70
10.2953 -8.711 70
1.40103 1.35999 70
1.25308 -1.14923 70
-28.8836 -21.2845 70
58.8093 -30.0678 70
0.74747 -9.60282 70
-9.37498 -11.4245 70
49.242 -109.659 70
0.15949 19.7932 70
-1.19254 -0.578609 70
-10.946 10.7161 70
-10.7316 -1.03171 70
0.388095 -10.5157 70
-18.5739 -20.9485 70
0.507212 9.3478 70
49.828 -51.0726 70
9.29626 0.328745 70
1.4444 -11.4152 70
11.0055 0.846776 70
9.21942 0.595785 70
9.34088 -0.77484 70
0.349727 -8.67594 70
30.9244 8.7058 70
9.89127 -20.7879 70
0.722168 11.2063 70
0.0788914 10.0425 70
-19.3544 0.904112 70
9.58053 9.11282 70
-10.1375 -21.2969 70
0.766799 0.951347 70
0.308665 -0.082727 70
-9.90161 10.5705 70
21.2907 -10.0979 70
-9.6203 0.119144 70
-10.3489 -1.46624 70
-0.378916 -11.1577 70
-0.255542 1.03417 70
-1.29858 0.862459 70
-0.200805 -11.0323 70
0.861602 -9.63929 70
-0.231951 -0.934743 70
10.9957 -10.1666 70
-10.0933 -19.6597 70
-0.644439 9.88284 70
-0.319632 8.68359 70
-1.34399 0.272492 70
-0.423848 0.058315 70
21.1964 8.96102 70
38.8982 10.8043 70
-1.46602 -0.461747 70
8.51045 -9.7859 70
-8.90368 20.3049 70
59.7042 -0.601497 70
0.747816 -0.884737 70
-0.454651 -9.78417 70
-0.684245 -19.9652 70
-1.20776 0.0611798 70
-0.248223 10.8971 70
0.749998 -10.3797 70
10.1483 -0.491147 70
-0.657485 19.9924 70
-0.0121392 -1.47285 70
9.66873 -10.6397 70
1.42516 0.101226 70
-0.583741 -0.402629 70
-0.177692 31.4849 70
9.96048 0.875517 70
0.342538 0.93545 70
-0.133529 9.32065 70
-10.1685 -20.3895 70
8.80446 -10.7117 70
-0.141597 1.44457 70
1.46531 -1.14074 70
-0.991423 0.904089 70
119.403 -21.42 70
-40.2413 -10.9679 70
-19.0883 41.1102 70
19.9788 -9.97285 70
10.0629 20.885 70
8.74429 -10.2139 70
10.546 -10.3788 70
-0.994761 0.347915 70
0.805338 0.994334 70
21.4919 9.00391 70
1.37418 1.07977 70
1.40199 -10.417 70
11.2239 -0.153528 70
8.63073 -0.164907 70
11.4629 -0.289248 70
-0.59416 -0.137463 70
-1.06652 -0.230292 70
-30.1758 9.29347 70
-19.5486 -0.641212 70
9.96198 -9.9596 70
-0.188561 -10.2278 70
0.410751 1.14988 70
31.2263 10.7977 70
9.58286 -9.56332 70
11.4319 -9.48319 70
-0.994266 -1.09524 70
-9.42863 0.365897 70
-0.425718 -0.155121 70
39.9197 -10.6522 70
0.350119 0.6605 70
-9.38955 0.859677 70
9.71432 -19.0353 70
0.494272 0.578433 70
-0.234882 -10.9963 70
-1.20827 -0.410336 70
0.538181 -20.7751 70
-0.722254 -0.740203 70
1.25639 -1.41575 70
1.08169 -9.65046 70
-0.799844 0.0880941 70
8.98413 0.0413319 70
-18.5717 -10.3931 70
-0.482179 -0.763886 70
-1.46959 -9.17001 70
8.5095 20.8984 70
-10.5502 0.102801 70
-11.1241 -9.71306 70
0.938249 -1.24073 70
-10.8531 -9.5573 70
11.1097 -0.783916 70
-9.66786 -1.10554 70
-1.11737 -0.38076 70
-1.00533 0.0184331 70
0.97973 -0.495161 70
-21.2705 9.0476 70
-10.9232 -11.1525 70
-0.370018 0.856462 70
0.995905 0.250112 70
-10.0359 -9.65432 70
0.817928 -0.463852 70
29.2471 0.817704 70
11.1163 0.687437 70
-29.3869 79.0023 70
-19.5229 -0.077564 70
39.4274 1.31942 70
-10.8414 -0.735268 70
21.3707 -39.9423 70
0.386639 -9.67906 70
0.748188 -11.1484 70
11.1508 11.3205 70
11.2218 8.86021 70
-0.704173 10.3756 70
1.45236 -11.3415 70
1.48822 1.12637 70
-0.700744 -9.62744 70
-1.02601 -10.748 70
-10.0486 -0.225715 70
-8.522 0.867691 70
1.25727 -9.93777 70
-9.32582 0.799868 70
10.4216 0.0397883 70
9.91767 -0.493224 70
-0.560081 -9.3567 70
-18.9938 -49.5945 70
-1.33733 0.621304 70
