0.854244 -0.52277 70
-0.99214 29.1682 70
1.19419 0.557536 70
0.66688 -0.424575 70
-1.08552 -11.0153 70
-11.3249 10.5353 70
0.166422 1.14702 70
-10.5739 -1.17997 70
50.3636 40.6111 70
-0.188596 -8.88723 70
0.455816 -1.39965 70
0.272711 -8.70497 70
-1.33165 8.84512 70
-0.0608587 -0.497818 70
-1.28088 0.659642 70
-0.233992 0.0837834 70
1.00328 1.28321 70
0.777095 0.0173552 70
1.41575 0.965098 70
-0.388273 -1.46098 70
1.08433 0.343569 70
0.482624 1.06326 70
-1.04302 1.36653 70
-1.36055 1.10719 70
-20.0182 59.6023 70
41.0285 9.851 70
-0.584044 0.334615 70
20.4176 -91.0744 70
29.4794 -29.0489 70
-11.0812 -0.085494 70
20.5548 -21.1747 70
-10.1674 -0.188755 70
-1.16274 -1.4343 70
0.836839 -1.1478 70
20.8235 -20.7666 70
-0.0309275 0.227339 70
-10.9179 -0.972046 70
-0.382856 0.531273 70
-0.528113 -0.748688 70
11.115 8.92757 70
-0.218842 -1.33835 70
11.2252 -0.146578 70
-9.09502 20.3574 70
-10.2876 20.1233 70
-10.8045 1.361 70
11.0179 0.589815 70
-1.1961 0.49573 70
-60.0637 19.0107 70
-9.45821 78.6356 70
9.29727 -9.20324 70
-11.2045 -9.77552 70
0.838293 -1.46687 70
-0.810997 -1.08261 70
9.89212 -0.0356819 70
1.48386 -0.577333 70
-0.56702 -1.00825 70
8.76258 -0.938394 70
-1.37511 1.21811 70
-1.47902 -1.09718 70
-1.49959 0.586625 70
-0.739373 -0.909322 70
1.13855 -10.9346 70
-10.6577 -0.125809 70
19.1456 19.1643 70
8.63281 -0.4832 70
11.2025 -0.821064 70
-0.196539 0.880468 70
9.33856 -30.0072 70
-9.3207 -20.4937 70
19.5259 -10.0286 70
-0.336584 -1.10192 70
9.63924 -1.02595 70
-9.94489 0.740189 70
18.567 20.4399 70
-1.47012 0.691886 70
-1.1559 0.382976 70
9.74643 10.277 70
-28.8445 -0.980907 70
-0.0222013 -1.03087 70
-0.266738 -10.7617 70
19.0243 8.91161 70
0.798749 0.676967 70
0.449447 1.28297 70
49.9322 8.86213 70
9.60101 51.4823 70
-20.9955 -20.6604 70
-1.27718 0.0467327 70
9.62422 1.2517 70
-1.30679 0.600309 70
18.8931 -28.7541 70
-41.0389 0.329758 70
0.412335 1.34888 70
1.44127 -1.4958 70
-0.0082019 -50.4037 70
9.19747 -8.88292 70
-0.229075 -20.0661 70
-0.0983343 0.242481 70
0.452993 0.999365 70
0.537461 1.10218 70
-0.862162 9.85756 70
1.12337 0.647142 70
-1.32812 1.11143 70
0.114801 0.859053 70
9.82162 -11.2812 70
-41.3714 19.5099 70
0.34828 -9.4425 70
0.919247 -0.533959 70
-21.0791 -8.66351 70
0.412662 21.0583 70
1.07041 -10.5655 70
-0.921766 -0.167849 70
0.412102 1.0497 70
50.4426 50.9145 70
29.9632 -1.08183 70
0.272998 0.67482 70
-0.374593 1.04001 70
-30.2861 9.50264 70
-0.409253 -0.820342 70
-8.59114 19.9861 70
1.34308 0.695526 70
-0.968064 0.644121 70
-1.2226 -1.05909 70
-1.10375 -0.244874 70
-0.976208 0.0794411 70
19.5598 -20.9321 70
-11.3942 0.986609 70
-10.2704 8.73854 70
0.43563 -1.33036 70
10.8855 -29.681 70
-0.328719 -0.00336404 70
0.476575 -0.260719 70
0.989752 0.778676 70
-0.805162 8.75459 70
0.74526 1.03236 70
0.721878 -0.722567 70
-10.0271 -9.64885 70
29.4178 -19.2673 70
-0.933634 -10.6649 70
-20.0805 -9.46323 70
29.9771 18.7074 70
-11.4024 9.42152 70
0.744674 -8.56368 70
-11.2547 -10.9201 70
1.18139 -0.021171 70
0.526156 -9.95354 70
-1.40339 0.484058 70
-10.536 29.514 70
-10.555 0.0371772 70
19.3738 -10.6667 70
-39.0291 -20.2612 70
10.393 -10.4847 70
-0.845972 -0.126965 70
-1.31809 -0.704708 70
-0.132975 0.702177 70
-0.613588 -9.59489 70
0.72865 -0.106961 70
0.73775 -0.375168 70
30.5776 40.157 70
-10.9621 -8.60843 70
-0.513683 0.262685 70
0.0247373 -0.531839 70
-20.1004 -0.6486 70
-1.45801 1.42733 70
-1.10989 -10.3202 70
49.7436 -10.8751 70
11.0789 -10.5523 70
28.771 -18.9983 70
1.4647 -0.163443 70
9.43783 9.72454 70
0.770524 1.12473 70
-0.326168 0.777341 70
-1.37406 0.793927 70
0.14861 1.15617 70
-0.963966 -1.46678 70
-0.476637 0.806253 70
-0.9975 -1.30416 70
8.92699 -0.536016 70
0.421633 -0.240815 70
0.47549 0.337905 70
0.564964 -0.415854 70
0.404719 -10.0788 70
0.736439 -1.06036 70
-1.01499 -1.07682 70
1.0643 0.226619 70
1.41806 -0.659236 70
19.6244 8.64468 70
-0.671107 -0.993892 70
9.01446 -0.77579 70
-9.34918 -10.7428 70
-0.982528 1.41255 70
-1.03365 0.568168 70
10.5524 9.59585 70
-0.236051 1.24652 70
20.3633 -10.7797 70
61.3148 41.3819 70
-1.24135 -0.472849 70
-0.838213 -0.575649 70
-0.840822 0.00500164 70
-1.40849 -10.3351 70
9.63695 -19.7746 70
-10.6342 -19.0457 70
-18.9339 8.55401 70
-0.569632 20.2403 70
-0.739058 -9.46855 70
-8.53451 -0.246456 70
-1.26205 1.15123 70
10.9452 20.4389 70
-0.758282 -0.572772 70
-10.5571 0.432169 70
-0.369413 -1.066 70
20.0845 -20.4872 70
10.3852 -10.3355 70
-0.910921 -1.13523 70
-0.235544 -59.6747 70
-10.991 -1.40735 70
1.20914 11.1019 70
-1.2681 1.01379 70
-1.44096 -1.04952 70
-28.8108 9.61212 70
0.478036 -9.23658 70
-1.17431 0.792755 70
-19.2654 -9.75619 70
-11.0201 20.621 70
0.755611 -1.16574 70
9.40692 -0.290824 70
-0.252652 -19.9205 70
-0.775448 -20.7845 70
-9.6946 -0.810751 70
-18.9968 0.194677 70
-0.786599 0.140299 70
-8.98644 31.0044 70
-9.23554 -10.4243 70
-1.03076 0.222537 70
1.25541 0.981609 70
-0.188067 -0.529405 70
-0.356688 0.0126913 70
-1.47822 -8.6883 70
1.34891 -0.0358629 70
8.72332 21.388 70
-0.705779 11.0975 70
0.0813098 9.84289 70
-1.31444 -10.9881 70
0.708743 0.334142 70
-0.736807 -0.951728 70
-0.813788 0.534368 70
0.875786 -0.0673048 70
18.98 -0.453328 70
11.1543 10.999 70
-1.14295 1.2246 70
-0.0761954 1.16343 70
0.413816 0.860448 70
-0.386078 -9.1539 70
8.80924 -11.0216 70
10.611 -0.956607 70
9.70332 -0.0585254 70
0.517895 1.47365 70
-0.508183 -0.30794 70
-1.44707 -1.27577 70
10.2521 -0.302991 70
0.225947 0.568115 70
-18.7106 -0.410576 70
0.262857 -1.23065 70
10.352 -9.7679 70
-51.1017 -9.91054 70
-49.3125 -9.76377 70
-20.568 51.265 70
-20.4246 48.7078 70
29.0082 0.185769 70
-11.1728 -0.350392 70
-9.1818 0.379287 70
-0.101144 0.0865114 70
-8.84028 10.088 70
11.4713 11.0878 70
10.1464 0.163541 70
19.7096 10.1337 70
0.207117 -0.225423 70
-0.0339942 -8.50005 70
-0.529351 0.816398 70
-21.0711 -20.0391 70
-20.4812 -19.0556 70
-9.90441 10.5899 70
29.0197 19.1359 70
-9.82656 -0.53247 70
-28.6963 -20.8123 70
-11.0221 0.782133 70
-0.407782 0.809711 70
-20.6589 0.288394 70
-0.373699 -21.0116 70
-0.66153 0.389568 70
-40.9226 -28.5158 70
0.767838 0.916867 70
-0.770186 11.2551 70
-0.2664 10.1492 70
0.465462 -0.0842548 70
11.2212 -1.07519 70
-0.977836 1.48382 70
-0.695143 -1.02405 70
1.40694 0.261073 70
-1.11314 -1.04574 70
-8.53952 -29.9371 70
-11.0262 -1.13738 70
-0.326309 -0.592568 70
0.652073 0.0320147 70
0.416896 0.83458 70
0.13 0.476121 70
8.60822 10.7533 70
-0.361891 -41.3218 70
1.06524 -9.78882 70
-1.46963 1.12396 70
-30.4089 -0.902968 70
-1.14522 -29.0894 70
-1.13959 -0.192977 70
-30.2122 9.95724 70
1.20738 -11.1554 70
28.7235 -10.4977 70
0.418578 -10.0766 70
0.487842 -21.0452 70
-21.4353 80.2271 70
1.1295 -0.386627 70
-0.911816 1.13922 70
40.8617 -20.5178 70
40.0727 -18.9578 70
-0.0575323 0.466141 70
-0.867361 0.253463 70
-0.148813 1.16014 70
0.777696 -9.06731 70
0.881958 -10.3858 70
-1.4956 -1.49301 70
18.5543 -0.301348 70
0.375028 1.12321 70
0.185193 1.40018 70
0.608644 -0.900655 70
-9.23049 -39.8546 70
-109.697 -19.8799 70
9.166 -10.4246 70
30.2339 9.70246 70
1.41673 0.394332 70
1.19649 1.33827 70
8.65139 10.9423 70
-1.4397 1.32115 70
1.11518 0.326306 70
-0.989836 0.3001 70
-0.654335 -30.2993 70
-0.0998846 -1.48971 70
0.831301 10.2755 70
-29.1533 1.27129 70
80.0485 29.1778 70
-0.59334 -19.1278 70
-0.526164 1.47331 70
-1.02131 -1.19036 70
0.0983689 0.083491 70
-1.20323 1.42024 70
30.1804 48.8376 70
9.58363 10.0466 70
59.0228 -49.6339 70
1.24847 0.585375 70
-10.5585 -0.873106 70
-9.32465 -0.599721 70
9.32606 -11.4893 70
1.08332 0.40328 70
0.764814 0.430706 70
-0.903505 0.601413 70
0.218709 -0.172554 70
-1.03746 0.581705 70
10.6218 9.90354 70
0.779951 -1.16704 70
18.8993 0.943095 70
1.3606 -0.970168 70
10.1071 0.718358 70
-0.682969 0.989646 70
-0.204657 -1.38326 70
0.542763 10.0496 70
-0.925894 9.70333 70
1.07777 0.0409392 70
-0.221014 0.968177 70
-8.58746 -0.135824 70
-41.4102 -21.0553 70
20.1966 -0.359629 70
-0.59408 -10.0395 70
0.527843 -0.671239 70
0.844888 1.00315 70
10.0085 -9.53501 70
-1.00013 9.58397 70
0.590568 -1.31077 70
-0.931759 -0.429643 70
-0.305626 0.241305 70
-1.14466 0.91373 70
0.558007 0.544825 70
1.38198 0.249717 70
0.723575 1.00802 70
-1.13315 -0.0780165 70
41.0523 -71.3378 70
-0.832342 -0.912537 70
-10.5856 -9.76144 70
0.887753 -11.4663 70
20.7462 30.8301 70
9.53124 10.8158 70
-1.43995 -1.18773 70
-0.0650344 0.0204792 70
-9.20313 -1.28998 70
-21.2638 0.584953 70
1.05023 1.17177 70
11.2725 -1.46111 70
-29.7231 -61.2731 70
-10.6613 -0.426904 70
-9.64488 -0.326826 70
-11.1926 0.0828064 70
-10.3418 -1.19651 70
-0.479772 11.2484 70
-9.29508 39.6989 70
-41.1273 -1.08116 70
-0.0340407 1.11201 70
-0.991428 0.915164 70
-9.50788 -19.7359 70
-0.161067 1.38205 70
-0.300614 1.48968 70
1.20287 -0.686678 70
-8.78823 -10.8042 70
-0.181727 -1.27424 70
-8.72567 0.749899 70
0.500239 0.727294 70
0.617236 0.134256 70
0.375457 0.358606 70
-10.1993 -0.472621 70
-1.30605 -0.851559 70
1.12913 0.626101 70
-10.9545 -11.2981 70
0.779241 0.872193 70
11.2943 9.14963 70
-0.433192 -1.09551 70
0.33145 -0.570066 70
-19.8443 11.458 70
-21.3478 -10.4104 70
-11.4482 1.33834 70
9.26202 -9.42591 70
8.7837 0.882955 70
1.41433 -9.05861 70
9.56556 10.8653 70
19.1473 -11.1916 70
9.16161 50.8549 70
-9.02822 -1.04563 70
0.362347 -9.81232 70
8.75159 -20.7213 70
9.20406 -21.178 70
-11.2533 -0.82894 70
1.12738 0.627625 70
10.5409 -19.5027 70
0.594426 11.2262 70
0.777761 0.226497 70
-0.571529 10.9777 70
1.29587 -1.06648 70
8.9109 10.5352 70
-0.929441 9.31148 70
0.245622 -1.22474 70
8.72753 -10.5206 70
0.197074 -1.27972 70
1.01285 1.08673 70
0.599806 0.906262 70
0.316878 -0.0413074 70
0.906099 0.732427 70
0.954201 -0.864943 70
-51.1078 -39.3396 70
0.223819 9.73688 70
1.01274 -0.068565 70
-19.4589 -8.93483 70
1.34478 -0.194912 70
-0.282721 1.39179 70
-1.46678 -1.36233 70
-1.25492 0.787972 70
1.32237 0.758166 70
-1.34869 -9.64798 70
8.55258 0.415007 70
30.205 9.52667 70
-9.43313 9.15154 70
-0.633835 1.24074 70
-9.55158 1.28176 70
-10.5249 -10.1135 70
0.454501 -0.93422 70
0.0826478 -1.32141 70
1.21369 1.18037 70
0.768575 -0.212728 70
1.27775 -0.00811976 70
-1.37382 1.31197 70
-0.134758 -11.0003 70
-51.0112 -9.5869 70
-1.11726 -1.09892 70
10.1353 0.0391696 70
0.757893 1.13275 70
9.28336 -9.8393 70
-8.82787 9.5284 70
10.7081 -9.68215 70
1.02 -8.68586 70
9.59186 -19.0395 70
39.0739 -19.5404 70
-10.8159 -0.602613 70
1.42276 11.423 70
20.0858 9.97883 70
9.95165 -29.579 70
0.698751 -0.0615544 70
-0.790701 1.18793 70
0.647715 1.03854 70
-19.8391 50.3855 70
-9.67539 0.109663 70
40.8998 20.6574 70
-0.213068 10.4655 70
-59.6343 -39.3718 70
1.38734 -10.0051 70
0.159686 -8.58938 70
0.585117 1.03465 70
-0.747283 -0.732197 70
0.586314 -0.573711 70
-0.985418 -1.31912 70
8.91252 -10.8622 70
11.2584 -10.0326 70
0.802531 -0.0221472 70
-1.29733 0.0927281 70
-0.313623 -1.28071 70
-0.250007 21.0299 70
0.532949 -10.1532 70
0.30826 0.147368 70
1.36934 -8.55345 70
-0.290736 -1.17655 70
-11.2474 10.9605 70
0.162984 0.932138 70
-0.425219 -0.770631 70
-0.536327 0.525367 70
0.846527 1.30581 70
0.864418 0.683874 70
-9.50071 -8.97932 70
-19.1334 -38.954 70
11.2817 9.25257 70
-1.13053 -0.036195 70
0.477007 0.700549 70
0.581043 0.135873 70
0.452337 -1.26264 70
40.2919 -0.945083 70
-1.12192 -8.99851 70
10.784 0.932303 70
-59.4112 -9.22661 70
-0.456928 0.402721 70
-9.68263 0.454609 70
-9.27465 -1.13184 70
-1.24333 -9.63234 70
0.769667 1.20357 70
11.3329 -0.742683 70
-31.2747 10.4106 70
0.920383 -8.62325 70
1.13333 -0.952334 70
1.29336 9.83911 70
9.94819 -9.68697 70
30.0757 21.1754 70
30.1211 20.1861 70
-0.889144 0.336826 70
0.162423 0.686082 70
1.44065 0.804021 70
18.6867 0.912954 70
-10.492 -0.486451 70
-1.47117 0.0270182 70
0.31133 10.1108 70
-11.0742 10.3313 70
19.1786 10.7709 70
8.93297 -0.129313 70
-11.1291 0.116126 70
9.37823 38.8732 70
1.29997 1.37776 70
-49.5338 89.5898 70
-9.21681 -0.778202 70
9.74536 1.19028 70
1.38323 -1.32556 70
0.899815 -1.22522 70
-1.46927 0.320466 70
1.11735 -0.443822 70
29.5543 0.846446 70
29.4175 -38.7225 70
0.979942 0.491012 70
0.353073 0.920338 70
-1.30675 0.703847 70
20.2554 21.022 70
-0.0272753 0.121409 70
-11.1454 11.42 70
-11.4997 10.5845 70
-9.65365 9.68222 70
-10.5061 9.79556 70
-10.2396 9.44171 70
0.98076 0.392928 70
-0.165396 -10.8779 70
11.1188 -0.810522 70
9.60611 29.06 70
0.230715 -9.45627 70
0.462341 -0.922423 70
-0.157004 -9.31156 70
0.360363 -10.4013 70
-1.22359 0.53583 70
-11.232 -9.54898 70
-31.155 9.61285 70
0.799697 11.1805 70
-0.0553842 8.91686 70
-11.1615 -10.9536 70
-0.999758 0.380126 70
-0.738195 1.19431 70
-0.817717 0.358176 70
0.0440696 -10.5823 70
0.292648 0.0506001 70
-9.83207 0.848446 70
1.32814 -0.0847203 70
0.049872 0.857435 70
-0.96952 1.02112 70
-10.2657 8.69169 70
-0.97123 -31.2737 70
0.509 -0.35119 70
-0.744729 31.291 70
0.0905512 -0.119603 70
10.187 -10.2115 70
1.15065 1.085 70
-1.06671 0.0503872 70
1.09074 0.934656 70
10.7524 -0.946732 70
-0.521755 0.166998 70
-0.278932 1.49753 70
-0.405848 0.219126 70
-0.35441 8.91875 70
-1.27884 -0.936579 70
1.11458 -0.523789 70
8.83702 10.1724 70
-39.8735 1.21187 70
1.0467 0.1185 70
-10.3248 31.3438 70
-120.886 0.555605 70
59.8228 -38.9692 70
-0.808158 10.2787 70
-1.28494 -29.9627 70
-1.43551 -1.4541 70
0.0806906 0.785888 70
-9.80832 -0.989797 70
20.0188 -0.269879 70
-1.01511 -9.95509 70
-0.603782 8.94351 70
-0.666394 0.19891 70
-1.23164 9.35713 70
20.5252 11.4886 70
-0.530515 -1.12606 70
-0.247636 -0.0641226 70
20.0758 -9.76382 70
-0.502876 0.820455 70
-9.91916 -1.10887 70
1.04582 -11.4169 70
-9.50014 -11.4158 70
-10.337 -0.376813 70
-11.2086 1.33031 70
10.5702 -70.4889 70
11.2193 0.890064 70
0.441583 0.607208 70
0.0377847 -0.6702 70
-0.128796 -0.38589 70
9.65541 -0.398247 70
-10.0565 -9.80636 70
0.769697 -1.24636 70
0.319209 1.36603 70
1.21724 -0.444824 70
-9.42226 -0.78802 70
-0.594067 0.852561 70
-0.775464 -1.20629 70
-18.5005 -0.92821 70
-8.72451 -30.5109 70
-1.20068 9.95683 70
-20.8716 -61.2671 70
-1.03792 -0.464815 70
1.32182 1.14082 70
-0.0704746 -1.0055 70
-9.36941 10.6046 70
-0.414367 1.41861 70
8.68589 19.4714 70
-1.09778 -0.490072 70
0.970651 -0.349985 70
-10.4734 -0.391489 70
-0.105185 -0.63592 70
-10.7596 -1.32605 70
-10.2917 -20.2484 70
10.4562 0.779034 70
0.979202 20.4531 70
-1.22824 -0.601615 70
0.960292 -0.296695 70
-9.62892 -1.09869 70
1.06462 9.58333 70
0.448459 1.26556 70
-0.155979 -1.27805 70
-0.550207 -1.46008 70
-10.0893 -18.9582 70
0.61119 1.36427 70
1.22151 9.24776 70
11.1457 -1.33492 70
0.965257 0.873691 70
-0.978618 1.31717 70
1.35704 11.3005 70
9.95525 -8.63807 70
-0.546564 -1.37541 70
9.8597 -1.20483 70
1.154 -0.714167 70
8.81856 -9.07786 70
-19.4551 30.6127 70
-0.00922327 -9.15649 70
0.914907 -9.74851 70
1.13426 -10.1954 70
9.09748 1.25619 70
-0.290504 -0.97753 70
0.268821 1.31669 70
-10.2435 9.61172 70
10.4686 -1.32525 70
61.1461 -10.7224 70
-28.9824 58.9932 70
-0.881815 0.552627 70
-0.466144 -11.0602 70
-0.649525 -9.03849 70
-1.28949 -0.742312 70
1.46795 -8.93161 70
18.9867 -19.2983 70
-0.729261 -1.33665 70
0.695225 11.3547 70
-0.758587 0.698325 70
19.6543 -10.6814 70
8.88667 -0.735399 70
-11.1392 8.73791 70
-40.9025 71.2993 70
-0.856055 9.30167 70
1.07558 -0.997987 70
-10.0415 10.6137 70
-0.869424 1.4183 70
-10.3076 -1.02223 70
19.2019 -29.7608 70
-1.34436 1.05654 70
0.262219 1.14862 70
-0.484193 1.28248 70
-0.970456 -0.101079 70
-1.4725 -0.260417 70
19.417 -1.11363 70
-1.49813 1.11496 70
18.7356 18.5639 70
-0.0793412 -10.624 70
-1.09293 -1.30083 70
-0.143535 0.91442 70
1.1373 10.2154 70
0.363233 0.715474 70
9.97565 -11.3669 70
-1.43344 -0.34317 70
-0.766526 -1.4966 70
0.186127 -1.07774 70
-0.825653 0.100536 70
-1.14589 -9.69593 70
0.557297 -0.9575 70
1.24316 0.679467 70
-1.44468 -1.44242 70
9.15191 0.44531 70
-0.136059 0.793737 70
0.865896 -20.4285 70
10.8783 -0.594784 70
1.30309 -8.85183 70
-1.0399 10.3697 70
-9.51695 -11.0654 70
0.916465 -19.3821 70
0.509853 -0.161673 70
-41.3679 49.9009 70
-31.4623 -11.3528 70
0.833533 0.118096 70
-1.07091 8.64292 70
-1.48317 0.168472 70
0.549456 -1.25832 70
50.4161 18.9894 70
9.34334 1.44775 70
11.1089 -9.10275 70
0.414474 -11.1083 70
29.0415 -51.1042 70
-0.361495 0.609539 70
8.97154 -0.514339 70
0.903108 -1.38881 70
-9.11514 0.0714368 70
-0.346131 11.4482 70
-10.5178 -8.92931 70
1.31853 -11.2605 70
0.750484 -0.637318 70
21.0466 8.83131 70
0.967611 9.35909 70
1.22759 21.3424 70
0.435032 -0.457052 70
-10.6891 -10.9263 70
0.551002 0.613675 70
-0.27557 0.987956 70
0.612276 -1.22654 70
0.771864 -0.195018 70
-10.2566 11.4534 70
0.0187339 0.536996 70
-1.47 0.722442 70
20.5244 19.2151 70
0.549711 0.367571 70
0.0594389 -0.214255 70
-20.352 -70.6818 70
0.72182 1.30458 70
9.68277 -19.0354 70
18.5918 -0.587478 70
-1.29311 0.186289 70
-0.0150091 0.0481921 70
9.37188 -0.130046 70
-1.27087 -19.4756 70
-0.202124 1.20639 70
0.782669 0.785427 70
-0.946445 -0.0754235 70
0.193457 -0.303997 70
0.533543 -1.20055 70
-0.934162 -1.20749 70
-0.718958 -10.8782 70
10.1714 9.19345 70
-1.14178 -0.850116 70
19.8369 18.8745 70
11.3399 8.75086 70
-9.0426 -9.30457 70
10.8696 21.4399 70
1.1862 9.90021 70
-0.720274 10.5523 70
-0.545577 20.1706 70
1.00478 19.2331 70
-31.1906 -11.0286 70
11.4391 -19.6183 70
9.63867 -18.5247 70
8.54584 9.15003 70
-1.41245 -0.612144 70
-1.29672 -0.183929 70
0.111627 1.02817 70
-0.124517 -0.402598 70
21.2159 -1.492 70
10.2584 -18.555 70
10.2108 -0.622565 70
10.7446 10.4517 70
0.306954 -100.276 70
-0.378651 -0.717848 70
0.465422 10.8601 70
10.3164 10.5123 70
1.22926 -1.07906 70
0.202185 0.704759 70
-1.31401 0.207233 70
0.257236 -0.486364 70
-10.7653 0.507654 70
-0.765894 1.39064 70
1.19506 -0.53475 70
-29.9322 -19.548 70
-28.5818 20.5403 70
-1.12139 -0.514663 70
1.12198 0.671892 70
9.52026 0.452254 70
-0.17231 0.84308 70
0.907642 -1.42339 70
-0.692912 -1.35445 70
-1.16589 -0.316062 70
-9.59788 11.1946 70
-40.9648 -8.69074 70
0.49408 -1.31628 70
0.832943 0.826468 70
1.35023 0.616163 70
-0.511954 -0.579203 70
11.0903 21.3741 70
-11.1393 -8.7946 70
8.91283 1.01822 70
1.03094 1.141 70
-1.02686 0.813494 70
10.0598 -1.10572 70
10.0755 -1.19072 70
-1.07816 -9.39825 70
0.669192 -0.941313 70
-9.47941 -9.35882 70
-9.48622 20.544 70
11.072 -0.441721 70
0.400768 0.410992 70
0.709153 -0.953589 70
1.08471 0.805467 70
29.7903 -29.2999 70
11.2782 -10.6111 70
0.70178 0.303763 70
