-0.631844 11.4056 70
-1.29649 8.86798 70
-20.7932 -18.8489 70
1.23868 -1.48142 70
-0.936191 0.230342 70
-100.729 -100.777 70
-1.2044 -1.01545 70
0.412288 -1.21843 70
19.8731 -10.2229 70
-0.230324 -0.524628 70
-19.9443 -9.73812 70
-30.6771 30.4769 70
-0.245131 1.06802 70
-11.2247 19.1676 70
81.3576 -0.487961 70
-1.1485 -0.829927 70
-0.716374 -0.743748 70
0.976208 -0.937276 70
1.16998 -1.34796 70
-30.9635 30.9605 70
0.481558 10.9505 70
-10.4859 -11.2594 70
-8.54382 -0.356303 70
18.5912 -9.71355 70
-20.6243 -1.0437 70
-21.092 29.5305 70
-11.3771 -1.18322 70
0.0933511 -20.4393 70
-10.7049 -9.09673 70
-11.1363 -10.5266 70
1.35741 0.568984 70
-0.136373 -1.33734 70
-0.534775 -1.21782 70
20.9368 20.0964 70
-8.72557 -0.027235 70
-0.994044 -0.935701 70
1.12311 -0.640763 70
-0.439722 -0.768012 70
10.5595 1.00356 70
38.9751 39.1752 70
0.685505 -0.130434 70
-101.294 38.5416 70
0.143612 -0.433793 70
0.574362 9.87607 70
0.355956 -0.726076 70
-0.556008 10.4524 70
-0.896391 -19.1963 70
-0.0508574 -9.28865 70
-19.354 89.5051 70
0.0351507 -1.26346 70
0.240409 -0.722417 70
0.182672 0.296409 70
-10.1464 11.1904 70
10.4375 -10.1312 70
-1.22769 -0.252554 70
0.617798 -0.900737 70
0.513929 0.408404 70
0.777773 -1.07489 70
-1.41443 0.0241187 70
-0.308464 0.937568 70
-58.6842 11.4968 70
19.4813 -0.496218 70
9.52953 9.16402 70
0.832776 60.2138 70
-0.953287 10.1576 70
-0.116915 11.2582 70
0.0563244 10.2148 70
10.5871 28.832 70
-0.516616 -0.844794 70
1.23112 1.06525 70
-0.187824 -0.299883 70
-0.785366 1.02867 70
10.3493 10.5586 70
-8.64901 10.5587 70
-0.163751 9.61713 70
31.3126 1.03302 70
-21.0688 -8.56687 70
1.04098 0.494456 70
-1.31255 -0.799427 70
0.69287 9.31939 70
-0.137606 -0.31362 70
-30.1342 -9.17469 70
-30.3357 -11.429 70
89.4119 9.13789 70
0.521785 1.43708 70
28.9409 29.9318 70
0.26315 -0.647444 70
19.1488 10.4223 70
69.3839 10.4926 70
0.19154 0.233763 70
-10.954 19.2124 70
0.0810549 10.4725 70
0.96894 0.174335 70
0.985965 1.40942 70
0.676999 0.69845 70
-9.45419 8.54393 70
0.0562727 -0.11892 70
1.42722 0.764662 70
0.807827 -1.39339 70
8.56303 0.310981 70
-29.9122 18.918 70
-0.599065 11.109 70
0.0799772 8.53406 70
0.722691 -0.202082 70
-8.51505 -0.110796 70
-39.7282 -8.9819 70
1.16864 0.421511 70
-0.133609 -8.93059 70
-31.4543 -11.4002 70
29.9338 10.1118 70
0.0561296 -1.09351 70
9.07611 9.11423 70
38.6277 10.115 70
0.446235 31.1391 70
-0.1837 -29.9993 70
9.41749 -0.916048 70
-1.3107 0.510205 70
-18.5393 -10.1264 70
-1.07074 -1.30526 70
18.7297 -10.1109 70
19.1947 11.2872 70
-70.3612 -51.0132 70
-19.0191 20.3518 70
-0.428825 1.30803 70
-19.5305 30.3915 70
0.361221 -0.397532 70
-21.4939 -9.23856 70
-29.0846 1.14808 70
1.44454 -0.208583 70
-0.61927 -0.401244 70
-0.841037 -1.4166 70
0.236928 0.110467 70
-0.661392 -0.0215393 70
-0.595537 11.2751 70
11.4666 -0.500944 70
-0.405196 1.16529 70
0.41607 0.587085 70
-0.928062 -1.40408 70
-0.50237 -0.839052 70
0.492514 -1.15333 70
9.10962 0.64544 70
0.742676 0.829889 70
9.11088 -10.0617 70
9.1201 -10.1955 70
10.5666 -11.171 70
9.73718 -11.4032 70
-0.0291681 -0.928222 70
1.08629 -20.9232 70
18.6159 10.8864 70
-18.5912 1.15904 70
29.0068 1.33796 70
1.26858 0.417114 70
0.805077 -0.838021 70
0.905781 20.7099 70
-1.24503 11.235 70
0.998167 8.93052 70
-1.17112 -0.738847 70
0.410027 0.181339 70
-38.8783 -0.680222 70
10.6633 1.08296 70
1.36581 1.26744 70
0.0655267 -0.782513 70
-10.6664 9.65579 70
-10.0728 -9.08199 70
0.198506 18.7995 70
10.7027 0.653373 70
0.997057 -1.49215 70
0.698519 0.514981 70
10.1614 -19.1239 70
-19.1304 11.1014 70
-10.8649 9.35937 70
1.03164 -0.789245 70
-11.0065 10.4219 70
-10.6363 10.3661 70
-0.132961 -0.234602 70
-0.440007 11.2807 70
-18.582 0.465555 70
0.228225 -1.39299 70
1.281 -0.855587 70
29.8382 -38.8964 70
30.1551 -41.4985 70
-1.19239 0.641513 70
-10.4633 9.59192 70
-0.724861 -20.1636 70
-10.6441 0.0784622 70
-0.787936 1.18579 70
-11.4325 40.3592 70
0.783042 -0.0346095 70
-10.2046 -0.0203019 70
8.78694 0.515123 70
20.9911 19.0694 70
-1.13978 1.38144 70
30.0278 9.0911 70
-20.8764 21.1859 70
1.02311 -1.01872 70
-0.967019 -0.648023 70
0.924891 -10.962 70
19.8796 39.2954 70
-0.124663 -0.935933 70
-21.1679 10.8357 70
0.463973 -0.735522 70
-9.65424 0.849828 70
-0.631337 -0.785219 70
11.3441 -28.7103 70
-10.9224 -19.3393 70
9.17018 10.0645 70
-0.469895 -0.392715 70
-39.1273 -31.2561 70
-0.0340692 -0.126187 70
-9.9991 -0.0334616 70
18.6432 -1.36837 70
-19.0846 -9.71296 70
1.29004 -0.562123 70
-10.2295 -0.676282 70
-1.07105 0.763709 70
0.967027 -0.187591 70
-1.46202 -1.33959 70
0.653475 -0.365926 70
-0.280577 -0.799033 70
-0.0031374 1.4404 70
-0.590752 -1.29902 70
-19.2611 -8.54741 70
-0.0926473 8.90935 70
1.14358 -1.41842 70
-0.168295 -0.0516443 70
-0.717778 -1.19444 70
0.042694 -1.46162 70
-10.3127 -1.46787 70
-11.2444 10.1797 70
-11.0561 -1.28305 70
9.40259 1.10506 70
1.38719 0.928804 70
-20.8535 10.9942 70
0.460256 8.84719 70
-1.01687 10.9046 70
-0.570114 -0.934993 70
9.14782 10.777 70
0.319899 0.868009 70
-0.755353 -9.96332 70
100.155 89.6623 70
-18.6128 -30.8325 70
0.675531 -10.5232 70
-0.815149 1.2958 70
0.907949 -1.07524 70
-0.374562 -1.48959 70
-1.3391 0.0273225 70
21.0931 50.2053 70
-0.8056 1.23703 70
-0.798507 -9.97819 70
0.131442 -0.379003 70
-0.846872 -0.48312 70
10.1926 9.82733 70
9.67868 8.60771 70
-8.84867 11.436 70
-0.0302617 -9.79166 70
-0.908142 1.48776 70
0.219164 0.345426 70
0.716144 -1.06619 70
0.0656522 0.585546 70
-1.22089 1.14741 70
-10.8456 -18.6204 70
-0.184372 0.878005 70
0.783888 1.31354 70
1.42817 -0.266384 70
-1.20076 -1.24694 70
0.170321 -0.0204524 70
1.20754 0.982185 70
-1.09106 1.2692 70
1.30822 0.306342 70
1.43755 -18.6044 70
-10.2839 -39.8012 70
-0.43111 0.312595 70
0.2638 -1.0088 70
21.2277 -10.4445 70
10.0718 -9.52065 70
-9.89325 8.89378 70
-11.1189 40.5811 70
19.5775 -10.5053 70
-0.795121 -18.7138 70
0.953483 0.995665 70
-39.5326 0.225188 70
0.103934 0.113364 70
-9.96757 -29.6212 70
19.9832 -9.96082 70
1.49553 0.370987 70
19.9488 0.50284 70
-0.323513 -0.126792 70
0.335916 -11.3247 70
-10.861 1.1069 70
-0.727735 0.612677 70
-1.05654 70.2089 70
1.2539 -0.755881 70
0.527061 0.489639 70
-0.111099 1.3042 70
1.35931 10.7269 70
-21.3786 -19.7992 70
-9.35497 8.78127 70
11.2615 -1.1049 70
-8.92787 0.232603 70
19.9511 40.931 70
-0.646651 9.11536 70
8.80935 -1.34235 70
0.678491 0.238729 70
10.2092 -100.634 70
-0.276906 0.342494 70
-39.9244 19.9996 70
0.986528 -8.67846 70
0.776606 1.16129 70
10.4576 -11.4104 70
-0.898721 -0.147353 70
-19.2092 11.1071 70
1.1131 1.37876 70
-0.626365 0.551824 70
-8.65064 10.1289 70
-110.203 -0.69317 70
8.83881 0.344144 70
10.5606 0.0477653 70
-1.04781 0.928651 70
28.9309 8.50482 70
31.0879 8.71322 70
9.65989 11.0238 70
1.35815 -0.983278 70
-0.454585 1.4269 70
-0.150956 -49.4461 70
-9.29974 9.00546 70
0.707139 0.780069 70
1.23021 -0.607046 70
-70.0677 78.9392 70
1.49649 -0.511869 70
-1.39229 -0.723305 70
-0.248557 0.575062 70
-1.38753 1.45865 70
-0.114866 1.00583 70
-0.352074 -0.748204 70
-0.442868 0.311574 70
-1.06002 -1.45932 70
0.385573 -0.858173 70
0.0800816 -1.27922 70
-10.7349 0.945189 70
-0.849492 -1.23113 70
0.063218 -1.31249 70
1.00829 -1.25382 70
-0.821461 20.637 70
-0.321855 -0.900028 70
-29.4394 28.9851 70
-0.398913 -0.784747 70
0.372814 -0.290933 70
-0.283018 0.175582 70
-0.91445 0.882265 70
0.524307 -11.0638 70
10.0614 -1.02749 70
0.24224 -0.924009 70
-0.430115 0.482429 70
1.4304 -0.275645 70
-19.1333 -8.6484 70
-21.3142 -11.2829 70
-18.9596 -9.12824 70
-49.7373 -30.8004 70
-11.4032 -9.51663 70
40.5031 59.1906 70
-0.431867 -1.12931 70
-0.861822 -0.883358 70
1.34764 0.428435 70
1.37641 0.481152 70
-1.32009 19.0601 70
0.0348518 20.5257 70
-10.4432 0.869189 70
-10.1674 9.01193 70
0.492372 0.15053 70
-0.189307 -9.94152 70
-29.5696 -19.2559 70
-1.44916 0.387416 70
-30.0124 10.0128 70
-9.7877 -9.0279 70
9.85707 -0.08726 70
9.9781 9.33648 70
-0.10381 0.29939 70
51.4929 -18.6167 70
-0.474748 -1.37051 70
-0.658369 9.12346 70
-0.635121 0.638047 70
9.44996 10.5025 70
0.409622 -1.23152 70
-0.801102 -1.22689 70
-0.785031 0.672662 70
-1.33597 0.339806 70
0.241224 0.0896364 70
-9.6621 10.6471 70
0.405543 11.0242 70
-21.3148 0.296216 70
0.752882 0.533091 70
-0.37802 0.539192 70
8.80954 10.5685 70
-10.3743 -0.943206 70
-9.91674 -0.52065 70
-9.16587 -8.95572 70
0.908495 9.385 70
30.9388 -29.2269 70
30.4124 -29.3548 70
-0.505203 -41.1519 70
-9.3561 -9.41008 70
-0.767454 -11.1353 70
-10.5204 -0.618254 70
-10.8369 -9.59893 70
11.2328 11.1552 70
-28.8514 11.3493 70
-0.372491 1.31699 70
9.86281 8.88709 70
-8.52783 -0.565455 70
21.0401 -0.530032 70
0.392656 1.42685 70
-0.638233 -0.906644 70
-18.7986 -8.6069 70
-0.677018 -0.217265 70
-9.48569 9.85574 70
0.0152203 0.141887 70
0.99685 -0.450053 70
-8.78429 -9.53668 70
11.1694 -8.89225 70
30.7379 10.143 70
-11.362 1.44909 70
10.9171 9.4253 70
-10.5895 -0.748059 70
0.94045 -1.2141 70
-19.015 -1.4883 70
-0.182127 9.32891 70
1.48617 0.202287 70
-0.417012 8.80771 70
0.157525 0.607637 70
-10.0017 10.2371 70
10.7433 9.34357 70
1.05664 1.19769 70
-0.0686232 1.18433 70
19.0901 20.6294 70
0.587908 10.0883 70
1.02791 9.81175 70
1.22366 0.620079 70
-1.19204 -0.0771418 70
-30.6912 50.0002 70
-0.919915 0.11864 70
-0.63356 10.7039 70
0.938968 0.878523 70
-0.425398 0.378118 70
0.596182 -8.56096 70
-10.0773 0.716619 70
51.1957 18.9588 70
9.67638 -9.12077 70
0.157132 -10.0172 70
19.3401 -29.484 70
-1.20172 0.135685 70
0.701181 10.4312 70
-1.45979 0.0502714 70
1.25957 -0.569183 70
11.4999 18.8016 70
11.2642 -9.23074 70
-0.132837 1.39986 70
-0.533632 -1.34329 70
-21.3115 10.7131 70
-18.7393 -18.7428 70
1.38422 -0.0738413 70
-30.7515 -30.8226 70
-0.335812 11.276 70
9.70911 -19.9684 70
-8.98569 -10.1189 70
0.111976 0.770632 70
-11.4949 -20.4487 70
0.228204 -0.790943 70
11.12 -20.136 70
-8.7987 -19.2613 70
9.46853 10.9144 70
9.65282 -9.23405 70
11.0761 11.4814 70
-19.5022 1.43225 70
0.471661 0.563948 70
1.06907 -0.0104935 70
0.650163 1.39344 70
-9.15403 0.463396 70
-10.6256 1.08228 70
-0.0784147 0.361126 70
-0.433613 -19.9664 70
-0.031543 -1.01719 70
-29.6499 -10.4482 70
49.266 11.1932 70
8.56454 0.559573 70
-0.747507 -0.781853 70
-8.62073 -8.60812 70
-11.4251 -9.57643 70
-0.271676 9.30365 70
-0.254507 1.22738 70
-0.67796 0.0196482 70
-9.21526 9.47628 70
1.02241 1.29552 70
10.5618 -30.838 70
0.344024 -1.34823 70
8.74974 0.740453 70
9.5543 18.8798 70
9.1787 40.455 70
0.767582 -0.134974 70
1.46489 -0.777633 70
10.1849 10.9699 70
0.820895 -0.32245 70
0.087614 0.598546 70
39.2227 29.0683 70
-10.1106 1.43505 70
-0.69973 -1.44653 70
-0.837566 1.4781 70
20.3523 -10.2728 70
10.4317 0.530742 70
-0.67018 -1.27176 70
-0.716669 -11.4819 70
0.120366 10.7102 70
-0.0416441 9.40451 70
-1.08129 9.85198 70
18.6096 0.486876 70
-1.37462 11.4327 70
-1.35016 8.57867 70
-1.36426 0.380662 70
-10.2384 0.261284 70
-0.312329 -0.292382 70
38.7621 -9.52924 70
-20.5023 9.87676 70
-0.530949 1.2457 70
-0.887879 0.904511 70
-1.44631 0.18111 70
0.0493859 -0.328421 70
60.8884 -21.2038 70
0.96067 0.291882 70
-10.7999 8.64941 70
-10.8564 10.4501 70
-10.3187 -11.2991 70
-11.432 -0.249268 70
-49.8966 0.546025 70
-0.979291 -0.433666 70
0.419559 19.7769 70
10.6127 -1.25624 70
20.6283 8.81192 70
20.5083 9.56961 70
-21.0516 81.1214 70
-9.07484 1.30982 70
-0.755919 -0.173352 70
-1.32322 -0.0668949 70
-1.36425 1.13082 70
9.00181 -0.886123 70
-0.399059 0.216727 70
0.5872 0.650931 70
-0.713773 0.471137 70
-68.9709 -90.972 70
0.0319488 9.20344 70
9.71869 -9.16999 70
-0.934683 -0.592788 70
-0.321931 -1.05623 70
-0.977878 -1.2133 70
-40.4477 -20.3023 70
-51.1391 -59.7145 70
11.025 1.11282 70
0.943898 1.13275 70
1.31581 1.009 70
8.70992 9.10288 70
0.709114 1.24758 70
-9.31923 21.4188 70
40.438 10.2894 70
-30.4759 -28.6327 70
1.47595 1.32241 70
-1.40641 0.713765 70
10.1769 0.394388 70
-8.60739 -20.4158 70
-10.2698 -19.4476 70
-1.11475 1.26818 70
-19.7349 -29.2218 70
-1.24603 -0.58373 70
-9.17406 0.181587 70
-9.23315 -8.9941 70
-0.340762 -0.51953 70
0.737419 0.265255 70
-70.7306 -29.7737 70
-68.6236 -28.8842 70
-0.390733 9.12234 70
-0.335498 -0.924897 70
1.04506 -0.422717 70
-0.732102 -9.63902 70
0.755796 -8.95029 70
-20.8954 -18.5535 70
-0.442961 0.0828666 70
-19.001 9.42374 70
29.6239 20.6554 70
-10.7196 -20.611 70
-9.54958 -10.4349 70
0.376247 -0.462159 70
-0.47784 0.337718 70
-0.842598 18.8688 70
9.13625 20.5322 70
11.1926 19.5035 70
1.02245 0.937057 70
0.669697 1.37951 70
28.7128 11.1296 70
0.763224 0.485521 70
-0.042262 0.663698 70
0.253251 -1.12428 70
-39.9591 -10.6171 70
0.458127 10.6159 70
-0.66995 -1.22152 70
-10.3468 -10.7824 70
-0.333465 1.08852 70
10.7447 9.4422 70
-1.04003 -0.282578 70
-0.729357 9.24508 70
-1.07103 10.2077 70
0.687692 10.2554 70
-1.35059 -1.12153 70
-1.39205 -1.0349 70
39.8201 -9.21304 70
0.160074 0.0462787 70
-1.46876 -0.397089 70
9.7579 1.15487 70
10.0455 1.38942 70
-10.8982 -9.81887 70
-0.146801 -1.4719 70
0.612685 -10.7476 70
0.12562 -8.92598 70
-8.72949 0.335411 70
0.370054 1.16579 70
11.2207 8.52689 70
0.460173 -1.18465 70
-0.245484 -0.894823 70
19.5042 39.5292 70
0.443817 -0.624329 70
0.0157414 0.91392 70
0.300863 1.04411 70
-8.53484 -1.36788 70
0.854224 10.239 70
-11.0547 -1.13311 70
9.86716 8.69578 70
-0.817601 18.5705 70
-41.0218 9.85925 70
0.778677 -0.322614 70
-1.17988 -0.56559 70
1.3068 -0.67822 70
-1.34773 0.0152743 70
-39.9681 -10.2605 70
0.102465 0.498653 70
11.2257 10.0553 70
-0.946988 -1.16829 70
0.799632 -1.49151 70
-0.850762 -1.20381 70
-8.51244 -0.909487 70
0.105018 88.9319 70
-8.75163 -10.2737 70
-9.20272 -10.2345 70
0.328188 0.834216 70
-0.556532 9.01383 70
-0.573116 -0.964437 70
20.6706 50.8274 70
10.9867 -11.2822 70
-1.49776 0.76066 70
29.7459 19.8809 70
-0.70949 -0.0182034 70
0.295557 -1.46085 70
-10.1074 -8.98588 70
1.27136 0.659907 70
20.704 31.286 70
1.01421 -21.2491 70
-0.19359 -0.491318 70
-8.93167 1.40314 70
101.347 -40.6803 70
0.933676 -9.9288 70
-0.981231 20.1878 70
-0.170071 -0.785861 70
-0.337806 -1.30867 70
-31.2041 -1.39482 70
-0.590562 10.765 70
21.415 18.9689 70
-18.7189 30.7237 70
0.403022 -0.952164 70
40.9118 19.079 70
10.1633 -0.423586 70
-31.4811 -41.0775 70
0.86293 -0.0531049 70
0.86858 8.57831 70
9.83446 -11.295 70
0.141042 1.15698 70
1.29692 -0.891053 70
1.33608 10.4285 70
0.390073 1.36391 70
1.18206 -11.3688 70
1.29999 0.440869 70
1.21741 0.655319 70
-9.85784 0.497264 70
-0.395721 0.665059 70
10.8715 -1.07224 70
0.159294 1.45837 70
-1.47127 -0.889678 70
-8.65323 0.868758 70
19.4286 1.04866 70
0.773756 -9.46888 70
1.38849 29.6706 70
-9.75441 18.5053 70
-0.486089 -1.03926 70
-1.0027 -1.26662 70
11.0045 -10.4096 70
1.42587 0.203837 70
-1.1875 -9.13364 70
-9.20345 -0.173599 70
-1.45953 0.952383 70
0.501918 -10.1148 70
-0.113974 -10.157 70
-20.4143 -1.24555 70
-0.473006 -1.25768 70
1.38491 0.625888 70
0.655123 -9.95391 70
-1.09261 -10.5314 70
-0.848261 1.3321 70
1.39402 9.05995 70
-0.934514 9.87885 70
10.2552 -0.0892562 70
-0.965937 0.614655 70
40.7415 9.87103 70
-0.0672361 0.106864 70
-8.82036 -19.2702 70
-1.01823 1.08012 70
0.671289 0.413508 70
-1.46598 -0.633764 70
11.1046 -0.366698 70
1.03346 1.33188 70
-8.85381 -21.3293 70
-1.36681 -10.1245 70
21.2865 1.26592 70
0.921846 -0.781887 70
1.45839 1.11602 70
-11.0419 0.394615 70
-8.69868 30.4631 70
10.5772 0.37856 70
20.5197 8.79058 70
-10.3471 -10.3727 70
-21.1088 -9.44334 70
40.2106 38.7955 70
-0.402525 -30.7042 70
10.3843 8.76867 70
-1.14583 -8.90525 70
-1.22462 -10.6551 70
-1.30974 -0.926352 70
-1.40573 -1.14254 70
1.21082 -11.428 70
0.598343 1.06612 70
-10.1382 -21.102 70
0.136506 -0.0894757 70
-80.5667 -29.4285 70
-0.701954 -0.295503 70
-0.541814 0.234734 70
-1.4972 0.841321 70
-10.6148 -11.4987 70
-9.89405 -9.57647 70
8.69785 0.22344 70
0.945328 10.5951 70
9.57036 -0.897229 70
-0.964396 -10.0669 70
9.28339 20.3578 70
-0.755921 40.2214 70
0.629553 -10.3494 70
-20.0199 -29.9414 70
9.13632 -8.81785 70
-40.5987 1.13375 70
-10.3386 -0.893501 70
-10.9318 -1.26567 70
29.9597 -0.120874 70
-0.340705 18.7705 70
9.38071 11.172 70
-10.6139 -10.21 70
1.09484 1.0652 70
9.6665 20.3924 70
1.33368 1.21147 70
0.357477 28.7076 70
-10.0079 1.42733 70
30.3388 39.5678 70
1.15053 -0.778531 70
0.907099 0.757714 70
1.42514 -11.3839 70
0.607891 -10.1896 70
10.4 21.2562 70
-19.5257 71.3014 70
0.797842 -10.3313 70
-1.44178 1.2683 70
-59.925 -30.5671 70
-0.0812133 0.900628 70
-0.0844657 1.15782 70
-1.15863 -0.586657 70
30.8353 69.9382 70
0.30785 -0.156902 70
0.361958 -0.542344 70
-0.725297 9.46068 70
0.148042 11.4603 70
11.3841 -0.487116 70
-0.934541 -9.76547 70
-1.17729 1.04921 70
0.768382 0.282638 70
9.96511 81.1149 70
-19.5763 -19.0883 70
-9.18457 -0.0904677 70
-8.85973 0.492913 70
19.0607 -9.94294 70
1.48165 -8.77252 70
1.1348 -0.222383 70
-30.733 -0.0845062 70
20.3532 -10.2864 70
0.0706096 9.12647 70
-0.873884 0.0615534 70
-1.47876 1.36209 70
-0.718957 10.9008 70
1.14004 9.76249 70
-0.930798 0.362699 70
1.16011 1.24331 70
-0.621137 -0.610158 70
0.719105 -1.43412 70
0.445938 -1.35075 70
-1.17906 -0.443539 70
19.7053 -10.6669 70
-9.70339 -29.0514 70
-10.2023 1.24171 70
-10.8324 11.1485 70
-10.5992 -10.1015 70
-10.06 8.84243 70
19.621 -19.9423 70
-0.768999 -0.468242 70
0.62038 -0.477387 70
-19.5072 -11.1048 70
-10.3024 9.38145 70
-0.270817 0.313355 70
39.3071 49.1936 70
-39.7437 0.199873 70
0.66098 9.32846 70
49.4785 -30.7296 70
0.655441 0.543294 70
10.9057 -9.97579 70
8.52929 -9.70772 70
-0.486055 -0.825036 70
0.942081 1.46034 70
10.7698 0.56055 70
1.33496 1.36136 70
-0.0410136 0.344318 70
-10.1818 0.373815 70
-10.6928 10.1022 70
-20.9872 0.776291 70
0.319419 -0.698016 70
-0.588442 11.1552 70
-0.206631 0.24535 70
-9.54634 0.806022 70
