10.0545 10.5444 70
30.382 40.8202 70
0.236087 -9.35892 70
-0.118309 -1.42654 70
-0.943851 -11.2649 70
110.879 79.3801 70
-9.1154 10.3933 70
-10.3964 -0.694152 70
38.9215 1.10362 70
-70.5867 68.58 70
-0.946175 0.796911 70
-1.22273 -0.527334 70
-1.18368 -10.6413 70
-8.59554 0.102274 70
-11.1183 -9.54913 70
0.15007 -0.573424 70
-11.4497 1.23867 70
-0.799413 -0.183744 70
9.60966 9.90324 70
-11.0203 -0.802183 70
0.106311 1.03998 70
-10.0074 -0.41478 70
-0.30589 0.345984 70
0.155019 -10.5068 70
1.44644 0.504261 70
-1.0256 -0.374916 70
8.65358 -10.7006 70
0.0318985 -1.44304 70
-0.230276 -0.130524 70
-21.0611 20.4467 70
-1.4527 9.28066 70
-20.9127 1.02058 70
0.553734 0.622346 70
0.339666 -1.4658 70
-0.873057 -0.650301 70
9.13411 -18.8914 70
-39.4991 30.9587 70
-10.6063 -49.1458 70
-10.7378 11.0016 70
0.677142 0.643467 70
-10.9217 -18.9644 70
40.9744 39.1597 70
-9.96712 9.86809 70
28.5406 19.4557 70
0.279912 0.115647 70
-9.52147 0.175691 70
10.1451 9.20378 70
9.32456 -19.0426 70
-31.212 -48.7242 70
0.65139 -1.22439 70
-0.186471 0.0302279 70
-11.3569 -0.302059 70
-10.7308 1.20461 70
1.28484 0.17151 70
-9.55509 -0.900449 70
-48.9063 -29.6916 70
-29.787 -9.91878 70
-28.9694 60.9115 70
-10.3819 0.680169 70
-0.399893 0.812042 70
19.5583 19.8649 70
-0.858605 8.90899 70
0.051495 0.570224 70
-9.00949 -10.5919 70
-11.4473 11.1735 70
-19.9441 -30.2252 70
0.0817022 1.43639 70
-0.816698 -0.792724 70
0.0377627 -1.29841 70
-30.3256 -10.6381 70
0.825195 -0.410882 70
-0.92054 11.3322 70
-10.0942 -10.0919 70
-9.31434 -8.98951 70
0.243044 -1.46048 70
-19.3809 -10.1193 70
9.94974 -1.33036 70
0.459239 9.03868 70
1.2828 -0.891757 70
11.3543 39.5777 70
0.197264 1.15958 70
-9.45787 0.870878 70
-10.6765 0.451068 70
-10.3036 0.866528 70
0.737406 -1.14006 70
-9.46912 0.26782 70
-0.613757 -10.1137 70
1.28996 -10.2717 70
1.21662 -9.78813 70
-0.297823 -0.110442 70
0.99847 0.419623 70
-9.97164 -0.979501 70
10.5768 8.539 70
-0.806176 -10.891 70
-0.663852 0.784844 70
-0.262245 0.185623 70
0.477872 -0.0576355 70
0.210768 0.765051 70
-49.3254 70.0288 70
0.347567 -1.4228 70
-21.0961 -1.16741 70
-19.0558 -19.3588 70
0.638965 -9.81146 70
-20.4539 -1.42935 70
-0.607575 -9.97162 70
10.8512 0.91702 70
-0.562631 -0.858051 70
-8.74633 10.8078 70
0.901757 -1.47267 70
61.3321 -21.0255 70
-51.0859 111.373 70
-19.3979 30.2605 70
-31.2233 0.138189 70
1.21119 1.35837 70
0.944473 -0.965737 70
-20.6442 -11.075 70
-1.47472 10.8089 70
61.464 -31.2569 70
-0.660935 0.552928 70
-11.4956 -9.23227 70
0.437034 0.124914 70
59.1519 -38.6972 70
-8.80762 0.171626 70
0.836555 -0.128282 70
19.4256 0.183237 70
-10.7236 -10.1177 70
0.299996 -0.697378 70
-9.19477 1.08412 70
1.04669 19.9438 70
-0.631258 8.95235 70
0.768162 -0.00155536 70
-10.9772 -8.52691 70
-0.720762 -9.33493 70
-28.6122 20.4654 70
-8.7547 9.21932 70
-1.07403 20.6176 70
-10.0753 9.51396 70
-69.3862 -18.5842 70
10.183 -0.283186 70
-9.12199 0.879123 70
0.500792 10.3482 70
-9.9479 20.6068 70
9.31326 -30.3251 70
-1.06979 1.27886 70
-9.12351 0.896134 70
-0.042844 0.358177 70
0.250893 -0.483748 70
-1.23297 0.193142 70
-10.1459 8.74966 70
0.688131 8.54988 70
-9.66275 11.4388 70
0.180689 0.0475516 70
9.04705 21.2363 70
-10.767 -1.25401 70
-1.19435 1.42331 70
80.4841 -108.932 70
-9.36964 -10.1508 70
-10.1082 9.61996 70
1.24238 -1.48054 70
0.65877 -0.623041 70
-49.0386 -11.1613 70
-9.14675 -0.531127 70
21.4764 1.09714 70
11.0377 40.4197 70
-10.0283 -21.4409 70
-1.49961 -11.0734 70
80.4401 28.6054 70
0.734793 -0.0997675 70
1.49442 -0.935685 70
-1.41008 -1.10607 70
-11.0686 9.70429 70
-9.71728 0.124511 70
0.029352 0.454164 70
-0.0114677 0.0536521 70
11.3934 40.6568 70
-0.0476624 -1.10863 70
-10.9697 0.563049 70
-1.29749 9.71047 70
-0.632849 -10.3163 70
-10.634 -10.5411 70
9.24449 -1.162 70
-0.624134 1.14347 70
29.2174 8.8695 70
-9.11284 -8.79944 70
59.3635 -39.731 70
-0.571981 -19.8292 70
-0.290267 9.35205 70
-18.9613 -11.4837 70
-1.03626 10.5069 70
-9.83171 9.26097 70
-8.71922 0.464 70
0.240924 -0.519332 70
0.306163 -10.5147 70
-1.38138 -9.94773 70
-9.38977 0.982921 70
-1.16405 -28.533 70
-0.402315 0.788472 70
-11.4038 -0.311143 70
9.09087 9.73669 70
-18.9179 -20.4468 70
-1.0366 0.707384 70
18.6891 -29.7438 70
1.40741 9.96225 70
-8.53376 -31.4741 70
-10.4453 -0.13442 70
-0.738918 0.75914 70
20.8841 -8.72138 70
-30.2895 -0.566083 70
-9.42059 10.6836 70
-50.6037 70.7167 70
-10.0241 -38.5907 70
1.49096 -18.9935 70
-0.563511 0.218971 70
-9.71956 -9.96076 70
-1.05353 -8.52551 70
-0.159533 10.8374 70
-9.34333 -0.0306929 70
-1.181 -0.0304579 70
1.42195 0.464342 70
1.34845 9.84827 70
1.07529 -10.4216 70
8.50128 -1.46424 70
-8.9157 -10.403 70
-10.2228 8.62337 70
-10.2112 -0.27205 70
0.439046 1.42076 70
1.11091 -10.525 70
0.552746 -0.220444 70
0.301886 -10.1973 70
-10.4402 -11.12 70
11.3927 1.34443 70
-20.1016 1.35945 70
-11.4904 0.769704 70
-19.9822 -1.01265 70
0.887846 0.472913 70
-20.0472 -0.978237 70
-0.547984 -0.850667 70
-28.5459 29.9146 70
-10.628 1.48515 70
-120.659 -40.0621 70
-118.833 -39.3904 70
-0.959259 -1.34308 70
8.68977 0.470769 70
-11.0169 -0.658402 70
-9.86886 0.821376 70
10.7483 -10.6898 70
-19.2222 -11.1259 70
0.880925 -10.2414 70
-38.6454 30.4338 70
-11.1269 40.2835 70
0.159418 11.0356 70
-0.835595 -0.322445 70
1.16748 0.217671 70
-9.18877 -48.6528 70
-10.5823 20.8009 70
-1.40261 -0.854423 70
0.935616 -1.35276 70
0.575098 -0.986348 70
-10.9583 -1.33918 70
-0.646306 -1.30669 70
-10.7527 0.187586 70
-0.401575 10.5105 70
-18.6773 9.98096 70
-1.32648 10.9506 70
-18.7872 20.35 70
-20.6043 0.318915 70
-10.046 1.49883 70
0.43835 0.222601 70
-29.1488 21.1615 70
-29.2239 19.8327 70
0.474253 9.01583 70
-9.00842 -1.19869 70
-10.0446 1.09108 70
-10.5185 1.04588 70
-0.836494 0.912457 70
1.32354 -0.523536 70
-10.119 0.619204 70
-9.8066 -8.75861 70
0.653841 -50.1196 70
-30.0065 -39.5484 70
-10.8707 9.41324 70
-1.22244 -0.146872 70
1.06502 0.7292 70
-0.519438 -0.582424 70
-0.0546603 0.461676 70
-1.26795 -1.17009 70
-1.18311 1.24269 70
-8.84653 -1.06573 70
-11.3308 -20.452 70
-0.170078 9.39104 70
1.39165 1.2724 70
-21.3637 -1.07953 70
-10.4916 0.107782 70
-10.4309 -1.40436 70
-9.00296 10.6384 70
20.3095 38.8782 70
-1.27892 -11.0179 70
-8.56129 10.7592 70
-9.07522 -19.2944 70
-20.3196 0.021871 70
-0.100409 -1.22976 70
8.862 0.320127 70
9.31579 18.6705 70
-8.72871 1.14716 70
-0.0126254 0.931965 70
10.7646 -1.02105 70
-11.2097 -1.49839 70
10.8083 -8.53352 70
10.8748 21.4426 70
0.669741 9.55781 70
0.18484 1.18505 70
-49.674 21.3205 70
0.509164 -9.96845 70
0.678017 0.537046 70
-9.54588 -0.78058 70
-9.11569 8.92427 70
1.47809 0.143442 70
-9.98843 -0.302293 70
-0.729172 10.3833 70
-10.6474 0.0739139 70
-8.83657 -0.987811 70
18.7177 -11.2278 70
-10.7888 -1.38979 70
1.42621 9.7263 70
-1.18747 10.3776 70
-0.930566 -0.0509763 70
-0.291865 0.266523 70
-0.270226 1.13632 70
-11.0896 -1.12843 70
-8.5559 10.9343 70
-11.1652 -10.6659 70
11.2231 1.3033 70
-31.4951 41.1614 70
-20.8289 -0.574471 70
-19.7145 11.3268 70
-21.0704 40.8646 70
0.866056 9.97945 70
0.478899 8.74774 70
-9.58761 -0.642255 70
0.913413 9.80374 70
-9.54199 -40.8047 70
-10.4563 10.869 70
-30.7885 9.23393 70
-0.503217 10.8299 70
29.8803 40.8502 70
11.1847 -19.2372 70
-9.42594 9.81995 70
-11.2556 10.0474 70
0.380017 -0.763626 70
-11.1181 9.91084 70
-9.2857 10.7755 70
-10.1397 -0.279415 70
-29.1968 -0.462005 70
10.0241 10.9873 70
10.7772 18.7778 70
-9.74161 10.777 70
-40.8846 19.1889 70
0.878295 0.257851 70
0.954559 -1.35578 70
0.0117837 -1.16159 70
1.14845 -0.513794 70
1.11715 -1.0603 70
9.00313 20.3528 70
1.22915 11.3566 70
-9.77132 0.70393 70
-20.3333 -69.3886 70
8.79548 20.4436 70
-11.1525 10.3614 70
-11.3264 0.270989 70
9.50447 28.5641 70
-1.46369 -0.237008 70
-0.719796 0.29361 70
9.76291 0.096059 70
-19.5272 0.974029 70
-0.175729 -1.41672 70
-1.34733 -1.08726 70
0.0851487 0.962971 70
-0.15993 -0.748623 70
-10.1283 -0.098287 70
-0.741883 -0.724598 70
-1.28919 8.76692 70
-31.1822 1.00215 70
-18.8531 0.923238 70
-1.30006 9.9753 70
0.146697 21.2216 70
0.854864 -8.78705 70
10.2305 11.0368 70
19.2329 19.5022 70
31.4934 -20.4429 70
-21.2675 -9.62801 70
-0.49235 -0.471337 70
20.7149 -0.746058 70
-11.2333 -10.1086 70
-9.85674 -1.28987 70
-1.34734 0.158476 70
-0.910452 -10.3361 70
-11.4713 -0.763271 70
-9.76218 -1.33211 70
-11.3784 0.0636664 70
-30.5811 -68.5936 70
-30.8009 -68.614 70
-31.0226 -69.918 70
-39.0953 -21.2411 70
-10.5204 0.736278 70
0.637121 -10.5816 70
-1.25623 -0.289428 70
110.536 -101.499 70
-10.9694 1.38702 70
-9.1266 38.691 70
-18.8688 9.177 70
-30.5215 39.106 70
-10.4849 0.923978 70
-1.4052 -0.0400946 70
60.8382 10.7406 70
-8.7564 -0.179752 70
0.166518 -0.31701 70
-8.90201 -0.160398 70
-10.9254 9.3733 70
-10.3245 -1.14842 70
-9.86192 -0.273332 70
0.817377 1.10986 70
-1.06248 10.5164 70
0.166905 1.4497 70
-0.75664 30.5257 70
-9.76719 -19.7293 70
-9.28191 -0.00452523 70
-8.76846 -1.20304 70
-11.1756 -0.961269 70
1.12016 20.3932 70
-11.2589 -9.1848 70
0.229781 -8.61028 70
-18.7723 -8.52274 70
0.294432 -0.660257 70
0.728669 -0.814623 70
-0.848229 0.444431 70
1.09314 1.11601 70
-0.605866 20.1491 70
-0.283116 -0.333679 70
1.46067 -8.55244 70
1.01432 -18.6034 70
0.493707 0.643097 70
-1.17075 -1.45581 70
0.00815286 18.6865 70
39.6747 -51.1154 70
-0.901685 0.191658 70
-10.5868 20.0871 70
-9.21557 0.710648 70
-9.83985 0.0443615 70
-0.881714 -0.487908 70
-9.67503 10.4467 70
1.02381 -0.486806 70
0.544384 -10.3118 70
0.242759 -9.22616 70
11.4761 -0.15128 70
11.129 9.47749 70
0.894062 0.823792 70
-8.82976 8.90656 70
-10.6701 9.5644 70
1.02702 -0.841334 70
-0.302632 9.83163 70
-0.800132 0.254036 70
-10.7079 0.772709 70
-8.86123 -10.2313 70
20.9241 41.3913 70
20.346 30.6227 70
-0.935556 11.2664 70
20.6294 -1.49118 70
-18.7887 -9.4637 70
0.594898 11.4898 70
-30.1265 -60.2673 70
-0.874742 1.14249 70
19.9408 -20.7036 70
0.413537 -0.640862 70
1.23129 10.9868 70
-11.2925 -0.828636 70
9.14149 18.7145 70
10.7959 20.0891 70
-11.0449 -0.301191 70
-8.64167 0.304177 70
-0.548465 -1.14177 70
-20.884 -0.646315 70
1.13426 0.574567 70
-11.3129 -11.0363 70
0.135297 1.17928 70
-1.30302 -0.976605 70
0.632203 9.46678 70
-1.16658 -0.454199 70
-1.22394 41.4241 70
-9.41547 10.2689 70
-29.5468 11.2228 70
-29.224 29.6379 70
0.122908 0.247248 70
-0.388193 0.600392 70
1.3241 -0.880964 70
-20.6663 9.01737 70
-11.248 -1.35795 70
-1.0188 -0.736319 70
-10.9099 0.247426 70
-1.48631 1.42526 70
-9.2711 -0.83121 70
-8.57868 10.3168 70
-51.0852 9.30831 70
-1.38883 1.15671 70
-19.5553 21.2201 70
40.768 -10.9872 70
10.0515 20.3254 70
-18.8597 -9.77367 70
-19.6632 -10.4609 70
-30.5693 18.8393 70
-0.521335 -0.954801 70
-0.716482 -1.12628 70
-10.3681 -11.1798 70
-40.9256 0.501962 70
-1.22435 -0.149422 70
-10.0239 0.692905 70
-19.7405 -10.6084 70
0.0949209 -0.783153 70
-11.1243 -10.598 70
-9.08295 0.304479 70
0.0272086 0.310469 70
10.6066 50.9974 70
-8.84974 1.33127 70
-8.88018 1.39802 70
-0.5086 -1.42167 70
11.1756 -8.65697 70
9.76866 -19.5441 70
-11.1917 1.07606 70
0.849017 1.26624 70
0.869164 -0.265927 70
-1.42795 -9.04608 70
-10.8205 10.307 70
-0.839477 -1.41641 70
-0.417448 0.385255 70
1.43522 10.8838 70
20.9291 -10.739 70
-10.6604 0.332059 70
21.2015 -9.55504 70
-0.855326 0.532847 70
0.416028 -1.34663 70
0.751847 10.6261 70
0.159341 9.24508 70
0.626588 -10.6001 70
-9.02909 -0.649044 70
-10.5319 9.54087 70
0.723144 -0.586134 70
-9.21229 0.209637 70
-11.0745 1.22709 70
-0.842175 10.248 70
-8.60538 31.2253 70
0.08654 1.11211 70
-9.14699 1.0466 70
-10.6657 -0.585124 70
0.923232 -0.41499 70
-0.0427619 19.0112 70
1.14353 20.5322 70
-9.65253 -11.2187 70
0.961638 -19.3027 70
0.363821 -1.19445 70
-9.70953 -0.690394 70
-10.7906 10.6002 70
0.425584 -8.93466 70
-10.4139 10.9591 70
10.1091 21.0164 70
-0.591698 0.880251 70
0.898298 -0.79715 70
-10.6861 8.69777 70
1.48227 10.1702 70
-31.0211 -1.10255 70
0.435691 0.779096 70
-9.66228 21.0747 70
1.23016 -0.0847814 70
-40.8027 -0.460443 70
-1.16326 -0.969503 70
1.33064 0.829486 70
18.9067 -20.0024 70
-8.78275 9.39804 70
21.267 -0.572191 70
1.42105 1.21178 70
-20.2597 -31.065 70
10.7312 8.50709 70
-19.6039 10.5636 70
-9.51982 1.3568 70
-9.39084 -0.345362 70
20.7144 0.974459 70
0.0146162 1.43255 70
19.2728 1.48564 70
1.2485 -0.653584 70
0.341034 -0.37349 70
0.281844 -0.00431231 70
11.055 21.1213 70
10.3314 19.8059 70
-11.2421 40.9058 70
10.7331 -0.856494 70
-40.3724 -19.0949 70
9.27252 39.0931 70
0.419788 8.57443 70
29.238 9.93931 70
-30.9915 18.95 70
-59.0318 -0.946305 70
-8.93775 -0.709552 70
-21.1463 10.1573 70
-0.0506611 0.855321 70
10.9389 0.960032 70
-1.49805 0.137448 70
-0.836371 1.10777 70
-8.69348 0.660972 70
-10.1242 -10.9382 70
-9.0806 -10.2654 70
9.23928 -1.14386 70
-21.4354 -10.8282 70
-8.96606 1.29554 70
-9.54109 -0.435654 70
0.564439 9.33311 70
0.829009 -11.1819 70
-18.8383 0.418156 70
-9.82205 1.2183 70
0.780465 -1.28713 70
-28.5184 -29.1976 70
89.6679 108.836 70
1.08885 -1.02166 70
-10.7699 -1.17877 70
-21.352 -0.95457 70
-0.710111 0.109489 70
-29.532 -19.8037 70
-11.1745 -0.511716 70
0.782685 -10.7504 70
-20.2637 -10.6595 70
-9.65091 1.34209 70
-1.29445 0.967539 70
21.2189 -0.34909 70
-30.3984 -8.82557 70
-0.422222 -1.3704 70
-11.4338 8.87988 70
0.839518 9.37541 70
-10.7082 -0.432198 70
0.82734 1.34016 70
1.01052 0.289421 70
38.7622 69.3497 70
-19.5526 0.350252 70
-9.768 -0.712212 70
-1.35634 10.4917 70
-0.31324 0.0278837 70
-8.90427 -10.0895 70
-18.8184 1.19643 70
-9.10911 11.1297 70
-10.7327 1.16033 70
0.549826 1.33962 70
-0.467035 8.97467 70
0.674223 11.4328 70
-20.6761 -29.6496 70
20.6633 0.741855 70
-8.54817 -18.9775 70
-30.2022 -1.12493 70
-11.1008 19.0009 70
-21.2204 0.149242 70
19.4921 -59.0378 70
10.4384 -10.734 70
-1.40486 1.07355 70
-0.762238 8.88267 70
-11.0577 10.3924 70
-10.0971 9.80056 70
0.780574 -0.739772 70
1.42608 -0.174569 70
-9.08454 0.809284 70
-1.08346 8.92688 70
8.74786 -1.07799 70
0.198629 10.7705 70
11.0975 20.4956 70
-1.21019 0.746597 70
28.5349 0.909919 70
-11.1148 -9.38543 70
10.2969 -0.833282 70
-1.4644 -1.44849 70
-0.402087 0.289608 70
-10.3282 0.165769 70
-9.51688 0.815603 70
0.232894 1.27935 70
1.48603 10.8062 70
-10.2741 0.0920636 70
20.3723 0.15329 70
8.95472 19.8355 70
1.16773 9.98712 70
-8.72708 8.72528 70
0.905224 0.923238 70
-10.5088 1.30019 70
-10.5237 -0.633319 70
-29.3066 -19.6659 70
-10.2046 0.806763 70
-11.4059 -0.545245 70
-10.731 -9.81288 70
-61.2916 -40.5039 70
