0.0477184 8.82994 70
-1.47271 -0.763335 70
-0.886345 8.93179 70
-1.17703 0.0885091 70
-1.42212 -51.4855 70
0.407501 0.383405 70
9.82847 -0.05906 70
10.1432 -11.369 70
9.10294 -8.82512 70
-1.32623 0.776501 70
29.2871 21.1082 70
-20.822 0.909138 70
8.63485 -19.0936 70
0.490445 9.49306 70
-8.81929 -0.165519 70
10.2206 20.6081 70
1.19276 8.73912 70
19.6633 -0.945116 70
18.8732 -1.28716 70
-11.3708 8.67145 70
-9.35651 10.8126 70
-9.22807 -0.871058 70
-10.6333 -1.49554 70
-0.909286 0.0222562 70
-8.98654 -9.22867 70
-0.625929 -0.578472 70
1.29089 0.258475 70
0.473856 10.4798 70
-8.92851 10.3671 70
-9.36637 -0.0281176 70
-0.192095 11.1173 70
-0.270652 9.30619 70
-8.74545 1.41625 70
9.43163 19.1063 70
41.4981 28.6489 70
0.125132 -1.38456 70
0.169678 10.2729 70
11.3616 9.57239 70
9.4972 1.26826 70
-10.6357 0.771064 70
99.0206 20.4622 70
30.2573 19.3041 70
1.2559 10.2242 70
8.58415 -8.84254 70
-0.515394 9.18215 70
10.2389 -10.7388 70
-1.4443 0.1934 70
-10.6932 -9.8417 70
-0.163183 11.1116 70
-21.024 21.4178 70
-10.4875 8.87775 70
9.66035 10.4097 70
-8.57081 0.0132021 70
-0.742961 8.81008 70
-0.23898 9.28908 70
0.772557 98.5678 70
-10.6747 -0.531343 70
-8.85938 -0.424084 70
0.290568 0.248939 70
-18.9606 10.3184 70
-9.27321 29.17 70
-0.831711 8.81547 70
-10.2238 -0.479305 70
-0.730244 -1.4913 70
-9.32614 9.97692 70
-19.1427 11.1189 70
10.6535 -1.31418 70
1.13654 11.4291 70
-10.8293 -1.10286 70
-10.8765 -9.35365 70
-21.1101 29.0288 70
9.59391 20.6229 70
9.50854 10.6624 70
0.875742 38.5574 70
9.97767 40.3624 70
-31.2869 -1.22133 70
0.891149 -31.302 70
-10.5415 0.619591 70
-1.36467 9.74302 70
9.03798 11.2212 70
-1.12267 11.3229 70
9.41944 29.5645 70
110.396 -11.021 70
1.17557 -1.4211 70
9.43871 30.9222 70
11.3425 -31.1006 70
-10.8963 20.6874 70
-1.19209 0.790547 70
-9.58361 -20.5342 70
0.22443 -8.9413 70
0.685853 19.3158 70
-0.903588 20.6131 70
8.78837 10.637 70
-0.79513 -0.402814 70
11.3427 -21.1012 70
-0.828952 -1.3607 70
-10.1236 -0.00471465 70
0.0448956 -1.25592 70
-10.1839 21.0695 70
-0.133564 0.714834 70
9.79883 20.8415 70
-0.343577 -1.09966 70
-8.93803 -0.544594 70
-0.0414807 0.328533 70
-39.405 118.881 70
-0.200425 -0.659429 70
-1.43726 9.0514 70
-39.0458 20.8471 70
-20.3014 10.5172 70
49.2805 -10.6494 70
0.161976 8.58762 70
8.92331 -0.27008 70
0.405964 10.9167 70
-10.6939 0.167924 70
-0.988033 8.59854 70
-1.17679 8.95198 70
-10.6663 -11.1271 70
-1.42365 10.6107 70
0.0615342 8.77731 70
1.4269 -11.3608 70
-10.9547 -1.48639 70
-19.3094 1.29055 70
21.3187 108.557 70
-0.00281836 9.13807 70
21.1101 -11.4115 70
-10.2742 9.09224 70
9.88977 8.70611 70
11.0949 1.19388 70
1.25457 9.11159 70
9.12967 -0.0934623 70
39.3237 10.0651 70
9.2364 -9.95964 70
-9.6976 19.8746 70
1.04829 -0.22019 70
-1.36303 -11.1395 70
0.374244 0.759078 70
-0.282457 0.59149 70
-8.93269 11.3283 70
-0.513527 -0.600595 70
-9.0287 -10.0315 70
1.47584 0.644331 70
-41.1526 61.4352 70
9.40479 -0.598896 70
-0.0951438 0.372504 70
-31.4543 0.455566 70
-11.0518 0.012462 70
-29.9211 11.0855 70
-0.959208 -10.1018 70
-0.374393 11.3507 70
0.761899 1.05633 70
0.474197 0.611157 70
-0.129294 -1.02106 70
-9.77568 0.210856 70
11.4064 30.8343 70
20.1381 -0.166349 70
30.2836 -10.7872 70
-1.04002 -0.119738 70
1.06049 19.5239 70
-1.19386 19.2383 70
-10.328 9.26448 70
9.71042 -21.3781 70
0.395333 -10.072 70
0.145673 -0.418492 70
-19.7233 59.4169 70
-9.02779 9.44646 70
0.400551 10.3618 70
-1.39026 1.3333 70
-19.9372 -0.494171 70
-21.3368 1.36389 70
10.3483 -10.8284 70
0.818183 8.51128 70
-48.9113 -20.846 70
-11.2872 -1.18444 70
1.0939 9.76714 70
-8.83574 8.92312 70
-0.183547 20.3715 70
9.49132 -1.24641 70
-9.57437 8.8405 70
-10.978 11.2512 70
1.02891 10.0871 70
0.962671 19.2065 70
1.27527 0.75135 70
-1.36707 18.5467 70
1.16863 -20.3229 70
30.6126 0.978624 70
40.0111 -0.47704 70
-1.07832 -0.902947 70
9.92153 119.932 70
-10.1152 11.1428 70
1.31361 0.00297823 70
-9.60625 -1.46539 70
-19.0395 0.511854 70
0.624087 -0.971921 70
10.2576 18.8491 70
10.9851 9.31376 70
19.605 -1.31038 70
1.19087 19.044 70
10.9232 0.426212 70
-0.458005 0.226964 70
0.609822 10.4604 70
1.21789 10.9352 70
0.332223 -1.03622 70
-1.40741 8.53867 70
-0.544046 9.7923 70
1.21488 -0.382232 70
-1.39074 11.3248 70
11.2762 10.2059 70
-0.336125 -10.1727 70
-0.149215 -1.4645 70
-8.77802 0.546747 70
-19.0022 11.2596 70
-9.46442 0.227858 70
-10.9074 -11.1662 70
-11.1388 -10.9433 70
-9.60743 49.8759 70
-1.25345 9.68608 70
-0.576289 9.93769 70
-11.014 -11.3791 70
8.74225 41.142 70
-10.6932 19.162 70
10.861 9.72323 70
0.769374 10.72 70
-1.30752 9.74994 70
0.137005 -21.0654 70
-11.3797 18.5109 70
0.890597 9.1682 70
0.927947 -0.801895 70
-68.7352 -9.75847 70
-11.0734 49.9335 70
-9.53825 11.2699 70
50.6997 120.238 70
-1.31325 9.71569 70
0.587317 -0.696964 70
-10.0572 1.11342 70
-10.5594 -39.6186 70
-1.38251 1.39394 70
-0.047844 10.8701 70
11.451 0.246179 70
-1.27413 -0.989982 70
1.11268 0.437089 70
79.4228 -8.95634 70
50.5485 -120.458 70
-9.14761 8.65627 70
0.787276 1.41636 70
8.61563 10.3881 70
0.967484 -0.484359 70
0.279414 0.14627 70
9.90092 0.0843333 70
0.643548 10.0201 70
-9.37297 0.0914191 70
-11.1776 18.6893 70
-9.9811 0.810508 70
-80.5011 1.20775 70
-0.610418 11.2111 70
-0.00945906 9.63331 70
-20.9816 -0.458332 70
-0.94702 11.2681 70
-1.18198 10.8173 70
-1.12028 18.6527 70
-9.0529 -0.368061 70
29.7175 -18.6991 70
-0.257054 9.74082 70
0.728427 -0.534243 70
-10.7186 -0.848514 70
-9.41284 -9.971 70
-20.8461 10.3169 70
-10.7176 -1.05646 70
0.303528 0.8946 70
-20.7203 30.8041 70
-1.27437 20.617 70
-1.36265 -11.2553 70
-28.8841 30.421 70
0.245891 20.7446 70
-40.9717 9.65116 70
-20.3815 -0.145131 70
10.1271 -10.4613 70
-8.80714 20.9902 70
-9.98967 -1.04289 70
-10.6891 -1.05793 70
0.0215537 -0.652004 70
-11.3869 -39.0297 70
0.937862 -0.882404 70
18.7793 20.699 70
-11.1261 18.7304 70
8.80377 68.5858 70
31.1237 21.4455 70
-39.6063 -61.4876 70
-1.46045 8.89852 70
9.81969 49.6679 70
-0.339659 1.40995 70
-0.320403 9.15323 70
9.07395 -9.69637 70
-0.714779 1.19853 70
19.8024 8.98565 70
-50.3516 18.8059 70
10.3301 30.0658 70
0.354472 0.553233 70
9.15645 0.928522 70
19.9318 9.04762 70
-0.989843 -9.79736 70
9.93795 -28.8088 70
10.7185 0.738183 70
-0.279892 8.83819 70
-11.3032 19.0671 70
1.43792 0.848078 70
10.9383 -11.1256 70
9.08737 1.13756 70
-9.93844 -1.02924 70
-9.92154 18.6278 70
-19.8608 19.6295 70
10.9416 1.23631 70
1.43279 19.6741 70
-1.44276 -1.31432 70
-9.59204 1.07023 70
39.2281 59.5353 70
9.5032 -0.115311 70
-0.837673 8.80369 70
9.08917 9.02616 70
0.51645 -1.10892 70
19.7964 20.6942 70
1.17425 9.60166 70
0.223865 0.756393 70
0.6325 -1.2155 70
-10.5913 9.06238 70
-0.75414 9.85986 70
0.12382 9.56175 70
-18.6422 10.2823 70
0.286114 -9.17627 70
-0.329284 0.355361 70
50.9122 40.0482 70
-1.21663 10.767 70
-1.31845 0.664321 70
0.2117 -1.301 70
30.1532 8.71456 70
-10.253 9.35196 70
-0.531494 1.3362 70
-10.7528 8.5007 70
49.5033 19.2682 70
0.71096 -1.09382 70
39.452 8.71714 70
10.3478 8.60081 70
10.8486 18.9571 70
1.10633 11.0437 70
0.206025 11.4731 70
1.47618 -1.01145 70
-1.3249 -0.417242 70
9.71982 -0.615677 70
31.1248 21.2392 70
19.1288 20.8614 70
-11.4968 -0.633448 70
-11.3392 0.147572 70
0.971137 -11.1905 70
1.12994 9.79826 70
0.280302 8.54818 70
-0.735442 9.49504 70
0.148449 8.54618 70
10.4968 30.0436 70
10.4538 0.414834 70
-9.09711 20.4406 70
0.494651 -0.345625 70
-9.7563 -1.25101 70
-8.63798 -0.0817029 70
-19.092 9.94731 70
1.06581 9.58967 70
0.0281308 10.1312 70
0.984039 20.0573 70
-11.2312 9.722 70
-9.8504 19.0703 70
-0.383814 10.9203 70
8.65337 -0.924361 70
1.06949 10.7959 70
-0.95159 0.685698 70
1.10621 0.130089 70
0.967277 10.7443 70
-10.7781 -9.26277 70
0.446554 -0.584198 70
-10.4945 -31.089 70
39.7241 -59.8524 70
-41.4508 29.1506 70
8.95968 9.01172 70
90.7164 -20.9502 70
0.831803 -1.19724 70
8.96623 9.56575 70
10.8595 9.57395 70
9.87568 -1.13365 70
-89.2452 -29.0967 70
0.400258 0.647016 70
-0.946359 10.6464 70
-21.0968 9.53347 70
10.1881 -1.42685 70
-1.1835 8.97146 70
-0.796348 20.6882 70
0.412842 -1.44672 70
-20.8159 -30.5471 70
0.217431 10.3593 70
1.40166 -1.45394 70
-50.8466 48.6007 70
10.7297 0.773555 70
-1.04767 0.685782 70
-1.42796 10.1125 70
-11.1032 18.6548 70
-0.196896 0.706142 70
0.339643 19.1994 70
20.97 0.159965 70
10.5287 11.0484 70
8.53689 69.0041 70
9.0091 69.5079 70
-11.4051 11.2179 70
-11.1263 9.33075 70
-8.6157 10.2428 70
0.0201284 1.07875 70
10.7131 9.52076 70
29.5389 8.7525 70
-18.7433 10.7603 70
0.117738 -1.32904 70
-9.66487 0.519117 70
-38.6787 -9.56071 70
-19.6793 38.9857 70
-1.09583 -0.970063 70
-0.0900071 -0.257245 70
-0.662931 -0.242587 70
1.27109 1.17715 70
1.25517 11.1912 70
-0.259472 10.3109 70
-18.9788 0.616295 70
-51.0182 -0.192444 70
-0.00452719 10.4454 70
0.318568 10.9054 70
0.423501 -1.36975 70
-39.6775 20.8676 70
-1.17473 -0.799988 70
8.86691 -11.3774 70
9.13817 -98.5299 70
-10.1639 10.5533 70
-19.8639 8.64108 70
0.0711865 0.434139 70
-0.152857 -0.807668 70
-21.425 49.3486 70
-1.33876 0.812301 70
11.2631 31.1556 70
21.069 -19.1216 70
-28.9577 -10.4987 70
-1.04511 0.91134 70
-9.37507 -0.207198 70
0.26827 -1.36656 70
-9.20577 8.81223 70
-0.396457 -1.14784 70
10.4567 -1.45221 70
-11.1023 10.3345 70
8.83418 9.18677 70
9.75905 9.75211 70
-51.4354 90.0626 70
-0.440941 -10.3453 70
0.267922 18.6815 70
0.706133 9.93964 70
9.86849 -19.7176 70
0.96321 0.296868 70
18.8129 21.0573 70
-9.57817 -61.0744 70
1.32406 1.33866 70
0.830969 11.4622 70
-0.553623 10.606 70
19.6262 -29.5712 70
0.0653775 9.47997 70
-9.43418 8.83975 70
-8.68107 -19.1229 70
-19.3406 -70.4765 70
0.0759818 29.6596 70
0.566019 -9.46219 70
0.115689 -0.315738 70
0.11022 -10.7474 70
0.351035 9.98903 70
-0.396086 10.2978 70
-11.3676 -0.508412 70
1.43395 -0.451943 70
-9.76978 0.449394 70
-0.447371 -8.5556 70
-0.938118 19.7343 70
0.333476 -0.503836 70
-9.51203 -100.948 70
-8.71587 60.1961 70
-10.7721 11.1697 70
40.8726 61.3517 70
-20.377 18.9076 70
20.2219 59.6679 70
41.1938 -41.2526 70
-19.6748 20.1519 70
9.03511 1.36106 70
-8.84678 0.0497865 70
-10.325 0.500528 70
-21.4245 -10.4582 70
1.24722 18.5239 70
18.6045 0.778599 70
10.1643 -1.02108 70
0.71336 10.938 70
0.301272 -0.501138 70
10.148 19.2694 70
-19.4653 -29.7964 70
-20.8131 -9.73255 70
-10.3634 9.03266 70
0.474847 20.0149 70
1.26059 8.60148 70
1.44444 1.31344 70
-10.8738 10.0185 70
-0.239236 -70.9435 70
21.0495 9.72725 70
1.18661 9.29847 70
-10.7134 9.55954 70
-0.0605618 1.07119 70
11.4705 1.12651 70
0.601892 0.34625 70
-21.0837 -0.354001 70
-11.2585 20.3961 70
-0.643643 9.41812 70
-99.037 -70.8043 70
-0.797441 0.00672695 70
-9.68632 -1.1673 70
11.3037 9.45413 70
-20.4963 -0.278181 70
-1.32696 9.30236 70
11.06 29.5794 70
-39.0894 -10.3151 70
1.44697 0.914779 70
21.0708 -10.4176 70
-0.109844 -1.47003 70
0.198799 9.16916 70
-1.48569 10.1895 70
-0.57222 0.187902 70
-69.2932 31.3128 70
-39.4368 40.9749 70
-10.5527 1.07624 70
-1.26463 0.0549382 70
-0.788104 19.8592 70
0.703992 20.6046 70
-121.104 61.1661 70
9.48014 -10.9389 70
-9.94452 0.664979 70
30.8237 -0.625179 70
10.9867 -9.39667 70
-9.95988 -10.6516 70
-0.261358 0.00908571 70
1.29562 -1.03971 70
-0.865342 -0.142979 70
11.1823 10.5431 70
10.5864 9.85665 70
10.5914 0.935111 70
-11.4513 1.05666 70
31.0962 10.3807 70
-10.0769 -0.966715 70
28.6743 8.65338 70
-1.0734 -0.806803 70
-1.28994 10.39 70
-1.47116 10.0526 70
0.504858 0.548528 70
0.463111 10.0019 70
-0.746087 1.35201 70
-0.483246 0.0400161 70
-0.538945 -0.274054 70
-0.761941 8.77605 70
-18.6491 -0.264289 70
0.649408 0.46935 70
8.97882 -11.0836 70
-30.1045 19.8638 70
-10.0731 -1.11009 70
-41.0728 48.7472 70
-8.55273 0.608815 70
-1.49222 10.6305 70
1.25827 -1.39174 70
0.92738 -0.270185 70
-19.9596 -9.8472 70
20.6441 20.5321 70
-19.0306 11.0443 70
-0.869964 1.49078 70
10.6594 30.0326 70
10.6203 30.2884 70
0.253752 0.356796 70
-69.2707 -38.7881 70
18.9732 -18.7212 70
80.7361 38.8138 70
0.996226 11.3064 70
20.2828 20.8944 70
19.1759 -0.0548934 70
0.776597 -1.21894 70
1.28793 19.6612 70
-9.5686 -28.8392 70
-10.4498 10.4353 70
-0.234651 -0.415285 70
-59.9248 -31.0461 70
-10.4308 21.3401 70
20.5622 28.6784 70
-0.899948 29.9112 70
0.242538 29.9112 70
-20.1649 -0.878992 70
31.4835 -19.1516 70
11.4017 10.6084 70
-0.0298475 11.3163 70
9.35643 -9.73524 70
-30.4464 40.1256 70
-10.6038 -0.613154 70
-61.0688 -29.6637 70
-20.0727 -1.3802 70
-9.24935 8.89401 70
-1.42412 1.00071 70
11.0257 19.0889 70
-0.898046 8.56623 70
-9.25607 -19.1095 70
-20.2572 -30.3752 70
19.788 -1.33727 70
9.20298 11.2598 70
0.817621 -10.5348 70
-8.90295 18.5942 70
-10.0556 19.5407 70
-41.3293 40.1135 70
-0.888646 11.0423 70
0.43548 1.30205 70
-31.0167 -48.6979 70
-1.21402 0.791473 70
-10.6631 -10.3033 70
29.1807 9.81892 70
-1.41101 -1.26502 70
11.0848 8.6078 70
-0.43264 0.502014 70
-8.60145 -0.939002 70
0.909457 10.2741 70
10.0661 -20.6833 70
1.37315 8.80719 70
1.11208 10.4527 70
-19.0328 10.4844 70
18.9448 -68.881 70
-0.188928 29.6657 70
-9.47617 1.44913 70
1.20102 -1.06855 70
0.993606 18.9082 70
-1.4523 1.24312 70
9.36549 -1.119 70
39.5634 -51.2153 70
38.6283 -48.754 70
8.65623 9.54828 70
0.172794 -1.09153 70
-21.0506 -10.8106 70
50.7608 10.1322 70
18.7608 -0.92756 70
-8.85232 19.8127 70
0.00625652 9.40045 70
20.4684 -20.6996 70
-30.888 29.9181 70
-0.262139 -0.838577 70
-8.92794 21.283 70
-10.9142 20.0824 70
8.54703 11.1277 70
0.767949 -0.781668 70
-0.778894 -0.142803 70
-0.561426 1.31883 70
1.46481 11.0263 70
1.15474 0.951616 70
0.822902 -0.160718 70
-20.9474 -0.965337 70
11.4241 40.1455 70
-10.8515 11.2975 70
-0.794636 19.6633 70
1.16434 21.2288 70
0.569219 0.548832 70
71.113 -39.3725 70
10.3135 -1.12995 70
-0.594141 11.3187 70
-10.1625 -1.14026 70
-0.782616 0.510794 70
1.49571 8.85978 70
-0.181108 1.18813 70
-10.8067 -19.7447 70
50.0734 -69.3104 70
-20.3774 99.397 70
-30.8349 -1.3911 70
1.13553 -0.0517694 70
1.12133 1.4813 70
1.0584 11.1773 70
-1.34167 -0.771147 70
-0.180721 0.255079 70
10.0585 1.30085 70
-0.0412808 9.14402 70
0.389653 0.64896 70
-0.692478 -1.08045 70
-29.9211 -10.6745 70
20.5979 0.535815 70
-10.771 21.2963 70
11.009 -8.62987 70
-0.177006 -0.390419 70
10.5127 31.3269 70
-11.3343 -0.655896 70
-9.6151 9.97285 70
39.8995 -38.9094 70
-30.3182 -10.8477 70
-0.65854 0.339256 70
-1.41399 -0.682973 70
-11.2216 20.086 70
-9.73883 11.4302 70
8.80784 0.779352 70
9.11032 0.243738 70
-9.67335 29.8879 70
-0.123159 1.2303 70
-49.9182 10.4573 70
-39.4817 -0.574043 70
11.488 -20.348 70
0.431364 10.0038 70
-20.9888 9.83112 70
-0.0594684 1.11844 70
31.4137 20.6552 70
-1.05936 20.0269 70
-1.10757 10.3451 70
-0.365796 9.71345 70
-1.17468 -19.9052 70
-0.417548 0.433398 70
80.3037 58.9861 70
10.0072 -11.3769 70
10.0762 -10.0957 70
10.6558 9.88577 70
18.5711 -9.55209 70
-0.0114356 -0.997619 70
40.8406 -88.6289 70
-0.85809 9.41035 70
10.5721 11.3074 70
-0.922194 20.5468 70
21.4885 -21.2652 70
-9.49869 -29.1866 70
-29.3724 -10.5005 70
-19.646 1.22706 70
18.5392 -39.0483 70
-9.97793 1.21285 70
9.8862 0.276389 70
10.7817 0.486059 70
-9.09089 -0.502105 70
-0.23924 -0.70796 70
0.120721 0.818172 70
11.121 -1.12358 70
-18.7587 20.343 70
1.45925 11.2584 70
0.374144 -1.10468 70
0.70584 -0.158031 70
0.605182 11.2554 70
8.76882 19.0147 70
81.0921 -40.9168 70
-18.9423 -1.20441 70
-1.04377 0.454385 70
-1.49044 -1.37448 70
31.007 -51.0034 70
0.838659 9.71281 70
-0.65569 10.8289 70
11.3503 9.04946 70
21.4517 -30.0256 70
1.35134 0.544386 70
-9.24348 9.36981 70
0.314203 19.2752 70
-19.1185 79.6804 70
8.65161 -20.2467 70
11.2738 -18.8356 70
-20.2186 10.633 70
0.977839 11.1603 70
1.29008 1.36867 70
-9.09411 10.578 70
-10.6645 11.448 70
11.486 1.17583 70
-10.6429 0.997411 70
-1.26323 -0.923312 70
10.3913 -9.26405 70
8.69644 0.195982 70
-19.7819 19.7896 70
-19.1315 18.8931 70
-9.5999 1.14763 70
-0.54993 0.760761 70
20.5337 19.4069 70
-0.118228 8.76074 70
-1.23812 -1.25807 70
-0.526404 10.5046 70
0.724642 -0.323419 70
9.74287 1.32055 70
0.800069 20.9932 70
-8.52827 28.5805 70
-20.3223 -0.238836 70
9.81536 11.3889 70
0.690422 0.397617 70
