-29.7826 11.0603 70
0.638469 0.477562 70
-0.129276 -0.405802 70
-8.56048 10.4203 70
89.6272 39.592 70
1.07876 9.30384 70
-0.472596 0.0145072 70
-10.6987 11.1202 70
1.38599 0.919767 70
0.529115 0.125329 70
1.46271 -0.906007 70
1.47808 9.02578 70
-1.45949 19.6837 70
10.3109 10.0072 70
-10.0375 9.87938 70
-10.9229 8.89177 70
20.5031 -10.2079 70
9.08294 9.73312 70
-0.53842 10.105 70
-10.85 9.72442 70
-1.18545 10.4608 70
-10.5557 -0.306603 70
0.480405 10.5337 70
-10.666 19.6118 70
-0.902885 9.18681 70
-1.27564 -0.346386 70
-10.4777 -1.3532 70
-20.9305 0.861432 70
10.6126 11.4461 70
0.654544 11.3001 70
-10.9808 -0.677568 70
-0.168048 -59.906 70
-10.8101 -0.0960163 70
10.6626 11.1903 70
0.800737 -19.1499 70
-0.850215 -0.828496 70
-60.6542 -20.3524 70
-59.4142 -19.7658 70
1.36987 11.088 70
1.03101 10.5844 70
-19.4249 40.5661 70
-9.50671 9.03435 70
20.2385 10.2063 70
-9.93656 9.99739 70
-0.325893 1.41625 70
-39.3504 -18.972 70
-0.151149 0.40786 70
-10.1129 -0.52344 70
-0.383765 -0.314467 70
-10.6868 0.59352 70
0.391968 0.195522 70
9.29337 -10.9237 70
-10.2228 10.1126 70
-9.64105 0.441696 70
-8.75654 -1.00544 70
0.430572 11.3682 70
-29.8511 8.55811 70
-0.564277 1.18922 70
-0.334714 -8.8184 70
-21.0084 8.50734 70
-10.1804 8.63086 70
-111.122 119.291 70
-11.1343 0.168488 70
0.602895 0.587981 70
1.24942 9.54551 70
1.29121 0.566367 70
-0.85055 -0.316954 70
10.9977 -9.43586 70
10.9002 -9.62765 70
0.094183 9.14404 70
-0.324066 -1.12652 70
-9.28691 10.6562 70
-10.0192 0.534316 70
0.131905 8.56833 70
10.64 -10.7665 70
-1.2673 1.04132 70
0.740148 -10.4201 70
1.4905 9.7435 70
-9.79179 1.3551 70
-9.27005 -0.52647 70
-10.4359 1.16266 70
10.805 -0.280091 70
-1.06617 -1.43528 70
-10.7647 -9.07677 70
-10.3571 0.810085 70
-119.594 -58.5298 70
-8.68043 -0.275819 70
-1.40603 -0.685404 70
-0.959954 9.47475 70
9.70777 1.13542 70
-28.7546 9.79057 70
0.764184 20.6789 70
-11.4716 -21.338 70
-0.648542 0.989327 70
8.89317 51.0868 70
-1.41616 -0.565576 70
-80.1505 0.339648 70
-39.4041 1.37535 70
-0.825741 0.459263 70
0.267012 -9.55527 70
0.514052 0.158895 70
1.18436 8.5254 70
-1.23709 9.66424 70
-9.07152 -0.335211 70
-11.4206 0.142473 70
-9.69012 1.34825 70
-60.0237 20.0945 70
0.388398 -0.174519 70
1.33888 -18.8239 70
9.2083 -1.46419 70
-9.7732 8.87829 70
0.284654 30.6749 70
-1.48439 59.3894 70
-8.70223 -1.19219 70
-0.505465 -20.9856 70
-1.12215 11.2965 70
-1.36852 0.856794 70
-8.61379 0.44452 70
1.39659 8.55127 70
-0.124322 21.0818 70
9.5038 0.04456 70
-40.5897 -11.0638 70
19.8128 8.88016 70
0.411804 -9.89389 70
21.463 19.7884 70
10.7254 10.18 70
-0.274972 11.1433 70
61.0983 -30.4584 70
0.687199 19.0422 70
-19.7512 1.38238 70
0.529505 1.2538 70
-10.4403 18.8071 70
0.154142 -0.265973 70
-10.7593 9.59436 70
-9.70094 0.0728202 70
19.6659 -8.56115 70
-59.7369 19.7872 70
-8.71969 19.3142 70
-10.8886 8.6454 70
-8.95912 -1.31998 70
19.6961 -30.8344 70
-79.2483 40.782 70
-1.10479 8.91278 70
10.15 -0.678755 70
29.1161 9.5315 70
1.05701 28.9095 70
0.257758 11.2107 70
-11.143 9.80621 70
-11.1095 11.0042 70
0.194418 0.517431 70
-11.2994 10.7663 70
-0.599412 1.09914 70
8.96973 10.712 70
20.4973 -0.502617 70
-0.591169 -1.01308 70
9.86378 19.0401 70
61.1997 -0.274905 70
-29.6476 -39.1662 70
30.5895 69.6115 70
20.4922 19.9353 70
20.5478 19.4271 70
-20.1505 -29.4068 70
-20.1817 -30.9089 70
-11.1477 10.1383 70
-0.110894 8.52149 70
-0.867279 1.21012 70
-50.1545 -1.05407 70
-11.0365 10.0099 70
0.551183 0.833122 70
-18.8979 -10.2354 70
10.7343 0.929724 70
-20.1447 -8.54027 70
20.8634 -0.3956 70
-8.70702 -0.34958 70
20.6681 100.61 70
18.8521 99.319 70
-10.3942 9.76779 70
-9.30072 0.740101 70
-9.33377 1.15603 70
-1.30522 1.26061 70
-8.83212 10.3912 70
-18.5466 8.72836 70
0.100353 8.98207 70
-0.80066 1.2784 70
0.552582 9.45483 70
1.03264 -1.06867 70
0.839057 -0.14536 70
0.656554 -0.594364 70
101.401 91.0719 70
9.01664 9.34772 70
-11.3317 0.261392 70
9.16127 0.519586 70
19.1144 -21.3845 70
1.10975 -0.798395 70
8.60091 20.3231 70
-9.74055 9.35481 70
0.637307 -1.13206 70
-10.4828 -0.00575627 70
-8.97894 0.764001 70
-0.820615 -1.08045 70
0.269786 0.672255 70
0.432193 1.00605 70
1.45142 9.03481 70
-19.457 -90.9687 70
8.61384 9.95101 70
-8.96127 -10.2231 70
0.955368 19.1769 70
1.31424 -9.93886 70
-1.31474 10.8276 70
-1.36334 1.18894 70
-10.1381 -0.538131 70
19.8096 10.9771 70
-11.4782 9.42275 70
-1.19986 31.427 70
8.50233 -68.7488 70
-1.07293 -0.58871 70
0.0294159 -9.21643 70
-19.7603 -0.878666 70
-11.1677 1.24867 70
-19.8762 0.543809 70
-9.14026 11.4674 70
-20.1337 -0.298243 70
9.65376 19.2094 70
0.537516 1.35355 70
-8.96371 10.7364 70
1.24593 10.8231 70
-10.334 -20.2582 70
11.4381 -9.18779 70
-10.7451 -19.6558 70
-1.1699 10.3651 70
-0.482206 9.69942 70
0.55656 -1.09338 70
-71.0879 120.005 70
0.307092 0.96181 70
48.849 18.6602 70
49.1999 20.6818 70
0.170692 -1.04498 70
-11.0749 10.1336 70
-10.7955 9.1682 70
-0.0938948 0.110501 70
-50.0728 -10.513 70
-18.7897 10.8833 70
-0.195674 -0.994276 70
-0.554978 -1.23567 70
-9.97373 0.704026 70
-8.64518 19.4317 70
0.0607177 -0.211554 70
-9.84144 1.32173 70
-1.12922 8.65338 70
29.1973 -1.02527 70
-20.705 10.2198 70
-11.4215 11.1659 70
-10.3355 10.3699 70
-38.5949 -68.5937 70
-0.014881 0.989845 70
-0.363531 0.528084 70
-0.0342598 -9.07734 70
0.559059 20.3244 70
-0.874513 -0.772118 70
-9.92407 1.02422 70
-20.199 19.9293 70
0.763959 1.10279 70
-9.90478 20.8342 70
-10.7065 19.7957 70
-0.236015 -29.9803 70
-30.3282 1.45573 70
-11.1718 10.9153 70
-18.9148 8.88271 70
0.374398 10.4206 70
0.196827 10.8935 70
-20.4419 -30.7851 70
-1.39448 9.68601 70
1.03516 0.672758 70
-0.593157 9.84773 70
-9.2332 1.39078 70
-9.8514 -0.399344 70
0.887495 10.1317 70
-19.5779 -19.5789 70
1.45994 0.251008 70
-20.9218 -0.926488 70
1.2249 1.06118 70
-9.76903 -10.7065 70
-0.87911 39.0439 70
60.0681 -9.43488 70
-9.70991 0.620718 70
-9.96281 1.16698 70
0.0366541 39.9761 70
0.017097 40.4894 70
-0.187162 41.3922 70
9.1738 20.6359 70
-10.6018 9.28723 70
-9.04092 -10.3692 70
-11.2067 -0.640306 70
-9.77915 1.26705 70
-8.65946 11.0149 70
-9.23592 1.13991 70
0.475965 -0.913027 70
-9.02283 0.360688 70
-0.0645115 0.401944 70
-1.00617 -20.2926 70
-0.479217 10.0517 70
0.724351 -10.5893 70
0.715045 8.69718 70
-0.542076 1.28237 70
20.4606 -10.9939 70
-0.106067 10.9038 70
-41.4548 -90.616 70
-8.90529 -10.1027 70
0.833382 9.72613 70
-20.4505 1.38606 70
0.713338 -1.24495 70
-19.9646 21.106 70
-1.28958 8.76767 70
9.67535 -1.14573 70
-10.6107 0.379299 70
-19.1902 -40.4127 70
29.8756 -18.5191 70
-8.78408 -1.43726 70
-29.7828 69.6188 70
-49.0518 -11.0087 70
-9.02785 9.29365 70
-9.03301 10.7216 70
-30.6418 -1.18332 70
-10.9093 70.0308 70
0.633909 10.9701 70
19.8348 -30.2424 70
-0.986705 10.3709 70
-9.19402 -0.967797 70
-8.54289 -0.603585 70
1.09673 1.19635 70
-18.8522 28.5228 70
-0.190257 0.327477 70
-9.94445 11.4211 70
-9.63659 -0.725921 70
-20.0467 8.60446 70
0.625004 0.973536 70
-19.9307 1.01919 70
-19.4408 -10.9829 70
-0.716637 0.971878 70
9.29187 29.7832 70
-0.579784 20.5585 70
-11.3466 9.52379 70
0.0023336 10.8818 70
-0.274454 9.09967 70
-0.105862 -0.0912535 70
0.251547 20.4515 70
-11.3187 19.1733 70
-9.43886 0.607819 70
-8.98229 0.440469 70
9.02994 9.75912 70
19.8909 -0.753058 70
0.627202 0.903643 70
-11.1197 -9.82376 70
-9.67206 0.246157 70
-1.31685 0.723799 70
0.372116 -1.18089 70
-0.776957 0.487856 70
-10.2674 -10.0178 70
-0.462145 10.6876 70
-0.198477 1.38836 70
-18.5858 8.92628 70
-10.9231 0.660687 70
0.785601 11.4365 70
0.883245 8.95342 70
-0.0559437 0.274439 70
1.28883 0.0762022 70
-8.82788 -0.843708 70
20.3741 -9.86951 70
-9.23843 -1.03302 70
-11.1447 -1.02793 70
8.9169 -9.2275 70
-9.19221 -19.5999 70
1.21163 0.79084 70
-9.17252 9.15807 70
-10.895 10.8242 70
19.7528 -1.40568 70
1.22591 11.2191 70
-20.2571 -1.49699 70
-9.08816 8.51104 70
-0.184082 11.3026 70
-10.0974 11.3202 70
0.362335 51.3432 70
-1.2818 0.28491 70
-18.8612 10.9276 70
-20.2592 -9.68095 70
-9.96415 19.0661 70
-9.03563 10.2136 70
0.0805307 19.8126 70
1.48334 -0.556598 70
-8.94006 0.989159 70
0.741893 0.795118 70
-10.06 -0.637098 70
-10.4551 11.2361 70
-0.104066 -18.7737 70
-8.61609 -0.220733 70
-0.198385 9.74465 70
-10.8504 -0.831651 70
-11.0943 18.838 70
-9.35653 10.1114 70
-20.7262 -40.3026 70
-9.02092 -11.0633 70
-9.32353 0.978168 70
-8.8008 -9.31685 70
-10.5098 -1.29132 70
60.1052 -31.4018 70
58.709 -30.7822 70
9.41115 10.0206 70
-21.0334 -31.2659 70
1.28221 1.22394 70
10.1082 39.363 70
-21.3272 10.7116 70
-11.4919 -0.183865 70
-19.6032 -18.8208 70
0.59265 0.555982 70
-0.617311 -1.1751 70
-40.3215 -19.086 70
-11.1379 9.66727 70
9.24866 18.5354 70
-0.951174 -11.0024 70
-10.6867 -0.642627 70
-8.58515 1.42373 70
-1.35848 -1.08829 70
10.333 8.96019 70
1.40883 -9.06423 70
0.312206 0.153846 70
-0.524173 0.479005 70
-51.1803 -49.8391 70
-38.6575 -9.79931 70
-11.3955 -0.710755 70
-41.3769 -19.714 70
-8.76254 11.198 70
-21.3052 29.725 70
0.871902 8.97213 70
-1.46251 -0.698671 70
-0.127073 0.829464 70
0.842621 0.565427 70
-48.8942 -10.9517 70
-69.0593 30.075 70
-10.6313 9.68372 70
-11.2363 0.407026 70
0.188973 0.473994 70
-10.4765 9.82726 70
0.0104161 8.9669 70
-0.893443 9.09053 70
1.12472 1.26027 70
-10.7361 10.9382 70
11.1781 29.0383 70
-10.9518 0.216045 70
-1.18803 1.05394 70
-19.9402 40.6452 70
0.580014 20.8046 70
-31.1078 -18.6827 70
-30.3611 -1.44846 70
0.25078 -9.1453 70
-9.82373 30.2043 70
-0.739812 -0.231316 70
-8.91872 1.23573 70
0.736634 -0.239907 70
-100.79 -31.4367 70
0.848796 0.85383 70
9.64408 -10.9323 70
-0.751162 9.25187 70
-0.525665 10.8208 70
-10.8927 0.505184 70
-19.2709 9.20615 70
9.20739 -1.10049 70
-1.47249 10.6129 70
-0.24288 8.95439 70
1.19091 0.784158 70
1.35525 -11.4005 70
9.49876 10.8087 70
-8.87455 11.1843 70
-1.14608 30.899 70
-9.39892 -0.0329845 70
-0.292537 8.82939 70
-40.9202 31.173 70
11.1909 10.9269 70
19.9365 -9.39024 70
59.664 10.9342 70
-19.3366 0.549372 70
9.61394 9.84963 70
-10.4581 -10.9383 70
-8.73241 -1.30018 70
1.13355 10.6304 70
-10.5689 8.69243 70
1.08965 -0.136101 70
10.1933 9.19832 70
-10.8872 -0.100787 70
-18.7916 -8.57082 70
1.16952 0.682922 70
20.0575 29.9007 70
-10.0853 -0.0441327 70
-9.30805 -0.991803 70
-20.1732 -8.78635 70
-1.08281 0.0405352 70
-0.548891 -1.22542 70
0.595489 8.74733 70
-9.79305 0.436724 70
-11.3563 9.91814 70
0.631855 -1.46387 70
0.343779 0.514885 70
0.575354 10.6358 70
8.62126 -40.9314 70
1.04825 0.686711 70
-79.5904 1.05401 70
30.2543 38.9137 70
-0.886552 -0.330183 70
0.728104 0.789866 70
-0.781334 -9.91446 70
-9.077 -0.764972 70
-10.2734 -0.530305 70
-10.8538 18.5779 70
0.787668 -1.23235 70
-20.9068 0.221941 70
-38.6952 31.1759 70
0.695628 10.3273 70
1.34097 -0.768664 70
-9.12129 11.1441 70
-9.20321 -9.01117 70
-21.3901 -9.29521 70
21.0239 -40.7597 70
-8.68047 8.62363 70
-0.038995 1.03821 70
8.79548 8.83358 70
-1.27237 9.42792 70
-9.02155 -1.27924 70
-19.526 -18.983 70
-8.69445 9.41968 70
-10.662 9.31223 70
-8.55633 10.695 70
-20.1203 -21.3834 70
-39.928 -19.4728 70
-11.4167 10.9877 70
-1.13581 -1.14382 70
-11.3931 -8.70064 70
0.432759 -9.62283 70
0.791452 1.24048 70
-8.57002 11.3264 70
10.7696 10.1948 70
-19.9517 18.7528 70
-11.2475 10.229 70
0.792544 10.4113 70
-8.51931 -21.1904 70
-39.7397 68.7598 70
0.497628 -9.83311 70
-10.8905 0.390526 70
19.952 10.815 70
-9.44824 -1.34227 70
0.413676 10.6977 70
21.4404 9.21398 70
0.605405 -0.972383 70
-9.84461 0.827607 70
-0.657395 -21.3135 70
-10.0332 -1.2803 70
11.472 0.152169 70
-30.2578 -18.8005 70
-20.7776 21.3559 70
1.14059 -1.21421 70
-60.2677 8.56464 70
1.34286 10.9331 70
-0.367696 -0.285715 70
1.40969 0.405371 70
-0.828847 -0.994802 70
-10.0975 10.6344 70
0.0265478 20.6109 70
8.5903 8.93748 70
0.534417 -10.4741 70
-8.66747 -1.0194 70
11.4775 -0.65127 70
10.5578 0.917238 70
-0.364565 9.88614 70
8.718 18.7945 70
-9.45033 1.31997 70
-10.423 0.453825 70
-10.0553 -0.595739 70
-10.9498 11.2044 70
-11.2295 1.44917 70
-0.0960569 1.24338 70
-1.07557 -8.59104 70
-9.73477 -1.30171 70
-0.535263 -0.611663 70
-0.702151 18.8048 70
-19.976 9.81087 70
11.003 -29.9641 70
0.625168 -0.978625 70
9.11558 -0.31167 70
10.8724 0.753733 70
9.09501 0.75769 70
9.18907 -0.568748 70
-19.4982 0.766477 70
-19.6056 -9.64295 70
-8.59509 10.2843 70
-50.6925 20.2315 70
-10.0041 -1.01013 70
10.0353 10.6362 70
0.388774 0.8786 70
-1.02648 -1.42057 70
-10.1749 10.2009 70
-0.488342 8.69808 70
0.382297 9.26317 70
-10.6831 1.00625 70
1.24393 -1.33973 70
-10.269 10.1826 70
0.875501 9.80212 70
-9.55512 10.9265 70
-0.203125 1.20273 70
-0.386311 -0.493744 70
-10.4086 9.08575 70
-31.0244 -9.30369 70
-8.79614 -11.1539 70
-11.1104 -0.369309 70
-1.04315 0.115186 70
-19.3561 19.0704 70
-10.7045 19.8426 70
1.01585 9.13704 70
-21.3806 31.4055 70
9.28502 -30.3917 70
-9.65846 -0.33524 70
-10.5869 0.942947 70
1.1668 1.13466 70
-9.72242 -11.3802 70
0.456487 0.201038 70
-20.2012 -8.7335 70
-18.8846 -11.2981 70
-39.5961 -19.1825 70
0.295354 30.5881 70
-31.0722 28.7073 70
-0.784135 10.3256 70
-30.2114 -0.396915 70
-39.9114 31.3233 70
-20.0148 19.8981 70
19.7209 9.3728 70
18.7618 10.3981 70
0.787428 -30.9631 70
1.03179 -30.9347 70
10.7181 40.7199 70
10.1233 41.3406 70
11.0054 41.1036 70
-9.65313 0.787132 70
0.286675 9.5015 70
0.0600405 10.9092 70
-1.42419 11.3087 70
1.28504 -0.0516057 70
-20.9971 58.6297 70
-8.97531 -9.3824 70
0.192039 28.616 70
-29.0619 20.2338 70
-0.327872 19.5449 70
8.86422 8.63226 70
-8.714 -9.72616 70
-9.23593 -20.5171 70
-0.216364 -1.25918 70
1.19863 1.31948 70
-8.67021 -28.714 70
1.45064 9.80038 70
1.25018 -0.422617 70
-10.8711 1.26426 70
-8.96972 11.3227 70
0.938886 1.16033 70
18.7919 21.3005 70
-0.95281 -0.400725 70
19.7332 21.1929 70
