0.512319 -0.190926 70
-1.21785 1.01958 70
10.3267 9.04262 70
-0.33854 -21.3941 70
-10.5624 1.4719 70
-9.60717 1.18253 70
0.967295 -0.899463 70
1.40132 9.81479 70
19.7404 -0.176244 70
18.8519 0.342615 70
1.18337 9.60631 70
0.596158 -0.250683 70
-0.503592 -1.42349 70
-9.21187 -11.0912 70
-1.06045 1.21108 70
-19.9508 0.2589 70
90.5169 -81.1919 70
-8.91321 29.9209 70
10.0398 -1.17914 70
1.40883 0.632077 70
0.176242 0.352113 70
-1.30391 -0.506023 70
-9.62806 9.70459 70
-8.8112 9.43892 70
-21.1753 9.90569 70
0.198524 1.13627 70
-0.87559 10.0565 70
0.942607 0.426653 70
-0.192454 -0.467763 70
-1.11017 0.651 70
-0.750237 -10.7506 70
9.82934 -0.381106 70
-8.54519 -39.6262 70
10.0581 -1.38707 70
0.479801 9.66745 70
-11.0398 -0.843986 70
1.23779 9.19425 70
19.8941 11.4471 70
10.5088 9.59802 70
0.397198 9.33253 70
-8.78981 -9.45935 70
-40.7843 -30.1772 70
19.4932 10.4461 70
1.13167 1.17505 70
9.28941 -1.29186 70
-0.892744 -0.75885 70
1.13882 -0.654163 70
-0.052981 -0.661448 70
-1.16073 10.7858 70
-9.10112 -0.621382 70
0.685931 -0.877409 70
9.72921 -1.13322 70
-0.386958 -0.317219 70
-0.894319 -1.30236 70
9.06492 19.9656 70
-11.4166 -9.08311 70
0.413871 1.27978 70
1.19765 0.261303 70
-0.648676 1.24511 70
0.00824964 -0.7528 70
-40.8757 1.41558 70
70.2874 -10.3287 70
11.3304 9.113 70
-1.41063 -0.620786 70
-0.972069 0.674406 70
-0.334295 1.49201 70
-0.400368 31.2098 70
10.4976 10.3316 70
-0.55008 -0.933597 70
9.08353 -9.029 70
-0.11093 -0.0139123 70
30.5456 11.0822 70
0.466169 0.678746 70
-110.159 -40.9792 70
0.486741 -0.688265 70
10.8837 0.499853 70
-0.784959 0.84407 70
-0.9866 1.1774 70
-0.602492 0.54275 70
-10.1173 -21.2816 70
-1.01763 0.457471 70
0.821653 1.36195 70
-1.14136 1.10022 70
0.699983 9.30437 70
-10.48 10.8446 70
-29.0919 10.6161 70
-8.78702 0.584927 70
-1.2348 -0.846447 70
-9.67416 11.0702 70
-11.4954 -11.4692 70
28.6331 -11.1227 70
-48.7686 18.6208 70
-9.46852 0.765512 70
0.524242 11.1939 70
8.58392 9.2642 70
10.0617 8.84157 70
-9.06018 9.56246 70
-30.5534 18.634 70
0.34825 -0.100852 70
-0.163181 0.103665 70
10.2285 -10.2382 70
-19.0635 59.6832 70
10.5935 -10.5619 70
-0.539839 -0.740069 70
10.9129 -10.9993 70
19.4394 -10.0495 70
-1.08076 0.945493 70
19.7718 10.4164 70
19.7014 -0.486207 70
-9.04544 -0.211952 70
-8.60729 18.7913 70
29.0451 -10.7965 70
0.990228 0.746146 70
-39.4431 -19.481 70
-0.648332 0.463251 70
0.303047 0.876408 70
-10.3316 -0.761181 70
10.2907 -10.5289 70
0.160687 1.18511 70
-0.439645 -1.40256 70
-0.739719 0.537851 70
-9.64717 10.1301 70
-10.2804 9.9606 70
-1.14655 -0.74633 70
20.3073 -9.48314 70
9.10613 11.3818 70
0.143962 -1.48658 70
8.67131 -1.25536 70
1.26984 -11.387 70
-0.439121 0.576083 70
11.4037 29.8904 70
9.90156 11.425 70
1.12898 0.980093 70
-0.217202 8.90187 70
0.993491 -0.12491 70
-11.4147 -0.149096 70
1.15216 0.713078 70
9.5773 8.63427 70
8.61583 -0.677825 70
10.4926 -0.939306 70
8.71213 -0.142233 70
69.0991 -10.935 70
-0.774138 8.76099 70
-1.0021 -1.3012 70
-0.269941 0.280633 70
-1.39282 -0.133742 70
-0.35073 1.34353 70
10.2624 -10.0552 70
9.31886 1.1564 70
-0.0430504 20.8788 70
0.720296 -0.524253 70
-1.48385 -0.831477 70
19.4739 10.542 70
1.21673 31.1249 70
-10.4151 -30.3448 70
-21.4268 -1.00825 70
-10.7366 -9.20693 70
8.78962 -0.398191 70
-1.2683 -0.589757 70
8.87044 -0.0248267 70
0.421773 -19.0449 70
10.4542 10.0685 70
11.235 9.87471 70
9.32997 9.13922 70
-0.32519 0.459914 70
-19.3214 -10.7829 70
-9.06513 -9.32652 70
9.23635 19.4303 70
19.0476 9.52813 70
0.208811 -0.969101 70
-0.416895 -0.560611 70
-31.1401 119.929 70
-0.279703 -20.7826 70
1.01081 48.8083 70
-1.32955 -0.482963 70
-30.5856 -18.8795 70
9.51709 0.220436 70
-1.39807 0.686634 70
38.789 8.56832 70
-0.332345 -0.879579 70
0.778672 -1.47722 70
0.547124 1.14631 70
1.24726 1.21097 70
-0.495845 -11.0404 70
-10.5358 -0.745841 70
10.6419 11.2809 70
-0.5726 11.4438 70
-0.266467 -1.17668 70
9.94863 1.49073 70
-0.785471 11.4025 70
11.4147 1.40902 70
-20.8615 39.9837 70
1.00312 0.485255 70
0.948288 9.97805 70
-8.7669 -9.40673 70
-19.8581 -9.02033 70
1.24257 -11.4999 70
10.0238 18.6301 70
-0.984829 0.889172 70
-0.71026 -0.27612 70
-60.7927 -9.8926 70
-58.8398 -9.22366 70
0.0455134 0.980922 70
-10.8937 0.332592 70
1.33154 -0.0461483 70
9.65155 -10.7414 70
0.554637 -9.10933 70
0.457431 -1.13991 70
8.63698 0.245516 70
-0.266365 -0.365829 70
0.831276 0.850568 70
-30.0446 -30.8984 70
-11.1396 10.9375 70
9.48344 9.80177 70
-0.646437 0.108961 70
-1.13668 -0.187929 70
-1.0881 -0.0932862 70
-1.09721 1.248 70
-1.02722 0.716098 70
0.100621 10.2373 70
1.04921 9.42839 70
0.365851 -9.55848 70
0.15401 -9.03169 70
-1.05522 -1.1507 70
-0.119173 0.247616 70
8.6779 0.23029 70
0.767125 0.284883 70
-0.0454271 -1.22544 70
10.7111 -10.9715 70
-0.56182 9.6402 70
9.33714 -1.08128 70
10.0173 -0.337237 70
10.5164 0.149921 70
9.45426 19.1623 70
10.7647 -10.1328 70
-8.67062 -0.573226 70
0.0103066 11.093 70
10.8861 -20.4652 70
-1.032 1.01571 70
9.37551 10.9995 70
11.224 8.58738 70
0.179568 21.4473 70
-1.10743 -1.00238 70
50.9552 -1.41598 70
-19.6974 -58.6516 70
-38.9972 -0.900104 70
-39.4533 -0.451746 70
-0.806811 9.99553 70
0.432333 10.5369 70
0.464591 0.0786722 70
-0.95008 0.40375 70
-0.191594 1.26683 70
-1.0066 9.30596 70
-1.22586 9.40809 70
28.6155 19.1654 70
-51.0336 -40.2015 70
0.392022 -1.05557 70
-1.10833 -1.26771 70
0.161285 0.160788 70
-9.56533 -8.67207 70
-0.74156 -0.813847 70
-9.49828 8.56711 70
0.563176 10.6697 70
-1.23768 0.532412 70
-8.66055 20.8047 70
-0.913507 0.275208 70
11.3645 18.8429 70
-31.1411 0.0845313 70
-0.907455 -9.29682 70
-0.817177 0.773658 70
-9.2149 0.195946 70
0.0675215 -0.654908 70
-31.2515 20.1164 70
-60.6767 0.724338 70
1.05139 1.41076 70
-0.140856 9.59626 70
-0.405249 0.409476 70
30.8554 -10.8694 70
-9.19317 10.1042 70
20.4098 19.4879 70
9.95611 -1.29693 70
0.602252 -1.06237 70
-8.51466 8.59408 70
1.36291 -0.0952721 70
-1.01953 1.24275 70
-0.716151 -0.494675 70
1.35484 10.5143 70
0.769506 -0.850631 70
-11.1252 -0.691315 70
-0.55408 1.4739 70
-10.0442 -8.98273 70
-9.35642 1.20085 70
-50.2062 11.2115 70
29.7504 50.9618 70
29.5716 51.0972 70
-19.4032 11.4678 70
-0.763129 -29.6716 70
-10.4081 9.20071 70
-19.2714 -0.815731 70
-0.927439 10.5381 70
1.35183 -0.50088 70
-8.58406 -19.0939 70
-31.2503 0.200974 70
1.39348 0.156151 70
-1.10195 -1.20133 70
-1.45308 30.0327 70
-10.8469 -10.1743 70
1.28442 -0.477581 70
0.906554 0.778823 70
11.4892 8.96276 70
-9.51239 -0.256823 70
-8.73485 -9.49326 70
0.415814 1.04333 70
1.28531 10.3398 70
-20.0282 -0.621589 70
-10.0233 -9.05408 70
1.2554 -0.181029 70
-0.496667 1.16991 70
10.3621 18.8958 70
-20.2176 50.0477 70
-0.969467 -0.634089 70
-1.02568 0.041431 70
-0.489414 0.346061 70
1.44632 0.983493 70
1.21036 20.3266 70
49.2408 19.7242 70
-1.4131 10.334 70
-9.6058 0.345137 70
-1.07087 9.02237 70
-0.275918 9.48116 70
-0.187638 0.709137 70
-1.2057 0.749356 70
0.81692 -0.118787 70
9.23039 -0.0311052 70
0.0371881 60.0095 70
-0.387622 -9.73527 70
-0.191901 -1.44285 70
0.0800813 9.15492 70
0.661527 0.457597 70
1.19325 -0.720975 70
11.1906 1.38325 70
-1.30151 9.3271 70
0.25942 -8.51039 70
1.21006 0.224847 70
-0.601675 -0.0895418 70
10.6771 -9.73203 70
11.4755 -9.14179 70
19.4483 10.0948 70
9.32276 0.872305 70
10.7357 -9.10058 70
9.56094 -0.782614 70
-9.47538 -21.1082 70
1.1541 -0.0972616 70
-0.673886 -29.2078 70
-1.02242 0.0929763 70
-19.3599 0.935444 70
-21.3459 0.0161373 70
-9.82444 30.7253 70
-11.3526 31.1559 70
-10.9224 29.1414 70
1.30437 1.35579 70
1.43219 -0.706867 70
-0.643643 1.48972 70
-21.3984 1.03675 70
0.153401 -1.35248 70
10.0201 -9.38832 70
11.0354 -8.75186 70
10.9004 -0.0618863 70
-0.55307 9.03714 70
-0.541939 9.76438 70
-49.9793 9.50971 70
18.8626 19.8027 70
19.9551 19.1823 70
1.19067 -1.33448 70
0.405385 -0.261876 70
10.9145 -9.62963 70
-0.810929 -9.59165 70
10.7197 0.272349 70
-1.28859 -0.164463 70
0.152942 0.845556 70
-8.51981 -31.1365 70
-0.904893 10.2977 70
-8.91862 8.90239 70
40.0977 -10.5292 70
0.715805 -20.4767 70
0.0171578 -0.170982 70
0.12636 -1.06145 70
0.839777 -89.8568 70
10.8209 9.76827 70
-0.704948 -1.25703 70
0.253285 8.89 70
-0.0457208 10.4497 70
20.7392 50.1772 70
-0.432596 1.2844 70
-9.30026 -0.751666 70
-0.180408 19.5246 70
0.68684 0.505487 70
20.198 19.9273 70
-0.245683 -0.0187897 70
-0.434278 -0.56859 70
-8.71792 10.0306 70
0.749664 -0.387679 70
-0.31359 1.22179 70
-20.2977 -10.0097 70
10.7804 -9.31321 70
1.46624 9.41767 70
1.43248 -0.155702 70
-9.73773 0.360295 70
-1.40999 1.05191 70
9.67068 -1.42224 70
-0.63102 1.1137 70
11.3091 9.00949 70
9.4193 9.35237 70
-1.35709 1.11106 70
-69.0479 50.3195 70
9.06873 -10.2039 70
11.1989 -30.4557 70
-1.24649 10.1693 70
0.0992513 9.54912 70
21.1177 11.178 70
-8.86033 11.1137 70
-0.0656142 0.403297 70
-11.0894 9.97201 70
10.5573 -0.608245 70
9.53791 11.2195 70
9.8648 -19.6072 70
-9.80099 -0.916017 70
-1.31419 8.60284 70
-0.081192 -0.81016 70
-20.8767 10.7649 70
1.39738 0.0975732 70
0.303193 -0.635201 70
-0.239577 -1.40814 70
-1.39125 -0.71093 70
-0.0487196 9.27879 70
0.577219 8.75041 70
-0.623583 -1.02308 70
-0.307544 -11.0611 70
0.545043 -0.507811 70
-28.9776 -19.191 70
8.77673 19.7488 70
10.756 -19.4714 70
-11.4927 -0.68548 70
1.13974 0.812219 70
-0.15225 8.60776 70
0.0112739 -0.973336 70
-11.1476 9.191 70
1.19089 0.557312 70
0.989818 9.61186 70
-10.4747 1.38745 70
-19.0233 -0.977911 70
-0.739863 -1.1934 70
-8.75807 20.9502 70
0.740809 1.21004 70
1.1924 1.40018 70
19.3934 8.62188 70
51.4634 -71.2328 70
-0.580829 -10.5399 70
1.02145 10.3846 70
-0.791335 1.42471 70
9.22467 0.540812 70
0.984354 1.30398 70
0.303148 9.87426 70
-1.40638 0.911319 70
-8.89491 -9.99284 70
-9.48954 -9.76317 70
0.433588 10.7459 70
21.4077 0.899127 70
20.5555 0.551276 70
21.1535 -49.2793 70
-8.6409 0.973389 70
-11.3186 0.266757 70
-19.7874 21.2343 70
-0.745424 -0.864772 70
0.984116 0.454337 70
-1.2837 0.0567348 70
19.4368 -11.3716 70
-10.0444 -0.872403 70
10.5831 -1.33009 70
30.3858 -10.584 70
-1.45275 0.974745 70
-1.4323 8.84844 70
-19.0193 11.4884 70
-19.9481 -10.5644 70
0.362084 -19.3282 70
0.070918 -11.1018 70
0.049347 8.89588 70
-9.93115 -0.462351 70
40.8285 -79.741 70
-1.35512 0.293841 70
-0.771919 -1.33283 70
-0.912227 -0.0202126 70
29.8096 31.0989 70
-39.6448 -30.3891 70
-0.477778 -1.14077 70
29.0883 80.5673 70
-0.869896 10.4003 70
8.9762 10.2036 70
28.8236 11.3455 70
41.4733 -8.90931 70
-0.0261012 -0.638297 70
0.718229 1.20339 70
-38.6956 40.8916 70
0.730171 10.58 70
28.507 20.2771 70
0.951852 -10.129 70
19.0798 8.52526 70
-18.589 19.4787 70
-41.0082 30.6132 70
-10.8401 -0.253047 70
-40.0543 -9.12239 70
-0.811157 9.12946 70
0.034297 11.3919 70
-0.846962 -1.27623 70
0.763713 -0.945641 70
9.0945 11.0275 70
1.18794 0.649129 70
-1.07299 0.830629 70
0.911532 -0.374232 70
20.3914 -29.2785 70
-1.22144 0.528433 70
-0.959973 0.767124 70
11.4182 9.31988 70
1.38135 10.5773 70
-28.6183 -9.58614 70
30.8941 -0.415667 70
9.02414 -9.43972 70
-1.27463 -0.724807 70
-0.751445 -19.2494 70
1.03407 -19.601 70
0.105295 0.573227 70
-0.313775 0.183086 70
1.2196 11.1532 70
-1.32836 -0.0125351 70
0.104032 1.43602 70
-10.4794 9.32812 70
0.76592 -1.3911 70
19.117 -19.1431 70
1.1009 11.4132 70
-0.325975 0.687995 70
9.12501 -10.4935 70
-1.10121 0.217348 70
0.408536 -1.30099 70
-1.02615 1.42506 70
-0.547855 1.02584 70
-0.773031 0.461374 70
0.373802 0.137423 70
0.1381 -0.809782 70
0.975219 39.7521 70
-10.0192 -1.46949 70
-10.4617 0.190579 70
1.35531 1.21533 70
-1.04163 -0.418364 70
0.527867 -0.685917 70
-1.4624 1.24692 70
-8.56994 -0.481057 70
-1.36614 9.03464 70
-0.750216 9.08041 70
-1.34405 10.7671 70
-1.47444 0.0638616 70
0.200897 -1.09582 70
18.8557 8.53843 70
11.2879 -19.6646 70
1.28526 -1.25599 70
1.20672 -0.187337 70
-9.62981 0.402603 70
18.8107 41.2638 70
-0.437741 1.4554 70
-0.987149 1.39855 70
0.540188 -0.229979 70
9.45118 1.33481 70
-21.1049 51.0408 70
-20.0409 51.4478 70
-20.2957 -9.8121 70
-10.348 -8.7695 70
-0.0322605 -0.518969 70
-39.4902 -48.7401 70
19.5349 -49.7913 70
-0.286481 0.0696208 70
1.49168 0.797895 70
-1.25422 -0.649889 70
0.895459 11.4915 70
-19.3281 -0.713006 70
9.46824 10.9423 70
-10.0999 -11.1038 70
-1.10308 0.416765 70
0.000411049 0.698388 70
38.8052 41.4985 70
0.672747 -9.85191 70
-10.9799 -9.89601 70
-0.879945 0.874242 70
0.820294 0.112251 70
-1.2237 8.76625 70
-1.36836 0.545536 70
-9.87009 11.273 70
-8.68933 9.46869 70
-10.1753 10.1468 70
-0.686114 1.02593 70
-1.31624 -0.926778 70
-0.146895 -0.43217 70
-11.0286 9.87961 70
0.284434 -0.722578 70
-0.0739388 -0.736294 70
9.27775 -10.0564 70
9.02536 -9.25796 70
0.0282223 10.4312 70
-0.49148 -0.387177 70
10.1234 11.3002 70
-11.0625 -18.6864 70
-1.14988 91.3293 70
-1.3157 1.47677 70
-0.358534 0.708258 70
-1.00078 -0.956088 70
-0.458283 -30.3774 70
0.452414 0.692278 70
10.3788 0.724231 70
-8.71727 19.2619 70
1.38952 0.355106 70
-11.0019 -28.9805 70
10.6584 -0.12814 70
1.09989 1.13011 70
10.0309 -10.4758 70
-1.40878 1.16126 70
0.170098 -1.4766 70
-0.503273 -1.49279 70
-0.109188 -1.36749 70
20.4956 -9.46944 70
0.693494 0.109549 70
-0.353764 -0.103989 70
0.624755 1.45799 70
0.58539 20.6273 70
-1.00375 1.17781 70
10.3691 -31.2162 70
9.87663 -0.92054 70
-0.854568 -0.611609 70
0.121044 -0.320726 70
1.49775 -1.27161 70
0.337617 9.29017 70
-9.9042 0.44214 70
-10.2344 -0.757233 70
-9.12344 0.196617 70
-1.42319 0.588983 70
0.809467 10.6301 70
-8.63825 -18.8139 70
-20.6857 9.27381 70
0.966155 1.22168 70
39.2649 9.23275 70
21.2251 -20.5926 70
-41.1259 -69.855 70
-0.694109 0.635066 70
0.685058 -0.467622 70
19.4722 21.2571 70
-18.7558 31.0039 70
-1.34497 -0.594859 70
-0.432878 -0.451163 70
11.1467 9.91838 70
10.4978 20.5681 70
-8.99712 29.3475 70
1.04412 0.125393 70
-1.44659 -0.503612 70
-20.1787 9.29679 70
0.943699 -0.0324469 70
-9.79358 -8.75688 70
10.3941 -0.239047 70
1.22444 -1.14763 70
0.737208 1.28157 70
1.19076 -1.34065 70
-0.122692 -0.808129 70
10.8373 0.684396 70
-0.465433 -1.13808 70
-0.192697 -0.184051 70
-0.944425 10.8621 70
11.0228 18.94 70
11.4633 -9.4791 70
0.802895 -0.112833 70
0.981245 0.692165 70
0.144392 -0.762381 70
-0.66156 0.937315 70
-0.164027 -0.257331 70
-11.4619 -0.0468056 70
-10.2983 1.13493 70
-0.943308 0.139547 70
9.35372 -1.34932 70
39.4906 10.5536 70
-9.87393 -29.8718 70
-0.784473 -0.902761 70
-19.3658 -19.9814 70
0.375675 -0.0660622 70
-0.53606 1.3738 70
-0.936479 -0.771618 70
-0.957258 0.610135 70
-0.847513 11.3549 70
0.0985463 -0.826823 70
11.1906 10.6865 70
9.37986 -9.94631 70
-9.85052 9.49745 70
1.38028 10.4487 70
0.109468 10.3199 70
-1.35922 -18.6736 70
-29.472 9.82575 70
8.96547 9.00949 70
-9.87628 8.62476 70
-50.3504 49.1242 70
-0.184532 0.354452 70
1.41042 0.248924 70
-9.90175 -0.947148 70
-9.11768 19.2918 70
-0.850433 10.8663 70
0.596032 1.24826 70
-8.69906 0.180412 70
-10.166 19.1384 70
-11.0263 1.05988 70
-19.3411 -0.766524 70
19.3918 -8.93927 70
-9.58679 49.0334 70
-0.119204 9.50024 70
8.86628 9.15595 70
-0.546 -0.134014 70
-40.7136 100.539 70
-1.47531 -0.295182 70
21.4358 19.8963 70
0.958386 1.09433 70
-0.145041 -1.13028 70
-0.0665911 1.37953 70
41.4052 79.1013 70
-8.82036 21.0126 70
-0.501144 1.16279 70
-10.0263 -8.74552 70
30.3057 0.584195 70
1.37163 -10.0649 70
-9.4611 -0.744575 70
-10.0167 0.0508097 70
-41.3426 -19.8574 70
-8.67201 -29.3443 70
-0.477847 8.96101 70
10.6719 -1.14563 70
1.25415 -0.788058 70
0.792807 0.981042 70
0.38995 -1.03709 70
0.356222 0.538268 70
-20.2269 10.484 70
-20.104 9.32268 70
-10.5727 -0.399464 70
-0.911861 -0.56021 70
-18.8615 20.9798 70
-0.326501 -11.3105 70
-1.16585 1.25437 70
1.31049 -0.403121 70
-0.456649 -0.291752 70
-10.3772 0.888646 70
18.6501 -19.5137 70
-8.56053 -0.307003 70
-0.00953989 0.491648 70
0.440601 -0.708852 70
1.38203 -9.87319 70
0.8397 9.53604 70
-1.4591 -0.915891 70
-10.9948 11.3505 70
-9.7959 1.10135 70
1.39354 0.181472 70
-1.10734 1.13006 70
-0.761234 1.31926 70
0.72146 1.12303 70
10.7337 8.79628 70
1.11276 -0.660775 70
19.6933 19.3485 70
9.7779 -19.5836 70
1.10383 -0.957687 70
9.71268 19.0581 70
-0.343085 0.252325 70
-0.689039 20.0532 70
0.491552 1.10867 70
0.948244 0.84993 70
0.325045 0.0210995 70
10.6336 1.16422 70
-0.0654917 8.58317 70
0.678813 -11.1875 70
-0.566287 -9.90872 70
1.18916 0.558271 70
19.8215 31.1326 70
-20.6541 -11.0296 70
-0.235053 1.37232 70
-18.7065 9.20577 70
-9.97819 -0.639113 70
51.1251 -29.502 70
-11.2296 -9.23178 70
0.467309 -10.3457 70
-11.0656 -1.03896 70
-30.345 -31.0746 70
-10.1783 -31.1302 70
-29.0245 -0.799329 70
8.87463 11.1966 70
-50.8244 9.05805 70
-9.87586 20.9983 70
20.1781 -10.2359 70
20.6329 29.9579 70
0.731641 1.44451 70
38.704 8.73813 70
11.0776 10.7087 70
10.0593 9.59195 70
-0.0402977 -0.130663 70
-0.808808 0.337805 70
-0.919014 -0.347983 70
-9.97651 0.695563 70
8.98395 -20.1407 70
1.06831 -0.576949 70
1.33971 -0.898522 70
-0.338803 9.85686 70
-1.4609 0.834013 70
1.3512 -0.703315 70
0.22456 -0.0618557 70
-9.54743 -0.975497 70
-0.984046 -0.286257 70
-0.785308 -1.03474 70
-1.01174 -0.546203 70
1.4542 0.519618 70
0.741759 -11.2773 70
0.561754 -1.12882 70
-8.72157 -8.99856 70
0.261092 -0.711871 70
-0.151693 30.002 70
-0.419869 -1.32998 70
0.860411 10.9364 70
0.17087 -1.31015 70
-0.0549026 -0.0348584 70
1.07128 -0.577277 70
8.90871 -0.531072 70
-0.532168 0.66805 70
0.71681 -0.148286 70
-18.6564 41.4598 70
-10.7418 -1.07262 70
0.119105 -0.741076 70
11.0214 -0.252124 70
-0.287559 -1.20069 70
-0.95355 8.77398 70
-1.20316 0.256177 70
-10.7651 9.01335 70
