21.302 10.7053 70
-0.57757 0.102708 70
30.8604 -10.2063 70
0.796335 -9.53779 70
0.333979 -8.74345 70
0.850763 -1.20498 70
18.6381 -1.37401 70
-0.866912 0.727942 70
-0.616264 1.27546 70
30.3666 19.1569 70
0.289582 0.328678 70
-0.458128 11.0222 70
-21.2812 9.62368 70
-0.0199132 -0.292778 70
-38.9516 20.6979 70
-8.56952 11.3935 70
-0.940162 -1.17318 70
1.45482 1.10215 70
1.00841 9.54782 70
-11.1899 0.98981 70
28.988 1.4156 70
-0.553793 0.37225 70
-1.15929 0.37657 70
8.58764 -19.0017 70
11.3323 0.546882 70
20.3643 -20.4981 70
8.50423 1.32528 70
9.74769 -9.01331 70
-0.0158882 -0.0305042 70
8.79054 60.2506 70
-0.326259 -0.317839 70
20.071 20.4289 70
0.474399 -0.2725 70
-1.28598 9.56523 70
-0.518328 11.4224 70
-0.802156 -0.0680122 70
-0.390509 9.41309 70
0.386925 9.94152 70
-0.391692 1.33735 70
-20.7019 -39.1864 70
0.706259 0.785726 70
20.7617 -40.9286 70
1.22984 -1.42727 70
-0.883639 -0.690487 70
1.18629 9.57708 70
-0.329932 0.868866 70
19.6597 -79.1972 70
-1.42686 -0.0923758 70
-1.08827 0.278317 70
-10.25 -1.32802 70
0.249421 -1.22705 70
-10.7305 10.4676 70
-0.67138 -20.6495 70
-0.737437 11.2249 70
1.09581 1.16855 70
0.938422 -0.235511 70
-1.22719 -0.0675183 70
1.44362 -0.111122 70
10.0564 0.784722 70
-0.888101 -0.159426 70
0.925619 9.42015 70
29.3338 59.0844 70
20.3664 39.3803 70
10.6223 1.28397 70
9.89091 0.200693 70
-20.4014 20.2823 70
-9.4266 8.74005 70
10.9055 9.07226 70
11.0731 0.815712 70
11.1552 -11.3535 70
-1.4779 -10.611 70
1.38006 -10.5059 70
9.34138 0.665211 70
-1.36578 9.9263 70
49.7464 -9.86912 70
-39.5578 9.93335 70
-19.309 8.53043 70
-9.45516 0.657659 70
-0.701005 9.9636 70
10.4409 10.4515 70
-0.82943 -10.5018 70
-0.2775 -10.7548 70
0.27013 -0.534864 70
-0.838116 0.243802 70
9.4546 1.08226 70
1.49739 1.28304 70
9.85986 -30.1208 70
10.6962 -0.262304 70
9.64901 -10.0762 70
51.3862 -1.44532 70
0.780836 -0.917118 70
1.0553 0.686797 70
8.6978 8.89452 70
-0.196769 8.98902 70
11.0784 1.22853 70
-19.0565 -0.369267 70
-0.511436 28.609 70
0.910156 0.237613 70
0.637133 1.06045 70
-9.76391 41.2415 70
-10.2833 -1.33916 70
1.28631 0.899936 70
1.37555 10.099 70
-40.8317 11.3842 70
10.6137 -9.60995 70
-0.811744 -0.279779 70
-8.82724 -11.0075 70
-1.27473 1.18639 70
0.88567 0.892042 70
0.525461 -0.270383 70
0.0102346 0.941914 70
-0.973114 -9.54507 70
-9.60829 20.6335 70
-10.1724 21.3703 70
-9.61246 20.3767 70
19.49 -10.8721 70
0.366261 0.518947 70
9.22654 0.383748 70
-9.43644 0.780981 70
0.383517 -0.320106 70
1.44342 8.62122 70
-20.1581 -10.0812 70
20.9817 0.980208 70
-1.31716 -0.489025 70
-9.56209 -20.4851 70
-1.16229 8.63153 70
-1.17381 11.3307 70
-1.35815 -19.1058 70
-0.0417762 -0.534197 70
-8.98313 19.4717 70
8.69343 10.9672 70
-18.8706 49.1779 70
-10.4689 8.5234 70
39.2494 30.5044 70
1.0902 9.97793 70
-8.93358 8.52218 70
-0.342112 8.96406 70
0.890656 0.788541 70
-1.2191 9.02745 70
-0.436489 11.3517 70
9.44936 30.0246 70
-19.2144 29.2535 70
-1.06731 -1.04222 70
-0.736433 10.8364 70
-10.7153 29.2786 70
-1.12224 -1.12193 70
10.0921 -0.0605787 70
-0.517417 -1.09112 70
18.6077 9.91753 70
-0.0531625 0.299797 70
0.438128 0.807379 70
-0.949367 19.0849 70
0.501895 0.0278011 70
0.0511399 0.0846709 70
1.17863 -10.4958 70
40.3821 -9.95383 70
8.72613 -1.369 70
10.5528 1.08227 70
79.0762 10.8427 70
79.6869 9.71293 70
9.04774 -9.73772 70
11.0933 -0.629935 70
11.1008 0.48638 70
1.43149 -0.229022 70
-1.30624 20.7084 70
8.75295 -10.5194 70
-0.430628 -0.227248 70
0.596785 -1.43279 70
0.739023 10.087 70
-9.73712 10.2336 70
-1.15598 0.281006 70
0.999837 -1.13983 70
-31.2917 -0.641148 70
0.0579032 -38.5795 70
11.0073 0.123907 70
-20.1934 -0.31612 70
8.80387 -20.5956 70
-1.43485 10.0486 70
-1.25288 11.3673 70
-0.356369 -1.35102 70
1.02098 1.37636 70
19.2883 79.8609 70
0.752977 0.776357 70
0.335094 -0.386811 70
-0.602698 30.5755 70
28.6679 -10.5157 70
11.3592 10.8043 70
11.4236 11.2663 70
0.241342 0.663928 70
0.375779 -31.3843 70
-1.41245 -0.506947 70
9.54539 -1.43553 70
-0.851569 0.0909736 70
0.488038 -1.3472 70
-111.227 -60.7296 70
-1.20131 0.346139 70
-10.8493 0.0721018 70
0.654821 1.11453 70
-0.596066 1.43793 70
-11.0411 10.3947 70
10.1972 0.204652 70
10.8 -0.0265761 70
-0.738764 1.44323 70
10.0359 9.57732 70
-10.9772 8.83386 70
-8.9731 19.9373 70
9.62736 21.3063 70
-1.42907 -0.647334 70
-0.0112779 -0.718189 70
9.42861 18.9276 70
9.93923 9.02271 70
10.3205 10.7039 70
0.481126 1.14559 70
0.896957 1.34332 70
0.69776 0.59567 70
9.56813 30.2553 70
9.38373 30.3557 70
-0.030245 10.0001 70
0.607582 9.99448 70
0.80294 0.91935 70
-9.22706 0.0515996 70
-69.7632 -60.8435 70
9.29188 8.61894 70
-0.479868 8.94051 70
-0.63245 0.63228 70
-1.43682 -0.226448 70
8.6303 0.467709 70
9.42341 0.341535 70
11.4296 -0.338045 70
-10.7476 9.38389 70
21.3254 9.76054 70
-0.544052 0.241231 70
-1.02068 1.26869 70
1.34025 0.791041 70
0.930152 -0.0305893 70
-0.94047 0.993247 70
-1.02052 1.26518 70
-0.445436 -0.700395 70
-0.840698 10.2342 70
-9.80238 20.8763 70
-69.528 71.4182 70
-1.13249 -0.0144038 70
-11.0552 0.887729 70
0.120695 9.40131 70
20.9141 61.1365 70
-60.5094 -0.515325 70
-59.0438 -0.292565 70
98.815 -31.4937 70
20.3268 8.89813 70
10.9212 10.4877 70
10.1983 9.20766 70
11.3787 10.1248 70
9.21033 -0.226627 70
0.951568 -1.45197 70
-30.5357 -9.28853 70
-11.1436 1.16118 70
-0.930828 1.02667 70
10.896 18.6057 70
0.630438 -0.173003 70
-0.227402 -0.768926 70
9.74338 8.71696 70
-0.494852 1.02041 70
-0.985001 -0.185334 70
-58.5644 -51.3289 70
9.67615 -0.469711 70
0.428791 -8.86027 70
0.536681 -10.0739 70
1.38678 0.234069 70
-0.629017 -0.610894 70
0.578012 0.00493792 70
8.90984 -0.574983 70
-1.35128 9.35192 70
58.855 0.819913 70
0.530476 9.09447 70
-0.958908 1.44217 70
9.3267 -0.800663 70
-11.0643 -1.07587 70
-89.7046 -110.577 70
-1.05029 -0.922829 70
8.67728 -0.739038 70
1.29742 1.26812 70
0.130644 -0.157552 70
0.521851 -0.1512 70
10.8883 -0.218742 70
0.373164 -41.2639 70
0.649261 1.32449 70
8.76056 8.80724 70
-0.606864 -18.6315 70
0.519435 -0.987238 70
0.626859 9.05979 70
-1.3815 -0.977921 70
0.272041 9.70828 70
-8.72223 -28.523 70
18.5564 -11.0366 70
8.63598 9.75975 70
0.649585 11.1348 70
-1.41951 -0.0857639 70
1.22492 -1.19578 70
39.8579 48.8418 70
-0.0919371 0.906455 70
-10.6497 -10.7739 70
-0.190291 -0.768627 70
9.56503 -20.1381 70
1.46219 -1.00415 70
11.0351 0.25218 70
1.17101 0.265577 70
-1.07528 -0.543881 70
-0.990479 1.48421 70
20.1466 -1.36549 70
40.2396 11.0845 70
8.60696 8.93719 70
-10.1969 9.39019 70
29.0525 -0.866784 70
-41.1873 30.4799 70
-9.48847 9.87152 70
-8.70141 -10.6744 70
-1.20505 1.00358 70
21.3697 -31.2647 70
0.78182 -11.1011 70
-20.9623 11.4974 70
-21.1027 -0.81151 70
1.26669 0.323354 70
28.6778 9.87713 70
10.8434 8.61126 70
10.705 -0.68895 70
-88.8468 10.7959 70
11.3211 -1.2034 70
19.9646 11.4156 70
0.241411 9.53493 70
-1.15898 0.866369 70
0.119036 1.40944 70
-0.305058 9.58757 70
8.86581 -0.774427 70
0.794448 0.793101 70
9.05791 -11.3359 70
1.14079 0.348624 70
-1.28482 0.900878 70
-9.76025 1.39928 70
8.56101 0.583091 70
-10.362 -1.03715 70
8.60044 10.793 70
-0.705171 -1.46814 70
1.25475 1.3799 70
10.4665 -0.92824 70
11.2688 -1.03052 70
30 -10.4647 70
1.22077 30.6935 70
0.892593 -1.08379 70
1.48121 0.762506 70
-1.17641 0.997024 70
9.90883 1.43085 70
-1.01013 -1.38031 70
0.190857 -0.704036 70
-1.00187 0.853345 70
11.2401 1.42212 70
-38.8043 89.6525 70
8.97074 9.31406 70
10.4981 0.18605 70
-1.00418 -10.6977 70
29.2992 28.814 70
-0.857034 -1.01913 70
0.0992366 -0.63156 70
-10.1249 20.7945 70
9.64077 -0.964956 70
9.00384 -0.425205 70
8.85106 -9.57401 70
-0.336004 -1.09743 70
39.2762 19.1831 70
-31.1086 80.3762 70
-0.162398 9.16689 70
49.1031 19.3296 70
9.83266 0.526764 70
9.80313 0.915256 70
11.018 -11.0951 70
1.28961 0.111977 70
-0.413334 -21.4533 70
-10.0738 19.5449 70
0.9295 29.5763 70
0.446319 1.32587 70
1.43173 -0.887155 70
9.4058 -1.07713 70
-11.1083 1.33241 70
1.3433 -1.34481 70
10.3089 0.598656 70
-0.848545 -0.830372 70
-8.82802 -0.74352 70
11.1098 -20.776 70
-100.571 29.3774 70
-0.965583 -0.644068 70
1.28132 0.441339 70
19.0279 0.824997 70
39.732 -29.0534 70
18.9948 49.2463 70
-0.193315 -8.65428 70
0.780806 0.244263 70
-9.50115 -0.325385 70
-9.91389 -0.986919 70
-11.437 0.978087 70
0.439276 1.26693 70
-0.370341 -0.795416 70
-0.61916 0.302362 70
-1.13673 1.00029 70
-9.15428 -11.0563 70
-0.172899 0.458227 70
-19.601 20.3625 70
-1.35465 11.4864 70
10.4505 -9.79123 70
9.82408 -8.98439 70
-1.53866e-05 50.8418 70
0.598951 51.4884 70
-8.66991 -0.207138 70
-19.5394 -0.371648 70
8.58859 -0.0413071 70
0.606049 0.19841 70
-1.11028 0.66136 70
0.264286 -0.436415 70
0.702829 1.05941 70
0.710832 -1.39736 70
-0.502819 9.58224 70
10.9562 0.577791 70
18.6126 0.49228 70
20.0216 -29.5931 70
8.86548 0.324788 70
-1.33491 -0.769605 70
0.353958 1.03107 70
0.901147 8.6836 70
-10.8261 21.4898 70
51.2705 -31.0696 70
-11.0073 41.1509 70
0.170073 -1.25704 70
1.32942 40.5623 70
71.257 -70.684 70
0.479295 0.532385 70
-19.029 -19.275 70
-1.27835 0.647827 70
-9.26994 0.0678737 70
8.72011 -19.0098 70
10.1961 -9.40716 70
-1.01593 0.584493 70
0.0648824 -1.14586 70
109.666 -19.5058 70
40.2185 -9.54775 70
30.1972 -31.2066 70
29.6938 -29.1557 70
8.85737 -9.1083 70
1.1253 21.0919 70
20.0963 0.960222 70
-0.895182 -0.782496 70
0.979329 -21.396 70
19.1339 1.10893 70
0.0618943 -0.935375 70
0.213977 -0.781344 70
-10.4898 10.7686 70
41.2515 -20.5267 70
1.02982 1.18394 70
-48.6474 90.8264 70
9.2171 0.759996 70
-0.90417 1.09206 70
-10.2696 9.31097 70
-1.29819 -0.00178974 70
-9.69621 0.329004 70
-10.9672 1.06982 70
1.32157 1.04899 70
9.53933 -9.88403 70
1.09797 1.02117 70
-9.0465 -19.6853 70
-0.0510345 -1.40088 70
-21.1766 -10.1938 70
9.35898 0.818745 70
1.11698 18.8294 70
0.141286 0.759831 70
-0.144648 -0.289652 70
-0.30295 1.21636 70
-0.229376 1.36799 70
1.24258 -0.594413 70
20.5304 39.0137 70
1.1216 -0.074375 70
-0.338615 -0.139141 70
11.3873 -0.542217 70
0.388022 39.6232 70
11.1584 1.04497 70
0.909627 0.398491 70
-0.216627 -0.90852 70
-9.46136 -1.32746 70
0.336554 -0.556176 70
0.897932 0.817358 70
-0.22865 9.81816 70
0.123681 -1.46489 70
0.00411948 0.101171 70
1.2459 0.481728 70
-10.7509 -8.50904 70
0.691638 0.0505327 70
1.11783 1.27737 70
-0.670892 -0.105579 70
-1.33194 -0.0664735 70
1.02054 -11.4739 70
20.1009 -10.6805 70
-1.34854 9.48079 70
8.66433 -10.9895 70
-0.562244 0.1708 70
10.0316 0.273329 70
-0.381591 -38.8541 70
29.5813 80.8026 70
9.10202 1.26329 70
10.8327 -50.3253 70
-10.9028 -11.2116 70
-31.347 29.0637 70
20.8414 81.3028 70
-8.8205 8.83565 70
11.3034 9.31823 70
-9.66498 -9.19301 70
19.7853 -1.44166 70
0.611851 0.647841 70
-9.15089 -9.67635 70
-0.628425 -0.881646 70
0.870986 8.7855 70
-31.233 1.1345 70
-8.98761 -0.882404 70
0.636974 -1.3366 70
30.8112 -1.23807 70
11.0384 -1.08418 70
-0.625332 10.6071 70
-11.4333 -28.5143 70
0.42019 10.2643 70
21.2978 30.5843 70
1.02535 0.348211 70
-10.6538 0.306128 70
20.8426 0.896357 70
-0.139615 -0.237648 70
19.4487 -10.4809 70
11.3433 0.336426 70
9.94606 9.76582 70
-0.533959 0.699728 70
-1.22104 -1.115 70
-1.42088 -10.2725 70
1.13163 -10.1166 70
19.8719 11.1089 70
1.39948 -0.931906 70
-59.3262 38.8472 70
11.4887 0.971607 70
-1.06223 1.34319 70
11.2144 -9.70139 70
0.150893 11.3202 70
-10.0482 -1.32836 70
8.81259 29.6762 70
0.532856 0.343194 70
51.0088 -69.1412 70
1.08014 0.964727 70
-0.0251638 -20.1916 70
1.4555 0.693744 70
0.132825 8.56955 70
1.20683 -1.28026 70
-1.4056 -60.3845 70
-0.691011 19.7668 70
18.5492 0.885496 70
20.8478 -9.33245 70
90.1651 60.5062 70
70.2641 -29.8069 70
-8.6289 -18.9878 70
11.2454 -10.7735 70
18.7758 19.8795 70
-1.01991 -0.857567 70
1.49613 8.6383 70
10.9633 -0.742494 70
-0.522135 31.0595 70
0.324005 0.672254 70
-0.223694 -0.809848 70
-0.482455 0.767367 70
29.9284 51.4913 70
-1.31434 -1.18219 70
-1.29091 -10.2513 70
-0.677592 9.90657 70
0.611305 -10.6213 70
-31.0659 -31.3449 70
-0.766442 10.4762 70
1.07716 9.05896 70
-0.818394 9.85519 70
0.569311 -1.0428 70
-0.79777 -11.3703 70
0.501369 11.0195 70
31.3387 0.0932862 70
8.66391 -1.20287 70
-0.7447 1.25005 70
9.75143 -0.973354 70
-49.4953 60.8754 70
0.760756 -1.35106 70
0.578344 0.592215 70
-0.147556 -0.387991 70
-0.288639 -1.33675 70
-11.1903 8.70786 70
0.77809 9.08549 70
-0.0341913 9.25846 70
-11.4152 8.56881 70
-1.07792 -0.806998 70
-1.34657 9.95178 70
-1.21625 8.74737 70
-110.801 -30.8212 70
20.3419 38.701 70
-0.0950405 0.953146 70
-1.26417 -11.4003 70
50.1391 -29.5426 70
48.9053 -31.1708 70
-0.498715 0.419447 70
1.26442 9.46545 70
9.67101 1.48769 70
0.683393 -1.16749 70
-8.86699 -1.25708 70
-10.531 -9.9742 70
11.1314 -0.422219 70
-1.4138 -1.14624 70
-9.67973 11.4608 70
-10.4158 10.9862 70
-10.4091 30.4599 70
39.5423 -11.1517 70
0.970647 -0.887913 70
-10.5161 8.67192 70
-8.59529 0.893161 70
0.257395 -0.528915 70
1.1014 0.584657 70
8.61352 -11.4243 70
-0.485301 -0.640224 70
-0.496355 -1.28519 70
39.7911 39.4519 70
111.1 -60.0051 70
11.1786 0.35127 70
0.359655 -19.0114 70
-1.35663 0.24562 70
-20.8153 9.01063 70
-18.5405 8.88792 70
-19.5904 8.82815 70
-0.892196 -21.3809 70
-0.364502 0.21393 70
-0.782684 0.442912 70
-0.224289 -1.10382 70
0.465437 8.55244 70
9.45748 1.02343 70
21.1665 11.2154 70
-1.18443 -0.0707182 70
1.30161 -0.850577 70
-0.960001 -29.9938 70
-0.933043 -9.81204 70
0.924349 1.44683 70
0.424737 -1.11715 70
10.3033 -0.102953 70
120.775 49.1394 70
-1.07077 0.496121 70
-0.69586 18.5747 70
-10.9656 1.24947 70
10.2364 20.8735 70
-48.9302 20.0511 70
-10.6062 -20.7526 70
-8.81464 0.850758 70
-0.648575 18.6996 70
38.6119 -9.99644 70
-0.739085 0.377221 70
1.24094 -0.00334597 70
-1.44553 9.69029 70
-10.382 -0.799729 70
0.79849 -1.24434 70
0.0419887 0.524232 70
10.4444 -10.5625 70
0.887441 0.943187 70
-0.627575 8.61944 70
11.3492 -50.9623 70
11.0827 -21.4752 70
8.67943 -9.16082 70
0.303032 0.534898 70
10.0581 -8.6516 70
0.980668 -0.510012 70
8.89504 10.4575 70
-1.17185 1.22741 70
10.6957 9.43996 70
0.989443 -20.0568 70
-11.3835 -39.657 70
-0.751825 0.343259 70
9.97573 10.8422 70
8.80575 9.13962 70
1.46229 1.15885 70
0.0128548 -1.30132 70
20.5895 10.51 70
9.67215 -0.232892 70
-0.489335 0.876269 70
1.15856 1.14773 70
8.65459 -8.72895 70
-20.3426 -18.6727 70
-19.5552 -18.8925 70
1.14916 10.7573 70
-0.350642 -0.694525 70
0.385984 0.106915 70
10.0812 8.83074 70
9.19097 21.25 70
-10.0253 -0.866201 70
1.34404 0.979251 70
11.108 -8.8783 70
-9.99382 9.34694 70
8.64594 -0.854748 70
0.760505 -10.4443 70
1.1662 9.09533 70
-20.3669 -10.2274 70
0.49399 9.22221 70
0.981561 -1.17674 70
-1.29759 0.701039 70
20.67 -9.13145 70
20.5095 19.4458 70
0.951735 9.04159 70
31.3757 -31.221 70
-1.41153 0.376305 70
0.360242 9.24718 70
1.14211 0.306765 70
1.25916 -0.854073 70
0.391398 -10.6611 70
-0.520319 8.78681 70
9.19156 10.2511 70
-0.431249 -1.22659 70
-0.35164 -1.17714 70
10.9777 -21.1855 70
1.28805 0.0156856 70
1.00774 -0.922635 70
8.84908 0.53014 70
-11.066 -10.6989 70
-18.7842 -18.6705 70
10.1021 -1.37061 70
1.33967 10.2221 70
9.27871 -9.71763 70
9.50014 -19.1577 70
20.4587 -9.9626 70
-20.37 -9.73301 70
0.312181 9.79553 70
10.7151 11.3594 70
68.5531 -79.6222 70
1.01665 -0.481957 70
18.5828 -11.3757 70
-0.520414 -20.7425 70
9.46567 8.96813 70
10.5859 9.63533 70
1.25421 -0.895916 70
-1.30624 -0.921653 70
-0.62736 10.8199 70
-10.5193 8.75044 70
-0.399912 0.542261 70
0.986817 0.0395358 70
-11.4933 19.1532 70
29.434 10.3731 70
-0.534493 0.322755 70
9.16997 10.8853 70
0.0216974 -0.339542 70
-0.753279 -0.571983 70
0.481769 -1.17128 70
-9.499 0.408158 70
-0.891239 -0.662645 70
19.6666 -19.1897 70
19.4624 -19.3981 70
1.30826 -0.431829 70
8.92237 10.762 70
-1.21511 -1.16785 70
0.102387 1.21196 70
-0.814901 -1.31039 70
-0.68727 1.29917 70
-0.561392 0.0485527 70
-1.35194 1.37397 70
-0.915479 -1.07558 70
-1.01967 -0.01138 70
0.691614 -1.19632 70
0.943496 -11.2177 70
-18.8936 10.9412 70
-10.9781 11.4247 70
-30.4527 21.3074 70
99.0981 8.7636 70
-1.46757 -0.528494 70
-19.9665 0.584903 70
0.662881 9.11784 70
-28.6065 -30.4671 70
9.07815 11.0373 70
-0.0368149 1.04725 70
-0.888679 -0.0900001 70
-0.801575 1.03697 70
9.47281 -9.61716 70
1.13876 1.05352 70
-0.279064 -0.874321 70
-0.315874 10.2539 70
-0.71623 -1.48882 70
9.45538 -0.403181 70
-0.678783 11.486 70
0.86397 1.14647 70
0.955772 11.2003 70
0.81291 -1.13603 70
-0.703721 -0.42495 70
-1.44089 10.8116 70
0.838671 0.466963 70
-10.2353 19.8627 70
9.09694 -0.0999772 70
-20.326 -11.2872 70
-1.0758 1.06954 70
-31.1372 59.9581 70
10.7312 -0.530893 70
19.464 29.6232 70
20.556 0.292493 70
0.450239 11.0505 70
-20.8816 -9.02001 70
0.666283 0.598078 70
-1.24209 0.230891 70
8.85152 -0.0144842 70
9.83911 0.388533 70
19.4498 10.0037 70
-1.41134 0.239259 70
10.7387 1.12994 70
1.03141 0.0487628 70
1.23177 -0.42299 70
0.266062 -11.364 70
-1.44742 -10.0579 70
0.273782 1.10608 70
-9.90978 -10.0249 70
-9.91002 -11.4348 70
-0.550356 -1.45352 70
0.0155323 -1.36989 70
8.99305 1.22383 70
10.7094 8.90525 70
10.8215 -1.30685 70
-9.39214 20.2728 70
8.56069 1.5 70
-10.7117 29.5538 70
-0.408571 0.0524989 70
-1.44244 11.1487 70
