-1.07043 1.32947 70
-9.29534 0.415397 70
0.224129 -30.8984 70
20.1131 -9.07715 70
0.152349 -11.3658 70
1.42096 -0.315034 70
29.9984 9.35596 70
-0.235212 -0.933831 70
-10.1899 11.4275 70
-0.817086 10.4315 70
1.24536 -0.726393 70
-11.0694 -0.348141 70
30.4227 -79.2158 70
-0.952621 0.939102 70
21.3032 8.52653 70
-10.3304 -0.629669 70
-0.550608 20.3394 70
0.825439 0.0601864 70
-10.6137 -10.164 70
-10.0568 -0.797786 70
-1.10544 0.333544 70
11.0247 11.0842 70
-60.5319 38.9972 70
-9.02038 -11.0422 70
0.898491 -0.37578 70
0.146526 -1.0099 70
-8.62523 11.1108 70
1.15973 -1.48648 70
-0.305251 -0.540074 70
-0.374443 -0.0893877 70
11.2568 1.01728 70
29.5909 48.9691 70
-8.82061 0.239655 70
-8.67619 -8.65595 70
-1.3594 40.8667 70
-9.5271 20.0768 70
-0.700602 1.13357 70
-0.100449 -0.926098 70
-19.3845 60.2196 70
-0.764807 10.0973 70
0.467939 10.5195 70
71.0554 60.0521 70
-0.930519 -1.43803 70
-9.32702 38.9089 70
0.485468 -0.456051 70
9.47866 -10.3393 70
-10.9664 -21.4068 70
1.47393 -0.472263 70
-1.40736 1.29551 70
-0.0982524 1.00613 70
-9.78253 -11.1316 70
10.7405 -0.277705 70
18.5537 -29.5869 70
-28.7076 -40.574 70
-0.429497 9.82679 70
-0.201822 0.806843 70
9.37855 11.2836 70
8.98119 8.69701 70
-1.29522 -10.5852 70
-0.868563 1.35989 70
10.1024 -20.8785 70
9.34056 -0.103451 70
41.2562 -9.47547 70
-0.282128 -1.29596 70
19.6514 -9.53515 70
-8.94472 -19.0979 70
0.270774 -0.998839 70
1.29028 -1.13722 70
-1.30174 -1.31838 70
0.174648 8.60917 70
11.2794 8.66664 70
10.7613 1.05224 70
10.5177 1.20117 70
8.69029 0.793361 70
-29.6458 1.32772 70
-11.1895 8.53335 70
-21.3507 59.0152 70
40.0392 30.44 70
39.7147 30.0387 70
-18.8126 -11.0491 70
-9.28372 0.644148 70
-8.99408 9.53169 70
-8.70617 9.26232 70
-11.2133 40.7165 70
9.54453 38.7145 70
1.19608 1.30171 70
9.53637 -9.14313 70
-9.52479 1.18388 70
11.326 9.92028 70
51.142 -49.6481 70
1.08088 -1.18594 70
-38.811 30.0063 70
-20.6584 -9.45834 70
-11.349 -1.03675 70
-0.221526 -1.07603 70
30.2045 -0.642992 70
-8.95184 -9.47161 70
-8.62162 -11.3049 70
-0.18265 -11.4124 70
-1.09782 10.037 70
-81.0347 -28.9386 70
-80.791 -29.8804 70
0.68269 -1.14889 70
-0.885397 1.3604 70
20.5986 0.969748 70
-10.2929 -1.458 70
0.206227 0.15277 70
9.7121 68.5715 70
-0.517811 0.959428 70
1.28046 -1.1547 70
-20.2227 11.2966 70
19.4843 -70.3925 70
1.30437 8.66774 70
-0.0332245 0.58576 70
10.1231 -28.8364 70
-0.452755 10.6917 70
-1.00895 9.37651 70
-19.7183 -80.6752 70
-31.2721 18.7685 70
9.03459 -10.0592 70
-21.0033 -0.147657 70
-10.455 -11.231 70
-11.057 -0.705562 70
-9.28556 29.7025 70
-10.3019 10.2425 70
-0.526315 1.1347 70
-0.91811 0.995113 70
19.1048 19.5755 70
-0.0397777 0.912689 70
-10.0819 8.99005 70
-9.39108 8.89661 70
-1.08174 11.0588 70
-0.793694 -0.0176946 70
-19.9233 11.0382 70
-8.55222 8.52065 70
-10.7933 9.62112 70
8.6871 18.9684 70
10.934 -10.6235 70
-9.21822 -0.253006 70
-1.43237 -0.555117 70
9.93199 9.83839 70
-10.2555 -1.39745 70
-0.991432 -10.1252 70
-9.85038 0.592258 70
0.812533 0.310843 70
-0.874373 0.238312 70
-19.9526 -59.7094 70
-10.5615 -0.648196 70
0.512657 0.901184 70
-0.704363 10.856 70
1.35984 -0.701357 70
0.770295 0.490092 70
-10.5236 -0.243146 70
18.7498 -8.86291 70
-19.4963 -11.1684 70
0.0197316 1.16446 70
-9.95742 -0.742824 70
0.501552 1.20527 70
-0.268094 -0.915841 70
0.759248 -9.35379 70
-11.3269 0.70485 70
-20.9407 -9.72746 70
0.804338 -29.0562 70
-0.447883 19.4176 70
-9.96265 30.0654 70
19.3276 38.6249 70
-10.0469 -0.73521 70
0.163251 0.923849 70
-8.89962 0.971141 70
0.0292384 -0.456679 70
18.6595 -11.2951 70
0.184809 -1.00185 70
0.290554 10.0874 70
-0.890527 -0.0981663 70
-99.924 9.00009 70
0.350866 -0.511759 70
0.622683 0.191858 70
-20.8782 -20.357 70
-18.6146 -19.7263 70
-0.871833 -0.492444 70
0.773753 0.234212 70
9.18428 1.45191 70
0.695853 0.356985 70
1.09697 -0.883922 70
-0.665702 1.08357 70
1.115 1.44775 70
0.689179 -8.82856 70
29.5559 10.9447 70
-0.259202 9.13138 70
19.2696 18.9127 70
0.422808 0.986307 70
-9.92627 41.3784 70
-11.4171 -11.1474 70
-0.147637 0.644262 70
-0.0516031 1.28388 70
1.42721 -1.21511 70
19.8151 -10.4913 70
-8.95738 -1.44144 70
-8.77829 -0.248993 70
10.7782 1.01298 70
-11.1615 1.23881 70
0.675898 -21.0341 70
21.4373 -1.42565 70
-0.579254 9.82695 70
9.68726 -10.9234 70
8.6782 -10.5123 70
-9.30439 0.510539 70
0.341345 0.598877 70
-120.725 -120.738 70
9.55851 -1.20665 70
0.927815 0.392302 70
11.2256 -0.0785689 70
0.0201396 -0.121933 70
-1.21523 1.03176 70
-1.30828 1.35349 70
0.952764 1.17552 70
-0.405864 -0.15246 70
0.174272 -1.17099 70
-11.1058 -8.96726 70
-1.14968 1.01054 70
11.1997 -0.753835 70
-21.0777 100.268 70
0.813691 1.06247 70
-0.598362 -0.787305 70
0.151825 -1.42742 70
0.565844 0.184269 70
-0.371795 1.33642 70
21.2164 -20.1743 70
-0.762402 0.879478 70
0.34186 -9.39988 70
-0.424726 0.366559 70
-8.61116 1.27683 70
-1.1975 -0.169564 70
-9.81627 0.726697 70
-19.26 -1.0009 70
1.32515 0.124719 70
-1.14779 8.88818 70
1.15716 0.701469 70
-0.579464 -0.994432 70
0.159419 -0.0464849 70
1.0952 1.45232 70
0.125604 -0.175684 70
-21.1996 -30.4196 70
0.823521 39.6265 70
-29.4929 0.530267 70
-0.85912 -0.90659 70
-0.0582779 0.561518 70
-10.4751 19.4204 70
-11.322 -11.0898 70
0.375402 11.2537 70
1.06357 -0.350731 70
-10.4731 29.5844 70
-0.515791 0.134852 70
-0.319619 49.5645 70
8.60596 -1.03598 70
18.8132 9.59353 70
-1.37312 -0.534236 70
9.57627 19.8367 70
1.3389 -1.24665 70
-9.54532 -0.294326 70
-31.4557 29.8858 70
1.0817 0.829166 70
-10.8111 -10.9932 70
-0.282497 1.25245 70
-31.4289 11.1174 70
0.623633 0.123817 70
-8.62124 -0.271177 70
-0.691304 0.275361 70
1.19338 -1.09523 70
-0.886423 1.18803 70
-10.0588 0.034792 70
0.739182 -0.401309 70
-8.52127 0.562623 70
-40.4099 70.3349 70
-20.4958 -20.6847 70
1.15388 -1.02058 70
29.1355 10.2695 70
29.3876 9.87112 70
30.6723 10.1057 70
-8.76087 11.0471 70
-0.616081 0.819246 70
-10.9904 -0.913446 70
1.1759 0.495223 70
-10.6592 -9.98536 70
0.503632 1.14265 70
-19.6414 -1.01886 70
-30.8729 0.0993141 70
-29.4177 -1.30385 70
-11.2356 0.576465 70
21.1459 9.06652 70
-0.518675 -0.113174 70
-10.4836 -1.10827 70
1.28806 1.41893 70
-1.2314 0.229458 70
-100.171 59.9271 70
10.7756 1.15127 70
-10.7225 11.3739 70
10.0421 1.37382 70
-11.2936 10.5381 70
-9.07994 -19.4067 70
9.01373 1.0679 70
-0.693982 -0.609853 70
-1.16493 -10.1248 70
-30.1668 51.4419 70
18.65 -0.53998 70
-0.719091 19.0699 70
-1.23218 -9.605 70
-0.471019 0.799712 70
-19.9033 19.6413 70
-0.601374 11.1688 70
-10.4885 -1.36679 70
0.554691 0.645979 70
9.14987 0.856004 70
-10.5196 9.3755 70
-0.0250724 -39.7263 70
-1.0483 9.37048 70
29.9111 31.3342 70
-0.626488 -0.273662 70
-10.2592 9.81136 70
-10.0249 -9.52771 70
1.04026 -8.53586 70
-1.32978 -0.304682 70
29.3587 -49.9641 70
-31.0168 -21.022 70
0.651428 0.578491 70
1.0502 9.71144 70
-90.8673 -40.3243 70
-9.1491 -9.99105 70
1.28984 9.85724 70
-1.27967 -1.49099 70
-0.403938 -0.231156 70
9.3955 -21.4238 70
-19.7513 8.53086 70
10.0473 0.412196 70
-0.0349977 0.97295 70
-1.30543 -0.79792 70
9.02389 10.4496 70
-1.21772 9.69508 70
0.0498455 1.34239 70
-10.5836 -9.03496 70
-0.138245 0.773469 70
9.03307 0.760517 70
-0.233431 8.85645 70
-0.622468 9.07724 70
0.824568 -0.194389 70
-0.861522 1.22507 70
1.0541 1.36383 70
9.78941 20.4896 70
-9.07723 -10.3176 70
19.0493 -8.57205 70
0.836856 -0.603929 70
29.7201 0.174051 70
-21.2632 -0.694505 70
1.22382 -0.516633 70
0.37699 -1.35141 70
1.466 0.844035 70
38.7979 -40.3928 70
20.1226 -0.904145 70
-0.314088 10.2978 70
-0.18351 11.3931 70
20.8921 -10.4455 70
-20.9115 -9.00846 70
1.23757 0.878495 70
-0.768119 -1.25408 70
-9.03347 -29.984 70
9.08513 9.85568 70
11.433 8.50395 70
-0.0300775 0.818053 70
8.79627 8.66569 70
-0.73168 1.28166 70
0.563121 1.04113 70
1.12171 1.38308 70
0.455252 -1.27547 70
-0.81868 10.5764 70
20.9757 -1.00663 70
-10.6161 0.738602 70
0.0821737 0.198111 70
-20.5184 -1.19442 70
8.75204 0.25607 70
10.2673 18.7494 70
0.629581 1.21628 70
-10.3361 10.2445 70
0.732729 -9.71337 70
-28.5242 -1.0614 70
1.0917 -0.99079 70
-0.867928 8.75515 70
0.0141758 -0.00946257 70
0.909827 -1.35582 70
9.18166 -9.34474 70
-10.9698 8.62774 70
49.9824 -89.3856 70
79.6684 -9.56665 70
-0.359854 0.804154 70
10.8263 -0.166069 70
1.22596 0.525467 70
-51.2648 -30.1963 70
-0.772878 -0.327098 70
-9.09706 -0.940132 70
49.084 80.5164 70
10.6485 -19.8176 70
9.63956 10.1473 70
-0.38598 0.0823534 70
0.32531 1.03682 70
0.210276 -0.335229 70
-1.45844 9.78973 70
-1.10994 0.449474 70
0.86077 0.207764 70
1.04124 11.3159 70
1.47795 9.4812 70
-0.43662 -0.576462 70
-9.17699 -1.22905 70
-11.1857 0.0648703 70
31.4365 0.524946 70
-10.3005 10.0976 70
29.5755 -41.3681 70
-10.2405 -0.648174 70
1.19042 -0.6264 70
1.15939 -9.55479 70
0.158563 -10.2089 70
0.867985 -0.264368 70
-0.213977 1.26127 70
0.243607 -1.24948 70
1.2766 0.719519 70
10.9499 0.972169 70
-10.6157 9.25003 70
19.1943 -9.03834 70
-0.657336 0.305374 70
-11.2467 9.42798 70
0.0834973 -0.717903 70
-1.46188 10.1803 70
0.0901736 10.4152 70
-0.0845832 0.63729 70
-21.3587 10.0125 70
-1.30195 1.2458 70
11.1353 60.2947 70
-0.892923 1.41891 70
-9.88953 -19.0289 70
0.468096 -0.971593 70
-8.57196 9.31393 70
10.9537 20.6658 70
-21.0978 1.0674 70
-1.40119 -0.745923 70
0.106285 0.115967 70
9.74147 8.82553 70
1.27459 19.9403 70
-0.252077 1.41489 70
-9.17062 10.416 70
11.1648 0.684628 70
-1.44853 -1.33492 70
58.9525 80.6644 70
0.0787765 -1.02175 70
-18.5643 -0.310952 70
-0.555617 20.1592 70
-1.22693 21.3215 70
0.61148 -0.441263 70
-1.47668 10.3279 70
19.2687 -18.736 70
-110.258 -28.8398 70
9.82287 -0.922757 70
-1.40815 0.917946 70
-8.70309 10.9133 70
-10.0698 9.25582 70
-9.34784 8.68881 70
10.0263 9.27438 70
-1.195 0.5059 70
0.197118 -0.833718 70
1.41146 -20.1756 70
-1.48026 0.283887 70
1.17893 0.048749 70
-1.10146 10.188 70
8.63404 -8.86925 70
0.00481224 0.158564 70
-9.93695 -11.4678 70
-11.4939 -1.16455 70
10.2661 19.0311 70
1.02361 0.00549198 70
-19.4372 -1.30268 70
-19.7028 -1.35143 70
11.2218 -8.78516 70
10.4854 -0.40584 70
0.506033 -0.782228 70
-0.178242 0.74243 70
9.75306 20.5866 70
-11.111 10.101 70
-11.2845 11.2179 70
0.139957 18.5921 70
1.34864 8.98443 70
-0.369916 20.3182 70
-9.8379 -0.812516 70
-78.9462 69.4629 70
-0.836312 0.90724 70
0.699854 9.38071 70
-1.49687 1.16882 70
1.18683 -9.46682 70
1.33537 -0.304378 70
-0.683239 0.838749 70
-19.5998 8.83978 70
11.0111 -0.914695 70
-9.64407 -30.2046 70
-0.369722 0.835034 70
-1.2292 -0.723627 70
-1.12855 0.306694 70
-0.943958 -1.32018 70
-0.0813453 0.736439 70
-10.4788 9.05113 70
0.496251 1.45701 70
1.07876 0.983417 70
18.6899 20.1477 70
-9.03415 -0.34074 70
10.0254 29.4485 70
19.92 19.0743 70
-0.211583 0.109162 70
-1.34374 -1.13051 70
1.45287 -1.14112 70
-0.458581 0.866395 70
-0.745176 0.0218273 70
-50.4772 39.0322 70
-0.622843 10.7554 70
-0.185441 9.57727 70
-0.194315 -0.232931 70
-1.36377 -0.163779 70
-0.178744 -8.53041 70
-0.0597082 -9.77719 70
0.205065 0.402941 70
9.19462 8.99712 70
1.47289 0.233012 70
0.915505 1.18757 70
-1.2911 -0.719013 70
21.4006 -10.0279 70
-11.3346 20.0628 70
59.3551 21.2871 70
11.4389 -9.76763 70
-9.52381 0.552916 70
-0.458316 -1.02818 70
10.9408 0.139248 70
-0.817037 0.619564 70
-11.4896 -10.6756 70
-0.212651 0.970038 70
-10.2017 41.3947 70
-10.4491 -8.65513 70
8.85717 0.538352 70
9.23308 -0.890519 70
11.1357 -29.6349 70
11.0229 8.83821 70
0.0587957 0.281774 70
-39.9567 -38.5521 70
-9.19163 0.636652 70
9.97469 19.3548 70
10.3805 20.7007 70
-0.362387 0.71356 70
38.5387 -29.8381 70
-0.137776 -0.700382 70
0.404058 11.176 70
0.329832 0.476764 70
-21.4374 10.8874 70
-0.165333 -0.162608 70
-10.0774 -19.4351 70
0.257464 -9.28567 70
-10.9234 -8.76348 70
1.26306 0.403047 70
-21.0835 0.211755 70
29.2662 21.4576 70
48.5522 20.1887 70
-0.159073 -8.51878 70
-9.54491 0.0571902 70
-0.44098 -0.495149 70
-1.08025 -1.31542 70
-1.17217 0.78973 70
-0.494774 -0.3685 70
-9.66512 -10.2481 70
30.4398 0.665848 70
0.890494 -1.47888 70
10.2048 19.3633 70
0.706046 9.8659 70
-18.8716 -30.322 70
-19.8955 29.1244 70
-59.3899 19.0197 70
0.467694 0.669632 70
-9.23635 -0.954564 70
10.4538 -11.0333 70
-30.359 -0.58296 70
0.87995 0.496503 70
-0.189494 9.13339 70
0.190638 0.92797 70
0.569886 -0.224575 70
-1.00247 0.552216 70
1.31359 11.1468 70
0.689704 10.5124 70
-8.94198 0.781267 70
-8.75946 0.225076 70
-1.18862 9.60755 70
0.589061 1.17948 70
-8.89113 9.30385 70
18.607 30.0092 70
-1.22706 0.519068 70
1.20901 9.32731 70
-60.8581 29.379 70
-0.234848 -0.0339533 70
-0.0265635 0.74597 70
-0.299962 0.829929 70
30.874 -10.6954 70
-58.7369 79.9256 70
0.779968 0.553132 70
-0.860263 9.01373 70
-0.102975 0.43838 70
-9.7924 -9.03777 70
-0.693037 -1.01377 70
-9.32871 10.5922 70
-9.38343 -1.35898 70
1.05555 -0.236891 70
-30.5798 -40.3238 70
0.794991 10.6863 70
-0.978055 -0.800432 70
10.9547 -0.471186 70
11.2519 -1.26873 70
-10.8406 1.20241 70
1.41521 10.8007 70
98.6094 -10.5834 70
0.485483 0.874359 70
8.57929 -10.0373 70
-1.15365 0.0659383 70
59.5745 -30.2862 70
-19.4108 9.91229 70
-1.24381 0.15175 70
-0.830114 21.1417 70
-10.4243 1.16412 70
-19.5642 -10.561 70
-11.0514 -9.60146 70
-9.95285 10.1948 70
0.0462922 0.427898 70
-1.31469 1.29352 70
-9.14644 -0.20867 70
-0.342028 0.394146 70
-10.0824 1.25924 70
-0.192557 0.0223001 70
0.627783 -0.430008 70
-11.1077 -9.83926 70
9.24675 9.1936 70
0.149873 -0.801606 70
11.3919 -10.3568 70
11.238 8.58962 70
80.3561 -0.982732 70
-0.319679 1.27459 70
-0.988894 10.8165 70
-10.261 -8.59724 70
-11.1296 -1.02612 70
-19.8898 -48.9095 70
-1.42407 1.06892 70
0.020638 1.01924 70
1.23272 -10.94 70
-0.752478 8.79041 70
-19.2937 8.80916 70
-19.4181 9.65593 70
-9.39512 1.07988 70
-10.4813 -0.737888 70
-0.0112038 0.647229 70
0.0581834 10.4213 70
9.38483 -0.217737 70
30.2285 -0.746356 70
19.6298 10.2699 70
-0.908558 1.24031 70
-0.140482 -1.27293 70
0.443667 11.396 70
1.1648 0.186741 70
0.16671 1.41109 70
-9.44601 9.01489 70
-1.21267 11.4032 70
0.13447 -9.33172 70
-1.03277 -9.08161 70
-10.9405 11.0331 70
-0.290724 0.450952 70
-9.3726 -11.0275 70
-0.0482136 -0.960748 70
11.2932 9.29345 70
-11.3357 10.1105 70
0.532563 -0.604488 70
-19.7531 -0.602464 70
1.07567 19.4082 70
-10.9136 -0.5901 70
-1.00481 11.1798 70
-9.32432 -0.446383 70
1.00162 0.575116 70
0.436404 9.56465 70
-0.772314 1.09827 70
-0.571339 1.33669 70
10.952 -8.86905 70
-0.551183 -1.49095 70
-10.1018 9.53917 70
19.9861 60.7938 70
18.8236 59.8816 70
19.2526 -0.219787 70
19.0691 -11.4723 70
10.6229 1.32995 70
10.9898 10.477 70
-9.46919 8.93044 70
-8.74113 10.3776 70
-0.970249 11.1839 70
-1.01768 -1.07742 70
-0.715802 -1.19382 70
-21.319 -28.9144 70
9.43442 11.164 70
-0.68093 1.27952 70
1.40353 10.2603 70
0.508614 -1.25015 70
10.4454 -10.8904 70
-8.52628 -8.91994 70
1.48108 -0.456519 70
-0.146007 11.3894 70
-20.1345 19.805 70
-1.31027 -18.7261 70
-10.0388 19.5455 70
-1.373 0.591976 70
0.393455 8.58016 70
-8.92432 40.996 70
11.0483 -10.8028 70
9.44988 -21.3682 70
-0.580421 -1.32219 70
-0.872294 1.15373 70
-0.869541 -9.82389 70
-10.5339 -18.6209 70
-1.25647 0.753008 70
10.3643 -8.997 70
10.6729 1.25894 70
-0.76752 0.712983 70
1.49979 1.33518 70
9.83596 -0.860984 70
11.1044 0.782297 70
0.0103148 0.562766 70
1.28847 -0.511961 70
-1.04046 10.3456 70
0.99132 9.15901 70
-1.25173 0.856685 70
-19.9119 40.2867 70
49.0913 0.784599 70
-31.2363 -0.431426 70
21.1366 -0.608106 70
-0.519357 -10.7389 70
0.61003 -1.18498 70
-0.275977 0.480558 70
8.91495 9.84772 70
-30.931 -8.85125 70
-10.869 -8.93837 70
9.38986 -8.73576 70
-10.1515 -1.09559 70
-10.3661 -9.56391 70
1.01546 1.33807 70
1.30703 9.44116 70
-0.99135 -0.634061 70
-0.293916 10.0819 70
-40.7 10.4036 70
-20.0041 -20.256 70
-10.2226 0.458601 70
1.20875 -51.4197 70
-19.8638 51.1421 70
20.7638 9.28093 70
-0.123656 1.17753 70
-29.1161 -9.81023 70
-29.1402 -11.2768 70
19.7565 8.5977 70
11.13 0.285467 70
-11.1109 -0.911409 70
-1.06465 10.2829 70
19.0946 19.8059 70
-19.8735 20.8878 70
-39.5528 40.5476 70
0.643387 0.429167 70
1.2605 10.7981 70
1.33617 1.14129 70
11.4731 8.90927 70
1.4579 0.504743 70
-0.407961 10.4597 70
-11.2492 9.50184 70
-19.6596 -8.60677 70
-18.8502 -9.15921 70
8.57077 -30.6476 70
-0.948533 -0.474976 70
-10.1551 9.63947 70
1.25632 1.20789 70
1.41419 8.548 70
-0.547642 0.771087 70
11.1691 -0.0430987 70
-1.18005 -0.720745 70
1.27617 10.9302 70
-1.46914 1.49764 70
-0.752398 -31.0818 70
-0.156946 -0.321053 70
-11.2952 10.1176 70
1.0179 0.00918669 70
-8.9739 -0.463515 70
1.15288 1.08045 70
-0.118353 -0.0778545 70
0.054037 1.13299 70
10.5789 1.22229 70
1.16895 -0.533127 70
1.48201 1.35107 70
1.27473 0.0466374 70
1.00315 0.0742227 70
-8.68489 -9.72766 70
-0.446141 0.873869 70
1.18355 0.94195 70
