-0.157904 1.0241 70
9.94589 0.899812 70
-60.3892 -20.1112 70
-29.0571 -11.2039 70
-0.81113 -9.40815 70
-0.639225 58.5545 70
9.1886 10.0027 70
0.176693 -8.64403 70
0.117485 -10.6279 70
-30.4981 -69.6749 70
-0.842253 -20.9852 70
10.703 0.814151 70
-19.7451 -19.0228 70
-10.6973 -11.3236 70
-10.6123 -10.0197 70
-9.50342 -9.32266 70
-9.86538 -0.428285 70
-10.3462 -18.7725 70
9.21317 50.258 70
-18.6524 41.3991 70
-10.2571 19.4731 70
0.843022 0.744192 70
-0.349054 0.762172 70
-0.215411 1.27661 70
-0.602946 -10.3813 70
-1.42652 -1.12058 70
-0.973141 -1.06287 70
10.3346 1.31732 70
-1.13171 0.0316212 70
10.2046 -9.6388 70
-10.865 -10.4597 70
-9.99191 -11.3055 70
0.352859 -1.36055 70
-29.3001 59.9648 70
-10.5218 0.11412 70
10.2003 -19.0878 70
-1.00719 0.347051 70
-10.9374 -1.23666 70
-19.3586 21.49 70
-39.9989 29.0081 70
-19.2537 -0.486685 70
0.628586 -10.7697 70
29.5412 10.6459 70
-0.565713 -11.0409 70
-10.6666 1.32773 70
-1.34565 0.448019 70
-9.073 -10.2254 70
19.6981 10.6605 70
20.8646 19.0919 70
0.354422 -19.4834 70
1.1931 0.744295 70
1.0919 -10.0531 70
9.65318 -40.5824 70
59.5566 -28.9251 70
-1.08044 -19.1548 70
-19.1615 -19.6179 70
1.2918 1.33132 70
0.753892 -1.06036 70
0.62468 0.768322 70
-10.0293 1.06304 70
20.9823 -20.5383 70
-9.17652 0.583788 70
-0.710336 0.705399 70
9.35302 0.00761606 70
-19.3528 -0.83903 70
9.73546 -120.477 70
-1.21888 -1.24302 70
-9.67431 -0.896145 70
-10.5253 0.477084 70
-10.6572 -1.43027 70
-1.11286 -10.2952 70
1.48843 -28.8438 70
-0.0715381 -30.3489 70
1.24254 1.15917 70
-8.73343 10.0466 70
9.79495 -10.0446 70
-10.2918 -1.41092 70
-0.332889 -0.230145 70
-1.35574 -0.24475 70
-10.5425 -8.91879 70
-9.86429 -9.06918 70
29.4351 18.848 70
11.132 -21.1978 70
10.366 -18.769 70
39.5678 0.28009 70
1.27536 0.946309 70
-9.07358 -0.35627 70
-10.6341 -11.3008 70
-10.8159 1.04521 70
-1.18124 -18.5378 70
-9.40832 -0.59172 70
-40.016 8.90104 70
18.7713 28.7099 70
-18.5108 -19.2373 70
-1.3336 0.776522 70
-19.0756 40.4091 70
-28.6079 1.01707 70
-1.38202 -0.301676 70
-0.992684 -0.216372 70
0.940044 -10.5427 70
-9.79894 10.8335 70
0.281303 -0.244328 70
9.30257 -18.5736 70
10.0994 -11.3954 70
-18.757 -20.3884 70
-0.239258 -9.8415 70
-9.6925 -8.83808 70
-0.495127 -19.1053 70
-10.0467 0.0802808 70
-11.2768 -0.270627 70
-9.16341 0.398942 70
-50.9159 -1.27115 70
-49.3763 -1.25872 70
20.7549 0.286288 70
-9.00203 -11.2394 70
-0.806024 10.6494 70
9.64932 -0.0138386 70
-0.531352 1.06857 70
-11.4123 -8.88542 70
-0.237532 -9.37444 70
-11.1108 1.43226 70
0.542588 0.04208 70
0.606154 0.757446 70
-9.44615 -10.0805 70
0.242821 -1.11392 70
-10.1513 20.135 70
-11.146 0.294142 70
8.9327 -9.63827 70
0.603868 -9.18774 70
0.0285042 -1.37442 70
-10.0283 -9.62624 70
0.954141 -0.202358 70
-0.976551 -0.665567 70
-10.7606 1.45352 70
-11.2645 0.826266 70
-9.97123 -9.82479 70
-10.2756 0.550034 70
-11.1399 0.734661 70
0.217255 -9.78762 70
1.0843 -0.356053 70
-9.611 -18.5147 70
1.11659 -29.292 70
21.2251 9.79594 70
-80.7347 -109.886 70
-79.848 -110.314 70
-10.5947 -9.67545 70
-8.5166 -0.699861 70
9.25944 -40.1753 70
0.678742 0.404444 70
-0.10978 -11.4545 70
-40.8987 50.8786 70
9.34886 -9.71854 70
-89.7597 -79.3062 70
20.9862 -0.744806 70
-10.8567 -11.3689 70
-10.9091 -11.3991 70
19.5448 -9.28489 70
0.890149 -10.5545 70
0.917758 -10.0149 70
1.43457 -40.8644 70
1.36433 0.325899 70
8.77705 -8.68802 70
8.59489 -9.56203 70
28.9677 -19.5396 70
1.47999 -9.80337 70
-10.6033 -0.0410772 70
-9.93147 -1.42313 70
9.97369 19.483 70
-29.8362 1.11155 70
1.49766 -10.496 70
-0.894289 -10.4252 70
1.27875 0.466772 70
-8.93285 0.604722 70
9.3169 18.7966 70
10.4584 -19.1376 70
-18.635 -1.28461 70
-1.41366 -0.725805 70
1.33338 -8.88509 70
-31.1939 -21.1546 70
-9.49005 20.5395 70
-1.42926 -9.63709 70
-0.0718085 -1.45984 70
-10.568 -9.95138 70
-11.2771 -0.165484 70
-9.99304 -1.04974 70
0.0410199 -9.21733 70
-0.636284 -20.0077 70
-1.49141 0.473496 70
-10.4721 11.3271 70
0.770455 1.14057 70
9.53882 -9.94579 70
18.9335 30.9978 70
1.2881 -1.06608 70
8.70722 -9.89381 70
18.5286 -0.302057 70
1.05193 11.3912 70
8.93442 -8.56769 70
10.3758 -9.56764 70
-21.1423 -8.7149 70
-51.3783 -50.1028 70
-11.0974 -10.8014 70
-11.0151 -0.31365 70
30.1898 -19.7425 70
-8.64622 9.02937 70
10.6635 0.109163 70
10.1945 -0.585331 70
0.119017 1.05392 70
-9.02137 9.76729 70
-0.573691 -1.299 70
10.5464 10.1711 70
9.97245 1.01015 70
9.09023 -19.989 70
0.890969 -1.32118 70
0.738593 -19.5522 70
-11.0838 -10.1624 70
-10.4643 -1.2528 70
-0.275888 -0.952167 70
0.187921 -1.18627 70
0.286951 0.315021 70
0.701968 -1.33935 70
-1.00462 -20.4675 70
11.3689 -21.2206 70
9.83887 -9.30161 70
-10.0349 -8.60034 70
10.8184 0.270469 70
1.17181 -8.7694 70
0.76482 -9.81456 70
8.66625 9.37214 70
-29.9596 -10.4463 70
-1.0149 -0.572542 70
0.708932 0.277929 70
1.24653 -19.4379 70
-9.85892 8.88117 70
-11.0488 -9.35091 70
-9.64267 0.777356 70
1.15302 -0.799931 70
-10.0918 -0.0241607 70
8.81398 11.4457 70
8.92848 -10.2124 70
-0.0154238 -20.2632 70
-29.1993 48.6657 70
8.61835 -9.96321 70
-0.460707 -11.0148 70
8.6794 -30.9414 70
-9.06085 11.3758 70
-0.799693 0.895265 70
-0.720309 8.8197 70
-10.4507 -8.61452 70
0.258499 -1.29166 70
-8.87237 -0.243041 70
-9.43141 -1.10695 70
30.5519 -51.3024 70
0.979892 0.26427 70
-0.601593 -8.82442 70
-1.41042 -9.69024 70
1.19354 0.811568 70
-8.94982 -1.25408 70
-0.168068 0.89188 70
0.0663013 -10.4191 70
-29.75 -1.15607 70
1.0506 -9.72728 70
0.27987 0.797461 70
-1.23404 -1.47122 70
1.40793 -19.7572 70
-9.74185 -8.80774 70
-60.1285 -28.5405 70
-1.22605 -11.2047 70
-8.92286 10.0479 70
-11.1486 -9.86626 70
-1.38553 -0.729814 70
1.12853 -0.752345 70
0.611161 -1.48763 70
-20.3511 -20.514 70
-18.8348 -19.0066 70
-31.1876 -18.7617 70
-29.1676 -19.1299 70
-1.00008 -39.7711 70
8.67854 9.14873 70
-10.5088 -20.4078 70
-11.2923 -0.191473 70
-0.580635 -0.107826 70
29.9943 -18.6591 70
0.984597 -10.878 70
9.12355 0.554734 70
10.5385 1.03646 70
-28.6617 -28.8502 70
-0.24489 0.532159 70
0.769527 0.912303 70
8.94754 -20.8506 70
-8.88612 -9.87942 70
-11.2852 -10.4387 70
-10.0267 -0.161171 70
-11.164 -10.2632 70
-0.696344 -18.8929 70
1.47816 8.91697 70
0.438783 9.32181 70
-20.2632 -11.1725 70
-11.4067 0.482987 70
-1.10586 0.832885 70
-11.1914 -0.39138 70
-18.8057 -21.0111 70
-1.06334 0.558419 70
1.07162 29.2781 70
1.42712 -9.04041 70
-10.0623 -20.0842 70
0.501892 0.0299971 70
-1.32517 -0.280613 70
-9.71152 0.777208 70
-0.848795 1.1652 70
10.9497 -11.029 70
-11.0604 -10.6184 70
-40.5589 1.19636 70
-0.00699922 9.69695 70
0.428271 19.8019 70
-11.2855 -8.52478 70
9.64598 -20.9088 70
1.00604 -21.1705 70
-10.4976 -8.83231 70
-8.62356 1.17215 70
-11.0113 -18.8707 70
1.0893 -9.62284 70
0.799581 9.65354 70
10.8131 -20.4437 70
-8.66291 1.49896 70
-1.28412 -0.464731 70
81.3222 20.2345 70
0.999026 -8.87508 70
-18.6145 -0.56851 70
0.372545 -10.6361 70
-0.579993 1.41455 70
18.6219 18.8894 70
-1.25552 -10.7309 70
49.8318 -39.9622 70
-11.0697 0.993329 70
-1.07763 -10.2783 70
10.2626 -18.5701 70
-8.6911 -0.118539 70
0.998791 -9.70537 70
-0.894149 1.12392 70
0.787646 -9.61552 70
-9.63992 -0.276655 70
-0.737077 -29.6703 70
-11.2964 -1.00457 70
-0.817787 -1.17219 70
-10.0104 0.697159 70
-8.82093 -0.811186 70
-20.6375 -29.251 70
-18.7088 49.4723 70
-0.906129 -8.59587 70
0.285163 88.647 70
-1.37284 11.1664 70
-9.95341 0.746859 70
0.414431 -1.26005 70
-11.3951 -8.62536 70
9.37731 -11.2319 70
10.0517 -11.4099 70
-10.8156 1.14309 70
30.4814 -8.71137 70
0.884598 -1.3916 70
-10.5263 -80.1415 70
-0.695053 -0.770513 70
-11.4997 -10.7433 70
-8.70585 -0.927688 70
-0.458606 -20.4574 70
-11.4589 1.17072 70
9.98637 -20.7588 70
-10.8161 -11.3092 70
1.10915 -0.125072 70
-8.61316 19.6145 70
-28.7967 -1.10138 70
0.08404 -1.04161 70
-0.590494 -10.77 70
38.9633 30.9855 70
1.08888 1.10693 70
-19.2345 -11.1499 70
-18.8434 -0.592102 70
0.221602 -9.83382 70
-0.299421 0.636376 70
-11.2167 0.0596013 70
-9.01133 0.221974 70
9.58736 10.3541 70
-8.8144 -9.06813 70
0.643421 -1.31622 70
9.63681 0.7128 70
-29.5536 39.055 70
-29.1769 21.21 70
8.7185 -39.8973 70
-10.7944 10.8344 70
-11.2846 10.5887 70
10.3526 30.6113 70
11.2042 38.7394 70
-0.0135011 -0.318338 70
18.9015 0.288554 70
-9.42795 11.1478 70
-0.268303 0.822998 70
-10.6272 0.467317 70
-1.0526 1.05301 70
9.58714 -0.202686 70
0.347497 -9.65752 70
-0.4845 -0.88909 70
0.234308 0.33887 70
-19.6881 -10.7522 70
-20.2075 1.10113 70
-11.4682 -11.3209 70
0.630641 0.432418 70
0.0417098 1.00091 70
9.46593 -8.74426 70
-1.13652 -11.1131 70
-9.71961 10.5887 70
-8.7292 -10.189 70
50.7562 50.946 70
20.4914 10.9733 70
11.4062 20.3404 70
-9.37958 -9.97399 70
9.51533 -10.6496 70
10.7166 -71.4513 70
9.65176 -71.4173 70
10.5697 -70.6547 70
1.17095 -0.336826 70
-8.53538 -8.62625 70
-0.86575 -10.1682 70
-41.2378 10.1946 70
-0.145724 -18.8242 70
-10.7969 -18.8169 70
-11.437 -0.926575 70
0.0476385 -0.623267 70
0.649395 -0.809453 70
-11.277 -10.7867 70
-11.2979 1.29769 70
1.2597 -9.87851 70
-10.6495 1.09619 70
1.22379 -0.139141 70
70.8643 30.0453 70
-1.06351 -8.51968 70
-38.7658 39.917 70
-40.69 41.3916 70
-10.1203 -10.337 70
20.4162 1.46959 70
9.00783 -10.4942 70
-11.3418 -19.0777 70
-10.5246 -0.20968 70
-10.8305 -11.4682 70
-20.1414 -0.773076 70
-18.9282 -31.0553 70
-58.7567 1.13669 70
-0.63185 0.78326 70
0.812843 0.719456 70
-10.0549 -29.6393 70
-1.1488 0.318172 70
-1.214 9.29956 70
-11.0521 -11.102 70
0.836155 -10.9177 70
-9.52037 0.00458324 70
-10.6134 9.66721 70
-11.1326 -9.87668 70
-9.87284 -11.1441 70
-19.5006 -19.9786 70
-10.9898 0.601774 70
-10.3031 0.703884 70
0.117179 28.7083 70
-1.22661 8.57125 70
0.281315 0.565744 70
0.980094 11.2457 70
1.29687 -11.237 70
8.81066 9.30756 70
-11.4959 -18.7868 70
-18.8157 -10.1762 70
-0.715344 21.1648 70
0.121567 1.27658 70
-0.363487 -8.8378 70
11.4365 50.6495 70
0.682376 10.143 70
50.9212 -8.80852 70
-10.9451 0.635385 70
-18.67 -9.68697 70
-10.9061 -0.924379 70
-19.9168 60.855 70
0.68722 -8.79503 70
9.78598 -9.10102 70
-19.7558 -0.704072 70
21.2739 9.0682 70
0.214847 1.12721 70
-0.263547 1.39869 70
-10.5175 -8.68299 70
0.995099 1.14871 70
9.30161 -0.393838 70
-10.5155 -20.307 70
-10.5005 -0.235895 70
1.42053 -9.40278 70
-1.04337 -10.3043 70
28.5491 -1.43655 70
-1.32082 -1.17195 70
10.8665 20.4868 70
-10.4601 -0.880409 70
11.1676 -19.8289 70
10.3347 29.1991 70
-1.40289 20.5641 70
20.2629 40.0703 70
-0.0839218 -8.92096 70
11.4145 50.6297 70
-1.35226 -1.29304 70
-19.0816 -1.484 70
-9.50446 10.5098 70
49.989 -10.2588 70
0.983289 9.92152 70
10.4066 -20.6466 70
-8.99777 -18.6221 70
-1.07762 -0.72672 70
11.4576 -49.7572 70
-1.49158 -1.3014 70
-0.234951 -0.849765 70
-10.613 -0.797555 70
-19.8737 -8.87069 70
-20.3598 0.624555 70
-29.3941 -19.2805 70
-10.4183 1.30775 70
-1.15971 -0.587478 70
-8.90881 10.3029 70
0.649372 -1.29481 70
-10.7138 -9.38097 70
-1.11878 -8.7411 70
-0.293689 0.0592536 70
-0.139366 9.13712 70
-40.8416 30.0533 70
9.99163 8.76784 70
10.4962 -0.214299 70
0.126377 -9.60986 70
0.531971 -1.22415 70
-8.97825 -21.0242 70
31.1532 19.4288 70
10.9333 0.21513 70
-29.4504 8.77476 70
0.0472716 -0.832159 70
0.277731 -9.74466 70
1.1987 -19.6842 70
-9.14171 0.395974 70
-0.744541 -9.53155 70
0.0574582 -9.88565 70
0.299318 -10.3675 70
-0.683299 -11.2845 70
-0.634707 0.695233 70
-1.06416 -0.73092 70
-0.211284 -0.800289 70
1.24188 0.767584 70
-9.86003 -49.1367 70
-19.7826 -10.1744 70
0.153299 -8.83158 70
-21.0616 -29.1977 70
0.313006 -11.4353 70
-10.3673 -0.252387 70
-0.640276 -20.2948 70
1.3016 0.804263 70
0.996805 -30.7156 70
-19.0788 -39.239 70
-0.991516 1.37929 70
-1.34419 -9.8495 70
0.646137 -0.433914 70
-19.4896 -1.28824 70
-0.254628 1.2606 70
0.349703 -0.403366 70
11.3582 -10.6992 70
-0.639042 0.118125 70
-0.0215369 -1.05005 70
-10.39 1.3091 70
1.22017 -1.45646 70
-9.50622 1.46181 70
-10.3151 -0.431091 70
0.486994 -0.485187 70
-59.8331 80.7086 70
-10.5323 1.2426 70
-0.197911 -10.4028 70
-0.19192 1.13901 70
1.4621 0.831389 70
-10.8393 1.11426 70
-9.68439 -1.02748 70
-0.536023 -31.065 70
-9.67968 -1.34797 70
-9.14983 10.6713 70
-9.61028 11.311 70
-10.7073 -9.81369 70
-11.4362 1.26669 70
-9.35426 -0.579709 70
1.25995 10.9288 70
9.76828 -50.4341 70
-11.1388 9.31947 70
-8.67785 -40.7199 70
-10.8863 -39.4727 70
9.50273 -8.63936 70
-19.6136 20.3254 70
-10.7936 -1.16504 70
-1.08275 -1.43617 70
-10.6774 0.247115 70
-0.279604 -29.1204 70
-9.81984 9.82287 70
-0.653399 1.26336 70
11.4017 11.3731 70
-1.32942 0.589795 70
-9.7214 0.16062 70
-0.680894 -9.92122 70
0.0406374 -10.3035 70
-9.98328 -9.14159 70
-0.890233 1.28762 70
-8.74316 9.28737 70
-11.4347 0.726034 70
-10.3091 9.13431 70
-9.66199 -8.8682 70
1.09119 -29.6204 70
31.0069 -18.6334 70
-9.15732 0.756901 70
31.458 -0.36209 70
-10.7661 0.709033 70
20.6704 10.6758 70
0.0889909 -1.30277 70
-9.9935 -11.094 70
1.46582 -9.04197 70
-9.60631 -9.42612 70
1.34904 9.78543 70
-20.492 -20.1036 70
0.315809 -11.2688 70
18.8035 -0.157632 70
-1.26434 1.14058 70
9.47489 0.795925 70
0.0849763 -9.66389 70
-21.1378 -30.1001 70
-30.2751 9.70053 70
9.71951 1.21549 70
0.527547 0.160156 70
10.8171 0.789812 70
1.12466 -9.61312 70
0.660694 1.1674 70
0.728518 -0.245862 70
-9.4262 8.56261 70
-0.765547 -0.774812 70
-0.0165392 -21.142 70
-31.3046 -38.9525 70
-10.639 9.67344 70
0.706166 1.34223 70
0.215721 -9.94817 70
20.2445 -21.2288 70
-9.25871 -1.25277 70
0.730728 -18.5923 70
0.401026 -21.4569 70
-9.92453 -8.97857 70
-10.3516 8.56242 70
-9.09341 9.99327 70
0.0416555 -0.242609 70
-29.1291 10.1684 70
-9.95608 -1.12438 70
-40.1611 0.393272 70
-39.7795 0.943984 70
-0.564428 9.96506 70
-8.7152 -10.1484 70
-10.1983 -8.73588 70
-10.8271 8.71707 70
-18.7083 -9.15893 70
-0.603559 10.2453 70
19.3694 1.26101 70
28.9866 0.495698 70
-9.90803 -8.85933 70
-19.705 11.3573 70
-10.771 0.189833 70
0.977856 -0.707826 70
-11.4067 0.675461 70
0.974682 0.575557 70
9.92087 9.97714 70
88.9367 -59.7745 70
1.38254 -0.438851 70
-10.5602 11.0182 70
-8.70561 9.62381 70
0.181358 0.470408 70
0.0696591 -0.128303 70
11.422 -0.823088 70
1.25632 9.58318 70
-41.3889 -0.350421 70
1.47315 -0.574427 70
-8.9212 -10.8968 70
-11.3885 0.682295 70
1.1807 -19.6764 70
-10.3678 -10.2383 70
-39.9336 10.1936 70
20.4046 8.76256 70
-9.55359 1.023 70
-10.7724 11.0813 70
-9.21327 -10.4768 70
10.1878 10.4099 70
10.4416 9.00236 70
-18.892 -9.52676 70
0.132129 -8.93236 70
20.289 -9.40896 70
-8.73485 -9.54881 70
-9.92681 0.391609 70
1.39289 -0.34035 70
-0.950826 1.1674 70
-0.828946 -20.4383 70
-0.36289 -20.2723 70
0.732522 1.09005 70
-0.397846 -8.71739 70
-21.3024 -9.75418 70
9.5605 21.1092 70
9.54134 -10.3692 70
0.963142 0.510844 70
-11.0219 -8.8585 70
-41.4298 11.1419 70
-10.6204 -10.6823 70
1.24582 -9.9359 70
-10.8907 0.0150208 70
-0.325476 0.718351 70
0.287315 -0.49224 70
18.9571 9.77145 70
-10.8925 1.4944 70
9.71545 0.929231 70
-1.07014 -0.436036 70
-19.7149 -19.8653 70
-1.11169 -0.763386 70
1.07044 -0.687988 70
-10.9001 -18.9182 70
-0.697207 -0.888656 70
1.30075 -1.20468 70
-1.078 11.2053 70
-39.4189 -18.6502 70
-0.894296 -9.63837 70
0.891363 0.26746 70
0.110531 0.52593 70
0.122872 1.41982 70
-29.4414 -19.7602 70
1.16229 -20.7422 70
