30.3702 21.4983 70
1.2878 0.0404319 70
-0.91309 -0.988189 70
49.4994 -18.577 70
19.8215 11.2522 70
-0.635344 -0.703937 70
1.15124 9.76594 70
60.0804 71.3601 70
1.46441 11.3051 70
-0.86255 -1.26395 70
0.360248 -0.914209 70
9.61341 9.01853 70
-20.0823 18.7926 70
28.7263 8.86976 70
31.2024 11.3836 70
11.0555 0.650995 70
0.193525 0.357991 70
9.60927 0.0213149 70
-0.0560514 8.72402 70
8.63125 -9.99055 70
19.4809 9.64571 70
-0.752808 20.3307 70
-1.14569 0.40024 70
0.267101 0.619134 70
-8.81128 20.9812 70
-9.31704 -9.52458 70
-20.3225 9.95263 70
-10.2292 0.734635 70
-0.0736398 -0.901569 70
8.70766 -30.9818 70
9.89577 -20.941 70
0.938756 10.7199 70
-21.2053 0.506024 70
-30.1793 -9.63963 70
0.837957 0.547339 70
-19.1852 9.46264 70
0.234622 0.826886 70
-1.44425 -1.334 70
40.1431 -21.2962 70
-8.52783 -21.1042 70
-9.26148 0.174289 70
-0.963971 0.950558 70
-0.942083 -0.890625 70
-0.356555 0.0665855 70
31.4371 21.2901 70
9.41338 10.7782 70
-20.7012 1.09736 70
19.0116 -11.2968 70
0.100984 1.25446 70
-109.394 40.6578 70
0.0811667 9.91229 70
-0.419489 38.9242 70
-0.134894 0.719789 70
9.68686 0.960182 70
-39.8381 31.3508 70
-18.8465 -0.163269 70
-20.059 19.7418 70
9.92623 -19.8651 70
9.89243 -18.944 70
1.05872 -10.6725 70
19.6846 -0.248048 70
71.0309 -81.4152 70
8.94545 -8.93793 70
10.4852 0.478048 70
10.5944 0.0925088 70
0.164201 -0.132898 70
-0.0927675 -0.576249 70
1.39783 0.377902 70
-1.4657 8.69084 70
-9.44026 11.4846 70
-0.394238 0.278732 70
-9.48634 -8.60464 70
-0.316103 1.47152 70
-0.687515 -10.4905 70
11.4287 -0.800103 70
1.27423 -1.44659 70
0.852233 0.150056 70
10.5695 -8.7586 70
19.2101 -10.3855 70
10.2071 0.555306 70
1.43013 -10.3685 70
11.367 -9.74036 70
9.23946 -11.3487 70
-1.38374 0.656113 70
-0.252705 -0.49698 70
-0.47212 0.730909 70
1.48824 21.3347 70
0.591237 9.15887 70
-0.00883092 0.822012 70
-1.29762 1.06425 70
-8.82348 0.738335 70
0.735615 -0.311279 70
-8.61527 -1.01175 70
-1.20848 -0.374329 70
10.958 -0.338502 70
0.980046 0.755242 70
9.64918 10.4134 70
-1.14088 1.11307 70
8.5231 -0.0655259 70
-0.880114 1.14034 70
0.630493 1.46965 70
0.02656 -0.394239 70
-20.9674 -0.524013 70
21.3524 -19.4026 70
-0.443115 -1.17209 70
0.0342008 8.83312 70
-19.6698 18.7967 70
8.6107 -10.2331 70
1.38342 -0.745089 70
0.22149 9.80078 70
19.8679 29.6484 70
8.75774 -0.679576 70
0.864081 11.2256 70
-11.333 -0.162387 70
0.984753 -0.516529 70
-0.385293 8.80212 70
-19.4128 20.2471 70
11.3373 -9.38631 70
-8.68195 -18.9714 70
-0.0287777 0.36104 70
-20.9969 -0.154225 70
8.7002 20.4635 70
-0.495898 -0.903281 70
0.639892 0.0824884 70
30.1106 30.6022 70
-0.0300302 -0.23945 70
-10.8862 20.2832 70
8.57664 0.179982 70
1.09717 8.51836 70
29.2825 20.4776 70
-0.969246 1.0021 70
1.18218 -0.781737 70
-0.540109 1.43224 70
-0.972561 10.5549 70
-38.7637 30.2533 70
-0.957766 9.89499 70
0.257169 -10.9463 70
0.541617 1.11179 70
0.823828 0.847109 70
1.2111 -0.456119 70
11.0091 -0.694692 70
9.77854 0.456796 70
10.7837 0.15822 70
38.702 -0.341219 70
0.70029 -0.837987 70
10.341 9.87267 70
0.916461 -0.576249 70
-0.184683 0.559291 70
-20.6129 0.201759 70
-0.813706 9.14111 70
-9.91174 -0.422976 70
0.923317 -1.01121 70
-0.716724 -0.627118 70
10.195 -0.225339 70
-30.4712 21.3853 70
0.731095 -0.438366 70
1.01757 8.6236 70
0.321393 -0.199853 70
-0.857138 -10.0019 70
10.2619 41.0885 70
1.15301 19.3503 70
18.5792 8.52553 70
-0.738504 29.1685 70
-0.217761 -0.300176 70
10.9516 -9.39356 70
11.089 -10.5168 70
-20.6278 -19.3318 70
1.48258 10.66 70
1.04757 8.84708 70
-0.71801 -1.02397 70
0.957316 0.282879 70
-11.3384 1.05241 70
10.1903 0.0171639 70
-1.37979 1.18109 70
0.80767 -0.941194 70
-0.776198 31.3873 70
1.13342 31.1598 70
11.232 0.291741 70
-8.71257 -0.570188 70
9.47699 0.097921 70
9.94346 -0.548186 70
0.339196 11.3135 70
-19.4233 -19.315 70
-9.26198 0.864968 70
0.666305 0.8709 70
-0.403675 -0.642134 70
-9.33852 -1.05872 70
0.561302 0.185583 70
18.5316 -0.47243 70
1.44542 9.02047 70
-0.516774 10.5971 70
0.864396 0.389239 70
0.390611 1.36094 70
9.94749 0.769821 70
0.525732 0.692756 70
9.92085 0.712102 70
-0.288905 -0.152588 70
0.476511 0.173877 70
8.98183 0.0416507 70
-9.2303 -8.85956 70
9.62659 -9.30046 70
9.49833 -0.0597126 70
-59.9832 -18.673 70
-31.4138 9.44646 70
9.27052 -19.8839 70
50.6768 20.6047 70
-0.129196 0.527983 70
1.43848 0.224137 70
-11.3825 -0.183334 70
9.2196 1.41744 70
9.52171 10.2715 70
8.84232 8.72499 70
39.4569 41.0893 70
0.582808 -0.397647 70
-19.6632 -9.48462 70
10.3309 -10.9311 70
-0.700289 9.30134 70
0.773728 0.902272 70
-30.886 -40.686 70
-31.3115 -39.2233 70
10.0653 -19.2358 70
11.2077 0.00766593 70
9.6077 -10.8239 70
9.29266 20.5065 70
-18.5898 -0.388189 70
-8.91427 20.4038 70
-10.6478 0.273904 70
1.37889 1.43466 70
-0.914557 -0.692318 70
0.776547 20.8339 70
10.8031 -0.488049 70
9.77645 8.54309 70
-0.472222 -21.3809 70
-11.021 -8.55847 70
-10.4341 -0.0364558 70
-0.706214 -1.42387 70
1.43804 0.94136 70
0.743119 -1.32947 70
0.437446 1.44535 70
-10.1233 50.1909 70
19.055 -19.0786 70
-9.36105 -10.2769 70
-21.1965 1.42575 70
-9.43377 20.6514 70
18.6766 0.384732 70
-18.6501 20.2344 70
-0.224409 0.886402 70
-9.94478 8.654 70
-0.87366 10.9922 70
-1.38291 31.4181 70
-0.971577 8.69285 70
1.06303 11.2601 70
-9.89273 1.38324 70
-0.937556 -10.1349 70
30.7227 -0.471528 70
10.2215 0.956687 70
-1.34274 1.03059 70
-8.678 -0.906268 70
-0.703659 0.258157 70
-0.961421 -0.925301 70
8.89589 -21.0174 70
10.847 10.1069 70
11.0368 9.2188 70
1.21185 9.56392 70
-8.7708 9.08441 70
9.02692 8.88592 70
-31.1455 49.2187 70
10.0198 20.69 70
-0.235949 -0.524788 70
-0.0627899 -0.381103 70
-9.39463 -31.0738 70
-0.401844 -0.453312 70
-1.20788 0.322283 70
-0.0686043 -0.761723 70
19.1741 -39.7937 70
-0.313641 -0.686631 70
-1.35082 10.4686 70
-9.87937 39.0048 70
-10.3682 0.190641 70
-1.21907 1.01726 70
9.83288 -0.532662 70
-0.720731 1.42453 70
18.8786 -0.442166 70
19.8781 0.303821 70
-30.4097 39.3052 70
0.538896 -0.861318 70
0.337553 11.0916 70
30.0661 20.4593 70
11.3947 10.6024 70
-10.167 11.0507 70
-10.0694 9.47725 70
-10.3038 -1.40552 70
1.47816 9.32936 70
1.14689 -30.8491 70
20.1453 9.1311 70
10.4581 -11.4095 70
-1.12178 -1.39324 70
-1.4058 0.861877 70
-0.694397 -9.41308 70
9.34793 20.79 70
-0.164148 10.9244 70
1.0369 -48.7314 70
0.300149 -0.435576 70
0.971281 0.438212 70
0.47356 1.43121 70
-20.654 -10.3833 70
21.1944 -8.65985 70
1.29967 8.53495 70
8.5345 10.1105 70
-1.0041 0.85662 70
-0.294541 -1.24035 70
29.0001 -9.06131 70
0.160434 1.38985 70
-90.0683 -90.3556 70
1.33406 -0.763917 70
0.327421 0.421503 70
-0.512925 0.0915031 70
-1.44914 0.191616 70
1.31866 8.65734 70
-0.0292967 1.21868 70
20.4894 -0.887376 70
1.13477 0.291056 70
-0.590668 -0.27955 70
-28.9716 38.7259 70
-9.1289 0.964574 70
-0.280974 -1.18977 70
10.547 -0.00435945 70
10.0207 0.594124 70
39.4438 18.7278 70
-11.372 -1.29362 70
-0.656493 0.10413 70
-9.09478 0.174538 70
-0.794679 -1.18426 70
-0.0148551 -1.13344 70
8.75187 -0.66682 70
0.442124 1.23134 70
-0.283362 20.0578 70
-0.756722 9.44419 70
0.373607 9.27165 70
-29.0778 8.91645 70
11.3178 10.8889 70
9.2571 -11.4619 70
-20.9333 0.21441 70
-1.21366 0.295623 70
-39.8871 -29.8818 70
1.17358 -20.7748 70
-9.13335 9.25398 70
10.0571 -8.63338 70
1.28933 -1.35162 70
-1.2387 -0.0923812 70
0.961503 1.03532 70
-1.45468 -0.368824 70
0.214225 -9.72037 70
-1.03127 18.9391 70
0.258857 -8.9299 70
-10.524 0.924747 70
9.27742 9.65182 70
0.0436326 0.684612 70
11.2547 -11.0052 70
1.36031 -1.32531 70
0.428998 -1.14563 70
-10.7209 8.63802 70
-9.93685 19.1199 70
-0.478877 -0.303318 70
-0.290322 9.50932 70
20.0334 -9.285 70
1.38489 10.436 70
9.67539 11.4438 70
-1.2543 -0.144749 70
1.21259 -1.49574 70
40.5991 -29.8789 70
-0.181927 -0.189814 70
20.3123 -29.0657 70
0.651574 -0.163388 70
0.830603 -0.0649556 70
19.6839 9.08902 70
-0.150483 -0.695335 70
-9.69777 11.4855 70
-9.10388 10.4911 70
29.642 40.889 70
-11.4554 -29.2663 70
0.329221 0.509767 70
1.40868 0.905439 70
0.755024 -11.0126 70
20.9008 11.0026 70
-1.2477 9.04191 70
-50.5306 8.7942 70
-0.592608 1.45078 70
-0.722572 -1.18264 70
-1.08391 -10.7913 70
0.584914 1.28349 70
0.627047 -0.114529 70
-1.28416 -0.450581 70
8.92092 0.582035 70
1.43727 -0.217322 70
-1.44476 -0.0847249 70
10.5754 8.73876 70
39.975 -9.02681 70
-0.656518 0.471322 70
9.42498 0.103442 70
11.0818 0.787224 70
-0.768844 10.9326 70
-1.29936 19.7321 70
-9.4229 30.0768 70
0.857025 -0.746355 70
0.0960927 -10.21 70
10.2366 10.839 70
-1.33785 0.50031 70
0.298518 -0.727966 70
0.142067 9.2695 70
-9.6214 -8.76817 70
0.270509 -1.49947 70
-0.377146 0.458605 70
18.8764 9.61306 70
1.07713 10.4711 70
11.45 0.785378 70
9.89647 -1.35273 70
-0.50979 -0.544747 70
39.3211 -30.1771 70
39.6088 -29.7413 70
0.000536247 0.449021 70
10.119 78.6646 70
10.9961 78.6177 70
11.221 9.48937 70
19.2911 -11.4425 70
-0.754846 0.828233 70
11.2154 9.60801 70
8.76154 -1.30897 70
1.22295 10.2235 70
9.22812 -0.527636 70
0.347132 -19.7014 70
8.75381 -28.8296 70
-0.961755 -1.3944 70
0.808377 0.151984 70
-0.356306 10.1224 70
-0.573726 1.17792 70
10.8753 18.8678 70
8.63774 -0.555631 70
-21.203 -30.6605 70
10.4647 20.5647 70
-68.8062 -60.0221 70
11.3669 -29.7561 70
-10.7019 0.765971 70
0.620608 9.2761 70
-8.60981 -0.730233 70
-0.921454 -10.2088 70
-20.4874 -0.248877 70
0.136981 -1.00453 70
-10.7146 30.5863 70
8.63833 0.207847 70
-0.993267 1.41864 70
1.35055 1.00207 70
-0.921582 0.223141 70
0.237708 1.28604 70
-21.3573 -11.2404 70
0.437556 0.49069 70
-0.306473 -1.43373 70
-0.810304 10.3714 70
-40.3797 -20.6836 70
-8.57891 -1.31247 70
0.32725 -1.22509 70
-1.24726 1.02147 70
-0.917472 -0.379716 70
11.0829 9.0002 70
-1.26734 10.1106 70
1.48196 10.5899 70
-1.22985 11.2848 70
0.243731 -1.1937 70
0.536935 20.7389 70
-81.3502 -109.506 70
29.4432 1.10913 70
11.2265 11.314 70
-20.454 -0.890478 70
9.17078 19.4212 70
-0.126259 1.4683 70
-0.392065 -1.42859 70
-9.87607 9.3045 70
31.3596 -1.47104 70
21.2554 10.9713 70
1.31827 -20.5471 70
10.1151 -8.85428 70
10.5981 -9.60833 70
30.7104 -40.4885 70
0.272216 9.25362 70
-0.719734 -10.2769 70
10.2829 -1.20449 70
-1.4466 -0.11758 70
-9.16592 20.4929 70
19.8898 9.65398 70
-1.37937 -0.259976 70
0.812634 0.431599 70
0.32096 1.31832 70
49.8188 -41.3018 70
0.87033 -0.315512 70
9.00652 0.213957 70
-9.10987 -28.8244 70
0.546898 8.50542 70
29.3388 -9.77441 70
0.61433 -10.4587 70
-1.30042 1.29004 70
20.4443 18.6187 70
1.34647 -1.31235 70
-10.0212 -11.466 70
1.20329 11.2184 70
0.15976 9.10813 70
-11.1832 -9.85749 70
10.7891 -20.4481 70
-8.85936 0.746086 70
-9.25424 -0.684464 70
19.8465 -11.2885 70
-0.826789 -10.0746 70
-59.057 21.4634 70
10.2533 -11.0879 70
-0.237525 -0.268928 70
0.40098 0.445743 70
1.36687 -1.17802 70
-1.23638 1.25239 70
1.21924 1.35608 70
-20.5576 10.471 70
-0.842255 0.581682 70
-0.808664 1.23048 70
-0.244171 1.20935 70
-10.5799 -10.2979 70
-19.5444 -0.514937 70
-0.701453 9.79062 70
9.46961 19.2527 70
-0.154316 -0.647398 70
-0.43544 1.19764 70
11.3447 0.491695 70
9.56902 0.0887526 70
11.0308 -0.589494 70
-0.517468 -0.270443 70
-0.610436 -10.9105 70
11.0805 -1.15547 70
-10.5913 0.875169 70
-19.9403 -10.9397 70
0.298391 -0.748911 70
-0.736182 1.04482 70
11.4104 -0.243258 70
-9.56197 -9.05423 70
39.7489 -41.1609 70
1.39824 9.35076 70
10.6472 -19.2444 70
0.781909 -1.25456 70
-1.30547 -48.8006 70
-0.718501 -0.0437847 70
0.864541 -0.969724 70
11.32 -1.27614 70
9.66471 9.11458 70
-9.71895 10.3751 70
-0.226649 -0.00747971 70
-10.8747 0.456911 70
-0.253777 11.1137 70
11.3552 9.76396 70
1.48869 -9.34866 70
0.370179 -9.74021 70
11.2743 -0.345164 70
-0.703236 -1.4348 70
0.522435 0.745109 70
11.3784 -1.32772 70
0.273995 -0.0621915 70
9.33573 -11.2129 70
20.2307 -8.82399 70
-9.42243 -31.276 70
-1.33651 19.2106 70
-0.403376 1.42029 70
-9.11744 -10.3109 70
-10.3833 9.96558 70
-0.353763 -1.36396 70
9.10004 0.104309 70
-0.865781 0.942087 70
0.705955 -0.626131 70
-1.38847 -1.47717 70
1.37189 -0.580126 70
-9.14027 -11.4678 70
20.0589 -9.79405 70
10.6922 0.0179676 70
-30.2446 -28.6571 70
1.41643 0.404573 70
-1.12131 0.801424 70
-1.05326 10.374 70
-9.94895 10.3655 70
11.218 -10.9454 70
-20.3259 -30.4437 70
-29.0235 -39.7341 70
19.7675 -18.6271 70
9.9743 -0.181554 70
0.861271 1.20932 70
10.9568 9.85266 70
1.13304 19.9547 70
-0.15959 -0.347204 70
10.9323 -9.81771 70
-1.06867 -20.8384 70
-21.3242 -0.00741848 70
-0.25904 0.983672 70
-1.23999 -0.342747 70
0.54412 1.2039 70
0.361402 0.404848 70
-0.287447 -1.16352 70
10.3635 -31.4172 70
10.5903 -0.244374 70
-49.2744 -69.1127 70
11.3675 10.3994 70
-9.95307 9.55171 70
-0.815718 -1.12653 70
-18.8045 20.3217 70
9.20032 10.4112 70
-11.174 0.152764 70
-8.89707 40.3507 70
20.2344 9.46349 70
1.02594 -0.650257 70
8.64861 21.387 70
0.80407 -0.840891 70
-0.880847 9.23807 70
30.5725 0.705912 70
30.0694 1.20557 70
-30.0296 -11.0334 70
0.11379 8.75531 70
1.14245 -10.2179 70
-1.09404 -9.58262 70
0.483303 -0.254428 70
-1.10396 -0.423326 70
0.406253 -0.699451 70
0.0747123 -0.958245 70
-80.9933 -40.8486 70
0.0320545 -0.016004 70
1.19082 0.166919 70
18.9175 21.4971 70
-11.1206 9.32414 70
-19.368 -18.9436 70
-19.702 -20.6708 70
-50.3221 0.564357 70
30.112 -70.3456 70
-0.929343 9.82399 70
0.862119 11.327 70
0.811949 29.3038 70
-18.8782 8.57781 70
-0.914381 -0.791354 70
9.97827 -0.491757 70
-0.749637 9.50799 70
1.41215 0.811939 70
10.5531 11.1958 70
-60.4241 81.2624 70
0.570768 10.3898 70
0.411746 9.90775 70
-21.4137 -9.89251 70
0.72462 10.456 70
10.2304 -10.2413 70
-10.4653 9.88809 70
10.7286 11.4094 70
10.1656 0.129269 70
-1.22248 10.891 70
29.0187 10.7831 70
-1.16533 1.24422 70
10.3141 -0.419062 70
-21.4255 1.46574 70
11.1476 29.1377 70
0.720507 8.57471 70
-9.32614 10.3211 70
-0.635 -0.783356 70
11.3738 41.3413 70
1.29344 -9.72644 70
-11.1134 9.02673 70
1.42667 1.04253 70
-1.37961 8.597 70
0.567601 41.1939 70
-1.1399 0.273474 70
-1.12003 0.63311 70
0.410435 1.14943 70
0.39537 8.67221 70
-1.16322 9.81496 70
20.5588 20.2344 70
1.0951 -9.22338 70
10.6143 -8.96106 70
49.1665 -19.6079 70
10.4804 -0.683993 70
-10.5294 1.07302 70
-0.641852 0.0243567 70
-11.1772 9.57713 70
-51.1732 110.533 70
-51.04 20.3783 70
-49.7371 20.4495 70
-18.5096 40.3435 70
-19.101 -49.9588 70
-40.0142 -8.72038 70
-38.8535 60.1491 70
0.139712 -10.757 70
8.66408 21.2633 70
0.775934 -10.774 70
-50.6902 30.3868 70
30.3866 21.3842 70
0.134755 11.0655 70
0.187052 -19.7232 70
-0.879455 11.2384 70
8.87092 11.399 70
-0.132604 -0.426624 70
-0.522747 19.3256 70
-8.54495 1.10962 70
-0.994148 -1.17843 70
0.597278 -0.471996 70
-10.6191 -10.9539 70
-1.43076 -1.46777 70
0.185997 -40.959 70
10.3419 11.3111 70
11.2291 -1.21439 70
21.4516 9.30224 70
-10.0801 -9.23581 70
0.061295 -0.438893 70
0.62533 1.23951 70
1.30527 0.613681 70
0.397006 0.693257 70
28.6986 30.4604 70
-8.5061 70.9867 70
0.0414576 -1.31753 70
-10.8415 -9.1723 70
-9.47898 -0.281067 70
10.8722 9.57557 70
-0.100038 -10.3074 70
0.095858 -0.439512 70
0.1055 0.0713845 70
-21.1003 -20.862 70
-1.1298 0.114108 70
1.10237 -0.256119 70
0.378689 0.935068 70
0.769085 -1.13585 70
40.9646 1.17668 70
0.429551 1.40012 70
-9.44578 -10.8911 70
1.47024 40.343 70
1.06457 0.547023 70
80.6856 30.4226 70
-0.45755 0.266721 70
0.487315 -0.454324 70
0.120424 -59.2041 70
-10.462 9.15853 70
-1.38612 0.718143 70
1.1938 10.6481 70
-0.636914 -0.468742 70
-0.699285 -0.336339 70
0.344611 9.94188 70
-10.6616 -11.3632 70
-1.16659 -1.10019 70
0.558652 10.912 70
-40.9456 40.8321 70
-9.86305 0.726875 70
9.16523 -0.127759 70
0.273712 -1.1757 70
10.2729 -0.594179 70
9.05852 0.854194 70
20.0224 -10.1971 70
-29.2576 -0.694524 70
1.19534 10.5878 70
29.2649 -81.2469 70
31.4529 -39.9734 70
29.0696 -41.457 70
-0.600859 -0.32422 70
-1.01857 9.46246 70
10.7913 0.273777 70
8.95488 -9.33357 70
-10.8069 -0.355946 70
110.891 -58.7559 70
-1.31738 -1.23823 70
0.479996 -0.780494 70
0.0938223 0.738773 70
1.0076 10.8936 70
-0.112514 10.3248 70
11.4347 11.1943 70
29.0192 1.30111 70
29.153 20.0396 70
30.3638 20.777 70
1.05298 -10.7076 70
-60.8828 40.9179 70
-0.589392 19.2387 70
-0.124787 9.65981 70
-9.72971 19.2602 70
0.0457008 1.32041 70
-0.361751 1.35737 70
-1.44357 -18.616 70
-10.8391 9.36812 70
-11.1084 1.19109 70
9.08739 8.66126 70
0.197938 9.79624 70
9.98469 -0.923578 70
0.683688 0.747915 70
-19.4963 0.337893 70
21.3482 -10.9301 70
8.67564 -1.10346 70
1.04032 8.94171 70
0.254711 9.03426 70
1.09382 10.5842 70
-0.903142 10.0067 70
-11.1092 39.7629 70
8.82183 -1.21093 70
-0.880025 0.311453 70
1.10045 10.6279 70
0.937751 0.342054 70
11.3743 -0.814274 70
-11.3114 11.1753 70
8.80812 -0.666115 70
-1.11311 -0.383405 70
9.77655 9.32033 70
-9.71532 8.56003 70
