0.930562 9.55243 70
11.3736 -0.537011 70
0.220765 -0.485632 70
0.342587 -8.80407 70
-1.02012 -10.7572 70
0.345412 -11.332 70
-68.8327 10.1179 70
9.74952 0.17942 70
10.9995 0.0566112 70
9.28168 -10.711 70
-0.449343 -1.20442 70
21.4289 -18.7635 70
9.78661 -0.798578 70
8.60226 0.752439 70
0.187909 -10.4897 70
19.2619 -10.2508 70
11.1816 1.39134 70
8.64559 -1.27508 70
-0.392149 10.0012 70
-9.10616 -11.4787 70
-0.534567 1.34526 70
0.877471 -10.0242 70
-21.1876 -9.92274 70
9.85932 -40.2704 70
-0.393881 0.935036 70
1.15336 9.99947 70
11.1857 10.69 70
8.83895 -11.1284 70
-0.520756 -19.7532 70
-71.2826 -69.1478 70
0.181692 -20.7435 70
10.2418 -1.48423 70
8.79857 -8.61566 70
9.97359 -1.18302 70
0.138529 -8.61805 70
19.2424 -20.8781 70
-9.32256 -9.43519 70
0.999979 -1.25244 70
0.296979 -10.8915 70
9.83686 -8.89656 70
10.8476 0.200854 70
8.52174 -11.4615 70
0.130545 -0.361222 70
-0.768296 -9.66063 70
-30.3992 -30.5756 70
0.937187 -0.205697 70
10.212 10.1207 70
-11.0882 1.29446 70
-30.8254 -0.821125 70
10.3693 9.90395 70
-19.8697 0.464219 70
-0.973108 -0.568089 70
9.91996 0.643526 70
-40.8467 -0.775577 70
-8.53733 -10.8388 70
8.99458 -11.4839 70
-1.0562 -1.42733 70
9.75888 -9.24306 70
9.14826 -10.3414 70
9.08168 -10.6097 70
10.7196 0.475909 70
-1.04289 -9.84763 70
11.0283 -9.34105 70
1.0175 0.000726093 70
9.87651 9.55589 70
-1.1987 -1.31432 70
29.8818 11.0487 70
11.1112 -8.62434 70
8.95992 10.1257 70
9.07926 -9.69559 70
1.2987 -0.0718847 70
0.377679 -9.68611 70
-19.7737 79.8496 70
10.9826 -11.1637 70
-0.371053 -9.52309 70
9.08077 -1.38049 70
9.74932 -0.912874 70
8.56098 0.597689 70
28.985 70.7825 70
10.7628 -11.0483 70
18.8667 -9.20095 70
-1.04109 -9.6587 70
10.8541 10.6789 70
50.0536 -38.5307 70
0.111887 -1.33024 70
-9.95411 -11.4425 70
-0.886091 -0.689509 70
-0.435746 10.8392 70
10.9022 1.21233 70
0.334637 -9.20476 70
9.56447 -9.07511 70
-1.49814 9.39589 70
-8.55239 -11.2229 70
-18.8399 0.23759 70
9.81248 -9.84966 70
19.1117 -8.82798 70
-1.33309 -10.7792 70
-0.140344 -0.853419 70
50.8899 30.1925 70
-90.7064 -1.09582 70
0.349405 -1.48403 70
9.75132 0.146312 70
69.6052 80.3882 70
0.508641 -0.878382 70
1.16062 -19.3166 70
8.83072 -0.976839 70
10.7742 -10.9632 70
-1.45387 0.568503 70
-0.692504 -0.138005 70
-8.91352 -0.209038 70
8.77607 -19.4571 70
-30.6036 -21.4284 70
30.4853 -9.00886 70
-0.636578 21.0081 70
20.8424 41.3964 70
9.47244 -10.8522 70
-19.9821 -10.864 70
0.578748 29.4976 70
1.217 -11.166 70
8.77182 -8.73518 70
8.86525 -0.367543 70
0.337557 -30.3961 70
-0.150907 1.33245 70
39.4851 -8.67174 70
-1.30137 -20.3311 70
9.07916 -10.7356 70
0.663428 -11.4514 70
-0.694982 -10.0571 70
-10.8375 -18.8261 70
-0.481375 11.0164 70
10.2161 -9.36131 70
9.90048 19.2863 70
0.0569164 -1.48845 70
0.373431 -30.9826 70
0.71174 -8.7046 70
-19.1617 -9.24236 70
1.19157 -1.0845 70
8.86659 0.169791 70
11.4205 19.2828 70
-0.285185 1.02729 70
8.76308 0.403677 70
8.7344 1.32708 70
-0.636708 -11.1224 70
18.5862 60.3899 70
1.44911 11.2768 70
-51.1646 -10.3403 70
9.32864 -1.1625 70
1.37744 -21.3984 70
-31.487 8.96526 70
10.7803 -10.8847 70
19.6276 0.835162 70
8.6857 -8.95748 70
20.6455 10.9772 70
0.913779 0.0012487 70
9.88677 -10.3499 70
10.9377 -9.15907 70
-30.2606 9.59932 70
-0.19762 0.31433 70
40.2015 -19.7843 70
38.7703 -19.3635 70
-0.416863 0.34434 70
1.46605 -0.76986 70
0.63238 -1.16772 70
0.471639 -1.25316 70
-40.2209 8.75683 70
-0.907606 1.35552 70
-19.8959 -0.186938 70
0.425183 -0.921962 70
8.94313 0.854355 70
1.21066 -0.126291 70
-9.34689 -11.1928 70
10.8219 1.24501 70
1.06146 0.204195 70
11.0038 -11.2071 70
0.247196 -29.2344 70
8.61161 -10.5891 70
29.7598 0.146112 70
9.92545 -0.0203839 70
-0.428988 11.335 70
-0.655828 10.5334 70
1.11301 -10.4873 70
0.404217 -0.0181221 70
-0.22495 31.125 70
0.148739 -8.71898 70
9.48688 -10.1056 70
9.31636 -9.26148 70
8.54529 -9.02525 70
-19.6976 -0.674095 70
28.6486 -60.7903 70
38.8668 -8.89656 70
10.5113 20.2562 70
11.3247 -1.03026 70
8.81242 0.490264 70
-0.767619 0.271856 70
-0.840377 9.07666 70
-1.22029 -0.510756 70
-0.983514 1.19947 70
61.4453 -51.165 70
58.5543 -50.1618 70
-0.770522 -0.756691 70
-10.3536 0.872361 70
49.4906 -1.12369 70
9.687 -1.45929 70
11.4169 -10.1565 70
-11.1694 -18.8024 70
-11.0981 -20.6899 70
0.973572 -0.773463 70
-0.494939 -0.224192 70
10.2276 0.0374641 70
11.0592 0.619231 70
18.9603 -20.7408 70
20.2883 -20.952 70
0.0961016 -1.04265 70
0.654174 -9.70533 70
10.2339 1.0731 70
0.853052 -18.7713 70
1.09097 -9.15253 70
-10.07 10.8828 70
18.9178 18.6342 70
0.522633 -9.26 70
-8.84692 -10.4883 70
20.9914 -10.2099 70
9.60806 -10.8597 70
-0.180672 -10.9719 70
-0.877121 -10.7186 70
0.453948 -8.94778 70
-10.3811 1.27765 70
-0.768441 -18.6569 70
-0.348589 -9.84316 70
9.53904 -39.1699 70
0.471867 -10.9311 70
1.09362 -9.25985 70
8.63436 -0.721275 70
-8.90968 -18.635 70
-8.71003 -11.1055 70
-9.40563 -0.965555 70
-30.3641 -1.36473 70
-10.8663 1.14762 70
9.1745 -20.9187 70
1.03429 0.340278 70
-1.31084 0.741623 70
20.0841 -10.4877 70
10.0393 -8.85656 70
-1.47307 1.07879 70
-0.223393 -10.0245 70
0.119137 0.347198 70
9.90791 0.436576 70
21.3276 -19.7072 70
-108.785 -40.8494 70
-109.205 -39.8872 70
-0.539109 -8.97021 70
-108.738 -108.912 70
-0.614332 10.9752 70
-0.417046 0.730311 70
10.7945 -20.9929 70
61.1019 -10.9588 70
-8.75166 -8.94345 70
0.133557 -0.237619 70
-10.4667 -9.70124 70
-10.239 -9.90027 70
-68.9324 31.2554 70
19.7586 -28.9911 70
8.7679 -0.965387 70
0.961535 -79.3642 70
-1.27202 -9.04252 70
9.71244 0.966858 70
8.89415 -0.810303 70
-41.4747 21.4926 70
20.6331 -10.6853 70
-1.12947 -8.67617 70
8.77952 -9.40614 70
10.172 -8.98947 70
-19.0892 -30.1954 70
0.435375 -0.0330496 70
-0.497365 0.0317332 70
9.01178 10.3916 70
-30.1395 51.2539 70
40.9435 39.485 70
9.21521 -8.60354 70
0.360352 0.906723 70
20.3938 0.190528 70
9.21115 -0.234394 70
10.5025 -8.80244 70
18.6361 -20.6387 70
21.4032 -20.2381 70
9.16323 -8.8884 70
9.76545 -9.59923 70
-11.1779 -10.7693 70
10.4797 -0.435724 70
11.4776 -9.53422 70
-0.567613 9.23786 70
9.91393 -10.2856 70
8.80423 -10.0366 70
-0.510119 1.1471 70
18.6915 -99.3828 70
9.37786 -0.833638 70
8.83654 1.21854 70
-19.1369 -28.9119 70
0.647494 -9.52562 70
10.769 -10.6186 70
10.9428 -9.72982 70
9.67335 -9.62106 70
21.1014 -9.67616 70
-0.617485 -1.05083 70
10.4501 0.688364 70
0.817367 -0.630308 70
-0.998822 -0.980078 70
-0.957266 -8.97432 70
-30.4039 20.1904 70
0.71108 9.39979 70
9.28214 -10.195 70
8.57289 0.824989 70
10.3846 9.46913 70
-31.055 -51.1451 70
49.4435 -0.464112 70
9.07531 -0.0296617 70
0.387055 -0.564986 70
-1.37557 -18.7853 70
1.22452 -8.99379 70
-10.709 -1.27861 70
-0.758159 -20.9965 70
-0.310684 1.24061 70
-0.179627 -0.144542 70
-20.385 10.6263 70
8.93364 -11.2963 70
1.47428 -9.94285 70
9.74757 -20.3509 70
20.4784 8.70853 70
0.00478294 -1.48981 70
8.86242 -0.443093 70
10.8191 -1.25336 70
8.71196 -10.7745 70
10.1757 -10.6952 70
-11.209 -31.2542 70
-11.4622 -40.5138 70
-9.10406 -39.5161 70
-20.5715 -8.65164 70
10.2557 -9.65071 70
-19.7357 -10.9634 70
1.01076 9.26413 70
31.1198 -70.6197 70
31.3408 -1.14626 70
10.2837 -0.46454 70
1.05158 -10.1328 70
-0.28557 -0.0610676 70
9.8454 -19.5403 70
-31.0896 -0.554825 70
8.95044 0.97097 70
8.69641 -10.8675 70
0.616687 1.02517 70
9.47838 -31.472 70
-10.5332 -0.892574 70
0.540613 1.2254 70
20.3413 -1.1338 70
-10.7886 19.703 70
9.00738 0.779866 70
10.2984 -19.5663 70
-0.0971 -8.73295 70
10.9909 0.978033 70
18.7825 -11.3481 70
-9.33008 10.7959 70
1.43276 -21.3061 70
39.0454 -9.50748 70
39.6846 -9.91541 70
-30.5632 -11.0518 70
29.281 -0.220121 70
-31.4488 -41.2567 70
21.4153 0.995056 70
-11.1971 28.5682 70
-10.5617 -1.49636 70
0.931126 0.856247 70
-8.66988 10.9925 70
21.0695 -0.108613 70
0.569045 -0.473755 70
-9.23428 -9.58595 70
-1.41254 -28.7066 70
-1.10238 -20.0177 70
10.8679 -1.46175 70
-1.08119 -10.5073 70
11.3263 0.431223 70
-1.34026 19.305 70
-0.621109 -9.04186 70
8.6492 10.3796 70
68.6903 -111.416 70
-31.3305 108.617 70
1.00552 -1.09145 70
10.245 -9.58998 70
1.26731 -18.8003 70
-1.0363 11.257 70
-9.02653 -9.46917 70
1.34251 -0.656136 70
-39.3394 -20.8657 70
69.321 39.8021 70
20.3289 -70.3863 70
-0.635567 -1.30572 70
-30.3558 -49.1022 70
20.4132 29.9552 70
-50.4806 -9.27588 70
9.09523 -20.5678 70
0.736155 0.0442753 70
-19.4604 19.2338 70
-1.35223 0.659039 70
9.83636 0.424593 70
0.887627 0.122789 70
-1.48257 1.29882 70
-0.346335 -9.36739 70
10.8249 0.320495 70
0.891009 -10.3688 70
-0.552842 -0.164852 70
-0.0433691 0.888011 70
0.554559 -0.552645 70
11.4548 0.129571 70
30.8959 -19.9684 70
9.59499 9.01688 70
19.3334 -31.2061 70
-1.1452 0.327371 70
39.343 9.51987 70
-10.5563 -20.7582 70
-0.738409 -20.8998 70
20.9755 -0.966189 70
9.19541 1.07762 70
1.2415 -0.108213 70
31.0126 -40.2589 70
-0.89735 8.72777 70
8.97513 -9.83164 70
0.896176 9.9164 70
1.15545 19.1443 70
1.49436 18.5856 70
-8.60748 20.8453 70
0.707306 0.659057 70
-1.0604 -0.440158 70
10.5249 -9.58659 70
10.6152 0.931837 70
-20.2025 1.23275 70
0.103723 21.1592 70
11.1977 -11.4324 70
30.8981 -19.8528 70
-0.445978 -0.212102 70
10.8937 -8.61323 70
9.86529 -11.045 70
21.2832 -9.27247 70
50.2977 39.9004 70
19.2073 -11.2982 70
0.978818 -1.39772 70
-18.5693 -19.2118 70
9.77267 9.37295 70
-8.54851 -8.82149 70
-10.3345 0.34073 70
0.831194 -0.309408 70
9.03726 -9.01044 70
0.664912 0.676154 70
9.16152 -8.98831 70
9.9852 -10.497 70
10.3875 -48.979 70
0.719291 1.24944 70
1.24706 -0.0821694 70
9.07389 -9.3341 70
10.7414 -39.5459 70
-30.6033 1.45563 70
-0.255774 1.49847 70
-0.662711 18.8834 70
21.0126 -41.1173 70
9.27927 1.3366 70
9.49326 -10.7725 70
-10.392 1.32067 70
9.8058 -0.832799 70
-8.91094 0.146934 70
-0.505921 -0.752494 70
8.57159 1.11304 70
9.74111 -1.08714 70
11.362 -18.6653 70
11.1757 -0.854845 70
11.1815 0.526477 70
-11.2645 0.163438 70
0.254348 -9.12918 70
0.204503 0.682586 70
89.4648 -58.5144 70
10.2669 -8.91466 70
8.60072 -9.16232 70
-10.4875 -0.536128 70
9.3987 -10.4427 70
10.4259 -8.63182 70
1.09751 -8.83749 70
1.33223 -11.0111 70
9.66781 -20.961 70
0.458462 0.653467 70
1.09952 0.048924 70
10.2422 -0.526439 70
-1.12823 8.8051 70
8.7802 -0.756611 70
10.8835 -21.2508 70
10.0916 -9.06861 70
9.83581 -0.0480626 70
10.3437 -9.26513 70
-30.2102 -0.31947 70
10.9035 0.354332 70
9.3337 0.477923 70
9.93845 -1.34814 70
-1.1869 0.400038 70
-10.555 8.84356 70
-9.90507 0.872254 70
29.1824 0.135057 70
9.95257 -0.379541 70
0.162319 -10.516 70
20.443 10.9564 70
31.4343 -18.6983 70
-0.185327 0.601207 70
-9.90342 -0.233489 70
-19.207 1.47685 70
-18.7725 -1.30139 70
-9.61283 -11.4662 70
-0.639718 -31.4328 70
1.34219 -0.945873 70
9.30131 -18.9877 70
0.242365 -0.54929 70
0.783388 -0.860231 70
-0.613748 0.618599 70
9.22631 -10.7289 70
10.7878 -9.97404 70
30.3027 -68.6605 70
-19.5095 19.1601 70
10.1539 -0.184384 70
20.7502 29.3309 70
19.4949 0.538516 70
0.092121 -9.70972 70
-9.21213 28.9523 70
-20.322 -9.1242 70
-8.74545 -20.025 70
1.27557 -10.8336 70
-28.8752 -0.585479 70
21.1146 31.2415 70
-21.0278 -19.9823 70
10.9655 -1.24315 70
0.292796 -1.21106 70
30.5749 10.7227 70
-20.2679 -10.7139 70
0.576269 -9.77205 70
19.6118 -10.7822 70
11.2683 -9.66958 70
-39.6091 -11.4114 70
-21.374 -20.0081 70
40.9088 -60.3319 70
21.2742 -8.68245 70
9.89299 -8.99602 70
-1.23515 1.11635 70
31.1212 20.6515 70
28.999 18.5367 70
-0.940516 -10.1258 70
-1.11138 -0.61431 70
0.361318 1.26157 70
-0.462532 0.147835 70
-1.45506 -11.1553 70
8.62874 -1.37028 70
1.3252 -0.216002 70
-0.112648 -10.4848 70
1.35559 -0.242981 70
-1.20583 -9.43973 70
0.93407 -0.589264 70
0.799661 -18.5954 70
9.35344 -29.8309 70
-1.17418 -9.85566 70
11.2794 0.38999 70
-9.15991 -0.417697 70
41.455 -18.6429 70
-0.477925 -10.1614 70
11.2546 -21.3894 70
10.9462 -11.2368 70
11.1492 -1.2055 70
-0.43866 1.10555 70
-1.16233 -9.43395 70
-8.84884 -19.4634 70
-11.2741 0.0224904 70
-0.267072 -18.7492 70
10.301 -9.32029 70
-1.44843 -30.3568 70
1.04111 -28.5876 70
1.12388 -21.2729 70
1.0691 -9.53867 70
-1.26622 -8.57983 70
-0.199707 -10.046 70
0.951828 -0.743743 70
0.987971 11.3289 70
9.80381 30.2179 70
0.636561 -8.82026 70
-0.638893 -8.67986 70
-10.9607 -10.2351 70
58.5644 -30.8687 70
0.394957 -0.757655 70
-1.29555 0.530496 70
0.413831 -0.776646 70
1.04659 -120.339 70
11.2467 -0.353883 70
10.9114 -11.1101 70
8.8903 -0.6147 70
8.77367 -11.3619 70
20.1304 8.75112 70
-10.4063 9.7614 70
0.791116 -0.780479 70
-18.9282 -21.1306 70
8.61833 -11.2892 70
0.169185 -61.2377 70
11.0218 -1.34858 70
10.0965 -0.579754 70
9.94689 -0.755219 70
-9.98461 -10.6739 70
9.93351 0.41946 70
-0.757452 -9.9553 70
-1.02846 -8.63715 70
0.134293 -8.70248 70
38.7107 39.065 70
-51.4481 69.6291 70
99.1909 51.0508 70
-0.322813 -19.0399 70
1.42669 -9.25483 70
-9.21099 -0.630291 70
-51.122 -48.9884 70
-51.0643 -49.9923 70
-11.1589 -0.328116 70
-10.9558 0.427656 70
0.511653 -10.442 70
-11.4262 -1.06264 70
20.6086 0.29311 70
9.98202 39.4992 70
11.1254 1.32245 70
20.8433 -9.89676 70
-0.308539 -19.7201 70
9.25278 -9.53237 70
0.828024 -11.2844 70
-19.8304 19.9129 70
-19.0159 -9.41966 70
-0.530413 -0.995179 70
-60.9414 59.4545 70
9.72123 10.4085 70
0.875663 -1.36664 70
8.61071 1.00001 70
-8.97066 1.22957 70
19.0059 10.4208 70
-1.31978 0.467351 70
9.90974 -0.951979 70
11.359 -10.5308 70
11.21 10.7817 70
19.329 -1.0514 70
-30.5344 -31.161 70
10.8144 10.3809 70
-0.935666 -0.63558 70
-110.961 -1.3034 70
-1.07365 20.085 70
-0.90387 -0.83027 70
-0.280292 -10.9079 70
9.85286 -0.550333 70
29.2362 -29.9374 70
0.536544 -0.157797 70
60.1475 -109.798 70
8.81928 -11.2534 70
-1.19405 -8.8029 70
0.184504 -9.67332 70
-0.0330838 -21.2837 70
9.03654 -1.34325 70
0.482689 -0.611866 70
-1.2599 -8.61049 70
9.03643 31.454 70
28.5209 -11.136 70
9.3855 -10.5045 70
9.39289 -8.59768 70
0.60245 18.809 70
39.5019 -21.1538 70
-0.506663 -0.0513634 70
-8.68643 28.9125 70
9.95648 -10.6334 70
-0.647875 -0.493488 70
1.03854 -20.3518 70
18.6474 -9.3165 70
-0.615224 -9.27851 70
19.6708 -0.651673 70
9.67042 -11.0858 70
