-1.09088 -9.30931 70
21.1905 -11.2471 70
-0.899554 -21.2487 70
1.46981 -19.1243 70
-1.17305 0.54474 70
0.575215 -10.3482 70
11.2216 1.17225 70
0.636571 -0.0256225 70
-1.16419 -8.80146 70
-19.4161 -11.1225 70
0.515962 1.29242 70
10.2751 -8.68561 70
11.2131 -9.30269 70
-0.603448 -0.322317 70
20.886 8.99091 70
-10.2526 1.48691 70
-8.75159 -10.9679 70
-9.21807 -9.02478 70
0.26735 -11.2092 70
9.21702 -1.15342 70
-0.108121 1.03635 70
19.0869 -20.4624 70
-10.6893 11.1529 70
-1.1562 -0.227193 70
9.29504 31.3945 70
9.77618 -10.0933 70
30.6077 40.802 70
10.0776 -0.197854 70
-1.33716 -9.80075 70
-0.0348451 -10.2016 70
0.145732 -19.4627 70
30.8734 -1.0579 70
0.528119 1.2606 70
19.1078 -9.41178 70
-9.75311 0.553064 70
10.491 -0.198884 70
9.06087 -0.0960554 70
-10.5336 -9.52784 70
50.9023 -8.91586 70
-0.69908 0.868671 70
-0.226556 0.149248 70
-10.1891 -10.0865 70
-0.710665 -10.2039 70
39.3931 -20.7607 70
-0.834899 1.21433 70
-9.73797 9.54026 70
0.989605 0.682383 70
0.52279 -0.221393 70
-1.40156 0.121023 70
9.84803 -9.67781 70
-19.3805 -79.5516 70
-0.0506102 -0.721567 70
11.2735 -8.59958 70
-0.975885 -11.258 70
10.466 -1.11629 70
0.203191 -0.638497 70
-10.8626 -10.5757 70
9.93185 1.34056 70
19.9982 -11.3682 70
-0.889351 -0.50767 70
0.535428 -0.782807 70
9.02109 -0.299696 70
-10.9306 -11.3849 70
1.04234 0.0657127 70
1.26036 -0.000382263 70
0.682451 9.97371 70
0.388376 0.768499 70
0.961222 -9.95863 70
10.3803 -1.16824 70
-10.8417 0.395675 70
-29.0004 9.76416 70
50.5459 10.6166 70
-1.32665 9.73886 70
0.291299 1.28202 70
39.0683 21.2274 70
0.0575379 -10.6739 70
10.3145 0.494844 70
9.26185 11.3202 70
19.2422 -11.2869 70
-0.527722 1.07904 70
9.07449 0.512989 70
40.7639 69.6493 70
10.4997 -1.3716 70
9.33338 1.27648 70
10.7652 0.526359 70
-11.4494 -49.4627 70
9.20527 -9.67749 70
18.5841 18.8625 70
0.95576 0.759051 70
8.92075 -9.43175 70
0.828685 -0.839749 70
0.809027 -8.60657 70
0.194625 -8.71683 70
30.9195 -0.26833 70
30.184 -18.7673 70
9.87653 0.754482 70
0.306095 0.935498 70
0.806117 -1.01077 70
1.17838 -8.73591 70
0.848865 -1.45335 70
1.42919 0.0649468 70
39.754 -10.9647 70
9.03964 -29.7168 70
40.0878 -18.8789 70
1.26537 0.0256127 70
-61.3526 39.8346 70
9.29755 -11.1102 70
-10.9911 1.1386 70
1.32591 41.4776 70
-0.866092 10.9523 70
21.4333 41.372 70
10.2695 0.438277 70
1.43618 -1.07605 70
-0.0535374 -8.73053 70
0.36336 10.6773 70
-9.53555 -0.573319 70
-8.85183 -21.0712 70
20.4825 28.791 70
10.5649 9.46962 70
-11.2442 39.9257 70
-0.344236 0.527332 70
0.569311 1.10128 70
-0.856975 -0.00656696 70
30.0816 71.19 70
-8.93907 9.56225 70
9.87583 -1.4961 70
-0.660298 -11.2355 70
0.256648 1.18142 70
-1.47812 -9.05528 70
1.44351 21.091 70
0.696522 9.12958 70
20.275 -0.799707 70
0.251982 0.0324298 70
-9.19091 0.380865 70
9.73396 -0.471625 70
18.8287 9.71155 70
40.944 30.7096 70
11.0593 0.219593 70
31.0399 99.2722 70
9.78911 0.376768 70
0.545041 1.08147 70
-0.213835 -1.20426 70
0.173962 -1.39286 70
9.54325 0.339825 70
9.95285 9.2143 70
8.74469 -0.200667 70
-10.8271 -18.9296 70
19.5284 -38.748 70
9.67671 -10.9665 70
-18.9837 10.1529 70
10.8929 0.710692 70
-1.47873 -10.9413 70
10.0455 10.9208 70
10.5747 10.4643 70
-0.725314 -19.5486 70
0.295422 -29.1734 70
20.226 -0.50684 70
-0.112085 0.580832 70
8.8791 -30.2339 70
-1.09571 -10.0495 70
9.59597 1.08817 70
-10.1703 11.4832 70
8.69582 1.47729 70
-10.1419 1.41472 70
-10.6269 0.456188 70
10.2589 1.43268 70
-10.7696 -19.4046 70
10.9784 -9.65648 70
21.4442 -10.8315 70
0.85491 1.46381 70
0.172562 0.681268 70
8.69482 -0.829435 70
8.75564 1.1087 70
-1.36994 0.678229 70
8.96097 8.52122 70
0.391974 -9.59872 70
-0.467623 -8.75591 70
0.990941 -0.896608 70
8.87124 0.969805 70
58.7301 -20.7814 70
-1.2683 -9.82652 70
-0.341837 10.2189 70
0.619475 0.974625 70
-100.297 -21.2908 70
1.32223 -0.133919 70
1.36184 0.208903 70
0.877234 -0.644083 70
1.06075 -0.517404 70
11.3891 1.15638 70
-0.765943 10.8578 70
19.661 -20.7551 70
29.5515 -20.2475 70
-0.318337 9.01697 70
-1.28749 1.34915 70
-0.597934 0.890722 70
10.4813 -1.32847 70
60.0923 -20.2293 70
51.0556 -0.573424 70
11.0669 -59.4623 70
39.2478 -29.7598 70
0.979981 -1.4554 70
-1.01741 0.0380904 70
8.75235 10.6964 70
10.5608 -9.00925 70
-10.2364 -1.37279 70
1.47982 -1.0082 70
18.6536 -8.94573 70
20.9201 -9.81691 70
11.1156 -8.63908 70
18.9748 41.4618 70
-0.131818 9.3834 70
0.781426 11.1317 70
-1.40402 -0.145585 70
1.0401 0.447363 70
-1.11329 -0.927146 70
10.3085 -10.9668 70
9.48152 -10.8095 70
9.74473 -20.8818 70
9.55303 -8.66089 70
-19.8138 21.4703 70
1.43319 -79.5433 70
-1.12613 -18.8356 70
11.0089 1.13239 70
9.29372 -9.88591 70
18.9831 -10.9555 70
-0.729747 0.353912 70
8.67304 9.59679 70
79.2185 -40.9209 70
-0.0467151 0.300087 70
-9.82239 -10.7084 70
-0.654932 0.0139063 70
49.9083 -101.321 70
-10.6165 -1.39859 70
-49.6708 28.6174 70
-0.490294 1.19746 70
0.0122735 -11.4976 70
0.756839 -9.39789 70
-11.4629 -0.839721 70
50.8454 29.135 70
0.117579 1.10374 70
0.0343315 0.769932 70
20.5391 -9.77034 70
-38.5545 0.0813556 70
59.7776 -10.7354 70
8.71291 9.67628 70
-10.6294 20.3095 70
0.442537 -0.886619 70
8.65201 9.8876 70
19.6556 50.4595 70
19.7062 51.142 70
1.49158 10.4276 70
11.1607 -8.8343 70
11.1895 -29.4134 70
11.3563 -10.0345 70
-0.377953 0.113882 70
-0.605895 1.06491 70
9.92969 0.87665 70
18.6666 -21.0779 70
10.8379 -1.116 70
19.5111 -10.2577 70
-0.66087 -1.44859 70
10.754 11.0638 70
0.716737 1.1959 70
-10.5687 19.1712 70
-20.6998 0.551048 70
9.25573 10.5345 70
8.93996 0.276703 70
9.22162 -9.16889 70
-20.5236 9.5958 70
8.6114 0.0511914 70
-1.12458 0.252401 70
1.2115 -0.797802 70
9.80312 10.8892 70
-0.98693 -1.30419 70
-0.213395 1.34548 70
-8.62587 -9.62275 70
-1.48389 -9.90349 70
-0.565226 -10.1345 70
30.6542 -0.506611 70
-0.278713 8.52615 70
0.49837 -10.0261 70
19.153 -20.0529 70
11.3652 -99.7566 70
20.3219 -29.8251 70
58.9136 -49.706 70
0.920395 -0.0160378 70
-1.34473 20.3437 70
0.828979 -18.8573 70
1.40892 -20.1016 70
-8.72704 0.437278 70
0.648933 -9.66856 70
-60.2664 -39.4501 70
-0.349301 0.789008 70
-0.221966 1.19101 70
11.2319 -0.295422 70
10.8637 0.164015 70
-9.44961 -9.98831 70
-19.3767 10.221 70
0.198372 -9.41501 70
10.7508 -1.07815 70
-11.0496 61.0164 70
-71.2967 -21.3003 70
29.2454 -30.1281 70
-0.986097 -10.4328 70
9.89864 -1.10313 70
0.61024 40.005 70
0.242191 -9.97095 70
9.93336 -29.6823 70
19.6061 18.7571 70
-0.237733 -11.2816 70
20.0422 8.51573 70
9.73828 0.466656 70
-20.5795 -19.8343 70
-1.324 -11.3979 70
-10.5211 -21.0092 70
0.629026 0.84551 70
-0.941519 -10.0775 70
10.8049 -11.419 70
0.611074 0.610412 70
-0.928749 1.21874 70
9.06584 0.221501 70
-0.42788 21.0759 70
-1.10092 19.3891 70
10.667 -1.49217 70
-0.409444 9.33921 70
9.04024 -0.936863 70
-0.383475 -1.37525 70
19.4884 -28.6072 70
19.7472 10.1743 70
10.5858 -10.6788 70
-1.10438 20.8763 70
-0.474446 0.340968 70
19.475 120.962 70
-0.558983 -9.48078 70
10.1837 8.84181 70
-0.643842 -0.293956 70
10.1945 1.03355 70
-10.4939 -30.5893 70
10.5786 -0.676397 70
19.8865 -0.113788 70
10.6608 9.08599 70
-0.441338 0.223691 70
-0.000710382 -0.513194 70
9.74834 -19.1476 70
28.9646 10.2202 70
0.705791 0.195642 70
30.0682 39.2355 70
31.3356 40.3892 70
-10.6374 1.39227 70
-8.72673 9.67465 70
8.91007 -8.92235 70
-8.56243 -0.995671 70
10.3571 -18.9199 70
10.9225 0.389134 70
19.9725 -20.8772 70
-0.92208 -0.661513 70
-10.5469 -0.358764 70
-19.6982 81.0518 70
19.0017 -11.1977 70
-1.4102 -9.0952 70
0.396961 -9.36526 70
60.5407 -88.6683 70
0.525712 0.177303 70
18.6573 1.39433 70
-1.32511 1.1858 70
18.9402 0.771895 70
20.506 -1.25774 70
8.76889 -0.936227 70
-0.609569 9.89863 70
-0.316784 -0.965537 70
0.262846 1.19966 70
-0.544289 -11.0281 70
70.7795 -68.8321 70
0.645642 0.388593 70
0.920025 -1.06321 70
11.497 8.50938 70
9.31925 1.00917 70
-9.65621 -0.399317 70
30.4787 -21.325 70
28.951 -19.1386 70
10.8081 -10.0085 70
-8.74209 20.7327 70
29.9331 29.8919 70
9.99728 -9.51922 70
9.75506 0.0928947 70
9.38872 -9.79118 70
10.1408 -0.993244 70
-0.575992 -0.946743 70
-10.5748 -11.2049 70
20.7563 0.930148 70
20.4659 0.06394 70
-1.08888 -0.591642 70
-1.30236 -0.115014 70
0.580866 1.12537 70
1.34901 -10.3717 70
0.190881 -1.17474 70
11.4458 31.3729 70
-8.56444 -31.1323 70
-0.120769 1.27284 70
50.2649 -10.1034 70
11.3754 -10.024 70
-8.85377 9.94351 70
1.2156 0.548739 70
9.66307 0.51477 70
10.2964 10.8861 70
-0.153037 0.727896 70
29.5108 0.753597 70
20.2935 -21.2296 70
19.5325 -20.4312 70
-0.140232 -0.585814 70
11.1411 0.656553 70
10.6791 -9.14336 70
-20.6868 0.509717 70
21.3914 -0.159905 70
10.4656 -9.69905 70
10.8205 10.7304 70
8.99624 -0.378105 70
18.7691 -1.09155 70
1.10909 -10.7854 70
20.2 -9.31205 70
19.188 -9.87801 70
-0.928575 1.04881 70
19.1054 -9.58933 70
0.659347 -11.1905 70
9.9508 -1.10177 70
8.79887 -0.0219744 70
1.29848 0.278473 70
20.0387 -8.72803 70
-1.03091 0.2399 70
-0.152761 -11.1935 70
8.79451 -11.188 70
-11.0382 -8.58574 70
0.984261 -0.239125 70
9.74975 -0.996547 70
-0.358614 1.42751 70
-41.2819 -50.0678 70
0.159276 9.82718 70
-20.7619 8.83499 70
-31.0379 -11.0387 70
9.9886 11.3171 70
11.196 9.26151 70
0.521634 -18.9938 70
1.20084 -19.3152 70
0.585774 -20.5689 70
9.091 -10.0223 70
10.6574 -9.80417 70
20.334 -0.358004 70
-9.45872 -1.48363 70
10.8815 -0.658039 70
-20.5329 -9.00457 70
9.97656 0.129436 70
8.94631 0.743061 70
0.436361 -1.19686 70
0.676451 0.85777 70
-80.5383 -11.3744 70
-80.1257 -9.33712 70
-0.635296 -1.02556 70
10.0003 0.60231 70
21.1605 1.2999 70
10.6734 -1.37991 70
9.01532 -9.12214 70
1.11009 1.34131 70
11.3097 -0.351583 70
-11.1965 -19.1443 70
-1.29251 -0.215384 70
10.215 -0.538915 70
8.94787 0.759944 70
9.39744 -1.27949 70
1.2033 -9.4596 70
0.806556 9.95178 70
10.6105 19.2802 70
10.9407 0.0649069 70
0.505802 11.2111 70
0.922401 1.28243 70
-31.3329 19.2445 70
-10.2666 -10.8366 70
1.09993 -10.9905 70
11.0203 -10.6334 70
-1.44586 0.157875 70
19.0311 -1.18309 70
8.70776 8.53733 70
10.807 8.68947 70
8.58246 9.0234 70
19.9107 29.7078 70
9.30623 -29.1511 70
9.03879 -29.0208 70
10.2824 0.57941 70
-11.0445 29.4488 70
-0.701592 -10.0155 70
0.194777 1.08711 70
30.4409 -11.4181 70
-8.94579 -0.948944 70
10.715 9.48795 70
-9.69603 -11.113 70
21.1326 30.2056 70
11.2073 9.40111 70
-48.8595 0.583341 70
-1.23784 -8.8206 70
39.0499 -48.6188 70
41.0715 -10.3841 70
0.411787 -30.674 70
-1.08351 -10.4308 70
9.93403 -0.696991 70
1.4367 0.849714 70
8.63461 -1.10032 70
-11.1311 0.449671 70
-1.49885 -38.8869 70
11.4201 -11.0845 70
9.20902 1.45521 70
-11.4407 -21.1231 70
19.5871 70.1452 70
20.3344 -9.74894 70
-19.0216 18.6022 70
0.00941837 -10.1701 70
-8.9648 -70.9898 70
8.50456 -0.893491 70
-0.604743 -0.974167 70
20.5724 -10.6301 70
21.2404 -11.0039 70
11.0697 10.5245 70
0.829682 0.489907 70
9.14422 -11.2068 70
10.8636 0.502487 70
-10.464 -11.154 70
19.8447 0.178869 70
8.92587 0.486697 70
-0.591367 0.242393 70
0.911295 -0.169068 70
8.61848 0.857591 70
0.0756946 -19.5671 70
-9.64337 -1.47318 70
-9.307 -0.822713 70
0.420681 10.2362 70
0.615659 11.3583 70
8.60063 -0.245642 70
20.6969 11.4961 70
-30.3735 -41.1175 70
8.53849 -8.713 70
-10.2819 -29.618 70
30.7718 10.4703 70
11.0768 -18.9061 70
10.2551 9.71723 70
10.1263 0.544265 70
0.921459 -9.52671 70
-1.12536 -10.4325 70
20.9514 -11.3646 70
0.867755 0.267501 70
8.86639 0.910811 70
0.71442 -10.0325 70
39.043 -0.911565 70
11.0779 -11.2291 70
-9.55065 -0.306881 70
11.438 20.2108 70
0.25107 -8.81112 70
10.8446 -0.462782 70
-0.47449 -1.03099 70
-0.503359 -1.16436 70
-0.804842 -1.12595 70
9.18695 -1.10936 70
10.7394 -0.943224 70
0.405588 -11.2986 70
-1.20597 -1.4416 70
9.42863 1.01655 70
9.86325 -0.884902 70
9.39356 -8.8049 70
9.9454 0.931012 70
-9.56391 1.24433 70
0.023255 -11.2642 70
-8.67791 -39.2761 70
-9.48211 -39.0167 70
60.2578 9.7918 70
48.78 20.8714 70
-0.65167 11.0358 70
-10.0835 19.0276 70
-0.0228591 -10.3429 70
-11.0692 -1.37305 70
-1.19716 -11.0801 70
0.0551066 -1.25563 70
9.82456 -0.835027 70
10.0483 -10.8574 70
9.39812 -10.4302 70
-0.175582 9.55231 70
11.0888 -9.61364 70
31.2467 -19.6811 70
10.1765 -19.2534 70
-0.182452 8.90853 70
9.44289 -1.31607 70
9.07303 0.737499 70
0.758085 8.79931 70
-51.0456 -48.9042 70
9.39553 9.91636 70
29.945 0.948496 70
29.5402 -0.83394 70
9.22704 0.54096 70
0.0428306 -0.780037 70
-1.24358 -0.349757 70
-39.6673 -30.7954 70
0.392579 1.11878 70
-1.05527 -0.378627 70
10.0379 -0.909803 70
20.179 10.74 70
19.565 11.065 70
-29.6077 -41.0795 70
-0.10595 -11.1679 70
0.552874 -1.08954 70
-0.375163 -10.0872 70
48.8807 -19.063 70
9.00941 0.414953 70
10.553 -1.42262 70
10.0133 -0.0737789 70
10.7508 40.4138 70
-10.8386 -0.624492 70
0.672925 -0.515618 70
10.9393 -9.53599 70
29.5184 10.4521 70
1.15156 0.703347 70
21.3551 -10.9531 70
-0.47427 11.3472 70
-0.78331 8.70562 70
10.1574 0.101968 70
10.7886 -9.09831 70
9.41266 -1.36916 70
8.92792 -9.73604 70
0.514291 -10.9872 70
10.0304 8.65646 70
-1.25202 100.209 70
-0.654 11.3697 70
21.3317 -9.22356 70
10.9827 1.3411 70
-0.779647 9.51185 70
-8.94987 -28.6023 70
0.797686 9.56604 70
8.59056 -0.330411 70
10.0521 -21.3644 70
-1.48244 1.43949 70
-101.021 -119.232 70
1.46575 -18.6223 70
0.653099 -19.7136 70
-19.1082 -0.481541 70
1.12578 0.423666 70
9.49915 -0.551178 70
0.273493 -0.539115 70
8.97649 0.538414 70
-19.8615 -21.0859 70
10.2629 -20.7975 70
9.02588 -19.6667 70
-8.63864 -0.805573 70
-9.83495 -0.0753343 70
-0.237558 -10.9688 70
0.539097 0.734955 70
20.6686 -10.9398 70
-9.41644 -10.5223 70
18.5916 19.2684 70
-10.4661 -0.491609 70
10.3573 -9.99306 70
8.78006 -8.65401 70
11.2576 -0.693572 70
11.0428 -1.35964 70
8.70003 1.20873 70
-20.2129 10.9983 70
21.4792 1.3533 70
1.02242 0.850133 70
-0.604259 0.722493 70
-38.5523 0.498504 70
9.14451 -8.79977 70
8.58885 -0.593721 70
8.75937 0.245096 70
10.0904 -0.461671 70
10.3205 -10.3419 70
1.29676 -9.79586 70
-1.18325 -0.720236 70
9.31548 0.528869 70
0.151567 20.4407 70
0.527269 -21.3472 70
11.1682 29.2325 70
11.25 -0.272639 70
0.904237 -1.37203 70
-108.514 -48.7862 70
0.768285 -0.955184 70
10.5834 -0.813357 70
-0.128231 10.343 70
-11.0106 11.1657 70
-1.25059 -8.99622 70
-18.6413 101.357 70
10.1326 -20.6815 70
-11.0712 -0.315297 70
0.780722 -9.13416 70
8.55169 0.759783 70
-0.293119 -1.34525 70
0.656305 -10.6271 70
-0.400151 -0.160311 70
10.1485 1.10155 70
-1.46729 -8.84871 70
-48.5682 10.1206 70
1.2462 -0.0383526 70
-19.9783 59.6565 70
11.2378 -20.9151 70
11.3344 -21.0879 70
9.52732 -0.396239 70
1.30689 28.6194 70
-1.48754 -0.589936 70
-1.32557 -10.9661 70
10.2822 -0.763248 70
10.6911 -1.19465 70
-10.0742 20.1142 70
30.7751 -10.2956 70
30.0298 -9.17278 70
30.4894 -28.9005 70
-10.9659 10.0446 70
0.220278 0.0744159 70
-10.1509 -11.4128 70
-0.372967 1.01286 70
-21.4044 -11.4149 70
-20.6779 -0.54582 70
-1.3689 49.1372 70
1.06703 0.591596 70
-21.0639 38.9864 70
11.1676 -10.7173 70
0.8779 -9.17774 70
59.3637 8.58518 70
-10.5302 -10.7292 70
0.596145 1.24497 70
