-0.740701 -0.0073029 70
-1.41351 0.497851 70
10.7545 -20.4665 70
-0.451414 11.026 70
0.00399652 -9.87518 70
0.154848 9.39186 70
-0.612303 -0.241479 70
0.452154 0.210591 70
-1.49037 -0.283125 70
8.74603 10.2447 70
0.817025 10.1872 70
-10.7362 11.4436 70
0.402706 -10.3312 70
0.805167 -8.63774 70
-0.625304 0.624029 70
1.37827 0.208874 70
0.571592 9.21312 70
0.407418 -1.25306 70
0.0820119 1.20068 70
-0.330484 0.543755 70
-11.4599 0.811233 70
-11.3719 19.9731 70
-10.053 -0.557015 70
0.503424 -10.5863 70
-0.0102354 -1.18746 70
9.43441 -0.368371 70
-18.8816 21.2409 70
1.11704 1.06672 70
-0.0601603 9.68378 70
-0.852344 -11.0217 70
0.40152 1.41669 70
1.24786 0.644125 70
-10.6953 -8.67659 70
-0.811248 1.22039 70
0.746144 -9.7102 70
-10.3978 1.05566 70
8.77654 9.88245 70
11.0134 9.34234 70
0.0987174 0.740067 70
-28.9362 -9.96123 70
-11.1399 -30.7535 70
1.15077 -1.03773 70
1.25894 0.763413 70
21.3523 -8.81244 70
-50.5832 -9.76241 70
-1.45921 0.406792 70
0.101864 0.315523 70
1.41811 -9.59758 70
-0.667914 1.36485 70
-0.730543 1.11528 70
0.393408 11.3643 70
-69.2572 -18.5897 70
-0.539492 -10.3342 70
0.3263 -9.59139 70
-9.80129 -11.2573 70
9.52908 -59.3741 70
-10.4202 9.19886 70
8.6817 -19.6077 70
-0.452713 -8.70499 70
0.432419 1.04293 70
89.4903 -90.6426 70
-0.12806 -9.59687 70
0.451275 -0.561464 70
-10.8022 -0.713396 70
0.436802 10.6396 70
0.330394 -0.0878141 70
-10.3247 8.8507 70
-39.3539 -19.0329 70
-10.0127 9.37301 70
-8.60717 8.8432 70
-11.2666 -1.22047 70
-10.3268 -0.0238002 70
-11.3836 10.0008 70
30.166 49.13 70
10.4996 0.0498231 70
0.556474 -10.9882 70
-0.847244 -19.4239 70
1.20703 -19.7482 70
20.3616 9.0273 70
18.6164 10.4187 70
9.02428 8.97596 70
-1.00519 10.119 70
9.66014 28.8965 70
-18.7862 -0.485113 70
-0.594961 -0.252485 70
-1.49818 -11.3275 70
-9.88882 -9.97835 70
21.3261 1.11694 70
-0.160944 -0.904964 70
11.1765 -0.83402 70
0.953463 -9.90938 70
-11.0473 8.71392 70
-9.10554 0.148206 70
-0.0700666 -0.328495 70
10.8807 -1.21091 70
0.921313 -0.307185 70
-20.3906 -10.5901 70
-0.439017 1.04381 70
9.53433 -19.3874 70
-11.3264 0.592724 70
0.626864 0.700192 70
-21.1817 -21.2402 70
1.17155 11.0952 70
1.38098 0.399421 70
28.9448 10.8723 70
11.4345 11.1726 70
-10.9832 -11.0492 70
0.390875 0.173322 70
-1.29877 0.482063 70
-0.778049 -0.270618 70
11.2904 -11.0407 70
-20.3775 -10.1612 70
-10.6166 0.130105 70
8.52132 -20.3165 70
-0.92029 -0.993662 70
8.98061 0.924682 70
-40.8029 -21.479 70
-1.23229 -0.881783 70
1.43346 -9.99769 70
1.35356 -11.2272 70
-20.5558 10.9254 70
19.2274 -21.1501 70
0.945866 -20.9699 70
-30.5444 -30.7168 70
-1.17415 1.24844 70
-0.627861 -1.02297 70
0.68358 -11.2367 70
11.4143 -10.54 70
80.1541 -0.398706 70
20.9668 -1.3727 70
-9.02274 -0.703163 70
-10.1601 0.0296383 70
-10.2832 -0.0268984 70
0.986151 -0.51723 70
9.07745 40.7112 70
-0.658648 0.192038 70
-11.2972 -10.1161 70
-0.982283 -0.355083 70
-1.15676 -1.03314 70
10.2268 -1.37874 70
0.564707 -0.457949 70
-0.159726 -1.13547 70
0.99524 1.10665 70
-9.41694 0.415339 70
0.0377748 0.902363 70
-0.338609 10.4035 70
10.3145 -10.8786 70
0.577435 -0.394208 70
10.9203 -8.68743 70
-9.8186 -0.504292 70
1.13485 0.435523 70
0.803342 -1.11391 70
-1.43547 0.110613 70
-0.401418 0.0871224 70
0.850359 -0.467718 70
-19.5334 -1.41334 70
-10.0625 -8.89331 70
0.500749 -10.7801 70
9.94185 -10.4181 70
-10.4192 -1.14408 70
9.2788 0.166036 70
-0.482555 -8.79437 70
1.49637 -9.92898 70
0.0460024 -21.2182 70
10.0575 -0.924386 70
-10.7818 8.77623 70
-20.1416 -19.3878 70
-0.307427 -0.367408 70
21.395 -48.8177 70
19.2698 -0.170435 70
8.7708 -10.2226 70
0.880732 0.0274744 70
-18.8314 1.18682 70
-9.29269 10.4769 70
0.985714 0.88563 70
-0.054372 -0.331242 70
-1.33318 -1.12768 70
-0.813446 -0.577004 70
11.3541 -8.61152 70
-10.6311 -38.9158 70
0.273108 -0.571069 70
0.468822 1.01621 70
-1.04614 -9.67516 70
31.1952 -11.1855 70
-40.8532 -59.6725 70
-0.625874 -11.1884 70
-0.799589 -9.09868 70
-0.821366 -21.0686 70
29.7014 -39.8539 70
-30.4284 40.1424 70
0.747432 0.923258 70
-0.729169 -11.081 70
-0.152187 -0.966728 70
-1.19762 -9.52021 70
-0.118731 0.416717 70
0.591518 -10.2854 70
0.167905 -9.36681 70
-0.378366 8.67202 70
11.4356 -0.209861 70
-0.814634 0.22038 70
19.7065 0.269663 70
-1.44193 -9.67001 70
29.6586 -80.7199 70
-11.1393 -10.7109 70
18.7574 -8.77982 70
0.584464 9.76439 70
11.3239 -11.0149 70
-29.081 -19.988 70
-79.9407 -41.1365 70
-0.756969 1.40183 70
-0.175408 -0.987834 70
1.25657 -0.412735 70
-1.19831 0.308486 70
-0.534038 1.23535 70
-30.0092 -8.97356 70
-0.471852 -1.17919 70
-9.82877 10.1409 70
-9.21541 0.752545 70
-20.5212 1.24587 70
30.0987 -19.6897 70
-10.2661 9.49317 70
1.34515 1.32917 70
-1.42945 0.0556369 70
-0.870302 1.07774 70
0.857632 30.394 70
-1.45337 69.2213 70
-31.391 0.535501 70
-9.43007 8.88335 70
1.0284 -20.4354 70
0.832177 -11.3175 70
0.647991 21.4726 70
19.4229 -28.5668 70
1.18889 1.41554 70
-20.1773 19.5385 70
-1.22071 10.979 70
-11.4979 -9.58615 70
0.408064 -9.31271 70
-18.555 -9.60903 70
30.3296 119.295 70
-20.9096 0.43201 70
-18.9246 -0.748355 70
0.666819 1.14697 70
19.3626 -0.16547 70
-39.7498 -20.7223 70
-20.9661 -10.0544 70
-38.528 10.0647 70
-0.165648 0.861817 70
-61.0116 11.1452 70
31.0582 -0.462099 70
0.458313 -8.56162 70
-0.00268322 1.47689 70
-9.33435 1.11228 70
1.45502 9.47488 70
-19.7127 -9.85997 70
-0.38232 -10.0373 70
-1.41967 -10.5853 70
-9.05296 20.3674 70
71.1369 91.1863 70
1.09013 0.569032 70
-19.0062 11.1354 70
29.7626 10.081 70
0.638735 10.3353 70
-19.4955 8.64198 70
-20.3747 1.2497 70
0.893272 -10.8845 70
-1.00649 0.0806431 70
-0.942573 -11.3977 70
0.208729 9.53907 70
-21.4108 -0.454601 70
9.92039 -8.90242 70
-0.388479 -9.29369 70
-1.19392 -39.8929 70
10.8125 -11.1431 70
-19.039 -19.1729 70
0.465943 0.801298 70
-0.5974 -0.829467 70
-9.65029 -0.44927 70
-9.62298 0.731286 70
-0.345076 -1.25447 70
0.411709 1.11627 70
-10.5234 -9.44141 70
19.7446 -0.764904 70
8.88605 11.239 70
9.17858 1.30311 70
19.1823 -20.1381 70
-0.662551 -1.17403 70
1.05871 -1.42141 70
0.211587 0.883361 70
19.7186 0.959063 70
50.1747 29.1733 70
-0.25294 0.809839 70
18.9873 -8.83884 70
9.79007 10.6074 70
-11.0246 -8.67315 70
-0.665953 -0.463425 70
10.1043 -9.86671 70
1.09935 0.570339 70
19.878 0.308667 70
-8.99772 9.12027 70
1.13564 -0.839272 70
9.45625 8.60228 70
0.860947 0.690667 70
1.0058 9.8218 70
-20.137 9.42087 70
-0.174503 1.11424 70
0.0626003 -0.861567 70
-1.19701 0.671916 70
8.78164 0.184763 70
-41.4595 11.2639 70
-1.47347 0.392221 70
-0.611898 -1.21825 70
19.2812 -40.8351 70
-40.5265 31.2676 70
8.68785 -11.0841 70
-0.458827 0.716365 70
-0.23852 -1.00926 70
0.839591 0.514141 70
28.8978 9.08958 70
0.493852 1.26486 70
9.43869 -21.1651 70
-10.1543 -9.16053 70
1.08537 0.820407 70
-50.8004 21.0152 70
1.19431 -0.737845 70
10.1913 11.0018 70
9.9227 39.4429 70
8.84267 39.1946 70
-10.5013 -10.5137 70
10.772 19.4066 70
9.63926 -21.3505 70
-0.348274 -19.0637 70
-0.155133 -0.320316 70
-0.628334 0.250196 70
-10.3071 0.683857 70
10.0559 -0.418909 70
-1.08063 0.948703 70
-0.872907 0.705694 70
20.5125 0.960951 70
-10.4382 0.336658 70
-10.7878 -19.6621 70
10.9488 1.15747 70
-1.03076 20.4845 70
-1.49705 -8.65449 70
-10.8603 0.491835 70
0.0718605 0.217945 70
-0.922389 -0.944379 70
-0.153759 -1.22499 70
10.1546 -9.67475 70
-1.24595 18.8338 70
0.52553 -1.30743 70
28.8511 -80.152 70
-0.82186 -20.0709 70
0.324513 -20.6144 70
-19.9035 -8.7224 70
-9.78803 -0.732909 70
10.779 18.759 70
-69.9426 -58.827 70
9.11972 20.7122 70
0.851273 -0.130974 70
-9.7299 -59.7707 70
-8.98573 -0.200382 70
0.630809 -0.261375 70
-0.964151 -1.00612 70
-0.831936 10.6626 70
0.64523 -30.4868 70
-10.0444 -9.13188 70
-0.957601 -9.43816 70
0.850663 1.41135 70
0.805406 0.72223 70
-1.39078 -0.780839 70
-1.33716 1.34864 70
49.3899 8.66498 70
1.14395 -10.3138 70
-1.20708 -0.522159 70
11.4791 10.9571 70
1.49254 -1.04911 70
31.1905 -10.3905 70
-9.4584 11.1455 70
0.520536 -0.914323 70
-0.378826 -9.10792 70
-0.489821 -1.23994 70
30.3232 -8.66439 70
0.930197 29.0329 70
-18.6694 20.2565 70
10.412 -29.8189 70
-90.9939 -61.3011 70
-0.604321 -9.95736 70
-9.88186 11.113 70
0.148099 -0.598144 70
-11.3305 -1.38378 70
20.9236 0.599764 70
-10.2022 9.71 70
0.603171 1.01363 70
10.1094 10.97 70
-0.407214 -1.47615 70
-0.638786 1.13581 70
-28.8422 -61.3397 70
-28.5742 -59.9929 70
-28.9881 -58.8498 70
18.9572 -49.2557 70
0.300566 -0.144712 70
1.46425 -0.598681 70
10.1854 -51.1811 70
9.01382 -48.7428 70
-1.28957 19.7948 70
20.7701 -0.577301 70
0.462247 -0.352289 70
-1.42042 -9.52912 70
1.48951 0.236613 70
0.771841 -1.03861 70
0.537853 -11.3917 70
-10.4666 0.770663 70
-0.13158 1.31845 70
-10.8661 -1.12107 70
-1.37134 -19.753 70
-1.07354 0.0810575 70
0.504079 8.98212 70
9.3273 1.26282 70
-9.29003 -1.392 70
11.2487 -9.81935 70
10.2225 9.39233 70
0.268719 -1.27473 70
-0.264847 -0.693662 70
10.9013 -0.458456 70
1.1144 -0.451892 70
0.818847 -1.01342 70
-0.331439 0.107347 70
10.2758 -8.80412 70
1.40663 0.102966 70
-0.777327 1.4338 70
0.576793 -1.08447 70
-0.954313 -20.2657 70
-0.898718 1.20893 70
-0.0583005 -21.1214 70
-0.556662 0.110511 70
-0.405294 -11.0238 70
-0.0736503 0.693265 70
-0.261426 -0.966036 70
-1.32821 0.155451 70
1.38476 -0.263323 70
0.543624 0.933084 70
0.780938 1.01302 70
0.825545 -1.29913 70
10.9703 -8.60007 70
-10.2868 -8.68443 70
-0.402308 -0.336741 70
-1.12295 -8.51013 70
-1.13119 0.333773 70
10.0547 -9.35623 70
121.438 38.7256 70
9.63678 0.614959 70
-0.165675 -1.24465 70
10.9523 -9.72712 70
-0.318596 -9.14886 70
-39.6383 99.7863 70
0.0428899 -10.954 70
21.1208 -10.713 70
1.38429 -0.802531 70
0.0126454 -1.15198 70
0.558976 -9.34806 70
-19.4443 -10.5323 70
51.4462 -21.2027 70
-1.08675 10.096 70
0.15058 -0.0802715 70
9.54097 -70.3377 70
8.68493 1.28002 70
-0.908149 0.564496 70
-0.626049 0.350059 70
-0.80154 -31.4419 70
19.9046 10.9071 70
-20.5 11.01 70
-11.4114 11.0978 70
-0.0285701 -8.52513 70
10.6007 1.02714 70
1.44535 -0.197631 70
0.504035 -9.94875 70
-40.9465 -48.5468 70
9.18603 -9.59511 70
-1.37132 -8.5026 70
-9.34543 -11.4006 70
11.4632 -0.245531 70
-1.16686 0.325561 70
-1.06023 -0.753276 70
81.1525 49.5311 70
-10.1806 0.0151717 70
-1.42534 -0.521796 70
41.3401 -41.1493 70
0.371139 -8.8051 70
-0.283346 -19.1487 70
-20.2763 -0.829371 70
-9.94948 0.281694 70
-0.614343 1.35409 70
-0.202133 1.29415 70
11.1834 -0.178627 70
1.20243 0.63177 70
-51.1598 109.435 70
-1.28532 1.20789 70
0.0724801 0.710303 70
0.228767 -1.23922 70
-1.37783 1.45704 70
-0.906367 -20.9695 70
-9.20144 -10.8503 70
-8.52646 -19.164 70
0.126195 0.396499 70
-19.7798 -11.4374 70
29.5891 1.13964 70
-10.9677 -9.30416 70
-9.79011 -9.59873 70
10.1542 9.0324 70
-0.633688 -0.48414 70
0.998546 -0.227882 70
-0.372114 -9.84025 70
-10.0376 -1.25281 70
-9.36387 8.60827 70
19.8674 -19.6984 70
0.111725 -0.410118 70
69.4427 -21.2176 70
0.288502 -20.0176 70
11.1874 10.9089 70
10.1565 8.66409 70
-20.5293 8.76707 70
20.2217 8.69457 70
-20.0843 -9.28614 70
-0.424112 19.6248 70
-19.0009 10.1266 70
1.02223 -1.04088 70
-0.995465 -9.46062 70
-0.0515018 0.860255 70
-11.0494 -9.06269 70
-0.567719 -0.829322 70
9.94444 10.2225 70
-19.4191 -8.79469 70
0.697186 -0.341282 70
-20.8856 11.07 70
-0.886001 0.0203449 70
1.32079 -1.31918 70
-0.0887357 -0.903071 70
-9.81861 9.55272 70
9.37879 -0.752297 70
-39.8741 10.191 70
-38.7481 10.5181 70
-18.9233 11.3967 70
1.31704 -9.21135 70
0.00506238 0.167441 70
-0.567561 -10.5262 70
10.6645 -8.92835 70
-0.852399 0.995355 70
-1.26959 -0.129363 70
-1.27726 0.230874 70
-59.8376 29.9002 70
-0.160415 0.503464 70
-1.29657 1.40507 70
70.0159 -50.3396 70
20.7046 -10.7834 70
-0.48172 -8.88835 70
18.811 20.1029 70
-9.16695 -20.402 70
-10.203 10.3837 70
0.483143 -0.712381 70
-0.651781 1.42852 70
100.502 -80.6752 70
0.297692 -1.02281 70
30.2588 -9.78534 70
-31.0818 29.2324 70
-1.31941 -1.1797 70
10.6079 20.582 70
1.05887 -0.807187 70
9.38239 -0.664255 70
8.93512 -11.0573 70
1.07963 -11.151 70
-1.3424 -0.360828 70
-0.585144 -10.6547 70
-0.0631972 -0.0322217 70
-1.49766 11.0932 70
1.31157 10.7421 70
-0.634216 0.722811 70
-0.582858 1.00702 70
-8.68922 -21.4428 70
8.89128 10.4433 70
10.1437 0.244225 70
0.0214142 -10.1726 70
0.469201 18.6981 70
0.27278 18.5375 70
0.571723 0.399728 70
1.25448 0.839336 70
0.456985 1.2854 70
0.148967 1.47389 70
0.220828 -0.578272 70
-1.13257 -0.678327 70
-1.28095 1.14353 70
1.23744 -1.48926 70
9.75867 -11.0047 70
-0.576351 -0.0347171 70
-30.5578 9.6454 70
9.57897 9.76186 70
-0.119907 -11.1097 70
-1.07066 -11.274 70
20.2331 -61.1683 70
-40.6106 -9.85666 70
-20.9792 10.8094 70
-20.3665 8.65626 70
-1.05038 -0.339628 70
-20.3305 1.21938 70
-10.1338 0.417868 70
-1.26397 -9.50691 70
-0.323879 50.8203 70
10.428 -0.802138 70
10.3101 -0.633794 70
-0.504399 39.1765 70
11.0095 31.4865 70
-10.5794 -10.2408 70
-29.3593 58.8019 70
-0.401503 -9.43849 70
-9.64365 8.64576 70
0.770984 -1.39951 70
-21.0735 -0.954763 70
0.44243 -1.10683 70
0.661087 0.781621 70
-19.121 9.86799 70
-8.91829 -9.14311 70
10.9449 8.63346 70
0.247459 -8.55176 70
21.1496 1.22436 70
20.0302 -0.681961 70
0.580077 -11.1764 70
10.4402 -9.28875 70
-19.3097 0.0847626 70
-41.1715 30.4201 70
-0.091011 0.331559 70
-1.10028 1.14028 70
9.88839 28.5733 70
0.583303 10.6797 70
-8.80435 -9.63241 70
-9.98893 -9.27665 70
-10.6287 -21.2339 70
-10.9841 -10.8926 70
-9.01231 9.82162 70
-0.782165 -8.84524 70
-0.476225 -11.37 70
19.4409 19.0506 70
1.4951 -9.69811 70
1.09202 0.818083 70
-8.78424 -0.768088 70
81.0516 39.7635 70
-0.648189 -10.2065 70
1.07215 -9.00722 70
-0.0177465 -0.31533 70
-0.281699 -0.416811 70
-11.1425 -8.90906 70
0.153984 1.07768 70
0.398813 -11.2964 70
-50.2153 -1.49842 70
-1.44891 -10.8632 70
-0.875291 -10.5829 70
0.925528 -9.33257 70
-0.0586058 -11.1081 70
-11.3973 0.286006 70
-1.29586 1.27835 70
-0.411117 -1.28406 70
0.273103 -8.6858 70
-0.495973 0.0085176 70
18.7532 -101.08 70
1.17151 -1.41593 70
0.414517 -10.6503 70
-20.6049 -20.9324 70
-1.21791 -10.5704 70
1.35836 0.818671 70
-1.0391 0.280537 70
51.3584 -0.65017 70
1.20454 -11.0994 70
20.3089 -8.83263 70
20.5857 -11.4656 70
-21.4177 1.12168 70
48.5743 -31.1052 70
-20.6331 -19.4856 70
1.38937 0.812169 70
-18.9104 -28.9973 70
-0.29794 -1.065 70
28.6217 -10.302 70
-11.1615 -30.749 70
0.225178 -8.97195 70
10.952 -11.4107 70
0.0669844 1.19119 70
-19.9916 0.844387 70
1.11111 0.955673 70
-100.969 -1.2072 70
-101.169 -0.233734 70
-0.391142 9.46153 70
-1.16017 1.09739 70
0.114469 1.49545 70
0.0760776 -9.8146 70
-9.73361 -1.48616 70
0.850247 -0.939071 70
-0.0537955 -9.90125 70
-8.76911 1.16675 70
-0.813336 0.979866 70
-0.761638 -0.694635 70
-10.6493 0.401601 70
-0.452937 -0.942412 70
20.5189 78.9563 70
-1.01984 -10.6626 70
9.98545 9.50129 70
9.28127 -10.7501 70
70.5734 -89.6494 70
20.2532 18.9458 70
-9.08641 1.18888 70
29.95 9.25504 70
-11.1197 11.212 70
0.417042 0.173402 70
89.7542 19.8679 70
-1.19358 0.496022 70
-9.83285 -11.3452 70
1.30847 -10.7631 70
1.3891 -0.444845 70
1.05059 -11.1022 70
-1.12799 1.10694 70
-19.7564 -120.928 70
-10.057 0.965518 70
-0.0501046 -0.217294 70
-1.21243 -11.0431 70
30.1923 1.30753 70
-20.17 58.6939 70
1.26923 1.19568 70
-10.5168 0.0296254 70
9.68978 -0.231779 70
-0.22096 1.31523 70
9.41511 18.9508 70
-1.05811 -9.59991 70
-1.21756 -29.1286 70
0.0239224 -11.0142 70
0.737304 -0.431174 70
1.20463 1.27461 70
-19.2906 1.09288 70
9.58901 -10.696 70
11.4786 -10.2588 70
0.725409 10.55 70
-10.6522 -9.12699 70
0.114549 19.8824 70
-0.0980484 18.9496 70
21.3299 -20.0812 70
0.18723 -10.6718 70
-20.1529 -11.2993 70
1.16672 -0.120939 70
9.03147 -9.10197 70
-30.5904 0.523344 70
