-10.2251 9.39113 70
9.95767 0.164451 70
-10.1379 0.3274 70
-11.4368 -0.105962 70
-9.8506 -110.902 70
-9.71047 30.3896 70
0.594327 1.33843 70
-10.3205 9.0301 70
40.9729 61.0468 70
10.7745 20.5287 70
-10.4377 0.481158 70
8.79825 9.48687 70
-8.71258 -0.267228 70
0.330645 8.85359 70
0.423868 -0.733126 70
0.939868 1.17044 70
-1.49622 1.28193 70
-10.051 0.871469 70
1.34518 0.45766 70
-0.737016 0.0708608 70
-21.135 -81.2148 70
0.0880082 0.203681 70
-10.3173 -9.651 70
-9.14837 10.3035 70
-9.22487 1.18117 70
-0.726607 10.4584 70
-0.0471251 49.4336 70
-1.07313 0.151316 70
1.19204 10.4099 70
-18.8287 -20.0234 70
1.14844 -91.0575 70
20.5236 8.59352 70
0.778751 9.25543 70
-1.34896 9.58138 70
-0.788429 -1.20967 70
40.8932 -10.3032 70
-1.47766 -0.993381 70
0.116585 10.0383 70
-1.46174 21.0409 70
0.172197 30.4629 70
20.7751 19.8597 70
20.3231 0.789873 70
10.1065 -1.36923 70
-0.481155 -11.3993 70
9.78142 8.87919 70
-1.44386 -0.227084 70
-1.23881 -1.38617 70
1.35399 9.81771 70
9.21871 11.3655 70
-10.0253 1.13127 70
0.364571 10.0335 70
1.2718 11.3075 70
28.9767 0.98155 70
-0.223673 -1.01147 70
9.22167 1.37449 70
-9.55006 11.2664 70
-28.6515 -0.863445 70
-31.4017 21.064 70
-0.339325 -1.06877 70
9.7263 18.8379 70
1.19698 51.3956 70
0.805814 -1.41371 70
-18.7328 -19.5693 70
-1.08161 -10.364 70
0.64254 28.8833 70
1.2999 1.40633 70
9.7949 -11.3741 70
-21.1849 19.6872 70
0.719017 1.21983 70
0.697062 -1.01346 70
0.848355 -0.552464 70
-1.4768 -0.442214 70
-1.16333 -0.65236 70
38.6693 -40.7179 70
-0.957345 0.169613 70
-1.21052 10.3054 70
-10.3636 10.4846 70
-0.253606 0.300658 70
-10.9462 0.70573 70
-9.01408 38.8623 70
-0.98154 -11.1929 70
-48.8785 80.9062 70
9.03072 -9.34146 70
-0.913374 -0.845295 70
0.496413 11.0245 70
1.40583 -0.311478 70
-19.9824 1.01417 70
9.39947 -10.0725 70
0.320736 11.0818 70
-11.1596 -10.9668 70
-29.9496 -11.4114 70
-0.946549 8.73737 70
-9.8521 1.41987 70
0.46069 11.302 70
-8.99553 10.5527 70
-10.9243 21.1038 70
-0.153966 8.83137 70
1.26152 10.4436 70
-1.23608 10.7459 70
-20.7386 8.54846 70
18.9841 1.06867 70
-11.2925 -11.0007 70
-18.5301 -8.81502 70
-0.570358 0.374736 70
59.9301 119.014 70
-51.3479 31.3765 70
0.560072 -1.31466 70
0.110092 0.546151 70
1.04586 0.931195 70
29.5286 1.31518 70
-1.04636 8.81042 70
10.1977 -49.9489 70
9.72076 -48.872 70
-8.72681 28.8048 70
0.0928172 0.670369 70
-0.359699 -0.967755 70
0.866626 -0.130242 70
11.1119 19.9657 70
-11.1522 18.8654 70
-49.6691 1.05604 70
9.53137 -9.06996 70
-20.771 8.84109 70
50.6461 -58.8648 70
0.969862 11.2448 70
1.47642 10.8539 70
40.2133 18.7089 70
-0.00365736 -9.75038 70
-10.7678 -8.96184 70
-0.598404 -11.103 70
-0.571693 0.42041 70
-0.52539 1.1548 70
11.0063 21.3527 70
-9.55554 10.2239 70
-9.37378 9.80584 70
-9.8286 11.1732 70
-9.08862 10.6849 70
-30.619 41.4679 70
-30.6931 40.6317 70
9.27008 0.272978 70
-0.715032 9.46011 70
-30.2126 -1.00196 70
9.46849 11.2251 70
-1.3716 9.38337 70
-19.4266 39.0249 70
-10.0921 28.5062 70
-11.1327 9.46028 70
0.919226 9.30632 70
0.14216 0.316512 70
19.0673 30.3697 70
11.2226 -9.47825 70
11.367 19.9068 70
11.0431 19.9007 70
-18.7569 -18.5694 70
31.1022 19.4496 70
-1.00961 -0.417262 70
0.385586 20.0022 70
21.0868 18.7692 70
-9.52068 0.0890666 70
-8.88155 8.54304 70
-10.3459 9.3599 70
-0.0283813 10.3471 70
0.0551061 -0.476459 70
-11.4242 -10.8114 70
-1.48685 11.3982 70
1.41651 -19.3281 70
9.28811 -11.0669 70
9.08893 -9.21514 70
-8.68557 0.483816 70
20.2943 18.9016 70
-1.39741 21.2788 70
-0.907644 11.0731 70
-0.138397 0.316008 70
-9.43231 9.48731 70
-1.07625 -11.1412 70
19.8336 8.90699 70
0.608949 0.912988 70
1.30981 21.2697 70
-0.444679 0.466262 70
0.581383 11.4327 70
0.340125 -0.779168 70
-11.3954 0.552756 70
-58.5086 18.8069 70
-0.63309 9.37411 70
39.63 -40.051 70
-18.9107 -10.6856 70
-1.33244 -20.7993 70
-0.385534 -10.1784 70
1.09916 -9.47711 70
0.330021 10.9763 70
30.3362 81.3483 70
10.4744 0.892642 70
-0.410845 10.044 70
-1.33984 11.2878 70
9.01871 10.3086 70
-59.3032 90.4532 70
1.00603 40.4204 70
20.1236 -9.61628 70
1.08871 1.45462 70
9.41335 19.0744 70
10.7459 21.0169 70
-1.47046 9.85011 70
1.14841 -18.83 70
51.277 8.62169 70
0.850748 -0.851665 70
0.96923 -9.07216 70
-1.32565 39.9217 70
-0.495862 -0.514995 70
1.41507 9.60425 70
-10.2822 9.65534 70
-10.8261 21.1699 70
-1.05693 1.16699 70
-11.1995 19.7024 70
0.251443 -1.31802 70
-11.1882 -0.208919 70
-0.179967 -38.8462 70
-9.83315 0.345401 70
-0.808916 0.664764 70
80.1497 29.7764 70
11.3626 0.233819 70
-0.852291 19.9842 70
-79.592 -10.7225 70
-110.051 -39.0398 70
-8.98348 9.94646 70
0.829686 10.3608 70
-30.8114 30.0883 70
39.9016 -21.4715 70
28.5813 21.3859 70
-10.3627 20.3241 70
9.2858 -19.9775 70
0.625365 0.284958 70
1.0581 -0.632688 70
9.7119 -1.35792 70
0.803737 -0.796187 70
1.05151 9.41996 70
-10.8016 9.18273 70
-10.8973 0.512473 70
-0.640449 0.1956 70
-0.625576 -0.365413 70
-9.6078 10.3744 70
1.47823 0.161309 70
-10.4478 9.99677 70
9.93873 0.171438 70
0.584286 -1.29872 70
-70.955 -111.257 70
-9.02401 -10.6099 70
-11.3237 -11.3293 70
-29.6149 0.102191 70
1.313 11.1537 70
1.18516 0.773653 70
-1.22466 -9.22862 70
-11.2047 10.0199 70
-10.9148 11.3986 70
21.3669 -1.46448 70
-9.16185 10.9103 70
11.4126 9.23655 70
-0.892464 19.5781 70
-10.4292 -0.900625 70
-0.689454 0.159579 70
-30.6892 -19.4213 70
100.141 29.491 70
-9.58486 -0.541837 70
19.1691 21.4928 70
-0.878985 -0.91301 70
0.669671 9.37157 70
1.09467 8.89586 70
10.6265 -19.6456 70
-11.0876 31.2458 70
20.6706 9.84952 70
1.18624 -0.126564 70
0.263073 40.5062 70
1.09266 -0.430197 70
0.576717 -0.761921 70
0.30633 -0.961604 70
-9.5918 20.4702 70
-11.2398 21.0557 70
21.1599 20.9071 70
1.17454 0.627503 70
-9.99292 0.109676 70
-8.66683 0.172306 70
-20.2028 -0.63809 70
-10.2483 -9.47941 70
-10.566 -0.267882 70
1.21876 9.80345 70
-19.721 11.1597 70
-0.964115 -0.652152 70
-19.8849 -1.04274 70
-9.28792 -48.6432 70
-1.28949 10.4288 70
-19.4886 20.5782 70
1.48193 0.00170814 70
0.585531 9.89605 70
0.519727 8.74411 70
1.44875 -9.12696 70
0.898156 -8.9202 70
11.3669 10.8316 70
8.89327 0.106867 70
-8.54155 9.78614 70
-1.27379 0.947509 70
10.5354 -0.0513685 70
-9.84866 9.81636 70
-9.5223 20.1475 70
1.29073 0.110745 70
-8.86665 19.6369 70
31.2355 30.5517 70
-30.3908 -9.57607 70
-30.657 -10.1224 70
-9.52238 -0.452633 70
-0.297427 0.164869 70
-19.5257 -51.2289 70
9.39587 -18.9216 70
1.35203 11.0675 70
-10.2409 0.787797 70
-18.5699 28.5108 70
1.25539 11.3348 70
0.17348 -0.284652 70
0.166036 0.948585 70
1.21465 0.101213 70
-19.7409 9.58983 70
-0.427389 0.117569 70
1.06388 1.28966 70
-9.66091 -1.34165 70
-0.128802 -1.02787 70
21.2182 -8.5075 70
-1.4495 10.9574 70
-1.49627 10.1438 70
9.01781 18.7092 70
-9.15122 39.1986 70
11.1388 9.52733 70
9.69145 11.431 70
39.3854 9.85251 70
-21.4194 9.23615 70
-0.181424 9.52412 70
-0.0956713 -9.28585 70
1.05009 9.85299 70
-1.2904 -1.03724 70
11.1045 8.85407 70
-9.58682 8.83416 70
-9.36407 -9.93148 70
0.117794 -0.528805 70
-21.0974 29.1418 70
-0.00291936 1.4659 70
1.0847 10.1509 70
-10.3053 20.1864 70
-0.185208 1.159 70
0.255268 9.25679 70
1.26424 11.1541 70
-1.34236 8.97018 70
-0.891338 9.59708 70
-8.56797 19.9932 70
1.33263 9.22504 70
-1.25433 10.6439 70
-8.92682 10.1418 70
0.135274 1.33034 70
-8.82975 58.7279 70
0.975269 10.8703 70
-0.621787 9.77198 70
-10.7728 -0.265131 70
10.4156 30.6506 70
-11.4181 10.6218 70
0.186596 0.169423 70
1.02255 9.01818 70
0.563694 28.5312 70
-0.264784 49.6322 70
28.9126 -29.3383 70
8.7213 -1.2514 70
0.300364 -0.256254 70
30.5164 19.2685 70
-9.27358 8.77064 70
-11.3131 0.985453 70
9.25033 -9.06194 70
-21.3993 19.8876 70
0.159416 20.3265 70
-9.26971 1.05603 70
10.8522 -19.74 70
-9.605 -8.79592 70
0.147871 -0.125321 70
18.5353 50.616 70
-41.3641 9.87983 70
1.44296 0.868216 70
-9.49962 20.2483 70
-0.460895 9.08448 70
-0.570525 11.15 70
19.1 -11.1999 70
39.6723 -9.5651 70
1.03011 11.1033 70
0.586679 -0.0164657 70
0.978392 1.40394 70
9.10109 -11.131 70
20.9603 51.0167 70
-11.3102 -0.245189 70
-29.1263 9.29207 70
11.0993 20.7399 70
-118.82 -0.948525 70
0.769744 11.1574 70
1.29593 9.94166 70
0.634628 9.75835 70
30.1238 20.8622 70
11.1144 9.22883 70
-9.36152 8.71047 70
-1.31556 0.184777 70
-19.9837 -9.42819 70
0.452888 -1.00881 70
-0.588964 -0.177475 70
-9.72482 -29.6687 70
30.8132 8.50653 70
39.9945 38.5123 70
0.770187 0.643777 70
-0.811891 0.923751 70
-8.98614 -20.2603 70
0.396422 20.897 70
-0.901443 20.4763 70
10.2282 11.4476 70
1.18031 0.876569 70
0.292625 -0.104448 70
-19.7831 -10.624 70
-10.7277 19.3991 70
49.2502 29.3036 70
51.1334 29.4619 70
0.807921 11.4617 70
9.57711 9.35808 70
-61.2799 91.1168 70
-0.931069 10.2773 70
0.498662 -1.19182 70
-0.512975 41.4388 70
0.406745 -1.49659 70
-0.860423 -0.728619 70
61.4141 -20.3281 70
59.0761 -19.733 70
29.0564 0.15931 70
-9.69095 18.6564 70
9.61121 21.2849 70
1.25539 1.16965 70
-0.117735 11.4951 70
-39.8175 21.2499 70
1.27271 -0.979617 70
-9.2867 11.1113 70
-20.0322 11.0899 70
-1.30544 -8.95031 70
0.727491 18.7044 70
-10.9136 -9.23841 70
8.94901 11.3198 70
-9.26014 9.80005 70
0.141504 9.46801 70
-0.723103 -1.12541 70
-1.37767 1.28701 70
-29.8353 -18.8242 70
-29.8767 -8.73309 70
-0.493418 9.9364 70
21.4732 -1.00121 70
-8.7862 10.2178 70
-69.5316 -30.7116 70
-71.3819 -30.2609 70
-11.1569 -0.416299 70
-1.34831 -0.992112 70
1.27301 0.843454 70
-1.17629 -0.362223 70
-39.8081 10.9797 70
-0.316421 8.73627 70
-10.5396 0.771487 70
-10.2565 0.425937 70
-0.357832 0.844151 70
-0.0347544 10.5294 70
0.0579385 -0.17016 70
30.3184 11.062 70
0.858756 9.76561 70
-0.483665 9.81393 70
9.61827 0.430559 70
0.571348 1.41502 70
20.3584 -39.5552 70
-19.4457 -10.6603 70
0.388543 9.99007 70
-1.24487 9.59788 70
1.19581 -0.775011 70
20.6299 9.39551 70
9.78377 8.52087 70
11.4216 9.55421 70
-9.13208 -1.23957 70
-9.74686 0.920878 70
-9.66351 11.162 70
-0.977576 9.86063 70
0.832105 10.3418 70
0.511744 11.4981 70
1.09341 50.7348 70
0.942601 -1.32107 70
-39.5628 50.5916 70
-10.6911 -20.4249 70
10.3064 1.37426 70
1.0925 21.171 70
-8.85688 -51.0091 70
-1.37852 0.189532 70
-0.774062 -0.184162 70
30.1307 20.1383 70
0.527138 8.63399 70
-1.29302 9.85654 70
-0.513743 1.02241 70
-1.35662 0.137939 70
-8.93447 9.62599 70
1.30868 10.813 70
10.869 18.6754 70
-18.7002 -10.5362 70
1.08277 8.78608 70
10.1252 -0.817346 70
-0.694699 -1.26007 70
9.91204 10.0613 70
-19.1505 -20.8254 70
-10.5595 -0.355149 70
-51.2946 10.2126 70
-10.2507 0.54344 70
-0.718022 0.094788 70
-1.22327 -1.40867 70
-11.1695 -0.698252 70
8.70941 9.72485 70
0.903073 8.60904 70
0.942579 -1.19876 70
1.49822 8.71384 70
31.2851 -0.312975 70
-0.391685 0.927356 70
-1.4253 10.2511 70
9.46092 9.17335 70
40.6133 18.5055 70
-10.637 9.06777 70
-19.4167 19.4253 70
0.467829 9.47494 70
0.824409 10.33 70
40.2286 -18.8485 70
1.04359 9.78481 70
21.1464 11.156 70
-0.557906 9.67015 70
0.332789 -49.2908 70
-9.98853 -0.210345 70
8.86678 0.808799 70
-11.3381 21.2851 70
-10.5045 -1.14985 70
8.75426 -0.429267 70
0.0923382 10.1228 70
-0.0629924 1.31952 70
0.00643353 -0.374018 70
-0.0184605 1.43647 70
-9.51157 -1.04048 70
31.3283 20.8602 70
0.419278 10.1089 70
-119.194 118.509 70
-10.5825 9.99548 70
-10.9612 10.1007 70
-11.4601 9.9022 70
-9.28513 9.28158 70
-1.30144 -8.98852 70
-11.4191 20.3219 70
1.43736 -10.0331 70
-0.258282 -11.3736 70
0.304694 -0.889467 70
9.29165 -0.335616 70
8.79517 -1.27153 70
-0.860657 -0.41411 70
9.73827 8.84763 70
-18.6886 -20.6165 70
-10.3081 -9.59078 70
0.496997 11.1615 70
-1.36742 10.2941 70
0.0345621 -0.494515 70
-20.4291 29.3864 70
-0.0661002 0.131141 70
-11.3309 1.39592 70
10.9479 1.34479 70
-59.8048 -19.3514 70
1.49688 1.48748 70
-0.502936 -0.319692 70
-0.778549 -0.658853 70
-1.19252 8.88322 70
-10.6357 0.329301 70
-21.0629 -8.5261 70
-8.55875 1.36984 70
-0.466791 8.86606 70
10.8875 8.98578 70
1.4538 9.25196 70
9.21219 -10.3538 70
0.164364 -0.825958 70
20.2256 -1.43532 70
-10.4434 9.90304 70
0.123437 18.9677 70
8.64052 9.83167 70
1.02057 9.91944 70
-20.3304 -0.481615 70
-1.36507 11.4629 70
20.0709 30.8146 70
9.09617 0.675878 70
1.30691 -0.723005 70
-0.763867 9.95916 70
0.514996 11.1444 70
99.153 -31.1469 70
-0.868298 -9.51449 70
11.1496 1.05863 70
10.0245 38.6135 70
-18.6145 10.5888 70
-1.07254 11.0879 70
1.15634 8.65068 70
-9.03788 0.12909 70
-9.55855 -8.59471 70
0.426604 9.69485 70
0.0987515 -0.496886 70
21.2131 -11.2075 70
10.438 9.14676 70
1.27439 -1.41744 70
10.2266 -0.702881 70
70.9345 99.6563 70
-9.16761 -0.332888 70
30.5068 18.6889 70
-20.0901 -9.24493 70
-0.278801 -10.0733 70
10.1797 10.8465 70
-0.729635 21.0486 70
0.662359 -1.26204 70
-1.39958 -1.48056 70
0.107299 9.43723 70
1.23956 0.107971 70
-9.82391 0.362703 70
0.0497753 10.3198 70
0.644666 8.76375 70
-19.1515 18.5229 70
-9.33652 20.7141 70
-40.7649 90.5082 70
10.1553 0.852924 70
-0.56494 -0.119936 70
9.01872 30.7146 70
10.3323 10.9513 70
-9.17473 8.794 70
-9.87522 10.9754 70
1.2156 -11.059 70
121.077 -29.5909 70
-0.558904 18.7353 70
-1.09593 -11.4438 70
9.74522 31.0018 70
-10.9859 -0.227479 70
-8.97012 1.35583 70
10.7034 0.215963 70
19.9237 0.541385 70
-8.96171 0.313469 70
-0.40417 9.87783 70
0.765018 -0.109916 70
-9.55654 9.27974 70
-19.6675 1.27313 70
0.881985 10.2231 70
-1.29365 9.95462 70
-0.809976 10.6577 70
0.577241 0.81829 70
-28.6694 79.9821 70
-0.963574 -0.606487 70
-0.552939 10.8207 70
-10.9632 -0.575318 70
21.009 -9.45978 70
-10.5162 21.0876 70
-19.892 10.0381 70
-18.9272 10.42 70
-9.41247 11.4382 70
-9.64433 0.926026 70
-0.125158 21.0259 70
10.8675 0.963395 70
-9.7751 20.6217 70
18.9318 10.4488 70
-0.0670117 -0.793956 70
0.506838 -0.43397 70
-0.642874 -0.60204 70
-10.6373 31.0357 70
-10.1005 -1.24437 70
-19.484 -0.0293639 70
-0.753379 8.61873 70
-19.9502 1.04111 70
-9.03431 9.59448 70
-18.6314 29.9475 70
-10.1463 1.37095 70
-0.922816 -9.42537 70
0.405078 0.191795 70
-9.0575 11.3097 70
-9.69088 0.0630723 70
-1.02289 -9.84671 70
0.0151904 0.416073 70
-8.69796 -21.1203 70
-1.39864 -20.7518 70
-9.46757 -0.865949 70
-9.69956 1.14922 70
-9.94405 0.809866 70
-8.5729 -0.599294 70
1.35377 10.6222 70
-0.347116 -18.731 70
-9.21255 -10.6917 70
-10.5405 10.4729 70
-29.9011 1.04571 70
-0.574759 41.1685 70
0.0154366 8.66666 70
-20.9826 40.5773 70
-10.1361 -11.308 70
11.1086 11.0389 70
-19.3442 20.6528 70
11.0889 -0.324935 70
-0.0234925 9.90645 70
0.973861 -1.33071 70
1.01969 -11.1722 70
-1.40361 1.07254 70
1.11582 29.1779 70
-1.48372 8.80593 70
0.577873 9.71139 70
-10.0399 19.2422 70
-11.2066 -0.931036 70
