-29.4309 -39.746 70
1.09315 -0.479525 70
10.6079 71.0122 70
1.14951 0.162657 70
0.269502 -10.9663 70
-1.21989 1.43417 70
-101.371 100.605 70
10.1995 8.9719 70
-1.22299 -1.36278 70
-0.351662 9.55347 70
-0.98352 0.70292 70
0.153949 -0.672753 70
-30.7374 -11.0127 70
-8.57668 -0.493406 70
1.32738 10.309 70
31.3631 -10.1969 70
-0.0968922 -0.41679 70
-0.955133 -1.24558 70
-40.5949 -39.7672 70
-39.4991 -40.2273 70
1.28461 -9.37253 70
-1.41257 0.486306 70
20.2792 -21.0502 70
-11.4023 -10.2726 70
-11.1608 -10.6239 70
0.955961 0.984741 70
9.75335 -11.3809 70
-0.534697 -9.81636 70
10.1962 -1.02199 70
-0.681915 1.14995 70
1.12558 -0.0134322 70
-10.0876 1.25582 70
-0.33493 0.94883 70
-19.5499 30.4738 70
-21.0942 29.7874 70
0.174974 -10.6485 70
-0.213031 -8.875 70
1.06268 0.765096 70
-9.2355 0.763416 70
9.55562 -1.39029 70
20.9898 9.79035 70
-9.90688 -18.5559 70
-10.8638 -0.393606 70
0.461244 -9.67213 70
-19.0494 1.37235 70
0.455337 10.214 70
-0.0796436 0.810092 70
0.180987 1.44197 70
-20.0733 0.973436 70
9.88466 39.4183 70
8.58467 39.4798 70
8.79646 38.6511 70
10.4047 -20.3958 70
1.10695 -0.700772 70
-1.39888 -1.30736 70
10.6202 -10.2757 70
10.8656 -11.0746 70
10.6093 10.7251 70
-0.122466 -0.560512 70
0.0201375 1.25052 70
-11.3002 -9.2134 70
-0.312087 -0.107549 70
-11.341 1.07664 70
-1.09863 -1.14363 70
0.358865 -0.752959 70
0.347672 1.24341 70
-0.622594 -10.01 70
39.7211 -48.6017 70
0.905403 -0.627166 70
-0.512411 -0.973715 70
-0.116082 -0.944601 70
1.34407 -9.25397 70
-11.4947 -10.9265 70
-10.7565 0.283732 70
20.6857 121.318 70
-9.92194 -9.47245 70
-19.9396 -0.278451 70
-1.33861 0.010298 70
-1.21446 -0.027284 70
10.9813 -10.9444 70
-29.8168 -19.5254 70
8.92145 9.67869 70
9.44926 -20.5654 70
0.928343 -29.5148 70
-1.39481 -9.24101 70
-18.72 -10.2267 70
70.9818 21.08 70
19.74 -8.81819 70
-19.2157 21.4454 70
-11.3564 -30.9565 70
-9.39954 -9.86004 70
10.223 -0.462816 70
-10.6627 -8.84553 70
-8.93032 -1.01762 70
-20.6687 -1.05815 70
0.267863 -1.25287 70
20.9992 29.1854 70
8.76847 -9.87775 70
-81.4236 -9.66937 70
0.0152915 0.985574 70
0.635167 -10.2407 70
8.82526 -19.5549 70
-1.01678 -9.76685 70
21.3541 -71.1202 70
-11.1263 -11.4836 70
1.0363 -21.1113 70
10.2606 -39.2885 70
0.868623 -0.887159 70
-0.505037 -0.15242 70
-81.1005 0.241295 70
-0.514896 1.07963 70
-10.0598 1.30818 70
0.538454 10.1051 70
-49.1669 10.2328 70
-9.45089 -9.40405 70
-0.450639 -0.0868948 70
-10.0228 -18.5105 70
1.40014 -11.3809 70
1.30349 -9.82565 70
-11.1031 -61.0741 70
-10.6639 -9.73061 70
-0.414367 1.10062 70
-10.4967 -29.8499 70
-41.0001 -20.1269 70
-18.9429 -31.3142 70
-19.3382 -21.1771 70
19.5503 18.5711 70
0.981569 0.383587 70
-0.906264 1.08853 70
41.2442 18.6613 70
20.7756 -9.13924 70
-9.16139 18.7268 70
-1.28971 0.533707 70
-11.3084 9.86833 70
11.3514 0.940631 70
0.136466 0.966425 70
-0.879488 0.989086 70
-29.1857 -29.5281 70
-0.564521 -1.26849 70
1.31707 -0.688522 70
38.5423 -29.938 70
-8.78012 -0.182676 70
-1.37292 -8.56508 70
9.93329 1.48503 70
0.915009 -0.611475 70
-1.35813 -0.262732 70
-0.47898 1.18814 70
-10.0373 -8.94168 70
-1.05555 1.11413 70
-19.8117 29.6846 70
9.99491 0.494637 70
8.6382 -8.73698 70
0.291539 70.2094 70
10.4423 -10.954 70
-1.4517 0.513798 70
0.563548 0.776034 70
11.3049 -28.7829 70
11.0611 -21.4509 70
-1.22105 0.322864 70
-10.0391 -0.902667 70
19.6946 -19.5978 70
-9.24014 -0.536469 70
8.53522 -0.169715 70
1.33324 -1.33329 70
-0.200416 -0.99283 70
0.552999 9.55151 70
-1.42802 -9.44405 70
1.12566 -8.92741 70
0.362499 0.785037 70
1.19718 -9.26029 70
-8.72839 -10.3034 70
-1.24931 -8.8496 70
1.14664 31.2231 70
-19.131 0.688758 70
10.698 0.554145 70
-10.2934 -59.5445 70
9.9091 -9.99214 70
-0.114287 -10.0172 70
1.15727 -0.833243 70
1.42255 -0.519089 70
-38.509 -28.5252 70
-1.09672 1.41305 70
0.978568 -9.70875 70
-29.7008 -21.2929 70
10.043 1.40499 70
10.5975 1.16806 70
-10.0009 -20.1987 70
1.14869 -1.34379 70
-0.83182 0.930982 70
21.197 -50.4461 70
-1.17148 -0.763989 70
-1.18284 0.962787 70
0.343314 -1.23474 70
0.653872 -0.623383 70
0.830429 -0.686975 70
-20.0004 38.5451 70
0.384667 29.9398 70
1.43227 0.185605 70
-0.282987 -9.80733 70
-0.138019 -9.25905 70
-0.357982 -0.0117877 70
0.6345 -8.89729 70
0.105388 -0.6069 70
-31.0668 -29.942 70
1.22638 -0.614066 70
49.2957 10.7968 70
-11.4329 8.70109 70
1.21908 -0.378094 70
0.664097 -8.59186 70
0.690377 9.29741 70
1.38072 0.552144 70
0.341783 -0.326304 70
1.34378 9.21281 70
-0.207306 -1.27033 70
0.6758 -0.342758 70
1.29238 -1.02112 70
-0.894949 -0.733818 70
19.3868 -30.3447 70
-19.3939 31.4889 70
-8.65167 -0.350432 70
-9.56824 -18.9805 70
20.5877 28.5499 70
-20.8868 0.978387 70
0.257152 -0.280256 70
-10.6251 -8.83318 70
-0.223007 -1.3963 70
1.40135 0.558245 70
18.9867 -21.4189 70
-10.8631 -19.7233 70
-11.3065 -18.6647 70
-19.5608 -31.127 70
1.26712 -1.04568 70
0.467112 -9.65286 70
0.913542 1.38381 70
0.871655 0.00371713 70
0.018662 0.983204 70
-98.879 10.4573 70
1.40759 -21.4848 70
10.62 -10.968 70
-0.401116 1.49922 70
-1.22204 0.19187 70
-10.5881 -10.5502 70
-9.10176 9.88356 70
18.9484 9.28112 70
41.3727 10.7261 70
29.739 40.4644 70
18.6688 18.7433 70
9.53154 -20.6776 70
-1.47389 0.112201 70
9.06875 -9.63522 70
19.379 31.3666 70
-8.79176 0.203933 70
0.260725 1.01545 70
-0.194285 -8.74681 70
-0.11434 -0.239491 70
1.49985 -0.853 70
-21.4165 -9.83737 70
1.4872 28.8505 70
19.5179 0.501429 70
18.8695 0.144624 70
1.43329 18.7744 70
-11.3012 -0.64972 70
-0.301717 -20.7061 70
-20.3656 -29.585 70
0.398395 1.46929 70
40.9436 -10.9052 70
0.359318 -0.496078 70
-8.56884 -0.540385 70
10.547 19.7693 70
11.4892 0.184375 70
-30.1438 -8.58929 70
-29.4393 -9.58963 70
-1.23801 1.30535 70
19.9968 -71.3753 70
-1.32736 -0.590899 70
39.2821 90.0282 70
-0.517819 -0.408422 70
0.46733 -0.240318 70
9.80054 -10.9584 70
-9.8776 -0.617583 70
19.7189 -9.45372 70
-1.33257 11.3695 70
-0.478272 -11.0092 70
-10.7778 10.8976 70
-0.991537 0.143594 70
-0.645722 0.112459 70
1.1712 -1.34973 70
-11.0504 1.33584 70
9.02774 10.1857 70
9.80935 -10.718 70
9.45056 -10.9697 70
-10.2216 1.38493 70
0.85605 9.69036 70
-0.52678 -0.43216 70
-0.201523 0.534431 70
-29.1728 -19.9564 70
1.18204 0.241365 70
31.4943 10.1267 70
0.277979 -1.28943 70
1.18161 1.1054 70
29.4759 -0.993969 70
-0.214325 -10.2031 70
0.302317 9.90389 70
-0.358816 11.0493 70
-0.674294 -1.44974 70
-31.0441 0.432127 70
-9.09638 -8.70542 70
0.276182 -10.7972 70
29.594 -0.391251 70
-0.641113 0.0318357 70
10.8582 -10.256 70
-10.6704 -8.68306 70
-8.89933 0.990166 70
0.841418 -9.71297 70
-0.312244 -8.87838 70
0.547114 -0.521545 70
30.701 19.0585 70
0.30363 -0.518741 70
19.3848 0.340956 70
19.7363 9.53229 70
-1.24016 20.8792 70
-90.5693 -48.9634 70
-0.196924 -0.175744 70
1.10762 0.605695 70
9.12727 0.552042 70
-8.70958 9.95759 70
-10.4648 9.00794 70
-61.4506 81.2385 70
-20.9861 -31.1891 70
-0.289912 -0.677269 70
20.5236 18.814 70
18.6701 1.37918 70
-30.8616 0.87766 70
-11.3046 -11.3459 70
1.30958 1.41692 70
-11.0631 -21.3468 70
-1.08008 1.14804 70
8.62877 9.55084 70
-0.254805 -1.44052 70
-1.20181 -9.49325 70
50.2231 79.5257 70
-11.0536 -11.0223 70
0.700749 0.414189 70
-0.987465 1.34181 70
0.326849 0.494644 70
1.31461 1.20227 70
-29.8703 -9.85502 70
0.497325 -0.00404866 70
0.0109026 -10.9795 70
-0.963415 -9.69799 70
0.961674 -0.997612 70
9.06883 -19.5059 70
11.1884 10.407 70
-0.855124 -0.632414 70
-1.11778 0.28723 70
11.1532 1.14777 70
-9.70656 11.4183 70
-9.55714 -10.2754 70
-10.3042 28.616 70
-11.2393 -1.29728 70
-49.3083 19.3424 70
68.8472 -50.9783 70
-90.4271 -48.6365 70
10.0483 -0.398272 70
-0.55034 11.4892 70
1.46678 0.929847 70
-0.872295 -9.70945 70
-9.04136 -0.714994 70
8.9113 -0.181426 70
-1.38268 -18.6017 70
-40.7346 -30.2188 70
60.8698 0.297781 70
-9.80519 -0.271618 70
-0.925732 0.268577 70
9.17607 0.0226748 70
-0.785894 0.818174 70
-0.0848017 -8.9214 70
-8.78767 30.2906 70
-10.8069 -9.40966 70
-1.38922 -8.53942 70
-59.6883 -8.64332 70
9.30624 -10.9024 70
8.98988 -9.95408 70
-9.72392 -29.8101 70
-9.93399 -1.40072 70
0.675465 21.0932 70
-0.0131719 -0.219388 70
29.583 28.9748 70
30.3046 0.184158 70
-0.197427 -0.433979 70
0.899758 0.229648 70
-0.904053 -0.451395 70
-1.04098 0.377653 70
-0.250361 1.31151 70
0.618843 -0.198581 70
-0.0312172 -1.29775 70
30.5791 30.8713 70
-10.0218 10.7652 70
-8.71035 -31.0323 70
-31.3665 10.1787 70
-10.532 0.983561 70
0.332762 9.302 70
0.208916 1.35807 70
10.6817 -11.1593 70
0.651798 -18.8384 70
-0.233959 -19.7794 70
0.178008 -1.35637 70
-0.533021 -0.0868771 70
-1.04768 0.586111 70
-0.34068 0.80225 70
-20.3513 -0.476472 70
-1.35824 1.17407 70
-0.66718 -11.3924 70
-0.573944 -10.5315 70
10.4305 0.399869 70
-1.0355 0.267189 70
-30.5827 9.45092 70
-1.44671 -8.65099 70
-1.29034 -8.67296 70
-10.2839 -0.365209 70
0.50244 0.0553134 70
-0.372115 -10.1864 70
-0.803961 9.25975 70
-30.3013 10.516 70
0.628108 0.0789556 70
-10.5504 0.382643 70
-0.847795 -0.966454 70
10.1713 8.56029 70
-9.57732 0.346375 70
1.3313 -0.127106 70
-1.39806 -10.1313 70
18.9171 -31.3535 70
-0.283874 -11.3652 70
-20.3595 -49.9408 70
0.318608 -11.4456 70
-39.8423 0.150768 70
-39.5228 0.206432 70
0.852058 -10.5935 70
-0.988653 -0.456163 70
-10.2516 -8.73117 70
0.167948 0.194958 70
-10.3346 -0.82779 70
20.8497 9.52083 70
21.07 11.3205 70
1.12823 0.35081 70
18.5484 10.0229 70
-19.1815 -9.59243 70
30.8357 20.1821 70
-68.8055 10.6722 70
-0.519814 0.801598 70
9.05374 11.4932 70
-9.34768 -8.53381 70
0.303082 -18.683 70
-0.128313 -1.38734 70
-0.140264 -19.2172 70
-9.93407 0.983349 70
-18.5132 11.2626 70
-1.05979 -0.743013 70
1.39461 -0.213577 70
-0.809002 10.1227 70
-0.300907 -9.35999 70
-31.3124 -0.875345 70
-31.3053 -1.42216 70
11.295 -0.870056 70
-0.377395 0.0338098 70
-18.7081 -1.17409 70
0.56719 1.45869 70
9.69392 -0.21569 70
0.677302 0.437756 70
-19.8034 0.176899 70
-21.3468 -0.230215 70
-49.1922 -20.6797 70
0.717842 0.671038 70
0.337463 -0.158419 70
-19.7596 -0.672679 70
0.36754 -0.930228 70
0.883053 -0.181311 70
0.614757 0.00954668 70
10.5466 -10.7275 70
9.91647 0.633236 70
-0.659294 10.5261 70
-0.543704 -1.4588 70
-59.5458 48.7975 70
50.365 -49.9795 70
9.0192 -9.26435 70
-8.7067 -11.377 70
-29.2165 0.547223 70
9.97256 0.706214 70
-9.07508 -9.12738 70
-1.19145 -11.4806 70
-1.33281 1.41418 70
-0.261111 -1.16342 70
9.51634 0.679802 70
-1.24147 -0.196011 70
-10.1921 -9.70573 70
-0.0581513 -1.10704 70
0.888504 -0.364871 70
-0.941868 0.4495 70
-9.85393 71.1061 70
80.1391 -89.5642 70
-19.9834 -0.88124 70
9.6039 -1.14976 70
-20.3024 -20.1215 70
0.296857 -20.355 70
-1.00807 1.02351 70
-0.179928 -1.26658 70
-19.2209 0.932291 70
-0.0565232 0.866016 70
-1.22627 0.331151 70
0.986948 -10.3368 70
-10.7502 9.23355 70
-1.39444 0.920949 70
9.90032 -19.679 70
-0.405605 0.849304 70
110.587 -31.4732 70
-0.970701 0.840752 70
-0.899084 -0.347088 70
-0.870117 -0.716265 70
0.76284 0.471274 70
1.43771 -0.851714 70
-0.573417 -0.450618 70
0.442196 -9.32373 70
31.1093 9.16821 70
0.72293 -0.000672809 70
0.417603 0.221116 70
-9.42974 -0.31777 70
9.54398 -9.87446 70
9.3363 11.1076 70
-0.520565 -20.6287 70
-0.595946 0.898684 70
-8.67487 -0.840686 70
-10.2523 -0.924045 70
10.3014 -1.4058 70
9.0882 0.923466 70
9.76241 0.389875 70
-10.3714 1.00693 70
10.546 -20.6232 70
0.941499 1.48537 70
0.0679828 0.0249249 70
-1.31409 0.607113 70
-10.4782 -1.07123 70
19.6332 -8.56008 70
18.6219 -8.78434 70
19.4087 0.780713 70
40.2944 -20.8391 70
-8.95591 -11.2594 70
0.180876 -1.30081 70
1.46971 -9.3599 70
1.46584 -1.38503 70
-20.375 0.676022 70
-10.6512 1.45595 70
1.48211 1.11795 70
0.391157 -1.08283 70
1.44483 9.37155 70
1.34227 0.00967312 70
-40.3317 -0.0385843 70
0.280164 -8.87302 70
1.31769 -0.937469 70
1.36826 28.7851 70
0.981396 0.331453 70
0.0828598 -1.42689 70
20.3407 -0.731349 70
-1.12756 -10.389 70
-1.40008 -9.06873 70
0.544448 -1.02736 70
11.0663 -10.6777 70
0.888343 -0.404764 70
-41.1911 -1.38827 70
0.903623 -0.810069 70
-11.4424 -10.0098 70
-0.591338 -0.660448 70
18.9652 9.49849 70
0.878879 0.807391 70
-0.705943 0.180342 70
10.9014 -19.6706 70
0.815301 -0.777757 70
-0.777471 -1.10773 70
19.6919 10.133 70
-8.67949 9.84209 70
0.721401 -0.42865 70
-9.65957 -1.366 70
-1.17366 0.57805 70
-9.05058 -0.0361786 70
-10.0477 19.0915 70
1.42351 -9.6922 70
0.260049 -20.6012 70
-11.2986 -29.2964 70
-10.3849 -30.2512 70
39.5746 -59.7033 70
-20.9273 -19.718 70
-20.9653 -20.735 70
11.2122 -0.318612 70
-59.8575 -119.746 70
-1.22389 -10.9674 70
-18.7549 -19.8121 70
0.828798 9.3331 70
-10.6642 -0.0544272 70
-0.536752 -9.82812 70
-80.6823 -71.3777 70
-0.682063 -0.679426 70
-11.3177 -0.163002 70
-8.84043 -19.3283 70
-0.0826679 -9.10234 70
-0.909468 -10.3752 70
-10.8346 -11.0562 70
-9.83728 19.2611 70
19.6214 9.49379 70
-20.9578 -1.10892 70
19.0827 39.0283 70
10.194 0.877128 70
1.49783 0.843561 70
-18.5174 -0.189325 70
-10.6084 -0.766841 70
-0.39368 11.349 70
-9.44433 1.06332 70
0.643975 -29.2995 70
-0.458922 0.238584 70
-20.377 19.0176 70
-19.3402 -9.61427 70
0.969135 -1.29137 70
11.4408 30.5436 70
-0.848387 -9.39579 70
9.62762 0.667734 70
-1.49175 -10.9979 70
10.231 -0.517072 70
0.718864 0.384022 70
-8.53934 -10.3708 70
30.8089 -50.3821 70
-19.855 -20.0543 70
-1.1885 10.3719 70
-9.94688 10.9395 70
-18.9514 -0.145776 70
9.88081 10.0211 70
-0.11 1.05105 70
0.77139 -1.11639 70
-0.112789 0.490057 70
1.38183 -9.50856 70
10.3487 -20.5961 70
-9.27874 10.5014 70
29.2502 58.9802 70
0.979134 1.10875 70
-1.28291 -0.726042 70
-19.8891 -79.7242 70
-0.557437 -0.469471 70
8.85338 0.649998 70
10.8697 8.62819 70
0.374407 -11.2266 70
1.19324 -0.0340627 70
11.3492 0.679378 70
1.05166 0.254187 70
-0.765065 0.127718 70
0.799683 -30.9467 70
0.549781 -10.959 70
-18.9746 29.2063 70
-0.7097 -0.797881 70
0.128643 8.92288 70
-20.3741 -28.6635 70
-1.29278 1.10483 70
-1.10966 10.6449 70
-0.0230894 1.42319 70
1.03493 10.2153 70
-8.76723 -8.5382 70
-0.819925 19.1484 70
-8.51467 -10.8332 70
11.3801 -0.92143 70
0.729688 -0.961933 70
-10.0047 -0.735009 70
-19.6432 0.589979 70
10.1583 -0.217532 70
-9.20103 41.1613 70
0.436898 1.32591 70
20.9761 79.8221 70
58.8261 -19.1316 70
-1.1508 -1.34947 70
48.9351 -29.2742 70
-0.0846264 -10.079 70
9.99852 0.109731 70
20.1895 -8.91351 70
-110.362 -80.391 70
1.27083 0.852528 70
-9.47267 18.5495 70
-11.433 1.24269 70
11.3271 9.59138 70
-10.8393 -10.8987 70
0.987069 -0.323654 70
-9.67053 -8.89073 70
8.67244 -0.541615 70
0.943239 0.95976 70
-0.741397 0.733237 70
1.36732 -10.298 70
-0.830493 0.256706 70
0.578395 11.1306 70
-0.855089 -0.376397 70
1.21381 -9.46699 70
8.57492 -10.5517 70
-20.7863 -20.9916 70
-0.631406 -9.78429 70
39.8723 -0.868099 70
-0.870267 -10.0118 70
9.40326 -30.1939 70
8.86248 -8.61867 70
71.3551 -18.7767 70
69.2354 -18.9451 70
-10.6089 -11.0998 70
-10.0989 1.13115 70
-10.7257 -10.8226 70
1.37932 -21.4576 70
10.2702 -31.3766 70
-8.90486 -9.01948 70
-10.3043 -10.6016 70
-31.1216 -19.0052 70
-9.67017 -0.578174 70
-10.1768 -11.1938 70
-9.86539 0.0807245 70
0.0189791 -9.93979 70
51.3327 29.8995 70
0.466361 0.856912 70
-0.75686 -60.5059 70
-10.0964 -0.360356 70
8.74396 8.9896 70
-1.14217 -29.5401 70
-10.6142 -0.176438 70
-9.1039 -0.924215 70
-9.28126 -20.629 70
1.08504 -1.17348 70
1.04244 29.583 70
0.390377 -20.1041 70
-0.287287 -19.4322 70
-18.8509 30.4012 70
1.2428 0.437873 70
-0.100717 -9.76649 70
0.899882 18.5624 70
-1.33347 1.47837 70
21.1894 0.238912 70
10.8434 -18.5247 70
-1.38299 -10.7047 70
0.273803 0.525791 70
-1.26586 -1.02063 70
-1.24103 0.624849 70
9.68943 -9.88011 70
9.70501 -1.05771 70
0.520114 -1.34467 70
-0.785789 20.6432 70
-1.35095 -10.4267 70
-10.9981 11.3427 70
-9.49722 -1.3042 70
-11.4403 0.288594 70
0.0113532 -11.392 70
9.82268 0.135431 70
-0.00155756 -1.12664 70
0.233276 -9.11081 70
-1.09859 0.619133 70
-0.0173586 -1.09669 70
-1.04133 -10.6604 70
-20.0105 -11.3071 70
-10.9921 -9.82027 70
9.59298 -9.63855 70
-10.2338 -29.2163 70
0.353317 -11.3541 70
0.259345 -1.10363 70
-9.09091 -11.2127 70
1.19773 -9.41765 70
-11.0599 38.7417 70
-20.9087 -9.78826 70
0.858521 -0.588406 70
0.25382 9.74611 70
-38.89 -28.8645 70
-9.73476 0.907161 70
1.14286 -9.53056 70
39.4693 89.2762 70
0.719637 -1.12817 70
-19.6801 -28.7279 70
9.93118 -29.6765 70
8.67243 -31.1331 70
9.62702 0.518263 70
0.184505 -1.40447 70
-8.51903 0.918818 70
-0.745838 -10.4633 70
0.612175 -1.28539 70
0.108543 0.182184 70
-10.0946 -1.3827 70
-10.453 -21.1296 70
-11.3801 9.34794 70
19.7864 -29.1293 70
0.202809 -0.334535 70
-0.446578 -10.6193 70
18.5462 -20.5701 70
-0.278366 -9.23149 70
-9.45156 0.555733 70
0.330008 -10.7281 70
0.856135 0.588485 70
-0.203284 -0.184836 70
0.988647 -9.55222 70
