-30.6473 -20.1328 70
20.7001 -21.4911 70
-20.6198 -11.2828 70
31.2869 9.75748 70
-0.183189 0.611376 70
-0.85931 -0.96089 70
-1.47128 0.577468 70
-8.99426 9.49125 70
-1.04691 -20.424 70
-41.1617 -20.0765 70
-11.1742 10.6919 70
-0.0347041 -0.887892 70
0.692773 0.29317 70
-21.0163 0.509946 70
-1.32288 0.414405 70
19.7429 -1.01679 70
-9.17919 -1.24016 70
1.25035 0.75648 70
-11.0354 11.3947 70
-1.32891 1.12177 70
-0.0491089 21.2208 70
-0.196325 10.0087 70
1.42526 10.8836 70
58.9118 -29.3364 70
-11.4685 -11.4239 70
0.380036 -0.791121 70
-9.23942 -9.77489 70
-10.627 -1.19153 70
-10.0487 -0.296491 70
0.564071 -0.413946 70
0.315639 0.489561 70
-0.500649 1.0704 70
-1.2275 -0.941927 70
-50.6121 -60.7626 70
11.2404 -31.4118 70
-10.3087 -0.790474 70
-0.419396 1.29021 70
-20.1655 0.0923837 70
8.92796 0.376664 70
1.37077 -20.7845 70
0.876558 0.958079 70
0.226 0.0920275 70
31.1596 10.519 70
-0.305344 -1.4138 70
-0.435 -0.63542 70
0.317844 -1.45427 70
-21.4219 -31.0916 70
-20.619 -28.5549 70
10.6702 -18.6528 70
-0.863151 -0.211401 70
-20.7105 -8.76576 70
1.17945 1.10869 70
-1.14165 0.710925 70
81.0316 89.8709 70
80.8326 89.1443 70
-0.278894 -0.397981 70
20.0113 -10.911 70
0.171732 -0.642102 70
60.0601 19.9831 70
-1.33846 -20.2517 70
-0.318315 0.965021 70
-19.0293 11.3241 70
-9.42095 1.22428 70
-30.837 1.1393 70
9.39784 -9.14499 70
-30.6961 8.60357 70
1.33136 -0.290909 70
-11.0521 -0.989743 70
-1.22343 0.315536 70
0.252373 0.999373 70
-0.705542 -9.91531 70
-1.43056 -9.17314 70
-19.7502 -0.812062 70
41.333 -20.0049 70
10.1197 -11.3957 70
-11.0862 9.41959 70
9.89155 0.94039 70
-11.4145 -0.653786 70
9.90169 8.51541 70
-0.50118 0.47174 70
-1.47906 -0.556714 70
39.5006 -8.76299 70
-0.827883 0.129196 70
-0.222735 0.212073 70
-19.1967 1.12981 70
0.566488 -0.574171 70
-0.867483 -1.39262 70
0.140418 -1.18902 70
-28.8932 40.406 70
0.749559 0.503078 70
51.3666 -38.6489 70
0.701366 0.59686 70
-8.72206 -8.98627 70
8.88852 -19.8283 70
21.1019 -0.233465 70
0.0504836 -0.874406 70
-20.0464 -19.7423 70
0.170826 -11.2895 70
-0.344827 1.3243 70
-1.40594 0.658335 70
0.126202 10.7227 70
1.38167 0.949141 70
-0.000745072 11.4431 70
-9.8396 -8.79918 70
20.0814 21.384 70
-10.6834 -21.1166 70
-0.189704 -1.28508 70
-40.1899 19.15 70
0.117557 -0.559829 70
-1.25895 1.2638 70
-0.553285 -0.208854 70
-10.3822 1.06868 70
-1.18022 -0.306809 70
-9.66411 -10.3134 70
-0.800953 10.3903 70
29.0991 -0.436309 70
-0.519919 9.73586 70
-1.32195 0.972212 70
59.7665 -39.3908 70
61.0419 -38.7297 70
-19.4951 0.597601 70
-10.5891 0.781328 70
-20.0291 30.3551 70
-1.12023 -0.550495 70
-49.7066 -59.2791 70
-21.4164 19.6744 70
-0.217405 -1.46137 70
-0.959718 0.357219 70
-49.6325 -19.306 70
9.7043 -8.62136 70
0.740265 -0.302654 70
-9.88412 -1.32846 70
-9.18742 8.51871 70
0.55452 -1.12992 70
-1.34088 -0.682871 70
-0.186962 9.51857 70
0.464585 -0.540254 70
-21.0498 -18.6148 70
-0.372876 18.6068 70
9.41239 -9.94912 70
0.671038 0.557506 70
-30.8853 -110.639 70
-19.0647 11.3087 70
0.206375 -1.0327 70
-10.1892 -1.39689 70
-30.9857 -10.3617 70
-1.20133 0.804497 70
11.2397 -10.865 70
-0.0818163 -8.91482 70
-10.9583 -8.81624 70
-0.822903 -10.2889 70
0.257995 -0.381796 70
11.2004 0.308183 70
0.754428 -1.18266 70
-10.9674 1.1145 70
9.08359 1.05293 70
0.143988 -9.62399 70
-0.196345 1.01653 70
-1.09749 0.236973 70
0.754164 -0.0452252 70
-9.15293 11.1229 70
0.570203 -0.513126 70
-11.3389 -1.00338 70
-11.1191 -10.6707 70
0.290709 -0.838446 70
-1.46682 -1.44664 70
-0.637455 -0.384006 70
-8.65561 -0.129066 70
-1.24143 -8.70671 70
-10.2332 -9.14144 70
0.541474 0.841558 70
-0.552563 1.06212 70
-0.179608 -0.375259 70
-0.171986 10.8168 70
-20.5123 -9.8725 70
-0.326451 -1.40263 70
-0.505315 9.4044 70
9.24733 -9.61147 70
-11.1667 70.2004 70
1.19541 30.7918 70
-0.291071 -0.577957 70
9.23374 -10.3477 70
0.956547 -0.131611 70
9.60571 -38.9571 70
-19.5358 19.8935 70
1.28579 1.20661 70
-1.00455 1.39417 70
-111.328 109.87 70
-11.4457 -8.51055 70
40.4491 50.0018 70
0.67177 -0.569831 70
-9.28592 -51.4858 70
0.652248 -1.20487 70
1.00884 -11.2916 70
-9.19431 -11.2635 70
-8.77403 -0.0834492 70
0.433105 -0.941865 70
29.4509 18.9746 70
0.338083 1.36573 70
1.45886 0.106756 70
-9.02705 20.7635 70
-10.7078 11.3589 70
-0.931835 9.99302 70
-9.19577 0.811697 70
-1.39549 0.351056 70
0.697193 -0.222298 70
-39.4483 -40.939 70
-1.12206 10.4253 70
-20.8693 -9.87431 70
-0.0992187 0.64943 70
-10.6838 -10.3343 70
9.28124 -8.89951 70
-1.26542 -1.39928 70
40.5001 -19.749 70
0.779587 0.997399 70
-30.0329 -10.8604 70
1.29625 0.430475 70
-0.669225 -0.0701494 70
-0.858824 0.0205985 70
0.0131835 9.97231 70
-0.216502 20.8384 70
-0.671451 -0.658813 70
1.03718 -0.0069697 70
0.33591 1.36647 70
-1.4782 -0.875279 70
1.40097 0.116072 70
-1.14632 11.2732 70
9.71743 9.22984 70
-1.42936 0.0958677 70
0.0832878 0.800826 70
-90.1572 50.7399 70
0.634823 11.1761 70
-0.207501 -1.05117 70
-8.75645 0.930458 70
59.2547 -28.6834 70
0.82795 0.87444 70
-18.616 29.4145 70
0.750574 -1.37576 70
8.74756 9.98594 70
0.0433786 1.15556 70
-0.838351 -10.36 70
-11.3297 9.88004 70
-70.0886 51.244 70
19.1485 51.4007 70
-8.684 -0.631177 70
0.255408 0.0268268 70
0.899669 1.49909 70
1.35898 -1.48827 70
-20.4586 -0.136108 70
-0.373655 -1.26004 70
0.637065 1.16432 70
0.761862 -0.346568 70
1.48003 1.46315 70
-20.3965 39.8308 70
10.611 0.585557 70
-11.2763 -9.52314 70
-1.35843 0.128016 70
9.96059 9.65569 70
0.554527 -0.670362 70
29.7474 -50.643 70
1.30069 0.0452024 70
1.13585 -0.501673 70
-1.14622 -9.56155 70
0.355026 -10.2645 70
0.015414 0.338441 70
0.0812016 29.4272 70
1.4965 19.2671 70
-0.341358 0.598544 70
-0.73865 1.18345 70
-9.27622 -8.6502 70
-0.908075 -0.176994 70
8.90422 0.258112 70
-10.8482 31.1607 70
-0.237586 0.54212 70
-0.0166633 -0.42704 70
0.470845 -10.8433 70
9.3326 -9.43808 70
-0.746351 -0.705306 70
-1.39741 0.374813 70
0.0725728 18.7773 70
-0.523555 -10.1155 70
-10.3534 8.98523 70
10.2103 -8.62744 70
1.13025 -0.463186 70
-0.167977 -1.19676 70
-8.72362 -9.3046 70
-0.609187 -20.7339 70
-1.30141 -0.84772 70
-10.1642 11.1815 70
-8.53091 -9.49563 70
-59.5144 19.6751 70
-8.80702 -0.465926 70
0.278043 -0.285749 70
-0.308854 0.580697 70
1.25702 -0.633944 70
48.9234 -41.039 70
50.6023 -38.5066 70
-1.13981 -0.800283 70
-11.0106 -0.352215 70
-11.0296 0.679361 70
-9.64506 0.719926 70
-1.45268 -0.990124 70
0.547375 -0.132084 70
1.4939 -1.02665 70
-0.0364762 11.3224 70
0.900785 0.117154 70
19.8972 -18.76 70
28.7283 20.7146 70
1.00514 1.13406 70
-9.58234 9.85512 70
1.37492 -1.17636 70
-0.257163 -0.0921532 70
0.303499 -0.724547 70
11.3704 0.600357 70
-1.0036 11.262 70
-20.1327 -0.236534 70
1.23688 11.2803 70
0.124959 -0.0257726 70
1.02382 -10.7943 70
-0.948113 -0.516687 70
41.0899 -0.398614 70
-20.7688 -20.96 70
1.39283 20.1447 70
-10.3736 -0.583149 70
1.37759 -0.520311 70
0.07661 -1.35426 70
-0.662863 -0.268904 70
-0.981538 1.32988 70
38.538 10.7771 70
-20.8332 1.42684 70
-0.459168 -1.05776 70
-1.16672 0.674641 70
8.90016 -31.3028 70
-11.3504 10.2006 70
0.130479 -1.31181 70
-9.9172 0.476992 70
-11.1465 9.63503 70
-10.2507 -0.457103 70
0.33358 0.00404964 70
8.59438 -19.7066 70
0.595238 -9.44153 70
1.19736 10.9066 70
9.07052 -11.1352 70
-1.0968 -19.9825 70
-0.539479 -0.504482 70
-9.96023 -31.2872 70
10.1096 9.57339 70
-10.4851 -8.52929 70
1.45065 20.2138 70
-0.116443 0.303553 70
1.46672 1.06201 70
-1.22351 0.0842463 70
1.16193 0.440494 70
-20.3426 9.50957 70
-0.41413 -48.5162 70
-80.1902 -59.832 70
-9.72928 1.21337 70
-10.0299 0.554111 70
0.289487 -0.412744 70
0.466208 -1.18456 70
-1.2852 -1.07758 70
0.489757 0.895077 70
0.656271 1.29804 70
-0.986505 -1.03805 70
-1.12696 -50.0032 70
1.4313 0.913498 70
1.1447 1.25265 70
0.823384 18.9091 70
0.021001 -1.35038 70
-9.71294 0.626916 70
-19.1961 -0.0629886 70
1.05291 0.0650031 70
9.70396 -10.3051 70
10.4295 -11.332 70
11.2822 -9.92629 70
0.617887 -10.1952 70
-0.553903 -0.714346 70
0.0907024 10.0557 70
18.6196 -0.321784 70
1.12885 0.725067 70
-9.77857 -70.1602 70
-21.1579 -19.9966 70
19.0402 21.2598 70
-8.84528 -9.18474 70
-10.94 8.78346 70
-8.92815 -39.9221 70
-1.32158 -0.445762 70
10.7164 -9.72619 70
11.2951 -10.7152 70
-1.18073 -0.819142 70
0.906198 0.868435 70
-0.502748 1.16125 70
-1.40966 1.16847 70
-9.99355 0.638343 70
1.03193 -0.139846 70
-10.1399 -40.6103 70
30.2557 18.7815 70
11.3013 39.9492 70
1.33685 9.58017 70
-0.851229 21.341 70
-0.780312 -0.498235 70
0.208004 -1.28012 70
-9.54562 -19.2595 70
-0.525453 -0.826355 70
0.298278 10.4747 70
9.0179 0.762402 70
11.2824 -11.1185 70
-9.80303 -10.6214 70
-0.695854 -0.59648 70
-0.92198 11.2087 70
0.0454574 -0.184661 70
0.0564485 -30.8045 70
18.592 -20.02 70
-0.737821 0.56119 70
-0.750186 -0.579721 70
-0.355218 1.06051 70
-68.8395 -39.7307 70
-0.414422 9.7097 70
-0.320226 0.569955 70
-0.49057 -8.71732 70
9.52183 10.0615 70
-0.724172 -0.319494 70
-20.504 -1.39436 70
1.14725 -1.39061 70
0.988746 -0.31484 70
1.37015 -0.313013 70
11.1841 18.6552 70
10.3416 10.4709 70
19.2077 9.88752 70
-9.39132 0.31225 70
1.04413 9.43119 70
9.94338 0.985253 70
-1.16944 -0.736425 70
10.7239 -9.58599 70
0.467452 0.638942 70
-0.538987 10.1266 70
0.303328 -9.81281 70
-1.2047 -11.1782 70
-0.91209 0.680746 70
-1.15556 -1.19428 70
10.8133 -20.4863 70
0.994074 -1.31486 70
0.168504 -1.02478 70
8.94201 -8.69614 70
-0.312614 -0.538074 70
-8.77811 -78.5068 70
-20.8125 18.6027 70
-30.4407 69.1251 70
8.98164 21.373 70
1.41813 -1.27413 70
-1.20149 19.7835 70
9.89043 -9.58328 70
-0.14938 -0.948065 70
0.531628 -1.4875 70
-0.130636 -10.7296 70
-9.08435 -1.09023 70
-0.208918 -1.38937 70
0.377541 8.91357 70
20.1237 -0.537379 70
-0.0105136 -0.713644 70
0.572717 -20.5272 70
-10.7402 0.635853 70
-0.174228 -0.467174 70
8.68986 -8.60308 70
-1.26961 0.336823 70
-31.4983 8.57009 70
1.41896 0.242281 70
0.546354 -0.328645 70
-0.0600656 -0.651778 70
19.9907 -21.1423 70
-0.291768 -8.85962 70
21.2465 -28.5785 70
29.8738 41.0599 70
0.302872 -28.9885 70
-21.0151 -18.9186 70
-1.34881 10.2726 70
0.161953 -0.651609 70
0.374977 -1.40421 70
-10.5873 18.635 70
-9.79569 -0.549421 70
-1.24179 20.4469 70
20.139 30.4551 70
-0.842287 -1.17849 70
10.0331 8.52384 70
0.175672 1.16951 70
0.299515 -0.658589 70
20.8824 9.4878 70
1.24616 -0.119723 70
-11.1674 0.806399 70
-10.4451 -29.6246 70
-10.5815 1.09731 70
-0.74246 1.01622 70
-20.6385 61.4361 70
1.38397 -1.11679 70
1.21064 -1.49008 70
0.551792 1.15811 70
31.09 29.5082 70
-1.12201 1.47157 70
-0.00827398 0.530225 70
-1.21371 51.1671 70
68.5385 1.27028 70
10.3547 10.6481 70
0.769407 0.363296 70
-0.975377 9.80242 70
-1.10399 -10.4344 70
-8.65937 0.0528739 70
0.45285 11.203 70
-0.157122 -20.3126 70
-0.315965 0.30302 70
1.2696 -10.72 70
81.1708 19.9874 70
1.28284 -0.777232 70
9.27851 0.412801 70
-20.3476 -31.2453 70
0.155241 0.54203 70
0.842887 0.329847 70
-0.0804277 -0.385366 70
-0.698624 1.11548 70
1.38165 -0.858258 70
9.33628 9.55565 70
0.0556932 0.475801 70
-0.542774 -10.708 70
9.04589 -8.8957 70
0.729438 10.3301 70
-0.655299 -20.7692 70
1.34747 -1.44851 70
-0.894315 -1.4654 70
1.17595 -0.10469 70
0.331758 0.491347 70
11.207 1.24975 70
-0.750931 -30.8539 70
1.28834 10.2071 70
20.1859 -8.79941 70
10.324 -0.245032 70
0.00694687 -1.12791 70
-30.2176 11.2556 70
-109.321 120.073 70
20.1229 0.438298 70
-0.906327 -0.605659 70
-8.62498 9.59586 70
-1.12583 -0.193105 70
-1.38658 -8.99523 70
-0.738874 -0.799145 70
11.1175 8.60844 70
-1.13065 11.229 70
-0.218093 1.28729 70
41.3768 -80.6688 70
1.25658 -0.100775 70
9.83997 0.00163365 70
9.68464 10.9274 70
-8.66104 10.991 70
-39.4799 30.2811 70
-9.60398 8.80227 70
1.04679 0.249915 70
-1.45797 -0.298355 70
0.14735 0.834909 70
-11.0684 -0.533508 70
21.3972 -20.0479 70
-1.12733 0.364357 70
1.05438 -0.776903 70
1.02037 -1.23207 70
-0.975704 0.21645 70
-8.5139 30.3022 70
-0.48711 0.864938 70
-11.1853 10.9699 70
-0.755525 -0.152716 70
8.89995 -0.819318 70
11.0624 -1.47469 70
-8.97179 -20.6752 70
-1.28675 -1.21006 70
-0.843274 9.71049 70
-0.833641 20.1421 70
1.23237 -9.27411 70
1.19332 -9.21543 70
-9.97661 1.48917 70
-8.50823 0.647439 70
11.0885 29.2657 70
0.101731 -0.162658 70
10.0445 11.0717 70
-1.28419 0.451557 70
1.24201 20.4093 70
-0.350407 1.45108 70
-10.3571 -0.222631 70
-11.3233 0.743848 70
-0.0557264 -0.319983 70
0.205434 0.914618 70
-0.758802 -1.41289 70
39.7899 -10.6482 70
11.4433 -9.62752 70
31.1579 -19.102 70
0.136763 -0.0372121 70
80.4256 -109.998 70
-20.4923 -1.28614 70
-29.8579 61.0178 70
-10.6398 9.39896 70
-10.8649 0.757884 70
0.105786 0.382857 70
0.0549788 -9.89746 70
10.3913 39.5075 70
1.12287 -0.0854004 70
-0.603072 -1.47457 70
-0.533798 1.09678 70
-0.865277 -1.43027 70
20.8004 19.0555 70
-0.0417863 0.460895 70
-0.428877 10.7153 70
20.4916 1.44152 70
-0.178039 -0.655277 70
-1.07032 -0.15371 70
1.27883 8.9812 70
1.14431 -0.359178 70
-11.2031 -0.386171 70
1.23121 -10.9268 70
-0.0389904 1.39415 70
-19.8347 10.0735 70
-0.870182 8.89683 70
28.949 69.5366 70
-1.00514 -0.694649 70
-0.709312 0.966248 70
-0.608623 -1.45609 70
-10.4116 1.02593 70
-0.367825 -1.07402 70
-0.702316 -0.173452 70
1.26421 0.835339 70
0.28875 0.957666 70
-0.494048 0.412934 70
-0.0867268 9.47126 70
-20.0731 -28.9987 70
-1.3129 0.315173 70
-9.28154 1.18066 70
1.15938 9.32458 70
9.37224 1.23292 70
-0.652258 0.814671 70
-8.80951 -9.7558 70
9.56143 9.06993 70
-19.92 0.0244488 70
0.341618 0.751625 70
-10.6311 10.2997 70
-39.8233 -1.4611 70
-9.60996 -0.946231 70
30.6779 99.1071 70
28.6545 11.0932 70
8.51934 9.93504 70
-1.20819 0.0511899 70
0.662671 -0.7487 70
-0.427376 0.766085 70
0.638156 0.577877 70
19.4439 40.1723 70
-18.8359 0.439598 70
0.800862 1.17465 70
1.23062 19.3718 70
-0.31229 0.119477 70
-0.433099 1.06055 70
0.783495 0.720696 70
0.868587 -0.201453 70
-1.03587 1.2173 70
18.6091 19.2758 70
0.684322 1.10207 70
-0.855792 -1.27185 70
-1.37837 -0.776899 70
20.5779 10.6734 70
8.58898 0.557398 70
-71.4138 69.6408 70
1.20213 0.706732 70
10.0794 10.4916 70
-28.9384 20.879 70
-0.717716 0.877238 70
-0.464888 11.137 70
-0.839517 0.339513 70
-0.651571 -1.0002 70
-0.428476 30.9585 70
-0.412139 -1.00066 70
-20.5436 -10.9262 70
11.4464 21.4981 70
-69.6523 -50.673 70
-19.2916 11.4365 70
-28.9909 1.31924 70
20.8119 -10.2638 70
18.755 19.6736 70
-1.44593 0.925406 70
-21.0357 69.0887 70
-1.10438 -0.227345 70
0.38891 -1.14388 70
-1.39671 9.06054 70
-29.4265 1.23854 70
9.8354 21.0674 70
-8.51157 -21.0259 70
-11.2784 -0.914176 70
-9.20222 -10.6233 70
-10.6094 -11.0536 70
1.33462 -19.0997 70
-0.706302 30.8125 70
1.45941 -1.05908 70
11.1123 -108.726 70
0.613956 0.291316 70
19.2104 1.04943 70
-19.6004 -9.73615 70
1.38476 -1.20667 70
-0.315406 0.00219125 70
19.0068 -19.0965 70
-10.0452 -21.1826 70
-0.20568 0.669824 70
0.543141 -0.175962 70
-9.344 8.53988 70
-0.692092 18.5096 70
-19.9141 8.58535 70
-18.8776 9.43312 70
50.3384 -119.782 70
0.239937 -0.940577 70
-0.0862469 0.757616 70
-1.36735 0.247486 70
0.644952 -10.2419 70
1.20687 -0.462887 70
0.0916656 -1.36382 70
9.48113 -0.108483 70
-29.702 -49.0809 70
1.42404 1.21558 70
1.04219 -9.88846 70
0.331524 1.16367 70
-11.4565 8.51736 70
1.08491 9.56584 70
-10.2643 -10.0637 70
19.2664 1.00994 70
-0.613284 0.368668 70
-0.337685 -0.479522 70
1.45621 0.490563 70
-9.75577 -11.3317 70
-29.5749 -29.1772 70
-10.1198 20.9233 70
-0.989995 -0.609676 70
-0.462738 1.33423 70
-0.330334 -0.217419 70
-0.660905 0.0465492 70
9.79113 1.1683 70
-1.1852 -1.48694 70
-0.160404 -1.37892 70
-1.1565 -0.190982 70
1.49986 0.0254335 70
-0.233367 -1.0323 70
19.0602 -28.6799 70
0.584247 1.35607 70
19.1389 -29.6842 70
-8.77328 -11.3143 70
-0.971146 -0.480418 70
-1.18034 -0.83971 70
-8.99505 -20.3461 70
-0.429545 -1.36042 70
61.4197 21.038 70
-0.604166 -1.28307 70
19.3805 -38.7496 70
-9.30284 -30.8773 70
-29.0667 -10.5838 70
-1.38143 -0.250492 70
1.49588 1.01439 70
-0.37804 1.25707 70
-30.4221 1.36982 70
-0.574308 -0.460092 70
-10.7676 19.646 70
11.3564 81.1494 70
-0.260862 -1.15258 70
-1.45605 -9.65269 70
0.692795 0.779076 70
0.562167 1.43525 70
-0.251367 18.5517 70
-0.0827001 -0.811562 70
-0.688083 -0.490858 70
0.0159721 -0.254509 70
-0.120902 -0.216352 70
1.24619 -0.513659 70
10.0898 30.6328 70
10.9515 30.6344 70
-18.6483 8.82309 70
-18.8003 0.0350794 70
1.45517 -0.187468 70
8.89344 1.34132 70
0.659413 -0.532947 70
-0.583417 -1.49392 70
10.9066 19.801 70
-11.4384 1.46489 70
-21.4211 -10.9663 70
-20.8734 -49.4199 70
-8.98279 -9.70092 70
-11.4442 -11.3999 70
0.779299 -1.15833 70
0.420467 0.178479 70
-18.7723 10.3188 70
-9.72962 -18.6776 70
0.0556019 1.02382 70
-9.14409 -8.70582 70
-9.6906 -11.3335 70
-18.7234 10.1843 70
-10.8018 -0.874928 70
-9.95285 8.92676 70
-30.2935 20.9877 70
48.7363 31.4149 70
-0.143539 8.57676 70
-10.9455 -0.896444 70
-10.8234 8.62866 70
18.9543 -10.8614 70
-1.38166 0.82266 70
21.0778 1.28061 70
0.921158 1.08488 70
-0.74606 11.0208 70
9.31889 1.09167 70
-0.336703 1.23907 70
-10.9571 -8.96886 70
-0.91273 1.23881 70
10.7718 -88.6862 70
-8.77995 20.4811 70
-0.671426 -9.02772 70
-0.0197825 -0.158083 70
-0.496754 -1.34503 70
1.21023 1.0174 70
-0.182218 -18.5975 70
-0.846536 -0.378242 70
1.42174 20.2866 70
-0.171605 0.785283 70
0.12047 -1.40532 70
10.2212 1.40859 70
-0.468553 -0.965131 70
-11.3701 0.246512 70
1.36606 0.529645 70
-0.521282 -1.48383 70
1.23857 0.181408 70
0.923612 0.103491 70
9.76449 -0.689694 70
11.2919 -9.48719 70
0.742331 -1.05701 70
-9.12713 -9.53733 70
-0.211832 -0.72371 70
9.10247 9.35102 70
1.40249 0.184856 70
-0.607736 0.345728 70
10.3753 -0.69886 70
-0.302609 0.436311 70
-21.0846 -1.25949 70
0.784441 -0.634665 70
-28.631 -29.8045 70
-40.3353 20.9195 70
-0.157625 -11.0809 70
1.40449 1.25125 70
-0.0743881 9.8365 70
-1.1106 0.0464156 70
0.851492 1.47295 70
89.8774 -30.4519 70
-0.200295 -0.556081 70
-31.4998 71.4572 70
