0.430507 -9.41215 70
0.936706 -29.5932 70
-10.9914 -30.1631 70
-9.91126 -19.4443 70
-10.7835 -10.7996 70
0.441256 -9.8067 70
0.822157 -11.4271 70
-30.2004 39.7987 70
-8.68731 -0.648239 70
10.5452 -10.1979 70
21.1045 0.701847 70
-1.25784 -49.6113 70
0.397759 -10.6765 70
8.92606 0.406997 70
0.205061 0.389666 70
-0.863931 1.14312 70
-0.546518 -1.10109 70
-11.1978 1.26843 70
10.8225 -21.4823 70
20.004 -20.0958 70
1.38412 0.847649 70
39.3499 -21.3683 70
-0.49695 1.06402 70
-19.2398 -10.8088 70
9.88346 -20.9571 70
-9.10172 -8.60372 70
-20.5807 21.4751 70
8.84504 21.4418 70
-21.3269 -28.8338 70
0.566797 -10.7273 70
-8.98821 -19.4853 70
-0.848063 1.14968 70
-10.0126 -10.2595 70
0.934092 0.693102 70
10.1285 -8.80731 70
-8.90329 -0.888791 70
1.15495 -0.0905722 70
-0.665711 -0.113096 70
-10.5451 0.414176 70
-0.165945 0.140803 70
-9.52139 -10.3758 70
10.0342 0.0833215 70
1.43743 -11.4234 70
0.316412 -11.4769 70
20.0797 -20.9083 70
9.09813 -9.72259 70
-0.892024 0.411109 70
-0.428804 -21.2064 70
0.32745 -20.762 70
-9.5735 -1.26585 70
1.22562 -11.0563 70
11.4319 -1.20826 70
-30.3247 10.1312 70
0.907216 18.6003 70
30.1724 39.8989 70
-21.2166 -20.1106 70
-31.1591 51.2954 70
-0.109669 -0.568444 70
-1.10064 1.48028 70
-29.1659 30.3539 70
-1.06686 -9.01426 70
0.917758 -0.62451 70
-0.126576 -8.89213 70
1.29195 0.107603 70
-10.8989 -9.23659 70
1.45286 -10.079 70
-9.40791 -20.2125 70
10.9053 -29.1808 70
9.24879 -10.8939 70
-9.63325 -8.80599 70
-10.8041 1.38711 70
-1.21311 1.3333 70
0.90656 0.770411 70
0.428839 0.803965 70
1.04558 -0.561946 70
0.871523 10.8655 70
-10.4791 -8.67984 70
-0.805796 0.0783405 70
0.274019 -0.672659 70
41.0362 -10.4697 70
0.00797111 -1.0773 70
-0.678095 -1.29201 70
1.17891 10.1426 70
-11.129 -11.4759 70
-10.0946 -8.83188 70
-31.3709 29.8767 70
0.982386 -11.426 70
0.946488 0.168461 70
1.2617 0.712042 70
-11.1002 -19.6143 70
-41.4479 50.4131 70
-28.8062 -9.00854 70
-19.0175 -11.3385 70
1.00383 -11.0897 70
-0.711506 0.293314 70
1.3703 -10.2065 70
-0.200504 0.268275 70
-8.90769 -10.5657 70
-0.374796 -1.20215 70
0.508703 -0.967145 70
-9.87266 -20.6996 70
0.13128 -10.9235 70
9.99121 -10.1047 70
-0.183307 -8.91074 70
10.3229 -0.251895 70
11.4819 -11.382 70
9.24846 -21.0571 70
0.365237 0.888844 70
9.31801 0.311101 70
0.395931 0.371787 70
1.09631 -9.83873 70
11.0075 9.24586 70
11.0183 -0.76926 70
-18.9473 -10.0077 70
-0.548387 0.586636 70
9.8146 -28.7172 70
-8.52197 -20.3322 70
-60.8452 29.984 70
-0.61111 0.510605 70
9.08298 -0.27437 70
0.890851 -8.58173 70
10.4758 -8.56184 70
9.07315 -9.35432 70
0.374396 1.25029 70
-18.7949 -10.2558 70
11.2862 -1.35595 70
-8.6563 9.32407 70
1.49248 -9.74981 70
9.97049 -0.102674 70
0.59716 -8.81039 70
-10.1975 -0.427529 70
-1.0184 -10.3329 70
-58.8227 -19.944 70
0.422169 -0.680509 70
0.989288 -10.9637 70
0.77695 -11.0841 70
-0.21544 9.23379 70
18.9773 10.4581 70
-0.797581 0.192239 70
0.706592 0.729878 70
-10.7745 -0.1904 70
-39.1921 8.88372 70
-0.83663 -11.0171 70
21.3369 -8.59436 70
0.266483 1.35395 70
10.7174 -9.80994 70
19.8338 0.69693 70
9.82065 -10.7007 70
-0.552988 -10.3571 70
10.4666 1.47079 70
0.306 -10.4209 70
-0.147887 0.20447 70
-20.4359 -41.3261 70
1.42811 -9.96972 70
0.226913 -1.23726 70
-0.688072 -9.6944 70
-8.7267 10.5397 70
-10.2972 9.9537 70
-0.082227 -11.4881 70
-1.13898 49.8376 70
-9.51076 9.79253 70
1.29833 0.986509 70
-8.97893 -10.3566 70
11.4246 -19.6984 70
19.433 8.58708 70
-10.8678 -0.89953 70
-9.3764 -0.757482 70
-18.7137 20.7555 70
0.0193886 1.46194 70
-11.1166 1.04806 70
-1.46601 -1.13311 70
19.9447 20.2646 70
9.91464 8.54357 70
-1.46409 -0.33195 70
-1.17069 -8.85812 70
-19.1296 -30.0028 70
0.880058 -1.36441 70
-11.316 -10.5398 70
-50.0083 -9.31211 70
1.31199 -8.56578 70
0.126988 -10.746 70
20.2252 0.0423955 70
0.469499 1.47627 70
0.206494 0.458204 70
-9.53007 1.28244 70
61.0552 39.6696 70
111.096 -0.550634 70
-0.490682 -0.990099 70
0.66893 -8.86525 70
-81.3587 -50.3309 70
8.68996 -20.5595 70
-0.529769 -10.6149 70
19.3746 -9.87319 70
9.04175 1.22994 70
-1.28833 0.920411 70
-19.7632 -9.76814 70
11.436 -9.17894 70
10.3724 -10.399 70
-10.3614 8.85442 70
0.0923987 -11.315 70
1.29245 0.479956 70
21.0713 0.224275 70
-40.6843 -11.1066 70
-0.489565 -10.2348 70
0.804905 -1.37132 70
-1.1738 -0.905657 70
-10.1961 -10.151 70
-11.178 -9.96983 70
-0.388017 -0.861369 70
1.46599 1.408 70
1.04761 -11.3724 70
-10.028 -28.8935 70
-0.406684 1.46051 70
0.383662 0.48109 70
0.290108 1.2045 70
-1.37364 -11.1683 70
0.281741 -10.2815 70
9.87583 -0.450453 70
-10.2937 -8.62162 70
10.4636 10.9474 70
-1.17645 -9.85097 70
0.697458 -0.387294 70
8.84792 0.221593 70
-10.3871 8.7705 70
-0.779555 -39.1233 70
0.00304636 -39.6366 70
-9.51752 -0.0679311 70
-41.4455 8.57947 70
0.161747 10.1334 70
-9.58001 49.9776 70
-0.387866 -10.4197 70
-0.576035 0.937917 70
-9.02988 -9.45074 70
-0.580293 -9.74814 70
1.37297 1.20127 70
-19.5527 -8.94724 70
0.234467 -0.224328 70
1.48777 -0.725032 70
1.3736 -18.7264 70
-0.216594 -9.20062 70
-21.0524 -21.146 70
0.282444 0.563044 70
-0.18393 -1.42952 70
10.2331 -1.49443 70
0.880303 -9.66646 70
-0.621337 -0.597561 70
-8.61809 -9.90864 70
1.17022 0.464178 70
-0.984202 0.677503 70
-1.48083 -10.3296 70
20.6503 -11.4458 70
-19.1148 -18.5352 70
48.6706 9.31326 70
-29.7227 -48.7749 70
1.4105 -0.0837291 70
-1.47664 -8.94796 70
-0.620176 -8.9223 70
-0.511883 -9.27946 70
-50.3693 18.8995 70
0.897598 -10.1359 70
-0.461223 -8.7751 70
-10.7201 -9.38471 70
-39.0071 -19.0749 70
0.124103 0.552714 70
-40.2102 9.45122 70
-38.9472 9.89313 70
-11.3766 0.812126 70
-19.5762 -30.7453 70
-0.27941 -10.6736 70
9.66262 29.7103 70
-0.76429 0.0813162 70
1.44888 -9.23148 70
0.492559 -9.7547 70
-8.67125 -9.17267 70
58.7637 10.8611 70
-1.16283 0.740488 70
-0.319434 -10.8471 70
0.999736 -30.9104 70
0.246909 -11.305 70
1.02526 -0.846931 70
0.518684 -10.9487 70
-0.504645 10.4164 70
-1.3623 -1.10932 70
10.2814 -8.62502 70
-0.0123334 -1.40674 70
-11.0051 19.0706 70
-8.74297 1.03179 70
0.821138 -41.4738 70
-1.17003 -9.29566 70
10.2555 0.691324 70
0.933141 1.11068 70
-0.766726 -11.4446 70
-9.90323 9.60409 70
-0.253952 -9.93941 70
-9.16932 0.136207 70
-10.9421 -1.49837 70
0.129111 10.7186 70
-0.840635 31.2803 70
0.196113 -0.482854 70
20.7619 -11.482 70
-31.3965 -38.8482 70
-1.41294 -1.04912 70
1.3721 -9.49751 70
-9.6678 -10.5695 70
1.08794 -8.96477 70
10.312 11.3167 70
-79.464 48.7479 70
-89.493 8.61109 70
-90.1016 11.4736 70
-0.376163 10.2052 70
-10.8991 -19.6383 70
-10.8399 -18.7114 70
1.38022 -0.875809 70
-1.41071 -10.8627 70
1.43408 -8.88581 70
8.94974 -21.3811 70
1.39109 1.02178 70
1.08681 -1.44857 70
30.185 21.3242 70
9.46434 20.2469 70
20.2406 -51.4939 70
20.3992 -50.9888 70
19.6992 -49.8951 70
10.4133 -20.8643 70
-21.4881 -9.08728 70
-19.1302 -10.7098 70
-39.8127 19.6094 70
0.238339 0.536119 70
18.9449 19.3257 70
-0.387744 1.30719 70
-19.5499 -0.717515 70
19.9294 -10.5867 70
29.7754 -11.0065 70
-9.4045 10.9951 70
-18.679 -8.53207 70
10.8066 -0.411805 70
9.5015 1.37852 70
19.8204 -20.7229 70
-20.6714 -30.249 70
-10.024 -9.32738 70
11.4583 40.3025 70
-20.4363 -11.3206 70
9.43634 -20.6871 70
-0.570689 -21.4586 70
0.119298 -1.18201 70
21.0057 -10.2972 70
-0.090039 -0.706556 70
0.456414 0.943611 70
10.9961 1.4515 70
-0.863314 -9.94918 70
-8.84364 -1.49964 70
10.7925 1.14478 70
-0.993764 0.151972 70
0.215326 -8.60323 70
0.473307 -18.7603 70
9.55153 -8.90354 70
-19.0512 18.8112 70
1.35528 -10.6789 70
-59.5638 -79.1523 70
0.625246 -1.30361 70
11.1151 -0.947677 70
30.4438 70.2946 70
-1.10432 -9.55383 70
9.62611 -8.76757 70
50.2312 -99.4178 70
-19.2052 0.906868 70
10.0903 8.95503 70
-1.1555 -0.88886 70
-58.677 1.08993 70
29.5282 10.3843 70
-9.79205 10.6722 70
8.87374 -20.0975 70
0.760987 -0.676334 70
0.90789 1.06942 70
-0.483445 -10.3201 70
0.114562 -10.7846 70
0.803085 -10.9795 70
10.4767 -9.10804 70
0.340145 -0.0486121 70
-0.565706 -1.24993 70
-0.580561 -10.2 70
0.65255 -8.63398 70
10.382 -10.1074 70
-0.398443 -9.40145 70
-40.0792 -11.0176 70
-0.65415 -9.39605 70
-10.4891 0.74896 70
30.4229 9.65227 70
-0.855981 -10.5766 70
9.74853 -18.7842 70
0.11677 10.7717 70
-10.8019 1.39362 70
0.977488 0.974228 70
1.44437 0.26948 70
0.988678 -1.09432 70
18.6389 9.39583 70
-21.4742 9.14119 70
-9.2389 18.7525 70
0.387129 -9.11289 70
-19.1571 39.2437 70
0.0558451 -10.8078 70
-29.7983 0.935039 70
1.22473 0.471078 70
0.445203 0.13362 70
20.5529 28.9648 70
-8.99463 -9.8732 70
0.972929 0.41727 70
-29.6287 -59.8143 70
-30.6735 -60.8353 70
-0.910734 -9.36587 70
-10.6858 100.094 70
0.794872 10.1495 70
-0.248243 10.9883 70
0.618153 0.243206 70
0.283319 10.0949 70
11.2396 -19.6763 70
0.168209 0.0384739 70
-0.0779283 -0.613979 70
-0.970463 -0.66519 70
0.625902 -0.170388 70
20.0577 8.79142 70
-20.5928 -30.2412 70
9.74593 -0.468597 70
0.21734 0.251906 70
0.836583 19.5669 70
0.945755 19.6906 70
-79.6721 -10.6463 70
-79.7336 -9.34602 70
-0.562869 0.984764 70
-0.676885 -1.2672 70
-0.822361 0.678808 70
-9.55355 -0.346753 70
-1.37311 0.0600953 70
-20.9643 -11.1179 70
-1.28012 -11.3032 70
19.8046 9.43031 70
-9.80004 -20.8845 70
-21.225 9.91132 70
-0.975989 -1.02195 70
0.124468 0.179729 70
20.8775 -9.04555 70
-9.85995 -10.7964 70
-0.637281 -20.1518 70
0.102467 -18.6486 70
-11.3745 8.89451 70
11.0785 -8.63326 70
-10.9848 -0.157094 70
1.41454 0.061104 70
19.6944 10.7693 70
-30.9815 -10.9737 70
-0.204258 -9.30505 70
0.0207405 -20.4569 70
-8.97535 -8.60637 70
1.312 1.3312 70
-1.35052 -0.911208 70
-9.62199 -10.6407 70
-10.2893 -8.84465 70
-1.2698 1.45124 70
20.1135 39.5908 70
11.4611 0.133001 70
9.57406 -0.783967 70
28.5129 29.8224 70
0.0671796 1.48828 70
-11.1278 -0.627467 70
20.8592 -18.96 70
-0.021369 -0.025074 70
0.144955 -10.0221 70
-11.4424 -19.03 70
0.570746 -10.713 70
50.0498 -51.2087 70
0.81933 -11.2498 70
59.0091 39.4492 70
10.713 -10.7649 70
1.11622 0.323673 70
-0.694712 0.0180589 70
0.869169 -0.165412 70
-1.04797 -9.39076 70
8.52821 -0.982679 70
0.10521 -11.2875 70
0.479948 -10.3322 70
-18.7213 40.6479 70
18.5083 11.4896 70
-28.628 58.7881 70
31.0524 -20.4583 70
28.5378 -20.9341 70
-9.41136 -1.19992 70
-1.19509 -0.600918 70
-0.376373 1.21613 70
9.59442 -8.64688 70
-41.0132 -51.3047 70
0.329616 1.2298 70
-9.2047 -39.4724 70
-9.57812 -0.724071 70
-1.27212 -10.0933 70
0.50762 -1.17162 70
-0.903263 -11.3866 70
-18.7096 -0.712889 70
1.25047 -11.2681 70
-10.6916 -30.1259 70
20.3468 -19.8011 70
9.15531 -1.26561 70
-9.60226 -21.295 70
-0.875358 10.0468 70
9.19075 -9.91651 70
1.4549 -9.2511 70
9.15094 -9.85893 70
-0.891457 1.29232 70
-8.85786 -9.27921 70
-0.258397 1.06438 70
9.70312 -0.475391 70
9.36556 -9.22907 70
-10.8283 -0.886136 70
1.15692 -8.53025 70
20.3845 -10.7978 70
10.5349 -10.2183 70
0.321053 -9.93608 70
9.77149 10.2659 70
8.68488 -11.4139 70
8.6079 -0.56496 70
29.0798 -18.677 70
1.08878 -1.45696 70
0.159997 1.10281 70
0.867077 -1.01477 70
-1.3403 -1.03923 70
-0.13533 -8.7214 70
10.9408 29.8564 70
-1.10945 1.1433 70
0.424925 1.44601 70
30.7372 -28.5796 70
20.2109 -10.7388 70
8.75049 9.94421 70
11.3176 -31.2682 70
-1.45013 -9.65139 70
-9.86674 -11.2929 70
-0.538877 1.20719 70
-1.47589 -0.0666806 70
9.65085 -11.3645 70
40.0935 -28.8419 70
-9.54427 11.101 70
-9.52098 8.65102 70
-0.911796 -30.5965 70
9.65006 -28.9756 70
-10.4048 -0.839487 70
8.81764 -0.893345 70
1.00212 -10.4054 70
-0.709447 -9.23302 70
-0.382606 -1.11816 70
-9.12116 -20.2945 70
8.75513 0.540456 70
-10.7338 -11.0203 70
-8.70124 -9.74123 70
0.957203 -10.0607 70
11.0841 0.202013 70
8.92185 -9.791 70
-9.09021 -20.7696 70
9.81463 8.9071 70
1.17538 0.319058 70
-1.45933 0.282325 70
29.8598 8.77636 70
-9.46166 10.8 70
9.73198 1.22929 70
0.561499 -8.92737 70
0.654139 20.2775 70
29.0596 18.9956 70
-0.164533 -1.1971 70
-49.589 0.0930189 70
-10.614 0.216488 70
-9.21365 1.13201 70
9.44533 -10.705 70
9.54433 -9.4428 70
-0.313819 19.7458 70
29.6834 30.1256 70
29.6672 30.9576 70
0.444312 10.2798 70
0.566899 0.313817 70
-0.572166 -1.39808 70
1.47843 0.415053 70
-0.270895 -11.1036 70
-0.77097 29.0694 70
21.4985 -10.5954 70
1.01832 -10.2899 70
11.056 -19.8543 70
0.827055 -0.528177 70
10.3451 -0.479592 70
-0.742912 -9.88675 70
-1.00697 20.0361 70
-0.457657 -0.697804 70
0.622064 0.0614558 70
9.30579 -0.679117 70
1.41132 -1.11192 70
8.79639 28.5704 70
1.20213 0.995012 70
-0.583247 -1.02905 70
0.0559691 9.77445 70
-29.7231 1.11233 70
8.84318 -0.0711438 70
20.5177 8.66809 70
-0.633364 -19.0847 70
-10.359 -0.906299 70
-19.0054 -31.4862 70
1.49735 9.37609 70
-9.71979 -9.86376 70
8.66563 -20.3846 70
11.4924 9.77339 70
-0.290053 -10.4493 70
-0.44208 -8.50575 70
10.3657 9.15295 70
10.07 -8.84167 70
101.136 -59.233 70
1.15561 0.221997 70
-0.825997 1.1669 70
1.2692 -1.06379 70
-19.9813 18.5107 70
-31.2278 -19.8632 70
9.12462 -9.05911 70
-21.4433 -8.94782 70
1.3697 -1.49073 70
-1.2324 0.292297 70
-0.389722 -9.77037 70
-0.855916 0.555599 70
-0.982313 -0.14228 70
-9.54327 -1.11125 70
-0.968654 -11.075 70
-0.409832 1.04648 70
19.8218 1.2928 70
0.553544 1.14994 70
-0.76973 -1.05194 70
19.0633 -9.00267 70
19.3529 -10.1808 70
-9.29001 -0.675733 70
-1.27452 -9.60765 70
-0.153519 -8.82619 70
9.24041 20.4549 70
10.5854 18.7707 70
-40.5258 -1.15822 70
-30.1686 -19.5913 70
-0.899726 1.17231 70
60.8908 20.9906 70
0.740972 -0.550567 70
-0.0299867 -1.27983 70
-0.395115 -0.501185 70
50.6267 8.82581 70
-9.11991 28.9127 70
-0.00916009 -11.3262 70
1.20172 -10.1242 70
-0.704156 -10.3602 70
-9.85771 -9.91822 70
19.5886 -0.733915 70
-0.0189426 -1.31732 70
19.9702 -18.6125 70
-10.7879 -1.13439 70
0.516381 1.39207 70
-18.8683 1.09525 70
-1.15455 1.01534 70
-0.0698761 -0.51905 70
18.5813 -39.2465 70
10.5046 -29.6711 70
-9.92137 20.4158 70
-21.0585 -21.1188 70
1.02173 0.146969 70
-1.21742 11.1603 70
28.5172 0.677522 70
-9.80282 8.59978 70
-0.574128 -0.799751 70
0.514378 1.27126 70
8.82871 -10.3104 70
-1.45876 -19.4484 70
21.4155 -10.3687 70
-0.380906 -1.08956 70
0.933543 -10.4423 70
-0.650104 -0.689786 70
0.183322 19.2022 70
-0.146743 -11.0021 70
28.9044 9.57773 70
0.60662 -19.8519 70
10.0263 10.2259 70
1.24876 -0.64442 70
0.38779 -10.5054 70
-0.639734 -0.671727 70
1.08599 -19.2592 70
-0.0507774 -9.53393 70
8.50237 -0.646609 70
-1.33858 -11.1409 70
-0.987594 -0.449751 70
-0.162651 -20.4012 70
8.60621 -10.8345 70
0.455116 -10.3051 70
-0.217011 -8.82036 70
-9.56637 -21.4887 70
1.30449 -0.256298 70
40.8172 10.772 70
11.4634 -20.5184 70
0.414335 0.87091 70
0.964706 -9.52607 70
0.500978 -8.88932 70
1.07038 -1.46948 70
-1.49948 1.16729 70
-1.33723 -0.939141 70
-10.9865 -10.6151 70
1.03425 -8.97594 70
-0.238315 -9.49126 70
-11.0862 9.6455 70
9.59592 -0.851846 70
-30.734 -10.0803 70
19.746 1.02591 70
29.7416 -20.5153 70
1.48594 -1.13347 70
-79.0605 38.624 70
-1.42086 1.38191 70
20.7608 0.336012 70
-8.57886 -0.930285 70
0.831391 0.871246 70
-0.777762 -11.3491 70
-11.2625 -8.69027 70
-0.135693 -10.9893 70
-0.972746 -11.4013 70
-11.3599 -11.2576 70
0.728453 -0.0254887 70
10.0017 -19.1804 70
-0.609536 0.290601 70
8.62305 -9.93529 70
8.96811 -10.941 70
9.50387 -9.19969 70
-48.983 0.914193 70
-20.9075 -9.95001 70
0.0115371 -0.188182 70
-18.7562 -9.56952 70
-9.69224 -9.19341 70
-9.55665 -9.88234 70
18.7484 -0.502693 70
81.3895 -20.0515 70
-0.0858839 11.3843 70
-20.4919 -21.3383 70
11.1017 -11.4642 70
-10.718 -19.0599 70
-10.7113 -100.303 70
-0.430504 0.307769 70
0.847513 -0.69547 70
