-10.2064 -19.8571 70
30.7801 -41.2068 70
29.7216 -40.599 70
-10.2106 8.87591 70
20.5345 11.4712 70
-8.51955 8.75624 70
10.4132 9.3215 70
-9.59318 11.4646 70
0.3542 -0.172609 70
-1.1572 18.8406 70
-0.21098 18.7416 70
1.31397 18.6752 70
-0.614213 -0.143556 70
-60.7244 11.3701 70
9.80226 -0.485346 70
1.35201 -10.2554 70
9.61786 11.4086 70
9.63824 -1.43323 70
19.3852 9.09957 70
10.4857 -1.04125 70
-0.918381 30.9763 70
-11.2183 9.50932 70
-40.7326 11.0917 70
-1.13991 1.17328 70
9.12014 9.90325 70
0.975751 28.7923 70
-0.674958 0.187634 70
-8.6901 10.0073 70
0.911325 -1.48245 70
1.20745 -1.48842 70
0.19043 -0.340209 70
-39.5423 19.8506 70
-118.78 49.8464 70
-1.43941 -1.02943 70
-0.367184 1.11593 70
-0.050026 19.7632 70
11.1882 10.35 70
-29.1624 18.9238 70
-11.2761 8.65527 70
19.0974 10.7085 70
-9.1571 31.205 70
-11.3446 -21.449 70
19.7098 -0.179045 70
10.2031 31.3352 70
-9.84239 -0.470101 70
0.929181 1.015 70
-10.4815 -0.721874 70
-10.4409 0.498285 70
1.08472 -10.5474 70
-0.15019 -0.912569 70
0.175873 -1.03094 70
-0.0330953 11.1148 70
1.22602 9.42511 70
10.1655 -10.2328 70
-0.417877 0.246758 70
11.2812 0.639424 70
-0.272059 10.4941 70
0.782381 11.1019 70
-0.901403 -1.45833 70
0.860725 0.977251 70
1.08005 8.58729 70
-1.08804 19.6657 70
20.8296 29.0291 70
1.19489 -1.30049 70
11.1616 -9.03652 70
-31.2026 -10.0839 70
0.497616 9.10864 70
-20.5409 0.479635 70
-18.8581 31.2146 70
-0.853466 1.13628 70
1.23586 10.9791 70
-8.76985 10.8803 70
1.04497 -1.0202 70
0.724313 11.1005 70
0.576855 -1.18572 70
1.27844 1.25286 70
10.5034 -1.21509 70
10.6355 19.5287 70
-20.2942 28.599 70
-0.731149 1.15544 70
110.998 -18.8919 70
-9.56516 21.1957 70
0.956907 0.666881 70
-0.655932 8.97458 70
-1.49502 0.996727 70
60.1041 39.7596 70
-0.862105 -0.965924 70
-0.301071 -0.613499 70
-1.2224 11.3503 70
-0.643564 -1.4059 70
29.349 -9.79645 70
1.47661 -1.21263 70
8.51904 29.0002 70
9.66668 30.3438 70
-18.8285 -19.9648 70
-11.0935 8.80729 70
9.4065 19.7466 70
0.336696 -0.57468 70
0.801434 0.13176 70
-0.0847796 0.827564 70
-1.08513 20.0379 70
-28.7843 0.929199 70
-29.0143 1.21097 70
-40.9466 8.96785 70
0.425635 -0.721054 70
20.8251 8.51165 70
-1.10657 1.06966 70
-9.35406 -10.8629 70
-20.1664 1.44556 70
1.10203 -1.44289 70
0.682815 -10.1957 70
0.214892 10.8028 70
0.596766 0.360606 70
-0.489995 0.0982738 70
0.185819 -0.00986348 70
-0.254468 10.117 70
0.33431 -0.973455 70
50.9503 -30.9289 70
-1.03951 9.79488 70
51.2003 9.94489 70
9.53853 8.84075 70
-1.46163 -19.7351 70
-0.88034 40.6266 70
-0.362635 9.31896 70
-9.60568 -8.61453 70
0.114448 -0.744836 70
-20.1817 0.494254 70
-40.4144 10.3463 70
-39.2691 10.9829 70
-1.11702 0.427549 70
10.3922 10.7986 70
0.305665 9.65627 70
-0.269343 10.706 70
-0.254369 0.647844 70
-0.291583 11.0215 70
-0.119281 8.59894 70
70.6975 18.5971 70
0.726768 8.57464 70
-8.82874 10.805 70
0.813259 11.1324 70
-39.0438 -11.1007 70
10.3858 9.00045 70
11.1832 19.248 70
9.8105 10.0871 70
-9.74677 10.5885 70
-1.26226 -1.28561 70
-1.10036 20.5685 70
-69.5433 51.2497 70
-21.2694 10.0021 70
0.761415 -1.30784 70
-0.497283 -1.20628 70
-29.0469 11.3082 70
-0.0157331 -38.9106 70
19.0232 29.7865 70
-1.35089 9.84743 70
11.037 0.290255 70
0.650914 11.1624 70
-0.479089 -0.888572 70
8.82496 19.5566 70
-0.7147 0.338704 70
-0.762313 1.03589 70
0.476362 10.7095 70
0.842167 -19.5069 70
-0.366142 9.94212 70
28.676 -8.68271 70
1.34455 -0.473525 70
0.311267 0.15679 70
-0.554528 9.89194 70
0.688994 10.4065 70
-10.1551 -10.0972 70
-8.95299 -0.748157 70
-1.2429 10.7864 70
-1.14526 1.21608 70
9.068 0.343338 70
0.296894 -9.60509 70
-0.310185 -50.3321 70
40.4028 1.17876 70
-1.00279 0.977626 70
-20.0694 28.5499 70
0.996962 -0.995208 70
-9.01668 10.5011 70
-0.352912 0.736438 70
-0.755366 -0.945787 70
-10.3797 -18.9372 70
-1.36875 -0.111593 70
-11.2999 29.774 70
-10.1782 -0.648302 70
-0.971513 -0.331842 70
-10.7667 48.6353 70
1.2913 9.54187 70
-9.73123 1.01785 70
-29.9636 40.6017 70
1.31802 10.5424 70
0.335717 21.4757 70
0.693663 8.56257 70
-29.6023 40.9078 70
0.461986 9.32366 70
-0.107646 -0.786892 70
19.317 -0.0454951 70
-0.670568 -0.705375 70
80.1979 0.553954 70
81.0331 -0.949998 70
9.74342 11.1426 70
-38.8556 -20.0373 70
-38.6377 9.82926 70
-0.382862 -0.344931 70
-1.36335 8.54543 70
-0.139621 10.2882 70
-0.190094 10.1823 70
-0.457028 0.972495 70
0.605711 19.1603 70
1.4317 -0.924806 70
-9.32746 8.66493 70
20.9263 0.223997 70
-49.7419 10.0839 70
31.288 40.3719 70
0.805941 81.1549 70
20.8438 40.9732 70
-0.283664 0.86932 70
9.89016 10.7703 70
0.725024 -0.363664 70
0.459934 -0.340225 70
-0.619783 0.496974 70
0.0717698 10.9629 70
11.1298 20.7606 70
0.800089 -0.555895 70
1.18775 10.2287 70
0.184419 -30.2293 70
-0.918962 -0.487797 70
-0.0269838 1.01547 70
10.5529 90.782 70
11.462 90.7867 70
20.6038 -0.136304 70
1.43024 0.0797826 70
-9.33795 -8.91719 70
-1.06425 -1.09918 70
-0.432904 9.48544 70
0.957282 -1.481 70
-10.2514 -0.701042 70
0.41408 8.50928 70
0.722972 1.44379 70
0.471537 -0.995478 70
0.316249 8.53674 70
79.8755 40.7992 70
0.591734 11.0727 70
-1.01492 8.91166 70
0.990589 0.227254 70
18.6964 20.8001 70
0.703556 10.3429 70
19.3804 10.0532 70
1.33958 -0.975226 70
-1.47494 9.13229 70
0.750481 0.11969 70
-1.49871 -0.835203 70
10.1153 1.32429 70
9.22021 31.1507 70
1.12234 0.876457 70
-9.69549 8.85451 70
-0.339272 -0.78342 70
-19.9297 8.63042 70
49.4199 59.8084 70
-19.8528 -19.9995 70
-19.4653 11.2825 70
-19.3681 9.12988 70
-40.1002 9.46533 70
-8.65288 8.64279 70
-0.0378578 10.3989 70
-1.1641 10.5983 70
1.38947 -10.2557 70
1.47439 -1.22032 70
-19.5316 -21.2407 70
0.932588 10.4568 70
10.2199 10.7885 70
-10.6696 -28.6128 70
1.1396 30.3104 70
-0.713756 -0.251915 70
0.898232 0.72567 70
-28.5851 10.1644 70
-9.84345 -20.9112 70
0.209309 20.4005 70
0.605402 0.656731 70
-10.8307 -8.97554 70
60.7093 -41.2562 70
-21.4798 9.73418 70
-11.2877 0.911606 70
-8.63063 -0.581456 70
10.3725 -0.419789 70
-21.0729 70.124 70
-10.8186 -1.35967 70
69.6337 11.4134 70
-1.0123 0.774101 70
-50.3995 -49.1554 70
-1.027 8.64282 70
0.292848 1.40682 70
9.65411 1.29638 70
0.208257 -1.43118 70
-0.607014 11.1115 70
-0.717321 -0.945402 70
-10.2882 -0.68153 70
-1.00521 9.08025 70
0.0529509 9.47672 70
-39.3784 61.1501 70
-0.735714 0.590492 70
11.3573 10.8858 70
-0.0414138 -0.90546 70
-0.416478 0.917432 70
8.53996 11.0506 70
-19.4664 9.3313 70
10.994 8.96329 70
1.01346 0.256971 70
-10.3835 21.11 70
-0.613307 -0.329742 70
-1.26455 0.502285 70
0.92506 0.655581 70
-10.9917 19.8225 70
-10.0815 -0.963331 70
-1.0053 8.79552 70
0.646179 9.21704 70
-1.14018 1.33729 70
1.21077 -0.701773 70
-0.154062 10.8498 70
-0.698766 -9.18484 70
-9.51072 -29.5628 70
-11.3866 -1.29082 70
-10.2766 10.8015 70
-20.3491 -9.96286 70
0.979031 10.4318 70
-50.958 -0.525946 70
0.0364199 11.0431 70
80.7319 -50.3163 70
19.7145 40.4772 70
11.3311 -10.4235 70
-19.8799 -20.4037 70
-0.161919 20.8385 70
8.87565 -1.4729 70
0.456754 9.00271 70
-30.5118 -0.931342 70
0.675871 0.865293 70
-8.52797 9.42626 70
1.23367 9.27501 70
19.2519 -19.5307 70
-0.78525 9.09222 70
9.18069 8.93946 70
-1.22466 -0.318216 70
-9.56917 0.102163 70
11.1056 -0.834424 70
10.5765 0.380894 70
0.681162 1.14125 70
9.00005 -20.2158 70
-0.06822 0.0619295 70
1.47245 -1.23214 70
-0.80201 -11.2608 70
1.14633 -0.255947 70
0.633619 0.120688 70
-10.4384 -1.03821 70
-9.66945 -0.0170948 70
-0.478658 -1.23735 70
-1.32313 0.0544228 70
-1.38224 -1.40874 70
-1.34973 1.03101 70
-9.97354 9.93916 70
-0.91144 29.7562 70
1.13368 0.371651 70
-10.407 -0.327514 70
9.95265 0.981545 70
1.40657 9.58287 70
0.787069 1.15531 70
-10.9358 10.3686 70
-1.28951 -0.218194 70
1.12476 10.9514 70
0.417781 9.34412 70
-0.159648 1.0129 70
-0.265824 -1.48839 70
-0.911263 -0.548573 70
1.36174 -0.638134 70
-0.0966936 -0.46931 70
19.6499 29.7679 70
-10.8383 -0.168391 70
0.378778 -0.111103 70
1.46156 -0.34337 70
-1.07042 -8.96289 70
-11.2802 0.866534 70
-9.73821 -11.4152 70
-9.22399 -9.75753 70
0.577456 0.461062 70
-1.19245 0.661207 70
10.8135 -0.269607 70
10.5413 0.381083 70
29.6371 -0.237946 70
8.58936 1.21271 70
0.262351 10.0575 70
11.0141 -0.866401 70
-31.3042 41.0897 70
-10.9346 -1.01077 70
-10.116 10.1305 70
1.13653 -0.922762 70
1.27337 -0.834872 70
-8.65072 1.18012 70
-9.88306 1.29246 70
31.4319 -8.78637 70
9.34418 -0.870423 70
8.54587 11.1551 70
9.84768 -28.5935 70
-0.812626 11.2981 70
-0.816996 0.945928 70
-1.39115 11.2275 70
0.539608 -1.37649 70
-0.681308 10.1718 70
0.00774375 -0.85149 70
-19.1225 18.7772 70
10.9635 10.0253 70
-10.4772 -8.87867 70
-0.521097 -10.8591 70
-1.39319 -11.2603 70
-20.3271 -1.36637 70
-8.99239 -0.361692 70
10.6013 0.0947057 70
0.886997 21.4513 70
10.0806 8.80707 70
10.0213 -10.8654 70
9.94306 -10.3808 70
10.2808 1.08692 70
-20.0451 -18.6577 70
-0.457402 1.37815 70
-8.95923 11.2226 70
19.0993 -9.02783 70
0.446141 0.207865 70
40.4782 20.3817 70
-10.3011 -18.8593 70
0.50234 -11.0812 70
0.174425 -0.375313 70
0.0170624 39.2316 70
0.397989 -10.4557 70
-19.5336 8.61232 70
1.43339 -0.493274 70
10.3309 -0.432625 70
-30.3628 10.1669 70
0.406288 -1.06386 70
0.0633965 0.627228 70
-49.17 -120.626 70
-39.2452 30.7582 70
1.09722 9.07585 70
-0.982789 29.8097 70
-10.6704 -10.574 70
1.40428 -0.169985 70
-1.34153 -1.23545 70
-19.0308 10.9398 70
10.137 -48.7496 70
-68.5952 -49.3344 70
-20.5942 9.48984 70
-9.86637 -1.30558 70
0.12782 -8.76424 70
-10.2715 1.25757 70
-8.70458 -0.158521 70
29.7226 -71.1067 70
0.901427 10.2575 70
-11.2099 -9.13826 70
-8.82263 -9.42383 70
-8.74471 -38.9806 70
-0.661787 -0.154705 70
-9.14842 -10.5778 70
-11.4238 -1.18181 70
30.8654 9.51437 70
-1.05596 0.84397 70
-0.506325 -11.2142 70
-0.0258928 -0.829168 70
-0.540132 -21.4531 70
-1.30411 -20.7039 70
1.13709 1.47022 70
1.30253 -0.665019 70
9.78427 9.52777 70
-0.188213 10.1736 70
38.8007 9.16418 70
0.486444 10.3484 70
8.864 1.15728 70
0.89489 -8.61107 70
1.38723 -1.48131 70
-21.1336 9.44366 70
-1.35576 8.95774 70
-30.0806 19.2359 70
20.7626 -0.337994 70
0.0532409 10.3405 70
-0.76359 -1.02302 70
29.691 -50.1387 70
0.816826 0.832736 70
0.863628 1.07803 70
1.13993 8.95252 70
0.387027 -39.7733 70
0.971174 -1.05934 70
1.16778 -19.73 70
0.540576 9.72026 70
-19.3834 10.9804 70
-49.9306 -39.852 70
-1.05214 -0.636021 70
-0.528105 1.09469 70
0.0113397 1.37466 70
-61.1173 -19.412 70
-8.71008 0.156427 70
-19.5079 11.451 70
0.868836 -0.845516 70
-9.40344 10.2213 70
-9.96453 -0.263509 70
-0.559569 -0.250015 70
0.580675 -1.17179 70
0.852405 0.877251 70
-0.712512 10.6585 70
-1.28762 9.68945 70
0.562263 0.0653455 70
0.742718 0.258323 70
-10.035 51.255 70
-0.564401 10.2831 70
-10.3064 -1.30359 70
11.0268 21.2082 70
10.7593 -10.503 70
10.5324 1.27135 70
-0.848879 8.958 70
-9.86638 -49.9825 70
0.569043 0.071671 70
0.141196 10.5647 70
18.5856 -39.8721 70
-30.9496 121.389 70
-31.1551 120.45 70
-0.611409 0.922598 70
-9.30412 31.4552 70
9.26123 21.377 70
-20.0802 21.1898 70
-19.5181 -59.0885 70
-0.67989 49.3447 70
-0.544004 10.4638 70
-0.834338 9.16112 70
8.90308 10.2943 70
-9.1921 -0.489792 70
0.580322 -0.017753 70
-10.0664 20.8732 70
-29.7064 -10.4201 70
-19.1157 -41.2027 70
-9.36708 30.5819 70
-1.32266 9.73115 70
0.0672827 -0.148702 70
-10.2695 -0.526553 70
-1.21312 -0.568823 70
9.04747 -9.17912 70
9.05781 -9.91755 70
-9.66627 -1.28367 70
0.850326 11.1 70
20.4315 8.55122 70
0.409364 0.623807 70
10.0254 0.477342 70
-0.193497 10.6069 70
1.41979 0.0573875 70
-30.3247 10.9416 70
10.8675 8.9402 70
1.25851 0.29755 70
-8.50152 1.35104 70
0.573945 20.9382 70
-11.2004 -0.737302 70
-0.358852 1.42449 70
11.438 10.0997 70
-18.5607 0.121321 70
49.242 40.3319 70
-0.249335 0.145858 70
-0.568084 -0.626627 70
-20.6081 -9.35343 70
-1.4524 0.195163 70
-9.18253 -1.1269 70
39.0628 -29.9746 70
11.0298 0.219993 70
0.0163663 -8.56438 70
11.2764 -8.93756 70
8.51524 -8.76083 70
-11.0085 -0.490992 70
-10.1431 -9.72432 70
-8.55215 8.5814 70
70.8966 -80.6998 70
-10.5163 -1.40574 70
-0.310936 8.55907 70
10.4857 10.4103 70
-1.09102 -8.72193 70
-9.92048 10.2379 70
-10.0838 8.57218 70
0.769998 10.9883 70
1.063 0.88389 70
1.02762 41.1398 70
-9.33342 -1.1419 70
68.5651 30.9066 70
-0.719341 11.0287 70
-0.626202 -9.75929 70
-31.0689 38.6512 70
1.10649 10.7574 70
-1.00822 -1.11385 70
1.37885 0.701593 70
0.662375 -10.0889 70
1.35856 18.5029 70
0.429331 1.42642 70
1.34363 -1.39287 70
-0.310862 -1.35195 70
-20.4024 20.6543 70
0.182338 -0.2385 70
-8.88017 -0.890201 70
-9.05983 -1.091 70
-10.7289 1.46171 70
10.2939 -51.0219 70
-0.730377 -0.487908 70
1.35026 9.26365 70
-1.31332 0.658649 70
-29.401 -31.0101 70
-0.34372 -11.135 70
0.502486 -0.566669 70
0.675422 0.861917 70
-11.2961 29.3217 70
0.363784 0.299983 70
1.12025 -10.5159 70
8.76374 -1.43143 70
-0.576112 -1.15993 70
11.2123 -100.377 70
-0.389026 21.2726 70
40.0762 0.0719872 70
-38.8378 31.0481 70
-41.2294 -1.49442 70
1.43018 -0.475536 70
-10.9417 19.0065 70
11.1235 29.7598 70
0.732493 -8.81872 70
21.3867 0.326935 70
10.0423 0.466194 70
18.6126 9.88826 70
-20.6511 1.37537 70
9.32097 10.8052 70
21.427 -19.8662 70
-0.0465762 0.748448 70
-0.167784 0.865072 70
-40.4144 -1.41257 70
-0.311071 0.510206 70
-19.3602 -0.111349 70
60.117 -8.5242 70
1.13034 -9.08414 70
-10.6622 18.9979 70
0.179835 19.3966 70
-41.1841 39.8523 70
10.7133 10.0436 70
20.823 0.308894 70
9.77239 -11.1301 70
9.97082 -0.0269024 70
-1.35361 10.2305 70
0.335212 0.424468 70
-11.1902 -21.4399 70
0.0967726 -0.176114 70
20.1858 0.0794059 70
1.15242 -1.22433 70
-50.6863 28.8935 70
0.0440749 11.1522 70
0.415099 11.1748 70
11.149 -9.48365 70
-0.624148 -0.163274 70
-1.32364 1.38238 70
9.98737 -41.4392 70
-39.5414 -11.185 70
-10.9807 -31.4165 70
11.4699 0.799414 70
8.85773 -8.74627 70
-11.216 19.6914 70
-10.2916 8.69308 70
30.885 -0.981771 70
-29.0347 -41.1285 70
-0.285781 -1.39465 70
-11.2735 10.8624 70
-19.3471 -9.29648 70
-0.0690977 21.0755 70
0.861133 10.6354 70
-1.10049 -0.906035 70
-0.569951 -0.972986 70
9.42653 -11.0828 70
9.49433 9.25035 70
-0.942263 -1.05863 70
-21.3667 28.8263 70
10.9292 -10.9609 70
-10.7716 -0.986575 70
-0.81598 10.7978 70
9.24001 -11.4853 70
-0.838213 28.5643 70
1.21729 10.1201 70
-30.602 9.89495 70
1.25418 1.13669 70
-0.925103 11.3871 70
-10.9935 10.8588 70
11.1229 40.672 70
18.8053 -1.06508 70
1.10434 -0.139997 70
-8.60056 -0.647881 70
0.383364 -0.941123 70
-11.4187 11.4955 70
-11.3582 10.0636 70
-10.8122 10.8889 70
-10.3893 8.56912 70
0.644774 -1.01148 70
-9.75037 10.2984 70
10.3801 9.86485 70
-1.42301 0.749774 70
1.06448 -1.4839 70
-0.561049 -0.0611637 70
0.135985 8.71287 70
-8.62158 -9.02188 70
-19.7571 -1.18994 70
-20.8258 0.0284976 70
-0.649465 0.964417 70
-1.35374 0.0699954 70
1.34836 11.2299 70
0.836024 8.55242 70
51.009 0.246752 70
-0.0617878 10.3688 70
-60.6656 21.4226 70
-20.3801 20.862 70
-18.5162 18.7965 70
-9.05671 1.38203 70
1.29311 -0.0534392 70
-0.73366 20.3218 70
-0.215431 -0.6439 70
49.6652 69.8208 70
48.7502 70.0131 70
-1.45629 -1.35843 70
-0.766536 0.407351 70
0.695682 -10.0369 70
-10.9124 1.1736 70
0.253229 9.76431 70
0.468468 0.0690053 70
70.3638 -70.376 70
0.0429184 0.733886 70
-21.4995 0.822606 70
-9.02048 9.29349 70
-11.124 -0.63166 70
11.1065 0.895079 70
20.9691 -20.1316 70
-0.806972 -0.982402 70
-19.3448 8.78152 70
-0.396788 10.0286 70
0.324063 1.40241 70
10.9458 10.4385 70
49.4183 8.54078 70
0.12968 8.67819 70
-8.59175 -8.901 70
1.05872 -8.63193 70
20.5041 -29.0078 70
-0.12773 -0.0173501 70
8.58238 1.04722 70
11.3266 20.6853 70
-8.65818 0.594207 70
8.73398 -9.89862 70
-1.15618 1.48377 70
-0.398541 0.0433612 70
0.562403 0.796873 70
-1.3265 1.25826 70
0.942743 9.45421 70
-18.9714 -0.376667 70
-1.10279 9.23809 70
11.1169 -0.3564 70
-1.11423 10.579 70
-0.653435 10.5144 70
0.145761 -1.0339 70
-11.1477 -20.2716 70
1.43041 -0.461633 70
61.2972 -31.2695 70
1.32566 0.318722 70
9.87673 -0.403698 70
1.43077 0.730191 70
9.59222 -0.262328 70
-0.498064 -1.49363 70
0.220188 -0.377539 70
9.66346 9.3492 70
-1.42913 -1.35239 70
0.551276 0.527314 70
20.6896 20.1551 70
-11.3682 0.525055 70
8.63065 9.19863 70
8.6515 0.817709 70
-19.4268 -28.6149 70
9.92302 19.8269 70
9.73163 21.1477 70
-10.4584 0.36813 70
69.67 -8.78195 70
-9.02866 -9.72929 70
0.981938 -0.322343 70
11.2937 28.5915 70
1.48973 9.54632 70
-0.827462 -0.357355 70
-21.0885 -29.8015 70
