48.9002 -29.0666 70
8.61102 31.3278 70
1.38054 9.56886 70
0.581149 -0.715381 70
-0.0443553 1.37849 70
9.16688 28.6266 70
0.940002 49.1545 70
18.9213 31.3684 70
1.05367 -9.50192 70
-0.755329 0.873228 70
29.2661 10.4196 70
-8.92606 30.586 70
-10.0908 30.5133 70
10.3071 -9.30641 70
1.0463 -11.3941 70
20.3764 11.126 70
-9.0334 -0.592917 70
20.9673 0.88597 70
1.15997 -9.5679 70
29.6692 9.06092 70
0.726974 -9.04499 70
10.3846 8.6776 70
-0.979272 10.8746 70
-20.5869 1.14625 70
10.7166 8.7754 70
9.20208 -0.84832 70
8.55093 -1.31457 70
-0.187332 0.552428 70
0.441264 0.246459 70
-1.09157 0.616085 70
0.217475 -1.00325 70
68.8235 10.7666 70
10.6019 -0.593959 70
8.58121 -1.34332 70
0.834177 -0.877141 70
-0.000631359 0.866034 70
-1.32655 0.298179 70
-9.88047 11.4623 70
0.852075 -1.26873 70
-8.708 -8.50074 70
9.97766 -9.52518 70
19.2602 -19.887 70
-0.593892 0.79909 70
-0.985574 -0.149468 70
-0.478038 -0.591739 70
9.03775 9.9771 70
-9.97107 -21.185 70
0.605255 -0.804607 70
-19.8256 8.82959 70
0.227516 -19.4886 70
-10.5133 -10.5385 70
-0.584137 -11.4479 70
10.3134 -9.76977 70
19.5208 9.86802 70
-31.4202 -18.5736 70
9.11095 0.107221 70
11.4924 19.8566 70
0.440545 -0.0183842 70
-0.334217 1.27922 70
-0.557454 0.581163 70
9.91035 -0.380676 70
0.436637 8.57097 70
-0.0217945 1.44558 70
-0.245029 -0.795396 70
1.15782 1.22072 70
19.1249 100.917 70
11.1421 10.4375 70
-0.435913 -0.32675 70
-9.77602 69.4373 70
1.37 0.542485 70
-71.0636 -68.9792 70
9.22005 -0.453682 70
9.00364 9.61275 70
9.24926 11.1999 70
-19.6821 10.9144 70
9.55879 -0.247871 70
1.32959 0.389707 70
-11.4152 -19.3751 70
-1.02196 -40.4694 70
8.98733 -0.953278 70
1.08013 1.40812 70
-0.112043 0.581375 70
38.6756 39.0148 70
-10.1248 -30.5649 70
8.54977 0.555222 70
10.003 0.758946 70
9.42773 -10.0985 70
-0.119272 1.15679 70
9.03949 -0.00801893 70
-60.2752 21.1641 70
-9.3675 -0.262931 70
0.302225 -0.580628 70
1.19491 -1.06623 70
9.35794 11.2525 70
-0.243161 8.79597 70
0.989063 10.9634 70
1.46809 50.944 70
-0.160301 -1.371 70
-0.722798 -1.0659 70
0.35186 9.16418 70
-9.08804 0.913869 70
19.2287 0.273673 70
20.4834 8.84357 70
-10.7498 1.10101 70
-10.4689 -1.48807 70
21.2518 11.306 70
1.40395 9.31557 70
1.22513 21.4036 70
-9.102 9.76548 70
10.7705 1.39102 70
-9.27477 20.4585 70
0.73478 0.980889 70
-1.12104 0.26165 70
-20.0375 58.9543 70
0.713615 11.3734 70
10.1988 -0.0505904 70
-0.325155 8.51981 70
-59.308 -29.3069 70
-1.13236 -9.70619 70
0.881169 0.115134 70
0.305936 -21.3604 70
100.389 -10.0269 70
100.85 -9.61386 70
-11.0221 0.413894 70
-0.837752 -10.7073 70
-0.415145 9.52992 70
1.19952 -1.36618 70
9.60938 -0.845637 70
-20.8264 -39.6383 70
1.1093 0.630453 70
10.506 -0.637991 70
1.1543 1.15843 70
-1.02717 -1.07156 70
-29.4549 0.745068 70
0.674209 -0.604427 70
21.0178 10.0477 70
-0.555726 -0.605484 70
-18.7252 -20.5833 70
21.0247 -40.729 70
10.4359 11.2472 70
-11.0363 0.908922 70
-10.6513 1.33144 70
-1.10968 0.14493 70
-29.1663 -9.36251 70
-9.25011 -11.1574 70
8.95883 -19.6547 70
11.0107 21.2884 70
9.36319 20.7876 70
-1.34404 1.44838 70
0.786 30.7534 70
20.0364 -0.753998 70
-20.3498 30.7524 70
-1.2502 0.458333 70
-0.278134 -1.01988 70
-21.268 -19.0905 70
1.162 -0.946482 70
1.44653 -0.139664 70
10.2462 -19.7427 70
0.0286154 -8.89852 70
10.1326 0.319551 70
0.806692 8.86216 70
31.183 30.7162 70
-0.537128 -1.12903 70
0.59007 -1.11695 70
-0.620572 31.3879 70
-0.398716 1.18518 70
-1.26839 -0.191758 70
1.10893 -0.789581 70
-10.7436 0.304997 70
-0.481756 1.21112 70
0.208916 -1.11214 70
-8.88837 -21.0837 70
-31.3172 -20.5508 70
-0.672675 11.432 70
11.1346 10.5649 70
-0.638068 -0.950704 70
1.00567 -0.0830756 70
0.709218 -0.293888 70
1.31955 0.247546 70
38.6378 19.155 70
40.3741 20.8217 70
-10.6562 9.24235 70
0.760367 -0.337031 70
-1.06589 0.208493 70
1.41507 -0.049648 70
-10.2376 -18.5231 70
-9.54639 9.9416 70
9.95971 -0.64465 70
0.0564331 0.0118665 70
1.01675 -1.49635 70
-20.5048 -0.391379 70
-1.16652 1.05476 70
9.09979 1.37365 70
-0.0638834 10.392 70
0.526541 -11.1733 70
48.7738 8.52238 70
-0.367789 -1.39365 70
-9.27646 -0.821457 70
1.49915 1.19705 70
20.4823 9.34414 70
0.046545 0.711929 70
1.02951 -1.47324 70
-10.3324 -0.620742 70
30.9553 39.6576 70
11.0809 9.25569 70
9.3573 -18.6621 70
9.65051 8.5832 70
9.04446 9.98011 70
0.23885 -10.9796 70
11.337 11.2218 70
-0.0571296 -0.997954 70
1.19294 -0.14206 70
-1.40114 9.63965 70
9.49659 -0.887446 70
1.17455 0.285563 70
11.0823 0.679053 70
0.658745 1.20275 70
-9.77461 0.402459 70
-11.437 1.03901 70
-10.1711 0.402113 70
-0.711755 11.3565 70
0.0427467 -11.3971 70
-8.63682 59.3713 70
-0.376928 11.2652 70
20.6053 11.065 70
-0.209398 0.717131 70
1.49826 -1.01354 70
-0.81007 -0.4177 70
0.43747 0.3375 70
8.87694 -0.273732 70
9.99799 -0.748405 70
9.19277 -0.111839 70
-10.5258 10.1285 70
29.3444 -19.1026 70
-11.376 -0.928889 70
-1.46874 20.393 70
0.858643 -19.4671 70
-40.4006 41.3233 70
-29.5517 -30.1032 70
-1.22537 -0.251989 70
-40.95 0.526878 70
-0.0385977 0.258813 70
11.3262 1.017 70
1.38016 -0.983808 70
9.55618 -1.11393 70
-10.7253 41.3925 70
10.0179 -21.1277 70
-1.04241 -0.467287 70
-0.910463 9.14924 70
9.44522 1.14426 70
8.74741 0.120943 70
11.1586 8.65101 70
1.14292 30.8607 70
-0.628802 -0.627932 70
9.93993 -0.174684 70
-10.5672 20.2866 70
-9.97373 8.79067 70
1.382 -0.309758 70
-40.5223 20.3134 70
8.76968 19.5035 70
9.86061 8.77974 70
0.845134 9.53235 70
8.74564 0.754399 70
48.5368 -9.48914 70
10.8789 9.40019 70
-11.2814 -0.438294 70
38.9544 -8.99342 70
20.3818 19.0948 70
10.9119 10.2091 70
-18.7104 -10.2029 70
0.474958 -9.59601 70
0.243571 1.0713 70
-0.643094 -0.476899 70
11.3866 -1.39355 70
-0.586036 49.5215 70
8.9658 9.17453 70
-19.0596 -10.7939 70
-9.86867 30.7332 70
30.6662 8.83224 70
-1.00684 0.435623 70
-10.3034 0.30591 70
-0.265138 1.36655 70
8.50798 1.38885 70
8.87663 -9.19119 70
-10.653 -19.0461 70
-1.369 1.27515 70
-30.3008 21.0344 70
-0.8136 -11.1243 70
-0.0694532 19.6761 70
-0.391778 1.25439 70
-1.37919 -0.390116 70
9.92563 60.2633 70
-1.01505 10.5517 70
-19.0565 20.6684 70
-20.6952 21.1687 70
-1.32877 -0.679986 70
-29.13 51.262 70
10.1986 0.268864 70
10.4325 -0.794401 70
9.25201 -19.433 70
9.14702 -0.821062 70
0.748079 -0.309012 70
-8.85724 0.861503 70
8.92536 9.94595 70
39.5332 1.14377 70
20.1223 19.5529 70
48.7396 -9.0086 70
0.364785 0.058249 70
8.65218 -10.7491 70
21.3893 1.05741 70
9.07903 11.0687 70
18.5153 0.54458 70
11.2202 10.8693 70
1.45713 -0.0396635 70
-0.85212 8.9313 70
-0.265295 0.428853 70
-10.8609 0.470686 70
-1.40533 -19.8627 70
38.7224 -8.81741 70
0.0474906 11.2423 70
21.2779 11.4947 70
-1.00303 0.171954 70
29.1922 -0.598171 70
10.6321 10.891 70
-0.246651 -0.630533 70
0.795981 11.3556 70
10.2435 -0.0373243 70
8.90656 -1.26715 70
1.06647 -20.366 70
-9.476 20.9431 70
-1.4392 -1.30707 70
0.907013 1.30224 70
18.7493 -10.5666 70
19.296 -11.1975 70
0.795154 0.54707 70
31.4474 1.076 70
0.840391 -0.631625 70
-0.500379 -11.1673 70
-1.32259 19.0882 70
-11.1699 10.9509 70
69.0797 118.868 70
19.422 0.904005 70
-0.395516 -0.167063 70
0.654414 -0.735329 70
-10.7884 1.40693 70
0.956252 20.4803 70
-0.711788 -1.19126 70
18.5309 0.545827 70
11.2839 0.822201 70
1.11611 -0.531671 70
0.388351 0.651016 70
-0.988793 -0.102868 70
-31.1721 40.1064 70
9.0766 -20.9685 70
0.311942 1.46431 70
11.1695 10.3515 70
-20.5614 -1.21454 70
1.0381 -0.547907 70
0.502958 -1.23387 70
-19.6998 10.2497 70
-10.9959 -80.4133 70
-0.809554 0.145529 70
10.3959 8.7643 70
-0.931349 20.7532 70
0.423577 0.349 70
1.31107 -0.114314 70
9.31096 0.241858 70
1.34765 19.2455 70
-49.1294 -8.72179 70
8.75007 -0.632364 70
1.1199 -8.67421 70
9.21636 0.848571 70
0.295549 0.0365909 70
-0.478183 0.20211 70
1.24308 10.6985 70
-0.134867 -0.243601 70
11.466 -0.63534 70
-0.722915 0.292018 70
-0.816869 8.50209 70
0.611925 0.202793 70
10.4519 31.1445 70
-0.333039 -0.748896 70
0.908268 10.231 70
9.77132 -8.59766 70
-0.829092 -0.208163 70
-9.84336 10.257 70
-69.6747 -21.0138 70
-1.39325 -1.34943 70
20.2275 10.7265 70
18.72 8.58798 70
30.198 9.87511 70
8.65768 10.6195 70
20.3914 -30.1584 70
19.1153 -8.9392 70
-19.8776 30.178 70
10.4842 19.4645 70
20.4365 20.5276 70
0.21059 0.062884 70
-50.8467 -18.5129 70
9.73473 1.41422 70
10.1799 0.0192728 70
0.987728 -11.0596 70
-1.30314 -0.419709 70
11.0868 19.0829 70
-0.166999 9.98936 70
-1.29387 -10.5656 70
-0.80401 8.88188 70
-1.1279 29.1061 70
-0.392713 18.5471 70
-0.0222304 -1.05624 70
10.9897 -19.6488 70
0.547424 10.5434 70
-18.5177 9.08112 70
-0.260876 -0.882364 70
-9.59134 19.7139 70
-1.08884 0.202791 70
0.0245313 9.5883 70
-0.310298 -1.3707 70
0.792498 0.465633 70
18.9816 -10.09 70
-0.536826 -0.91849 70
-1.37554 -1.28268 70
-0.748607 -10.0839 70
1.10524 -1.43713 70
11.4997 -9.59075 70
9.4667 0.988141 70
-40.287 -21.0238 70
-0.709787 0.372063 70
21.0226 -0.996243 70
-0.0067114 -0.23769 70
-9.98533 1.0883 70
0.0235938 -19.7309 70
-1.11025 1.33366 70
31.1942 60.8927 70
-0.309563 0.862121 70
-31.294 0.249482 70
-30.5522 -1.46432 70
-29.0066 0.0847953 70
-0.651745 -1.31056 70
-0.238797 1.45735 70
29.1581 -0.239081 70
21.4457 -9.65938 70
1.38181 9.27852 70
0.208783 -0.150794 70
-1.19196 1.47034 70
1.32499 -0.690588 70
10.4785 1.45409 70
1.24753 9.24756 70
-20.5136 8.53882 70
-0.75089 -0.527821 70
9.04713 -0.244823 70
1.33814 1.24763 70
9.63228 0.91612 70
-1.3424 -0.716974 70
10.3172 0.93391 70
0.317951 9.22668 70
19.9649 11.1767 70
-9.3013 -9.44173 70
29.4365 21.1508 70
31.2061 19.127 70
-120.138 -61.468 70
-1.39567 -0.689453 70
-9.90683 -0.366151 70
9.5497 0.659531 70
10.1317 8.50093 70
9.49794 -1.00598 70
0.506477 1.01911 70
10.8269 8.73554 70
10.4996 9.01566 70
-21.355 10.3304 70
-0.499629 -0.211164 70
8.78296 0.47923 70
11.3431 11.1187 70
9.68275 11.1376 70
89.8513 -9.2756 70
-0.630996 1.17263 70
0.730877 -10.1711 70
0.459925 -0.599678 70
-0.955252 1.27754 70
1.2574 -0.764268 70
30.9135 19.945 70
-11.4069 0.793714 70
0.300846 -28.821 70
-1.26818 -0.162465 70
-0.421844 0.225599 70
-10.9028 -0.65372 70
-0.380996 -0.806093 70
0.409398 -0.15981 70
-9.11247 9.05818 70
9.43527 -10.1762 70
0.96925 0.41025 70
11.0868 10.1447 70
10.1832 10.3241 70
1.02838 -0.980996 70
8.75801 9.62124 70
10.4997 29.4788 70
10.5693 -21.1094 70
28.9339 0.160891 70
10.3401 10.5416 70
-9.58372 20.0888 70
1.12921 11.363 70
-1.44841 18.8807 70
-0.501123 -0.537234 70
9.32692 -1.00567 70
10.7852 10.6316 70
-9.52936 -11.2686 70
-8.6453 10.2336 70
0.994603 0.594057 70
0.999052 0.430139 70
-1.29179 0.0284768 70
-0.424466 -1.45543 70
20.8673 9.61564 70
-49.7459 28.5745 70
10.9855 -10.9879 70
40.9553 50.2728 70
-11.0669 -20.1281 70
8.61948 -0.343636 70
8.93212 -9.41318 70
11.1538 -10.3892 70
0.938149 -0.838327 70
-0.575526 0.82703 70
11.0346 -9.36991 70
1.39789 -0.557933 70
-18.5794 1.42075 70
-10.6615 9.76078 70
10.1498 -1.32059 70
-8.85951 10.2351 70
8.84656 -11.0313 70
10.867 8.88781 70
-0.0484862 -9.73842 70
-0.3877 0.895397 70
10.0008 1.13738 70
-20.0951 30.5852 70
-0.60835 -0.155883 70
19.862 0.645007 70
0.734415 11.093 70
10.0434 8.64559 70
-9.32662 -20.6558 70
19.8548 9.31716 70
-0.476511 20.1749 70
-1.10679 0.370818 70
18.8394 30.7278 70
-10.2932 -0.157814 70
0.740542 -1.0689 70
10.4866 8.93736 70
8.73789 -0.87374 70
0.749457 -1.1532 70
-0.772536 10.5807 70
0.00164562 -9.30079 70
0.159091 10.6899 70
10.6026 -9.1374 70
-19.6913 -19.0273 70
1.49378 0.740787 70
-1.41068 -10.3078 70
-0.264392 9.9462 70
0.827723 -0.131839 70
-1.2635 0.91338 70
-0.0808195 -1.47075 70
0.203972 -11.0271 70
0.975834 10.3047 70
-1.25116 20.0943 70
1.1692 0.325143 70
10.1679 19.4424 70
-10.4918 -49.2512 70
-0.582279 10.6882 70
11.0771 10.1461 70
-20.0544 1.28299 70
0.298738 0.1425 70
-1.19012 -0.446913 70
48.6961 -10.1067 70
19.296 19.4356 70
-0.038505 31.0717 70
10.418 20.1979 70
-0.0501923 -0.817441 70
11.1602 1.47139 70
-1.02985 -0.634077 70
9.28519 9.9487 70
19.2041 -11.2465 70
69.2493 18.8885 70
19.0118 59.0666 70
18.7054 -1.11292 70
-9.83347 -11.4285 70
-11.4566 -9.30135 70
-9.92912 8.71348 70
-0.597535 1.29311 70
9.00361 -0.470514 70
1.29154 0.298865 70
-10.8913 1.48468 70
-20.9119 21.2334 70
-0.379094 0.533851 70
-1.36833 8.63583 70
-0.335154 10.1731 70
10.7753 11.0241 70
-39.8846 -30.8297 70
11.1565 -8.60812 70
0.842178 0.265174 70
-10.9339 8.92455 70
-0.623642 -1.06413 70
-1.43312 -19.4848 70
-1.37697 1.40107 70
-0.0745991 9.12048 70
70.5828 18.6181 70
-11.1562 -11.2862 70
1.27302 1.41926 70
-1.17422 -1.23897 70
-19.5406 -0.74709 70
0.333778 -40.7915 70
0.632597 -39.0592 70
-1.02841 9.05038 70
0.164129 9.87343 70
1.2008 8.51381 70
10.7137 8.79583 70
-20.2438 -0.673988 70
10.8124 -9.17 70
-28.631 -20.5142 70
19.0803 0.939439 70
0.390616 -0.400077 70
39.8123 19.6607 70
10.4874 -1.47502 70
-0.423691 -0.153337 70
0.940598 -0.980299 70
10.6527 -0.0435425 70
9.45469 0.265542 70
20.8657 21.0372 70
10.7221 1.10744 70
10.2135 0.262774 70
0.833852 10.5351 70
10.9733 -10.8427 70
-0.0620337 80.0011 70
-0.427666 0.577532 70
19.3328 49.5855 70
39.1257 39.3954 70
-11.1218 69.5648 70
10.8585 1.29927 70
-20.3088 10.7459 70
1.23291 -39.1179 70
1.23921 -1.11322 70
9.69705 20.5797 70
11.3258 0.118932 70
-0.705637 11.3427 70
8.76533 0.565914 70
9.21435 -8.91374 70
-1.06116 -8.5142 70
-9.30489 -9.09602 70
0.0503555 -1.36006 70
0.617352 -19.04 70
-9.44464 19.4514 70
-21.3428 -0.139226 70
9.47804 -10.8628 70
1.26268 1.31808 70
11.0257 0.878745 70
9.61055 1.29274 70
-1.42237 10.7119 70
-8.64401 10.2413 70
0.699787 -0.352596 70
-0.834977 0.730301 70
8.62215 19.7466 70
9.93715 18.6917 70
0.599097 -1.44351 70
-0.589277 1.45054 70
-9.3574 0.901602 70
21.2414 10.8781 70
1.2815 0.40743 70
-0.747443 9.88977 70
19.4409 10.4468 70
0.958428 -0.523097 70
30.7446 -19.9058 70
1.45777 -0.736483 70
-88.5106 -19.4492 70
0.218125 -8.73128 70
-0.690027 9.92757 70
10.9667 10.8423 70
-89.8016 -71.0503 70
-0.875162 9.6116 70
88.6274 -29.8271 70
20.9785 8.70203 70
9.92685 -9.02623 70
21.0525 -10.7364 70
0.21973 11.3541 70
1.46527 -11.1425 70
-19.3391 1.49462 70
0.164869 -1.15937 70
1.1955 -0.459253 70
-0.360286 1.286 70
11.1602 9.83513 70
-1.13037 -0.546239 70
-0.89683 -0.657177 70
11.0627 11.2975 70
0.384966 59.0033 70
1.49594 -0.991087 70
-10.6026 10.2712 70
9.42143 9.63823 70
9.83327 8.75503 70
-8.94499 9.79377 70
9.65886 29.9963 70
-1.23136 1.06052 70
10.9049 -10.1444 70
10.593 -10.0529 70
50.985 1.33837 70
18.6505 -19.3956 70
8.51148 0.21252 70
0.314087 -0.624609 70
11.3222 10.8673 70
8.61757 20.5273 70
-9.94429 28.7962 70
8.70639 -1.2287 70
-1.24679 -0.247963 70
-0.269283 -0.0248045 70
-9.74363 -0.233979 70
0.511442 -8.61765 70
10.5886 10.3547 70
-39.2378 30.3029 70
9.57401 30.3156 70
9.4868 10.2572 70
-119.33 38.6593 70
-121.454 38.6271 70
1.31397 9.32753 70
-1.18512 0.0363598 70
39.3467 -90.6237 70
10.5408 -8.95781 70
-11.4941 -39.6679 70
1.36922 11.3201 70
11.3746 -10.1902 70
11.2364 -10.2563 70
-98.5846 -59.0837 70
-9.70652 11.4116 70
-1.13187 -0.928267 70
-29.2295 19.4207 70
