9.74057 -20.6104 70
-0.868938 -10.2197 70
-8.79911 -0.765386 70
-19.2691 29.5843 70
-19.9611 29.6652 70
-0.630388 1.14361 70
-0.629877 -0.107733 70
0.338226 1.03673 70
0.586063 -0.409072 70
19.3251 0.0869766 70
-11.4641 -0.418839 70
20.1808 -10.6628 70
0.948124 -1.0442 70
0.627045 -0.929681 70
-29.4309 11.1427 70
-39.3543 -20.3863 70
0.780496 -0.704835 70
-0.560947 0.294538 70
0.676173 1.05819 70
0.440065 -0.861985 70
-1.23869 -9.11266 70
11.2159 19.8406 70
1.20527 10.043 70
-18.9842 -20.8955 70
-1.07082 -1.00903 70
-10.3155 1.03505 70
-18.9749 0.932365 70
0.811428 -0.448454 70
-8.93893 38.9267 70
10.2264 9.49366 70
39.3642 -30.3236 70
-0.682555 -1.09261 70
0.119167 -9.75821 70
9.81004 -18.5608 70
1.4348 0.129851 70
-31.2314 21.2452 70
1.12062 -0.398792 70
0.100342 -1.18546 70
-19.8761 10.832 70
0.134224 -0.46382 70
0.0519269 21.4705 70
0.980988 -29.6641 70
0.350432 0.0744903 70
-0.416398 0.861903 70
-9.97891 9.66938 70
-11.2132 -1.14109 70
11.2143 -8.95778 70
-8.71745 -20.1421 70
-9.42625 19.8444 70
-9.03178 19.9613 70
0.624854 1.07052 70
0.670144 -11.1498 70
-101.01 -29.8345 70
21.3953 29.5626 70
0.311005 8.80642 70
-0.195447 0.874521 70
11.3497 -10.9476 70
0.131591 1.00743 70
0.656719 -20.4018 70
0.322479 -0.474208 70
0.798362 -0.0181137 70
-18.5685 -1.49411 70
28.6495 29.0615 70
21.1799 -1.064 70
-10.57 -9.89596 70
0.979935 0.266217 70
0.920856 0.704693 70
-1.2024 -0.27585 70
20.7563 9.68046 70
-10.1946 -1.24885 70
-1.40568 -10.5167 70
-1.20778 10.3851 70
-9.82939 10.0579 70
-31.0752 19.0149 70
10.977 -0.524144 70
-1.12406 0.340969 70
49.4719 19.6447 70
0.914756 0.251745 70
-1.16613 -0.972051 70
20.2981 -1.24861 70
0.0408257 -1.46781 70
1.16097 -0.541098 70
-19.7455 -11.2272 70
11.3615 0.0309637 70
-9.3359 0.209024 70
1.33429 -0.49273 70
-11.0589 9.40049 70
1.28551 9.5039 70
10.5662 -28.7834 70
9.25152 -31.0739 70
1.09067 -0.603763 70
-11.4899 8.88436 70
0.342358 0.409923 70
-9.73876 -19.3298 70
-9.93839 -18.7531 70
0.207489 8.55225 70
-1.18885 -9.47304 70
-1.18878 0.0474759 70
-10.9417 -0.885079 70
-20.9702 10.2161 70
-18.6298 -41.3048 70
-10.3171 -9.50915 70
1.04178 8.91542 70
-9.04127 -1.07695 70
0.214777 0.492648 70
-0.699929 -29.8462 70
-1.39624 9.70847 70
-10.431 -1.08101 70
10.0109 1.06274 70
0.910073 -8.59414 70
0.75126 0.640353 70
-0.181257 1.49692 70
1.18005 -0.147436 70
-0.178927 -0.267011 70
8.64058 8.55374 70
-1.47105 -0.501249 70
0.166167 1.23714 70
-0.966194 0.293967 70
0.400795 -0.994908 70
1.34964 0.563865 70
0.472505 -9.08134 70
-59.4243 -10.1549 70
-0.694558 0.518858 70
-8.54249 -20.8169 70
1.34234 19.3037 70
0.202541 -1.42672 70
-19.5238 11.4251 70
-10.888 -8.85724 70
-9.68753 -9.48172 70
-1.15339 0.0410619 70
-0.283509 0.249551 70
-0.826817 10.7292 70
-0.265861 9.01969 70
-29.7891 -8.95476 70
-1.29394 0.500434 70
-0.0726882 0.541031 70
-1.48212 1.31379 70
-0.777272 -1.2361 70
-10.9841 9.87469 70
-9.82907 9.11753 70
-11.3303 10.9516 70
1.49259 0.404516 70
1.43311 1.4604 70
0.462949 -0.18604 70
-1.06452 -0.738666 70
-0.0884281 19.9287 70
-9.41687 21.0461 70
29.1973 -9.64752 70
-9.27553 -9.6596 70
-0.313529 0.216995 70
-1.06278 -9.57123 70
-30.9418 -41.4534 70
-0.551337 1.46295 70
-1.11655 -0.934535 70
-11.4356 10.1149 70
10.1312 9.57152 70
1.28819 0.643033 70
0.6294 0.93432 70
-1.07295 -1.19241 70
-0.0200336 -0.496144 70
-9.1067 -10.0464 70
0.562609 -1.00416 70
11.4828 -0.133761 70
-9.23629 -10.6897 70
9.95371 -9.72998 70
-1.49292 -1.38296 70
21.1441 -18.7618 70
18.9212 -21.0281 70
1.0974 -9.18276 70
-10.0644 0.9931 70
-31.0688 0.368975 70
21.2783 -19.589 70
-9.07597 -9.28044 70
-10.3239 -0.315444 70
1.299 0.680501 70
29.6051 -10.7679 70
-9.18033 0.891835 70
0.605377 -11.3115 70
0.00240346 0.760466 70
1.19231 -30.3774 70
-21.0116 0.625172 70
11.4539 0.499049 70
-0.340267 1.33158 70
-1.12506 -0.872677 70
-1.30848 0.0197699 70
0.246499 -0.886354 70
49.8478 91.3257 70
0.124309 -10.6035 70
0.932939 0.123802 70
-0.710057 1.28095 70
-0.866666 0.260916 70
-1.1301 -9.99935 70
-0.526527 10.0983 70
10.3439 -10.0469 70
-29.7597 29.4526 70
-0.152967 10.6067 70
-81.4449 50.3277 70
-10.7974 -0.954697 70
-21.0671 9.04329 70
11.4185 0.277679 70
-30.0573 79.2383 70
11.2901 -0.191744 70
-1.09749 0.113338 70
-10.3296 10.9097 70
-0.455246 10.4993 70
-9.90714 0.303942 70
10.0745 -9.01097 70
-1.02434 -1.36318 70
0.20089 1.16301 70
-89.4219 -100.848 70
-0.923229 -0.777986 70
-1.29473 -9.70511 70
0.438751 -0.253237 70
0.653724 -0.165514 70
-29.5401 0.617372 70
-11.4205 -0.355785 70
0.544476 -1.28076 70
-0.938295 0.771592 70
-1.17553 -0.788263 70
-31.3702 19.1924 70
-30.8389 20.7989 70
-30.4175 19.8804 70
-11.0667 20.255 70
-8.83735 -10.7982 70
-9.72556 0.104353 70
-0.879491 -0.754981 70
-1.2381 0.0429346 70
-9.90745 -9.08788 70
-0.670057 -10.8936 70
-11.29 10.6888 70
-0.461897 9.40583 70
-1.39848 9.72708 70
-10.6144 1.29566 70
-10.2423 -20.5012 70
-39.9646 40.7615 70
-0.533698 -1.18724 70
1.0452 -0.957536 70
-19.0823 -10.699 70
-10.354 8.7934 70
-19.9135 0.961222 70
-9.39846 -9.15607 70
-0.987139 10.3225 70
-0.661502 10.2541 70
-8.92038 -1.1747 70
0.91371 0.051494 70
-1.19928 -0.352316 70
-8.6471 9.55503 70
-0.452224 0.460168 70
-1.18033 -39.8367 70
-0.582356 -1.48498 70
-0.129386 0.962374 70
-19.0014 -18.986 70
31.1693 9.71006 70
-9.13215 -0.332193 70
1.15387 -0.475736 70
29.6977 0.404584 70
-19.8631 0.27334 70
20.2262 19.3873 70
-10.2026 -9.42343 70
0.951166 1.36185 70
-0.177421 21.3305 70
-9.10662 -0.443128 70
-0.124146 -0.878519 70
0.1771 0.959264 70
-0.475474 0.534204 70
-8.6563 -1.35683 70
0.285955 0.223771 70
-0.935008 -1.27431 70
-11.3817 -40.4428 70
-19.0861 -41.2146 70
-8.82714 -10.4519 70
-1.32513 -0.125295 70
-10.2702 39.9286 70
-19.605 -20.1311 70
-8.56662 10.0591 70
10.3406 -0.280213 70
-11.3919 10.1916 70
-9.01719 11.2682 70
0.405635 1.46729 70
0.847267 0.568241 70
-1.47798 -1.0266 70
0.167385 -8.90284 70
-21.4866 -9.46662 70
9.47609 10.234 70
0.466859 -0.670252 70
0.101105 -1.02879 70
-21.2529 -1.02957 70
-10.3039 -8.82357 70
11.4802 -1.22879 70
89.3679 18.6267 70
-0.361199 0.165854 70
-0.272558 18.9616 70
-0.789153 9.81964 70
0.998614 -0.597247 70
-0.712893 10.6666 70
-1.13457 10.5856 70
-0.629955 -10.6097 70
-0.532756 9.15513 70
-0.398075 -1.29249 70
-10.3439 -20.213 70
-0.873889 -9.63366 70
-119.108 99.3987 70
-19.2825 10.9262 70
-0.551915 9.05457 70
0.0273584 -0.816298 70
-0.0799907 20.4146 70
0.0223771 1.09936 70
0.693964 11.4005 70
0.340092 -19.8366 70
1.22629 1.48352 70
1.45932 -0.318332 70
10.5294 0.469883 70
-20.7094 -11.2445 70
119.612 -89.0197 70
-9.36208 0.257091 70
-0.264786 11.4078 70
0.783489 -1.33507 70
-0.134833 0.0102541 70
10.0471 -0.574302 70
-9.36739 -1.32864 70
0.570551 -11.0656 70
-1.43278 -0.36623 70
10.3318 -1.07922 70
0.659015 9.95969 70
-1.31871 -0.0190907 70
-0.698283 1.44463 70
-90.5696 8.62991 70
-88.71 8.88529 70
-0.845949 0.882105 70
18.9749 0.450894 70
-1.21784 -1.09684 70
-1.30627 -0.378084 70
-40.9207 49.6593 70
-99.832 -18.7533 70
-19.3186 -8.71812 70
18.9142 30.0094 70
9.79907 -1.131 70
51.1866 49.5588 70
-0.547362 -18.7325 70
-10.1926 -1.14227 70
-8.50877 1.39963 70
0.361614 -11.1212 70
-1.20273 0.44436 70
0.32827 -1.2751 70
-1.12568 -0.116312 70
0.741146 -9.22799 70
40.0739 79.962 70
10.1699 -10.748 70
-10.284 -10.9888 70
0.220067 -1.21399 70
-8.67302 8.57842 70
-9.06525 -0.0190801 70
0.679373 -1.18568 70
-20.9221 8.80597 70
0.223515 1.25553 70
0.208248 9.34843 70
29.4828 -0.633463 70
0.178785 -8.64289 70
-0.0106882 -0.814296 70
1.24625 1.1031 70
-0.518107 0.678787 70
-0.357352 9.18396 70
-20.0795 18.9658 70
9.26924 1.20842 70
0.816901 -9.1213 70
1.4668 -0.98997 70
-0.0498748 -1.38608 70
-8.82948 11.0834 70
-21.0823 9.63139 70
0.410271 0.122305 70
-1.36109 -0.683472 70
0.26251 -0.93232 70
0.97199 -8.52038 70
1.00201 -11.4312 70
0.448094 0.484563 70
-0.0437077 -0.730452 70
-10.0843 20.6646 70
19.4229 -10.117 70
-0.827165 1.11849 70
-9.16308 -0.423973 70
-0.258078 0.44507 70
-31.4113 -38.6017 70
0.272707 -0.489134 70
-11.0897 -1.49801 70
-8.98003 -39.6299 70
31.0092 -61.3472 70
-0.381125 1.09687 70
0.457641 10.2138 70
-0.421451 0.161666 70
-9.56645 -49.1205 70
18.6351 -1.26384 70
-8.65145 0.355904 70
8.76599 -19.7327 70
0.986711 0.700176 70
1.12656 0.406795 70
-8.71766 11.3587 70
40.9278 -40.342 70
10.5548 20.6288 70
-1.2151 -0.75767 70
-0.832342 -1.01925 70
-10.3331 29.8109 70
-9.19324 0.00523108 70
0.363931 10.9877 70
-30.7947 -9.54502 70
19.8008 -0.642815 70
-0.73374 -11.2323 70
-0.0613473 -0.413466 70
0.601248 0.595883 70
1.3391 0.139286 70
-1.04526 -0.202785 70
-9.1579 10.9719 70
-19.6743 -0.695812 70
0.0149959 -10.878 70
-1.45856 0.976176 70
0.600117 0.957679 70
-0.203887 -1.26949 70
0.203885 11.1767 70
-10.4123 1.44517 70
-10.3897 1.10341 70
0.758638 0.602143 70
9.69425 -1.11025 70
20.7021 9.75906 70
31.1232 -21.4423 70
-0.459584 -1.39548 70
0.517595 10.5666 70
-0.416649 -0.5706 70
1.33372 -9.12891 70
0.270995 -1.26874 70
19.6537 10.5912 70
-0.51003 0.205223 70
9.72818 -39.2324 70
-21.2467 49.9397 70
1.25472 0.130655 70
0.225634 0.406366 70
0.388545 -0.40137 70
-0.0644986 0.518539 70
11.1368 1.22817 70
1.36523 -1.4298 70
-0.275697 0.662474 70
-21.1995 39.925 70
-11.2843 -1.08351 70
-1.2714 -0.529094 70
0.86385 -1.24707 70
-1.10775 10.0748 70
19.8554 8.98432 70
-1.49709 1.42394 70
-18.8483 11.3156 70
-0.221781 -1.46538 70
-0.23098 -0.659343 70
0.106181 -0.89165 70
0.618037 -0.645505 70
-1.00147 0.620357 70
9.90997 19.3126 70
-0.816127 -19.5304 70
21.3265 -19.3871 70
0.0625409 1.09262 70
-0.654445 1.33674 70
59.0208 -10.8534 70
-1.29881 -0.942491 70
0.266123 1.20045 70
-0.288992 -0.947215 70
-1.32796 0.779083 70
-0.790944 -1.01341 70
0.122246 10.9075 70
-1.42589 -0.477408 70
0.84976 0.719125 70
10.8172 -0.222734 70
10.2196 0.221338 70
-0.347707 -0.475535 70
-1.35093 -1.34177 70
0.511866 -0.444053 70
-1.07854 0.127999 70
-11.2283 -1.00844 70
-0.594021 -0.168041 70
-0.756967 9.33319 70
-0.438947 0.507174 70
31.036 -11.1873 70
0.760485 -50.3842 70
-10.3576 -1.30869 70
-19.7049 19.258 70
-9.50943 0.26315 70
-1.20744 8.96365 70
-8.58408 0.0316332 70
-10.4765 0.993261 70
-10.7427 20.6435 70
0.247245 18.7051 70
1.001 -0.257009 70
-10.2861 0.958198 70
-10.0742 -19.6961 70
-9.76294 1.03346 70
-9.20745 -0.406567 70
0.35299 0.252369 70
0.567556 11.0068 70
-11.3972 -0.438709 70
-0.621511 8.87179 70
28.5911 -9.00269 70
8.93426 -0.375417 70
-19.2693 -18.9585 70
-8.52332 1.49264 70
10.1273 -1.09012 70
10.7719 -1.16185 70
-0.368399 -0.162863 70
-0.262748 11.0456 70
8.76505 0.480808 70
0.938089 0.516446 70
-11.1828 9.69958 70
0.132098 -1.16609 70
9.15717 -19.5891 70
-0.0474493 9.61226 70
-1.34455 -0.721626 70
28.7147 20.7554 70
-11.0596 0.34212 70
-20.2398 -18.7815 70
-0.765931 -1.29088 70
-19.691 1.18333 70
8.83811 11.4535 70
30.201 -1.21757 70
-0.79364 -0.97523 70
-10.0689 0.035709 70
-29.7972 -20.2238 70
0.559442 -19.7523 70
-1.40027 -11.0903 70
-0.414799 0.566284 70
0.30822 -1.17279 70
9.51481 -11.0423 70
0.705638 0.222045 70
1.15939 -0.729044 70
-10.389 20.768 70
31.2462 0.929199 70
30.2773 1.21785 70
0.755979 -0.556252 70
-11.4977 11.4177 70
-0.729727 -0.55164 70
-31.3442 8.88711 70
-1.18384 0.992052 70
-9.87265 -1.36726 70
-10.1233 -1.48127 70
-10.5429 -0.56385 70
-0.23765 -11.1192 70
9.153 -1.0465 70
0.541577 -10.6839 70
-9.08115 -19.8807 70
-0.457806 -19.3197 70
-1.36709 0.198022 70
-0.332773 -0.603041 70
-1.3804 -9.55336 70
1.23484 -0.20118 70
-9.92297 0.0181152 70
-1.06195 1.47969 70
-0.796166 -0.912452 70
1.25107 1.0352 70
-10.6609 0.702753 70
-10.6417 10.6391 70
-1.48363 0.272663 70
-0.768756 -0.845633 70
-0.848797 -0.863796 70
-19.1169 -1.43995 70
-0.395425 1.31847 70
-1.18743 0.278316 70
-11.444 -10.9243 70
-20.0018 -9.37209 70
0.74558 -1.45874 70
-0.7135 -1.22429 70
1.48547 -9.73158 70
1.26886 -0.75824 70
-0.547157 9.21728 70
-0.16329 -0.010168 70
-0.813791 0.0963333 70
-111.308 -10.0663 70
-21.2039 0.111821 70
0.994067 -0.978388 70
1.48175 0.674035 70
1.02931 0.947281 70
1.17035 -0.275167 70
-8.67788 -10.9709 70
-8.73768 -0.615794 70
-21.4107 0.0196577 70
10.8914 -1.29339 70
-40.9244 -10.9131 70
28.6198 -18.8966 70
-9.01479 -20.3502 70
-0.240553 -0.730465 70
-0.697306 0.0711507 70
0.586191 0.321339 70
-0.695709 1.4075 70
-19.9607 9.43512 70
10.5805 1.23112 70
8.84553 -9.15714 70
10.4739 1.37907 70
-8.67952 -0.675491 70
-10.6997 1.32806 70
11.4619 -1.3421 70
-8.50037 -1.05981 70
-9.19462 0.373312 70
0.674487 1.36574 70
0.54842 -9.25002 70
0.616062 21.2336 70
19.9184 9.16307 70
-9.20725 -0.939002 70
-9.00268 10.0548 70
0.913214 -20.3664 70
-0.262328 -0.0401457 70
0.0292394 1.41611 70
-0.156579 1.46707 70
0.60604 20.1081 70
-10.9044 8.82123 70
-9.80276 0.96496 70
-19.4168 70.8071 70
-9.16809 -1.44794 70
-0.669741 -1.40756 70
-10.1834 11.0191 70
-9.05881 9.28957 70
-9.83477 9.03586 70
-0.0555496 -1.30107 70
1.32025 1.27218 70
0.551166 0.938741 70
80.8273 50.4169 70
-20.8086 28.9351 70
11.4928 11.2897 70
0.471237 19.6096 70
0.114027 -1.00017 70
10.6933 -9.36665 70
1.0165 0.474733 70
-0.658523 -0.913814 70
-1.33296 -0.308417 70
9.54897 1.26503 70
-0.0950744 10.3973 70
-0.0132584 -10.6153 70
0.611225 0.98907 70
0.949039 0.0072893 70
-9.69986 -29.149 70
1.2346 0.249388 70
-11.3994 -8.53846 70
30.394 -9.05469 70
-1.19129 0.426209 70
0.533432 -1.36535 70
-19.0862 -19.7121 70
-10.9697 -9.80262 70
-0.493561 0.743636 70
-0.958377 1.21218 70
1.36215 1.36265 70
-18.9408 -10.75 70
11.0167 -10.2534 70
30.165 -1.27576 70
9.99936 9.51044 70
-10.1176 -9.75204 70
-9.02773 11.4589 70
-9.44376 9.59868 70
-9.68581 11.4105 70
10.8047 -78.7608 70
-0.350066 -20.5923 70
-8.6654 10.3102 70
-0.620925 -19.9665 70
8.94296 -0.83132 70
1.07345 -1.01862 70
-8.91285 1.05486 70
1.35406 -10.6887 70
-1.08082 -0.0763314 70
-0.855311 0.408849 70
8.60097 -10.2729 70
1.32365 20.5296 70
-0.0627827 -11.2598 70
30.0382 8.6885 70
-8.97305 0.645988 70
0.985548 8.76951 70
-1.12714 -0.669034 70
9.41227 -18.7762 70
0.710163 1.42679 70
1.46715 -1.38617 70
-1.21053 1.42137 70
-11.0446 10.5499 70
-0.846131 0.303678 70
-0.891709 0.83377 70
1.05731 -0.213716 70
30.8696 -8.7462 70
-9.40967 0.759306 70
-10.7364 -8.99186 70
19.057 -0.452552 70
1.2624 0.538397 70
21.0026 -10.4294 70
10.7552 19.775 70
10.9707 30.8558 70
-1.28189 -0.399655 70
-10.5027 -1.0712 70
-8.52194 -0.680153 70
-0.779192 10.9605 70
-28.8623 -80.8533 70
-39.4189 -0.697205 70
-20.2893 10.4503 70
-21.2905 -1.3077 70
-10.4365 -1.23889 70
-10.3161 0.6898 70
-21.1069 29.1349 70
-40.7631 30.9594 70
20.7888 1.25816 70
-48.8594 -20.3512 70
-9.94174 1.11635 70
-8.84882 -1.05619 70
98.6234 -48.7058 70
-30.2346 -0.798916 70
-1.32555 1.1997 70
-10.5071 1.0977 70
10.5668 -0.706121 70
-0.11175 -1.39432 70
-0.850239 -0.4445 70
-0.602679 31.0743 70
-0.556221 -10.8811 70
-0.507206 0.578308 70
10.4294 10.1567 70
1.10522 -38.5953 70
-9.1939 -10.0666 70
1.38958 0.343645 70
-0.813203 11.1036 70
-29.6574 -0.469557 70
-10.3094 -0.136821 70
8.63482 -29.1238 70
-0.582595 0.79623 70
10.2465 -9.62902 70
-41.4064 -69.5067 70
1.25325 -0.0347995 70
-19.3428 -9.30153 70
-10.0457 -10.5813 70
50.1937 0.659796 70
-11.1271 0.0945038 70
-11.488 8.86231 70
-8.7423 8.81245 70
-19.269 -0.0602152 70
9.03665 10.0075 70
-11.2271 -1.3341 70
1.0147 11.2027 70
0.287418 -0.040897 70
1.1744 -1.38431 70
0.225106 -0.811845 70
-0.59825 -1.08 70
-0.689346 -0.950887 70
11.2492 -8.96944 70
-1.3901 -0.233617 70
-9.73665 0.561773 70
21.3009 -10.7918 70
1.09779 0.367703 70
-20.1306 8.73225 70
8.56379 -10.8246 70
1.41868 -1.30807 70
-0.621325 -0.727506 70
0.709942 0.90755 70
0.965332 -11.1392 70
-19.6194 -9.63307 70
1.30425 -1.02663 70
-10.6363 -1.17222 70
-0.323646 -0.435027 70
1.0494 1.0486 70
-0.163403 0.911156 70
0.875995 1.33166 70
-10.4771 20.9281 70
-1.15498 -1.24912 70
-0.681564 0.746116 70
-9.11723 11.4922 70
9.75241 0.205834 70
41.0026 60.6563 70
-69.1536 58.6377 70
0.775072 -1.34305 70
-20.7003 19.9959 70
19.8758 9.37506 70
1.00115 10.4767 70
10.2647 0.758821 70
0.574689 0.251397 70
-0.82682 -0.768185 70
-21.2467 -11.1432 70
8.96857 -1.31223 70
-9.13792 -19.731 70
-18.597 10.1079 70
0.697568 0.697873 70
-0.682558 -21.4938 70
9.80053 9.92256 70
0.456896 -0.988732 70
-1.17002 0.856388 70
-9.95732 20.9515 70
-9.66326 -0.0965776 70
-0.268413 -0.266436 70
0.721819 9.0523 70
1.06652 0.725991 70
0.465713 -10.0005 70
-1.48501 -10.2701 70
49.2636 -9.73984 70
49.4125 -10.1345 70
-1.18792 0.857859 70
11.4564 -19.5082 70
-19.0441 1.31434 70
-11.3267 1.42109 70
10.1166 -11.4122 70
-11.0616 0.336603 70
30.0398 1.48709 70
9.30296 0.330395 70
-9.27516 8.59091 70
-0.968588 -0.140524 70
1.07785 -0.720976 70
20.9809 -38.7612 70
-0.027446 1.04299 70
-49.8564 8.68557 70
0.453202 -0.466564 70
-41.1092 109.827 70
-10.2553 -1.38479 70
-11.2203 -0.0848521 70
-8.82503 -21.2452 70
-0.310666 -1.01952 70
0.360615 19.8769 70
1.41673 -0.683044 70
1.33327 -1.45761 70
-1.19988 -0.589799 70
9.16917 20.2968 70
-10.0862 9.8003 70
1.22976 0.32226 70
20.0683 -10.3383 70
0.506571 -1.16479 70
0.957108 0.592659 70
-1.38988 -1.09427 70
