9.00926 -0.540841 70
0.441485 -0.0706934 70
-8.52329 -0.914033 70
29.0257 -19.6844 70
0.926894 -0.344345 70
-0.625641 0.409483 70
-1.3317 -0.157726 70
-0.0267609 -10.9254 70
8.90548 -9.50138 70
11.1114 -9.02194 70
10.8716 -9.33248 70
1.36782 -10.6064 70
10.4596 0.507134 70
9.26132 -1.05342 70
-8.75179 -20.0963 70
-49.8105 1.44254 70
10.6684 -0.777961 70
-9.90959 -1.16824 70
-9.96624 -0.772416 70
-0.277498 1.38434 70
-0.390148 0.938476 70
-120.672 1.41224 70
0.900731 -0.978536 70
-0.167221 1.00771 70
10.9058 -1.14323 70
-31.0051 9.11973 70
-0.971909 1.3097 70
29.1994 -0.505909 70
0.28793 -0.798743 70
1.01058 -0.0199574 70
-1.28742 -1.23905 70
-0.326296 0.0135925 70
-0.111977 -1.36572 70
20.0945 -9.62651 70
0.653417 -18.5232 70
-1.26013 -0.788895 70
1.46555 0.050376 70
-0.995398 -21.0792 70
-1.16358 -10.4286 70
18.947 -0.136454 70
-0.865663 0.0739839 70
-0.777446 -28.7525 70
-0.754403 20.0624 70
1.48149 9.64958 70
20.5966 -50.3381 70
0.734668 20.3945 70
19.1664 -10.0883 70
30.9092 11.0573 70
0.791735 -0.0743033 70
-0.428651 10.2347 70
-1.05853 0.656053 70
0.724965 -9.20784 70
10.1573 9.00931 70
9.92805 20.0765 70
-1.24336 1.42037 70
-0.823553 1.12227 70
-9.30685 20.5766 70
9.6031 1.02422 70
0.385992 -1.12965 70
1.41518 1.25378 70
0.788486 0.89716 70
-11.3179 -9.46078 70
18.807 9.07167 70
-1.04261 0.536191 70
0.955864 0.055893 70
0.412162 -10.5498 70
11.2858 -10.8902 70
10.1931 -10.529 70
9.42539 1.38612 70
-40.4864 40.5449 70
0.304975 0.024649 70
-1.35593 0.199468 70
-60.7562 -88.5297 70
-59.6715 80.0254 70
-10.7809 -1.02978 70
31.1811 29.6517 70
-0.293005 -1.11235 70
18.7166 9.08723 70
-20.7989 -19.4565 70
0.846611 1.00073 70
0.293399 -1.13528 70
-1.31241 -1.12523 70
9.12081 0.690885 70
-1.36563 -9.75596 70
-0.209503 -1.34576 70
9.36582 -0.876205 70
-0.29693 -0.639919 70
9.49295 -1.1504 70
0.93437 -0.0818283 70
-0.792317 -9.44288 70
-11.2393 29.3019 70
-8.93618 30.6267 70
-20.0397 -10.8607 70
9.76165 -10.6051 70
-10.9281 -8.88761 70
-1.41274 -10.2213 70
0.81066 -10.0279 70
-19.3566 -9.51275 70
-8.84038 1.34601 70
0.860828 -0.178255 70
-10.2924 -0.437236 70
0.620944 -0.356136 70
-1.07453 -11.3365 70
-0.0303816 -1.11422 70
0.279751 -8.86803 70
0.576089 1.35246 70
28.5766 -10.1886 70
8.54684 10.5835 70
-10.9033 0.232672 70
1.29342 0.15863 70
19.1672 -19.4255 70
-0.34212 -0.0108261 70
-0.611496 -9.37675 70
20.4554 -10.8763 70
-0.915367 -1.15725 70
9.17756 -0.506465 70
0.829399 -9.94759 70
1.40236 -9.33406 70
20.322 -71.0927 70
10.3133 0.940857 70
1.11799 0.740118 70
-0.554379 1.39937 70
-0.181559 -0.360897 70
-10.0208 -1.05637 70
9.57875 -1.37062 70
-1.09725 0.183233 70
18.9868 -9.43297 70
-10.5312 -0.604411 70
-0.455543 -0.0058012 70
-10.9384 -10.8699 70
-19.9233 -0.584264 70
0.208669 -0.183839 70
-29.4397 30.7186 70
-0.109748 -0.727154 70
18.6407 -10.6569 70
-0.969084 0.97167 70
1.29595 -0.842255 70
-1.40999 -0.785146 70
1.01585 1.47791 70
10.2356 0.974126 70
-9.29302 -9.29233 70
-18.6783 10.9382 70
-70.4082 28.5612 70
10.0635 0.347126 70
31.462 31.1818 70
30.8085 -18.8471 70
9.1984 9.36857 70
0.257028 0.207596 70
1.22754 0.890463 70
0.0712759 -1.41083 70
8.61353 9.08415 70
0.549084 -0.382323 70
-1.04324 -21.1897 70
-0.8423 1.13668 70
-1.26053 1.03364 70
-0.0275338 -0.551428 70
20.2189 -0.00565397 70
-0.137183 1.09341 70
0.933956 -0.175277 70
40.7791 -8.98895 70
19.8518 -8.52131 70
-0.307849 9.75396 70
9.41623 0.753959 70
-0.416532 0.0790296 70
1.20812 0.414372 70
-0.17687 -0.57749 70
-0.682694 10.6931 70
0.204017 1.21887 70
0.94185 -10.5663 70
9.38051 -1.35751 70
1.06787 1.39654 70
9.2532 -9.42971 70
-20.3367 -29.1256 70
-20.1749 -30.4263 70
11.1071 10.3477 70
-30.4106 -20.815 70
9.62405 -0.631275 70
0.24257 -0.33083 70
8.71118 -10.6803 70
-0.971488 -1.35027 70
-10.9952 -69.9371 70
-0.795826 -10.4512 70
11.1704 -0.888411 70
-0.330507 -0.351356 70
11.0701 -10.1275 70
-10.4901 -39.9871 70
-10.239 -9.77019 70
99.7713 -49.4071 70
-0.909792 0.157376 70
1.33214 1.18878 70
1.35178 0.668023 70
-99.8188 29.1666 70
-91.1668 10.8028 70
0.423198 1.37887 70
19.4946 -8.68932 70
0.928118 9.13215 70
9.69196 0.648587 70
39.6228 -8.83726 70
-0.774881 9.49705 70
20.5986 -0.565494 70
-20.9697 9.76486 70
-30.8072 -18.5041 70
0.478366 -0.0503137 70
19.0019 -19.186 70
-10.2341 40.4001 70
-0.208216 -8.99311 70
10.512 0.0216306 70
10.7013 0.892055 70
11.2624 -0.830903 70
9.49521 -1.21715 70
-0.893113 0.606884 70
-3.231e-07 -8.55935 70
0.221632 0.535427 70
0.230122 -1.12635 70
19.8773 48.6758 70
-39.2407 50.0165 70
0.327683 0.0611771 70
0.0886123 10.3035 70
-0.104325 1.37819 70
-1.49081 0.0139005 70
8.53757 20.0786 70
-11.3742 20.02 70
-1.01197 -0.436869 70
0.966582 -31.0246 70
20.3198 8.76763 70
19.2915 -1.3495 70
-1.25642 -9.68768 70
0.567706 -1.31135 70
-8.74971 -60.1584 70
1.32844 -20.0375 70
-1.07826 0.00304458 70
-1.00792 -8.67808 70
-20.8205 49.9865 70
8.52034 0.976371 70
-0.153842 0.245363 70
-1.01196 -0.616858 70
-9.48649 9.20674 70
-8.92812 0.680016 70
-0.189693 1.03534 70
21.0302 10.2886 70
0.160044 0.714386 70
11.4921 -50.3823 70
-0.4913 -9.21444 70
-1.34371 0.23854 70
28.8669 -39.6811 70
-0.935078 0.481084 70
0.378361 -11.4731 70
0.553732 -9.12469 70
10.3267 -1.43348 70
-9.3309 -10.1053 70
-1.41972 -9.58742 70
0.456401 -0.573699 70
70.2847 -21.3819 70
0.965584 8.59713 70
10.7138 1.04497 70
10.003 1.2985 70
0.697099 1.41218 70
1.23947 -29.2363 70
11.1077 -0.903744 70
-0.894659 0.0749413 70
0.0820734 -18.6114 70
1.21578 0.23683 70
0.975165 -10.8662 70
-1.34989 -9.14148 70
-0.958987 9.29274 70
-0.625041 0.19983 70
8.84499 48.9272 70
30.889 -10.1793 70
0.699539 8.98574 70
-1.18761 -0.128177 70
-8.71223 10.7898 70
-10.1898 19.7026 70
80.1964 -120.541 70
-0.33895 0.44755 70
-1.4348 1.44042 70
1.47364 -0.62465 70
1.07897 1.07467 70
18.9055 -10.919 70
0.645735 0.43845 70
29.3514 10.0508 70
10.0834 -9.69931 70
9.25874 0.544383 70
20.8628 -11.1093 70
-0.625328 -8.68317 70
1.07972 1.26757 70
8.87202 -8.75105 70
-0.616679 0.845516 70
-10.704 1.07449 70
10.8576 -0.964001 70
1.24376 1.34336 70
-0.889444 -8.98503 70
0.179214 9.43367 70
-0.01721 -0.03824 70
0.306532 -10.3167 70
0.718664 -0.922363 70
-1.49803 1.42053 70
-1.10258 1.07768 70
-0.0664317 19.6617 70
20.3913 -10.4726 70
-0.217632 -0.556806 70
-0.348296 -10.8578 70
0.286222 -9.94442 70
0.892194 -1.04741 70
-19.1398 10.5468 70
-20.976 -0.599969 70
29.9408 -0.636991 70
1.44658 -10.468 70
0.65846 -0.156096 70
10.4532 1.26534 70
10.0418 -1.30685 70
0.868858 -10.0071 70
18.8857 -20.2941 70
-0.290223 -11.468 70
-8.68447 -1.4525 70
-41.269 -40.7911 70
-0.634515 0.333082 70
-29.6659 9.63757 70
-8.60622 -28.853 70
1.10582 -1.23027 70
-8.7737 -9.3362 70
0.876418 -0.817475 70
11.0418 -9.07333 70
0.813844 -10.8102 70
-1.26102 9.60739 70
-1.25788 -0.933705 70
10.6372 0.997116 70
-0.477727 0.7969 70
9.09585 -19.8139 70
-0.428304 1.30641 70
-0.63749 0.60998 70
49.6656 38.8832 70
-9.3723 49.9734 70
1.00864 -0.173054 70
-9.61615 9.63029 70
-19.2456 10.3347 70
0.769884 -1.49812 70
-9.77753 11.0048 70
0.0398629 -0.745484 70
20.2756 -21.1729 70
0.372079 -1.06692 70
41.0522 41.2673 70
-0.22047 -0.257651 70
-20.8672 -10.8693 70
0.137368 -0.470095 70
0.69107 0.293437 70
0.693556 -9.03098 70
1.2325 -8.63916 70
9.81402 1.20319 70
10.9301 1.49642 70
0.139406 11.2449 70
9.92273 -9.54573 70
0.539612 -0.870206 70
9.05971 0.730409 70
0.772537 0.744669 70
-11.4008 -9.94662 70
-1.07288 -1.21555 70
-0.437139 0.282584 70
-0.461313 -0.101435 70
-8.98464 -0.480782 70
58.7763 -39.4924 70
9.69606 61.3231 70
-1.38687 8.79385 70
0.746634 -0.729738 70
-1.37239 -0.0725871 70
-10.9233 -31.3507 70
0.186282 1.20277 70
20.8498 0.150075 70
-0.64955 -1.19028 70
0.937977 -11.1992 70
0.0834622 -1.34113 70
11.006 0.536275 70
0.914579 0.509736 70
1.41794 -0.406073 70
-0.27175 1.27478 70
-11.3862 1.12981 70
9.6936 20.5961 70
-10.3527 -0.233891 70
-1.00132 -9.63208 70
-0.973058 -1.20733 70
9.90284 -8.73432 70
0.935681 9.21139 70
9.43793 -10.5186 70
8.96692 -0.775511 70
40.787 -119.702 70
10.2004 -11.4015 70
9.64551 -1.11445 70
0.667968 0.0394758 70
8.58478 10.58 70
1.47649 0.640289 70
-0.744084 1.01139 70
-0.3945 0.85729 70
10.5989 0.945021 70
9.6022 30.2808 70
0.109257 9.14334 70
21.2385 -0.165139 70
1.46165 0.0648074 70
-1.12436 1.18502 70
9.08929 -20.4214 70
-9.15447 -10.7248 70
18.9316 0.953148 70
10.0872 -10.2756 70
10.2653 -29.7182 70
-20.8619 -0.509007 70
-0.543707 -0.530627 70
-0.302983 -1.37233 70
-1.49376 40.7259 70
20.7257 -1.22621 70
-11.1247 -10.1957 70
10.0102 8.84757 70
11.4768 -10.2744 70
-0.0733479 -10.3806 70
0.59981 1.05258 70
-11.1826 -0.566545 70
1.14876 -0.0461882 70
0.805231 0.870524 70
-0.0947381 0.0209309 70
-1.24237 -8.83892 70
0.782065 1.33465 70
-0.585941 -11.1405 70
-9.75525 -1.07697 70
-8.71688 -0.553168 70
0.110552 -0.1913 70
-1.07411 -19.7478 70
9.4366 -0.396333 70
9.75396 -11.2356 70
-1.27015 -0.933534 70
-1.09391 10.7129 70
20.9036 69.3224 70
1.00811 -0.698498 70
8.93927 19.1419 70
-1.25922 -1.14913 70
71.394 -40.9601 70
0.0376899 0.485863 70
1.13758 20.9767 70
-0.358228 -1.45079 70
-0.835603 0.257329 70
10.6686 -9.6429 70
-0.265561 -10.1039 70
-10.0852 9.8905 70
-0.747361 -0.245098 70
-0.301885 0.332158 70
-30.3593 -29.9245 70
-10.5607 -0.0751862 70
9.70743 -29.0084 70
11.2727 -1.12644 70
-0.279657 80.5834 70
-0.0667816 1.44638 70
-9.98735 1.35842 70
-1.21763 0.307492 70
11.2924 -0.830635 70
-0.92449 -1.16129 70
-10.9677 0.184885 70
-0.928902 -8.63867 70
0.5141 11.2874 70
-0.455341 -0.621239 70
-38.9536 -51.4408 70
8.9857 1.16093 70
-61.4757 -29.2896 70
-9.73043 -1.49095 70
10.261 20.4122 70
8.68594 -8.64965 70
10.6249 -0.272561 70
1.01806 0.161513 70
1.11531 -9.80551 70
8.53712 -0.178827 70
-0.739392 1.29568 70
1.18023 -1.42498 70
1.37425 -10.3963 70
-0.339763 -0.797865 70
9.3536 9.06495 70
10.0128 9.96543 70
-0.342471 -19.1973 70
8.99414 -11.2866 70
1.43155 -0.0801793 70
-1.07291 -0.29396 70
0.963585 0.923965 70
9.11487 -0.204767 70
-1.09514 0.410928 70
-1.48425 0.0906031 70
0.757049 0.680035 70
10.7271 31.493 70
-9.22724 -0.75774 70
0.756547 -9.81418 70
-1.32211 0.733436 70
18.7355 19.4528 70
-0.537532 1.4096 70
-0.364314 1.30635 70
8.60658 9.93238 70
1.32339 -1.22865 70
0.292651 -0.30834 70
-0.0789007 -59.1598 70
-1.29355 0.567265 70
-30.5984 -28.5454 70
-0.855641 -0.53793 70
-1.39541 -8.52055 70
9.60609 -10.1434 70
9.94503 0.189957 70
9.21778 -0.911895 70
0.458104 -9.75444 70
1.4 -1.25106 70
-10.2803 -20.0891 70
-1.12218 -10.2139 70
0.715504 -0.328587 70
-1.1878 1.14263 70
-8.90244 -78.8592 70
10.1366 -0.660696 70
-10.8239 -28.9906 70
-1.46751 -0.727879 70
0.577296 -0.154791 70
10.9136 10.6762 70
-0.0384134 -0.954737 70
-0.416433 -1.39869 70
-10.8361 1.13045 70
0.516628 0.698055 70
-28.5859 -10.1209 70
9.92256 -0.592171 70
10.0578 19.1025 70
8.84742 -9.68872 70
-1.08786 0.330215 70
-50.4472 -30.1644 70
90.6281 -110.415 70
0.723872 0.561514 70
11.2731 -0.89393 70
1.05561 -0.980692 70
19.8342 10.0304 70
-11.2556 -0.823016 70
-0.533304 0.904823 70
1.15049 11.2968 70
8.90853 -10.0828 70
39.3484 28.8868 70
-20.4182 -11.3552 70
1.17667 0.603058 70
-9.18717 9.72525 70
39.3215 0.252212 70
10.8483 1.17089 70
1.15188 -1.1353 70
19.9748 -8.50538 70
19.0623 -10.6689 70
-59.2751 -20.0767 70
9.60416 -0.994398 70
-0.0344387 0.3185 70
9.10303 1.42267 70
-18.7795 -1.09671 70
-8.68556 0.534432 70
11.1355 10.9578 70
11.098 10.2261 70
0.070968 0.123139 70
21.0578 18.5492 70
9.12615 -31.4444 70
10.3153 -30.8521 70
-0.767045 -21.0034 70
11.0186 9.15982 70
-10.0854 1.46667 70
30.4885 -30.4254 70
0.808148 -9.86191 70
1.00343 0.235243 70
0.584297 -0.361612 70
81.1353 -9.81696 70
9.41485 0.917138 70
0.923794 -1.05872 70
0.346474 0.981045 70
-1.36817 0.804862 70
-0.979479 -10.925 70
-79.4574 -9.58335 70
-9.05693 0.861996 70
9.70963 -10.3435 70
-1.48935 -1.47502 70
19.2628 -18.6025 70
79.0187 60.1877 70
21.052 -0.37148 70
10.8312 -0.255961 70
11.3761 -8.86235 70
0.849398 9.58243 70
-0.875044 9.1731 70
1.12303 0.150075 70
9.67941 0.722366 70
-0.769303 1.2819 70
10.1106 -9.478 70
0.41726 -0.544276 70
-1.01123 -0.80379 70
1.06511 0.603995 70
-20.6318 -1.44765 70
-20.8323 -0.279602 70
20.8778 -9.15018 70
0.0872392 -1.0078 70
1.42857 -0.00933712 70
-18.9045 -8.80755 70
0.94375 0.98085 70
11.2699 -19.3064 70
0.0247102 9.6816 70
29.7214 -20.0792 70
1.32732 0.448849 70
-0.440541 11.2107 70
-19.3144 11.4589 70
-0.249603 0.535773 70
9.82083 1.21618 70
0.287446 0.960256 70
10.8155 -8.76141 70
-9.56413 -8.7464 70
0.846009 40.1258 70
-0.580719 1.07507 70
0.83427 0.529383 70
-1.39252 -9.60342 70
-1.4684 0.204229 70
28.6922 -8.51736 70
-0.123404 -19.7072 70
1.33849 1.11706 70
-1.01623 -30.2554 70
0.660118 1.31046 70
8.79851 -10.5698 70
0.72895 1.2396 70
-20.2414 -29.3498 70
9.11416 -0.432019 70
-10.3224 1.10592 70
-10.868 8.76639 70
-21.1239 0.265875 70
30.6355 -28.5284 70
-0.692308 -1.24319 70
1.10285 -8.66147 70
-0.453766 9.03974 70
0.64979 11.4104 70
-0.975726 -9.62651 70
-10.7762 0.138888 70
11.1005 0.536618 70
0.281554 0.046818 70
-11.0617 10.8079 70
-0.770512 -1.21147 70
0.538901 0.433442 70
1.2996 -11.2012 70
29.1128 -0.862502 70
28.6152 -0.297641 70
0.067039 11.2901 70
-39.7668 29.7835 70
9.75987 -9.95478 70
0.385487 -8.64883 70
0.936919 -1.15432 70
0.432802 1.12674 70
0.223482 0.643997 70
-1.48247 -0.394095 70
10.2739 -39.4485 70
-0.949355 -1.24162 70
-9.82891 -0.838593 70
1.16295 -10.5263 70
1.48213 -0.496097 70
-10.8304 0.487896 70
9.82751 -0.744375 70
21.1982 -0.406259 70
1.08256 -10.2363 70
8.642 -10.0279 70
9.36368 0.912271 70
-0.785623 0.104129 70
0.228565 0.347543 70
61.2167 29.4962 70
60.2386 28.7022 70
0.212667 10.7288 70
-0.902767 90.2594 70
0.33136 -19.9715 70
19.6198 11.4235 70
20.325 11.0485 70
-0.542706 11.0659 70
-10.089 -1.04362 70
-0.589278 8.74423 70
-19.5439 -0.0469303 70
1.42611 -10.5187 70
-11.2038 -0.896842 70
0.00608922 -0.622163 70
39.7353 -11.4586 70
-101.077 18.7458 70
-0.478993 -1.47568 70
0.524043 -1.28042 70
10.7657 1.09705 70
10.9074 -0.970998 70
-39.7169 -20.186 70
19.8006 19.5054 70
-50.6611 -0.364311 70
-1.28894 1.26277 70
28.7105 10.987 70
-1.00668 1.20252 70
0.632422 8.99603 70
-10.175 1.25969 70
10.0592 0.762383 70
0.467463 -40.4063 70
1.07985 -40.9342 70
-41.2306 19.4955 70
1.39079 -19.6495 70
-1.02058 10.1103 70
9.57745 11.1735 70
49.0911 -49.4236 70
9.71558 -0.880308 70
9.74601 0.695025 70
8.96666 1.22557 70
-1.49566 -0.222823 70
-1.21183 -1.04093 70
19.5554 -19.3446 70
19.0696 10.0833 70
20.5786 -10.2608 70
0.525312 0.652114 70
-1.30516 1.20104 70
-0.873686 -9.70398 70
-50.9391 -101.015 70
19.0841 0.255962 70
40.3876 19.3587 70
10.8929 -0.150425 70
19.2852 49.3188 70
10.0166 21.4793 70
10.3193 0.557737 70
-10.4712 -10.6203 70
-0.487647 18.5987 70
-0.737956 -0.522332 70
10.5056 -8.98547 70
-20.1384 -0.141268 70
9.78582 0.13403 70
9.64402 -9.0684 70
9.35936 -20.1694 70
-21.0279 19.7494 70
0.32001 0.787178 70
-0.297229 -1.28932 70
9.48013 -9.39276 70
-1.26389 0.784294 70
-1.48195 -1.35287 70
0.700183 0.744693 70
0.982114 -0.907057 70
19.7786 -0.64083 70
-10.5 1.16564 70
-0.43199 11.124 70
1.08447 10.3955 70
-0.95441 -0.360642 70
1.0203 1.23814 70
-9.86651 0.487284 70
-20.3918 -19.8202 70
0.929108 19.6481 70
10.0499 -21.2142 70
-0.28643 -0.0234163 70
-28.8801 1.18447 70
0.875868 -10.0487 70
1.01596 0.777642 70
9.17931 0.666608 70
-10.8086 -11.1162 70
1.29343 -0.851042 70
10.2436 -9.18723 70
-0.514747 -0.644879 70
8.55218 20.5866 70
0.536653 0.784217 70
-1.1066 0.659377 70
9.06601 -0.969165 70
-9.51127 0.928652 70
-10.6048 -1.42973 70
19.3285 -99.5985 70
-21.2749 30.9377 70
-1.17463 -0.631551 70
-0.516441 0.275281 70
0.198199 -1.01027 70
0.822082 1.42984 70
