-0.556694 10.7369 70
0.885338 29.2859 70
18.9653 10.6427 70
10.9251 30.3702 70
8.59395 11.0525 70
-20.6233 41.0927 70
0.0533496 -28.7657 70
0.327258 9.74869 70
-99.0667 -19.4804 70
19.1225 11.2122 70
19.6662 9.41638 70
18.8438 9.82725 70
9.52619 9.52564 70
1.17769 -9.12072 70
-10.2638 -9.83597 70
20.8701 19.8302 70
38.5691 10.8153 70
10.5411 10.977 70
-0.485448 1.46878 70
9.47545 0.411671 70
20.6322 10.1524 70
18.6624 -10.7128 70
21.1613 9.26425 70
-0.590366 0.324504 70
8.80517 0.833825 70
9.45391 8.99416 70
-0.743198 8.91271 70
9.4981 19.6545 70
-1.21104 0.253771 70
0.623625 0.578668 70
-8.98176 11.0698 70
20.0457 9.17896 70
9.61291 10.505 70
8.69759 8.82272 70
10.8485 11.2733 70
-9.4392 10.5429 70
0.00594765 -0.407803 70
1.24739 9.61505 70
0.227873 8.97776 70
0.929328 30.5546 70
-10.092 -1.1315 70
21.131 -29.8375 70
8.85288 20.0934 70
10.3807 20.6267 70
29.8053 10.2026 70
0.436936 -9.37147 70
-121.059 30.4932 70
10.9169 -11.2113 70
0.814504 1.19338 70
-0.704769 10.8701 70
10.8463 19.9865 70
0.129309 9.25482 70
0.90098 -0.207731 70
0.0692957 9.99564 70
0.170188 9.16609 70
-9.68526 -28.8885 70
-9.14926 11.0674 70
0.0495823 10.984 70
18.8331 -9.9714 70
-0.809087 20.25 70
40.1309 49.0375 70
-0.99965 11.3844 70
-18.9798 -11.0753 70
-0.584451 -0.678546 70
-0.852148 -0.128186 70
-1.40795 19.9077 70
-11.1927 1.23001 70
9.38397 20.1017 70
8.97334 0.334788 70
20.0836 20.3843 70
-0.311208 11.0091 70
-0.505674 9.22056 70
20.2895 -1.10555 70
10.0244 10.5347 70
-1.38915 0.552628 70
-1.00707 49.4822 70
-0.612802 51.2476 70
9.99444 8.6594 70
1.2813 8.57304 70
8.88825 0.371577 70
10.5692 -0.503415 70
0.202167 0.554482 70
1.42015 10.797 70
1.3202 0.12566 70
0.173212 9.58471 70
19.7653 9.55617 70
-0.62454 1.41158 70
59.4808 -21.3762 70
8.65814 0.109292 70
-1.46755 9.04693 70
10.7058 8.65564 70
10.7461 -0.274608 70
0.52574 -0.226791 70
9.21617 10.5525 70
39.4437 20.1511 70
-0.0545114 10.1541 70
1.42606 9.61802 70
-31.4388 11.2207 70
-0.53134 0.62493 70
0.306844 0.57303 70
18.5308 -11.4962 70
-1.09503 9.8588 70
8.71642 8.84103 70
0.598122 10.3525 70
9.61781 9.7003 70
8.69135 20.9397 70
-21.4716 -20.153 70
-0.46193 -1.05222 70
0.0269858 11.1836 70
1.45632 11.2677 70
-0.0614378 -31.3214 70
0.615094 1.31611 70
-0.241876 0.930224 70
9.59377 9.88974 70
1.0893 10.0231 70
0.562734 8.65663 70
10.1151 -1.14511 70
10.6991 -0.893378 70
10.7922 0.827707 70
-0.708403 9.3989 70
20.4024 18.5423 70
0.749468 -0.0399776 70
28.626 8.75264 70
-0.790043 9.51982 70
9.74867 -8.56463 70
0.511899 1.01623 70
9.3986 0.365758 70
38.9931 -28.8131 70
-41.2622 -10.2007 70
0.997131 1.04409 70
-38.6168 11.1672 70
8.9709 -1.00755 70
-9.15514 -0.584001 70
-9.94164 -11.4594 70
11.1708 10.6871 70
9.13906 20.3918 70
0.529846 10.6925 70
10.6271 -0.256381 70
0.309506 29.6362 70
0.779088 19.3011 70
9.04876 -1.45166 70
-0.692305 1.11133 70
-0.305818 -1.22568 70
0.682969 -9.11106 70
-0.580483 1.22281 70
-9.14998 -18.6592 70
0.0497277 8.92764 70
-11.2041 -20.8144 70
-1.47043 1.2653 70
9.75969 8.97602 70
8.68347 9.6183 70
9.64581 9.21088 70
9.13383 29.1925 70
-1.18944 -0.331779 70
9.2837 -0.696503 70
0.376758 10.0274 70
-39.3558 50.1885 70
11.2113 1.44166 70
10.6794 -0.609776 70
10.4687 -1.39485 70
-11.2676 19.6375 70
-11.2558 -41.102 70
-0.982919 8.9219 70
0.557906 0.433333 70
9.84753 11.2298 70
0.542898 -0.312443 70
1.01413 11.0322 70
11.2714 29.9765 70
20.6078 1.44492 70
0.137951 -1.39597 70
-0.786 1.48682 70
10.5687 10.6972 70
10.5396 10.4684 70
-0.675811 10.6159 70
-0.796767 11.4904 70
9.57368 10.3896 70
-8.79842 0.414422 70
-0.666536 11.3728 70
19.5965 1.17819 70
-1.41249 11.187 70
0.514767 10.1515 70
0.381233 9.03909 70
-0.211595 -0.645424 70
8.58777 20.6583 70
-0.556295 18.6044 70
-8.85405 -0.897274 70
0.758738 0.1551 70
-0.921011 -1.43389 70
-21.4148 -0.202294 70
-1.33626 0.315445 70
-1.44792 -0.0160242 70
-18.9859 10.1189 70
-1.01768 -0.830025 70
-30.8699 10.9555 70
-20.518 -19.0074 70
-0.582027 -1.27071 70
1.31133 -0.153006 70
10.1655 10.5984 70
-8.85577 -9.48001 70
10.5401 10.6094 70
10.6489 11.2794 70
8.97867 -20.7378 70
-0.952081 10.461 70
1.13147 0.595695 70
-20.2657 -10.5743 70
0.00970065 10.1464 70
9.09342 0.604979 70
-0.979831 1.40713 70
-0.59918 10.3881 70
9.17652 1.44515 70
-0.44424 0.973265 70
-69.4351 -70.3939 70
-0.100373 0.0163891 70
-0.680497 -9.29073 70
0.212917 -1.41663 70
11.1272 9.49918 70
0.0157886 -1.06235 70
1.32134 10.0475 70
-10.9129 -1.02058 70
-0.483156 8.61587 70
-0.155175 -1.01178 70
11.3357 9.51864 70
-0.758591 9.37013 70
-11.121 -10.0086 70
-1.15112 -1.38462 70
-0.647252 -0.66025 70
-1.3944 1.44472 70
0.109047 -0.15866 70
9.96099 -0.660542 70
59.5064 -80.6194 70
11.0734 -0.884283 70
-31.4454 -60.9332 70
9.50568 9.64121 70
18.6858 -29.4325 70
10.4422 1.05775 70
1.20439 30.2756 70
-1.01969 8.65415 70
-0.282193 -1.09672 70
20.8271 11.3902 70
-0.175032 10.6507 70
-0.677879 9.85232 70
10.1488 9.83357 70
1.36982 20.4232 70
-11.2427 20.5592 70
-10.2622 1.05602 70
-0.084991 -1.06176 70
1.26744 9.61313 70
28.5068 9.09755 70
-0.98425 -0.74048 70
11.3594 -1.19328 70
-30.2348 -0.485182 70
-9.88442 29.0986 70
9.67937 10.8915 70
11.2845 9.77063 70
0.0813746 9.26342 70
-9.31935 18.7696 70
10.1203 11.3598 70
0.715728 -9.31778 70
0.824629 -10.759 70
-1.13345 0.758903 70
-0.450216 9.21003 70
-30.0739 10.8696 70
19.6099 19.6617 70
10.2623 -11.4602 70
-1.10665 -1.49186 70
-0.924981 10.7993 70
-11.1253 -1.22657 70
-8.62098 21.1753 70
29.7527 -0.482734 70
-10.9118 19.6781 70
10.5673 9.28764 70
-8.89474 8.99144 70
9.91734 1.48272 70
-20.5072 -10.766 70
0.118386 10.5485 70
-0.817349 0.12597 70
0.662812 10.3345 70
9.88149 8.75752 70
0.546673 0.112557 70
21.4327 21.1773 70
9.45637 9.95848 70
9.20536 0.660467 70
-0.548188 11.4864 70
1.48587 18.6224 70
71.24 69.5682 70
-40.4221 10.3735 70
0.867275 10.2192 70
10.0408 9.98934 70
-1.1684 0.0408035 70
21.4196 -1.22491 70
10.7766 10.5275 70
-0.171197 1.29412 70
-0.0497548 1.28041 70
-20.0182 -1.06788 70
-100.338 20.1396 70
-9.79576 20.1893 70
9.91968 0.963995 70
8.92831 20.6636 70
-1.03069 9.65037 70
1.11931 -1.21864 70
20.7976 -19.656 70
10.6495 1.44143 70
-8.97014 -0.641087 70
0.173395 -1.07774 70
9.61647 9.54947 70
9.35952 -9.94558 70
9.8522 -0.891548 70
10.3957 0.443905 70
9.32158 10.8793 70
9.28813 21.3461 70
-1.29289 8.95428 70
11.1757 19.0082 70
0.199524 -0.852411 70
-19.5811 10.1958 70
1.39995 10.4999 70
11.2172 30.4754 70
9.66032 30.6334 70
-10.2432 9.10286 70
-0.755521 -1.16582 70
-0.627963 1.11455 70
-0.179891 10.0746 70
0.949401 11.4933 70
10.614 1.05132 70
11.0692 10.5589 70
9.87005 10.7601 70
0.876275 -49.1464 70
9.916 11.4691 70
9.69176 8.78501 70
10.2887 9.79771 70
10.0423 1.17899 70
18.5422 11.4464 70
0.500881 10.3414 70
29.7079 -30.2449 70
0.638448 9.09684 70
-0.164421 19.1219 70
-19.2507 0.205521 70
10.3144 9.1955 70
8.72783 -1.10138 70
9.04322 10.805 70
0.932952 10.5565 70
8.90416 11.3584 70
9.56915 -9.30956 70
-9.56256 -9.18238 70
-0.400237 -28.8743 70
9.29971 0.22052 70
-0.0953922 11.079 70
-0.458324 0.0721985 70
89.4916 11.285 70
18.564 31.0967 70
0.0833784 19.714 70
9.85654 -0.980592 70
0.708336 11.4501 70
11.0702 -10.5009 70
-28.894 19.8589 70
-91.1588 59.7587 70
10.2209 0.826946 70
21.189 -0.115551 70
-29.3784 40.5372 70
11.4469 -0.812499 70
9.31636 -0.899324 70
-0.980451 8.87472 70
-0.258186 -0.622615 70
-9.13269 0.733213 70
9.46495 0.143 70
-10.1143 0.492168 70
9.62492 -0.664143 70
19.7476 -68.5558 70
-1.46679 -0.337502 70
-9.93788 8.79781 70
-0.864845 10.7734 70
-8.55852 9.2261 70
-1.46566 -0.828322 70
21.3903 -1.33693 70
1.03757 8.82289 70
-0.318801 -1.25836 70
8.86104 9.32031 70
-1.49335 10.2774 70
-1.33698 0.83144 70
-0.807734 8.52139 70
11.1732 -9.89099 70
-10.9979 0.914815 70
49.5643 -1.41085 70
9.7882 11.3038 70
-20.3925 -1.32292 70
-11.3319 11.4252 70
-0.50318 11.1074 70
-1.35998 -0.180437 70
8.85698 -9.14714 70
9.93135 0.187133 70
9.32747 21.1448 70
-10.1576 -11.2511 70
9.92898 -0.395219 70
0.933209 31.1603 70
8.72595 -19.4797 70
9.58017 0.152214 70
-10.1426 11.0411 70
-0.786729 8.8836 70
9.74072 -30.3818 70
0.842794 -10.7046 70
18.7907 0.997618 70
0.618744 0.669159 70
9.22551 90.5563 70
-8.51966 10.8643 70
20.2972 9.93904 70
-0.312826 -0.452641 70
-0.814614 9.14739 70
11.0113 1.35303 70
10.0224 9.84676 70
0.468479 10.2521 70
29.3622 19.5115 70
-21.3609 -8.79325 70
-8.61369 9.88193 70
11.1288 9.49595 70
8.51458 -0.209993 70
10.059 10.0652 70
-0.374759 -1.24551 70
29.1411 11.2688 70
0.550868 1.00285 70
9.99762 11.0547 70
0.0511901 0.844402 70
0.664095 -0.815704 70
21.3852 50.326 70
0.935896 0.49779 70
-0.512452 1.00456 70
-70.5831 -101.056 70
-0.197037 1.10975 70
9.34145 -11.4083 70
0.276189 9.83224 70
-1.37627 0.159034 70
-0.368042 10.6874 70
-39.3015 -10.5533 70
-40.8951 -10.1575 70
-0.691562 9.59889 70
8.51666 8.99642 70
-31.0067 -31.0258 70
20.5216 21.2329 70
-1.42397 -0.98219 70
0.782954 -0.773641 70
-20.9471 1.38062 70
20.4917 11.3833 70
-0.329811 10.2711 70
-30.9091 41.3922 70
1.08023 1.38802 70
0.299442 8.88134 70
9.61085 9.16674 70
-29.2344 9.67529 70
-1.19403 0.774618 70
0.408612 0.307648 70
11.2051 11.4818 70
10.5146 18.6627 70
0.614523 1.25337 70
-19.1231 -101.491 70
-0.5143 0.43162 70
10.4853 11.1262 70
10.0423 11.2154 70
-1.29634 -1.43372 70
-0.232198 -0.876882 70
-39.7361 -59.0209 70
-0.641544 9.13112 70
-0.505475 -48.7821 70
-0.91766 10.5095 70
-0.787408 0.732157 70
10.6505 10.6763 70
0.910852 9.05346 70
-0.336977 9.91689 70
0.952882 19.8576 70
-0.437908 9.90099 70
-10.1749 11.1635 70
10.1533 0.325508 70
-9.79541 20.0699 70
-11.4998 -1.24357 70
0.22623 10.2751 70
-0.633538 10.9037 70
9.92201 8.75072 70
10.6927 40.0178 70
10.7568 9.76617 70
-1.2702 0.52686 70
10.6331 -0.438671 70
9.23543 -10.5721 70
-8.81167 40.8977 70
9.90863 1.32736 70
-11.4333 9.65215 70
40.475 -9.30061 70
-20.506 -1.26313 70
-40.3973 -9.96261 70
-9.31371 40.5051 70
119.149 121.174 70
-21.2367 -21.0821 70
11.115 11.0888 70
-1.11706 -8.79155 70
0.584532 8.64855 70
9.49071 10.5212 70
0.122587 0.690773 70
-11.359 -9.64409 70
0.271921 9.56975 70
21.3101 9.42213 70
0.784195 1.29156 70
-11.1304 -1.16614 70
-10.1386 1.13756 70
-9.17681 0.61552 70
-0.999142 0.830396 70
0.483803 10.9738 70
-0.384809 -0.673568 70
1.13173 11.2269 70
19.8444 38.8805 70
9.56357 0.139976 70
21.2283 -9.75805 70
1.25289 0.791006 70
-51.4501 -11.0553 70
-0.23605 8.95745 70
-0.880511 8.91639 70
0.670477 9.33567 70
-1.14938 19.273 70
30.6952 -20.198 70
-0.123035 8.59833 70
0.164482 -0.88482 70
21.4223 -0.318728 70
-10.1862 39.2386 70
8.99713 0.694482 70
9.78387 0.161219 70
11.4759 0.724048 70
-1.10839 10.8321 70
21.078 18.5863 70
10.8671 0.992435 70
10.4457 -1.12442 70
21.2213 -9.93822 70
11.2747 -18.9958 70
0.0864126 0.15806 70
-1.10784 -21.0028 70
0.403025 -0.422117 70
9.16311 10.6897 70
20.1433 20.1763 70
1.3511 -8.52713 70
10.4356 10.2307 70
10.8883 10.2406 70
60.5238 -79.766 70
20.6573 21.1418 70
1.24765 9.87466 70
99.0938 79.2165 70
-0.287664 9.88918 70
9.34151 8.54478 70
-11.0308 18.8297 70
0.68044 18.5539 70
-11.0081 9.97509 70
1.32749 10.3361 70
9.53511 -9.01791 70
10.6287 10.5663 70
0.789112 11.036 70
0.216919 20.4853 70
0.869876 1.34809 70
-20.8523 -9.33238 70
-1.14286 1.31382 70
9.08865 10.0923 70
0.841355 -11.4557 70
-0.44151 -9.18889 70
20.4644 1.40355 70
1.00973 0.89026 70
11.0231 9.46666 70
10.5891 -51.3411 70
9.05473 -0.0457281 70
8.5224 -1.1919 70
-10.508 1.41358 70
-10.5067 18.59 70
20.4581 -11.4713 70
1.25524 9.7602 70
11.3328 1.10148 70
0.881861 -0.923994 70
1.18141 8.59165 70
-1.08702 10.9075 70
-1.1117 9.33848 70
9.88807 0.500967 70
21.3004 9.45592 70
-1.43471 -1.41621 70
-0.362377 -0.334027 70
1.18992 -0.434644 70
1.04236 21.2637 70
-0.466369 10.3296 70
0.316632 9.05844 70
10.9079 -9.10777 70
-40.7113 -39.2238 70
-91.4563 60.6846 70
9.3843 11.4882 70
11.0003 10.0164 70
1.30716 8.57659 70
0.455591 1.04957 70
-0.706687 -0.412994 70
10.6417 10.9113 70
9.03682 10.5266 70
1.26576 11.3387 70
1.13102 8.55523 70
1.38264 0.412609 70
0.505799 9.03249 70
20.2536 20.1857 70
0.1901 10.4806 70
-0.0443066 18.9662 70
0.948014 28.9416 70
10.9456 -0.306564 70
-0.0981615 8.91673 70
-19.6603 -68.8245 70
-101.215 50.9969 70
49.9067 1.49824 70
1.26049 -0.65456 70
0.695569 0.816057 70
10.8743 0.0217864 70
10.7901 21.2105 70
9.04697 11.486 70
-0.490255 40.9185 70
-18.9407 0.208151 70
-20.9361 -1.1614 70
1.26715 -10.9721 70
-0.637579 10.2387 70
-20.3621 59.019 70
-0.383443 -10.2693 70
30.5886 50.3848 70
9.53609 9.34401 70
10.7827 18.8709 70
-8.75224 -1.03874 70
20.4552 -9.80285 70
-1.14118 -0.358435 70
10.8127 8.66421 70
51.2735 10.9567 70
8.72028 1.42809 70
0.949943 11.298 70
1.35555 8.96721 70
0.513124 9.13898 70
1.09679 9.2121 70
-1.41677 9.18739 70
-0.808128 -18.8555 70
10.3344 10.4612 70
40.1839 -29.3995 70
0.931223 11.4405 70
-20.3401 -10.535 70
9.52042 -9.72519 70
-1.25567 10.5052 70
8.85846 10.4798 70
-9.79074 8.60581 70
-0.00870768 -0.0372272 70
-8.64874 10.0365 70
1.24255 -1.49905 70
39.8799 28.678 70
28.9146 8.87261 70
40.7055 31.0816 70
-20.7326 9.14538 70
30.719 -21.1458 70
9.67963 10.1223 70
-41.1473 -10.6075 70
-0.445874 0.914798 70
-30.6589 -60.0381 70
8.96613 -10.9507 70
-19.1154 19.6307 70
0.992347 -18.6224 70
1.46289 9.16736 70
11.3376 20.2423 70
0.540705 1.42031 70
0.922104 0.0576817 70
9.20628 10.0197 70
9.68998 -10.8583 70
-0.746538 8.71767 70
9.74646 10.8433 70
-48.9872 -121.444 70
10.8969 0.905978 70
-1.42988 10.2954 70
-10.6222 9.39197 70
-9.70854 10.4925 70
-79.3781 0.1872 70
9.91022 0.311087 70
-0.103429 1.05129 70
-0.219618 9.94301 70
9.96361 0.950556 70
-49.4579 -49.9169 70
0.6686 1.32133 70
-0.295746 11.1352 70
11.2953 10.0701 70
-1.49954 -20.2587 70
-49.0467 9.63285 70
-10.0463 11.2433 70
-0.659663 -9.63184 70
-0.389806 -1.23143 70
0.213073 -0.791806 70
0.390328 1.44181 70
-9.09248 21.0107 70
18.9372 11.1274 70
-0.598581 11.1575 70
0.410771 9.34671 70
-1.05789 0.668191 70
39.9729 -120.892 70
40.1652 -120.35 70
-1.14801 0.857806 70
-71.3091 -29.8893 70
11.3106 10.1303 70
1.11248 8.91409 70
-1.38249 9.80382 70
0.363705 30.3442 70
-0.718853 0.00407495 70
10.3694 -0.430491 70
0.72882 -1.48856 70
9.74754 0.21873 70
11.4595 40.0657 70
0.680769 -8.57247 70
-10.5442 -11.4301 70
-9.75576 -9.63997 70
