-19.9467 0.226292 70
-0.399677 -0.121796 70
-20.3371 1.28048 70
-11.0276 -8.95577 70
-19.3979 -11.4671 70
-9.79406 -1.34017 70
0.894213 1.20793 70
39.2432 19.77 70
-8.69644 -0.85169 70
-11.3929 -0.803495 70
1.47237 0.236856 70
-9.66377 0.939765 70
-8.84876 -29.9735 70
-10.3587 -9.36372 70
-9.85102 -9.10407 70
-8.88315 -11.126 70
10.5869 -8.78303 70
0.525384 -0.595512 70
-11.045 -21.3055 70
49.9245 10.0983 70
-10.1001 20.3169 70
-9.04253 0.347461 70
-8.65507 -0.199775 70
0.629548 0.488578 70
-19.7585 -10.7265 70
50.2791 8.77141 70
-20.9341 -8.64097 70
-9.37116 0.604867 70
-30.1566 -28.9276 70
9.54655 -9.89649 70
-40.8527 -10.1637 70
-9.71655 -9.28314 70
-9.57712 -8.54102 70
-9.28312 1.11278 70
9.81297 0.427031 70
0.038018 0.378534 70
-11.1737 -0.944206 70
-0.527126 0.224379 70
0.078812 -0.202184 70
-1.47495 9.67529 70
-0.662822 0.438327 70
-0.0854172 -10.2632 70
-10.4584 -0.907327 70
0.778673 -10.9884 70
-9.09416 -0.89098 70
-0.22477 9.3182 70
10.3688 -30.409 70
-21.4232 9.76048 70
-20.6745 11.369 70
-0.649364 9.45253 70
-11.2184 -0.134111 70
-8.94733 -1.196 70
-40.8757 -19.2753 70
-11.0015 -1.4835 70
-1.04173 0.647491 70
-68.911 -90.6386 70
0.666228 0.567812 70
-9.93765 -0.734607 70
-9.46407 -20.7008 70
0.775592 -10.1592 70
0.386302 9.15768 70
-10.4822 -9.49448 70
-1.19391 0.975786 70
11.4462 20.3155 70
-11.0938 -30.2034 70
-8.65166 -30.0385 70
-10.9814 -9.82452 70
0.96079 0.854078 70
9.03161 8.80455 70
-9.01253 -9.70916 70
-8.72991 0.39512 70
0.903048 -29.2243 70
1.31261 1.06126 70
29.1173 -9.16332 70
-40.2161 -21.1415 70
1.06252 0.760368 70
-11.0454 -10.2732 70
-9.75706 -0.399401 70
-9.17271 0.715803 70
11.0581 0.0375495 70
-11.4143 -0.0152108 70
0.857102 0.648628 70
-0.503904 -8.65328 70
-9.14897 1.3123 70
-50.9447 18.9943 70
-11.4843 9.16417 70
1.33172 -11.2736 70
-1.43472 -9.85469 70
-10.2828 0.561924 70
1.10018 -11.2934 70
-9.24298 -10.0837 70
-20.6349 11.3156 70
-11.3131 -1.03126 70
-10.1402 0.0419493 70
-0.358214 11.3882 70
-9.28629 -18.5009 70
40.1 19.8107 70
10.0387 -10.4866 70
-21.193 1.00449 70
0.353369 -0.519353 70
-0.576993 -1.0255 70
-50.592 -1.13886 70
-48.6969 -0.605919 70
1.17563 11.3662 70
-31.3778 11.1992 70
51.4414 29.3023 70
0.22403 -10.5612 70
1.10345 -9.33204 70
0.648164 -1.42111 70
-11.4327 1.05815 70
10.5256 -1.48258 70
-19.3563 -8.54279 70
-89.6472 -69.544 70
-10.3686 -10.7309 70
-19.3829 -8.5993 70
-9.08754 -10.5751 70
-28.6208 0.48464 70
10.4826 19.2895 70
-10.5244 -0.410055 70
-10.3975 10.533 70
-10.0295 -0.214994 70
-8.80116 -10.5007 70
28.9003 18.501 70
1.05799 0.30454 70
-11.2944 1.19315 70
0.0131555 0.548441 70
-0.903004 -8.54562 70
49.4865 11.4161 70
49.812 8.7348 70
-9.57292 -18.7635 70
-11.002 0.238497 70
-10.8366 -0.0510064 70
48.559 49.9362 70
-0.0747811 1.0421 70
-19.8208 8.84049 70
0.429523 -0.853103 70
9.9869 8.56712 70
11.4395 9.42556 70
-11.0144 -30.7946 70
1.37156 0.0407339 70
-30.9886 -0.433638 70
30.7563 39.3691 70
-90.0219 49.8882 70
10.3744 -0.83558 70
0.81545 10.6424 70
-0.174361 -0.05264 70
-9.62919 9.26138 70
10.5553 20.0182 70
-9.21484 -30.8408 70
-10.5346 9.83317 70
-10.2 10.2764 70
0.701159 -0.978153 70
-0.0352947 0.0567395 70
1.02004 -9.36699 70
-0.106321 -9.43844 70
-30.6 -9.44463 70
0.692977 1.44371 70
0.479171 0.264366 70
1.43598 -10.0745 70
1.29479 21.0116 70
1.45733 1.08615 70
-8.91966 -1.02764 70
-10.2259 -11.4834 70
-9.82649 1.33808 70
0.00137326 -1.29653 70
8.53971 -20.7272 70
-19.0903 -19.5972 70
-8.61915 -0.560641 70
0.277099 -8.72686 70
-1.09032 -0.937102 70
-59.3692 9.53391 70
-0.138348 -0.0326747 70
-11.3263 -1.3079 70
41.495 1.44607 70
0.512831 -1.36384 70
29.9804 -29.8449 70
30.3647 99.4896 70
1.43461 9.10237 70
0.757384 9.00613 70
0.871491 -1.18775 70
-0.92 -18.5661 70
-9.92728 10.0392 70
20.383 10.6461 70
-19.1148 -18.6992 70
-0.321848 -1.33827 70
0.519299 -0.211376 70
-0.752832 0.794743 70
10.0439 -8.74834 70
1.33986 -11.4264 70
-1.32847 -1.28512 70
19.351 8.51924 70
-21.1642 -18.7808 70
19.1497 19.3299 70
19.7406 19.7743 70
1.29516 -8.7655 70
0.490808 -8.7354 70
-20.0815 1.11933 70
-69.7938 -60.375 70
-79.0547 20.5334 70
-9.86266 30.0142 70
-20.6051 0.313432 70
-20.1586 -10.6697 70
9.81475 10.9543 70
-1.42721 -1.15617 70
-8.73178 -1.33176 70
-9.25069 10.3867 70
-50.3022 -61.2952 70
0.369372 -11.2554 70
-9.06871 -10.1175 70
39.7617 -19.2353 70
0.793784 9.44467 70
1.14124 -1.21941 70
-10.7973 -8.59609 70
-9.68247 -8.85256 70
19.3749 -20.4008 70
-1.00716 -1.39961 70
-0.546698 -10.1218 70
-10.9375 -19.2147 70
1.4027 -10.2467 70
-20.2593 1.31016 70
-0.0411593 1.16177 70
-10.5523 1.23326 70
-8.82146 -0.722264 70
-19.1715 -1.49568 70
-18.9189 -0.505872 70
-10.3067 -29.3552 70
-1.02875 -19.6389 70
0.547917 9.4535 70
-21.0282 18.5643 70
-10.7962 -0.969548 70
0.267894 -8.50348 70
-11.2482 -0.260585 70
0.569812 -11.2703 70
20.0744 21.275 70
-30.3022 -70.1882 70
-0.70275 -1.48457 70
-9.76783 -8.93466 70
-10.7877 -8.84446 70
9.47565 -38.5442 70
1.28659 -1.04085 70
9.19843 -0.552272 70
-11.0075 -8.8449 70
1.48287 -0.544201 70
0.600876 -0.157904 70
-1.06071 -11.4426 70
0.0669976 -0.78502 70
39.3698 -39.3329 70
0.345065 8.99087 70
8.67544 20.563 70
-0.0921453 -9.12735 70
-0.165345 -10.6186 70
-10.8423 -1.23311 70
-18.8064 -10.6706 70
30.6092 -9.63119 70
-0.396275 -0.110802 70
-10.6783 -11.1641 70
9.91209 18.6808 70
-30.4439 -30.8546 70
9.82155 -19.7392 70
8.9546 -19.1372 70
0.560029 -78.6175 70
8.92306 -10.6934 70
19.7947 -11.075 70
-20.5251 -20.2213 70
-9.3118 -9.30043 70
-10.4917 -1.09018 70
-8.52913 0.0692795 70
-50.7943 -11.0983 70
0.347838 8.6622 70
1.02347 8.80933 70
-8.5414 -30.9591 70
-1.42461 -1.44905 70
-8.8569 10.5385 70
-10.4306 11.4113 70
-0.0748213 1.07923 70
0.80627 -10.5118 70
-19.9375 0.519816 70
-21.4587 8.81897 70
-20.6584 -29.2127 70
30.302 49.6509 70
-9.42595 -0.731994 70
-0.473553 -0.979565 70
-9.39892 -0.190334 70
0.619362 -8.99662 70
9.0253 20.0135 70
-10.2344 -0.814012 70
-0.626098 0.213537 70
-0.282196 0.783775 70
-10.7809 0.643826 70
-1.34469 -10.8479 70
-20.8916 -29.5582 70
1.28577 1.20285 70
-8.8278 -1.38159 70
-11.238 -0.978047 70
-0.252483 -1.31068 70
-0.463602 9.78611 70
-0.0597863 -0.566349 70
-1.23258 -9.2162 70
9.01978 -0.472432 70
-29.7378 -10.8721 70
-10.6404 -1.23265 70
-31.2129 9.50722 70
30.3923 -10.4193 70
-11.2385 0.876727 70
-1.46322 -0.435074 70
0.234195 -9.50831 70
-8.50852 0.358489 70
-0.673386 -10.0198 70
-9.84301 0.642377 70
-20.2844 11.3554 70
0.577323 0.0864871 70
-0.413321 -0.740532 70
-30.9261 -0.28329 70
-29.2549 0.642605 70
-1.23259 0.180347 70
-0.996267 0.574255 70
-1.2593 -0.473928 70
-9.34851 -11.1894 70
0.83861 0.665484 70
-51.2932 -10.5309 70
-48.9812 -8.67801 70
-0.623297 0.917217 70
-10.9419 1.41201 70
0.9568 9.91627 70
-19.6748 -19.6536 70
-0.771625 1.02858 70
0.0840277 -0.936377 70
-0.332375 0.19097 70
-9.75538 10.0945 70
-21.2094 -11.3134 70
-28.9519 9.79297 70
-9.18171 8.81057 70
-9.16608 -0.370082 70
11.1035 20.6124 70
-9.97438 81.1272 70
19.797 -40.9909 70
-10.1563 1.21214 70
0.562575 1.21545 70
0.984595 -10.0437 70
-9.01616 -9.21883 70
1.05852 -1.47922 70
10.9443 1.35604 70
1.31492 -11.4575 70
-9.42164 -18.8884 70
10.433 -1.48956 70
0.586096 1.28559 70
0.64612 -0.518672 70
-10.6873 -8.65857 70
-9.89833 0.957798 70
0.794261 -11.46 70
-18.9199 -9.3535 70
-31.1708 0.0402465 70
-31.0242 -0.800298 70
-21.2959 -1.12248 70
59.4475 -28.7554 70
-9.81092 -20.7003 70
0.730116 -10.7805 70
0.651832 0.339422 70
9.19777 20.3536 70
1.32297 -9.86806 70
-9.61737 -11.2047 70
-21.3304 20.6752 70
-20.7399 20.6942 70
-10.3674 11.2705 70
-69.9385 8.9759 70
-10.9823 19.1863 70
0.0622143 0.307488 70
-1.25895 -0.462367 70
-8.80795 0.0505806 70
-9.98281 -20.5703 70
9.68135 29.6164 70
1.1754 -9.56686 70
19.1287 20.8062 70
-10.4532 -9.44528 70
0.96257 -0.821477 70
-1.0137 9.26231 70
-11.3603 -0.439376 70
-9.0036 0.260663 70
-0.103802 -1.28417 70
-10.7573 -59.4204 70
-10.6814 -8.69123 70
-0.290012 -0.88925 70
29.2033 -0.648666 70
90.0203 -58.5541 70
0.466112 0.4142 70
20.0901 18.941 70
0.948587 -0.751085 70
-9.91502 -20.1299 70
0.745254 10.9304 70
1.24461 -1.2033 70
18.5547 -0.814633 70
-0.378016 0.178728 70
-11.0419 1.06238 70
29.5076 -31.0573 70
-9.10677 -28.5653 70
-10.9321 -21.3343 70
10.5211 28.9549 70
-11.0708 -30.8798 70
1.17302 -8.58408 70
9.4291 -9.96785 70
1.21964 -10.7981 70
1.17737 -9.7982 70
9.33657 1.11627 70
-0.872621 -1.15552 70
-8.7998 1.40147 70
-10.7892 0.14469 70
1.12472 -10.5263 70
10.8894 20.4762 70
-10.0319 -9.88015 70
-8.9649 -0.602313 70
-8.62747 -0.55166 70
0.44324 1.18699 70
-30.1489 -9.92526 70
-0.6928 0.0338361 70
1.19719 1.13697 70
-0.492021 -20.1607 70
0.312985 -1.321 70
10.6695 20.5796 70
19.545 89.4131 70
-29.9304 -8.63345 70
-10.9762 -11.0382 70
-0.158489 10.7208 70
0.615333 10.8213 70
1.03928 -0.190837 70
-8.8105 -8.61784 70
-9.33768 -0.0401521 70
-11.1501 -10.8248 70
-1.21427 -11.3212 70
10.6778 -9.00684 70
-1.10561 -10.3753 70
-10.8142 20.8056 70
-19.7856 0.624962 70
1.03556 -10.8656 70
-11.0554 0.643704 70
-10.6249 40.3877 70
29.2874 -1.17952 70
-11.3728 1.44738 70
-11.1034 1.43484 70
-10.8615 -11.2596 70
0.522198 -0.550298 70
-31.1277 -1.31147 70
0.897645 19.109 70
-0.0909388 19.7418 70
1.13947 9.76513 70
-0.66006 -9.4973 70
1.18125 -0.525638 70
-0.208958 -1.15964 70
-9.83198 -1.27635 70
-9.08541 -9.40114 70
0.00983214 -10.9568 70
-0.324856 -9.99946 70
-8.86707 -11.3061 70
9.91628 9.47369 70
-0.953895 -8.59993 70
0.29281 -11.18 70
-0.920431 -9.54192 70
-30.7607 -19.853 70
-11.0021 0.0942124 70
-10.9868 10.5242 70
-10.51 -1.30064 70
-9.25965 -0.087947 70
-10.8686 1.43517 70
-8.50455 1.07957 70
-21.1804 -28.7944 70
1.06797 -10.9326 70
-1.28501 -1.0526 70
0.592041 -8.80623 70
-0.0755862 -9.89701 70
0.666928 -0.703899 70
-1.06592 0.455414 70
11.3436 -41.3618 70
-28.9792 -40.4596 70
-9.22702 -11.4893 70
-9.618 0.938392 70
-0.41287 -0.329545 70
-0.94404 -0.83543 70
-10.6352 -10.8118 70
-10.5294 -8.94319 70
-28.6211 1.305 70
-0.679238 1.19873 70
10.4658 0.89315 70
0.459323 -9.962 70
-0.450141 -1.49614 70
-8.94082 59.536 70
-29.3741 50.7326 70
-28.723 49.0575 70
8.78152 -10.6259 70
-9.13489 -0.74251 70
-1.31992 0.754355 70
-1.09859 -0.417467 70
0.145014 -9.84796 70
10.0409 0.248711 70
0.770794 -0.828 70
-9.06901 -10.9767 70
-0.434211 -0.0522519 70
10.2359 -8.56379 70
-0.54128 -8.97511 70
-10.7631 19.0406 70
-10.2315 -9.62134 70
-20.5372 -20.3341 70
-1.11204 0.520519 70
10.1192 -20.6758 70
0.71322 9.88138 70
-0.111592 -9.78745 70
19.8509 -10.2405 70
-9.39933 -0.487503 70
-0.247383 10.8606 70
-10.6072 -9.76669 70
8.64858 0.246645 70
0.258886 -8.79438 70
-10.324 0.891467 70
0.636027 0.753035 70
-11.0753 -21.0362 70
-9.42353 0.270063 70
-9.24994 -10.9304 70
9.16372 0.0425756 70
-8.75432 -31.1329 70
-8.57543 -9.87033 70
-9.55205 0.337596 70
-31.4053 -29.9238 70
60.221 48.7532 70
9.18824 -0.854139 70
80.5931 -20.522 70
19.5136 -9.70367 70
1.10355 -8.51698 70
-8.81873 9.86105 70
-41.0912 19.852 70
-10.9202 -0.523438 70
-0.159853 -9.08604 70
-18.6142 -20.7064 70
-9.61211 1.14949 70
0.583874 -1.41484 70
-9.45256 0.652732 70
8.69547 -11.0571 70
-1.09385 -0.728032 70
-10.1893 -1.33301 70
-0.214681 0.679082 70
0.5116 -0.405739 70
-20.1725 11.2647 70
-10.9514 -11.2067 70
-1.47618 0.0822942 70
-0.656295 -0.321166 70
0.779073 -0.721163 70
8.9413 -9.05686 70
-20.0477 8.53874 70
11.0203 -9.51911 70
-10.3779 -0.155548 70
-9.40608 1.07995 70
-10.1439 -1.3318 70
-8.81994 31.4212 70
8.70491 19.9678 70
-8.55235 0.775722 70
30.2318 19.9626 70
-29.7657 -29.3435 70
0.306521 0.122107 70
-9.43052 -9.03221 70
-0.909535 19.9368 70
0.910781 20.3913 70
-10.2554 0.809786 70
1.13192 -8.79415 70
-20.4167 -0.93213 70
1.02142 20.9149 70
-0.993521 1.11143 70
0.65827 -9.62374 70
18.7488 -30.7375 70
-11.2829 -9.69722 70
-10.3597 0.562525 70
-9.57238 -10.6904 70
18.6217 -9.48059 70
20.1609 -10.0743 70
-9.91022 1.17246 70
10.4897 40.9223 70
-0.492501 -9.95947 70
-0.829028 -9.241 70
0.389832 19.711 70
-19.9565 -21.0508 70
1.19015 -0.0282715 70
-10.0559 0.820557 70
-19.1494 0.420783 70
-10.5558 -0.888229 70
-31.2178 -8.92729 70
9.43953 -1.20662 70
1.4263 -0.586243 70
1.13612 -10.8331 70
-9.47451 20.8121 70
-9.51531 -1.27015 70
0.0733335 10.944 70
-21.324 -0.851773 70
-8.73785 19.4521 70
-11.2829 -10.3302 70
-8.74522 -8.56765 70
-18.5041 -20.0633 70
1.01748 -1.38338 70
0.176679 1.41806 70
-0.948164 0.726859 70
-9.02901 -0.106347 70
0.575194 -9.45522 70
1.346 -0.780325 70
-31.4137 -38.5082 70
-0.459616 0.62542 70
9.56888 -8.89523 70
0.420465 10.7884 70
11.2607 -19.6218 70
8.89149 -19.5702 70
18.7823 11.0134 70
-18.9444 -0.0858809 70
-18.5458 10.747 70
40.1721 -20.1028 70
-1.1134 0.752546 70
-8.54507 11.1775 70
-9.73862 -1.45429 70
11.3229 -9.20416 70
-20.081 60.9463 70
8.60664 -0.232589 70
1.45558 -9.91239 70
19.5869 -11.1349 70
0.87348 0.491467 70
10.2496 30.0553 70
10.7005 10.8781 70
-0.809009 0.859978 70
-1.28787 21.075 70
8.5391 -0.733833 70
-1.33876 0.853874 70
-0.444375 -9.03417 70
-8.52733 -0.564657 70
0.157904 0.86358 70
41.3445 109.808 70
-9.17121 -40.2378 70
0.982643 -10.9153 70
-0.312112 -11.3126 70
1.42989 -10.2312 70
-0.211237 -11.3625 70
0.247684 0.835762 70
0.600857 1.4129 70
29.8751 20.196 70
-20.6031 10.1082 70
-1.09885 -11.0357 70
0.590355 -10.4936 70
0.886265 -1.05563 70
-18.9845 -8.85501 70
8.59911 18.8127 70
-8.96724 0.880944 70
-20.7621 11.021 70
19.9571 -71.0778 70
-18.7947 -0.920501 70
-10.1874 0.347804 70
21.3149 10.4674 70
-49.9112 -9.90932 70
-9.28454 31.4666 70
-10.0659 -0.88997 70
10.2018 9.36584 70
-10.1768 -0.824377 70
-91.2295 -9.83088 70
0.702761 -10.7239 70
-11.4966 -0.920016 70
9.97718 9.94806 70
-8.88204 -10.3162 70
-9.52071 -19.6831 70
18.6584 -18.6803 70
-29.6348 -20.0324 70
-29.6913 -20.365 70
-0.284092 -0.490705 70
-10.2816 -0.827401 70
-0.959327 -8.74595 70
0.739957 -0.940906 70
0.848144 11.266 70
40.4504 10.6602 70
0.0870966 0.996917 70
-0.130248 -9.45453 70
0.15956 1.03164 70
-9.78147 -11.0848 70
-10.0173 -19.5533 70
-8.8585 19.2533 70
30.5942 21.0731 70
-9.13294 0.709999 70
-0.075533 1.15714 70
-0.483735 -10.8349 70
11.4332 -8.66449 70
1.34786 -1.47278 70
-30.257 -0.584527 70
0.538255 -8.65955 70
0.249437 -0.14159 70
-0.548673 0.0438614 70
-0.920153 -20.5007 70
0.127392 -0.559238 70
0.984955 -9.42397 70
-9.3755 -0.971354 70
-51.4236 10.014 70
-0.233853 -1.22893 70
8.72516 -1.00539 70
-10.0444 -1.30035 70
0.0901609 1.20277 70
-0.387858 9.89792 70
-0.704252 9.13676 70
-10.7392 -11.4332 70
-9.71195 -9.21052 70
-9.14581 10.901 70
-40.3993 19.0675 70
-0.394562 -8.98998 70
-8.78801 -30.1748 70
0.0134828 10.1409 70
-1.01696 -0.31347 70
1.35146 19.7957 70
-0.955512 -0.610491 70
-0.193876 -0.402845 70
-0.056181 1.38253 70
0.464831 0.77072 70
0.295061 -19.1378 70
49.7969 59.1632 70
0.0975368 0.259075 70
0.842225 -11.1897 70
0.637513 -9.29404 70
-1.48653 -0.847504 70
1.28336 -9.1742 70
-0.0768262 0.111898 70
28.5441 31.347 70
-20.7409 -9.51572 70
1.38408 1.10433 70
-90.719 -39.5477 70
-19.7706 -0.474046 70
-19.0157 -0.228645 70
-9.075 0.644962 70
10.8077 -19.2413 70
10.0014 11.4876 70
-0.797504 -0.244628 70
-9.82358 -0.0503331 70
-8.5107 -1.37696 70
-19.2232 -9.37872 70
-0.385752 -9.19695 70
-8.52157 -0.918074 70
-1.46862 -10.3815 70
-59.463 1.46148 70
-59.7461 -1.17122 70
-30.0571 0.0737534 70
-0.728841 -0.474381 70
1.09026 0.476047 70
-1.28481 -10.9325 70
-0.256857 -8.94664 70
-1.05402 1.13871 70
-10.9556 1.04196 70
-70.4256 29.9214 70
-1.35124 -0.325296 70
-31.3252 -90.6294 70
0.460958 -0.705704 70
48.9999 -29.2139 70
118.894 30.1425 70
1.00855 18.6986 70
-10.9965 -10.3929 70
10.1205 10.0554 70
-8.82279 -10.8907 70
29.9377 -31.1133 70
-0.734123 -21.1513 70
-11.442 -1.12609 70
-1.21105 10.0417 70
-0.676604 0.990713 70
-0.495115 -0.593391 70
-0.978236 -1.14965 70
1.3732 -0.169371 70
19.5782 -20.2271 70
-0.206131 11.4044 70
-10.2306 -9.82489 70
-9.91351 -0.817176 70
-20.6989 -0.205738 70
-8.70195 -20.3377 70
-10.6998 9.57298 70
8.51152 -9.28193 70
-0.0577407 0.212826 70
30.6726 -9.49585 70
9.21662 -0.96346 70
0.420812 -9.14009 70
-10.5098 -0.806656 70
-19.634 -10.8392 70
