-41.0183 18.8169 70
-1.49304 -0.720658 70
-11.2568 40.8029 70
-90.8691 -9.27231 70
0.667946 -1.37473 70
0.463104 19.5177 70
-1.44634 -10.4418 70
-10.8851 -0.532702 70
-29.3628 -9.68055 70
-8.60076 10.2594 70
-0.268186 0.361328 70
-11.471 8.52175 70
0.44206 -0.323248 70
-10.1275 -11.4479 70
-9.8726 -0.567298 70
-9.31377 31.2846 70
1.14078 9.8082 70
-9.48897 -8.92071 70
-9.92051 -0.275223 70
-18.8034 -80.4089 70
8.7073 20.6221 70
-20.0429 -10.8114 70
0.108301 10.513 70
-19.0366 -0.641633 70
1.32187 9.23363 70
-10.1191 -0.915837 70
0.968824 0.824346 70
0.677325 1.12568 70
-0.0679243 1.15647 70
-9.64794 -9.73783 70
-10.6567 -9.6256 70
8.68522 9.31442 70
-8.67827 1.36958 70
-9.97789 1.21361 70
0.481288 30.2677 70
-0.782751 30.2567 70
-10.3737 -9.27583 70
-10.25 -0.683202 70
0.113876 -1.38504 70
-10.4277 0.295693 70
-8.7432 18.8228 70
-19.3092 -9.46863 70
0.0533601 -8.5971 70
-30.2556 -20.4332 70
21.0729 -8.86689 70
-10.938 0.0617598 70
10.44 -0.504851 70
0.433043 11.1747 70
-19.2438 -1.3166 70
-9.7242 -9.44909 70
-10.568 -9.3588 70
0.21943 1.15963 70
-0.164029 -0.43278 70
0.896947 -9.49097 70
0.378848 39.7554 70
-49.0287 -41.2616 70
1.07757 -0.772046 70
-0.910533 -0.476382 70
-10.4944 -0.311178 70
-30.6691 28.5707 70
-29.6323 -0.575914 70
0.380464 -0.432376 70
10.3445 -0.344271 70
31.1815 1.26558 70
-10.9671 -1.11384 70
-9.27161 10.0082 70
-10.4232 -0.164792 70
39.9093 50.8239 70
9.79808 -18.9045 70
-9.12006 9.41167 70
-0.462821 0.140615 70
0.322306 1.2587 70
10.5998 18.6969 70
0.049153 -48.6259 70
-60.9306 1.02171 70
8.79218 -9.87228 70
40.5015 -20.1631 70
-0.676889 -9.68662 70
-9.80142 0.881146 70
49.9969 -51.1719 70
11.0064 0.485639 70
0.366101 0.812587 70
0.574806 0.898291 70
20.6885 20.7215 70
0.673414 0.114637 70
-9.70022 -19.5353 70
-9.56836 -10.6193 70
-0.108401 -0.236788 70
0.374728 -1.06834 70
20.6887 10.3057 70
0.546695 1.21273 70
-11.0169 10.5872 70
0.127738 -0.966663 70
1.39329 -1.19968 70
20.1704 19.8521 70
0.225169 29.889 70
0.479205 -1.43745 70
-0.04547 1.13329 70
-31.1983 30.9758 70
-0.142301 -8.93764 70
29.5408 18.5399 70
9.86911 -9.42798 70
-9.00284 20.9637 70
-10.1911 1.00852 70
-1.1175 -0.644372 70
-9.70274 -0.25354 70
-9.16586 0.0360999 70
0.576226 -9.47678 70
-0.645255 1.41717 70
-49.5833 -40.4223 70
-8.52273 9.1851 70
29.1302 -10.575 70
-9.41823 -0.423423 70
-8.91953 -9.13411 70
-9.12451 -8.67622 70
19.8792 41.1311 70
1.28116 -0.686695 70
10.7652 1.00327 70
-1.03111 -0.282058 70
-9.28691 -0.188487 70
-20.651 -19.0317 70
-49.1941 30.551 70
-0.964838 1.33653 70
-29.5728 19.0481 70
100.644 8.77752 70
-11.3839 0.690611 70
-1.38519 -0.171076 70
10.1041 -9.31715 70
-40.4367 1.2074 70
18.9706 -31.1253 70
-18.9246 10.7049 70
1.1417 0.573496 70
1.2894 -8.98155 70
0.862755 -10.0804 70
8.65154 -0.684681 70
8.89364 9.09744 70
-9.55721 -0.27298 70
21.1931 19.0931 70
-0.200708 0.409419 70
0.333713 11.2076 70
-9.56231 -20.2928 70
9.61604 0.944525 70
-21.3395 11.1448 70
21.223 -18.8259 70
0.730629 -0.017993 70
-10.2267 -0.0111441 70
-8.96895 1.12273 70
-1.01688 1.17703 70
-0.212982 -19.6639 70
-9.78312 -1.1662 70
-10.6835 1.01287 70
-1.44364 -8.64687 70
0.88328 -1.30274 70
0.612746 0.832317 70
-9.31074 -0.479888 70
-9.06094 10.5303 70
-0.627904 0.472946 70
50.8372 -80.2908 70
-19.3974 -120.046 70
1.11604 0.130401 70
-8.83624 -9.56279 70
-29.7169 20.0649 70
-11.3207 0.127229 70
-0.0741219 -0.246742 70
-0.198656 -0.926607 70
10.7508 0.239565 70
-0.883093 -0.52994 70
-9.62915 -0.0715936 70
-8.61789 -1.45122 70
1.19226 -9.38349 70
-0.21277 1.40163 70
-0.802906 1.183 70
-0.698897 0.338282 70
-10.8155 0.98837 70
-10.7706 0.315466 70
-0.150833 1.2245 70
0.480743 10.4767 70
1.36332 0.347788 70
1.19006 -19.6129 70
-9.49769 -0.530344 70
0.617892 8.62989 70
0.0340918 9.4129 70
11.1045 -9.13402 70
10.788 31.4004 70
-9.38643 -9.11813 70
-11.4262 1.45123 70
0.809035 -0.00463119 70
10.551 -9.39659 70
-18.8637 19.3591 70
-39.9065 58.5595 70
-1.21566 0.683912 70
0.680199 -0.534509 70
-0.374047 0.636949 70
-1.49429 -0.788598 70
-11.1333 0.346408 70
0.881978 0.685558 70
-10.9378 -21.3779 70
10.9204 -10.3825 70
-19.5956 -0.298891 70
-0.794255 0.312452 70
-1.19339 -0.880418 70
0.197379 8.88333 70
19.9746 11.0405 70
1.31034 -21.073 70
0.856902 0.822547 70
0.386239 -0.138164 70
-0.561729 1.28685 70
0.728734 11.1408 70
-10.8204 -9.26481 70
-11.4614 -8.91316 70
-9.18411 -31.0534 70
-11.3865 -0.842479 70
-1.43751 -1.02067 70
-9.13747 1.11624 70
10.4693 -0.681485 70
0.400944 -10.2066 70
0.757701 -9.3375 70
11.3375 -9.99653 70
-0.490872 0.98971 70
-1.39703 -49.2268 70
-8.64926 -9.85494 70
-10.1253 -0.408807 70
-38.5022 -20.4693 70
-9.06996 -10.3307 70
-9.09409 -0.957726 70
-8.75128 1.36392 70
9.14813 -9.61378 70
-0.595008 -10.0719 70
0.73517 10.8394 70
-29.5154 1.36538 70
-8.72731 -1.15627 70
-0.0453609 9.07432 70
0.859125 10.4811 70
-11.4045 -10.8349 70
8.67794 -10.88 70
-1.03482 -1.23915 70
-9.99706 21.3719 70
18.5556 -19.4982 70
1.0177 -0.0367163 70
0.235275 0.964944 70
-0.256543 0.916706 70
9.15699 -59.6241 70
9.36926 -59.2989 70
-0.83424 0.645169 70
-9.70307 -1.10133 70
-8.61647 30.425 70
0.916556 -9.01257 70
0.994595 -9.00216 70
0.891283 0.262018 70
0.747039 1.10585 70
-11.4797 -0.42955 70
-10.2666 1.2108 70
1.27987 0.937607 70
11.4141 11.2669 70
-20.4569 8.71695 70
0.198595 -10.1034 70
-29.9949 -1.48963 70
-39.7988 -30.1574 70
10.4323 21.3693 70
-8.7474 -1.1926 70
-0.699097 31.4901 70
-10.2565 1.21321 70
-20.4985 -19.7579 70
-9.72253 0.0152332 70
0.91975 -8.8396 70
0.948958 0.945757 70
-39.9772 18.7455 70
-10.5052 -0.616999 70
10.1881 -9.40522 70
0.496434 9.66469 70
10.0484 11.0967 70
20.6331 -31.439 70
-21.4736 -30.2985 70
-20.6049 -30.5258 70
1.04228 0.126021 70
-1.20253 10.1737 70
-0.941579 -11.2521 70
-0.138383 1.28286 70
-1.21279 -9.02529 70
-0.856657 19.2915 70
11.1569 -38.5156 70
-41.0139 -29.2798 70
1.09108 0.981569 70
-0.421935 0.460351 70
-10.8876 -0.511236 70
-10.2052 1.01838 70
0.979167 -0.209706 70
-9.0039 0.44357 70
-10.331 -10.0691 70
-0.379051 0.356746 70
0.78634 0.644525 70
1.18942 19.8364 70
-0.204244 -0.426938 70
-19.318 -31.0029 70
-0.67517 -0.987533 70
1.12833 -0.099749 70
-0.564659 -9.80048 70
0.801277 0.442472 70
-9.69963 -1.15838 70
-11.1173 8.88766 70
0.881756 0.482329 70
-10.0923 1.1108 70
9.18072 1.15695 70
10.3619 0.338539 70
-0.114581 1.04654 70
0.714983 -9.22701 70
9.66806 -18.567 70
-0.251182 -0.356506 70
-9.66012 1.09017 70
-0.291631 -0.318451 70
-59.2154 60.7953 70
-0.26205 1.31597 70
0.391134 0.762542 70
-0.0987837 -10.9657 70
-9.98162 -0.223184 70
-30.8331 20.2528 70
0.779224 -11.0521 70
-21.0653 10.4067 70
20.7714 -0.893017 70
18.9831 -0.307331 70
-10.5474 -0.897938 70
-9.48613 0.255842 70
0.829783 20.8746 70
-10.4096 -8.51197 70
-10.5051 31.3935 70
0.632591 9.73802 70
1.06515 11.4747 70
1.42207 11.06 70
-9.83588 1.40424 70
1.13565 9.39084 70
-1.2293 -10.2861 70
1.1131 -0.910854 70
-1.37378 -0.475648 70
-11.1657 9.28898 70
-9.03449 8.67198 70
-1.38626 0.187326 70
-9.442 0.0801522 70
-19.4197 -18.7701 70
0.773222 0.5297 70
-0.0224307 -11.4724 70
1.21005 -1.4254 70
-1.15956 -21.4119 70
1.05604 0.723778 70
-10.3975 -0.520762 70
1.27988 -9.90004 70
-19.7261 21.2673 70
11.0368 -40.9782 70
9.09966 -58.7688 70
-9.1394 -10.9517 70
11.3837 -10.5572 70
8.90781 -10.7086 70
-0.582993 -8.9025 70
9.08063 -0.913744 70
-9.14068 -21.3611 70
-10.0119 -19.6011 70
-0.114694 -1.04103 70
0.0341767 -0.853914 70
1.31637 0.730948 70
-1.49644 10.9489 70
9.13251 -8.96785 70
19.7053 -19.2699 70
8.73065 59.9101 70
1.21299 -1.14729 70
-10.3797 41.4103 70
8.95271 -1.09199 70
-0.462711 8.739 70
0.283873 9.22502 70
0.865452 0.383013 70
-9.11825 -19.7942 70
-9.66314 9.63397 70
-1.4909 8.83794 70
29.1096 11.2262 70
0.455947 -0.378538 70
-8.65117 79.7686 70
-0.219537 1.21107 70
-0.562388 -0.303237 70
-21.2687 -1.26842 70
0.92411 1.20592 70
-29.3581 -8.74512 70
-11.0019 0.771653 70
49.0358 -0.434573 70
0.621939 -10.263 70
0.0563679 -1.03637 70
-39.7879 -11.2096 70
-40.2377 -11.4024 70
-9.9997 0.356925 70
0.550908 1.11746 70
-11.4805 -21.4597 70
-9.23807 -0.691976 70
-8.73206 0.270421 70
-110.466 -1.38261 70
-29.0554 119.085 70
10.7454 0.87484 70
-1.0285 -0.358049 70
-1.08633 -0.85464 70
-1.33701 10.4391 70
0.204906 -1.20206 70
-0.387801 -1.33526 70
9.13457 0.126114 70
8.85408 9.05252 70
18.6194 -31.3567 70
-11.2008 0.42341 70
0.131369 -0.136005 70
-9.47794 -20.9654 70
19.0538 50.061 70
-0.674135 -18.7668 70
-10.0823 -0.591213 70
-9.17822 0.802109 70
-1.22156 -1.25615 70
-10.5442 0.904925 70
-10.7935 0.751287 70
-0.0720103 0.560422 70
-30.5769 -1.21885 70
-9.48038 -0.0416744 70
21.2715 -19.3337 70
-8.51038 10.3057 70
-0.587926 -1.1946 70
-0.360065 11.0921 70
-19.3622 -9.37986 70
-30.4943 11.4745 70
-1.17515 1.13915 70
0.339275 1.05555 70
10.5973 -0.957637 70
-20.099 -28.9711 70
30.0523 -0.696627 70
0.593872 -1.15149 70
-1.47178 8.68632 70
1.42206 -0.337095 70
1.12771 0.572635 70
0.551971 11.1363 70
-29.5786 -29.8004 70
-39.2518 59.5654 70
-9.04484 -21.204 70
-9.73912 10.0827 70
1.06179 -9.86074 70
-19.1928 -20.068 70
38.7653 31.2098 70
0.212681 61.1962 70
-19.1887 -8.51973 70
-1.27081 1.01433 70
0.466285 1.09578 70
0.494206 1.3906 70
-19.2694 0.132851 70
-20.2944 -0.0441384 70
-10.4441 -30.2856 70
11.3073 -9.3971 70
-0.402902 -0.82742 70
29.2019 -11.4386 70
-9.41344 10.1089 70
48.9244 8.93082 70
49.6503 9.93309 70
-9.1045 -0.606453 70
-11.0185 1.47386 70
-9.1548 -20.8603 70
-1.29977 0.0552274 70
0.00201809 0.296332 70
0.190485 1.27503 70
-10.3485 18.9461 70
-40.0813 -9.69813 70
-0.224374 0.859554 70
-9.76349 -8.96386 70
-10.7542 8.72587 70
0.675112 20.6285 70
8.9142 -18.6257 70
-11.3384 0.866679 70
-10.4134 -0.546035 70
-10.4793 -9.00188 70
21.1704 -0.287582 70
-0.207679 1.16692 70
-21.2458 0.534274 70
0.233182 8.62557 70
0.166431 0.0584476 70
20.1818 -49.3245 70
0.543334 -0.982182 70
10.2263 31.3891 70
-0.52405 0.787519 70
-10.5819 -10.113 70
-0.778884 9.46489 70
29.566 -10.5624 70
-0.363472 -0.66667 70
-9.82413 1.06904 70
0.663097 -0.994842 70
-10.3009 80.0875 70
-1.46583 -8.84384 70
-10.0378 -0.621184 70
-0.857777 -0.429676 70
-1.28849 -10.1528 70
-0.773417 8.75932 70
0.782416 1.03959 70
1.11595 -0.385902 70
1.00322 0.154126 70
-0.680393 0.514649 70
1.31676 -1.48966 70
-11.4064 -10.5332 70
1.1806 -19.2564 70
-0.332525 -1.30801 70
0.396008 -1.40618 70
-0.59861 -0.178055 70
41.2625 -51.4749 70
39.3231 -49.3014 70
29.7866 -9.32361 70
-70.0322 38.5361 70
-0.111934 0.940224 70
-9.08214 8.66941 70
-9.46695 -0.136816 70
-10.7606 20.6784 70
-10.72 -9.79555 70
1.49236 8.94001 70
-10.3048 -0.728276 70
-9.87184 1.05933 70
1.10902 -10.8317 70
0.702575 0.398182 70
-10.6367 -11.0088 70
-9.95551 -20.3558 70
30.6949 8.50192 70
-10.4648 0.310962 70
-9.15043 -29.4575 70
10.9288 -18.8658 70
-18.9466 9.23018 70
0.703619 0.532504 70
-0.472138 -1.42415 70
-0.701242 -0.111614 70
-9.70752 1.22776 70
-0.973624 0.805165 70
-1.14657 0.984808 70
1.31908 -39.9531 70
-0.529001 -38.6496 70
0.130137 -1.15716 70
-11.1961 -9.75601 70
-9.83028 11.1827 70
-1.46053 -19.8983 70
-1.07998 -29.3792 70
-9.46572 0.798542 70
-11.4418 -0.915633 70
-8.59063 0.833291 70
-8.55763 -0.344082 70
-10.3131 1.459 70
-9.51364 0.320204 70
-10.46 -10.6596 70
-50.0481 -29.8326 70
0.77927 0.473754 70
-19.9767 -10.3294 70
-0.558431 -0.965851 70
1.35659 0.158769 70
-0.137131 0.78207 70
-1.46051 0.690153 70
-0.325317 -0.72565 70
-10.598 -0.695601 70
-0.588791 1.14163 70
1.28599 -9.37478 70
-0.941732 -0.70501 70
0.871052 1.42968 70
8.85765 1.22971 70
-0.431571 -0.285257 70
9.72121 20.0224 70
-8.70011 1.14439 70
0.652804 -1.30848 70
-0.740908 40.9084 70
10.0331 -10.0512 70
-50.6467 -18.5491 70
11.3877 -20.6668 70
10.8259 9.49577 70
0.0436862 1.37499 70
-18.924 -9.21747 70
1.23887 -1.33521 70
0.752994 9.95979 70
-0.756234 9.26218 70
8.53753 1.17727 70
-0.245417 0.377089 70
20.1887 1.1847 70
10.2311 -1.17104 70
-10.7129 -10.8521 70
-0.0774128 0.620852 70
-10.2687 -0.553721 70
79.5388 31.4378 70
19.2347 -11.1314 70
-0.796215 1.33094 70
1.012 -0.0566598 70
10.4025 10.5351 70
0.891213 0.470827 70
-10.4339 9.01047 70
-11.2598 -0.848698 70
-1.12134 -1.01592 70
-8.98074 -1.1162 70
-29.6601 -0.100604 70
-0.365506 8.94173 70
1.03074 9.54267 70
-10.3118 9.24936 70
10.1596 1.44262 70
1.25349 -1.23442 70
-48.9286 -20.579 70
-0.231132 0.319063 70
0.392527 -0.0269236 70
0.412787 0.700046 70
-1.10185 -28.5657 70
-1.26654 -10.4221 70
-10.7722 -11.4147 70
-0.09755 1.30571 70
1.29335 -1.242 70
-0.0312857 -9.70693 70
-29.018 20.5639 70
-0.659438 9.62242 70
0.323648 -11.1247 70
1.266 -1.30227 70
-0.234115 8.80191 70
-10.949 -0.738534 70
40.5639 -50.8094 70
31.3645 -10.7087 70
-0.102059 1.16114 70
-9.69093 1.40997 70
-29.1601 -9.80449 70
-0.350869 -0.758025 70
0.0144106 -1.16535 70
9.07263 9.71787 70
-0.55382 -1.10943 70
-20.1341 -9.59018 70
-0.88093 -0.30226 70
9.86517 -10.2939 70
-31.1969 8.81345 70
1.39522 1.21814 70
0.154856 -0.333641 70
-9.77326 -1.37906 70
-9.29522 10.1223 70
-0.444355 10.8368 70
-18.9384 -39.3704 70
-11.497 -20.2263 70
11.3423 -0.424334 70
31.4878 -11.3745 70
8.81014 -29.0299 70
-10.549 10.7105 70
-0.56609 -0.858586 70
-10.0268 -69.9006 70
-8.99954 10.8264 70
-20.6256 39.8452 70
-1.30459 1.02317 70
-1.27439 29.6734 70
-10.5484 -9.97075 70
31.4654 -19.7648 70
0.999875 -0.543504 70
31.3583 -9.42028 70
-8.57475 -0.764663 70
-19.5156 1.13812 70
-9.64759 -8.57646 70
-10.1529 0.353823 70
-49.7432 -8.71856 70
0.209528 10.1858 70
-49.7691 -28.9366 70
-19.3556 8.72721 70
8.64373 -49.7946 70
-11.3922 1.07158 70
9.75304 -10.3278 70
-49.7204 -38.6504 70
-11.2394 -19.395 70
0.159052 0.240734 70
-0.713753 -0.685728 70
-20.2208 11.3386 70
0.0586529 -0.400592 70
-1.41909 0.233423 70
-0.987835 -10.1698 70
-0.576368 -10.968 70
11.2991 -0.501154 70
-1.06955 0.798895 70
-8.95914 -10.0248 70
0.687221 -1.44181 70
1.40288 -1.4633 70
-8.61755 1.44834 70
-0.490992 -19.2597 70
-0.185182 -11.4788 70
-9.89011 -0.155819 70
9.64589 10.6169 70
11.1432 -11.05 70
-11.1985 11.4313 70
-0.343181 10.9944 70
-1.39919 -0.943432 70
-9.35148 -0.729885 70
-10.3516 0.144661 70
0.770554 -0.898774 70
-0.36348 1.36019 70
0.437744 30.6635 70
-8.68732 9.18989 70
-1.175 1.11365 70
0.395607 1.45283 70
-10.3404 8.75937 70
-0.0578517 0.407129 70
28.8888 69.3271 70
0.696356 -0.515065 70
-1.48127 -1.2062 70
-10.6173 39.3057 70
-8.96453 -1.09693 70
0.320252 -30.9443 70
-11.1288 0.459992 70
10.5341 20.3234 70
9.63534 10.2754 70
-9.68738 -1.37636 70
-19.7698 -0.323902 70
-40.7213 -19.763 70
18.7187 -30.5019 70
0.135024 1.03768 70
-9.98612 -1.04846 70
-0.361087 -11.1653 70
1.12452 19.3848 70
-9.0514 0.670433 70
-0.141883 10.1334 70
0.543055 -1.12694 70
-1.07005 -1.36894 70
1.23422 -18.6753 70
0.70575 -9.54479 70
-1.01375 0.986959 70
-20.1431 -19.9169 70
-8.86732 -10.4187 70
-1.11193 -8.65979 70
-10.3888 9.42022 70
-29.3455 19.1964 70
0.999088 1.38853 70
-0.118372 8.51632 70
0.574785 10.2361 70
-11.0063 1.43009 70
-21.0345 1.03369 70
-0.525769 -1.34438 70
-40.1409 -29.6847 70
-39.3392 -29.0741 70
21.1032 69.2086 70
-9.65706 -10.5072 70
-11.0131 -9.59235 70
-0.798016 -10.2268 70
-11.1964 29.1827 70
-9.02316 11.3896 70
8.86731 -8.62751 70
8.73661 -18.7356 70
-10.0711 0.0987005 70
-9.94201 50.3379 70
-9.06246 49.0004 70
1.48255 1.27015 70
-10.3242 -9.7462 70
0.644281 -0.144813 70
-1.47489 -9.42972 70
19.2533 39.2118 70
30.8148 -31.4065 70
-10.5994 19.6378 70
-30.0053 11.0634 70
-30.263 -0.694141 70
-10.1482 -9.4001 70
-9.13039 -8.6311 70
-38.8586 28.6931 70
11.0451 8.61796 70
