21.1329 -60.0699 70
-1.16407 0.54963 70
-1.30133 18.539 70
-0.469414 -0.384169 70
-0.614844 -10.2594 70
10.2154 -0.915308 70
-9.35939 -0.179193 70
0.446876 -9.44644 70
-9.92315 -41.3811 70
1.46362 1.14891 70
0.430273 -11.3092 70
1.38672 0.512404 70
-0.807265 -0.795998 70
29.7922 -29.7144 70
-10.4183 10.4723 70
-39.6017 48.5584 70
-20.4297 -30.2422 70
30.1471 30.4171 70
0.791855 -0.428494 70
1.16974 -9.55321 70
1.42101 8.71888 70
9.78481 10.5468 70
-1.13286 1.08475 70
1.36369 -0.353612 70
18.8414 -30.9759 70
0.474979 0.372502 70
8.81114 9.50027 70
-0.683723 29.3741 70
-1.35831 1.26132 70
1.05129 9.68091 70
9.15749 1.36665 70
9.32557 0.690708 70
19.0619 -49.4904 70
0.273167 -0.815025 70
-0.0352389 1.19643 70
-0.69985 0.368042 70
0.305231 -9.53676 70
-11.4052 -1.47649 70
-0.446086 -0.722113 70
1.10319 -1.33023 70
8.59089 -1.3447 70
-1.33537 -0.0588111 70
1.25306 10.6742 70
0.101727 0.129587 70
9.60409 9.53431 70
10.5028 10.9361 70
-21.4302 9.53262 70
0.358631 0.0334457 70
1.28868 -0.415806 70
10.0161 -0.96161 70
-1.22058 -0.257861 70
-9.63796 -1.20609 70
-0.105862 0.975564 70
11.2075 -18.8805 70
10.6143 -20.903 70
9.05173 -11.0547 70
19.2938 0.847005 70
-0.970751 -9.06286 70
-9.31722 -10.279 70
-0.649149 21.3117 70
-9.52617 9.70521 70
10.8961 0.495359 70
0.90504 0.974579 70
-0.213224 -10.1367 70
-8.83453 0.537809 70
-10.8729 -0.085635 70
10.0288 9.02331 70
0.545237 0.822116 70
20.6602 0.564693 70
-0.665757 -20.9246 70
-1.08405 10.8418 70
-11.4307 -50.6752 70
0.347853 -9.97915 70
-10.4676 -9.20397 70
10.8947 20.8834 70
0.851573 19.3214 70
9.64356 10.9927 70
-0.114731 0.685148 70
-1.1098 -1.45469 70
1.31763 -0.319605 70
-0.817515 8.6252 70
-1.18901 9.11473 70
0.277512 -19.7371 70
-9.27411 9.79804 70
-10.2551 0.892927 70
19.0405 -11.2216 70
-0.667097 -0.583304 70
49.7166 49.0373 70
9.69465 -0.0172255 70
8.70506 -0.733275 70
0.200071 -0.400503 70
-10.9221 -0.561497 70
30.4677 -28.7639 70
0.414643 -0.442357 70
0.450123 0.598786 70
-1.19518 -0.494851 70
-0.603811 -1.41034 70
10.5827 -0.786936 70
-79.5527 -109.922 70
-79.5989 -109.526 70
28.5802 20.3582 70
1.23602 11.0838 70
11.1058 -1.12357 70
8.66072 -11.4382 70
9.77703 -10.7713 70
-0.877907 -11.4793 70
-11.2761 8.66035 70
-0.931282 -0.88196 70
-10.9069 -11.3621 70
-11.148 10.8076 70
-1.40019 0.909315 70
0.56424 0.685569 70
-28.6797 29.9217 70
1.12356 -0.519137 70
-29.4375 59.8087 70
110.206 -0.917188 70
0.431405 0.46737 70
-0.197495 -1.21034 70
0.82168 -1.04574 70
10.4341 39.3409 70
1.02351 8.69117 70
1.29138 -9.51308 70
-0.47107 -0.778065 70
-1.32053 -1.00175 70
-9.36666 10.1603 70
-0.713792 0.0870303 70
0.228156 9.68104 70
0.942401 0.693452 70
-59.7958 109.58 70
-10.4924 -40.4741 70
-1.25735 0.532447 70
-0.918608 -0.230203 70
-1.48682 0.0668509 70
1.44045 -9.63956 70
29.1131 -0.707944 70
29.2136 0.00648353 70
9.35745 -29.2516 70
9.50658 21.0096 70
-8.55272 -0.526838 70
-1.18338 18.8899 70
-29.1542 29.3757 70
-20.9792 10.0571 70
-0.428625 -11.1226 70
-0.109546 1.26621 70
8.53199 -10.9261 70
-9.44091 9.85981 70
-0.247472 -30.5918 70
0.511397 -28.627 70
-0.248951 1.42514 70
-1.16194 -1.21077 70
11.1544 0.179973 70
-9.26207 -40.4601 70
-0.588007 0.269915 70
11.166 0.140054 70
9.3979 -0.265793 70
11.1734 0.602802 70
1.30806 1.43522 70
-21.4139 0.600648 70
-0.00338964 0.797367 70
-1.23589 -0.224584 70
-1.02756 0.0431591 70
1.47599 -1.02897 70
1.19737 1.24677 70
-21.2991 0.548918 70
-0.543426 0.811568 70
-0.866913 1.484 70
10.2899 1.45064 70
0.275208 -11.1631 70
-8.72661 20.1537 70
-9.1796 20.5994 70
-0.905791 20.0293 70
0.80268 0.671476 70
0.0662763 11.2039 70
1.27667 0.437739 70
0.0487972 0.392307 70
0.970695 8.61588 70
-1.10121 0.00556692 70
1.12338 -0.928607 70
-41.0208 -9.89111 70
30.0401 -8.84676 70
-10.5259 0.661041 70
8.71991 8.90283 70
9.01693 31.4928 70
29.4755 19.0177 70
28.9629 18.5565 70
0.907941 0.80702 70
-10.0344 0.306742 70
11.1013 1.01605 70
1.34072 10.6528 70
0.746035 10.0933 70
1.32945 0.331161 70
10.8817 -0.617071 70
9.04651 9.33809 70
9.67309 1.26031 70
0.0820944 -0.598621 70
20.8862 9.69834 70
8.6689 -11.4116 70
11.4915 0.46044 70
9.61678 10.9683 70
-0.224642 -1.0891 70
-0.641278 1.37494 70
10.1593 -0.928129 70
-0.831817 20.8191 70
-0.786215 10.1046 70
-49.8584 -20.5462 70
0.10273 -0.76594 70
21.2702 -0.402519 70
-21.1563 -11.0206 70
-20.3082 20.6889 70
-0.783652 -0.93466 70
41.4479 -109.523 70
1.10536 -0.420117 70
21.1037 21.2989 70
-0.921003 -1.17379 70
-0.135347 -9.59151 70
10.0404 0.811574 70
0.57547 0.350558 70
100.638 -39.6619 70
1.1283 -9.53515 70
-0.137092 9.48632 70
19.1886 -0.171677 70
0.556112 -0.1833 70
-40.1515 79.6298 70
-1.3825 0.656586 70
-1.07102 -1.45719 70
19.9971 -9.26315 70
29.1489 -29.819 70
20.7115 -20.5053 70
-11.2182 11.223 70
-0.157163 1.37793 70
-0.933948 1.1952 70
9.52943 -0.88686 70
11.1489 19.9419 70
-10.6236 0.922059 70
0.632654 1.3166 70
49.5628 -39.7143 70
0.100257 0.0262601 70
10.3821 8.96705 70
-10.5011 1.24527 70
0.934117 9.67318 70
-1.00774 -11.3308 70
0.0948033 0.263527 70
0.176704 -0.728554 70
-0.341836 1.38429 70
39.9337 -8.88834 70
10.2123 11.0787 70
61.1597 20.5375 70
-0.51577 0.0927949 70
1.13073 10.7966 70
1.09084 -8.71333 70
-10.9684 -0.792033 70
11.3227 -19.5682 70
71.1373 38.6263 70
-1.13988 0.826181 70
0.148361 0.739935 70
10.089 -1.44233 70
9.88278 -0.533248 70
0.745226 0.226478 70
0.865657 1.22867 70
0.855319 -0.722262 70
-10.1698 -0.999312 70
-1.01637 11.4452 70
-0.0294394 11.1681 70
-0.554528 1.2891 70
8.68902 9.86082 70
-10.9162 -10.8745 70
-10.4321 8.64759 70
1.24948 -0.911523 70
20.9135 9.41522 70
10.8842 8.54486 70
9.70753 -1.48983 70
9.41678 -0.412223 70
8.6273 9.06133 70
10.2386 8.62603 70
0.895298 -8.9841 70
-8.9839 0.101914 70
-0.824145 1.23508 70
-19.0918 -19.647 70
1.44295 -20.2652 70
-0.912756 -1.247 70
-8.52706 -0.575844 70
10.6119 1.07024 70
-18.6759 -8.69976 70
0.419487 -1.48544 70
-10.2485 -9.51958 70
11.3726 21.2251 70
-20.3862 1.20426 70
-19.5732 29.4545 70
0.854545 10.415 70
9.14794 10.6203 70
1.35183 -9.69631 70
0.295207 11.4051 70
10.5101 -29.0352 70
11.1379 -0.0124368 70
1.30556 -9.90763 70
1.49723 -0.542522 70
10.8071 1.3721 70
-9.87386 -8.87829 70
-0.825262 -19.6495 70
1.12084 0.302458 70
9.8841 8.83613 70
-0.0986421 9.89863 70
31.2475 0.161072 70
-8.57306 1.0635 70
10.5243 19.8706 70
-0.318775 1.19535 70
-21.2329 -0.691592 70
1.46173 -0.713027 70
1.44148 1.46786 70
-0.167953 11.2011 70
-9.89461 8.84243 70
0.33574 -0.0664518 70
9.55966 -9.99062 70
9.65674 -1.11463 70
-0.173427 1.29349 70
-8.5723 -0.825823 70
1.2811 0.710107 70
-1.1543 -0.623786 70
10.7386 10.9735 70
-0.857472 -1.3736 70
0.553288 9.01715 70
9.80785 9.75776 70
-19.3974 -19.1876 70
1.45069 -0.254168 70
39.5521 -1.24993 70
-0.970238 11.3013 70
-0.662678 1.03569 70
-30.6245 9.5798 70
0.571319 8.74322 70
-9.10814 -0.271704 70
0.808183 -1.10066 70
-1.21559 0.90395 70
-1.39657 -1.17186 70
10.8226 -1.40464 70
-10.1741 -9.12583 70
-19.8428 -0.322063 70
-20.6537 29.4141 70
1.48893 0.841772 70
-0.213208 0.631136 70
10.1539 -11.2081 70
1.25375 -0.301047 70
-9.89987 0.999704 70
-30.7899 0.345052 70
0.056576 0.0339694 70
8.85878 10.4978 70
-8.63831 9.89858 70
9.60225 39.2707 70
11.496 40.9359 70
-11.4877 -0.78351 70
-0.772122 9.01342 70
-49.4796 -1.42782 70
-1.43335 -1.36979 70
8.67099 18.9874 70
1.34948 -0.956114 70
11.484 9.63279 70
-9.92591 8.87799 70
20.8524 -0.907298 70
-18.8648 -30.2563 70
20.0394 9.82836 70
-9.74077 -0.509794 70
0.414186 10.7853 70
0.428872 0.771315 70
0.875878 1.18878 70
8.78639 -18.5319 70
-10.013 -1.15058 70
-8.96702 0.389531 70
11.0388 -10.8557 70
-30.8797 10.9949 70
8.57864 0.386474 70
11.2794 0.046656 70
-10.4446 40.7816 70
9.02816 -11.3746 70
10.754 19.1739 70
18.5047 0.567457 70
1.28297 -0.309606 70
-9.26118 -10.2364 70
0.980265 9.93597 70
1.479 11.2734 70
-40.8387 -8.99968 70
-10.654 11.2453 70
-0.886474 0.169308 70
1.01722 -0.210744 70
38.5854 9.84998 70
19.7416 -10.9177 70
20.0621 -11.1788 70
31.111 10.8824 70
1.07605 1.17111 70
0.33864 0.840888 70
29.2131 -18.6047 70
11.3723 -0.350887 70
-0.367504 10.4477 70
30.6695 -9.31595 70
18.693 11.2996 70
-39.49 1.33451 70
-0.86314 0.609147 70
-39.7867 -21.4961 70
10.4863 69.6429 70
1.05351 -9.55434 70
21.4463 -0.82104 70
-29.0378 -40.6057 70
-10.147 8.50093 70
-10.125 11.1007 70
19.7443 -8.64399 70
-59.3343 29.3721 70
0.00667767 -0.670664 70
-10.575 10.0455 70
-1.32521 -0.876748 70
9.58085 31.0814 70
-0.536441 1.00977 70
-0.719205 -1.17511 70
-1.22257 -0.308253 70
8.82542 1.00329 70
9.83542 0.173614 70
19.5684 -39.2215 70
0.924395 1.29163 70
-0.355627 0.196309 70
-0.347585 -1.06851 70
0.523824 -0.798468 70
0.832294 0.517978 70
10.1157 10.6325 70
0.733365 1.38981 70
-21.2139 9.92828 70
-0.796017 -0.933272 70
9.05185 -9.80929 70
-71.4612 49.0979 70
-1.23182 -1.17391 70
1.40917 -0.641696 70
0.0892124 10.2231 70
0.224441 -10.7194 70
-0.948588 1.23164 70
19.5133 -0.182126 70
-1.0308 -0.571977 70
-50.5238 49.2064 70
20.8995 -0.306707 70
-9.25161 20.5625 70
1.23686 0.753404 70
-1.32802 10.8734 70
1.04722 11.3818 70
-0.102135 9.73018 70
0.847032 -9.85018 70
-1.41882 -0.30897 70
9.5063 -10.9268 70
98.6721 88.8167 70
1.20575 -1.06404 70
0.425768 0.214926 70
1.01478 0.0175696 70
0.272348 9.01745 70
-0.00491851 -11.3457 70
11.4529 8.51906 70
-1.31307 18.9519 70
-1.21263 -0.541053 70
-9.74247 -19.4922 70
-9.88446 10.312 70
21.3158 0.405534 70
10.1077 0.0488135 70
-0.868433 -0.606329 70
-68.5094 -11.0789 70
-0.774632 0.968559 70
19.651 31.4231 70
-0.989768 -0.293367 70
-1.42407 9.87097 70
-19.6118 10.9931 70
20.2326 -10.0172 70
18.6535 0.966092 70
-1.36647 -10.095 70
9.05425 9.88414 70
-0.957942 -1.17954 70
-9.49133 -0.656107 70
-11.1597 -1.03209 70
-10.5765 1.26039 70
-0.695109 0.649671 70
10.7674 9.1095 70
-18.7642 10.6742 70
10.6309 10.4623 70
8.81911 -0.480986 70
0.638995 10.0793 70
71.0647 59.1729 70
-1.39068 0.852442 70
10.1802 -29.0679 70
0.990973 0.386226 70
-0.797143 -0.333401 70
0.968375 -10.2149 70
8.75008 9.98571 70
1.25092 0.630504 70
-0.837376 -1.07124 70
9.47664 10.2392 70
-21.188 11.1388 70
18.7321 -21.111 70
0.762912 -1.00604 70
1.32829 -8.98915 70
-0.473527 -10.2919 70
0.99449 -10.0691 70
-9.60273 29.7246 70
0.665391 10.3643 70
-9.19299 -9.72318 70
-0.786089 1.13375 70
-0.453674 1.04535 70
9.42902 10.6871 70
1.09941 -0.776153 70
0.872232 -1.04962 70
9.21453 9.63018 70
0.0929878 1.4634 70
-1.46604 9.92301 70
-1.46172 -1.02542 70
-0.0698496 -0.585622 70
-1.11563 0.0999403 70
20.5914 -10.3157 70
1.46673 0.399192 70
-11.2694 -1.24019 70
-1.02524 10.1359 70
20.8232 1.04186 70
0.504609 1.30738 70
-40.5828 -19.6276 70
-38.5953 -19.458 70
-0.616293 0.892595 70
-1.12332 20.2205 70
-9.36806 11.3398 70
0.738129 -10.8099 70
10.0427 28.9994 70
9.0597 0.438611 70
-0.84201 -31.4836 70
0.0352203 -9.41069 70
-1.13334 -1.08344 70
-9.63577 19.8691 70
9.98092 -11.4242 70
29.5972 18.5165 70
-29.2628 38.7976 70
1.23475 10.7736 70
-10.1375 10.0688 70
-10.5887 9.72442 70
10.9378 1.28636 70
-1.31693 0.446141 70
10.2302 0.529238 70
-19.4431 -41.4101 70
-39.3673 119.683 70
1.38022 -1.32171 70
-0.776547 1.43596 70
-0.869045 -0.982875 70
-10.9795 -1.41933 70
-9.39066 10.9651 70
0.678033 0.668381 70
0.30389 20.7286 70
8.98133 0.179635 70
-50.9725 -0.281043 70
-10.8018 31.132 70
60.9048 -9.08524 70
-0.760681 -1.23837 70
-0.156012 -1.11221 70
1.35509 -0.882822 70
18.8968 21.0673 70
0.336557 0.894399 70
-29.6742 20.0116 70
0.599326 0.417051 70
-0.211764 -11.2704 70
9.27152 0.683776 70
-9.59506 9.26011 70
9.82455 9.95651 70
-8.79752 -10.4875 70
19.1245 19.8721 70
18.5368 0.59589 70
1.22607 1.11405 70
-0.182513 -9.63782 70
-0.222967 -9.04908 70
0.90499 -0.964383 70
-0.74406 -0.307621 70
10.0945 0.206485 70
-0.434856 -1.05254 70
-0.248025 0.116882 70
10.4761 19.2896 70
-9.50948 19.3816 70
-0.0156062 -9.81708 70
1.39878 29.0275 70
0.216697 1.27099 70
1.37935 0.566502 70
30.9636 30.1247 70
0.495675 -1.38531 70
0.677313 -8.55965 70
-1.32835 -0.820871 70
-20.5136 31.0684 70
0.123382 1.22937 70
-11.4183 0.834032 70
-0.467829 0.902907 70
0.206061 -11.2483 70
1.03183 -9.28672 70
-0.47631 0.472481 70
-0.0828625 9.94832 70
10.4085 -0.70949 70
50.4813 8.79896 70
19.8622 10.1914 70
-9.86639 21.3006 70
0.467564 -1.49282 70
98.6623 60.7187 70
-0.601082 -0.0018212 70
-0.208868 1.38705 70
0.386432 1.39163 70
9.78212 9.09528 70
-1.46941 -0.835846 70
9.66036 0.723473 70
-1.10536 8.99889 70
8.69287 -0.422818 70
8.99999 19.2194 70
-9.88872 -9.66757 70
-80.1103 10.8801 70
10.8471 -31.4181 70
0.773703 -9.98778 70
1.27979 -1.38097 70
41.0348 -60.7826 70
-1.40568 0.869341 70
0.627365 -0.84687 70
-9.00356 -1.32558 70
9.75352 10.111 70
8.61086 8.69375 70
9.16567 11.2585 70
8.76457 0.219897 70
-9.07978 0.753442 70
21.072 -19.4762 70
-1.47616 0.0681041 70
0.374868 0.880184 70
9.26061 9.54428 70
9.69422 -60.8219 70
8.56731 11.4021 70
-19.7024 40.8987 70
-10.9957 38.6049 70
-10.4296 0.563973 70
-0.870861 -11.4782 70
18.9154 8.68675 70
10.9444 30.0914 70
-9.67011 11.4949 70
-1.36572 1.3212 70
-9.06491 0.566255 70
-0.354023 -31.0462 70
-0.543426 -30.9289 70
-1.22406 0.014903 70
9.91461 -9.48499 70
11.3213 8.96441 70
8.60832 -0.039011 70
-1.31046 -0.53037 70
0.44773 0.96829 70
0.132851 -0.00441901 70
-0.347981 0.938554 70
-0.750363 9.91983 70
20.9872 0.268291 70
20.7668 1.23538 70
40.7186 21.0122 70
9.05649 10.5663 70
-10.5694 10.8799 70
-0.652453 11.4814 70
1.03539 9.83985 70
-1.42985 0.871964 70
9.88571 9.32627 70
0.304486 -1.48156 70
-8.95499 -9.3751 70
-0.439249 0.553758 70
1.43052 -1.16019 70
-1.27642 -0.103182 70
8.55893 -1.34747 70
10.0508 39.5913 70
-0.383182 0.216852 70
-10.7078 -0.239017 70
9.59562 -9.16022 70
0.458197 -0.711037 70
-1.14981 0.657709 70
-0.96209 1.07713 70
-0.49054 -0.766371 70
38.892 -30.4058 70
8.77143 0.367496 70
-11.2302 1.0123 70
-0.712306 1.3176 70
9.82615 -0.896333 70
1.12292 0.689966 70
0.732837 -0.558526 70
1.13668 0.708363 70
29.7628 -41.2599 70
-1.33726 -20.4683 70
1.01989 0.0171202 70
-1.18586 -10.6765 70
-1.24144 -0.94412 70
-1.28604 -0.625317 70
9.68251 -1.34158 70
0.619489 -1.13554 70
-10.6987 1.38662 70
-0.217424 0.794316 70
20.2058 11.2577 70
1.32211 0.290607 70
0.53421 -0.526896 70
-0.533142 8.82004 70
10.3848 -38.8453 70
-11.2701 -10.2022 70
48.6968 50.1473 70
-0.0507625 9.63865 70
0.236059 10.4488 70
1.47159 -10.0006 70
19.5033 -0.354529 70
19.0579 1.10843 70
-9.11493 -9.26536 70
-0.203026 1.18235 70
1.04477 -0.607981 70
19.0639 21.1016 70
10.6911 0.490264 70
10.4683 -20.5436 70
-0.710086 20.8712 70
-19.6883 11.3116 70
-20.6005 9.83668 70
-0.663918 0.836117 70
1.44655 -0.0944096 70
-8.89312 21.0201 70
0.521142 18.8407 70
0.138701 8.62569 70
9.18103 10.7421 70
-10.2077 10.5747 70
21.3096 -0.6386 70
0.103606 -0.182548 70
9.57977 0.0867618 70
-0.506324 1.14252 70
1.41862 0.0596656 70
1.29519 1.33603 70
0.160689 -1.23277 70
-0.52915 0.418243 70
19.4105 -1.35145 70
-0.807657 9.21303 70
-0.955721 -0.9889 70
0.971766 10.3775 70
0.900556 -0.0311353 70
51.0572 -0.206142 70
-19.6813 -8.74659 70
1.49937 -0.22121 70
0.194154 9.38482 70
1.12817 10.6021 70
-10.8438 0.652689 70
1.22717 1.34538 70
0.869365 0.42802 70
-0.855378 -0.642626 70
-1.39113 1.23809 70
1.33171 -0.0957441 70
-1.07798 0.554591 70
-0.268763 0.342902 70
0.563703 -10.2744 70
-41.0621 50.6241 70
-50.1651 10.5578 70
1.05532 0.571054 70
70.8516 9.09702 70
1.16214 -1.2236 70
-11.0207 -0.279039 70
10.8314 51.1588 70
1.45041 0.074909 70
9.46871 10.8416 70
-30.6784 -9.05493 70
1.18004 -20.8222 70
30.3515 9.27462 70
-0.129093 -0.359408 70
1.4702 20.9349 70
-9.49 -50.8595 70
-1.28812 9.58662 70
19.7285 -10.6842 70
-10.6438 1.02713 70
20.7095 20.9871 70
-1.48488 -1.29063 70
0.894036 0.589261 70
29.8558 -21.2549 70
0.470424 1.08039 70
0.937325 8.59389 70
20.541 9.57755 70
-11.0881 -1.26826 70
0.239778 -0.729499 70
-39.666 19.852 70
-11.4061 20.1062 70
61.1301 31.1353 70
0.413412 -40.586 70
0.413422 11.4317 70
-1.29248 -9.30947 70
29.8238 8.67613 70
31.4396 9.81246 70
-1.26514 -1.2869 70
0.327209 0.847936 70
-0.214031 -1.25393 70
8.80548 -10.7864 70
20.0394 0.86544 70
-10.8305 -0.964919 70
9.41865 10.6755 70
-9.05957 28.7645 70
-1.32852 1.21625 70
8.59743 -0.307635 70
1.08538 -11.3613 70
10.1026 -0.991325 70
10.4825 -0.522775 70
-0.828631 0.7607 70
-11.2489 20.1573 70
9.24171 20.8005 70
1.38069 -0.143889 70
0.275743 1.33173 70
0.165473 11.4049 70
-8.64528 1.37025 70
1.11666 -0.114845 70
-0.979507 -0.564065 70
-0.0128679 -1.49237 70
18.9463 -0.388697 70
-0.787298 0.828406 70
-0.681342 -0.401088 70
1.05492 0.0184704 70
-0.419892 0.114437 70
-0.319762 1.30988 70
1.25602 0.921497 70
41.1759 -10.4411 70
-11.295 0.147305 70
0.0150707 0.180087 70
0.262054 -0.996523 70
0.0350788 0.84184 70
-8.94716 10.8156 70
