-19.9838 -0.382505 70
1.13479 0.836767 70
9.22194 0.332359 70
0.546428 -0.87834 70
-1.0003 -0.65341 70
51.4682 -40.8023 70
-10.7749 21.2325 70
-11.1558 0.1654 70
0.854191 11.1939 70
8.65107 -1.49848 70
0.851938 20.3823 70
21.3623 11.1302 70
-0.723541 9.95727 70
-0.0651967 -1.27484 70
-11.3428 -1.13088 70
-1.48477 -21.0855 70
0.328558 -11.2782 70
0.801163 -8.58281 70
-9.21225 8.77682 70
-10.6966 -1.24495 70
0.472844 -1.31828 70
-0.596539 -0.412238 70
0.562112 1.15441 70
-1.04886 0.872589 70
-0.269715 0.366727 70
30.5082 -51.41 70
1.18145 0.170847 70
-1.23001 0.828684 70
11.4528 -10.0948 70
30.1562 10.5144 70
-0.756538 -1.21935 70
1.43607 -1.20358 70
-11.0771 8.83512 70
-31.0695 -8.65022 70
-8.72955 -0.762378 70
1.0156 0.992078 70
21.086 -71.2826 70
-1.45119 -9.55383 70
-8.91313 -18.515 70
-1.38534 -1.31784 70
1.24151 -0.841234 70
-0.670926 -1.42097 70
-0.34729 9.09166 70
-0.522841 9.22128 70
0.406048 10.7328 70
10.8475 -9.29526 70
-8.76879 -0.563135 70
0.676613 11.4998 70
-8.77417 -0.921402 70
-8.9202 -0.648033 70
0.641859 0.191128 70
1.44586 -10.8643 70
-0.926084 -0.265891 70
28.8639 0.813927 70
11.3801 10.7452 70
9.66563 10.8425 70
10.696 10.1224 70
0.742443 -38.6751 70
-0.338761 -1.29143 70
8.51378 -10.9521 70
-10.3578 -0.646707 70
-9.12226 0.152809 70
0.838499 20.8227 70
1.07744 -1.11458 70
38.5619 38.8519 70
-1.1387 0.805497 70
9.54046 -9.87275 70
20.1103 19.4147 70
10.6614 -70.0586 70
9.72301 30.52 70
-0.791914 9.08279 70
-9.81192 9.51105 70
-1.2903 0.769312 70
-19.3347 39.8052 70
1.30759 10.9906 70
-0.832126 -0.508679 70
9.20672 -11.1423 70
9.56006 -9.34005 70
19.3788 10.5498 70
0.401168 -0.335652 70
0.0899844 9.45923 70
-59.5703 -30.7735 70
-59.1292 -28.934 70
-1.49747 1.29784 70
1.03783 10.4437 70
-11.0402 -1.38359 70
0.745359 0.867607 70
11.1167 -0.500126 70
1.16629 9.09802 70
-11.2243 31.2387 70
-0.686814 0.664333 70
0.127064 1.1704 70
0.302595 0.716205 70
8.50518 8.57111 70
10.2328 -0.639502 70
-0.706196 10.5054 70
-0.454039 0.0549591 70
0.86343 -30.0186 70
-11.2514 18.673 70
-20.3034 -20.9941 70
-1.37782 0.902634 70
-20.444 -9.98478 70
10.7443 10.6881 70
0.0445319 -21.3838 70
-100.675 -19.7844 70
1.35666 -0.160047 70
-1.11437 -10.3272 70
-1.48244 -0.154697 70
28.9139 -0.422151 70
1.13014 -1.25084 70
1.1356 -10.2584 70
-0.901022 -0.831742 70
0.54162 1.47326 70
-9.20304 10.8838 70
0.366645 -0.469483 70
-78.7735 -40.9288 70
10.2412 20.2618 70
0.525561 -10.8724 70
8.51908 0.643069 70
0.651417 -0.561264 70
10.254 8.66126 70
0.0324989 -0.107448 70
-0.00993539 -0.867456 70
-9.82082 0.909544 70
-0.796998 -1.05595 70
-10.6316 10.7455 70
-0.343702 1.47361 70
-19.2441 0.281305 70
0.0702017 0.474141 70
-10.7127 -1.02378 70
-19.2327 10.4842 70
-18.6114 10.1803 70
-0.619588 0.0019808 70
-0.407006 1.48714 70
-1.28916 -20.2124 70
-0.729094 -0.745889 70
-0.380646 0.189016 70
-10.4945 0.796303 70
-1.04825 1.04879 70
-20.8767 -0.143443 70
-0.676583 1.001 70
40.1131 -0.377414 70
-11.2456 -1.48493 70
-9.20532 1.12515 70
0.612104 -0.119838 70
0.522681 1 70
-1.24511 -0.803032 70
-1.32838 -0.61088 70
0.28378 1.03223 70
-9.06731 -8.56136 70
1.38828 1.14222 70
-0.510182 -1.07219 70
0.286328 -0.0518174 70
0.708794 0.577099 70
1.35741 8.73749 70
8.72695 -0.219997 70
0.309705 0.508478 70
-11.3097 1.08848 70
0.264449 0.952193 70
1.22236 0.572504 70
-0.689833 -0.224745 70
-1.12096 -9.61027 70
-1.06447 20.1013 70
0.443091 29.5977 70
-0.592239 0.646415 70
-10.1216 -9.86122 70
-11.1238 -1.36598 70
38.7608 10.0873 70
0.929895 0.165658 70
-48.5027 -11.0483 70
-18.9992 9.72322 70
-1.20988 1.09829 70
-0.482622 1.11335 70
-10.7398 0.0223281 70
-1.49968 -0.543321 70
-10.806 -10.3846 70
8.59778 10.078 70
-29.1383 -20.3365 70
21.1972 -8.95142 70
1.34675 -40.8238 70
-0.61393 0.906455 70
10.1902 8.58551 70
10.3828 10.1491 70
-71.0593 8.77522 70
-69.0252 9.94995 70
19.4888 -1.14675 70
-8.98147 -0.606378 70
20.8424 78.8547 70
19.9824 81.2275 70
-11.3986 9.67232 70
-9.0552 10.063 70
-10.9264 0.515246 70
-0.840349 -0.956884 70
29.8031 -28.5735 70
0.999758 -0.431488 70
-0.943492 -0.490569 70
-0.986678 -0.455709 70
-0.28887 -0.592103 70
-0.169181 1.21709 70
1.34361 -1.04495 70
0.763044 0.8497 70
20.726 8.91948 70
-20.5129 -20.1634 70
-18.6628 -19.1249 70
0.551771 0.554228 70
0.141748 11.0484 70
0.567157 -1.19813 70
-8.69279 -9.51337 70
-9.4095 -0.0162816 70
10.2938 0.0429653 70
-0.944235 -0.453068 70
-1.33418 -0.0482292 70
9.29621 0.0308573 70
-9.60995 21.4178 70
1.45871 9.79419 70
-19.1396 38.936 70
1.21617 -18.6816 70
1.37564 0.359228 70
0.803992 1.28938 70
-0.0794237 8.97906 70
-0.12503 0.977337 70
-10.9361 0.254627 70
-8.86894 -1.27313 70
0.925156 -9.00887 70
-0.244248 -9.28763 70
-19.9376 49.2847 70
-0.307993 0.765218 70
0.115643 -0.29527 70
-11.3434 31.2434 70
-0.361637 10.2384 70
1.40546 -0.593203 70
-0.825124 -0.232552 70
0.513561 8.93019 70
0.871505 1.12675 70
0.387651 -0.361394 70
-9.13407 28.6877 70
18.6445 -28.856 70
20.5368 -29.0334 70
-1.39239 0.530202 70
-1.49613 0.736208 70
10.5309 1.05391 70
9.28444 -10.34 70
0.355817 10.2958 70
10.9206 11.4251 70
0.920134 -1.01413 70
0.59736 -0.756544 70
-11.2663 9.28738 70
0.975684 11.1066 70
-19.1407 0.939861 70
-11.0795 29.8968 70
0.163883 -1.22028 70
0.657619 0.0262032 70
0.0217259 -0.548423 70
-0.833977 10.8585 70
-20.5779 -0.734951 70
-20.765 0.105821 70
0.342059 1.09313 70
0.319039 -0.386782 70
-0.322355 0.368595 70
-9.52732 -18.7794 70
29.9317 -0.224453 70
1.08478 0.486722 70
-0.758299 -10.5773 70
0.593972 8.54493 70
-0.660462 -0.759001 70
1.37832 -0.65368 70
81.2426 88.9779 70
-61.255 -20.1912 70
-21.2352 -8.94741 70
-81.1894 21.4801 70
-0.735793 9.94356 70
9.44575 10.2672 70
-1.12994 0.406383 70
0.719784 11.1475 70
0.540561 9.12987 70
1.49002 -0.964187 70
9.34553 31.3942 70
-0.447069 0.4383 70
-1.29917 0.753258 70
11.0614 -31.3895 70
1.28402 10.4807 70
-8.54832 -28.8893 70
-9.36807 9.86027 70
29.929 0.109895 70
1.24836 -0.920924 70
9.08788 -20.0298 70
-0.106318 20.9384 70
-1.29719 10.7676 70
-0.395767 -1.30941 70
-10.7683 10.0731 70
-9.65767 0.858467 70
-0.154407 10.6589 70
1.36405 0.228752 70
1.0862 10.9111 70
-8.90264 -18.6991 70
-0.113486 0.940069 70
-70.0159 -29.0795 70
-68.8133 -30.7831 70
0.371475 -0.0594288 70
0.431935 0.595251 70
0.773632 0.82564 70
-30.4446 30.339 70
1.25334 0.13488 70
-10.6777 8.98249 70
1.3251 0.765721 70
9.96299 -9.36535 70
9.26994 1.19053 70
-30.5752 10.7918 70
-1.08094 -0.611882 70
10.6463 100.877 70
1.10326 -9.85446 70
-18.5679 -10.738 70
-0.976806 -0.0302166 70
1.22269 0.0680563 70
-31.4122 -20.9293 70
-1.26831 8.73863 70
10.8921 -9.26637 70
11.475 -9.30588 70
0.725315 9.90519 70
-9.01212 9.54695 70
0.328399 0.919273 70
-0.825484 1.05737 70
-1.2599 1.4565 70
1.25901 -0.538131 70
-1.368 -0.918664 70
-11.1728 8.64259 70
-1.07316 0.34202 70
10.6095 -10.589 70
0.288696 -11.2656 70
-20.378 -11.3696 70
0.115145 0.0163771 70
8.70054 -20.2556 70
-0.0491019 0.172865 70
1.34974 -0.359148 70
-1.05711 1.45307 70
10.7444 -1.09911 70
0.78458 -1.39621 70
8.86027 -10.3425 70
-0.532253 10.6352 70
-0.286353 11.249 70
-1.09313 0.953639 70
0.911065 0.996817 70
-0.43517 50.3133 70
10.3523 8.64628 70
-9.63341 -10.6766 70
-0.691127 -1.3295 70
0.062958 -0.821316 70
0.206796 10.2356 70
1.24676 -1.35801 70
0.715374 1.00223 70
9.21026 0.639255 70
10.7912 -11.3726 70
-1.2293 -20.6417 70
21.4009 -21.1242 70
-9.96062 19.3506 70
1.41004 1.15933 70
1.3797 10.5538 70
-0.897031 0.812365 70
-1.44121 21.4199 70
1.18017 -8.9883 70
-0.250924 10.01 70
0.593432 10.3014 70
1.20937 -0.561008 70
8.60341 10.2306 70
-10.2862 11.2421 70
0.113401 -0.869826 70
1.39789 0.253251 70
-0.362358 -9.46765 70
0.0395545 -0.0770696 70
-0.405836 0.437947 70
0.955115 20.8855 70
0.138113 0.744071 70
-20.7653 -20.4453 70
29.472 38.9768 70
0.121696 -9.81314 70
-30.1866 28.6446 70
-0.192275 -0.0515535 70
-10.491 -0.109261 70
-9.03273 -0.666887 70
11.2506 0.19187 70
8.96761 0.707452 70
1.30298 1.33652 70
1.11275 0.310582 70
-109.015 50.9127 70
-1.45547 -1.24639 70
-0.459254 -1.13404 70
30.2658 -9.6714 70
0.664077 0.64524 70
1.4993 -9.94554 70
-9.24917 30.3002 70
-1.38549 20.4989 70
-1.19555 9.03676 70
50.3986 -40.0634 70
-1.48217 8.78908 70
9.33736 -0.15899 70
-0.921797 0.570495 70
-0.112365 -1.18184 70
-0.768298 -1.00643 70
-9.32236 -10.5178 70
-1.0647 -1.46557 70
-1.37865 19.3847 70
1.20236 -9.81956 70
-0.283932 0.799782 70
-1.49033 39.3608 70
1.40615 -0.30137 70
1.29697 1.0386 70
0.646617 10.0162 70
1.22579 -0.563899 70
-0.291778 0.72902 70
0.0680242 20.2201 70
-0.110171 -9.93377 70
29.1946 -31.2292 70
-0.00225987 11.287 70
-1.13804 11.1841 70
-0.613585 0.427056 70
30.3164 -20.8759 70
30.4721 -21.1433 70
-10.8941 1.4969 70
9.07436 10.8212 70
-10.7862 -0.695631 70
0.388346 1.27931 70
9.67131 -8.85579 70
-20.6504 70.829 70
19.2118 0.893681 70
11.3592 -50.2073 70
-0.916834 -20.5197 70
19.2188 -0.385267 70
8.93564 -0.0528088 70
9.99244 1.22024 70
-1.34505 1.22386 70
-8.9427 11.1014 70
8.81435 -1.25632 70
-20.6071 -11.2409 70
-0.613778 0.0113697 70
-0.524138 -0.973994 70
-0.912128 -0.088612 70
-11.2152 -9.68101 70
0.713949 0.231569 70
0.607582 0.54789 70
40.3826 9.23672 70
-11.4481 -0.59561 70
-1.07652 8.6683 70
-0.947423 -11.159 70
1.30717 -1.41221 70
-1.43234 0.576493 70
1.30614 -1.21964 70
-1.4503 -9.68889 70
1.42861 -0.218772 70
19.9256 0.562927 70
-0.376197 0.944067 70
-38.9838 -18.9813 70
-0.444027 0.739205 70
10.7734 9.40538 70
-1.07352 1.44116 70
-0.579999 0.293066 70
0.0557845 11.2187 70
-1.43675 0.826099 70
-0.437467 1.48528 70
30.938 -9.30824 70
-0.210363 10.5288 70
10.1905 -10.5022 70
0.0778494 10.018 70
11.4361 18.6073 70
1.32059 9.73474 70
-39.0381 -30.4001 70
-20.3385 0.690802 70
1.22395 0.440292 70
-0.21684 0.294692 70
20.1042 -40.5289 70
0.437714 9.60721 70
-1.46757 9.77668 70
-9.29513 -19.6993 70
0.699954 -1.36405 70
1.4865 10.1261 70
21.182 19.5085 70
-8.59575 0.745136 70
-20.8372 1.40024 70
1.17638 -0.834954 70
0.385952 0.738381 70
-0.167272 1.14151 70
-1.30516 0.748136 70
-0.473768 -0.128415 70
30.9088 -91.2344 70
-29.5514 50.3096 70
-9.10324 -8.57665 70
-9.01087 11.1894 70
-19.7621 -28.8926 70
-20.5774 -31.0933 70
9.09756 -30.4656 70
20.8105 29.3973 70
20.1145 0.335221 70
-11.3194 9.04929 70
50.8643 -20.1081 70
1.31282 0.96385 70
10.9169 0.627509 70
9.44513 9.63275 70
-0.393714 19.4358 70
0.713955 1.46375 70
9.70316 -20.0932 70
-0.62474 0.462309 70
0.510364 -0.545316 70
1.41467 0.387815 70
-1.04225 9.91648 70
-0.515232 -0.539887 70
0.408746 -1.37561 70
0.203245 -11.2833 70
0.639366 10.9936 70
1.10052 -0.759807 70
-10.0848 9.12428 70
-20.1458 10.7389 70
0.686888 -1.2941 70
10.9752 -81.1745 70
9.96809 1.08184 70
-19.5398 10.6515 70
0.877147 9.3223 70
70.7059 18.6335 70
30.895 8.53858 70
-20.5677 -28.9145 70
-1.45326 0.675767 70
-9.87447 10.5197 70
-1.48484 1.4536 70
-20.5659 30.9265 70
-0.348449 -1.22315 70
21.2478 -18.9031 70
0.83053 0.523676 70
-0.211874 0.625136 70
-1.48383 0.601256 70
-1.14333 0.0785264 70
10.8176 9.56065 70
0.751267 -0.113196 70
0.633066 -1.42959 70
61.1211 78.55 70
-30.9613 1.37514 70
-30.7606 0.974158 70
-0.924948 9.67019 70
9.31031 -109.721 70
31.0044 -10.0688 70
-0.201672 -0.94044 70
0.738733 -1.36016 70
-10.8321 -10.7519 70
-48.7461 -20.3244 70
-0.142868 18.9074 70
-39.5688 -0.416079 70
0.899459 -1.05049 70
-9.19508 1.24422 70
-1.00367 1.18485 70
-0.473299 8.58419 70
10.5429 -9.79075 70
20.7185 60.1339 70
-19.9185 38.6805 70
-30.2267 9.7285 70
-0.424217 -1.42354 70
-8.86542 -18.967 70
-19.0674 9.2243 70
-8.67807 10.9028 70
-11.4634 0.474079 70
0.514707 10.819 70
-1.3234 -10.329 70
9.13893 -1.33661 70
-58.6001 -40.382 70
-11.1596 -0.753905 70
-11.2535 -9.80562 70
0.678702 -0.116797 70
1.13836 -0.921361 70
-1.31089 -0.673738 70
1.29497 0.0330734 70
0.519353 21.1601 70
10.0457 -0.652372 70
0.347172 -1.23097 70
-1.24637 0.475552 70
-0.0329254 -9.12936 70
-19.975 9.42389 70
1.42735 0.276367 70
1.13761 0.967765 70
19.6922 8.79406 70
9.877 10.5649 70
1.43737 10.5252 70
1.11407 -0.595673 70
1.41417 -1.36969 70
90.5993 -0.379447 70
-1.48305 0.244939 70
-21.4785 30.2573 70
0.393525 9.09094 70
-9.32359 0.855113 70
-1.08454 -1.47984 70
0.54452 -1.04853 70
0.682071 0.94573 70
-1.34539 8.74927 70
-19.3301 -39.3807 70
0.319671 -10.613 70
1.24028 10.1446 70
1.45173 10.7568 70
-20.6331 -20.9768 70
0.663987 -9.35495 70
-8.72576 -1.22476 70
18.7946 19.1258 70
-8.50746 -10.5485 70
-1.03929 0.526265 70
-10.1584 -10.3738 70
-0.253223 9.00318 70
-8.52745 -21.078 70
-9.23389 -20.011 70
11.1072 8.86231 70
-19.7004 -38.8856 70
-0.979744 0.768737 70
-11.3569 -8.57004 70
-10.0807 -9.55124 70
1.34349 0.103273 70
-19.8078 -1.21178 70
0.539673 -1.09217 70
10.8112 10.1244 70
1.21487 0.471378 70
0.908167 0.190506 70
-9.97011 -1.45753 70
-0.953727 -0.195164 70
-0.453629 -0.752412 70
9.83005 0.541512 70
9.7061 0.574246 70
-9.57276 -21.0473 70
-21.3763 20.5843 70
-0.918944 9.76493 70
0.185651 0.902554 70
-49.6339 -38.8146 70
-48.6216 -39.3889 70
0.558241 0.889444 70
-0.749671 -0.923133 70
1.29653 -0.61015 70
0.308434 -1.12233 70
-1.37979 10.1554 70
-11.2195 11.4204 70
9.43246 38.8067 70
-9.28213 -1.37779 70
-20.3868 -19.0745 70
-19.706 21.4545 70
-0.806873 10.1894 70
-11.0981 11.2002 70
-8.73012 -0.403166 70
-10.7248 1.47328 70
-1.09525 -19.8838 70
0.960435 -1.4991 70
-0.672772 8.70805 70
9.53347 40.5836 70
-1.2649 -20.5009 70
0.422407 1.43042 70
0.0541533 0.645684 70
0.175452 0.581098 70
-10.6442 -0.83118 70
0.4848 8.91635 70
-0.729121 1.37502 70
-9.35077 1.12197 70
9.19985 -10.1014 70
-0.525634 -0.819352 70
18.7274 30.4538 70
20.0376 29.1323 70
-11.0662 11.2505 70
-11.4006 30.3017 70
0.652303 1.23219 70
-30.9957 -11.1664 70
0.530627 10.2677 70
-0.425546 1.19589 70
59.2138 31.0837 70
109.508 -48.8216 70
-49.173 11.3165 70
-0.201329 21.2735 70
-0.362842 20.8291 70
10.9696 10.9716 70
-0.79776 0.835953 70
39.389 -59.1452 70
-1.16877 1.01344 70
-0.357652 0.115451 70
0.840653 8.56033 70
68.8766 -19.1174 70
0.791701 -0.224944 70
-10.0293 0.843212 70
-11.1744 41.3772 70
0.587367 -1.43778 70
-19.7807 -60.8666 70
9.39781 10.8793 70
1.44954 0.42716 70
11.4927 21.4903 70
-0.801445 10.7511 70
-1.40867 -1.32507 70
11.1179 0.352978 70
10.6345 0.697875 70
-11.1929 -0.384755 70
8.83685 9.12309 70
29.5075 0.490851 70
8.97424 0.221329 70
0.856569 0.157993 70
1.16496 -1.38207 70
-10.8643 19.3513 70
0.832626 1.35762 70
1.27571 -0.965747 70
10.5792 0.0745457 70
10.9169 9.25669 70
0.419248 0.34386 70
90.8784 10.6047 70
-39.9407 -0.868274 70
9.91005 -1.14439 70
0.35638 11.246 70
0.254095 11.4163 70
9.47876 0.76001 70
-0.572689 0.318449 70
-8.61621 -9.00848 70
-31.1265 19.0531 70
-0.772523 10.2846 70
0.498157 11.4584 70
-1.26537 0.0341793 70
-0.872111 -0.494046 70
9.19489 9.78243 70
0.882676 1.04202 70
-51.1316 79.4037 70
21.3275 19.0491 70
51.3302 60.213 70
1.20048 -0.0017765 70
-19.4356 -0.636182 70
11.4614 -0.196661 70
-10.4761 -0.8029 70
9.34336 -0.281548 70
-0.934397 -0.897019 70
-1.26228 1.3263 70
-0.775643 -1.21324 70
0.947276 0.285991 70
-0.2094 1.07844 70
-0.303239 -0.61267 70
20.3174 11.0435 70
-10.0803 9.23428 70
-1.08857 -1.28372 70
0.0685523 0.26685 70
-0.449394 0.241319 70
-10.4792 -8.67572 70
-1.08482 88.6734 70
-0.801999 -19.2318 70
9.3692 0.010223 70
-9.11899 19.6263 70
40.7183 99.3352 70
-0.512795 -0.00377603 70
40.3193 39.0271 70
-41.327 30.2467 70
-1.30565 0.133179 70
0.730437 0.531039 70
-1.01692 0.859443 70
-9.78519 41.3404 70
-10.6768 -0.500937 70
9.50037 10.59 70
-0.550583 -0.0177231 70
0.838088 -0.179825 70
-9.79407 0.0128487 70
8.94603 18.7557 70
0.742498 -0.87834 70
-0.724643 -0.470205 70
10.9453 11.0644 70
11.4732 10.2595 70
1.1961 0.860334 70
-0.14985 -1.38085 70
-9.7096 -0.955169 70
-8.92185 0.0102694 70
-1.19555 10.1163 70
0.936747 10.9216 70
19.7714 19.7305 70
-1.4672 20.0538 70
-0.0959411 -0.420655 70
10.5997 10.6713 70
9.09051 9.28426 70
-10.73 9.33563 70
0.435389 -1.27666 70
-1.25482 1.36784 70
8.52202 -10.7579 70
-1.02316 -0.152839 70
-1.33627 -1.19704 70
11.0449 9.36916 70
-29.4176 -10.1237 70
0.0746565 -1.47519 70
-0.0937303 0.779802 70
-0.970506 9.31569 70
-9.09378 -0.0207774 70
-0.192401 -1.15763 70
10.8154 9.66082 70
9.7691 -1.49248 70
-0.764795 -0.876499 70
-11.0476 11.4526 70
-79.1127 99.0905 70
-0.0573573 -1.20039 70
-1.40363 9.3295 70
18.8807 -9.85858 70
0.0559183 0.797424 70
-11.2875 -0.82605 70
0.972384 0.859924 70
-0.141867 -1.26566 70
-8.91412 0.704238 70
1.03711 -1.11358 70
-0.966076 -1.20775 70
0.822018 0.262293 70
-0.757805 1.49179 70
-10.7864 30.1878 70
20.9137 8.70284 70
20.5628 11.2539 70
-0.155721 -1.30813 70
-9.28472 10.0332 70
1.1314 9.38085 70
11.4176 10.1299 70
-8.58436 0.13767 70
-1.35154 -11.248 70
61.4988 -31.0109 70
9.04736 -0.605084 70
1.11403 -0.569109 70
-1.05726 9.69365 70
-0.126483 -1.00866 70
-19.2726 0.0985531 70
0.62746 -1.25784 70
0.503965 0.531722 70
-0.0222815 -0.0795462 70
-10.205 10.208 70
-10.2643 8.61937 70
0.990174 -1.04045 70
-10.2807 -10.5041 70
