-9.16273 0.728989 70
-10.1661 -0.442017 70
-8.9309 -10.2465 70
-0.99329 -0.179039 70
-1.20701 1.18698 70
-9.11315 9.41443 70
-9.00574 -0.90633 70
-0.238017 0.505955 70
8.66366 19.4949 70
10.8057 -1.10333 70
-10.161 -10.352 70
20.9067 -1.40744 70
-10.3691 28.7644 70
-8.68785 -1.02938 70
-11.2714 -0.686351 70
-10.4832 -0.827552 70
-8.82146 0.0609217 70
0.09738 1.39941 70
-29.6379 8.63253 70
-8.58527 9.78792 70
0.969306 -9.17065 70
11.2918 20.0194 70
10.289 -10.8824 70
9.91133 19.7535 70
49.5713 -21.1339 70
1.10372 0.223607 70
-8.51555 0.835391 70
-20.0109 40.6222 70
29.7088 0.642074 70
-8.78813 0.744623 70
61.1864 -69.6904 70
-0.296355 0.224756 70
-11.4693 0.868115 70
-0.445245 -20.3655 70
19.1367 19.0156 70
-19.6036 -8.87747 70
-9.3312 10.4063 70
-0.987742 -41.2577 70
1.18191 9.59254 70
0.580358 -1.03292 70
-8.95042 0.297167 70
11.0309 9.73392 70
-9.60326 -8.83403 70
0.492933 -9.37592 70
-41.3633 -40.9917 70
9.58598 20.2284 70
-0.442212 -11.4395 70
-8.95432 1.46984 70
60.2205 -20.1321 70
-9.05351 11.0917 70
-10.4602 -9.72757 70
-10.9574 0.793807 70
-31.4444 -39.9527 70
-19.7852 -0.360937 70
-8.92003 -0.12499 70
-20.4624 1.48402 70
-9.20589 9.8486 70
-11.3729 0.893682 70
-9.80454 -9.35744 70
-28.9358 -0.511092 70
10.779 -0.953124 70
-9.65289 -59.6528 70
19.0308 -20.7889 70
0.977514 -0.573974 70
11.2201 0.632643 70
1.42593 -20.0804 70
-9.39493 19.8247 70
-1.0545 -11.3078 70
0.156478 -18.8244 70
50.447 18.5037 70
-9.63976 -49.4941 70
0.591997 -11.1556 70
9.89605 -8.61511 70
0.520413 0.508441 70
10.9454 1.2155 70
-0.444434 1.22757 70
-9.38208 -0.258923 70
9.69203 20.7124 70
-11.4448 30.4046 70
0.326416 -1.20218 70
-10.1532 11.067 70
18.9676 19.2081 70
-11.3607 -1.20297 70
-11.2921 -0.930455 70
-0.528684 1.39627 70
-0.218294 1.14885 70
-9.43874 -0.134763 70
20.2524 11.218 70
-29.5749 -8.85827 70
-9.56241 -0.740483 70
-9.021 1.44279 70
-0.39424 -10.9057 70
-0.99137 -8.69434 70
118.881 -11.2278 70
-10.03 1.29455 70
0.0885326 -10.6904 70
-1.19649 -9.17263 70
1.06915 -10.014 70
-0.227645 -1.38452 70
-10.0477 9.63432 70
-0.84125 -10.2901 70
-0.861298 -9.00985 70
-0.0236056 19.7264 70
-0.895602 -1.04025 70
10.612 -10.0248 70
-9.85123 -21.3284 70
-10.9892 -48.8765 70
-8.51905 -8.73419 70
-8.68408 8.66805 70
-10.0213 9.55008 70
-10.7825 -0.981076 70
29.1391 0.207023 70
10.4862 9.04487 70
11.0731 9.27751 70
-1.35247 -0.137555 70
9.19319 -0.898697 70
-0.873881 -0.354964 70
-29.4697 98.6043 70
-21.3331 19.6007 70
0.194823 -0.242842 70
-8.95794 -0.325569 70
48.7945 28.7656 70
-9.08232 9.41423 70
-0.72477 1.42962 70
1.06086 -0.985899 70
10.9846 -10.0029 70
0.314684 0.813313 70
-0.343064 -1.07102 70
0.501042 -0.238508 70
-11.0908 -9.6252 70
-20.7143 -21.014 70
-8.58846 10.3132 70
-8.85109 8.64105 70
-9.83696 9.12999 70
-1.22367 0.0778088 70
-1.47518 -0.581223 70
1.21119 -9.48112 70
-10.8977 28.8095 70
-0.594145 9.25332 70
-10.2201 10.972 70
1.00444 0.951771 70
29.9362 20.4223 70
-19.5123 -9.57771 70
-1.32892 10.3377 70
-9.07574 -18.6525 70
-10.1839 -0.17084 70
-10.034 -1.31512 70
-9.08877 0.12616 70
-8.73844 1.07681 70
-0.945039 11.1501 70
-8.70669 9.61994 70
-8.96478 20.9521 70
-0.982255 -19.5381 70
-8.60129 -0.487796 70
-10.1467 -0.680777 70
-8.62727 0.743469 70
-8.91599 -10.4455 70
-29.8817 10.8293 70
-31.0508 -0.844434 70
-8.81191 1.46567 70
-10.1779 -1.19283 70
41.2084 9.18746 70
-19.0971 -11.4571 70
-11.3897 -1.12684 70
-28.6269 8.50034 70
0.955762 0.661465 70
10.5073 31.0855 70
0.816528 -28.7521 70
-0.261254 -0.133705 70
-9.82207 -8.81658 70
-0.717849 1.39915 70
-19.424 18.5168 70
-11.2878 0.6557 70
-11.3635 -0.724982 70
0.233587 -1.20376 70
-9.84378 9.91153 70
-8.67725 -0.469223 70
-9.45467 0.736421 70
-10.3684 -0.574794 70
-1.47784 -1.47498 70
8.94504 -0.768343 70
-70.815 9.02839 70
-9.93504 -0.645148 70
-8.79686 -1.21187 70
-19.2826 -1.43436 70
10.17 9.00281 70
-1.33875 1.26282 70
1.42899 -0.343782 70
-28.6273 -20.9231 70
-81.3084 -30.1756 70
-11.4451 -1.48522 70
1.4098 9.58625 70
-9.92339 -1.08658 70
1.22129 -0.330633 70
0.744417 60.5887 70
-11.1074 40.002 70
10.6256 10.4382 70
0.855044 0.67385 70
-1.27287 -19.1219 70
-29.2059 -21.0474 70
10.1491 38.5653 70
-0.850905 -10.8116 70
-10.1867 9.26754 70
-11.0214 -11.1363 70
-18.6125 0.52685 70
0.435334 -9.1477 70
0.582402 0.414886 70
0.109798 -0.358146 70
0.780044 1.31506 70
-9.59956 9.43973 70
-10.688 -1.44913 70
-9.17667 -0.621726 70
10.8957 -8.74516 70
-20.4839 -21.03 70
-11.4722 -1.28534 70
21.029 29.7348 70
0.776019 0.650144 70
-0.754436 -0.996423 70
-8.51626 -0.415389 70
-10.586 9.01216 70
0.630422 1.22153 70
0.133893 -10.5935 70
-0.891466 9.09648 70
-41.276 -19.5249 70
-0.308652 -10.3085 70
-8.65939 8.63277 70
-9.43391 -0.591717 70
9.49116 1.37185 70
-8.80202 -11.105 70
-11.2904 -9.01311 70
-0.674604 -1.48403 70
-9.51418 -0.0954701 70
-10.1129 -10.0124 70
-8.56078 -1.0603 70
10.484 -20.6498 70
19.0246 -21.0416 70
-20.8755 -0.0985947 70
-10.8636 19.1496 70
-10.5059 1.4349 70
1.15433 20.0115 70
1.43421 -0.652492 70
-18.6447 -11.1056 70
9.51885 1.19442 70
-0.469806 10.6461 70
1.00363 9.5324 70
-9.11847 1.23367 70
9.82577 -9.95535 70
-8.62978 11.4612 70
0.444386 10.4434 70
-39.8663 -40.961 70
-0.397717 10.5951 70
29.5343 11.3318 70
1.08164 -0.233505 70
-8.72528 8.60936 70
-1.23113 29.2834 70
69.8505 40.3232 70
29.5078 19.8985 70
30.8174 21.1768 70
-0.486315 8.95907 70
20.8105 0.553484 70
-0.190237 0.880838 70
-0.27841 10.798 70
-0.97584 -10.0752 70
59.3498 -48.9942 70
-10.0642 -19.1402 70
-0.319761 1.28878 70
-20.7864 -10.7897 70
-1.43772 -0.61112 70
-10.5889 1.25174 70
-0.0710191 -20.9396 70
-9.73014 0.0866889 70
-8.64112 8.90108 70
-1.45095 -19.0655 70
30.9909 10.4099 70
-19.0621 10.7576 70
-10.0002 9.01397 70
9.68526 11.052 70
-9.44896 9.66574 70
10.6661 10.4152 70
-10.1186 -10.8888 70
-9.85552 -61.1481 70
-8.89953 -18.7419 70
-0.852957 10.362 70
-8.85122 -0.525636 70
-11.1783 0.530267 70
-1.40858 0.0302498 70
-10.7496 -0.66014 70
-11.3767 -1.00278 70
-60.3086 -11.1165 70
-40.5028 30.5802 70
-9.76608 9.88217 70
-0.0466262 -9.89204 70
-19.2229 -9.04489 70
-10.2349 -18.6333 70
-10.574 -0.642719 70
-21.026 -0.604209 70
-0.340827 -8.9424 70
0.110776 -1.02772 70
-11.1293 0.888516 70
-9.82829 -1.16178 70
78.6976 8.86442 70
-0.606542 -1.32488 70
-20.6512 -0.60397 70
0.0961236 -0.797153 70
-8.6258 -8.94161 70
-11.3883 1.04575 70
-11.3041 1.3834 70
0.593834 0.651935 70
-11.4675 9.80606 70
0.476366 11.2419 70
0.296493 -0.308295 70
-11.1959 1.4457 70
-19.4613 10.5744 70
1.39249 0.904648 70
1.45785 -0.726446 70
-0.309291 -0.918335 70
-9.26865 -0.187158 70
1.35054 11.4343 70
21.4662 28.8622 70
-29.4008 -0.0670585 70
-19.145 9.09763 70
9.63196 -18.5491 70
0.58656 9.38431 70
40.3657 30.9495 70
-18.9053 -0.184958 70
-1.27725 0.609057 70
-1.2801 -0.574369 70
9.51916 -40.6875 70
-0.866122 -0.549213 70
1.42683 -18.7353 70
-9.28403 8.62545 70
29.8556 20.7158 70
0.335698 19.6438 70
-9.00367 18.6653 70
0.472307 -0.166602 70
-10.041 -9.8449 70
-29.15 -8.77603 70
-10.7169 -9.60503 70
-20.5742 -18.9564 70
-9.576 -60.8356 70
-19.5451 -9.07162 70
-19.0267 -10.8072 70
-20.3237 -10.1975 70
-20.0886 -11.4609 70
-40.5047 -8.8484 70
-0.513975 -0.262022 70
0.601474 0.303241 70
-28.5515 0.358972 70
1.04809 -0.379799 70
-40.5203 -19.9279 70
1.03095 -1.02724 70
19.6267 -9.46689 70
-48.5934 9.42704 70
0.991971 -9.50194 70
-0.987826 0.95171 70
-11.3895 -69.2995 70
-8.9638 1.20172 70
-10.6297 1.0057 70
1.11608 -0.459175 70
11.3197 -10.7634 70
0.736036 1.12007 70
11.3571 1.30328 70
0.627593 -1.02076 70
-49.6996 9.5812 70
-9.48338 0.68727 70
-0.776609 11.4242 70
10.2737 58.967 70
-1.35314 0.381421 70
-0.893404 0.424162 70
9.61354 9.66663 70
-9.90579 0.505703 70
-9.9896 10.0155 70
10.5357 -10.0244 70
-50.4016 -80.1173 70
-90.6994 29.8246 70
-10.6885 0.0097303 70
-8.54838 0.519758 70
0.419022 -1.02094 70
-0.156816 -11.4219 70
1.19198 -0.804723 70
-1.29476 10.9906 70
-0.186292 11.1272 70
-8.65616 30.5792 70
-10.9586 29.0386 70
1.00168 1.29847 70
9.83348 -19.4786 70
-0.997949 9.59038 70
39.4629 70.9633 70
0.0779226 -0.570908 70
-1.14643 -8.97273 70
18.946 -30.9527 70
21.3428 -31.1734 70
-11.3556 18.5233 70
-18.752 -1.39321 70
-1.33926 -0.134788 70
-0.438751 9.25176 70
11.1408 0.710033 70
-10.974 9.00422 70
0.781142 -0.567014 70
9.44711 0.46078 70
1.25439 19.7222 70
-0.289626 -0.877763 70
0.368601 -1.03504 70
-0.450342 -1.33477 70
38.5901 20.4286 70
-8.65532 10.2894 70
8.96935 10.724 70
-9.08613 1.3614 70
0.0511448 1.18233 70
-31.3634 1.21008 70
1.30098 -0.0167754 70
-10.4075 0.0712379 70
-0.928767 -10.6255 70
-11.2933 10.4351 70
-10.7123 -0.26577 70
-9.67745 -0.382231 70
11.0076 8.75795 70
-1.09088 0.709124 70
-0.211565 19.8905 70
-19.0675 29.7922 70
-20.4944 -11.2469 70
-1.10586 0.483408 70
0.964817 -0.341803 70
-0.644979 11.0658 70
-0.732402 11.2229 70
0.783317 11.3787 70
-8.68942 9.29493 70
-8.53103 1.24688 70
-8.87448 -0.638397 70
-9.17491 0.220679 70
-9.51066 0.436857 70
-8.57176 1.09591 70
0.797762 1.36436 70
-11.3496 1.21869 70
-19.8248 -20.8816 70
11.0437 -0.149056 70
-10.1607 -10.8287 70
-9.47394 1.15448 70
-1.19477 1.08777 70
-9.87754 -1.03596 70
-29.122 1.23325 70
-21.0102 0.55043 70
-0.436908 -19.8541 70
0.854635 -0.261288 70
0.180989 1.43485 70
-49.9142 -18.6222 70
-0.631639 0.589315 70
18.9454 8.64338 70
-8.91561 0.106645 70
1.35329 -30.7825 70
10.5235 -0.983552 70
0.839258 11.1908 70
-19.9132 -10.1528 70
21.435 9.2144 70
-11.1207 -9.60413 70
-30.2588 -10.9811 70
-9.39398 8.53711 70
-10.0908 9.33641 70
11.0712 -40.6117 70
0.437007 -10.4042 70
0.556705 0.292699 70
20.9429 -0.517445 70
0.176395 9.94784 70
20.9647 -28.5179 70
-9.47445 -0.464544 70
-30.8362 -10.6293 70
0.499599 0.881944 70
-10.0689 8.85342 70
11.0133 -10.9166 70
21.4003 101.134 70
10.6024 1.1976 70
9.67142 -0.266055 70
0.0960901 -0.782236 70
11.3716 -1.06014 70
-9.65243 -1.19925 70
-11.124 10.7705 70
-0.431059 -9.2486 70
-19.1776 10.6309 70
-0.653176 1.40636 70
-11.1591 8.58339 70
-9.00411 -21.2084 70
-11.3956 9.65375 70
1.41946 -10.0443 70
-18.9134 -60.9641 70
0.969806 9.60407 70
-1.01755 30.0871 70
20.1886 30.4246 70
20.9219 29.5187 70
1.3534 11.092 70
-9.91873 -0.356023 70
-1.07055 11.2242 70
-0.284837 1.46382 70
0.185238 1.4026 70
-61.2907 -18.9623 70
-8.744 -1.30515 70
-0.786125 -9.52348 70
9.01971 0.046969 70
1.42067 -0.33501 70
1.23564 20.3733 70
-9.27428 -10.1382 70
1.46346 -0.791171 70
-0.831903 0.902617 70
-11.433 0.712639 70
-10.7128 1.12814 70
-19.6313 -10.9578 70
1.01137 -0.995449 70
31.2375 -20.8741 70
-11.2761 -9.44833 70
-28.5706 -10.7752 70
-39.9904 21.4114 70
-0.437571 1.37976 70
-1.09567 -30.3768 70
-49.399 -9.69629 70
0.674884 9.24682 70
-41.1018 1.31446 70
1.49985 19.0193 70
-9.9094 8.56858 70
-10.0093 48.6536 70
-9.59285 50.7232 70
-1.14446 0.804733 70
-30.1391 -20.3473 70
-30.7234 -9.12261 70
-1.15534 -0.732952 70
-11.0997 0.247257 70
-10.6797 1.28151 70
-11.1396 9.97852 70
-19.1457 31.395 70
-18.939 29.5437 70
-1.09143 18.8491 70
20.6592 -49.3007 70
-9.41703 -0.325346 70
-10.8032 -1.20749 70
-0.11406 -9.72646 70
-0.472865 -0.269643 70
-8.73722 -0.0680384 70
-19.1918 0.457945 70
98.6294 -48.6498 70
-8.61943 -1.30399 70
-11.05 1.40578 70
-11.0847 -1.38306 70
-30.6264 28.8434 70
-0.824886 8.72413 70
-9.29547 0.803976 70
-0.0250939 -10.7189 70
-9.39454 -0.604921 70
10.0864 10.1338 70
0.0882829 0.58226 70
-10.5212 0.502709 70
-10.158 0.783031 70
-8.54075 0.0232605 70
-29.1856 -9.43682 70
-30.8373 28.746 70
-38.832 -9.57465 70
-0.311175 0.937427 70
0.0640765 10.1222 70
0.0559216 0.711053 70
-1.47417 -0.553351 70
-21.0069 9.20405 70
0.249464 -0.743644 70
0.151211 -0.928655 70
-9.70796 19.5606 70
10.9522 29.0128 70
8.77291 29.2376 70
-21.0164 -1.20085 70
-28.9119 9.05819 70
-30.1526 11.0004 70
-1.41457 -1.15351 70
-8.77676 1.33989 70
-41.3386 -30.988 70
-10.034 -10.3246 70
1.12079 11.329 70
-10.602 -0.372381 70
0.00500191 0.160135 70
0.313511 0.691411 70
18.8904 -10.9267 70
-9.9094 1.0401 70
0.612999 0.599472 70
0.756253 0.312118 70
-8.87979 -11.2739 70
50.0637 -21.2793 70
0.281629 -1.41376 70
-9.2518 10.1083 70
-10.8937 0.661899 70
59.4672 78.796 70
-50.24 30.4857 70
-11.3776 11.1102 70
0.897942 10.0638 70
-30.5637 -0.514028 70
29.0376 20.6791 70
-1.45626 1.01344 70
-9.35115 0.309257 70
-19.6268 -10.4697 70
-0.417112 -10.8849 70
-19.7157 19.2014 70
10.391 19.4823 70
-19.065 0.145177 70
-9.75237 0.270611 70
-10.4961 -19.6057 70
-1.46581 1.36763 70
-1.34149 -0.474311 70
1.39119 9.05996 70
60.2966 30.4109 70
-21.0743 10.3759 70
-20.2338 10.519 70
0.991376 0.640358 70
-41.2971 -39.6683 70
0.533041 0.446322 70
8.98726 -8.66158 70
-0.994613 1.01712 70
20.2409 -0.225641 70
11.4382 -11.2182 70
-0.437831 0.35443 70
11.4379 10.4351 70
10.5972 9.45936 70
-1.23324 -9.48993 70
-10.6094 -0.914272 70
-10.2048 -1.09961 70
-10.7547 9.4827 70
-19.2835 -0.832955 70
0.173068 -0.0882769 70
-0.0361142 10.3812 70
10.1216 9.24412 70
0.680428 9.11461 70
1.03436 11.3251 70
10.9787 -9.38604 70
-9.53193 -1.33128 70
11.3519 20.7522 70
1.0112 -1.27133 70
1.19526 0.146559 70
0.432834 19.4048 70
30.3217 10.1849 70
-9.52842 -0.608931 70
11.1554 -0.948636 70
0.301269 0.117827 70
-18.6076 -0.387338 70
-0.409529 -0.835439 70
8.92044 -9.13964 70
0.83879 -1.47666 70
9.84489 10.4207 70
-0.493647 0.748799 70
-10.6087 -0.10269 70
-1.26314 1.33956 70
-9.53454 8.5968 70
-10.0722 -10.8293 70
-10.3377 1.47882 70
-9.65808 -30.2035 70
-0.976183 39.7234 70
8.52971 0.501617 70
8.64332 0.485023 70
-9.23725 -0.384048 70
-9.74198 0.587904 70
-11.4073 1.22576 70
0.191471 -0.152172 70
8.7188 1.05099 70
10.9612 -8.98547 70
-0.221781 -8.7844 70
0.890735 -0.0112386 70
0.965148 0.416309 70
-9.77205 -0.694771 70
-18.8194 -0.508401 70
-9.12036 11.0622 70
-1.24323 -8.81239 70
11.1513 20.9224 70
-0.293879 19.0624 70
-10.0077 10.0137 70
11.0154 10.3096 70
30.9752 8.97517 70
-9.14651 10.7122 70
1.13582 0.660902 70
-10.8521 10.9147 70
-0.707088 1.44383 70
-19.5268 1.17852 70
-0.00388741 9.0858 70
11.1424 -9.14975 70
1.19345 0.127653 70
-9.89604 70.9868 70
0.954724 9.58784 70
-19.1621 -11.4109 70
0.282235 10.9035 70
1.30088 0.898171 70
0.252621 0.429651 70
29.0099 69.5333 70
-9.43476 -18.6335 70
-60.2941 -11.1825 70
-0.890154 0.345929 70
28.5434 -10.4487 70
-70.4692 9.40784 70
-1.02415 10.885 70
-0.268982 11.3951 70
-40.1394 -8.91851 70
-41.2954 -9.41262 70
-8.76651 -1.32582 70
-11.3137 8.93152 70
20.5826 -19.8556 70
-10.5177 9.11518 70
41.0947 -19.4859 70
-0.505376 11.4161 70
11.2486 10.2122 70
-9.26087 0.0257614 70
-10.4462 0.0601164 70
-8.52353 -0.302737 70
-30.231 9.58012 70
0.80216 -0.899904 70
0.728457 -0.10416 70
19.5157 40.4859 70
1.40999 -10.7104 70
