-10.6225 10.7599 70
-9.75103 9.75197 70
-1.19175 9.19604 70
9.37724 -0.85384 70
0.882896 0.255562 70
-0.949946 1.23827 70
0.0199191 21.3715 70
10.6776 -1.37859 70
-1.17505 -0.644973 70
1.06672 -0.0944065 70
-0.144381 -9.05135 70
10.5918 -10.6743 70
-59.8983 49.5618 70
-0.37623 -0.146957 70
-9.87025 0.0221463 70
-11.2297 -1.25268 70
-1.20668 10.4162 70
-100.91 1.23555 70
-8.72851 11.3787 70
0.922334 1.00548 70
0.497103 9.53357 70
-0.887477 30.1198 70
10.0787 49.358 70
-31.0334 9.62176 70
90.0727 -29.5472 70
0.0851866 -0.553369 70
1.2847 10.194 70
1.49619 -9.2461 70
10.9333 -11.0315 70
-10.2842 10.8331 70
-1.35945 -0.0802671 70
-19.7187 9.30989 70
-1.10822 19.1503 70
19.3483 20.4235 70
-0.364631 0.0210969 70
-1.05117 -0.698097 70
-9.67645 -0.704042 70
0.92386 -1.40217 70
-0.0437656 0.844333 70
0.366037 10.5407 70
1.38997 -8.90812 70
-9.02553 10.4278 70
-0.168729 -1.31495 70
-0.35972 1.47121 70
-79.2309 -20.1895 70
30.0943 -10.5065 70
0.0511736 -0.215629 70
-8.54195 0.127629 70
9.86798 -0.417893 70
-0.929164 1.44259 70
0.653676 0.122485 70
-10.6593 11.0745 70
-50.9603 11.4321 70
-1.36305 -1.21787 70
-11.4108 0.207336 70
-1.16419 0.918401 70
-0.348938 -8.56962 70
-1.44877 -20.2681 70
-0.606375 1.49932 70
11.2967 -9.23721 70
0.625536 -0.21428 70
1.09866 1.37979 70
-0.639472 0.876761 70
-9.38314 10.5162 70
-9.23462 8.67603 70
-18.8157 -10.4749 70
-0.36126 10.9612 70
1.13475 9.98549 70
-1.09332 11.1315 70
0.512562 9.78273 70
-11.1272 11.3813 70
10.45 -91.0247 70
0.209563 -0.91453 70
-11.2093 -10.7787 70
0.553105 10.6122 70
-9.27882 -10.3501 70
-1.27794 10.9913 70
59.9991 40.0753 70
-1.16704 9.54395 70
-19.9298 -11.2944 70
-0.485927 9.91101 70
10.7931 -11.3205 70
19.5453 -10.4024 70
-10.6725 -1.46918 70
60.0735 -0.759632 70
-10.9969 11.213 70
-19.0687 0.201533 70
-9.43481 1.33595 70
30.0295 -10.9477 70
-10.3143 1.48262 70
-11.0378 0.731607 70
1.28569 -20.9745 70
-0.233932 -0.962373 70
9.17836 19.1754 70
-9.59384 -9.52065 70
-1.41687 10.849 70
-41.3968 -9.7814 70
-1.25122 -10.0296 70
-30.934 8.76802 70
-40.6247 -70.8259 70
-0.618929 -0.260124 70
8.53288 21.1157 70
1.08239 -9.71116 70
-8.61185 11.1668 70
0.583985 -0.411131 70
9.05572 -21.3672 70
-9.01793 100.812 70
-10.547 10.9072 70
19.9445 31.3047 70
-0.0858285 -0.75901 70
-10.205 -1.31501 70
-20.186 -0.860084 70
11.4192 -10.3873 70
-1.03083 0.83163 70
-9.28227 51.2708 70
-30.7438 9.14583 70
1.33782 11.2025 70
-11.172 -1.32991 70
-10.503 0.00696718 70
-10.7904 10.8437 70
-10.8894 -0.626685 70
0.405942 0.37921 70
-9.02907 1.41767 70
-21.0675 21.1904 70
30.4558 -30.2404 70
-10.6239 9.40505 70
-0.636719 -11.4176 70
1.4475 8.62612 70
0.400162 0.456677 70
10.7932 41.0058 70
70.962 100.291 70
69.5255 100.186 70
-9.31238 -1.2308 70
-1.01098 -20.5704 70
-20.9121 0.435263 70
-8.9045 -10.9231 70
20.9492 9.17769 70
-0.115588 -0.685064 70
-19.3134 10.3845 70
18.9079 10.5335 70
9.41092 -1.02442 70
9.19571 11.1158 70
19.157 -68.5653 70
-0.18977 -0.568929 70
-0.163799 -1.02965 70
0.229376 0.332662 70
8.98547 9.16777 70
-11.2821 1.14056 70
-0.686255 0.921309 70
18.6924 18.9733 70
20.186 21.1553 70
-11.1471 -0.501206 70
-0.937694 1.1601 70
-9.24028 0.152486 70
0.754007 0.234176 70
-10.1961 1.05825 70
-10.8992 0.0996321 70
-0.0775318 0.764023 70
21.1299 1.02081 70
-0.989472 11.1411 70
-0.0761807 -0.13995 70
-11.4161 10.6689 70
-11.4722 19.7638 70
-0.844151 1.30021 70
-10.3834 21.2633 70
-8.71651 20.0796 70
-0.482198 1.21647 70
-9.37885 0.788869 70
-18.7287 -1.233 70
-58.8879 58.879 70
-0.455474 9.04243 70
-8.69147 -50.9942 70
0.437574 0.982214 70
9.42024 -0.0168246 70
-9.57111 -0.21604 70
9.77399 -0.924027 70
-10.0556 8.5245 70
-0.939704 1.37753 70
1.29174 -1.02952 70
-31.1527 -0.106754 70
11.3017 -11.3347 70
-1.33405 -8.61279 70
0.472394 -0.432287 70
-10.4041 9.13959 70
9.71284 -0.515258 70
9.44524 -0.410182 70
-9.99944 0.585976 70
-11.4303 1.01113 70
10.0743 -0.0699355 70
-1.23949 -0.899895 70
1.3925 0.515849 70
1.41589 -0.572843 70
1.42274 -0.963908 70
-10.0006 1.44968 70
-8.80644 19.4017 70
1.09765 -0.992023 70
11.0625 -9.12689 70
0.876833 -0.494171 70
11.0262 -8.6223 70
0.168002 21.4729 70
0.894111 -1.47226 70
1.37538 -0.200043 70
-0.425839 -0.415465 70
9.38345 -18.9643 70
10.8878 18.76 70
0.0629706 -1.2209 70
-18.6965 30.6579 70
1.00233 8.6125 70
-8.55674 -0.565483 70
0.929528 0.668071 70
1.01162 10.2014 70
30.7073 -88.7148 70
28.6197 -90.2073 70
10.8888 -1.17577 70
11.095 -9.20234 70
-1.36487 10.8887 70
-0.480876 0.134518 70
9.00037 9.52652 70
-9.90191 -0.562598 70
-8.80867 -0.516273 70
-0.231429 -0.117071 70
1.27364 1.44215 70
1.10487 19.6984 70
10.6865 19.3865 70
-0.419532 -0.722728 70
-8.77151 10.2973 70
0.123447 -0.069943 70
9.2541 0.195882 70
8.60383 8.65041 70
11.4952 1.43467 70
10.7975 8.61348 70
-8.93549 1.35557 70
-19.686 -80.5804 70
10.7288 -0.782514 70
48.6997 -0.368811 70
49.942 1.41471 70
-19.5396 -29.9077 70
-1.21448 8.87278 70
-9.529 9.40997 70
20.6835 39.3576 70
18.6968 39.1822 70
1.37837 1.08626 70
-19.3209 18.5957 70
0.929271 -21.4403 70
-0.303636 0.362515 70
-10.9696 9.72773 70
-8.77783 -9.20133 70
-10.1492 9.3724 70
-8.59147 10.5937 70
8.99838 10.9443 70
-9.80617 20.1875 70
-1.04511 0.673564 70
-8.88621 0.800541 70
-21.0398 -9.00988 70
-8.60386 10.9365 70
-0.975978 11.4819 70
10.6967 -11.236 70
0.346483 -0.319771 70
-0.703561 70.5171 70
0.517492 0.629968 70
-9.56865 0.0128626 70
-10.7779 10.8327 70
-10.9295 1.34666 70
-11.2244 10.1331 70
21.1109 -11.3561 70
-28.5706 -29.2955 70
-0.903741 10.5895 70
0.306669 -10.3475 70
0.32237 -0.508542 70
19.1295 49.4192 70
-11.0588 1.14539 70
-0.484161 -1.28174 70
-19.4457 9.99624 70
1.03876 8.93368 70
-11.1421 -0.38321 70
0.0331968 -1.05488 70
-38.9974 -28.5071 70
1.4109 -1.21463 70
0.52506 -8.5496 70
0.259056 -0.32677 70
-38.7122 41.1714 70
-10.052 -10.0215 70
-10.7776 -1.36329 70
-19.3832 28.5577 70
1.09125 -1.48176 70
-10.9258 20.861 70
10.7668 -8.909 70
-0.944509 0.861349 70
-1.39412 -1.1554 70
-1.45694 -8.87843 70
0.200374 -9.82641 70
-31.3173 -9.45226 70
-8.67178 0.266728 70
1.3905 -11.4807 70
0.365744 -0.106799 70
10.3607 1.35883 70
1.40422 -1.2142 70
-8.83722 -0.963444 70
-11.0588 -1.31743 70
-0.299242 1.49815 70
-10.4586 -11.3259 70
-10.1625 1.30129 70
-9.49372 0.454798 70
9.86912 -1.26938 70
0.271894 -10.9528 70
-19.7827 -8.54128 70
40.4694 -0.524739 70
41.1428 -81.2772 70
-9.17217 11.1587 70
9.89577 -19.9179 70
-11.4698 -10.9835 70
11.4749 -8.93328 70
0.0448419 1.2446 70
-20.8829 19.0145 70
-9.80062 -29.9154 70
-0.706858 -1.3074 70
-11.1993 0.298338 70
-0.915142 -0.570491 70
-0.522742 11.4486 70
1.16912 8.89383 70
-0.936311 89.0686 70
9.36907 50.0239 70
-0.400185 29.7505 70
-0.697802 0.585167 70
-1.25724 10.7852 70
0.337005 -1.37542 70
0.0459148 -0.919401 70
-1.32862 -11.0045 70
-10.573 -8.55003 70
-0.905997 0.813221 70
21.2688 1.24285 70
-21.2506 9.02595 70
-1.45322 0.288809 70
9.51999 -19.1834 70
39.826 10.1925 70
-1.49994 0.503089 70
-9.11942 10.0905 70
11.1717 -10.648 70
1.28426 10.5736 70
0.436862 10.9404 70
-11.039 -9.2057 70
-8.73358 -1.13859 70
-0.344967 1.27142 70
-9.85225 -0.865809 70
-19.1492 -29.0184 70
-10.7712 18.603 70
-0.0481868 8.64553 70
59.5774 0.559496 70
-1.15972 0.3173 70
18.6861 78.8202 70
30.2512 -41.4475 70
0.129111 -0.730484 70
0.814302 -0.115417 70
9.95093 1.03457 70
1.0901 -1.07446 70
-40.107 30.4652 70
-8.80059 -0.886312 70
-0.970221 10.0036 70
0.0445332 10.8876 70
8.59264 -10.1034 70
0.0223833 19.5291 70
-9.74016 -40.7767 70
0.55482 11.1771 70
11.4506 10.744 70
-0.630644 0.827048 70
0.830185 9.3001 70
-1.22753 -0.362699 70
-31.377 -19.1384 70
11.3807 -0.858129 70
-20.2409 -0.52788 70
8.66634 11.051 70
-0.635302 -0.292431 70
10.4084 -40.1122 70
-1.22953 -0.242545 70
-8.6804 29.6933 70
-0.377977 -0.153271 70
38.8767 -38.9909 70
-0.188457 9.66963 70
-18.5289 0.180016 70
-0.755069 -11.1143 70
-11.1241 -8.79686 70
-9.97919 -9.82249 70
11.3711 0.477127 70
-9.28871 9.16458 70
9.36144 9.31662 70
0.419293 0.771144 70
-1.30885 1.07316 70
-0.607431 11.1665 70
-19.5234 -10.0496 70
-8.81219 11.4872 70
0.332663 11.4874 70
-31.3143 -18.6889 70
-1.27348 11.2734 70
0.197764 1.42275 70
8.84543 39.9015 70
0.470833 -0.733581 70
-9.92573 29.195 70
-9.87838 28.5302 70
-21.208 -9.91555 70
0.558169 10.3938 70
-1.18941 10.8174 70
-10.6914 9.72411 70
-9.30526 9.04118 70
-1.17878 0.508808 70
0.0124642 -29.5787 70
1.10067 8.90656 70
-0.426389 9.79031 70
-10.258 0.0846337 70
10.9825 9.26575 70
10.188 -18.8733 70
1.3601 -0.873051 70
-10.8652 -1.46463 70
-10.5749 -10.7754 70
8.93432 10.0259 70
-39.3782 -21.3458 70
-39.2739 -20.337 70
-0.269665 10.0819 70
8.89845 -0.751748 70
11.0609 0.798933 70
-19.3484 0.767689 70
-9.4555 -0.0150668 70
21.0999 -0.641012 70
-79.1841 79.4883 70
-79.8528 79.335 70
-80.4534 79.8291 70
-9.70628 11.0115 70
0.63027 0.922842 70
-11.2853 0.22374 70
-11.2829 -9.48326 70
0.0948514 9.70901 70
-1.21704 1.18976 70
-18.7293 -9.13865 70
-21.2222 -11.2588 70
-28.5051 -19.4799 70
-9.18683 -0.215223 70
1.00662 0.0396174 70
-1.04483 -0.83181 70
-99.583 -49.3073 70
-18.5183 -60.0042 70
-0.47627 -0.871445 70
1.36383 10.2697 70
-0.75652 8.80248 70
-10.4091 -11.1145 70
59.4101 -10.8733 70
-20.5269 20.2641 70
1.49906 -10.8094 70
19.5966 -120.8 70
-1.13492 8.88277 70
0.0153731 10.1796 70
39.021 -0.525955 70
-10.4081 -0.931617 70
1.46148 10.7789 70
9.4987 30.1029 70
1.19716 8.59109 70
-8.74992 0.12686 70
1.29271 -18.9886 70
0.0680668 -0.595153 70
-0.634852 -0.18323 70
0.848397 9.2932 70
-0.663343 0.60444 70
-9.08762 0.504896 70
-0.784847 -0.842636 70
-18.6629 -21.1427 70
19.7453 -9.71184 70
0.633402 -10.0434 70
0.709246 -18.7673 70
-29.91 -20.9029 70
0.717053 0.531454 70
-11.1549 -39.1726 70
0.772314 0.533926 70
0.675364 0.695124 70
-11.3716 -0.213778 70
0.233103 -0.831974 70
-0.123677 -1.25573 70
-10.4883 -11.3294 70
-19.6087 -10.8963 70
-0.241231 -0.0877384 70
-9.73825 10.5528 70
-0.639478 1.44908 70
-10.5989 1.26811 70
0.159466 -0.389183 70
0.992027 -0.920316 70
8.62374 1.48132 70
-19.0009 9.02051 70
-30.4022 9.8657 70
28.7127 -80.1896 70
-20.4097 38.5524 70
-100.041 -59.6639 70
-0.153288 11.3064 70
1.33738 -0.480292 70
-0.818292 0.0310506 70
-0.46465 -1.20952 70
-10.7 8.57073 70
9.59308 -0.318188 70
0.2812 -1.10919 70
-30.5493 10.3304 70
-9.8331 0.296414 70
-9.44571 -0.982069 70
-10.7432 0.302263 70
1.33624 -0.610594 70
-10.5891 18.5842 70
-8.77341 1.45887 70
-11.1433 -9.17072 70
-18.5575 -9.42365 70
-19.2142 1.49181 70
0.17161 9.98778 70
0.120142 -0.452548 70
-49.8698 -19.6127 70
-0.0490755 0.644676 70
-10.8113 19.7407 70
-21.1525 -9.09247 70
-1.2687 -0.206353 70
-10.108 0.379234 70
-0.274996 -9.45805 70
0.139033 0.285474 70
-8.72257 -9.6922 70
0.431267 11.1611 70
9.00153 10.032 70
1.4715 9.7501 70
-1.32307 -11.2178 70
-10.299 0.82411 70
-0.0439118 9.53755 70
10.258 -9.12939 70
1.39622 -0.730681 70
-0.482435 0.580537 70
-21.0459 0.736515 70
-1.17545 -0.33594 70
-9.54774 100.742 70
19.7272 0.904493 70
20.7773 0.294145 70
-0.0371593 1.46898 70
-18.5464 20.915 70
80.1036 58.8741 70
-11.4943 8.59761 70
-59.6331 31.2956 70
-8.63011 10.0837 70
0.937912 30.7769 70
-1.48539 0.59617 70
-8.51928 -0.425802 70
-11.348 -8.71026 70
-30.0948 11.2528 70
-8.955 -1.26856 70
-0.909048 0.842486 70
-1.09872 -0.68545 70
-49.5868 -20.0315 70
10.8173 11.4353 70
-19.4408 10.0434 70
10.3544 11.3226 70
0.461987 -0.781797 70
-10.9048 9.5394 70
0.0219209 -0.020188 70
1.43984 0.600557 70
-0.363358 -1.2615 70
29.1887 -39.4251 70
-1.20856 0.809303 70
0.583334 -0.965854 70
-8.83159 -0.500076 70
-0.111887 -10.3952 70
-9.68999 -0.90582 70
-21.3082 -9.86523 70
0.921766 -0.0868506 70
-0.0830174 0.471102 70
-40.6548 -19.9307 70
20.108 9.74082 70
-30.4238 1.34899 70
29.5496 8.68529 70
-18.8484 -0.392129 70
-10.7352 -9.06111 70
-30.1444 -9.03077 70
0.408085 11.4059 70
-1.32897 -0.887781 70
0.98349 21.2161 70
-0.948943 8.93832 70
-1.02929 -0.792035 70
-9.825 1.41296 70
20.023 -38.7306 70
-20.0163 9.63957 70
-1.14891 8.51488 70
-1.40518 -0.180293 70
0.394627 0.071359 70
-10.4712 0.80085 70
108.958 50.2233 70
-8.62575 -0.320471 70
-28.6917 30.0094 70
0.377126 -1.37224 70
0.958437 1.0729 70
10.8117 10.6169 70
-8.8276 -1.08184 70
-0.210018 -10.1436 70
10.8715 -10.7756 70
1.48766 -0.039295 70
-30.6891 9.34572 70
-9.85193 0.537766 70
48.6171 51.0618 70
-0.419549 0.748687 70
-9.2736 -0.626618 70
-10.286 -0.678902 70
-1.34017 0.0960749 70
-0.760581 -0.269769 70
-30.9534 -0.628392 70
-1.1472 0.891852 70
-10.2335 -0.113714 70
29.0569 -30.638 70
0.0365542 -0.866501 70
-0.508176 -8.79357 70
-8.68415 10.0283 70
-9.67112 30.1335 70
-31.2908 -50.4805 70
0.88182 -0.400024 70
1.06473 -0.493513 70
-9.05983 0.396985 70
-1.04791 9.73589 70
-1.1881 -1.14962 70
0.83835 -0.708803 70
0.30185 10.2702 70
0.994875 9.55843 70
1.13394 -8.52409 70
-0.597059 -1.14281 70
-20.1017 8.53088 70
-9.01005 0.128135 70
-29.3957 -8.6136 70
-1.22473 -19.7037 70
-8.81863 1.42091 70
-9.48281 9.66854 70
-39.19 -41.4519 70
9.0262 0.137012 70
0.775002 1.14833 70
-20.8413 11.0911 70
10.5637 9.56205 70
9.9689 -0.169989 70
-1.42629 10.9675 70
0.196472 0.0601938 70
-1.10638 1.22147 70
-11.2176 8.62926 70
-1.0703 0.546666 70
-9.01372 -0.973185 70
0.471188 -0.910871 70
0.459999 0.526806 70
0.794542 -0.161347 70
-10.3371 9.95482 70
-29.2605 10.9808 70
-11.3003 1.28866 70
-0.578725 -10.6798 70
-10.896 -9.91734 70
-0.608556 -10.1321 70
-71.3718 9.31167 70
0.217866 10.9391 70
-1.07945 -0.47809 70
-8.9383 0.371757 70
9.31919 1.39763 70
9.68774 0.148514 70
10.7038 -0.815844 70
-0.839061 0.0170817 70
0.750898 10.1543 70
-0.352347 -9.2486 70
-10.3254 9.02657 70
-8.83397 9.51869 70
-0.271752 -1.288 70
19.0505 29.4643 70
-1.054 -1.29889 70
-0.837643 1.37132 70
-39.7662 0.279241 70
0.833156 -0.293324 70
-21.1975 -0.839665 70
-99.8841 50.7465 70
-0.0438299 -1.13089 70
-0.767218 1.48727 70
-10.7474 0.891716 70
-10.6568 1.07733 70
-0.171591 -0.703753 70
-1.10391 1.287 70
1.06154 -0.775124 70
-0.246813 -0.670751 70
-1.26172 9.88087 70
-10.862 -8.85783 70
11.4295 -10.4744 70
-19.2702 8.98898 70
-0.166247 0.0503205 70
10.1102 9.61453 70
-0.266901 0.377978 70
-0.36532 -29.8832 70
-0.317698 -0.260567 70
-0.655883 0.464541 70
0.584438 0.303356 70
-19.476 -0.443181 70
-40.165 -9.0921 70
-11.0909 40.8218 70
-9.07018 9.2098 70
-0.894138 9.87578 70
9.76269 -10.0949 70
-0.540062 0.0475781 70
0.257282 8.9038 70
10.2447 0.0232681 70
-20.4942 -0.599785 70
0.195126 19.5739 70
0.846454 0.756277 70
0.151209 1.29587 70
-21.1351 8.5417 70
0.0729691 -0.33157 70
0.183027 -0.472528 70
9.65526 30.0742 70
-20.3607 -11.3784 70
-10.2736 0.760476 70
0.640749 -0.17064 70
-21.4029 10.9896 70
1.28635 -19.8129 70
-9.92772 10.1334 70
-18.8343 -11.339 70
-10.7215 8.73008 70
-0.288436 -0.0159459 70
-0.416238 10.4478 70
0.584538 9.53305 70
8.76235 -0.270692 70
20.808 -29.3465 70
-1.48158 -0.501758 70
-9.53377 -8.61833 70
10.1393 0.932203 70
19.9845 -39.8796 70
1.36954 -1.45015 70
-0.912029 20.7035 70
20.9742 21.3494 70
-9.51839 -1.41802 70
-10.0892 -0.178589 70
0.127499 -0.0351559 70
41.482 69.6781 70
0.0419112 -9.37981 70
-20.8619 9.52798 70
1.05114 1.25794 70
0.948328 0.832156 70
-10.2682 20.3484 70
-8.54026 0.794558 70
0.856435 1.36704 70
-1.29867 -0.921888 70
0.657063 0.462332 70
-0.362542 -0.962209 70
-39.362 9.26572 70
0.726997 8.59154 70
-38.735 40.1473 70
-0.917593 10.8596 70
-9.92135 -20.9797 70
-8.57736 -0.284998 70
29.1808 20.8912 70
-0.945592 -19.0128 70
