11.2995 -0.497424 70
-0.0296165 -0.775891 70
1.43598 0.00335905 70
1.11047 10.4245 70
1.46627 1.46481 70
1.24059 11.1383 70
-1.42963 -0.331138 70
-10.8719 -0.112809 70
-80.7482 -39.2411 70
0.95212 0.112439 70
18.6868 9.19789 70
9.7347 0.740446 70
-9.24831 -0.831235 70
-10.8004 -0.834821 70
-19.9142 -10.5291 70
21.4021 -0.436396 70
9.21503 10.5801 70
20.1096 10.8771 70
0.652547 -0.812738 70
10.1859 1.49464 70
10.1471 0.365295 70
0.993711 8.77342 70
0.361577 -1.21127 70
0.663887 -0.40033 70
0.281016 -0.920991 70
1.29229 0.732402 70
0.277861 -0.388708 70
1.15831 10.2813 70
-10.5116 -0.476837 70
-10.5128 -31.1403 70
-0.883542 9.11327 70
9.47224 19.1791 70
-0.697387 -1.00671 70
0.0161212 -1.49315 70
0.342081 0.039534 70
0.331264 1.25765 70
0.916285 1.15252 70
-40.6413 69.2155 70
-1.42999 1.24868 70
0.652601 -0.325433 70
0.106946 -0.807938 70
1.40351 9.52539 70
50.4323 19.4715 70
-10.6283 9.13997 70
-10.8987 -10.2178 70
1.33205 19.1828 70
-8.66744 69.4491 70
0.83109 1.49957 70
-0.528982 9.23389 70
-0.696424 -0.823062 70
0.431066 -0.205643 70
-21.3276 -10.6304 70
0.793776 -1.1868 70
-1.45021 -1.36463 70
-18.5711 -18.7494 70
0.963767 -21.4452 70
-10.8836 -0.203308 70
9.64021 10.3985 70
30.2756 21.3562 70
-1.1969 0.754606 70
9.23506 -0.629386 70
0.91228 0.638864 70
0.327902 -0.840183 70
-1.33549 -1.30003 70
0.987514 1.17796 70
0.882223 -0.901021 70
-1.45752 -0.600979 70
-10.1812 -10.1128 70
-29.9908 0.241589 70
-0.0620231 -0.0423117 70
10.0603 -10.6176 70
29.5472 10.063 70
28.6503 9.68426 70
20.3621 11.1065 70
19.6098 -9.88649 70
19.783 -0.0679266 70
-0.0305994 -0.133778 70
-20.6597 29.6413 70
-20.27 29.6264 70
-9.78564 10.967 70
-8.61908 -8.88678 70
0.142623 0.952098 70
-1.09728 -1.06772 70
0.318662 0.719678 70
-9.90043 9.38723 70
1.17085 18.9723 70
0.553851 10.1894 70
-1.1542 -0.7701 70
-0.0312699 19.3701 70
-18.9396 -0.607327 70
-0.000146812 -1.19626 70
-90.8712 -0.728499 70
0.458538 0.902228 70
0.659221 -11.1179 70
1.40983 0.67481 70
-0.236949 -18.9153 70
8.77017 20.9499 70
-0.448736 10.2388 70
1.32446 0.461416 70
0.134094 -0.503546 70
-0.279041 -20.2526 70
-90.8126 28.5038 70
-50.5671 49.8209 70
-48.8672 50.3165 70
0.342884 -1.33005 70
-9.60426 9.31797 70
1.42271 -0.765075 70
10.4799 19.7335 70
-58.8822 -30.8204 70
-10.2061 -0.864392 70
-0.0304824 -10.8176 70
-0.825737 -0.320456 70
-9.09712 -9.94699 70
0.303177 0.556528 70
-0.116182 9.27539 70
1.03296 -0.301551 70
-0.805113 10.4623 70
0.757629 0.635927 70
1.16824 0.102076 70
-0.352663 0.873551 70
-11.1737 -0.798281 70
-10.5117 39.049 70
-0.302743 0.801008 70
21.4086 18.9896 70
1.21557 -10.0042 70
-0.36391 0.100311 70
-19.1184 10.0958 70
0.109776 0.178944 70
-0.808542 1.35052 70
-0.490565 10.9984 70
-10.1685 10.565 70
-31.4515 -0.602635 70
0.795529 51.4155 70
-9.50136 -19.4402 70
-79.8902 29.8935 70
-79.3237 28.6639 70
-19.7921 11.325 70
-0.732998 -0.298803 70
1.24152 -0.422867 70
-0.0844363 0.26674 70
-1.48069 9.01381 70
-1.17725 9.33354 70
9.08197 -10.5192 70
10.5092 -1.2761 70
-0.309478 -29.8779 70
1.2557 10.9658 70
-19.4908 9.365 70
0.0539873 0.0187868 70
-8.91261 0.416523 70
-0.883289 0.630159 70
-0.0594675 -9.68493 70
0.876354 1.13938 70
20.6927 8.7687 70
-40.7166 -59.6537 70
-20.3923 -8.93164 70
1.23794 -10.3722 70
-0.889761 1.069 70
0.670627 11.0548 70
1.44473 -0.811684 70
19.6299 10.9181 70
9.15199 0.655143 70
-0.925648 10.1847 70
-0.350161 -0.251744 70
-1.04295 -1.04275 70
-9.46963 0.538842 70
-0.482593 1.36735 70
-0.0389109 -1.27037 70
-20.2269 -9.02638 70
-8.78517 -0.783917 70
-29.7907 -9.33377 70
0.879801 0.2189 70
0.207627 -0.875728 70
-0.694652 10.1439 70
-1.13239 8.92194 70
-11.2181 -0.603278 70
-9.95014 -9.91845 70
8.79913 20.0566 70
-0.563335 9.55903 70
-0.587228 0.692017 70
0.598291 -1.48559 70
-9.08852 -8.61065 70
-9.30332 9.59684 70
-8.53245 -9.95393 70
11.4711 30.7251 70
9.75891 8.86967 70
19.3009 8.83334 70
0.986233 40.2843 70
0.790694 10.1586 70
-0.412276 -0.159009 70
-9.7562 8.68079 70
-0.427198 1.22405 70
-1.05529 0.808297 70
-11.4496 -9.92495 70
20.215 10.3819 70
-1.01568 0.947125 70
-0.142037 10.7654 70
-10.1389 -18.7361 70
-1.18427 9.52936 70
-1.22056 10.3914 70
-0.198535 0.530095 70
0.8309 0.597716 70
1.36871 -19.5479 70
-0.878884 -0.556748 70
-10.6678 8.7419 70
9.48634 -1.41424 70
80.6195 -28.925 70
81.308 -29.6305 70
-1.00908 0.202214 70
-0.647705 1.09 70
-0.972238 0.323496 70
-0.288368 1.34955 70
20.2854 10.2138 70
0.175372 10.2675 70
-0.883079 -0.140556 70
-9.76804 -9.99042 70
1.33926 9.02698 70
0.837907 1.05202 70
-9.44528 -0.552428 70
-10.4652 -9.82305 70
0.996437 -0.0980015 70
0.649514 0.924988 70
-19.3003 -51.4084 70
-0.554329 -9.31519 70
29.5985 -11.0375 70
0.229781 0.24154 70
-20.2424 40.9941 70
31.1293 -0.82295 70
-10.4812 10.9101 70
19.7138 9.08965 70
0.583292 9.18589 70
-0.900835 1.40669 70
-0.275576 71.242 70
-18.8231 1.08448 70
-0.607734 -0.7619 70
10.1834 8.72018 70
8.90251 -9.67856 70
-10.8135 0.195692 70
9.72956 -1.23906 70
-10.5176 10.4785 70
-1.32275 -1.03739 70
1.46829 1.02144 70
-29.6982 -21.0846 70
30.1062 0.284577 70
-10.4036 0.416161 70
-0.858426 8.54271 70
0.825973 -0.81176 70
0.856309 -11.0845 70
0.412752 0.572069 70
-0.795884 -9.13886 70
1.03016 -19.1645 70
0.441495 9.25965 70
0.667085 10.8614 70
-11.0694 -0.0602229 70
1.42663 10.3772 70
1.13975 -1.14979 70
-0.192997 18.8323 70
11.306 10.7495 70
11.0378 -8.7647 70
-9.2997 11.2523 70
-1.19062 -1.42355 70
-0.928442 -0.620247 70
-9.44591 1.19377 70
-1.23824 10.9801 70
0.705535 -0.022068 70
-20.7289 -29.4848 70
0.596842 -0.0147046 70
-39.7992 -30.5358 70
18.8178 0.609229 70
-0.26277 -0.373781 70
21.148 -29.1963 70
9.62006 -9.71488 70
-0.452316 0.292537 70
-0.154587 0.0588361 70
-20.4646 -19.6449 70
-10.0881 10.4144 70
-0.414456 -0.824799 70
-89.2694 110.5 70
10.1826 -10.542 70
-19.2927 -20.6472 70
-9.8487 1.44168 70
19.8363 -29.0228 70
1.22961 0.757475 70
41.4837 9.09046 70
-0.154972 0.609733 70
-21.103 19.3829 70
-0.114252 -0.877026 70
-1.38677 1.27499 70
-19.0082 19.2519 70
-68.816 11.2332 70
0.551933 1.0956 70
20.0356 -0.661836 70
-0.763574 9.90477 70
-9.67767 19.037 70
10.3486 9.63412 70
20.5771 -10.6027 70
-9.76673 -10.3908 70
0.767883 -1.23393 70
-0.107515 0.699601 70
0.208463 -1.12371 70
0.441799 -0.296142 70
-0.822271 0.682989 70
9.6829 -10.659 70
-0.160021 11.2606 70
19.5441 -11.0851 70
10.7738 -20.4461 70
-0.88062 -19.7447 70
-0.525083 0.444066 70
-10.6353 -9.15487 70
1.09948 -11.4543 70
38.8549 40.9179 70
-40.6515 0.928754 70
-39.9423 0.37889 70
8.6778 -1.06635 70
-10.153 10.6568 70
-9.47874 11.2404 70
-0.950577 -88.532 70
-1.05528 21.3581 70
0.736492 1.08015 70
-29.0783 -40.2555 70
-0.387688 0.784342 70
0.700351 0.180304 70
0.749249 -20.0277 70
-31.216 9.70926 70
0.961777 0.363813 70
-0.232412 -0.236296 70
11.1497 -10.8836 70
1.47275 -0.764126 70
-11.1876 9.96277 70
9.25546 19.9865 70
-1.47507 0.967488 70
10.281 9.9079 70
1.31783 0.060649 70
-11.1751 -21.4652 70
-0.706745 0.82584 70
0.346865 -1.39502 70
1.39454 21.0307 70
11.3519 -1.11155 70
0.582379 -1.1635 70
1.29208 1.4656 70
9.99222 1.03858 70
-8.81662 -1.34275 70
-0.694065 8.63557 70
-19.4059 -1.43385 70
-8.56554 21.1277 70
-0.991481 -0.116419 70
-0.74632 11.1502 70
-0.270881 9.71097 70
-59.1466 60.4099 70
0.244001 -1.18333 70
0.981479 -0.871514 70
-0.695852 -1.00487 70
-9.95762 -10.7677 70
-8.65565 10.092 70
9.35833 -50.4989 70
1.27578 0.01336 70
0.281192 -0.915814 70
0.0388728 -9.22855 70
-0.359107 -10.2033 70
30.8097 -20.4122 70
-1.20699 -0.955288 70
8.60322 18.5203 70
0.743868 1.36364 70
10.7865 0.609092 70
-1.45677 1.46044 70
-0.400048 -0.30152 70
-10.8845 10.3548 70
-18.8044 31.4964 70
-0.311344 1.28541 70
-19.0268 -9.77352 70
0.368518 -0.538435 70
-0.0583241 -1.15181 70
-10.9778 21.2922 70
-0.231688 8.53418 70
1.3702 1.30813 70
1.43083 -9.74877 70
-29.1074 20.1819 70
-29.8694 -0.903535 70
19.0092 9.45936 70
-30.4481 20.8535 70
9.96496 -0.990274 70
48.8325 -38.7077 70
8.83921 -9.81674 70
11.1653 10.2291 70
10.8207 0.472784 70
0.68 0.170927 70
20.2623 90.7887 70
-0.988944 -1.3023 70
0.931021 1.0418 70
-41.2074 9.85327 70
8.85853 9.92062 70
10.9742 11.4475 70
49.8061 70.3608 70
-10.3758 19.2223 70
0.940813 1.15841 70
-1.14079 -1.14641 70
-9.55491 -1.25587 70
-10.2153 -9.42647 70
0.586439 -18.6295 70
-1.0197 0.0793745 70
-10.0653 0.173754 70
1.0043 9.28781 70
-1.36125 -0.783119 70
-9.38996 -0.140919 70
0.151496 -0.594093 70
9.01827 39.4196 70
9.76976 -0.120952 70
1.29421 -9.33113 70
-8.5036 0.679594 70
-0.947223 0.137537 70
0.178285 -11.2704 70
-1.39401 1.2103 70
-0.362035 -20.5245 70
21.4938 0.551634 70
8.69809 -0.949648 70
9.15106 -40.5762 70
0.389117 0.180403 70
-0.816369 -0.859963 70
0.884564 0.0677236 70
0.622511 -0.921417 70
-0.341988 0.945068 70
-8.65045 -59.4694 70
28.6633 21.205 70
-9.39304 20.3021 70
-19.7653 -9.09489 70
-0.171996 8.65946 70
-0.555739 9.87321 70
-0.0343659 -0.779803 70
-0.2696 0.16968 70
59.0909 101.405 70
1.37695 1.35821 70
-0.870773 0.724018 70
0.327022 -0.401912 70
-0.202212 0.811082 70
0.214314 11.2097 70
-0.295903 0.578336 70
-9.22517 -10.5289 70
-11.2678 10.6505 70
1.39587 -0.626728 70
-10.997 10.0697 70
0.934302 1.03535 70
1.3645 20.5316 70
-8.80155 21.3942 70
-11.16 0.9698 70
-0.457973 0.211424 70
8.80902 69.9128 70
-1.10252 -9.02349 70
30.0423 -21.3467 70
0.458326 10.9967 70
-1.27564 0.924198 70
-1.18785 29.5668 70
-1.19744 29.0283 70
-8.60414 19.8721 70
0.273789 9.44443 70
0.397339 0.333221 70
-0.838132 -0.717822 70
1.21572 -0.164411 70
-1.01682 -1.18597 70
1.02012 -0.90777 70
-9.98389 -28.9772 70
1.34375 0.835156 70
-0.670963 -0.499653 70
-0.160336 10.8934 70
-10.1932 -10.8848 70
-0.902556 0.334096 70
0.833166 -0.735945 70
1.25913 -1.29302 70
-0.491713 0.818682 70
0.656608 10.7346 70
1.47418 0.280765 70
0.896793 10.4036 70
-10.5045 29.149 70
10.7456 -21.3286 70
20.7008 -10.2421 70
1.16444 -0.397495 70
-0.21948 9.47138 70
-0.426616 10.5442 70
0.105814 -0.0152547 70
-0.432357 -0.0092514 70
1.46109 9.9593 70
1.05846 -1.44869 70
20.0171 -11.3528 70
0.348263 -0.156374 70
-20.431 -28.5975 70
-0.88225 -0.257903 70
0.912999 1.24957 70
-0.0413989 0.194149 70
-9.55942 40.9271 70
-10.7909 0.337078 70
-8.97334 29.4238 70
-1.15557 0.383914 70
0.21939 -1.27488 70
121.255 -10.7865 70
-0.038508 9.06053 70
0.750506 10.3524 70
0.343623 -11.1389 70
-0.686308 -1.0718 70
-31.0178 -29.2772 70
-1.39351 -0.128344 70
9.95306 -19.9965 70
-0.162624 60.0716 70
19.1871 -19.8148 70
49.9413 -50.5521 70
-0.734721 0.293518 70
11.3572 -9.7497 70
41.4408 -10.5187 70
-9.38857 0.828214 70
1.32181 -1.27012 70
-0.930824 -1.3649 70
-1.06537 -0.83055 70
0.497774 -1.11177 70
-10.5511 0.728256 70
-8.82953 -0.935904 70
0.972108 10.2162 70
-10.5161 -19.4977 70
9.11514 -31.3094 70
-1.20159 0.986155 70
-0.678561 10.9745 70
-1.27768 1.3316 70
10.1463 -11.0434 70
-1.21981 0.90161 70
-1.15741 0.623474 70
10.7977 -1.02633 70
-8.63259 -30.3961 70
-11.1474 -31.3185 70
-1.03085 -0.954098 70
-29.6689 -10.9092 70
-1.1344 -1.25975 70
-0.298912 -0.0663775 70
28.9986 19.2713 70
28.5322 20.1855 70
-1.29811 9.36069 70
9.29255 -1.15631 70
-0.863018 0.885987 70
-31.2838 60.7651 70
1.23685 -0.288935 70
11.273 10.7535 70
-0.265667 -1.10747 70
9.13977 0.799808 70
0.313056 0.971465 70
10.4102 -0.159849 70
-1.29422 0.109443 70
-0.191123 0.79223 70
-9.4502 9.68986 70
9.9718 -9.56886 70
0.567541 -20.6496 70
10.9332 10.6192 70
-0.206954 0.619463 70
1.07408 29.9663 70
-0.372903 0.726043 70
29.8771 -30.9388 70
30.7706 -31.3233 70
-9.0243 11.4029 70
-0.418811 11.2478 70
11.0627 20.6131 70
-0.744506 0.485233 70
-1.34306 0.407877 70
-0.0421484 -1.22974 70
11.3184 9.74925 70
-0.979093 -0.893777 70
0.187726 0.382132 70
-1.19215 -0.33237 70
-11.1405 -1.19909 70
18.9791 11.3868 70
0.221276 0.436948 70
-1.38892 8.83915 70
10.637 -11.2386 70
-9.68558 11.1733 70
-0.737551 -0.866196 70
-8.96698 10.006 70
11.4527 -19.0665 70
40.1622 -11.3266 70
9.56619 -0.280718 70
9.06518 0.179853 70
-20.3183 10.9676 70
0.560922 0.0214116 70
0.308986 0.935043 70
49.9394 -29.4238 70
38.947 0.581842 70
0.81581 -0.00205715 70
11.1687 20.3672 70
-1.34685 0.209483 70
-8.53102 0.472709 70
-0.336614 1.08928 70
-0.305386 -0.343657 70
-1.16629 1.10031 70
8.65703 -9.93961 70
-0.888544 -0.954664 70
1.27809 -1.42591 70
-0.755471 -0.709958 70
-8.80294 9.97163 70
-19.5718 -20.1022 70
-19.7403 -21.308 70
0.226621 0.256905 70
68.6956 80.477 70
29.4066 10.8435 70
30.1385 9.5709 70
-10.5983 1.26488 70
-31.4632 11.0855 70
31.3646 9.57442 70
-39.1968 18.9225 70
8.65445 1.11066 70
-0.348834 9.31028 70
11.3866 -9.17568 70
-1.11505 0.228286 70
19.3034 1.23247 70
1.33241 -1.22783 70
-0.646491 -0.634222 70
19.8381 20.9143 70
-11.0088 -1.4056 70
-10.8253 -10.5672 70
-10.9771 8.98589 70
1.05548 8.7212 70
0.34724 -9.81923 70
-0.516514 -10.5028 70
-1.22764 0.845806 70
0.00834523 -0.711183 70
-0.196592 38.7116 70
0.299378 -0.181211 70
0.95417 0.703815 70
0.729698 -0.624614 70
-0.744967 -1.19911 70
-0.810685 -0.826756 70
-0.932023 1.2073 70
9.58196 9.49372 70
0.613923 0.260119 70
0.335274 0.015869 70
10.5673 -8.74408 70
1.09216 1.41152 70
-20.3724 0.989442 70
10.5879 10.1907 70
-20.8246 0.54108 70
-19.6872 0.530011 70
1.00111 1.15403 70
-9.37262 38.8098 70
-10.7192 -9.13452 70
8.51361 9.9464 70
-8.5966 11.374 70
-1.46695 -21.369 70
1.20266 11.2099 70
-9.50031 -18.771 70
29.8639 1.22984 70
-0.58153 -0.345981 70
-8.99719 -8.6002 70
-9.7408 -9.39136 70
-19.8122 10.3399 70
-9.347 10.7022 70
-19.3355 -0.649922 70
0.6437 -9.11376 70
-0.609407 -0.261221 70
-0.50244 -1.45496 70
-1.2171 1.15565 70
1.1926 -1.06095 70
-28.7594 11.1439 70
-1.46067 -0.117725 70
-0.12657 -1.35165 70
-29.8209 -1.01621 70
-19.4958 40.8045 70
-11.3386 -0.804398 70
0.549981 -0.889415 70
-10.7239 -1.26799 70
0.589942 11.368 70
-1.09802 -0.723014 70
-19.278 -1.08561 70
-0.439545 -0.180032 70
-10.3855 0.134133 70
-1.28688 0.10822 70
0.467881 -0.977216 70
1.22055 -9.86654 70
-0.229531 -0.190864 70
-19.6679 8.60463 70
39.0288 -19.6339 70
-1.3181 -11.111 70
-0.685811 -0.358719 70
-9.09269 19.9575 70
-1.04897 9.14241 70
1.29554 18.9551 70
0.374414 0.261739 70
8.84416 10.909 70
30.6623 11.2579 70
20.5874 1.37345 70
1.42 0.230746 70
0.574179 1.39272 70
0.983413 -1.35382 70
0.320519 -9.50526 70
-10.0867 -9.69601 70
-10.1709 1.34986 70
-0.513183 0.223449 70
-59.4548 11.3801 70
0.0856156 0.921006 70
1.30308 0.34757 70
40.7038 29.0099 70
-10.2995 -8.74911 70
-21.3183 9.41952 70
-20.7244 -10.9393 70
-9.35619 -0.954364 70
-0.33579 8.6467 70
-0.926702 0.837624 70
-0.645914 29.1856 70
-0.499148 -1.14135 70
-0.987176 -0.748459 70
-0.108443 -0.855381 70
1.23896 -0.573056 70
-0.19657 20.3113 70
1.40509 20.2256 70
1.29437 18.6385 70
-0.0787894 1.25955 70
-10.0699 0.471088 70
9.05311 19.8545 70
1.36026 9.82619 70
-1.48213 9.04803 70
0.306833 9.48415 70
-30.7768 28.5195 70
-0.597704 10.4669 70
29.9666 30.085 70
1.23924 -0.300427 70
0.314586 -0.252573 70
1.2888 -0.597855 70
11.1244 -0.115928 70
-0.640921 -0.655012 70
0.507152 -0.372014 70
-0.555205 -1.47706 70
0.183651 -0.975187 70
1.45362 -0.639422 70
8.90313 0.684571 70
-21.3252 69.2243 70
-0.406841 10.4806 70
-8.57984 -20.3086 70
1.20629 -0.658133 70
-28.9449 48.5789 70
-11.0063 -0.560775 70
1.32869 1.44429 70
-1.09103 1.32689 70
0.549541 10.8914 70
20.8333 -0.160922 70
-8.58808 20.6154 70
0.469377 -0.508288 70
-1.26262 10.0864 70
-0.0128979 0.968034 70
-11.3894 20.92 70
-1.1134 0.510014 70
-10.1182 -1.06941 70
10.8734 8.74803 70
-1.41363 20.5267 70
-0.126987 -10.2372 70
-1.34688 29.4526 70
-1.03509 0.442252 70
10.3458 -9.59427 70
-9.8114 -10.4209 70
-10.2548 -9.57214 70
-1.3902 -10.581 70
0.671308 0.551371 70
18.9171 39.1424 70
0.0405453 0.183378 70
-39.287 -31.1734 70
-41.3199 -31.0814 70
28.7534 0.704602 70
-9.32598 -1.04208 70
-10.44 0.440365 70
-49.6364 50.4712 70
10.6548 -9.16464 70
-0.0924486 -9.07563 70
-0.985829 0.492583 70
0.495633 -8.6918 70
0.82115 8.69874 70
0.02104 9.97616 70
10.0676 18.5502 70
0.446966 -0.419207 70
-0.301394 -1.31255 70
-0.143363 -1.47485 70
20.3669 9.04441 70
1.00896 0.859723 70
-1.05543 -0.585292 70
10.9208 -0.535796 70
10.0189 80.4065 70
-40.1911 -79.3086 70
41.4251 -8.75315 70
-1.49287 0.544917 70
-20.9377 0.474047 70
-0.577652 -0.616354 70
-70.9465 11.1756 70
-0.652075 -0.858947 70
-1.17398 1.24246 70
-9.66238 -0.939469 70
29.8064 1.1555 70
-1.14328 0.180088 70
0.511114 0.250605 70
1.00325 10.5057 70
0.911047 -1.20949 70
0.96017 0.774522 70
-9.8711 0.867169 70
0.352703 0.845562 70
-10.3554 -9.57619 70
-10.7857 9.29554 70
-1.01477 10.8694 70
0.259825 -1.4372 70
-1.03075 -0.510826 70
18.8092 21.0794 70
0.214776 20.1391 70
-0.98671 -10.2639 70
9.5508 -1.09435 70
39.0593 -10.3352 70
0.579276 -0.38815 70
0.108305 0.122639 70
-0.239403 -20.2572 70
0.700535 8.74755 70
-11.3693 9.11173 70
1.35774 -1.40546 70
9.03425 9.1894 70
-1.46834 1.33122 70
0.965585 -1.21199 70
0.407613 1.31027 70
-19.9217 18.5973 70
-0.834315 9.57117 70
-0.517483 9.61544 70
-11.2933 -0.250743 70
0.753501 0.237064 70
0.0439483 -1.31088 70
9.58002 -0.0201445 70
-0.528936 0.350607 70
0.522598 8.89368 70
41.3048 79.9874 70
