10.6887 0.806109 70
-0.506137 -9.09741 70
0.392989 0.638866 70
-19.3929 18.8303 70
0.519287 -29.226 70
-9.35308 0.0793175 70
38.5544 -30.1268 70
11.1878 -10.3736 70
-1.11896 1.24925 70
0.288188 -8.59752 70
10.8569 20.8362 70
0.853682 1.17887 70
-28.6589 1.1962 70
1.48844 -0.649763 70
-59.6363 -30.8459 70
-10.076 -0.505149 70
-0.351793 -20.846 70
-9.56353 -9.69368 70
0.134841 0.975259 70
11.3526 -19.2091 70
-10.5259 -10.3674 70
-1.46603 -1.10726 70
0.153 -11.038 70
-9.39874 -8.99666 70
-10.4431 -9.33611 70
-0.71437 -0.296748 70
29.6076 0.547586 70
1.36616 -1.44739 70
-1.49438 9.87995 70
0.312207 -10.8821 70
1.01356 1.37749 70
-10.4943 1.2819 70
-1.37292 0.658349 70
-0.866925 29.2525 70
-11.4091 -0.423092 70
-1.18531 -0.268435 70
-0.624969 -1.17279 70
0.625676 -0.608509 70
-19.3509 -0.408491 70
-10.7303 -8.89682 70
0.345956 -1.06616 70
-10.4469 0.130918 70
-9.46902 -8.76717 70
-0.0530146 -1.3378 70
-8.63193 -9.06826 70
9.93097 -0.0304793 70
-9.5236 0.400731 70
0.922731 -0.40082 70
-1.35139 0.014539 70
0.246568 1.25382 70
-9.40392 10.0727 70
-18.5862 -0.646271 70
-1.05386 -11.1761 70
-18.9851 1.12191 70
8.75889 0.190866 70
-9.26147 -0.830423 70
1.08781 -11.4206 70
1.03644 -0.91452 70
0.704991 20.0292 70
0.316295 0.778067 70
-0.497251 1.00055 70
1.34713 -0.603673 70
-30.669 -9.794 70
-1.46333 -20.499 70
-9.74659 -1.01764 70
28.9542 20.9556 70
10.7837 -0.232345 70
-21.0443 -10.0675 70
-19.8499 -8.63086 70
-11.3333 51.1424 70
8.61288 0.886668 70
-0.534207 -30.1284 70
29.4761 8.54974 70
18.8751 -0.368897 70
20.0935 -0.117794 70
-11.0271 -19.5499 70
-0.89793 -29.7346 70
0.14921 10.0872 70
-20.9118 -9.06828 70
-39.0774 10.7978 70
-10.2018 20.7384 70
0.884761 -1.35027 70
-20.6449 30.4164 70
-1.40794 -10.9567 70
8.91984 1.49312 70
-10.9755 9.22632 70
-11.4939 9.51487 70
-8.73372 0.786586 70
-11.1991 1.2453 70
-9.12275 0.138026 70
-30.3724 -10.7462 70
0.974911 -18.8788 70
-10.9633 -0.956345 70
-0.192942 -20.4813 70
-0.292587 0.101604 70
18.6289 -0.778747 70
-0.669504 -1.44403 70
-1.15277 -1.3004 70
10.0373 19.843 70
-11.294 -9.95541 70
-9.82345 -9.95133 70
0.236503 -1.09779 70
31.3868 99.9883 70
-0.360266 -10.529 70
-10.345 -8.66665 70
-11.333 -9.69598 70
-18.9022 10.5941 70
-9.62479 9.06643 70
-9.16073 0.675056 70
60.4514 -41.2267 70
-10.4557 -8.50752 70
-1.1466 0.38254 70
-11.3065 -10.6089 70
-1.05304 -9.45735 70
18.8366 -60.9582 70
20.4346 -58.661 70
-9.27394 -21.0815 70
-0.709911 1.18244 70
0.510065 -9.07865 70
-1.36893 9.78852 70
-0.807998 1.10727 70
0.637744 -0.725949 70
-0.703372 -9.95845 70
0.131421 -1.22414 70
9.93992 9.94498 70
50.1092 -18.8927 70
-70.2254 0.684924 70
0.0669962 -0.299674 70
9.13787 1.12752 70
-9.7582 -8.56843 70
-19.1142 -50.5176 70
-29.0416 -0.949031 70
-9.68412 1.07702 70
19.868 -0.337591 70
-21.0451 -20.4136 70
-0.480277 -8.50405 70
1.41248 -11.1973 70
-0.153885 0.790681 70
-18.5733 -10.8849 70
-1.26156 -11.4962 70
-1.25695 -29.0025 70
-0.784014 -0.64503 70
1.48767 1.18969 70
-0.794035 9.2289 70
-9.85603 -10.9788 70
0.787945 0.518145 70
-9.74438 -10.6744 70
-19.2505 -0.320647 70
-0.293542 -1.23194 70
8.89393 -0.312695 70
0.451615 -8.72475 70
0.229635 -9.75413 70
-9.28831 -1.30484 70
10.3245 20.6725 70
-0.210438 0.731946 70
-1.02514 -10.2941 70
8.60674 0.27524 70
-10.3759 -10.7465 70
10.4515 -0.413601 70
1.44541 0.907419 70
1.16978 -10.4656 70
0.805192 -9.99098 70
-0.069995 -10.0178 70
1.05815 30.2964 70
0.312372 -10.6314 70
-120.051 -28.7276 70
8.77775 -9.56614 70
-9.88812 -10.5885 70
-10.4647 -1.4297 70
-1.4276 1.05498 70
-0.0975561 -0.9189 70
28.5669 19.2953 70
-0.732632 1.04764 70
-0.383073 -1.24911 70
59.1173 -21.2521 70
0.0553228 -9.30748 70
0.478309 9.222 70
-1.00139 -19.9034 70
10.4667 -0.294001 70
0.246638 0.557435 70
-9.25996 1.28047 70
0.500071 0.520442 70
-1.1206 0.174255 70
-20.7275 -19.6032 70
-0.487218 -1.42685 70
-1.01285 9.85898 70
20.9275 10.0439 70
0.298813 21.4821 70
30.1782 30.4526 70
1.06821 1.32718 70
-9.8107 0.749145 70
-1.37853 1.06367 70
-21.1786 1.44568 70
-19.5239 -20.5381 70
-9.24209 -8.71205 70
1.01652 -8.64763 70
-9.72361 -20.4156 70
0.458799 0.840724 70
18.6458 -11.0503 70
-8.87168 -1.38347 70
-11.0293 19.2414 70
40.875 69.8602 70
0.829944 -1.34961 70
9.93856 8.57139 70
0.230554 -1.39088 70
-0.676991 -11.0849 70
-11.4989 -21.2078 70
-8.52864 0.0394294 70
0.170854 -0.79528 70
-0.678405 -19.2926 70
-0.152661 -20.413 70
-71.1811 -1.18111 70
-1.34547 -10.4415 70
-20.9179 -10.3435 70
-10.4197 -1.14839 70
0.396184 -18.5649 70
-9.40662 1.27868 70
-9.17508 10.3191 70
-9.95817 -10.1247 70
-0.379562 9.61155 70
-9.88375 -1.068 70
-9.06701 -1.22543 70
-20.614 9.01069 70
-0.613848 -9.19675 70
-11.4286 -9.62236 70
-10.0838 -10.7206 70
0.453885 -0.178893 70
-9.88671 -9.262 70
0.528566 -9.75626 70
-11.3533 9.71479 70
-9.02511 -21.4091 70
-0.0125772 1.39448 70
-8.79053 49.5215 70
-11.0441 -10.1196 70
-9.73772 -10.8833 70
8.55894 -10.0436 70
0.713699 -20.761 70
-10.2307 -10.676 70
-0.881146 8.67222 70
-19.1776 -0.0373741 70
-0.611719 -1.32464 70
-9.66623 0.713699 70
10.1107 1.14808 70
-9.58249 -9.13487 70
-1.42056 -1.00858 70
-10.495 -9.17528 70
-1.11901 -11.012 70
-0.113482 -0.750426 70
0.345693 -0.774438 70
11.2118 -0.17895 70
-0.403713 1.1221 70
0.841589 0.152178 70
1.10019 -1.17981 70
0.640663 0.000681936 70
8.76482 -1.47419 70
-9.51388 -9.82064 70
-8.84947 -0.420861 70
-10.473 -0.950593 70
-0.781256 -10.2517 70
0.512859 -1.33653 70
11.0069 -0.964482 70
10.0478 0.387853 70
11.2084 -11.4599 70
-48.8149 21.0106 70
-10.3119 -8.95503 70
-1.00651 -8.78681 70
9.71908 -21.4535 70
9.94901 21.0499 70
1.20017 0.295516 70
-0.0740663 -0.123706 70
10.2704 -11.0381 70
11.1774 18.6168 70
-11.4659 0.344631 70
-11.0154 8.78827 70
-0.901538 0.327701 70
-10.3963 -0.297291 70
-1.31577 -0.925884 70
-8.9265 -10.1074 70
-1.32217 -1.39523 70
-0.678247 0.0340207 70
1.24359 -0.186811 70
-0.283362 1.36402 70
0.216828 -0.61788 70
-40.8473 -0.7601 70
-0.0871903 1.29026 70
10.9648 8.78284 70
-19.4697 9.27406 70
-1.33301 30.808 70
29.4706 18.7211 70
1.18715 1.19832 70
-10.4749 -1.03245 70
-1.45732 -10.9829 70
0.60587 -10.3072 70
-0.800547 0.960555 70
20.1369 1.49402 70
-1.43595 -9.44069 70
9.34672 10.163 70
1.15611 1.0492 70
9.10404 -10.9074 70
-9.09572 0.490883 70
-61.1007 80.6923 70
10.2331 18.9539 70
-1.43698 0.259575 70
-49.0318 -38.9175 70
-0.843983 -0.767492 70
-21.1236 -1.38281 70
10.5454 19.3125 70
-1.32127 -0.775227 70
-10.336 -11.2288 70
1.01645 0.0130295 70
-0.113357 -0.933663 70
-11.247 1.05885 70
-0.239958 -10.5818 70
-28.9846 18.7005 70
-9.70696 0.467164 70
20.9607 1.18597 70
-41.1366 -20.4922 70
-9.68935 -0.600967 70
30.6636 20.6886 70
-20.7544 -10.3719 70
11.0681 -0.434607 70
0.414488 -0.913851 70
-18.8802 9.07877 70
1.01235 39.9317 70
0.508429 1.21859 70
-0.561468 10.3309 70
-10.4616 0.563592 70
11.2364 -19.0333 70
29.6352 8.73555 70
-10.1635 -9.05467 70
-8.74948 -11.2626 70
-19.5867 19.2774 70
20.6231 0.115544 70
19.7455 1.1519 70
-29.5719 0.436257 70
-8.86897 8.89419 70
0.9641 20.5443 70
0.0882547 -9.23193 70
0.609191 -11.0905 70
20.4882 -19.6651 70
-10.5058 0.927879 70
1.27001 -0.692595 70
1.21947 -1.44376 70
9.58724 30.7693 70
9.16017 1.3246 70
-8.71433 0.531952 70
-1.14136 9.2728 70
0.400387 9.03549 70
28.6019 9.22804 70
10.5629 -0.594416 70
10.943 8.73063 70
-19.148 0.427622 70
9.13583 1.07567 70
10.6962 -29.6615 70
-0.841377 9.79874 70
-90.2657 39.0401 70
-9.8678 0.847057 70
1.17352 19.2858 70
-10.5389 0.941343 70
-10.5915 -9.1023 70
-9.5482 -19.0697 70
10.1533 9.89437 70
-0.787245 -20.3173 70
1.06824 -18.5547 70
-20.5819 -18.534 70
10.4554 9.75469 70
10.4581 10.3989 70
8.93425 -10.3381 70
-9.62493 0.857556 70
10.0501 -39.6495 70
-0.30665 -10.4305 70
-10.4142 -9.66676 70
-10.0967 -0.00600954 70
1.18184 -9.47148 70
-21.3901 0.313055 70
-11.0166 10.3803 70
9.60679 -9.01378 70
9.6187 -19.9267 70
50.4887 -19.7694 70
-9.8819 0.139741 70
-8.57571 -10.1864 70
0.765122 -11.2142 70
1.3539 8.76346 70
0.139138 -10.4839 70
-0.296775 20.0641 70
10.6802 11.2812 70
-90.7603 -99.5113 70
0.796642 0.942987 70
-0.0212578 1.41281 70
-1.43245 -0.244556 70
-0.9532 -21.0553 70
-21.1642 1.31993 70
-10.7305 -10.4308 70
31.229 10.9635 70
9.18154 -10.0155 70
10.562 10.4023 70
-8.8915 -11.2388 70
-11.4411 -10.5182 70
-0.698637 0.580588 70
9.43089 1.02902 70
19.5869 61.3004 70
-61.4066 9.0894 70
51.1047 -49.8722 70
0.394571 1.44147 70
-10.5826 -0.736797 70
0.37756 -10.5359 70
0.731821 0.224378 70
8.97517 10.1378 70
-0.897697 -10.8119 70
-11.3462 -0.422953 70
-1.49406 -10.0026 70
-8.83461 9.45441 70
-10.4019 -0.754163 70
-11.3708 -0.430436 70
-9.00763 0.212271 70
51.4886 -11.1459 70
-0.594312 -10.3819 70
-8.82381 8.57571 70
-11.3118 -9.28289 70
-1.03809 1.21337 70
0.126168 0.724428 70
-11.4016 1.08879 70
1.45656 1.29914 70
-19.5853 8.65767 70
10.1213 0.509434 70
11.2993 -39.9341 70
-0.217925 -9.13962 70
30.7202 -9.76894 70
11.4453 1.19115 70
10.6448 -29.3015 70
-8.9971 -9.2248 70
-78.6739 58.905 70
-80.9747 58.9356 70
-10.2607 -1.3696 70
-58.9069 -21.197 70
-8.88994 8.73507 70
10.515 -10.849 70
0.260619 0.453597 70
0.505528 -11.3761 70
0.199587 -9.26781 70
9.91169 0.725865 70
-9.0915 -9.89479 70
0.502238 0.612897 70
-10.5322 8.74971 70
-10.2583 -10.9341 70
-0.611808 -0.513922 70
-11.4937 -10.0225 70
-0.0259539 -21.4871 70
-10.4899 1.07039 70
-21.0276 -49.7429 70
-21.2362 0.314095 70
-1.40957 0.0543354 70
-9.63975 -8.53346 70
-20.9538 0.897034 70
-0.326038 0.185259 70
29.9906 -49.3002 70
-0.0428288 -0.712037 70
10.9029 10.4924 70
8.56017 1.21467 70
-8.55081 -11.3052 70
-0.519211 -9.66744 70
-0.733275 -1.22774 70
-11.461 1.15947 70
0.149212 -0.279414 70
-0.71945 -0.506708 70
-0.447306 -10.0064 70
-11.056 29.9696 70
-0.574819 -0.933737 70
0.563434 0.838167 70
-9.40863 0.0762842 70
1.22613 -11.4571 70
-0.668748 11.3604 70
0.97456 -9.66086 70
-9.63712 0.921988 70
0.253998 9.11598 70
-1.37622 1.32645 70
0.0936659 -11.2967 70
-0.265579 -9.8174 70
-10.2154 10.8673 70
0.135373 0.0507331 70
-60.5469 1.31846 70
-9.96649 -19.9631 70
-0.434683 -0.448968 70
1.46528 0.588475 70
-9.18033 -9.48095 70
-11.4283 0.880055 70
-10.8271 -1.22166 70
0.923254 -0.076517 70
-8.73952 -0.0690205 70
20.4281 0.956739 70
18.5115 -0.593551 70
40.0773 9.90022 70
-0.220027 -0.6615 70
-11.4629 -19.7019 70
-20.0283 -0.751822 70
-8.543 1.36721 70
0.607554 10.3756 70
-8.69917 -0.0764259 70
-1.12095 -8.67212 70
9.64434 30.6874 70
-80.5173 -0.452093 70
0.739837 -9.89044 70
11.1427 -0.459825 70
0.977316 -0.661071 70
0.445595 -10.288 70
0.376362 -20.8539 70
0.143417 1.44834 70
-9.55856 18.5011 70
-0.39101 0.778775 70
1.2547 -0.796595 70
11.2782 -0.249103 70
1.20212 0.246304 70
0.152435 0.238221 70
-19.2126 8.92104 70
-10.0753 -9.05088 70
-0.726499 -1.27934 70
-20.6361 -19.9739 70
-10.6371 0.593296 70
-0.975638 0.448786 70
20.6047 40.9601 70
-19.5222 -10.443 70
-1.15301 9.23003 70
-1.34623 9.38269 70
-1.35893 -0.238604 70
-9.30901 1.13343 70
-19.5567 -1.24482 70
-20.2554 -0.252616 70
8.62004 11.2522 70
-1.29658 8.54591 70
9.95417 -8.56653 70
-0.328529 -10.2993 70
-9.63365 -0.38186 70
-0.597847 -0.927042 70
19.1903 9.81181 70
-49.8841 -29.7194 70
-10.4764 -0.679165 70
-19.1527 9.63568 70
-49.5964 1.22698 70
9.72628 0.929889 70
1.46796 9.05385 70
1.4982 8.89693 70
-1.05108 -0.126895 70
-8.50242 -0.0790716 70
0.305438 -10.1432 70
59.3502 -41.4676 70
-9.15576 -8.72826 70
-0.190011 -1.34139 70
-9.0875 1.40737 70
10.6398 -20.6056 70
-11.4865 -30.394 70
-0.819651 9.19594 70
40.3812 -19.0169 70
40.547 -20.6204 70
10.0483 -9.40721 70
0.677803 -0.114085 70
-9.00849 9.25458 70
-10.0159 0.671093 70
-11.119 0.567316 70
-10.1432 -0.478644 70
9.31011 -59.7149 70
10.4953 -61.1929 70
-21.229 30.9849 70
-0.694883 31.3877 70
1.27215 8.88065 70
0.941389 -10.8368 70
-19.0166 -9.70819 70
10.8689 41.1485 70
-10.8991 -0.014673 70
-1.04749 -9.62616 70
-41.1813 -21.3758 70
-0.380904 -10.683 70
-11.2086 -10.0977 70
-0.918016 -11.2821 70
-1.0859 10.6578 70
10.1254 -19.3963 70
-9.94537 0.943902 70
-11.1714 0.973502 70
0.198425 -21.2717 70
-1.10785 0.673555 70
-1.45187 0.473138 70
-1.04945 -10.0385 70
-0.731476 -9.42664 70
-0.589824 -10.3646 70
10.3674 31.0271 70
-9.69738 -1.29859 70
-11.1007 0.627163 70
9.90128 -1.07291 70
-9.44723 -8.99853 70
1.37152 9.4499 70
0.524402 -11.2025 70
-20.1646 -1.32016 70
-10.8642 -8.79242 70
-0.0717756 -1.25182 70
1.30959 -10.8975 70
40.1726 59.5034 70
-21.4153 -0.968965 70
-0.25654 -10.8245 70
0.039281 -0.278326 70
-18.6806 -59.0265 70
-9.51702 -11.1392 70
8.95918 -29.7146 70
10.6912 -29.8582 70
1.38685 31.0193 70
-9.25509 -9.95333 70
-10.9913 -0.0614273 70
-9.75804 -1.07126 70
0.49007 -9.13107 70
19.2769 -10.0321 70
20.3478 -11.0338 70
-11.4399 0.35155 70
-9.13345 1.33271 70
-9.63477 -0.811314 70
-20.8537 11.0021 70
-19.2014 -9.65778 70
-11.2818 -9.79744 70
-0.00748411 0.605277 70
-1.27001 -1.47539 70
0.845156 0.129144 70
-11.073 29.8275 70
-11.1911 -9.93592 70
-8.54711 -11.1401 70
21.0661 -1.41615 70
9.22994 20.3088 70
-9.05765 -10.6931 70
-60.9497 -21.2469 70
0.799331 -1.38757 70
0.183441 1.20923 70
-40.9956 19.9628 70
-0.936595 1.2589 70
19.2165 31.4857 70
-8.87626 20.4825 70
-1.3858 -0.467051 70
-9.17465 1.24653 70
-9.42024 0.774863 70
0.0873789 9.38793 70
-49.609 69.2343 70
-10.0244 -0.381781 70
-8.97505 0.549254 70
-10.0058 -0.928616 70
0.344271 -0.457811 70
-1.14327 11.0177 70
-10.2095 -10.8201 70
-1.27624 0.474915 70
-1.06806 -0.00202673 70
-19.5741 -9.80335 70
-0.863786 -19.6152 70
-10.5654 1.05308 70
-11.2796 -1.26001 70
0.74684 -10.8622 70
-8.88357 -1.34842 70
-40.5419 31.062 70
-30.015 -0.528144 70
61.2253 -31.2695 70
0.213361 0.909566 70
0.060918 1.25925 70
-60.2456 -31.2401 70
-10.2736 50.1209 70
-9.18059 0.839603 70
-9.6965 9.79612 70
30.6954 69.4043 70
-0.91727 -1.05653 70
-8.59374 -1.13949 70
0.00553084 8.85294 70
0.0931008 -11.4046 70
0.493853 -29.6575 70
-9.11816 -9.36984 70
-10.5304 -9.93636 70
0.0272091 20.714 70
-9.03142 -1.07608 70
-0.227405 10.6746 70
1.34713 -11.0683 70
-0.898333 -11.1236 70
-1.00755 -1.13298 70
0.0538716 -0.0589849 70
-50.1977 1.25711 70
-50.4773 -0.0448928 70
0.331923 -10.2038 70
-10.8098 -0.791646 70
-9.01554 -0.748713 70
-1.08264 1.34638 70
-1.33682 -9.99871 70
-1.21222 11.4029 70
-21.2925 -11.484 70
1.25599 0.0382844 70
-9.91923 -9.8537 70
