-19.8821 -0.0296309 70
8.7984 18.5922 70
-19.408 -21.3905 70
0.251719 19.2787 70
50.8553 21.4069 70
0.769646 -0.107831 70
1.34706 9.30452 70
-9.76315 9.85386 70
8.83117 10.3087 70
-10.2452 -120.286 70
60.3238 1.02846 70
-19.1262 -10.6865 70
1.34464 -1.11888 70
-0.428554 0.158101 70
-0.919392 -9.35301 70
0.463635 -0.781409 70
-1.47895 0.969072 70
10.0065 -11.395 70
-0.475603 -29.22 70
0.429541 0.653523 70
0.0992102 8.9281 70
19.2943 -50.9528 70
0.298079 0.957185 70
8.77149 -18.8451 70
-1.17643 0.0623175 70
-0.346196 -0.0104121 70
-0.616045 -1.15747 70
-20.4477 0.584616 70
1.237 1.26797 70
-1.40564 0.298574 70
-18.62 9.773 70
20.4694 -0.170087 70
-1.31108 9.25788 70
-41.3458 11.1384 70
-9.60737 -0.162849 70
-9.99194 -9.49428 70
0.83446 9.55881 70
9.53668 -21.0237 70
30.2641 18.6718 70
28.577 21.3738 70
-19.4901 30.413 70
10.5896 0.468267 70
-8.79864 -0.082483 70
-20.6123 -0.0190319 70
-28.6644 50.2862 70
0.92684 0.268081 70
1.18241 -0.0313628 70
-0.741748 0.0299259 70
-0.909721 1.29485 70
-8.64182 -19.2471 70
-8.76332 -1.4838 70
10.2689 -9.53434 70
8.7522 19.7623 70
-49.3311 10.7796 70
-10.2843 0.32885 70
-0.331839 0.787481 70
0.917392 -1.46345 70
-9.57318 0.774588 70
10.3662 0.311321 70
-0.799574 -0.635209 70
-1.27243 0.693107 70
8.78478 -0.608872 70
-39.0684 -1.30451 70
9.57401 -0.560054 70
1.20622 0.440726 70
0.456335 0.494263 70
10.3816 -0.369754 70
8.91163 18.7731 70
-1.05973 10.0415 70
-59.3811 -0.683438 70
0.614239 1.34925 70
19.9285 -8.95987 70
-41.1385 29.7509 70
-41.494 30.2274 70
0.249529 -0.205599 70
-0.335946 0.379221 70
-10.7264 21.0737 70
19.465 -11.484 70
0.517628 10.9506 70
-0.391623 1.16697 70
19.7915 0.528775 70
-0.754881 -1.49711 70
-1.27292 9.80729 70
-0.452831 -0.381198 70
-0.0870846 9.5113 70
0.0636408 10.5776 70
0.510767 0.00921958 70
-1.44696 -8.63217 70
-9.84281 -10.2699 70
28.7356 -1.36064 70
50.005 29.0346 70
-19.8023 -0.102148 70
-0.0188064 11.2876 70
-19.0839 39.9497 70
-1.17743 40.7029 70
-8.67022 -0.602232 70
-10.7381 -8.95139 70
-11.1776 -10.977 70
-10.2601 -11.0988 70
0.8858 0.68882 70
0.532842 0.3418 70
-9.60995 -30.0704 70
-0.865064 0.397043 70
20.9729 19.6261 70
99.6419 -101.452 70
-0.269915 -1.43754 70
0.856582 -1.21593 70
0.570061 -0.762756 70
1.34492 1.01828 70
-8.64441 9.91184 70
21.4917 19.9459 70
0.713622 0.972323 70
0.94352 0.0453684 70
0.71635 -0.234575 70
-20.2057 30.0675 70
0.300717 0.572184 70
-59.5053 -1.0693 70
0.78044 -0.226736 70
19.0231 -19.2667 70
-9.64684 -0.630696 70
-0.215833 0.772602 70
-10.2551 1.16681 70
-9.18869 10.017 70
-0.80676 18.8252 70
-10.3117 -10.7027 70
9.08369 -9.56004 70
0.781901 0.764854 70
-0.236229 -1.40877 70
0.949385 -0.403508 70
21.157 30.5798 70
11.2322 -0.654752 70
-1.27228 0.508883 70
10.1533 -10.8078 70
-1.3192 -1.44334 70
-0.44669 0.93208 70
-1.48798 -0.107584 70
-19.3183 -8.98799 70
-20.1548 -0.901443 70
21.1164 -9.21309 70
20.7053 -28.9148 70
0.566818 10.8346 70
0.528847 -0.621622 70
20.7379 -0.558715 70
-1.40867 11.0465 70
-18.5591 20.7229 70
1.38483 1.17886 70
10.0611 1.06469 70
10.1762 -1.20382 70
11.4174 0.482781 70
10.9285 0.247753 70
8.8267 19.6776 70
30.3027 0.5649 70
30.9461 -0.549257 70
10.9272 -28.8417 70
0.273954 0.709619 70
-20.3996 8.71963 70
0.113805 -0.719605 70
10.7244 -31.4613 70
1.04417 -0.512805 70
-1.11878 1.45626 70
9.76278 -9.49358 70
-9.451 -9.04733 70
0.17702 0.793578 70
-10.3099 0.934727 70
11.1825 -10.8783 70
-28.9035 30.3585 70
0.261921 -9.17927 70
0.483045 10.8359 70
31.3088 21.0148 70
-0.714749 -0.0298537 70
-21.1754 18.7199 70
10.6314 -0.692273 70
0.972615 10.3594 70
-28.6165 11.3371 70
0.295466 0.242773 70
-8.64383 -1.13822 70
8.93183 -0.958098 70
0.237843 -0.35356 70
-0.545345 9.68037 70
-10.2649 -0.362102 70
0.892007 1.29357 70
-9.52326 9.09112 70
-0.63996 11.3643 70
1.09828 1.32 70
0.174016 -0.822055 70
11.1566 -0.208947 70
20.992 -19.1657 70
0.402998 1.48805 70
-10.389 20.0069 70
-1.4943 9.24365 70
-1.14202 0.608639 70
10.0258 10.9249 70
-20.0767 -0.182465 70
-18.9649 9.20578 70
9.25914 1.24091 70
0.679722 1.09294 70
-0.960832 -0.185362 70
0.888961 -0.935659 70
-0.499586 0.688161 70
-0.391284 0.43716 70
-0.528615 -0.408137 70
0.542802 1.0813 70
9.32924 9.39307 70
-9.11241 0.617556 70
9.4271 -10.3048 70
0.654733 -0.699831 70
-1.30089 0.0290042 70
-70.1476 20.6641 70
1.45682 9.98173 70
-9.38253 31.0962 70
9.90924 19.3699 70
1.33726 -0.774567 70
-0.218963 0.55894 70
-1.36142 -0.15411 70
-0.285532 -1.21062 70
-30.9903 -21.3731 70
-10.1065 1.09495 70
39.8471 -11.4616 70
-10.1655 1.31645 70
10.3776 -8.84685 70
-0.493696 -0.366074 70
-0.543171 -0.36516 70
9.99056 -0.564498 70
-1.13411 0.0707288 70
20.3847 10.4663 70
0.980105 -30.4895 70
-1.31629 0.0120075 70
0.0854283 -0.163094 70
-0.450955 1.27079 70
-0.695592 1.04417 70
0.889149 0.155532 70
0.504757 -10.0355 70
-0.342656 0.960309 70
-0.0593145 -1.24037 70
-8.80939 1.23872 70
0.758532 11.4594 70
20.7554 -10.3892 70
-80.048 -50.0281 70
1.26824 8.69671 70
-9.08198 -11.4114 70
-19.2749 9.95066 70
-19.8705 10.4006 70
-1.30648 10.8251 70
-31.2549 9.95174 70
10.1521 -18.8975 70
-0.384223 11.256 70
-21.3785 8.57071 70
-8.61983 8.8457 70
8.78589 40.0062 70
10.5283 48.7111 70
-0.649684 0.229317 70
-1.08681 9.75166 70
-9.29653 0.248257 70
-0.0854698 -1.24424 70
0.246467 -0.946452 70
-0.717375 0.116873 70
-29.6601 40.0763 70
-21.4174 -11.076 70
10.3368 18.524 70
30.4987 18.5348 70
-49.8741 30.5339 70
-19.0151 50.8786 70
-29.3412 -11.044 70
-29.2158 -10.924 70
9.44461 0.0471748 70
8.54134 19.5992 70
-1.1587 -1.07806 70
-21.3381 -9.98983 70
-10.3813 -8.58514 70
-1.36747 10.6361 70
-0.00367088 -11.1122 70
-0.783748 -10.6374 70
0.0655044 -10.2036 70
29.2354 -20.0101 70
0.594141 -0.63312 70
0.544179 -0.173997 70
-29.3447 0.75984 70
-0.819082 0.751895 70
-10.9391 8.96381 70
10.0565 0.870522 70
-118.669 -89.6316 70
1.4353 1.33509 70
-9.18182 -0.700109 70
-39.5469 30.0873 70
0.622826 -8.71517 70
-0.148372 -1.02556 70
0.353608 8.80387 70
-1.09252 20.1668 70
1.21018 -10.3944 70
11.3945 -0.00700348 70
-1.14065 -0.751143 70
0.576525 -0.998789 70
-0.236557 0.559832 70
1.1227 0.827643 70
-9.86059 -30.0096 70
9.69463 -1.25808 70
1.22838 1.17399 70
29.7031 19.6055 70
80.5937 -18.6227 70
78.823 -20.0551 70
8.59386 1.28201 70
-10.68 10.0212 70
-0.82708 39.7176 70
0.603218 29.5467 70
9.60365 0.452201 70
-0.0661428 1.02594 70
1.40738 0.220388 70
-20.9542 9.4364 70
-10.2271 9.78944 70
-9.59921 8.54693 70
-0.828947 0.462782 70
-8.78847 9.43195 70
19.1004 -9.77036 70
0.00959888 -9.2236 70
1.34724 -0.617553 70
-0.989661 0.928417 70
-1.43812 0.205401 70
48.5196 -30.2504 70
11.2195 -21.4611 70
29.1286 -11.1448 70
0.878782 0.22974 70
10.2548 8.93809 70
-0.980405 11.1769 70
-1.39243 -0.257034 70
-1.42404 0.71587 70
1.06389 0.33875 70
-0.981465 -0.62748 70
8.79201 70.1698 70
11.327 -0.108965 70
1.36472 10.1427 70
0.774299 -1.49454 70
-0.0777541 0.0345562 70
-0.00109217 10.3266 70
28.858 10.6996 70
0.951005 -1.38095 70
9.35116 -9.08953 70
8.95818 0.621442 70
1.27244 -0.705755 70
-10.145 -10.9853 70
-0.327498 0.659414 70
0.394706 -1.07686 70
-0.403669 8.50594 70
1.12077 -0.115999 70
-0.109907 1.49125 70
0.665704 1.34081 70
-1.32892 -11.4688 70
9.47417 -0.970359 70
-1.33732 -0.683153 70
8.90791 40.7772 70
0.215262 -1.21289 70
-0.728695 -9.23359 70
-19.2482 9.28249 70
-0.526814 -0.00924044 70
-0.529638 -1.31143 70
0.207619 0.193864 70
8.53085 8.5 70.0007
-1.01351 -1.38706 70
8.7317 20.8758 70
39.0666 30.4523 70
-19.1961 19.5783 70
11.0303 -10.5567 70
8.72823 10.2935 70
0.858726 1.1186 70
-1.17241 -0.351444 70
0.114601 -0.478775 70
-10.1663 8.62369 70
-0.0615467 1.11552 70
0.922279 0.368706 70
-49.7655 1.49036 70
-0.73204 -1.04611 70
11.3305 20.2392 70
11.1713 -10.1747 70
0.21219 0.288958 70
-0.802601 0.964694 70
0.18805 9.9443 70
9.74776 -8.71633 70
11.387 -18.6834 70
11.0484 -8.81452 70
1.3333 -9.24994 70
-1.11613 -0.840272 70
-1.29228 -79.3939 70
-1.06952 -0.374849 70
-0.818443 -0.948478 70
-20.672 -0.681728 70
-19.132 -0.792616 70
1.17945 30.4577 70
11.1402 -19.3475 70
61.0442 -50.0239 70
0.782229 11.0835 70
8.87224 30.045 70
0.581179 -10.6102 70
-8.83592 -40.5628 70
-10.2228 0.884583 70
0.332405 -0.237588 70
40.3176 -71.4516 70
31.2968 38.9513 70
19.7698 -18.8506 70
20.7245 -0.801664 70
18.6711 0.83241 70
-18.7129 -0.197071 70
9.08183 -0.445539 70
1.38873 -0.562715 70
1.37213 0.377446 70
-0.127018 1.08699 70
19.538 10.2671 70
-1.32745 0.889176 70
-0.444918 8.5529 70
0.0686559 -0.142089 70
18.6972 59.8965 70
0.974351 9.63838 70
-1.10144 0.64655 70
19.0834 0.812017 70
19.4412 0.453548 70
-10.6038 9.93918 70
19.6135 -20.488 70
20.18 -19.8035 70
-0.777969 -0.00159273 70
0.400073 0.380235 70
0.282479 -1.36767 70
11.1909 19.7946 70
0.909187 1.09367 70
20.5929 10.1538 70
29.404 8.89901 70
0.261173 -0.551492 70
0.652685 -1.00571 70
-9.30318 -0.298301 70
-1.0918 9.84093 70
20.3494 10.7849 70
-0.752691 8.5583 70
0.141991 -0.242597 70
-11.1191 -0.546349 70
19.3575 -20.8809 70
-19.9205 -0.424455 70
-1.38457 1.37504 70
-0.0343531 1.21767 70
-0.420493 0.186389 70
10.2812 -0.88389 70
9.96269 11.0646 70
1.28942 -0.179728 70
9.74762 -0.0690848 70
-0.363375 -1.28439 70
0.34227 9.01051 70
38.666 0.263147 70
-0.194656 30.2741 70
-10.8184 9.35417 70
-1.2586 -1.41842 70
89.9712 20.2921 70
-0.562741 -1.39093 70
-1.06714 1.46055 70
9.29617 9.4239 70
-9.39787 9.53731 70
9.22803 -0.433187 70
-61.4306 11.0686 70
-1.30844 -10.6718 70
10.9938 18.5239 70
-1.25172 -1.42162 70
-1.07029 -9.76608 70
-31.2283 -21.335 70
9.78345 -1.1256 70
-0.626286 0.311251 70
-0.428224 1.27158 70
-20.5479 -11.3242 70
-21.1867 -9.11768 70
-0.0614367 -9.03309 70
-0.52721 -19.0486 70
-19.2829 20.0386 70
10.5286 0.15151 70
-0.828336 -20.3931 70
-9.89347 -19.3942 70
-0.796565 21.2197 70
20.9244 0.89748 70
30.4832 28.557 70
-11.4711 10.1394 70
0.951884 1.23291 70
-0.0626817 -1.27287 70
10.9807 -8.70162 70
-11.4149 10.1339 70
8.73862 -0.00848938 70
0.677364 0.0943363 70
80.0637 -19.1407 70
10.4437 9.39899 70
-8.71349 9.15581 70
-0.311592 0.103651 70
1.30377 1.01673 70
0.212934 1.33494 70
-1.48101 0.172341 70
1.12592 71.4033 70
0.189407 10.901 70
1.44609 -0.815812 70
0.743727 10.5801 70
0.852015 1.34643 70
-0.0516687 -0.478142 70
-20.6909 9.40343 70
10.9222 10.1813 70
-41.2748 31.4153 70
10.8952 -20.574 70
-1.03008 -0.861867 70
-1.37165 9.9123 70
1.27203 8.84651 70
8.82248 0.420502 70
20.8344 1.27095 70
18.5709 9.63714 70
-0.0814706 0.310671 70
0.49967 -0.308131 70
10.8008 1.0347 70
11.4825 -1.10925 70
10.1094 0.712352 70
-8.85873 1.41595 70
9.21727 -0.823131 70
11.4405 10.3585 70
-1.16515 9.76664 70
-0.876367 8.84635 70
-30.1892 -10.0727 70
10.5933 -1.39655 70
-70.3568 81.1326 70
1.1163 10.6693 70
-0.433726 -1.39811 70
9.27817 0.86934 70
-1.06439 -1.33199 70
-1.43935 -1.44453 70
0.976528 -0.819775 70
19.9279 1.01968 70
-0.301232 -0.171811 70
0.405275 -0.152174 70
-10.9704 -1.08821 70
-8.61222 0.234025 70
-10.6516 1.04228 70
-8.82585 -0.27434 70
1.22768 1.39784 70
30.814 31.1026 70
-8.8981 -0.598268 70
-8.51143 -21.4205 70
1.25054 1.23292 70
-9.23913 -0.403136 70
-8.71364 1.36172 70
1.08274 1.11804 70
-1.25969 -11.2446 70
11.2633 10.2277 70
0.388895 21.4197 70
0.255409 9.39351 70
-1.22429 -10.2503 70
1.21639 10.6284 70
-9.63765 11.2935 70
0.242904 -1.36953 70
-10.1653 1.0058 70
9.69382 50.8045 70
-0.978987 9.62059 70
19.564 20.1253 70
-11.3684 18.9989 70
-8.56146 0.724375 70
-1.4388 0.613831 70
-1.24021 -0.0281426 70
-9.31624 0.257754 70
-1.04007 -9.00865 70
0.83658 -11.0967 70
-8.785 -1.04128 70
-0.880296 0.979775 70
-91.4273 20.9453 70
38.9553 10.681 70
-0.449907 -1.40928 70
-0.752668 0.545365 70
10.2268 30.5506 70
18.5102 1.07601 70
-10.535 0.26001 70
0.757221 0.868965 70
-0.123312 -8.81363 70
0.709577 -0.238408 70
9.64449 10.554 70
-0.978756 -1.4656 70
0.911218 0.598803 70
-0.285868 10.4087 70
10.7668 10.8301 70
1.03731 -1.16299 70
0.566855 0.285204 70
-0.490277 0.0798426 70
-0.197503 0.718754 70
1.21421 -0.183745 70
-9.25817 -10.7189 70
9.18287 0.784921 70
11.2214 29.2849 70
-0.0502044 10.5574 70
10.1585 0.0665839 70
-8.57388 -11.236 70
-0.663306 -1.42118 70
1.08353 0.778644 70
-11.1045 10.6532 70
0.401818 0.0377217 70
0.916708 -1.15068 70
9.1313 0.379832 70
8.64168 9.29616 70
11.1963 -1.40139 70
-0.722158 11.1517 70
-10.9894 0.568398 70
-20.7773 28.8094 70
-0.114451 0.220684 70
1.48945 -0.924453 70
0.629595 10.2854 70
-29.0889 -18.7992 70
-0.262297 -0.256995 70
-0.78588 0.566353 70
10.8262 0.649681 70
-0.935834 -18.6272 70
-0.630995 8.61957 70
-1.23002 9.41403 70
-10.3597 20.9571 70
-10.7478 20.8212 70
-19.6368 9.74341 70
0.499096 -0.0297986 70
-8.78724 -0.352638 70
11.0957 20.7198 70
0.584856 8.61294 70
1.35504 10.6853 70
-9.30693 1.01294 70
-9.57096 20.1784 70
-9.91458 9.78944 70
-0.588417 1.35033 70
0.667813 -0.832448 70
1.01477 1.47195 70
1.07286 9.5329 70
-8.99302 -10.1919 70
-8.61455 59.1633 70
0.46664 0.758554 70
8.80046 -1.03656 70
0.282027 -0.740935 70
69.8681 11.0603 70
-1.15008 -0.78701 70
-21.4239 0.978449 70
-11.077 -0.66836 70
-0.701379 1.40473 70
8.66266 10.9753 70
-0.41616 11.2516 70
9.82653 -10.4564 70
-8.52042 0.176138 70
-21.3102 0.843372 70
20.0044 9.46671 70
0.272807 0.891359 70
10.0803 -10.9396 70
-9.20792 9.71065 70
10.9871 -1.4953 70
1.42977 0.288939 70
9.41036 -0.191103 70
10.7103 -0.423452 70
0.230714 8.64946 70
20.1657 19.7158 70
1.01367 0.688635 70
-0.511753 1.47139 70
1.27187 1.06426 70
0.636 0.267756 70
-0.654077 -0.226465 70
-11.0175 -0.733382 70
0.479722 9.44879 70
10.2381 20.0781 70
8.93015 -11.2262 70
-0.00415587 0.792931 70
9.47853 10.7654 70
11.3196 11.1426 70
0.314918 -0.741824 70
1.39593 -0.297751 70
-0.517879 0.263658 70
-19.4289 9.60739 70
-0.417363 9.17347 70
-0.931888 9.17851 70
8.60074 0.592637 70
-80.1467 -19.187 70
8.53271 19.9974 70
-1.47827 -0.596496 70
9.60415 1.26045 70
0.44841 8.58895 70
1.14832 -1.15374 70
-21.3409 -10.4215 70
-29.0425 -30.6277 70
-0.512878 0.807749 70
-10.2009 -0.851473 70
1.25872 10.163 70
0.430764 9.14395 70
-0.970833 1.41653 70
-11.2992 0.3828 70
-0.920587 -0.572696 70
0.0627969 -1.41835 70
9.45849 0.841617 70
40.2041 11.3309 70
11.0077 -0.441737 70
9.33103 -0.553075 70
-10.3521 -1.33677 70
19.7498 -10.3393 70
0.696135 0.197723 70
1.06602 -11.3211 70
0.60215 -0.195847 70
9.07883 9.84927 70
0.0410785 0.991329 70
1.39602 -1.4828 70
20.954 0.514867 70
19.2605 -0.427722 70
10.9602 10.8941 70
1.40495 0.141837 70
-0.23554 1.15082 70
9.18072 1.14262 70
-1.04985 -9.79176 70
0.264496 10.8084 70
-30.2359 49.2336 70
-10.0057 10.1337 70
10.1918 -10.2889 70
-8.95358 30.9208 70
-10.1019 -19.2297 70
-10.0546 0.426903 70
-0.244686 0.412786 70
-10.2461 1.46765 70
-70.3126 40.6018 70
-0.245813 19.3324 70
-11.0138 10.0651 70
-19.5731 31.0413 70
-0.0580027 10.7728 70
1.34133 11.1664 70
18.8705 -10.1157 70
10.4489 -10.0342 70
0.00846632 0.0191166 70
-19.2188 29.9107 70
-0.207357 0.851643 70
0.650943 1.31577 70
-10.9754 -10.2819 70
-1.18257 -0.898608 70
-19.3656 -10.1155 70
-10.3131 -10.0695 70
0.463019 -0.460231 70
29.6181 -30.0001 70
-29.0466 10.1851 70
-10.896 0.392732 70
-10.5968 10.8395 70
0.522043 0.621401 70
-9.58198 9.5836 70
69.9355 100.755 70
0.753762 0.73487 70
-0.451656 0.692139 70
-0.241642 -1.46472 70
-0.61565 -1.13809 70
9.86088 -10.7938 70
-10.7058 1.41422 70
0.977508 11.4215 70
-20.8781 11.2123 70
20.7103 -8.88426 70
-29.2244 -18.5008 70
-11.3654 11.0898 70
-1.02041 0.64128 70
-0.704454 0.281903 70
-9.68618 -1.27615 70
-0.994749 -18.5446 70
1.23685 -1.47339 70
0.223427 -1.00713 70
0.16134 0.484542 70
-1.31358 0.721085 70
-31.0586 31.1428 70
-0.678616 -0.426334 70
11.0297 -9.27833 70
0.0665434 10.2057 70
-21.445 11.0454 70
-0.55922 10.0861 70
9.0102 -0.287089 70
0.676685 10.7284 70
39.5908 10.4219 70
-0.528844 31.2699 70
8.69748 9.33221 70
-18.9027 8.64442 70
0.122405 9.01048 70
0.653418 1.11731 70
-9.66166 20.3458 70
0.268434 -0.692395 70
1.35318 -1.28795 70
-0.698001 -0.899202 70
10.8189 -0.315764 70
-10.7226 -8.96905 70
-0.55195 0.0755733 70
9.28248 19.3925 70
-19.2945 58.7506 70
-9.40271 11.0368 70
0.738684 -0.238632 70
-11.2829 39.5491 70
0.301647 0.747686 70
0.701331 -0.209307 70
-0.902903 9.2165 70
10.1423 -9.22015 70
1.38727 0.990618 70
0.804315 -0.0926534 70
10.0223 1.33311 70
9.35222 20.8674 70
11.0492 -9.5565 70
9.03072 -9.91816 70
0.314695 -0.0764463 70
0.900279 0.524003 70
1.33741 8.893 70
0.487488 30.9223 70
0.706048 -0.227964 70
-10.3416 -19.1101 70
8.50178 -10.4316 70
19.9052 30.6764 70
11.0343 11.422 70
-0.8135 -30.6915 70
-9.58509 1.33737 70
18.7134 -20.0304 70
61.3526 9.87622 70
0.363268 -1.3158 70
-0.223134 -0.63133 70
-0.515094 1.22075 70
-0.477956 0.65499 70
0.0665409 -0.235773 70
1.46537 -0.543158 70
-10.8523 0.645421 70
-9.52743 -0.422784 70
-1.48573 -1.30985 70
0.818125 -0.170232 70
0.00808232 -0.547458 70
1.41435 0.388072 70
0.488778 1.44207 70
-18.5662 19.2678 70
-11.3798 -0.0415056 70
10.801 29.1618 70
10.9405 -0.488637 70
-9.49272 -30.2157 70
-0.758819 0.850947 70
1.45442 -0.471746 70
0.70743 0.467161 70
-0.306891 0.247417 70
0.0112472 10.7585 70
11.2976 1.47915 70
8.55189 -1.32654 70
8.58456 11.0883 70
-10.5068 -1.19538 70
0.416002 11.1484 70
-0.469821 -0.947425 70
-40.696 8.91324 70
-0.174729 1.00802 70
-0.972173 10.9334 70
9.87928 11.3383 70
0.510537 -1.04014 70
-20.4134 -19.7655 70
18.7481 -8.58002 70
-9.90068 0.749971 70
20.8809 79.7619 70
0.0868455 1.08769 70
-0.542425 0.0245305 70
0.421191 0.450712 70
