-1.40116 0.362211 70
19.8936 -8.71103 70
29.0104 1.32773 70
0.688499 -9.36688 70
8.899 -0.651129 70
-60.0052 -30.3174 70
-0.559306 1.36247 70
91.3176 8.824 70
10.4386 -0.165945 70
20.6578 -9.32744 70
31.3943 -0.469133 70
-11.4159 18.5153 70
21.4175 -29.8677 70
-0.965733 -19.7395 70
80.5966 51.3239 70
9.65259 -0.246545 70
-1.21937 10.5093 70
9.06474 -29.288 70
-10.1622 11.0541 70
-1.24192 -0.0701163 70
0.876233 -0.900132 70
-21.2777 -41.1587 70
-8.55865 30.6956 70
1.40182 -1.4258 70
0.0598307 20.1999 70
-0.979436 -1.22763 70
0.638162 -9.34087 70
-1.33229 -1.39963 70
8.89118 -1.02957 70
0.622131 1.49401 70
-0.416263 0.563221 70
-0.962454 0.275694 70
80.1022 60.6225 70
1.41669 0.776343 70
-10.2644 1.12205 70
0.725482 -9.30473 70
-30.6075 1.09127 70
-0.671534 10.1816 70
11.4524 -8.97645 70
9.56946 -11.2561 70
0.414984 0.367148 70
-1.18104 0.705551 70
29.2467 41.4678 70
0.184828 0.481456 70
8.65221 0.7957 70
18.5617 -20.9529 70
9.94036 -0.996807 70
-0.339919 -9.15904 70
11.4751 -8.7352 70
0.328823 -9.07839 70
9.48224 18.779 70
8.60061 -8.92627 70
-9.36432 0.484959 70
39.9601 19.0709 70
-0.242089 -10.7493 70
1.43166 0.345036 70
-11.0543 -20.1472 70
-9.61494 9.79233 70
11.0797 20.1607 70
-8.56977 0.53518 70
0.0428167 -0.402281 70
-8.62505 -9.84939 70
8.85786 -1.15388 70
10.7774 -0.220883 70
10.7511 -9.48917 70
11.4006 -0.515766 70
0.266637 -8.66893 70
-1.29327 0.282564 70
-0.207175 0.665109 70
-0.939908 -21.0978 70
1.19097 1.30582 70
0.551235 -8.62831 70
19.7067 39.2803 70
-19.3401 9.0581 70
8.86533 -0.0994371 70
8.53571 0.991127 70
-0.308445 -0.647641 70
0.471529 -0.151553 70
11.3348 -20.0799 70
9.45459 -19.6861 70
10.2472 0.948449 70
10.7234 0.0358778 70
11.3443 8.78828 70
9.63481 10.6498 70
-0.017053 -78.7178 70
0.88453 -80.1497 70
-19.6069 18.9381 70
-0.493605 1.18224 70
21.3881 -0.748544 70
21.0648 -0.0113897 70
-8.66864 -18.9876 70
9.65254 -9.1873 70
1.1652 -1.27069 70
1.42106 -0.416502 70
10.9269 -9.79599 70
-8.82801 9.45601 70
0.719756 0.427038 70
9.13546 -0.492915 70
-0.822659 10.9749 70
-10.4403 -1.27101 70
-0.637541 -1.15502 70
-41.3788 -39.1143 70
-1.24745 11.1624 70
-0.881422 10.326 70
-9.52803 1.21283 70
18.7571 -1.16696 70
19.724 0.482248 70
-29.9688 -70.8709 70
-1.38551 -0.0391943 70
8.68865 1.3836 70
1.19713 10.9968 70
60.9991 -39.9597 70
-1.08637 -0.155991 70
0.950023 0.164534 70
10.6353 -10.567 70
11.0087 -0.0707651 70
18.6501 -1.45909 70
-9.58372 0.929344 70
-1.15824 0.460169 70
68.5207 -29.4612 70
8.97071 19.8037 70
21.0512 -9.00226 70
0.146686 20.8529 70
0.569948 9.62784 70
11.0943 10.2473 70
8.57009 -0.562713 70
-29.8464 -69.4318 70
-9.92984 -0.749831 70
8.7191 -0.788254 70
0.644924 -0.803272 70
9.09228 1.24739 70
-1.40592 -1.27518 70
51.4318 -30.3112 70
-8.5975 9.26578 70
11.2657 -1.19285 70
-0.576994 -0.0502522 70
0.63643 0.033062 70
-1.26225 -1.04538 70
-0.837745 0.0891152 70
8.85648 -0.868282 70
10.0645 -0.326316 70
0.0189439 1.10956 70
-0.494937 28.644 70
-20.8291 11.3284 70
11.3414 -9.64419 70
-10.0004 -1.37806 70
10.7809 0.621088 70
10.342 -0.898815 70
8.90428 -0.674541 70
19.2453 -70.3076 70
-0.0959863 0.642487 70
-0.587729 -10.6161 70
-0.712618 0.203782 70
19.8652 8.75808 70
20.8877 -11.297 70
18.9506 -8.50129 70
8.74855 -0.465999 70
19.8939 10.4688 70
-29.7573 -18.7132 70
-1.01362 0.503871 70
10.4675 -0.86368 70
-0.550318 -0.644611 70
-29.2051 29.8629 70
-9.89273 -11.1632 70
-0.628296 11.2925 70
-10.5543 -1.38776 70
10.3386 -8.58444 70
-19.2553 11.2589 70
10.3083 -0.516427 70
28.587 19.8834 70
9.40031 -0.206479 70
10.2397 11.0684 70
51.128 20.2216 70
9.58908 -1.27672 70
10.5556 -0.504805 70
11.4169 0.706352 70
11.156 -8.60295 70
-1.37253 -8.67191 70
-11.111 0.165317 70
8.73632 -1.4834 70
-1.49344 0.0675641 70
-0.597554 1.03241 70
0.55912 -0.49796 70
-10.3051 -70.2122 70
0.918754 1.48742 70
-8.97017 9.75789 70
18.8024 29.7628 70
-0.602609 -0.376692 70
110.095 -98.6645 70
9.90215 -9.801 70
-1.08734 8.59503 70
10.5986 -0.79397 70
-10.8031 9.62253 70
-1.3064 0.850015 70
20.8267 -19.7759 70
-0.725135 0.927492 70
20.6769 11.2195 70
41.0656 9.66418 70
38.5532 10.382 70
-11.2139 9.54277 70
0.428652 0.265416 70
11.4354 -1.41045 70
9.78751 8.99324 70
-29.1382 -20.9496 70
9.13524 8.58027 70
0.49819 -10.7639 70
-11.3874 39.0049 70
10.382 1.40565 70
1.37256 0.713071 70
11.4267 0.093783 70
-0.748203 0.33171 70
11.0628 39.8156 70
10.3734 0.932691 70
-1.23488 -0.531315 70
20.2096 -20.257 70
0.662058 -18.9244 70
18.8856 -10.8328 70
-0.189731 9.31611 70
19.4306 1.4266 70
10.5397 -9.51287 70
-20.3966 -38.7969 70
1.22036 8.66338 70
-0.370263 -11.4348 70
0.17871 0.223073 70
-1.23987 1.25603 70
-20.3011 8.58703 70
9.51091 -11.3079 70
-29.2782 18.651 70
-0.183993 -1.47298 70
0.863851 0.900521 70
19.5213 -0.784908 70
0.583108 -1.13334 70
-0.928381 8.75482 70
0.331276 -18.5258 70
-88.5093 50.082 70
-1.23778 -9.49224 70
11.1691 -19.4085 70
0.545534 -0.57108 70
0.903737 -0.310989 70
-10.388 -20.412 70
-0.853258 1.49931 70
-9.42457 -59.0023 70
1.47108 -0.654214 70
-0.386909 -9.22815 70
-0.455963 -9.03443 70
-1.03736 9.54588 70
-8.80433 -0.342812 70
8.6729 -1.44766 70
-8.79657 -8.71437 70
-0.8008 -9.87479 70
-1.12198 -0.207624 70
-11.0123 11.3612 70
10.5242 -0.451695 70
0.86568 0.257394 70
-1.26885 9.23305 70
8.77822 -0.864207 70
9.92157 1.39189 70
10.8296 -0.394067 70
8.62061 9.41077 70
-0.0894432 -0.654744 70
0.805973 1.49394 70
-9.15944 18.7154 70
11.3062 8.62316 70
9.14395 -11.0486 70
8.66572 -11.0141 70
19.349 -10.9313 70
0.914494 0.397864 70
9.57334 9.92377 70
9.59909 -1.42857 70
0.273442 1.05744 70
18.9944 1.01903 70
-0.217535 -11.3266 70
0.403532 -0.960822 70
0.633892 9.66015 70
-10.4497 -10.7191 70
9.21502 19.03 70
18.5595 -10.9298 70
8.65691 -8.75479 70
-29.9207 19.5526 70
0.395981 1.40261 70
21.139 -0.675264 70
-49.4603 21.3061 70
1.11276 -1.10791 70
0.534736 0.0291548 70
10.6353 20.8853 70
10.1874 -1.20925 70
-0.145076 -10.7074 70
11.3281 -0.359593 70
-1.08991 10.7258 70
10.4557 41.3611 70
10.6977 1.48704 70
0.204072 11.3543 70
-8.72715 -8.72236 70
-10.2757 -18.8876 70
0.0504832 1.12277 70
-8.71454 18.5958 70
-0.285501 1.18267 70
-10.6821 -19.6317 70
1.12792 0.59334 70
10.7065 11.2709 70
0.939885 -0.133462 70
10.5821 0.411186 70
-0.833872 0.0062248 70
-11.4546 -19.3379 70
1.42427 -8.85337 70
-0.527633 1.05713 70
58.7936 29.974 70
0.933219 0.0674487 70
-19.5664 -0.235341 70
-0.908288 -1.34099 70
-50.8874 -39.4696 70
0.0652019 -0.532666 70
-9.65117 20.5032 70
-10.1668 0.295293 70
-10.1198 0.687719 70
1.40468 -10.7991 70
50.3025 39.4438 70
0.657441 0.483867 70
0.706101 0.487417 70
1.09054 0.140732 70
10.7828 -9.13358 70
-0.832884 -0.314602 70
-9.91698 -0.827092 70
59.6015 -31.1172 70
-0.204815 -0.906559 70
0.430277 -11.2061 70
10.5196 9.24781 70
0.84227 -0.517642 70
-51.4062 -10.725 70
-1.36425 1.37271 70
0.770277 0.904591 70
10.7537 1.25441 70
-11.4393 0.604334 70
-49.4754 48.9795 70
0.934515 -0.354389 70
-0.349697 1.28055 70
-0.985433 -19.9879 70
-1.26606 0.831894 70
9.08005 -8.51849 70
1.16408 -1.14692 70
-20.81 1.07658 70
-9.68449 -20.9485 70
-0.266428 -1.3102 70
0.157694 -9.22247 70
21.1365 -90.5132 70
19.4666 -89.8361 70
9.83144 1.35165 70
20.5965 -11.2082 70
-0.744603 -9.54331 70
-1.37218 0.57344 70
-18.6431 30.6263 70
8.52037 9.52006 70
1.05133 -0.119172 70
-1.23001 0.609971 70
11.0854 -0.693856 70
-10.0524 -1.11117 70
-0.783783 -20.6899 70
0.712588 -0.19353 70
10.0751 -1.05096 70
-0.164363 8.55024 70
-0.227993 -0.147023 70
-1.25714 1.42835 70
-0.841251 9.35226 70
60.0916 -9.23814 70
90.4615 79.1964 70
21.2072 39.8243 70
1.48602 0.793276 70
0.465044 -10.8261 70
-0.211794 1.39966 70
0.917359 -1.07314 70
-10.034 9.02503 70
10.5398 0.471509 70
-0.970731 -0.720917 70
9.16373 0.870817 70
8.57692 0.936041 70
-9.47446 0.0643191 70
-0.187546 -0.295737 70
0.672186 9.60311 70
0.318663 -1.42011 70
-8.50793 20.6245 70
20.4467 11.2476 70
-1.22664 1.04584 70
49.4356 9.01126 70
1.34353 -1.4905 70
10.8674 -9.33628 70
-0.184689 0.387222 70
0.605291 -8.94079 70
0.961177 -10.1692 70
-0.526881 -0.157653 70
-0.677403 0.14401 70
-1.1542 10.6015 70
-9.28231 18.7935 70
8.70359 0.737881 70
9.03986 10.7407 70
-10.6441 -20.7584 70
8.53796 -0.443777 70
30.303 0.188485 70
0.441732 -9.30561 70
9.4305 0.178994 70
10.6869 -10.49 70
10.6724 0.485135 70
8.65949 -39.9608 70
10.7495 8.65482 70
8.71989 9.46945 70
0.493274 -0.6376 70
-0.6359 -0.576599 70
-19.0139 -1.15792 70
9.62815 -1.28665 70
10.3606 -0.282806 70
-20.6823 -0.903162 70
-0.495317 0.663351 70
9.0362 0.893822 70
30.2415 11.1379 70
0.227513 1.45784 70
0.153367 0.999627 70
-0.568095 -0.635596 70
-21.1192 8.60346 70
9.53742 9.65101 70
-0.0122104 0.727042 70
1.15961 -10.9864 70
9.26199 -9.7929 70
-10.2534 -1.12811 70
50.801 20.632 70
-10.7729 -20.8852 70
-1.21434 110.976 70
-0.761702 1.0355 70
1.39653 8.58838 70
-0.224057 1.26019 70
-9.76256 9.17823 70
-9.21106 10.9046 70
-1.39139 0.389626 70
-0.604506 -0.37881 70
1.14979 0.573596 70
11.3525 1.44834 70
1.17717 1.34238 70
11.4278 1.44151 70
9.75448 1.25029 70
20.9771 29.8541 70
121.441 41.1637 70
11.3034 0.962969 70
10.3661 -0.738171 70
-9.50782 -1.23919 70
10.183 -0.775632 70
49.4039 -19.9421 70
0.234342 10.0554 70
19.7145 11.4582 70
10.7306 1.32118 70
11.2045 11.0375 70
-20.8467 30.9725 70
120.323 9.93179 70
-0.465076 20.6949 70
-11.4621 9.96524 70
-40.9678 20.2544 70
-8.88831 -1.30734 70
8.61869 10.4287 70
1.36761 -0.879972 70
-0.875813 0.904386 70
9.90018 -1.25443 70
0.221678 0.442041 70
1.4601 -9.57254 70
0.667585 1.25642 70
1.00979 0.0637734 70
8.95801 0.573327 70
-0.0756268 -0.654942 70
0.963602 -0.0364133 70
59.7435 -8.91396 70
-1.34381 1.38982 70
9.93063 8.51716 70
21.4848 9.98931 70
11.4484 0.593313 70
10.3803 1.23854 70
0.244709 1.00785 70
1.03517 -9.96442 70
-0.431683 -1.08166 70
10.0341 1.47107 70
0.200817 0.0155977 70
-20.0096 9.75918 70
10.2841 -8.90714 70
-10.3848 -11.4817 70
1.14192 -1.41359 70
-1.42942 1.23328 70
1.01463 -9.7355 70
0.219507 -9.57303 70
8.78035 -29.6909 70
-19.4333 -9.06175 70
-0.212122 10.4845 70
-0.427636 0.959046 70
0.425133 11.2967 70
18.9604 -9.70073 70
20.4501 -0.817611 70
8.63156 19.776 70
10.9072 -0.698111 70
8.90982 -0.46553 70
1.11932 -1.18497 70
0.974677 0.16844 70
-1.42989 -10.9424 70
1.01959 10.5686 70
9.40369 -41.3541 70
11.1297 -10.1855 70
10.7511 1.42103 70
-1.05786 0.684731 70
-48.8465 10.8043 70
11.3382 -0.908921 70
0.636535 -0.975594 70
20.1925 11.4406 70
-0.506598 0.0662219 70
10.1436 0.115707 70
-0.702091 -1.49207 70
-11.2027 -10.2267 70
9.86838 -8.95878 70
-11.2409 -0.199158 70
9.87451 0.391257 70
9.43516 0.253561 70
0.282315 0.622227 70
0.325216 -1.12038 70
30.6352 31.4856 70
1.35623 10.5137 70
-0.893499 0.468623 70
8.82276 -10.8354 70
-0.43922 1.42364 70
1.32629 9.57851 70
1.42211 -1.17033 70
119.743 -9.65159 70
1.1335 10.8246 70
-8.71152 0.227638 70
-1.34364 -9.95098 70
9.54024 -0.500017 70
8.76461 -1.31145 70
11.2995 -10.7399 70
0.459228 8.87153 70
-111.395 -79.3997 70
21.0429 -10.4252 70
9.26097 -8.52126 70
-1.41156 9.07277 70
10.0319 11.2173 70
1.44466 -0.280087 70
20.0879 9.1369 70
11.2334 9.53429 70
-0.548228 -1.07974 70
21.3472 -70.816 70
10.3595 -0.100392 70
-1.06571 -0.29641 70
-1.48946 -0.667477 70
0.952619 -10.9589 70
-0.19986 20.789 70
1.11533 1.23467 70
9.40478 -10.12 70
10.9749 -1.17734 70
30.4517 -0.147459 70
-21.2895 71.2091 70
10.3688 -11.201 70
0.904326 -0.493783 70
0.628027 -1.08774 70
-1.38518 9.34993 70
-1.37641 -30.3369 70
28.7714 -20.9972 70
21.1132 21.3855 70
10.8904 -10.9555 70
1.08438 0.16806 70
8.875 -9.26771 70
-9.30882 -28.8184 70
1.03899 -0.248779 70
0.998863 11.1989 70
11.3045 -9.97136 70
-0.603845 0.0631009 70
-0.589581 -0.282397 70
1.05198 1.28714 70
-0.334844 -0.821211 70
0.896039 -0.0178748 70
0.317137 -9.89436 70
9.44637 1.04535 70
10.9943 20.1874 70
20.8882 -8.6097 70
0.691787 0.954692 70
1.41726 10.0001 70
-0.103493 -1.45301 70
9.43775 1.48066 70
0.171769 -1.43303 70
-1.45745 9.69097 70
11.0665 0.834698 70
8.71034 8.54347 70
19.9384 -18.7779 70
-0.903363 1.21367 70
0.205234 0.757131 70
69.0191 -99.0216 70
-1.30129 0.468039 70
11.0235 0.692925 70
-19.1343 -11.0006 70
-0.674472 0.142288 70
-18.9877 -40.1225 70
21.1721 -0.594041 70
11.2877 21.0647 70
0.526285 -0.750895 70
9.35946 0.871515 70
-61.2862 -20.5203 70
-10.3357 -11.1241 70
-9.8819 20.1354 70
10.7194 -11.2595 70
10.7361 0.51021 70
10.8362 -1.44636 70
1.06957 -0.59091 70
-19.7861 0.161457 70
51.2578 9.82089 70
9.28442 10.5328 70
-0.73087 -0.615153 70
-10.4097 -10.058 70
-9.45848 -8.78742 70
9.21409 -0.00459675 70
-0.131797 -1.3313 70
10.3914 -0.521882 70
10.2708 -0.407631 70
-1.32918 -0.903763 70
-20.4272 -0.800869 70
-0.43446 -9.6284 70
-0.218412 0.365043 70
1.31636 1.48922 70
1.35858 10.0435 70
1.13411 -0.801242 70
11.2599 1.43528 70
0.216577 -9.28494 70
0.284829 -40.1635 70
10.7075 0.115018 70
-0.662092 1.07928 70
0.205718 10.6602 70
-0.308844 -0.646271 70
0.800259 -0.304768 70
1.48141 9.78053 70
100.497 -68.9933 70
1.06627 8.94484 70
-0.110334 1.23315 70
-0.0501762 -9.83098 70
-39.5957 10.213 70
-1.31869 0.439778 70
10.2487 -9.7975 70
9.29757 -1.04452 70
10.5265 -0.980584 70
-0.689991 0.0286189 70
8.93561 -0.957314 70
-0.826912 -0.102437 70
1.30697 0.873906 70
0.586421 -0.0553931 70
-9.90155 -11.2523 70
-11.0302 -10.5945 70
11.1644 -10.6884 70
18.9722 -20.1638 70
10.573 0.24579 70
9.26052 -1.28027 70
-1.36659 8.69691 70
19.0491 9.0299 70
1.20145 1.03169 70
-8.61044 -0.599575 70
0.545434 0.387944 70
11.2115 1.40362 70
19.8732 9.53128 70
-0.17017 -0.475124 70
0.715945 1.42145 70
-0.00113508 0.457435 70
1.29377 -0.335505 70
-21.2964 -11.3506 70
1.46145 19.1623 70
-1.31604 9.21315 70
0.24949 -0.833247 70
-18.7131 1.39855 70
-20.2826 -0.909884 70
50.5876 20.4933 70
1.33886 -20.0063 70
-0.360885 9.83091 70
9.53291 -30.6115 70
19.0222 -68.8802 70
0.519863 -10.3009 70
10.63 9.72684 70
0.390849 0.929725 70
0.0176214 10.3512 70
-8.69151 -10.6359 70
-1.47743 -0.451801 70
-0.121223 -10.9603 70
9.66031 9.96165 70
0.305748 -0.432598 70
1.15625 11.2602 70
29.9032 10.2874 70
19.4807 1.15103 70
10.9628 1.15586 70
9.33725 21.1295 70
19.5408 39.4073 70
110 19.1448 70
0.502555 10.1073 70
-11.3189 -31.4258 70
-39.4484 -51.3219 70
-11.0453 -21.0615 70
-0.477877 1.13647 70
-19.5255 -10.63 70
-10.8972 -0.147188 70
-1.03402 19.2957 70
10.4136 10.1102 70
-1.40752 8.64698 70
1.14284 -9.21055 70
20.5399 -31.304 70
0.0434831 -1.39063 70
20.7866 -29.1231 70
-9.35063 9.00352 70
-1.18573 -0.721178 70
70.7909 -61.4798 70
10.4683 -0.239814 70
11.4109 0.4441 70
10.0675 -0.0943274 70
9.59933 0.845685 70
8.92115 -9.49117 70
-10.0354 -0.597134 70
0.419108 9.1503 70
0.386488 1.33036 70
-8.97058 -9.75281 70
-0.585797 -1.26668 70
0.886415 -0.955894 70
-1.10385 0.66009 70
0.462113 -10.264 70
9.25768 -9.75352 70
-1.03945 11.142 70
1.421 -10.3675 70
-1.24606 -10.3306 70
0.785298 0.725816 70
10.857 -31.0377 70
31.1849 18.5973 70
60.8947 -9.37189 70
10.7846 -9.1939 70
-0.096273 -9.0514 70
1.21091 0.612365 70
