-1.43264 -0.211599 70
-40.6788 -9.49773 70
-38.703 -10.2158 70
39.7227 -31.4744 70
20.8027 -8.66051 70
0.429954 20.6668 70
-8.70278 9.31679 70
20.2058 20.6431 70
1.40339 1.46662 70
1.49473 11.3391 70
-20.8351 8.66034 70
-9.82468 9.4356 70
-18.7252 0.512782 70
50.9736 20.6743 70
-1.1463 10.0268 70
31.1712 9.17968 70
-1.21387 20.7681 70
0.622685 8.67007 70
0.965233 1.23794 70
0.252587 1.40585 70
50.3165 -9.68145 70
41.1634 10.0659 70
0.0394957 0.454529 70
-40.5002 -1.30691 70
-10.7925 18.9484 70
0.356478 19.4784 70
-10.09 -0.680077 70
9.73645 20.9731 70
-11.3174 9.85326 70
29.7844 -1.25704 70
18.7854 -8.88425 70
-11.211 11.1043 70
19.9248 9.00455 70
-10.3841 -11.1171 70
0.926937 -0.633164 70
11.0828 19.4111 70
-9.60191 -10.5168 70
-10.6592 -0.829406 70
-19.3038 28.7515 70
21.4582 -69.4147 70
11.4614 -0.451207 70
69.158 8.93591 70
-8.84528 8.95354 70
-29.769 -1.38846 70
-19.9587 21.3783 70
-9.43712 9.3678 70
-11.4065 9.27219 70
-10.4919 1.34294 70
-0.274519 -0.815676 70
-0.467408 0.34686 70
-31.3346 -8.6405 70
-21.436 -1.32927 70
-19.2319 -8.75236 70
8.82378 -0.21466 70
-0.92266 -19.7347 70
9.3996 -9.13436 70
-19.7892 -21.2804 70
-20.6175 18.5694 70
-19.1335 19.5134 70
20.1541 -29.6282 70
0.252961 -0.296918 70
-11.1356 10.4428 70
-20.5255 -9.0033 70
0.567268 1.24621 70
-21.1775 18.6363 70
-8.98703 -9.60615 70
18.6002 21.0622 70
18.702 19.1369 70
-8.89452 10.462 70
-59.7821 18.9735 70
0.712695 -0.307304 70
-19.1733 20.5316 70
-30.93 9.18562 70
-10.5193 10.41 70
-9.75895 -9.97 70
-10.4024 -0.18904 70
1.39614 11.0177 70
-9.5713 9.21662 70
1.19631 11.0156 70
0.395925 0.643472 70
1.03269 40.9081 70
-10.8595 21.3617 70
-29.0396 -11.3211 70
-1.18506 0.830275 70
-10.513 10.7923 70
-49.8898 -30.4943 70
-9.87668 1.37352 70
0.126981 -0.631861 70
-0.308978 1.33274 70
-8.83908 9.51352 70
0.662356 11.316 70
-10.4619 1.33876 70
10.8385 48.9665 70
-49.4571 1.32146 70
10.7546 0.991513 70
-10.1708 0.639606 70
11.2468 11.024 70
-70.1721 28.6612 70
-20.9561 -9.4297 70
-8.60936 0.162831 70
-0.802595 -10.1125 70
-10.0993 10.1644 70
-0.990169 9.98955 70
-1.45854 20.2536 70
1.02961 10.6028 70
9.2844 11.1228 70
0.373853 -51.1876 70
-0.639217 11.0789 70
31.0124 -9.93238 70
-9.4953 11.1689 70
-30.1679 -0.318597 70
19.6599 9.09924 70
-9.81721 10.3277 70
-11.4853 11.4017 70
-0.0504036 8.91137 70
0.73803 0.534345 70
1.3506 -1.08158 70
1.42321 0.107162 70
-0.990877 9.95362 70
-68.5014 60.126 70
-8.87775 -10.6665 70
-8.64107 11.1236 70
8.63318 0.398069 70
1.1688 19.4784 70
-9.69032 10.6887 70
-10.1266 11.413 70
0.212337 8.99998 70
-9.78347 0.928141 70
11.4917 9.00038 70
-9.3866 11.0676 70
-9.17374 20.2736 70
-0.546575 -0.435988 70
-11.1475 -0.230505 70
21.4472 -0.567717 70
0.940902 0.574935 70
-20.6383 50.7243 70
-8.69966 1.1377 70
-19.6946 9.56792 70
-11.4692 8.97187 70
-0.963371 -0.163945 70
-18.5561 -0.109553 70
-20.5089 -1.48781 70
-9.07244 9.35572 70
-0.751126 9.50186 70
-10.7402 10.042 70
-10.2109 0.00436942 70
-0.955841 1.27579 70
-9.63779 10.6118 70
1.004 -9.9619 70
11.27 10.4792 70
29.826 -49.895 70
-18.9969 -0.853607 70
-28.8586 -9.05809 70
-9.18983 -0.329238 70
-9.97024 10.8531 70
-9.09465 -0.084274 70
-19.7824 9.07454 70
-0.550478 10.0569 70
0.51199 8.88399 70
9.53443 -49.9556 70
40.9472 70.7776 70
-0.756081 0.554044 70
1.18646 -0.864477 70
-0.050191 10.4358 70
-29.5076 19.5503 70
-10.9312 -10.9896 70
-10.1384 9.94146 70
-9.34966 10.6053 70
-9.34299 -0.508991 70
-11.1683 -0.657129 70
-20.3527 9.14405 70
-9.7986 0.0172609 70
1.11202 8.78118 70
-18.5102 20.3389 70
0.710274 11.2106 70
-28.5299 9.13173 70
-8.71158 10.6748 70
0.336253 1.21959 70
11.2369 10.4436 70
9.35775 9.14293 70
-9.40388 0.933407 70
0.720136 -1.47639 70
-0.57458 -1.24303 70
20.7283 -0.912651 70
0.714092 9.3468 70
-39.1686 19.2268 70
-8.74622 0.770498 70
0.783117 -50.6379 70
-0.56299 20.6638 70
-31.0693 10.5713 70
-29.7923 41.4392 70
0.688512 -9.33337 70
-10.7231 10.5357 70
9.6889 -0.391742 70
-8.68429 -0.247767 70
38.8179 10.836 70
-21.487 0.307424 70
-0.984273 -1.2062 70
-0.612329 -30.1714 70
0.684431 -31.2224 70
-20.2099 9.72007 70
-10.733 11.3152 70
59.8014 0.400947 70
-10.3089 8.90613 70
-0.275094 9.57884 70
-121.356 9.11199 70
121.012 100.442 70
-9.76864 10.1646 70
-30.6952 8.64409 70
-1.27168 0.861851 70
-10.8398 0.33876 70
-10.3726 31.2765 70
-9.16413 -0.460813 70
10.1192 30.9266 70
-9.05504 -9.15873 70
10.9767 0.710547 70
-0.669735 8.55218 70
0.397993 9.16343 70
-9.37203 0.305527 70
-9.14995 0.917992 70
-10.8587 10.4116 70
-10.3637 1.21693 70
-10.0222 -0.538128 70
-0.295655 10.5503 70
-9.4755 -29.4198 70
-19.3575 18.9088 70
-1.28808 9.49936 70
0.952016 9.802 70
1.35239 10.6738 70
-9.61834 -1.39006 70
-38.7776 -19.9248 70
-50.1772 -28.9093 70
9.54745 10.0062 70
0.868029 10.8961 70
-1.27495 10.1393 70
0.187699 -1.29825 70
-9.81426 9.76554 70
-1.0096 10.2659 70
1.17016 20.9406 70
-9.74103 0.304229 70
-1.27686 0.527373 70
-9.23332 9.81827 70
-10.1727 -10.521 70
-11.3958 11.0863 70
-0.0383295 0.324597 70
-11.0085 -1.42571 70
-10.0289 0.858279 70
-9.82026 -1.04846 70
-18.8699 0.784264 70
-8.55069 9.38878 70
0.78289 0.541614 70
-20.7681 0.417639 70
-1.41073 8.8869 70
10.339 30.4316 70
-21.479 11.2149 70
-10.4974 11.1125 70
-20.8193 40.0232 70
-8.62064 -0.712868 70
-10.3566 -1.35211 70
-18.7701 -10.9184 70
-0.616261 10.1413 70
-1.21201 10.6368 70
1.39512 19.3395 70
-9.43665 9.0232 70
-9.32983 -9.38886 70
0.281254 21.0955 70
-10.9963 9.77124 70
-0.710739 0.147272 70
-19.0851 -19.5067 70
-0.182549 0.521049 70
-0.297526 9.39381 70
-0.918199 9.109 70
-10.3125 10.4267 70
-39.352 -50.3214 70
-20.7438 9.56768 70
-10.1564 9.86254 70
0.778594 0.470068 70
-19.5106 -1.28815 70
1.17247 -11.4926 70
10.2292 -20.8038 70
0.651833 1.14878 70
-0.307483 9.77912 70
90.1525 40.7607 70
-0.613128 -49.5346 70
0.626009 -8.58886 70
-10.9184 9.214 70
-10.7124 9.36378 70
-10.8434 10.0932 70
-9.60081 11.1725 70
-21.1555 40.3164 70
10.6011 0.582892 70
-18.7881 9.85028 70
-40.9856 8.99968 70
-9.66372 10.9076 70
0.384876 -1.08633 70
-9.6998 8.99436 70
-0.599072 -20.1179 70
-20.9823 11.0864 70
0.76167 -1.35822 70
-1.36519 0.489672 70
19.8608 -19.4086 70
-29.2589 -10.5226 70
-10.2486 0.622241 70
-11.1613 18.7786 70
-18.8468 9.94924 70
9.35928 11.1436 70
51.4278 0.324389 70
-10.2855 -11.3359 70
-8.91349 -0.141534 70
-118.837 -28.594 70
-0.552027 -0.945603 70
-8.72169 0.267784 70
-9.45014 10.9156 70
-1.08999 9.25782 70
-10.7858 19.0366 70
-10.5551 -0.18711 70
-0.194969 11.1816 70
-8.63704 -1.46364 70
-9.75496 9.10783 70
29.6732 18.9315 70
9.65049 -28.7363 70
-9.11085 21.2394 70
-0.258584 8.54592 70
0.920136 20.46 70
11.2533 0.166866 70
9.88451 -9.45663 70
-8.86549 9.04711 70
11.0736 -0.52348 70
-10.5011 -19.3423 70
0.504712 -10.0857 70
-0.791155 -11.282 70
-31.4268 31.4407 70
-29.4806 40.7729 70
-1.47542 0.851393 70
-8.90734 0.654878 70
9.24874 9.15875 70
-1.1511 -0.173886 70
10.437 -30.1021 70
10.7747 -9.35287 70
29.6267 30.5417 70
0.585127 0.012118 70
-9.79657 -0.688471 70
0.531882 8.89659 70
9.52195 1.10747 70
-0.2564 10.3232 70
1.12301 0.520704 70
9.47554 18.8555 70
-9.3756 -1.49007 70
1.38155 -8.73938 70
-9.47926 1.01065 70
-9.37491 10.1548 70
9.97766 -11.2779 70
-20.7353 0.174917 70
0.77209 11.4512 70
-20.2015 10.412 70
-10.6896 -1.3516 70
-8.86762 -19.6728 70
-19.7774 11.4436 70
0.516735 0.539626 70
-0.103139 1.02259 70
8.81374 -0.302785 70
-11.2115 19.1496 70
-10.1853 20.1714 70
0.920835 -1.00348 70
-10.1287 10.315 70
1.44853 10.7688 70
-9.53092 9.68281 70
-11.0403 -0.530694 70
0.549234 9.4864 70
-1.21318 1.47886 70
-0.593188 8.58379 70
-8.73336 10.4375 70
-9.2697 0.596569 70
-0.0475323 -11.3286 70
-80.2319 50.4508 70
-9.72344 -10.9652 70
81.3645 -119.034 70
-9.41783 1.24434 70
8.79286 -10.3226 70
-11.4221 -0.72625 70
0.78385 -19.078 70
-11.3953 -29.6393 70
-8.57883 -30.224 70
10.8912 -10.5165 70
-10.3488 -0.484968 70
-0.958569 0.54226 70
-0.475071 1.01212 70
30.7863 0.206042 70
0.207847 10.4441 70
-11.3887 8.82536 70
-9.66085 10.4275 70
19.0919 11.2466 70
29.6016 11.3299 70
1.30303 -8.67218 70
-1.49882 19.4758 70
-0.0612676 19.9765 70
-10.1228 9.69198 70
-0.880548 8.54215 70
0.586858 0.964404 70
-8.58514 1.0995 70
1.14068 9.27025 70
-8.61053 10.5628 70
-0.711515 1.1391 70
-21.111 0.779944 70
-11.0939 -0.435671 70
-40.1392 -30.2111 70
-9.84898 -1.0864 70
-1.38526 1.1856 70
-11.0579 -8.57903 70
-0.777858 -9.6077 70
-0.574941 19.7926 70
18.9509 -50.7645 70
19.7042 -40.6352 70
-10.8538 -0.366245 70
1.11777 8.73696 70
9.8834 39.5222 70
-19.6312 39.4896 70
-8.80448 9.67715 70
-29.2035 -0.804369 70
10.837 -18.5752 70
-9.24198 8.55843 70
-29.262 9.73246 70
-10.2614 0.445642 70
1.00252 -0.907338 70
-0.415141 1.33954 70
0.100389 10.9807 70
0.320728 11.2009 70
-0.665082 11.2466 70
0.806578 10.3097 70
0.306747 -31.0987 70
-29.7395 11.0142 70
-11.2972 -9.60889 70
-0.0884492 19.2144 70
1.0141 8.71046 70
-1.07637 -1.40376 70
-9.56966 -1.23708 70
-11.2472 0.300711 70
10.0827 31.1384 70
-1.48678 -1.01662 70
-1.37984 20.4745 70
-0.787837 -1.02383 70
39.1484 50.5582 70
-18.619 9.07927 70
-0.985766 29.1486 70
-9.75475 -1.42979 70
-0.536349 10.4683 70
1.34367 -1.41103 70
-10.5658 31.2815 70
-0.810046 -1.17593 70
-11.0075 9.17745 70
20.9018 -19.3529 70
19.6303 28.7308 70
20.5334 30.7578 70
-10.0212 0.974466 70
20.1945 20.7923 70
-0.783861 11.195 70
-20.8488 31.4372 70
-0.585886 -10.132 70
-0.460479 1.37423 70
-1.07682 -1.33409 70
-0.449651 0.710743 70
10.383 -21.1239 70
-20.3113 -0.473036 70
-39.3022 -10.8611 70
-1.38642 0.593229 70
-10.9767 9.12985 70
-8.92678 1.43758 70
-38.7598 -8.91575 70
-1.45886 8.86793 70
-0.599475 10.269 70
0.23382 0.600083 70
-20.8923 0.848413 70
10.5308 -0.609877 70
10.9582 -10.7556 70
21.3368 -8.88524 70
-0.0600956 11.4642 70
0.711006 10.3125 70
1.22554 -19.2168 70
10.1814 40.9645 70
1.13794 -0.985415 70
0.837966 -20.1006 70
-0.68606 10.0014 70
29.5515 58.7831 70
0.616423 0.457496 70
-21.4896 -9.97546 70
-1.2622 10.253 70
-0.430069 10.1075 70
30.7769 80.3721 70
11.3378 -0.38075 70
-0.893477 9.90436 70
-9.04399 -1.13809 70
-38.7899 -0.263008 70
-10.1622 0.781159 70
-29.2448 -9.75718 70
-10.0137 10.2178 70
-10.1538 11.1418 70
-8.71928 9.59765 70
-9.46488 9.57631 70
0.00556166 0.871583 70
-9.87399 1.46946 70
-10.2062 9.04587 70
-21.3269 61.3009 70
-30.681 1.42131 70
-11.4167 -0.478015 70
1.44897 0.902379 70
-8.66494 19.3763 70
-10.6593 -0.629691 70
-8.75477 30.7736 70
-9.51866 -0.616371 70
0.578133 8.77121 70
-0.523512 10.9954 70
-0.211659 -1.22103 70
-9.93491 9.18694 70
-10.5544 -21.3983 70
0.343791 -0.82283 70
-0.336951 11.2611 70
0.262789 -11.3289 70
-80.1898 -1.47052 70
50.1242 9.11677 70
-0.0735442 -0.607107 70
-31.4765 -11.2325 70
-8.72627 -0.172727 70
0.0800621 -1.17283 70
-9.28808 -9.61191 70
0.507761 9.36531 70
-9.21268 9.19003 70
-30.9472 0.918132 70
1.23104 9.31723 70
-19.1068 19.3188 70
-9.73644 -21.0305 70
-9.1217 -1.45591 70
0.50576 10.7092 70
-0.365599 -9.63954 70
-1.16694 31.28 70
-0.725355 0.712754 70
10.5889 1.07665 70
-9.83376 10.297 70
-29.7164 10.4724 70
0.176388 11.114 70
-9.80833 -11.2844 70
-11.3335 30.7304 70
-0.488342 -0.130527 70
0.757842 1.40335 70
-9.88479 9.70951 70
-8.67731 0.260535 70
-10.6038 -20.9467 70
-0.672365 10.9654 70
8.77523 1.43316 70
-0.555093 9.37744 70
-39.6326 0.491044 70
-19.3661 9.62377 70
-18.8871 40.1187 70
-1.4315 8.9219 70
0.190188 10.0014 70
-109.904 -120.943 70
0.394047 1.3696 70
110.182 -109.524 70
-9.35571 -0.763171 70
0.101323 -11.4403 70
-1.44725 0.6405 70
-8.90869 0.826744 70
-9.20076 20.0966 70
1.16525 -9.87861 70
-0.243264 0.988939 70
0.786894 -11.4404 70
-39.0732 -29.8026 70
-29.759 31.4419 70
1.30293 19.2567 70
9.71786 11.3302 70
1.3139 10.0973 70
-0.408305 -1.2416 70
-9.94509 10.8662 70
-11.0693 -1.4041 70
-9.32495 -30.6218 70
-11.0565 9.37926 70
-10.1155 -10.5196 70
-0.151019 -8.99653 70
0.363091 8.77885 70
-9.30333 11.3984 70
-8.72677 10.5635 70
-0.0143469 0.340994 70
-0.152904 -0.162735 70
0.33634 1.39012 70
0.666894 0.605502 70
-81.2157 120.289 70
0.788419 9.47581 70
-9.57994 20.8811 70
0.165356 1.30751 70
-19.7975 1.2726 70
19.5773 -10.3951 70
0.524374 0.609146 70
-10.1434 0.843468 70
11.0069 11.1605 70
-1.00828 10.9599 70
-9.05798 1.26573 70
-0.443496 0.175551 70
-9.38815 9.86325 70
-21.4324 8.96776 70
1.37417 -9.84359 70
-20.8053 19.8288 70
1.13301 -19.833 70
-10.4892 18.5162 70
0.918792 -0.0283273 70
-1.34346 41.006 70
-9.13221 1.36469 70
10.1125 11.2587 70
40.5439 20.8671 70
-10.7571 -0.694905 70
-20.898 19.2322 70
-28.9607 19.6023 70
0.468287 10.0481 70
-1.27272 31.247 70
-11.0257 -0.0733315 70
20.0935 -10.4862 70
-10.5216 -19.7287 70
-20.0101 11.2095 70
-19.4831 9.20282 70
-9.20023 -1.09862 70
99.9549 80.0991 70
11.1624 -20.1956 70
9.22836 -1.40898 70
-0.376406 -0.161 70
0.638107 9.54566 70
-1.49283 11.4525 70
-0.0949427 10.2934 70
-0.994621 -1.26061 70
0.665031 11.2961 70
0.694469 1.00737 70
-0.636868 8.93239 70
-20.9978 8.94868 70
-11.0458 -0.034735 70
-39.6445 -10.1459 70
-20.1387 -39.6103 70
21.3682 10.7728 70
-9.44231 0.705967 70
-8.86361 1.47125 70
-19.015 30.4245 70
19.8345 -0.762472 70
-10.5955 8.51293 70
-9.23074 -1.14391 70
-10.1978 0.816053 70
-10.5469 -30.2457 70
-30.0394 30.9129 70
-19.502 9.005 70
0.424755 -1.11948 70
-19.9379 -10.6584 70
-29.2489 -0.366615 70
-11.4555 -0.0401499 70
-8.56427 -10.4554 70
-1.48953 -1.10938 70
-40.2058 8.6048 70
-9.24383 -0.925016 70
-21.3429 -0.680713 70
-1.33522 -0.202102 70
-31.4338 10.1384 70
21.2926 60.5766 70
-10.1574 1.3195 70
-9.54652 0.12085 70
-10.6956 -1.2643 70
-9.87568 10.524 70
0.524044 20.5314 70
0.926965 40.5354 70
-0.411105 38.7297 70
-11.4456 -20.9559 70
-0.876309 -0.0762828 70
0.741229 18.5695 70
-11.3053 -11.163 70
9.30968 10.9157 70
-0.377875 8.5955 70
8.62528 19.5051 70
10.5358 18.7789 70
