1.43185 -9.44074 70
11.3181 0.62961 70
-10.7289 9.21858 70
0.991507 0.433419 70
1.46049 -0.479311 70
-0.684944 -0.113782 70
10.6695 19.098 70
39.4875 10.008 70
79.6808 -89.1037 70
-0.505599 -0.135451 70
-60.7484 -71.2338 70
-0.115546 0.665379 70
-19.7059 0.926182 70
20.1326 10.5839 70
9.03541 0.166953 70
50.7471 -21.2257 70
-0.3003 9.50694 70
0.358312 0.352214 70
-0.588019 -0.593617 70
-1.33908 -0.620905 70
-0.0711715 9.08866 70
-0.927912 -0.50851 70
-10.1602 10.2325 70
-0.5523 10.0985 70
-9.67174 -10.4194 70
0.917202 -1.49402 70
-0.368755 -8.75413 70
9.92507 -11.1858 70
-0.217366 -1.04964 70
-0.0532682 0.986395 70
10.4477 0.309459 70
-20.2943 8.60566 70
-0.444557 -0.360934 70
-0.691918 -0.110127 70
-30.7135 -10.5084 70
-8.60992 -10.6414 70
0.701145 0.993552 70
0.797241 -0.969204 70
-0.286824 -1.13554 70
1.08379 -10.5787 70
-1.2282 0.773284 70
10.8184 8.73909 70
0.297478 8.83652 70
-0.627808 0.368122 70
-10.8534 30.9555 70
-18.5327 38.9761 70
-1.02547 -0.603251 70
0.626602 -0.742763 70
-9.2777 11.1593 70
10.1816 9.3672 70
0.684873 0.00768611 70
-0.191306 -0.268919 70
-0.872743 0.617076 70
0.232342 -0.977885 70
10.9133 -1.35626 70
11.1551 1.15756 70
0.0434959 1.48097 70
1.03939 1.34489 70
1.31542 -8.61612 70
-0.60286 -0.299439 70
1.25884 0.236129 70
0.216995 1.05922 70
19.1293 -8.63583 70
-0.0730696 -1.19013 70
0.814152 0.780279 70
-1.05718 -1.392 70
1.21176 11.027 70
-11.1411 -10.9532 70
-9.54022 0.356988 70
10.2311 10.0446 70
1.39758 10.1988 70
1.18178 -0.238039 70
-20.6002 -0.0490514 70
-10.0505 10.2591 70
0.358526 -0.249352 70
-8.99755 -40.8483 70
-8.85255 -39.2044 70
49.1279 -19.3299 70
-19.1427 18.5389 70
0.043755 0.611726 70
-29.8365 -29.5874 70
11.495 11.3819 70
0.521502 -0.731273 70
-0.868696 0.733486 70
50.008 -30.6662 70
-0.744454 1.04697 70
-10.3189 1.48229 70
-49.97 -39.9861 70
-10.6721 1.01168 70
-0.93309 -0.737705 70
0.127896 1.07869 70
8.65765 -18.5404 70
0.395787 0.89139 70
-0.914412 -1.35375 70
-0.410988 0.0433586 70
0.64479 0.0346704 70
10.5669 10.7519 70
-1.10104 -20.6684 70
0.899911 -10.972 70
-1.27601 -0.702431 70
-1.12868 -1.03989 70
9.9642 -10.9365 70
-1.41487 -0.67378 70
9.62022 -10.698 70
-11.4319 -0.761446 70
0.453951 -0.415505 70
-0.314861 -10.9442 70
-0.649982 1.15337 70
-0.837881 0.641014 70
-11.3132 -1.29525 70
10.7624 -0.342326 70
-1.01353 0.573579 70
-8.90331 0.394271 70
-9.65722 19.1 70
0.769832 -1.4619 70
20.9449 20.0655 70
-0.329904 8.50328 70
1.42068 -1.01966 70
-10.5726 11.1402 70
-0.329272 0.781702 70
9.60008 0.481658 70
-1.29029 1.31598 70
8.88622 9.98844 70
-19.728 30.5037 70
-0.479889 0.545108 70
0.706324 1.11222 70
-0.427744 -8.83081 70
-0.610596 -11.3388 70
0.281971 -1.37035 70
69.6237 -39.7749 70
60.6284 -49.6041 70
1.07179 -1.31306 70
0.411295 -1.01335 70
-9.31866 -9.01848 70
10.0146 10.4318 70
-1.43937 -1.37724 70
1.49088 -0.746496 70
1.15623 0.586919 70
9.92798 11.143 70
-0.841092 0.306395 70
0.674948 0.947575 70
10.3836 0.308753 70
-0.152664 -9.41583 70
-9.30067 0.0999676 70
9.32752 -0.509465 70
-0.50291 -1.02047 70
-0.970701 -0.825855 70
-0.159671 0.911699 70
0.150789 -10.9703 70
0.999887 0.271035 70
-28.7246 48.6993 70
48.7886 10.2782 70
-0.0241723 0.769225 70
-0.89245 0.392062 70
0.240313 0.625264 70
-0.826767 -0.728721 70
119.761 39.6371 70
0.984675 9.21465 70
1.03948 11.4713 70
1.3052 10.9 70
1.41008 -0.76783 70
1.35151 -0.514641 70
-0.581601 -9.75959 70
1.459 0.0506246 70
10.5513 -1.26991 70
0.191075 -9.85585 70
-0.908382 0.309432 70
-0.675687 -0.101795 70
-0.247151 -8.97907 70
-0.025592 -8.68907 70
-9.20059 10.3897 70
1.46079 1.11735 70
49.0233 -1.01785 70
18.6529 11.2718 70
-80.2532 -30.6423 70
-1.4564 0.796363 70
0.327417 0.169916 70
-11.1998 -1.17818 70
-0.97762 0.796686 70
48.7408 -21.2295 70
-1.14811 -9.2319 70
-10.5586 8.87812 70
-0.429471 -1.40866 70
0.477985 -0.0863897 70
0.356428 -10.9425 70
-10.1848 19.0779 70
-9.32445 11.3856 70
-18.8165 -1.425 70
1.15108 0.332355 70
-10.6363 -0.506178 70
-0.302337 0.89692 70
-20.9367 -9.48018 70
1.46183 -10.4392 70
-19.0816 48.8331 70
0.15507 1.07337 70
-31.4265 -10.4061 70
39.9736 40.4612 70
10.156 8.72005 70
-0.489295 1.23921 70
0.356302 0.737826 70
0.788855 0.659405 70
-0.660422 8.942 70
-11.4894 -0.776995 70
-10.248 -9.19236 70
20.6023 20.8948 70
-10.6989 40.6174 70
-9.97861 0.144437 70
10.1509 70.7899 70
0.41893 1.2146 70
0.324218 -0.971822 70
0.811699 -0.472118 70
10.5746 -8.72333 70
-0.509859 -0.380842 70
0.413704 20.8506 70
-19.6114 1.16592 70
-0.690102 -10.366 70
-9.79282 0.143282 70
-10.784 -1.32421 70
-0.345092 9.78633 70
0.130783 -0.739598 70
0.337385 -0.621901 70
-8.67437 -10.0746 70
-1.03496 10.3178 70
-20.8266 -9.19417 70
-1.38267 -1.28861 70
0.805046 8.79105 70
-11.0077 8.55988 70
10.6492 -0.826556 70
-20.9386 -10.9495 70
-8.89156 9.76367 70
0.91809 -9.11875 70
-0.891053 1.10403 70
-0.721843 -1.46018 70
0.174306 -0.449158 70
10.4335 9.79503 70
-39.2917 -8.53292 70
-29.1513 -10.3557 70
-10.545 9.6585 70
0.140972 0.564478 70
-0.851666 1.06083 70
1.13586 20.8997 70
0.0606566 -0.874924 70
100.818 51.3538 70
0.492394 1.3419 70
-10.6508 10.3706 70
-10.576 -0.425164 70
10.656 10.5602 70
-29.5576 18.6064 70
-11.0339 -0.681608 70
0.0628002 0.910245 70
10.8752 -10.6175 70
-19.6817 -19.7628 70
0.355718 -0.84395 70
-11.4628 -1.35767 70
0.72393 -0.607131 70
1.21861 0.831678 70
0.0288918 1.16302 70
0.314758 0.329733 70
-0.244115 -0.124267 70
-0.299187 10.5528 70
9.64851 10.918 70
-1.44338 0.397711 70
-0.288735 11.1308 70
-10.2655 -0.484116 70
-60.8982 -30.8571 70
-11.3032 30.9439 70
-21.462 18.6161 70
-0.52983 -10.0041 70
1.25043 -10.455 70
1.16502 0.465718 70
-0.855892 1.14315 70
-0.652528 -0.454003 70
-1.26831 0.534124 70
-1.06314 0.881938 70
0.461076 0.242938 70
-9.16892 9.2925 70
-11.4994 11.196 70
0.77123 9.62116 70
-1.02847 -0.548 70
0.0300894 -0.903475 70
-11.3559 -20.4442 70
-0.371244 -10.4559 70
-20.3008 19.0931 70
9.70334 8.55969 70
-10.5028 -21.1453 70
1.35152 21.0657 70
-1.37498 1.22124 70
-0.608185 -8.55207 70
9.84529 -10.8238 70
-9.84239 9.16462 70
-1.32098 -0.518684 70
0.66656 -1.07695 70
-1.15129 19.2574 70
10.1436 -8.9868 70
0.457019 0.356015 70
59.8303 20.8902 70
0.980256 1.19807 70
1.35292 -9.53595 70
-18.9792 9.32376 70
0.0961801 31.3592 70
10.35 20.8298 70
11.4864 -10.3348 70
9.24327 -11.1543 70
-10.2119 0.641685 70
0.62481 1.24759 70
-49.1209 -11.2139 70
10.3986 -0.803642 70
-0.796349 -0.985656 70
-0.982321 1.02842 70
-1.46793 8.72367 70
-0.915136 0.0946629 70
1.03114 0.254779 70
-0.0981138 0.554937 70
9.90229 -20.3006 70
-11.0797 11.2037 70
-19.2917 10.5254 70
-9.81084 0.843745 70
30.3282 -20.84 70
10.8839 9.47932 70
-0.852572 -0.75547 70
1.01225 0.591382 70
-9.92743 0.965399 70
-20.1572 0.804503 70
8.67907 -0.335577 70
19.9828 -31.2355 70
-40.1532 0.0727284 70
-11.3458 -10.3209 70
0.885229 -0.529716 70
-38.5523 28.7121 70
-9.74866 9.41992 70
-11.2763 8.80568 70
-0.970203 -0.817345 70
-1.0733 -0.284699 70
0.772274 10.6946 70
-0.888884 1.42278 70
-1.346 0.0713765 70
-9.44082 -0.610339 70
0.161566 -0.40184 70
10.2341 0.432619 70
-30.3581 -9.60359 70
-10.8546 -19.7098 70
-0.426461 9.32651 70
0.347726 -1.07561 70
9.49173 0.546621 70
-0.412686 8.91784 70
0.489689 0.447119 70
0.0469022 -0.632035 70
-21.1865 -18.6641 70
-11.4139 1.10567 70
19.1705 -0.612335 70
0.295824 0.272403 70
-1.14694 -0.77454 70
1.34255 8.78258 70
-0.456925 1.49215 70
19.78 9.56063 70
-1.26916 -1.29011 70
-110.143 29.3736 70
-1.34865 0.886807 70
-9.03899 -0.621599 70
0.282012 0.87427 70
-20.0702 -9.64574 70
-19.7137 -10.8057 70
1.30199 1.28736 70
11.1205 0.747917 70
9.37139 0.40844 70
0.700805 1.36104 70
-9.58162 1.28737 70
-1.24013 1.08841 70
8.89825 10.9583 70
1.26105 0.633412 70
41.3146 39.1148 70
0.84172 -20.5875 70
-19.2204 -11.0348 70
-1.01329 -1.12289 70
-0.0271762 0.742737 70
0.851731 0.31549 70
-10.2018 1.41118 70
40.3973 -39.5685 70
1.11197 9.17315 70
0.115565 -0.761278 70
-31.0648 -8.94468 70
0.113546 -21.0442 70
-11.2623 10.2484 70
0.265857 -18.6246 70
0.236393 0.566827 70
0.951751 -1.21268 70
1.21542 -1.04487 70
1.02379 10.9127 70
10.6956 0.677697 70
1.20259 10.593 70
1.43089 1.11476 70
9.77208 -39.0082 70
-20.5165 19.4953 70
0.564089 0.475632 70
0.464066 1.35971 70
10.7279 11.3785 70
19.7925 19.514 70
-0.911515 0.892161 70
-0.419226 -1.01354 70
-11.1937 0.812672 70
-0.79348 0.419497 70
-0.973665 -1.14737 70
-39.049 119.113 70
-9.24126 10.7479 70
-0.936661 -8.79183 70
20.1976 9.92504 70
-0.0986583 0.10809 70
0.960549 -1.03925 70
0.68421 0.501458 70
-0.312159 0.934672 70
-11.3287 8.85731 70
0.613014 29.7999 70
19.6635 0.726949 70
0.553621 -0.154919 70
1.25241 -0.524063 70
-0.983718 -11.107 70
-9.9436 -8.99692 70
10.31 -8.61805 70
1.23485 -0.755425 70
-18.5802 1.08544 70
-30.5136 21.3658 70
-0.555996 1.05375 70
0.628365 0.217842 70
0.832138 0.658869 70
-9.28619 9.18625 70
1.43412 0.207584 70
1.06831 10.562 70
-10.8853 9.39445 70
-9.54724 -0.973685 70
-0.835531 -1.39103 70
-0.514085 -10.2552 70
-18.7953 9.91775 70
-10.2595 1.34324 70
9.43326 21.4289 70
49.7782 10.9867 70
0.0672886 0.734159 70
-8.6569 0.273704 70
1.23832 1.05085 70
-0.841315 -1.46842 70
-0.377809 0.85002 70
0.845417 -0.979055 70
-10.6239 0.566606 70
0.471625 9.65318 70
11.3335 10.2054 70
-10.48 9.46099 70
0.393343 -0.136862 70
20.2072 -0.879859 70
1.14674 -11.2271 70
-1.46955 -0.27139 70
-0.0727785 -1.32221 70
-1.36285 -1.19443 70
-0.588399 0.713054 70
0.451649 -0.227833 70
-0.633495 -1.27805 70
-1.43579 10.6226 70
0.350239 9.17805 70
-9.23224 -0.430195 70
-10.7159 8.84566 70
1.03844 -10.2341 70
-11.2034 10.1579 70
-0.324171 -9.92689 70
1.38356 0.0505046 70
-1.10102 0.164057 70
-0.0747286 8.89422 70
0.245788 -10.5848 70
-0.804711 0.845959 70
9.50844 50.4206 70
-8.98981 -0.0527854 70
-0.465574 -1.09141 70
-11.0436 9.54413 70
-18.9474 1.48501 70
0.604139 1.21522 70
0.968724 9.69746 70
-10.4947 1.28693 70
0.160954 10.4115 70
-1.19424 1.27867 70
-29.111 -30.7106 70
0.869501 1.36119 70
-0.766362 0.779273 70
-0.410083 -0.550354 70
0.188998 0.718808 70
-0.55964 -1.39877 70
-10.1313 0.933455 70
0.740138 0.67834 70
-11.2707 10.2386 70
20.064 -10.1927 70
0.00609767 0.64427 70
-0.992051 11.2269 70
-0.230274 9.85235 70
10.2799 -39.96 70
-0.795533 -0.323903 70
-11.0862 9.52589 70
-108.952 49.139 70
8.6802 10.2227 70
9.57595 30.0106 70
0.938979 10.7138 70
-10.5241 -10.9208 70
1.31652 0.966862 70
0.663272 -1.14772 70
-0.158948 20.2699 70
-0.169842 -8.93522 70
-0.964203 -8.90949 70
59.8389 19.0668 70
-9.52771 10.7649 70
-51.4389 -59.8714 70
-1.24406 51.0064 70
-0.256152 0.421009 70
-11.4432 90.12 70
-10.3401 90.351 70
-0.927983 -0.926966 70
0.402044 8.56914 70
-0.409128 0.574834 70
-1.30502 -11.1957 70
-9.30986 -41.482 70
-9.86755 -8.61157 70
0.677547 -1.25546 70
0.317696 -0.990696 70
-0.858953 -0.486867 70
-10.436 0.77649 70
-1.14183 -1.31718 70
-10.7248 -10.0924 70
-1.40889 -0.557203 70
-0.9733 -0.594095 70
-0.183354 -1.45567 70
0.103428 -0.163078 70
-0.700581 -0.362625 70
-1.08193 0.234459 70
-0.69224 -10.0259 70
-19.9956 19.0681 70
9.04895 8.73968 70
-20.5607 11.1492 70
1.09255 -100.494 70
-0.166576 -0.416664 70
0.632081 -0.838488 70
-9.68497 -9.24829 70
0.341036 8.93516 70
-1.198 -1.48923 70
-19.7919 18.5401 70
-1.16829 -1.2206 70
-0.774849 0.026902 70
-0.146679 -0.221576 70
-9.05227 10.6921 70
-0.398992 9.87465 70
-0.504236 1.18769 70
29.5517 9.80989 70
-0.190134 1.39413 70
-0.0693447 -1.05318 70
9.52081 0.878658 70
-1.49096 -9.22824 70
1.45003 10.5841 70
1.00217 -0.306798 70
0.400822 1.39324 70
11.2555 -0.527075 70
0.653889 10.3555 70
-1.10875 -1.16796 70
10.2415 1.47007 70
1.45952 -0.206835 70
0.551909 -10.3951 70
-0.490818 1.40779 70
10.0232 10.9628 70
-10.6679 10.1386 70
0.582007 0.620405 70
-1.34048 -1.37389 70
-29.3637 -20.1178 70
-0.350673 -0.26089 70
-0.900203 0.0822769 70
0.366898 0.58785 70
-1.10956 -0.872887 70
-10.4663 -0.957144 70
21.3477 21.0918 70
9.28336 -1.4055 70
-0.831667 0.429443 70
-1.43982 -0.58866 70
-8.99341 -0.929203 70
1.20538 -0.431815 70
9.25287 99.1321 70
-1.40182 0.874803 70
-1.39056 -1.41613 70
-0.842128 -0.168443 70
0.573172 -0.18764 70
-0.940199 0.599692 70
-0.485513 9.85521 70
0.661488 0.89277 70
-31.4982 -20.2899 70
-1.21637 1.48288 70
8.82881 -0.138598 70
-1.45489 10.9428 70
1.48892 10.511 70
11.2924 -0.20143 70
-101.37 -20.2845 70
-20.9757 -0.509902 70
1.49559 0.122481 70
-0.304747 -9.18261 70
-9.33189 10.1173 70
0.500647 10.6847 70
-0.458218 9.00269 70
-10.2531 9.09322 70
0.866388 0.754058 70
-0.0117359 -0.262201 70
-1.22017 0.9689 70
-0.669847 0.16852 70
-9.68005 -9.578 70
0.255974 0.348663 70
-11.3886 0.233086 70
-9.94472 -0.663761 70
0.0705063 1.37798 70
-1.33942 -0.270888 70
-19.5929 29.1216 70
8.59671 -49.2252 70
9.26625 -48.7259 70
0.865519 0.560458 70
0.136825 -31.0491 70
1.49337 1.44423 70
-0.32631 0.4362 70
-39.8629 31.4214 70
59.7221 -1.19724 70
-9.25524 -50.7074 70
1.38875 -1.35419 70
-9.48965 1.00091 70
-0.144589 -0.557 70
1.46329 10.5383 70
41.3589 29.2434 70
0.205361 0.761778 70
0.24108 -1.38725 70
-41.3724 20.1503 70
0.0602375 9.43722 70
19.3078 9.06808 70
-20.2081 -20.0562 70
-8.83654 -10.9897 70
0.0556438 9.95121 70
11.1077 -21.0479 70
-8.72201 -0.134309 70
1.43795 10.5419 70
-0.963853 10.0623 70
1.20116 -0.407272 70
-18.8276 29.2838 70
-49.771 0.305779 70
-0.0797609 -0.658898 70
11.0219 1.33049 70
-8.51813 -1.10572 70
-0.193325 0.496008 70
0.302415 -0.485702 70
0.509311 0.51243 70
-0.177624 -11.1647 70
-9.06079 -41.1904 70
-8.79793 9.91507 70
-0.135217 1.03166 70
0.224021 -0.885895 70
0.28366 0.928979 70
-10.4921 -0.0368058 70
10.3388 -31.2724 70
10.2562 10.3997 70
-10.7019 9.55701 70
1.00894 -1.18117 70
80.0995 69.869 70
-0.738626 0.222522 70
1.28026 -1.31288 70
-0.695411 0.531476 70
1.05703 1.30667 70
0.82077 1.48634 70
-10.0311 20.8191 70
-9.21028 -10.7735 70
-9.62322 -9.71908 70
0.513956 0.819116 70
-11.3517 -1.36692 70
-0.389479 -0.210378 70
-11.0461 -50.2094 70
1.38019 0.000491838 70
-0.701419 0.147598 70
-20.621 -1.33002 70
-21.0843 -0.261152 70
0.888871 -1.12043 70
-0.940986 -0.447975 70
8.92555 9.23035 70
-0.154312 -0.825355 70
-0.556101 9.12203 70
-10.4678 9.0432 70
1.3514 11.0796 70
-9.32354 -10.886 70
0.459862 20.1676 70
-10.8624 1.14355 70
-0.818924 0.591639 70
-10.8129 10.5456 70
-9.65339 10.2656 70
-41.0908 19.0711 70
-10.0925 0.580173 70
-9.96925 1.37078 70
-9.52008 -10.7652 70
9.4414 39.812 70
0.562 9.98089 70
0.158574 -0.0270318 70
-10.0707 10.5749 70
-10.3477 61.1961 70
-9.66617 8.85318 70
-0.536111 1.34178 70
-8.68945 -1.18542 70
-0.776394 -0.648859 70
8.66733 -18.8997 70
9.33613 1.30394 70
1.42641 1.32738 70
61.2986 29.6899 70
1.4587 11.1522 70
8.9158 11.3521 70
-1.29153 0.64253 70
11.4766 0.598668 70
-0.866431 10.5584 70
20.9164 -30.3953 70
1.26704 0.163022 70
10.2195 -11.4735 70
19.8447 8.51738 70
10.8693 -0.29484 70
19.2829 9.15699 70
8.70277 1.0641 70
9.81605 -9.71523 70
-20.5063 0.833971 70
8.98803 -1.458 70
-0.720588 -0.0296355 70
1.06588 41.4469 70
-9.18405 -0.21735 70
0.193044 -1.11001 70
1.34864 -0.636037 70
-1.32626 -0.42374 70
0.867323 -9.69798 70
-1.44887 -1.45971 70
0.977495 -1.44288 70
-9.07601 0.522533 70
9.5363 78.6374 70
-0.203588 10.2863 70
1.42649 -9.34701 70
9.70647 -19.3741 70
-9.13878 9.05169 70
-0.555462 1.20832 70
-1.33706 9.04318 70
-1.25229 11.2232 70
-1.08349 9.25967 70
-10.3683 0.294317 70
0.159936 -1.16134 70
10.2416 -1.02917 70
-8.56468 -0.564032 70
-0.568736 -0.444344 70
1.17551 0.494178 70
-0.20625 1.18 70
30.3643 0.460893 70
-11.236 9.47741 70
0.593988 0.454739 70
-11.081 0.206689 70
1.42458 0.12413 70
-9.6995 9.44373 70
-19.6395 -9.36941 70
-9.96807 -0.945725 70
-9.68043 -9.66747 70
-9.63965 -10.7929 70
-60.1468 -50.562 70
-58.5884 -48.6644 70
1.46543 -0.840332 70
-0.389361 -1.05832 70
-9.06397 8.99329 70
-11.2408 20.0983 70
1.20745 -1.30352 70
0.366182 11.3565 70
1.22795 -0.993454 70
0.757146 0.532393 70
10.7399 -20.2698 70
61.4045 -0.270486 70
20.7756 20.5111 70
-10.1768 9.34499 70
1.193 19.3457 70
18.8301 9.6547 70
8.99299 10.6884 70
10.597 -0.0243408 70
10.9862 0.958357 70
-0.313473 -30.3027 70
-90.5013 -9.62694 70
-0.715269 0.718067 70
40.0089 11.0092 70
40.3788 10.9291 70
-0.900884 19.3713 70
-10.1033 -1.47713 70
-1.13886 11.1526 70
-0.871045 -19.9543 70
-10.707 0.153389 70
-9.61756 -31.3257 70
-28.6167 -1.43619 70
-30.0718 -0.424972 70
-0.829423 8.8477 70
8.99495 -0.198493 70
-0.315652 -0.307486 70
-0.487106 0.350068 70
0.0245437 0.265285 70
-11.0878 -11.447 70
-8.76501 20.7781 70
-9.70837 19.742 70
-20.5032 40.2395 70
-10.8107 21.2758 70
-10.8451 -10.0451 70
0.793955 1.36507 70
-19.9538 -8.84829 70
-21.2367 18.5918 70
0.236009 1.24476 70
0.922694 -0.650406 70
-1.14922 20.9851 70
0.595669 1.26632 70
-0.36526 1.26308 70
-50.2649 61.2475 70
10.6683 11.1745 70
0.474806 -9.29434 70
-41.0629 41.4064 70
0.554351 0.04518 70
-0.94033 9.04282 70
9.697 1.4455 70
-0.998556 0.395529 70
-69.0571 0.26192 70
1.0932 -0.237873 70
-21.4303 -20.4241 70
-9.30173 -0.959701 70
-10.2958 9.81703 70
-1.33522 -0.449802 70
-0.418361 -0.346895 70
-1.41645 0.935606 70
1.31282 -0.466563 70
0.710462 -0.00122351 70
-8.63737 19.3497 70
-9.70188 0.848803 70
1.30457 8.89751 70
-0.0809831 -0.0762903 70
-0.246224 0.490267 70
0.734761 1.17263 70
-0.16551 0.106546 70
0.975714 10.2141 70
1.17431 0.201548 70
9.49673 -9.88429 70
-10.0424 20.7771 70
10.2778 0.534366 70
-10.3289 -29.6081 70
1.27359 -0.3778 70
-19.6959 10.2439 70
-0.69228 10.046 70
29.3994 -18.7164 70
1.37428 0.556263 70
-1.48401 0.148285 70
0.900519 -8.90564 70
-8.62764 -0.305806 70
9.65324 -0.364492 70
11.4412 1.05034 70
0.130781 -1.46326 70
9.84399 -10.1624 70
-0.977031 0.85102 70
-40.2796 19.2318 70
-1.28303 -0.383783 70
-10.9448 11.3342 70
10.5282 11.4896 70
-11.2224 10.7949 70
-1.43929 0.891581 70
1.47931 -1.11767 70
0.476953 1.27501 70
-0.332787 -0.252149 70
-48.7242 49.5489 70
-0.25125 -0.798909 70
