28.6377 -79.965 70
-9.83367 49.3904 70
-10.413 49.3445 70
1.02729 -0.318445 70
-0.536267 -1.3388 70
8.65387 -1.04499 70
41.3726 -48.6647 70
9.72547 8.95591 70
-11.211 11.3078 70
9.27673 10.5133 70
-41.1764 -1.33903 70
1.25852 10.9832 70
38.5119 29.768 70
1.01183 -1.17716 70
0.208632 1.43432 70
1.10243 0.501849 70
10.3063 8.84035 70
-9.04941 9.70361 70
-8.7663 10.4523 70
1.49696 10.9281 70
-31.3537 -0.0942393 70
-0.755568 11.2848 70
1.10353 -31.3674 70
29.3485 19.0375 70
-1.34455 10.1467 70
-1.49699 -0.79625 70
10.3768 19.3037 70
-1.30761 -1.27781 70
11.3786 10.4706 70
10.3809 -9.64631 70
-0.745082 0.967831 70
0.489842 -1.44306 70
10.8575 9.39712 70
-0.167396 0.0633471 70
1.05043 -0.282123 70
-0.923396 0.852366 70
0.993908 -1.1683 70
-1.23986 -0.322423 70
-41.1333 10.6688 70
-11.1494 10.7483 70
1.48729 -0.0880337 70
18.8266 10.6344 70
1.03232 1.04498 70
-0.316233 -1.1031 70
-31.0585 -41.2371 70
10.9319 8.98043 70
-0.105356 0.0271239 70
8.83228 -10.2915 70
31.2794 29.1915 70
-9.84958 8.7387 70
0.492201 0.287872 70
-10.727 0.722591 70
-1.20773 0.320409 70
-1.14947 -0.368043 70
0.997228 -0.454238 70
-50.653 -40.3139 70
10.5378 -40.7096 70
-9.44533 9.49165 70
9.72809 -0.417323 70
-0.603036 -0.448777 70
10.244 -11.2665 70
1.34562 -0.42459 70
-29.7397 19.18 70
60.408 100.688 70
1.13356 10.4915 70
-0.234629 -1.33715 70
0.689621 -18.5802 70
1.09988 0.462761 70
-0.894817 8.71457 70
-0.198031 -0.461856 70
10.737 0.599316 70
-0.755424 1.46197 70
0.807313 0.117387 70
-0.405058 -9.4374 70
8.7981 8.93009 70
11.2246 0.675356 70
0.964229 8.80281 70
1.48535 -0.272412 70
-19.1144 20.6909 70
11.1054 39.4953 70
9.52499 -10.7666 70
-0.14945 -0.774375 70
-0.586119 -0.0624682 70
9.179 0.175152 70
8.92857 1.41779 70
8.62561 -8.60258 70
11.3339 8.99808 70
-9.16474 11.3352 70
-9.39145 -1.39016 70
10.9175 9.61891 70
-0.520289 9.99386 70
-39.2167 -70.7532 70
-8.61723 -9.10671 70
21.1047 -9.94454 70
8.85433 -0.803122 70
10.6605 1.3762 70
21.1046 21.1204 70
-0.357134 -0.18738 70
-1.1916 -8.87254 70
-9.85545 10.9525 70
-0.766668 -0.00747825 70
10.1096 -0.797143 70
0.169233 -18.5988 70
0.249449 -0.71517 70
-1.1594 1.48035 70
0.711129 1.16846 70
10.5856 20.3725 70
1.38882 8.62408 70
61.3345 -10.3696 70
-0.127609 9.13803 70
-1.4693 0.145448 70
-0.215392 0.947031 70
-9.7847 1.33594 70
20.5557 -10.6792 70
8.66833 0.0285367 70
0.546349 9.51917 70
11.0701 58.5473 70
11.3021 0.00465419 70
-1.23625 1.14134 70
18.9619 21.2095 70
20.4048 -9.56891 70
78.8523 11.3172 70
9.43248 -0.539152 70
11.0179 -0.591448 70
8.83824 1.31412 70
-1.09083 -0.751515 70
-1.1627 -19.7032 70
-0.02947 -40.6368 70
0.522271 -30.6996 70
19.6671 0.309834 70
1.11669 8.8891 70
11.2186 -8.79646 70
-18.5048 10.9195 70
0.896348 20.0551 70
-21.3078 -21.429 70
-19.8872 -18.6541 70
-19.6583 -18.6225 70
1.47545 0.312773 70
10.8267 -0.181415 70
10.1956 1.04668 70
-18.9902 11.4055 70
-0.04029 0.318107 70
-0.417873 9.63998 70
10.0766 -1.05556 70
9.87455 -8.95389 70
-30.9713 8.95028 70
-0.867617 -0.691247 70
0.584686 -0.931241 70
-0.387144 0.168035 70
-10.6209 29.4366 70
-1.10014 10.6563 70
0.184822 -0.0760527 70
-89.0698 -19.3663 70
10.3102 -0.348075 70
10.0124 -0.0843709 70
-0.772617 -1.41251 70
-0.0118732 10.7037 70
0.940826 20.8757 70
31.0284 -40.2283 70
-0.440347 0.263546 70
10.1375 -0.612115 70
-0.381611 19.4846 70
40.3563 -10.603 70
-0.4838 -20.0696 70
-10.2826 -0.646072 70
11.3898 0.320623 70
-10.4409 0.0889008 70
9.73343 1.00853 70
9.98177 0.00838165 70
9.84543 0.826273 70
-40.1997 -31.3478 70
0.797773 -8.55864 70
11.4546 -11.3823 70
9.74599 -8.83773 70
-28.8445 19.8896 70
10.9522 -0.12997 70
0.275194 0.560456 70
9.52465 -10.7574 70
9.15421 9.04304 70
30.0429 0.42984 70
19.0599 0.163027 70
8.77854 9.67298 70
19.7656 -30.7714 70
38.634 10.2654 70
-19.9911 19.6803 70
19.3725 40.9325 70
-19.9007 10.0702 70
1.28131 -0.3638 70
1.10666 9.47627 70
-0.125777 0.653919 70
0.986615 8.88049 70
-1.38143 1.40895 70
-9.50922 1.07126 70
-10.4383 -1.3843 70
-1.27767 20.1861 70
-1.16949 -0.0118224 70
0.398166 8.73124 70
-1.12989 11.4713 70
0.019239 -1.48102 70
-9.5099 8.60591 70
11.0805 30.3769 70
-0.652924 0.79427 70
11.0331 0.186246 70
-1.08065 8.73323 70
-9.98834 19.1057 70
-0.32054 -11.4389 70
0.600024 -1.13447 70
-1.15819 -0.227108 70
0.476366 -0.0764889 70
-10.4893 -10.5735 70
21.1719 -9.21732 70
0.51301 -9.82252 70
-10.0197 -0.41241 70
20.3527 9.26761 70
9.79191 -69.0258 70
-0.910811 21.4499 70
0.887689 10.7057 70
10.8978 -0.199673 70
-18.6406 30.4752 70
0.0988521 -0.065039 70
-10.4899 0.041958 70
8.59262 -0.27289 70
18.6631 -50.7421 70
0.224788 0.491964 70
0.597605 -0.0414203 70
11.1612 11.033 70
0.187476 19.4736 70
-1.38568 0.476241 70
-11.4949 -9.82473 70
9.35979 9.80139 70
-1.19553 11.2275 70
1.40345 21.274 70
0.0760155 0.464109 70
1.12904 -10.4436 70
8.63214 -1.29018 70
-9.3671 10.6898 70
29.5935 -50.7841 70
19.1431 -0.753406 70
-0.846536 1.3179 70
9.94358 -1.29456 70
10.6538 -9.23171 70
-0.679826 9.36491 70
-0.337977 1.10983 70
0.559073 -0.0897807 70
-0.806499 0.778838 70
30.4929 -9.38985 70
-0.538273 0.578978 70
-0.494709 0.50266 70
9.37852 0.694591 70
8.51895 9.84866 70
8.62618 1.49617 70
10.0307 -0.215233 70
50.383 120.606 70
-0.486919 -0.110977 70
-0.927286 -0.402309 70
1.1225 9.9006 70
-8.90281 1.09915 70
0.380628 11.2578 70
9.11529 -0.474973 70
1.09497 1.20761 70
-18.5897 -8.6417 70
-1.42718 0.470068 70
10.0451 21.1817 70
-19.5784 40.9341 70
9.41663 0.51066 70
29.4293 21.2547 70
-0.893978 -0.321218 70
21.4682 0.264771 70
11.3335 1.2178 70
-0.280586 9.90545 70
-0.855304 0.908901 70
-0.00287669 0.341855 70
10.2775 9.93027 70
0.482098 1.22015 70
19.7074 -0.7886 70
0.347875 9.36385 70
0.62149 0.257157 70
58.7261 40.7321 70
29.6819 -10.944 70
-1.18691 1.44655 70
10.077 -10.6012 70
-9.02662 10.2564 70
0.538363 20.5229 70
0.849686 -1.44017 70
-1.28634 -1.04245 70
1.13087 -0.910225 70
-0.81079 1.43456 70
-11.0236 -0.815675 70
-8.5317 20.5725 70
28.8992 10.9825 70
21.4011 -99.3669 70
-0.403275 -1.41101 70
11.403 1.16541 70
11.4694 1.26028 70
-20.3493 0.172921 70
0.21434 -0.623135 70
0.354351 -11.3941 70
8.67904 -0.808877 70
19.8201 -20.2974 70
9.64929 9.9123 70
-0.262004 -1.02054 70
1.39483 -0.775736 70
29.7514 -11.4623 70
-1.43749 1.21001 70
-10.5247 -9.67865 70
-1.35859 0.841318 70
-1.24341 1.3907 70
0.00218689 0.427871 70
-0.264339 -0.122954 70
0.29569 1.45293 70
-0.140488 -9.88239 70
10.9336 11.1842 70
30.6929 -19.1217 70
-1.01498 0.639188 70
29.5723 30.4479 70
0.998167 0.523861 70
-0.161119 -0.245602 70
0.543621 0.167111 70
-60.3583 -8.56147 70
-11.4336 8.98676 70
-0.422105 9.46255 70
0.392619 9.65442 70
-0.0373579 9.03275 70
0.0358327 9.97144 70
8.90022 -1.07738 70
10.1964 -1.34783 70
0.818927 0.7044 70
1.15444 51.3431 70
-0.819871 10.5976 70
-9.7615 -29.9033 70
-0.567092 0.0819051 70
30.2757 20.0418 70
-1.45652 10.0778 70
0.0180719 -0.423017 70
-9.73324 9.05476 70
-0.770564 1.43394 70
10.4564 -0.0358228 70
0.622006 -1.334 70
-1.00617 0.51647 70
1.20749 1.45732 70
-0.00862465 1.23812 70
8.94339 -11.122 70
11.2331 -8.62271 70
-1.10412 1.22333 70
-0.264416 1.49359 70
0.538957 -0.686702 70
0.769121 -0.375621 70
0.857573 0.955752 70
0.630164 0.587842 70
0.511616 1.01448 70
-0.788664 1.25582 70
10.1723 0.320987 70
-20.1343 -1.44593 70
10.7728 -9.2167 70
0.0469871 1.10976 70
0.233542 -1.42673 70
-10.7244 -18.8662 70
-0.970583 -1.17302 70
30.8022 0.563327 70
0.850541 -9.80163 70
9.01694 10.0961 70
9.36455 10.8588 70
0.550423 0.389121 70
-0.462878 1.2044 70
-1.36182 -0.792649 70
10.9682 8.63003 70
90.5266 31.1256 70
-39.7699 9.90642 70
-0.344949 0.714082 70
10.6043 0.66425 70
9.49898 -1.37214 70
20.9247 1.00066 70
-20.5862 10.3439 70
-1.20482 9.82514 70
-0.467093 -0.694637 70
-1.25737 8.56353 70
-1.02456 9.80903 70
0.484752 1.11404 70
-1.30834 19.9909 70
10.6706 -8.85837 70
11.1141 10.1554 70
-0.720445 -8.97924 70
-21.2215 9.48903 70
-8.52796 -18.9227 70
1.28029 0.879448 70
30.3666 -1.10053 70
10.2103 -0.277451 70
-9.58505 1.0534 70
8.76256 0.492558 70
-10.3584 1.23376 70
-9.45297 -1.14134 70
-19.7019 -10.593 70
-118.504 11.1732 70
-0.99683 0.39624 70
-1.11358 1.47966 70
-58.9091 19.5456 70
-10.6377 -9.1191 70
30.8208 -10.7303 70
-70.2084 88.5293 70
1.17527 0.394007 70
-9.60883 21.4226 70
-19.7377 -0.0531712 70
-0.0211345 -10.025 70
9.24757 0.648737 70
19.753 1.02466 70
-11.2019 -8.57872 70
20.945 0.308182 70
-0.887585 0.108755 70
-21.2111 8.76121 70
-1.37832 -0.608784 70
-51.2799 80.8352 70
-0.907574 -11.4863 70
-0.513648 0.302729 70
10.6015 11.101 70
-0.673527 -1.12507 70
-10.5839 0.942819 70
10.257 9.80103 70
-0.996148 9.73399 70
9.37566 10.2497 70
-0.840202 0.390358 70
11.4294 0.933638 70
20.2655 -110.49 70
-0.0551468 9.46298 70
1.08416 -1.41259 70
-9.3941 -11.3254 70
10.4793 -10.1783 70
10.9295 -0.76458 70
-1.48225 -0.16755 70
0.391935 -0.316282 70
9.18401 10.3812 70
11.3132 10.2133 70
10.2095 -11.1205 70
-0.673135 -1.06968 70
0.471118 -1.48741 70
10.968 10.5412 70
-9.09919 -1.31489 70
-0.232027 9.81412 70
-0.591834 10.363 70
-19.5737 0.580739 70
-11.3166 0.170858 70
-20.4965 -10.8179 70
0.891557 -19.3967 70
-0.081372 -1.11056 70
-10.1576 9.10023 70
-0.540008 -8.84395 70
21.1891 10.0613 70
10.618 0.90391 70
-9.94768 0.737115 70
41.1177 -0.784194 70
39.1965 -1.41775 70
19.771 0.750646 70
-0.823953 20.8718 70
-0.00617229 1.28202 70
59.7023 31.1829 70
-0.769418 10.099 70
31.2207 10.2854 70
-0.655278 -0.195514 70
0.971079 11.3816 70
1.04261 0.382935 70
-11.4284 10.1607 70
-10.3884 8.72343 70
-8.70059 21.0952 70
11.1052 0.0648724 70
19.3116 20.4265 70
-10.7227 -19.0438 70
-1.26897 -0.86852 70
-1.34947 -1.1305 70
9.28557 39.7042 70
-0.0759923 -0.386351 70
-19.9151 0.938583 70
8.78541 -0.471502 70
-0.85658 1.39025 70
8.85818 -0.519431 70
8.91737 -0.318632 70
-38.893 -29.8756 70
-0.210547 0.421125 70
9.32397 -0.475324 70
-10.9703 18.9638 70
-9.3866 28.5208 70
0.0781957 -1.01757 70
0.446673 1.10121 70
60.7195 49.6406 70
1.31182 -0.0925369 70
1.25248 -0.674657 70
-0.426535 -0.964671 70
10.6435 -0.126619 70
-19.4862 40.5349 70
-0.840342 -9.82205 70
-61.1315 -20.7881 70
-0.579923 -0.556854 70
-0.505408 0.159106 70
9.93802 -0.55087 70
-0.267948 -0.849693 70
0.458264 0.453688 70
0.447054 -0.0848222 70
9.54632 -8.78265 70
-1.28375 0.441725 70
9.13385 19.5803 70
-1.44391 -1.41882 70
10.6218 -0.160195 70
10.8569 20.6326 70
9.0443 -0.583464 70
-0.977361 -1.074 70
-8.92017 31.387 70
8.86988 1.43295 70
49.1313 -18.6775 70
11.1575 0.74749 70
1.47703 -1.24103 70
0.117884 9.30772 70
-10.0678 29.0931 70
-0.881276 10.7818 70
1.11462 1.10295 70
-1.48816 -0.547937 70
-9.11802 10.034 70
30.6805 9.50605 70
1.20883 -0.172048 70
0.62781 -9.17787 70
8.85841 0.944217 70
-1.08297 -0.174281 70
-20.5387 0.118152 70
9.60187 9.9951 70
-10.873 8.93965 70
-30.224 11.2325 70
-0.451816 -0.850751 70
-0.0899507 0.63469 70
0.774156 -1.34402 70
8.78765 0.89953 70
-1.1201 -0.223782 70
21.4813 40.084 70
10.4125 -1.33095 70
-19.7094 -39.0228 70
-8.84679 9.73928 70
-59.8112 -11.1838 70
10.4314 -39.3719 70
0.257886 11.0027 70
-10.3301 -0.694242 70
9.24313 -0.727719 70
-40.8756 -69.4874 70
-28.7619 30.7861 70
-21.1395 50.7054 70
-9.16794 -18.9273 70
-0.646589 -0.440712 70
0.266079 -0.670807 70
-1.12911 -11.1909 70
0.13341 -0.108002 70
-10.7556 -119.887 70
-11.0681 28.6683 70
9.70226 -80.8093 70
0.690658 -0.512023 70
-39.1413 -20.3481 70
9.98537 9.98422 70
-1.39565 0.299145 70
10.986 -0.603037 70
19.7208 8.89344 70
21.2024 -20.6903 70
-10.974 0.671425 70
0.329156 -1.09638 70
-18.5858 29.8352 70
10.1668 0.442133 70
-1.05641 8.71451 70
-11.3757 -0.960319 70
-1.12486 -9.59074 70
0.990985 -1.41607 70
-0.442552 11.4025 70
-0.946107 0.278018 70
0.161323 1.31856 70
-9.57377 -9.96484 70
49.1939 20.3322 70
0.0865795 -0.867182 70
48.5192 40.5639 70
0.185947 -0.611484 70
0.409176 -9.74125 70
-0.535666 10.0601 70
-10.394 9.58404 70
-0.684189 -0.490115 70
-31.4307 20.963 70
0.971214 -0.435898 70
8.87396 8.65175 70
8.99288 -70.2546 70
-0.818812 -0.862069 70
1.32897 -0.257359 70
0.036246 0.101288 70
81.2267 60.3442 70
28.9218 38.6887 70
9.00409 0.0732556 70
9.84137 9.10296 70
29.5881 0.149285 70
-40.035 40.4245 70
-0.0084403 0.43641 70
8.79298 1.13281 70
-0.945143 10.234 70
0.962494 -0.316046 70
0.331297 0.183507 70
-0.315307 -0.484023 70
0.41401 1.11262 70
19.2761 0.30477 70
10.1496 9.9741 70
-0.693511 -0.781012 70
-0.604634 -0.969066 70
1.33011 -0.465431 70
1.2732 -0.646817 70
9.32727 -0.716576 70
9.30474 1.17829 70
9.32153 0.184354 70
11.473 -10.217 70
21.1219 -10.2413 70
-1.20899 -0.708272 70
9.65045 1.32803 70
1.42303 0.233223 70
-1.26508 0.309446 70
-20.8298 -9.64543 70
-10.0417 -38.8937 70
-1.27544 -0.651941 70
0.848213 -0.665102 70
-1.36277 -0.245016 70
1.26258 0.724879 70
-1.24116 0.97979 70
-0.166684 -10.1397 70
1.28313 1.44131 70
-0.462767 -11.117 70
9.24092 9.03841 70
70.745 -58.7354 70
1.02533 0.739839 70
-29.7456 11.1572 70
9.97403 10.8402 70
-20.8481 1.47084 70
20.6415 19.6799 70
-1.07982 -0.354942 70
-0.309123 -0.679882 70
30.7219 21.2706 70
8.93525 -9.30535 70
-11.1379 9.06741 70
-40.7508 50.7029 70
9.23088 1.33289 70
30.8084 9.04071 70
-0.200788 -30.4289 70
-28.8936 -18.5297 70
18.8827 -8.84376 70
10.8108 9.40106 70
20.6118 -19.3655 70
10.0014 -0.694769 70
19.6303 1.15136 70
-0.995257 1.14278 70
8.89648 -11.1191 70
1.17019 20.7581 70
0.294725 -0.539188 70
0.82511 -1.49226 70
-0.690616 1.39791 70
11.3467 -8.57236 70
11.4111 -8.64846 70
0.7658 9.89473 70
39.9164 -19.2796 70
9.81539 21.1725 70
-40.4508 -29.4321 70
10.7142 31.3472 70
10.326 31.0211 70
11.0907 0.573138 70
-9.72482 -1.00039 70
-11.2055 -1.16433 70
10.4066 0.398849 70
9.21071 0.209812 70
9.30269 -0.464514 70
9.34 0.149012 70
10.4595 -0.0866048 70
0.4308 -0.757195 70
-0.656108 0.559208 70
-1.48449 20.6807 70
21.3404 21.4258 70
-11.0631 -10.4026 70
-1.48058 0.0624668 70
-0.441874 -1.08921 70
-11.063 21.1963 70
-0.388488 -0.373261 70
-0.607248 0.776481 70
10.8659 -0.586636 70
0.427646 1.49962 70
20.7408 21.4438 70
20.9546 49.1558 70
-1.34281 9.68853 70
11.4199 -20.2122 70
-9.0873 10.935 70
-10.2099 0.188737 70
0.495303 0.460859 70
9.88262 0.192949 70
9.95319 -10.0589 70
0.690998 -0.639126 70
11.2611 9.40717 70
40.848 0.219591 70
-0.793964 0.440162 70
29.0122 -0.290471 70
9.08595 -0.114485 70
-0.334167 0.799269 70
-19.7009 10.2868 70
19.4529 -8.68376 70
30.9147 10.4329 70
10.8926 1.15558 70
-0.00235523 1.3809 70
-10.0148 -20.693 70
-1.43642 -10.3314 70
-8.61395 10.9945 70
-31.3795 -0.848423 70
-8.95121 9.29873 70
-0.355849 1.43093 70
30.8544 -20.2896 70
9.06278 9.44138 70
9.10961 -9.02815 70
-10.1463 -0.0370983 70
-8.80916 -29.2454 70
41.4684 -29.3647 70
30.5861 8.61263 70
-10.9312 10.8821 70
8.84921 -9.22785 70
-40.8636 -20.7895 70
28.8595 21.4188 70
-1.12944 0.407592 70
-1.20664 0.856033 70
8.67504 0.0882834 70
9.24787 -0.652397 70
1.30001 1.08446 70
1.21817 -9.66384 70
10.8633 -19.3914 70
19.023 40.5074 70
10.3085 10.5181 70
10.5167 1.09464 70
-9.49671 -49.5985 70
0.443707 11.447 70
0.78544 -0.229761 70
-1.19114 0.934945 70
-19.6268 -0.417215 70
-0.542884 -0.996568 70
9.64789 -8.94047 70
-9.2825 0.103491 70
-9.86975 -1.2518 70
9.06352 0.448677 70
9.70723 -9.90498 70
9.93357 -9.33941 70
49.2929 20.7176 70
51.1186 20.6035 70
1.43239 0.793031 70
0.577894 -0.961687 70
-18.7654 -8.69836 70
-11.4869 18.531 70
-9.61607 -1.13975 70
9.16561 0.186325 70
-1.40583 -19.9398 70
-9.9685 -11.3259 70
11.3827 -0.011918 70
10.9887 0.668595 70
1.10408 -9.59201 70
-0.555321 -0.813153 70
0.444083 -1.48194 70
-1.4328 -0.443224 70
-1.42141 9.72508 70
-9.23786 -10.5568 70
