1.42002 0.0231174 70
-0.593693 0.714893 70
0.453864 -11.2154 70
1.33727 11.4232 70
0.170321 -0.0102722 70
1.15991 10.6455 70
1.02759 0.200243 70
0.56553 -0.233581 70
0.848702 -1.48815 70
-0.481712 0.547754 70
58.6068 1.11384 70
11.4023 0.209435 70
19.1129 -1.23941 70
-21.2177 -8.59238 70
11.4186 -21.0493 70
18.9069 -18.6946 70
-1.42212 1.08909 70
-8.65479 -9.68341 70
-10.5634 -11.4412 70
19.3521 71.3143 70
-0.706306 10.52 70
9.64899 -0.68058 70
-8.68937 0.271552 70
-1.49406 -0.353007 70
0.133709 -0.292248 70
-9.65636 -1.00245 70
1.44569 -9.80156 70
21.382 -0.0156758 70
9.21507 -1.18093 70
49.6889 20.4557 70
0.668211 0.584264 70
9.02402 8.71563 70
-0.47215 -0.858911 70
10.5233 -8.95934 70
19.462 -9.87432 70
20.3684 -0.70076 70
-11.4895 -9.28461 70
-9.42988 -60.7303 70
0.276089 49.3703 70
0.3127 -1.01686 70
20.5363 18.9482 70
-0.226731 -10.8335 70
11.1075 0.988992 70
0.356253 -9.0458 70
9.32734 0.336249 70
-8.97125 21.4964 70
1.11034 -29.5487 70
-19.3128 -50.8679 70
-0.995738 0.830037 70
-10.5937 11.1247 70
8.72663 -0.441415 70
-61.4511 -98.629 70
-60.7469 -99.2665 70
0.579073 1.47977 70
10.6543 10.0582 70
10.7403 9.79725 70
-0.141995 -1.40294 70
-1.36665 -1.2872 70
11.3996 0.992658 70
1.35459 0.44217 70
-0.234264 -10.4265 70
-0.425623 0.805062 70
9.88846 -8.99151 70
-0.946937 19.1854 70
0.136602 0.240108 70
-10.8421 11.0168 70
-0.840446 -0.665052 70
1.17934 0.508546 70
0.992339 -0.267269 70
-0.52342 9.3734 70
11.2109 0.14873 70
-0.0525843 10.1017 70
-1.13328 -0.507014 70
-8.79122 -0.306548 70
10.0889 0.0250451 70
-0.563333 -1.40332 70
0.251979 -1.15899 70
-0.285849 1.31724 70
-8.88796 0.57905 70
1.05229 0.76525 70
-0.351033 -0.0425844 70
-1.07152 1.14325 70
-0.644956 -29.1164 70
0.0660357 -0.809257 70
-20.0091 -9.21729 70
1.3863 -0.92484 70
-19.9524 18.5987 70
-0.0179332 8.76613 70
0.161061 -19.3429 70
1.46561 0.37294 70
10.3228 -10.2787 70
-9.21375 9.56365 70
-0.659894 0.0969085 70
-29.041 -30.8711 70
-30.4098 -30.1408 70
-0.931012 -0.0640455 70
0.0777901 21.2603 70
0.28227 0.577263 70
-0.379792 -1.11668 70
-10.7327 18.8125 70
1.4584 -0.207103 70
-0.669621 0.96897 70
20.5216 19.4589 70
9.94435 -21.4834 70
0.0800085 -0.309351 70
-10.1004 -0.527503 70
0.441513 -29.5321 70
0.946487 0.71478 70
1.05875 -9.29799 70
0.205125 -11.4156 70
-0.887802 -11.3637 70
0.390169 9.76738 70
0.978386 10.6066 70
-9.32861 10.9781 70
-0.195617 11.0845 70
0.734786 8.74661 70
-10.7493 0.886944 70
0.782739 -10.9394 70
0.356649 0.311279 70
-1.39169 -0.771039 70
-39.546 40.3546 70
-10.7602 -0.0950774 70
-9.36194 1.29931 70
28.5151 20.1305 70
29.4118 20.6812 70
29.6865 20.9377 70
19.9976 28.7276 70
9.80962 10.2006 70
10.8856 11.132 70
-19.7336 29.4156 70
18.7255 -0.458464 70
0.0205406 0.0901871 70
-0.776832 19.6588 70
-0.192925 1.33145 70
0.586067 9.96186 70
-119.239 -10.0926 70
-1.38919 -1.01573 70
0.17558 -10.4788 70
-1.36219 -0.767856 70
1.13631 0.38534 70
8.70918 -10.2994 70
-19.3863 -10.7941 70
10.4429 -0.0329905 70
0.547987 -1.09278 70
-20.8473 -28.6134 70
1.011 1.0234 70
1.2798 0.739108 70
0.202916 -0.410519 70
19.1648 10.6997 70
-0.832176 0.128191 70
0.0333363 0.659241 70
0.890907 -0.992149 70
1.18801 0.150603 70
-0.400195 10.6719 70
30.5588 38.944 70
-8.9265 -9.74043 70
0.152085 -1.06972 70
20.1152 -0.225549 70
-88.9516 30.9753 70
0.570784 0.0358607 70
1.14884 -11.4425 70
30.388 28.8509 70
0.272083 -10.347 70
-1.05998 -1.14733 70
-20.8097 -0.153114 70
-20.9259 21.3335 70
-9.44028 -9.74732 70
1.404 -10.1117 70
-0.95307 -11.0454 70
9.81199 18.5329 70
20.4228 11.4763 70
-21.1587 -18.8186 70
9.16001 -49.4256 70
9.3217 -10.4559 70
11.146 9.26911 70
8.68112 -10.3879 70
1.42214 0.108835 70
10.2211 0.870869 70
-31.3872 -0.857576 70
9.72749 9.72541 70
-0.619972 -10.4045 70
0.600161 -8.78505 70
9.93051 -0.00340186 70
0.353788 -0.974819 70
29.1286 -90.4619 70
10.4812 -9.94541 70
10.7195 -10.0964 70
-9.53608 10.677 70
1.22794 -0.896998 70
0.310723 -0.181154 70
-0.402764 -1.18193 70
-1.47176 0.774866 70
-0.348033 0.907889 70
19.0415 10.2501 70
10.7046 -10.0266 70
91.3583 -8.51008 70
20.2275 0.448496 70
1.23338 1.38054 70
-0.398954 -0.021921 70
21.0486 -50.4339 70
-19.483 0.426986 70
1.17144 8.56687 70
10.9974 1.23352 70
-0.0712497 1.43091 70
-0.595466 -1.31673 70
9.17755 -1.38777 70
-9.59092 1.12123 70
20.7809 8.845 70
-79.9464 70.9844 70
9.03533 1.3498 70
10.4434 11.424 70
8.80654 11.1308 70
0.750987 0.629508 70
9.0914 -1.1905 70
-10.1346 -10.5288 70
-10.3018 -8.88866 70
-11.4858 -10.1896 70
-70.8447 120.519 70
38.7583 11.2736 70
19.109 48.8085 70
-20.6175 40.2031 70
-0.705977 -20.4743 70
0.426962 -10.2807 70
40.5901 0.127832 70
-0.399738 0.270981 70
-0.486291 -0.847016 70
-0.201751 0.271361 70
0.208146 0.257791 70
11.4093 -28.6401 70
-48.8875 -91.4277 70
-19.7408 0.859805 70
-0.585909 9.43971 70
-1.03647 18.9051 70
8.79435 -1.49543 70
9.35184 -9.52737 70
10.9633 -1.31599 70
-0.491187 0.306822 70
8.68596 9.12817 70
0.00284778 -0.212745 70
0.619912 8.64403 70
-21.455 -10.3449 70
0.790152 -1.1224 70
19.4614 1.37682 70
-0.30269 1.15451 70
8.71528 -9.70342 70
0.851417 -8.9808 70
-19.2499 -8.63133 70
10.2974 -0.558666 70
-0.187108 -0.510977 70
-0.0819194 -1.01353 70
11.1605 -1.32345 70
11.1047 -29.7446 70
-0.765996 -8.93739 70
1.12421 -0.247597 70
-81.4511 60.739 70
9.90923 0.135671 70
-0.3626 -1.06461 70
18.523 -0.802416 70
9.84922 0.755367 70
-120.942 -9.70367 70
8.60348 -18.9198 70
-11.1487 -30.6562 70
0.147075 -1.47213 70
-1.34582 0.870442 70
10.9162 -9.97951 70
-20.9114 -19.0743 70
-0.355573 11.0356 70
-1.39496 -1.06909 70
-1.10889 8.61392 70
-10.05 -10.4603 70
-0.604838 1.18498 70
10.3812 10.3467 70
0.215826 10.0957 70
-9.39504 -9.09817 70
-0.113522 -0.310889 70
1.02556 19.5238 70
-40.7165 -19.9945 70
19.958 -9.10611 70
8.61661 -10.1045 70
0.965312 0.186453 70
0.840233 0.972476 70
0.148253 0.446054 70
0.33596 11.1345 70
-0.210872 1.02054 70
0.323401 -0.689569 70
1.12883 -1.42649 70
-38.8719 -10.726 70
0.634714 0.547977 70
8.83894 -0.285872 70
0.00619406 -1.26392 70
1.1369 -1.0831 70
-1.15529 -1.34282 70
-0.57388 -1.43418 70
21.2171 8.52311 70
18.7227 9.07336 70
0.483062 9.34287 70
0.0862423 0.851876 70
10.5392 20.8783 70
0.223171 -0.109816 70
-0.0467914 -1.11882 70
0.80287 -1.25336 70
-0.395888 -0.0792976 70
1.28418 0.917746 70
-29.7385 39.3059 70
21.1682 11.1521 70
-1.1023 -11.1051 70
-0.738562 1.16216 70
-29.7143 -10.6346 70
-0.978607 -11.3343 70
58.7421 -21.3215 70
1.05782 11.0719 70
-1.22187 -9.58125 70
19.5811 0.573426 70
0.342419 0.180015 70
9.26491 -10.6057 70
10.1636 -0.841391 70
-0.527641 -10.313 70
0.196245 -0.411636 70
-11.2708 0.791901 70
-10.6092 1.30539 70
-0.938624 -21.3022 70
1.20626 -0.834171 70
-0.815014 -1.10109 70
0.983934 0.3764 70
-11.4808 10.4584 70
19.7249 -9.82143 70
10.3848 -10.36 70
0.442663 -0.00364147 70
-1.00109 11.4757 70
-0.903462 -0.111379 70
1.34203 -0.352757 70
-0.235698 0.693012 70
9.79057 9.22043 70
9.2006 0.184474 70
0.830603 10.3892 70
0.0810166 9.4502 70
0.523239 0.776478 70
-0.826678 -0.315829 70
10.6272 -0.0189638 70
-11.4425 21.0648 70
-9.1536 18.5801 70
-11.3199 -10.4006 70
-20.2247 -0.00273457 70
29.1362 1.32719 70
20.5558 -10.9988 70
19.3461 -1.0943 70
19.6376 -9.80248 70
11.2959 -19.4091 70
-0.137569 8.60897 70
-0.730174 0.115985 70
-0.640157 -0.0888841 70
-1.42082 0.828698 70
-0.704241 0.322611 70
-9.46233 -1.07452 70
-0.352707 -0.319063 70
79.3462 -0.884787 70
0.0901149 0.113005 70
0.551498 -0.847713 70
39.1757 30.1322 70
10.6111 -19.957 70
19.6017 -101.245 70
-0.346781 -0.246185 70
9.51429 -20.6419 70
0.877094 9.08706 70
8.60827 10.5885 70
0.127869 30.9311 70
11.0805 -0.0499888 70
-0.628205 -9.01057 70
40.8055 -40.7787 70
11.372 -1.22896 70
49.5676 19.9102 70
0.645003 -0.332598 70
-1.01078 9.17632 70
-79.0133 -19.5413 70
11.0941 1.2173 70
-10.0814 -19.3621 70
1.02819 -11.2423 70
-19.0954 9.41799 70
-20.8069 -9.69714 70
1.49662 -1.31738 70
19.4883 9.36547 70
0.662278 0.244597 70
8.78987 0.281254 70
8.52847 -0.346542 70
29.8954 -11.3975 70
10.021 -19.9733 70
-40.084 0.490417 70
0.318765 -10.5582 70
0.700034 -1.14334 70
0.60605 -0.551156 70
-0.318375 -0.734571 70
-0.475841 -10.4435 70
-0.831264 0.130156 70
19.7679 -1.11063 70
-0.0219672 0.200458 70
8.76121 0.38408 70
-1.04682 -0.0833233 70
-50.3735 -68.9306 70
11.2124 11.4836 70
-19.1925 10.2536 70
-0.573091 10.3013 70
-0.79378 0.459615 70
-0.801101 0.112548 70
1.40307 -0.392827 70
0.58227 0.347918 70
0.871928 1.1997 70
0.761723 0.646172 70
8.5581 9.51549 70
1.3312 1.12629 70
-0.753896 11.4519 70
-0.960793 1.26848 70
-0.60501 -0.943981 70
11.4537 9.09714 70
0.39574 -1.18907 70
-29.3098 39.5656 70
10.8926 -1.42636 70
-20.5703 -1.05618 70
10.274 11.1683 70
-28.7282 21.2755 70
9.91341 -0.770805 70
-9.55585 -69.1723 70
9.17052 -0.43064 70
70.2063 -8.66779 70
1.28838 -8.7805 70
10.0372 -0.552144 70
19.4861 -9.18378 70
-0.557338 -0.0415324 70
-10.9683 -9.54461 70
28.5442 21.0005 70
-0.895823 -10.3205 70
-10.8981 0.400903 70
-10.5226 -8.97998 70
0.751022 -1.31782 70
0.33591 1.39025 70
0.485604 0.275476 70
0.491811 1.02064 70
11.3035 1.37229 70
1.19005 -0.910398 70
-0.608139 0.693103 70
11.4724 0.829626 70
-19.9619 18.9087 70
-0.358465 8.62269 70
-0.939693 -1.15705 70
11.4265 -29.83 70
1.27049 0.0933489 70
-1.15098 1.25018 70
8.68779 -0.717856 70
0.798865 -0.195615 70
10.7668 -11.3855 70
9.05562 -1.03071 70
9.1467 1.27644 70
-0.0326533 10.6546 70
-0.854502 -1.27075 70
0.923962 -10.4562 70
8.82693 -0.882559 70
-21.3158 -1.07984 70
-1.12831 -1.24273 70
-0.532398 1.0327 70
-0.89013 0.273628 70
-19.0039 -29.1219 70
1.44645 0.616621 70
0.289533 -0.194779 70
-0.876239 -8.84156 70
0.0123637 10.094 70
29.8947 38.709 70
8.87523 -0.257049 70
20.9411 -0.683946 70
1.3978 0.133833 70
0.457548 1.10678 70
58.6201 -39.6712 70
0.769415 -1.25694 70
10.7512 -10.8445 70
8.99546 -9.45204 70
-59.9371 31.1767 70
10.9234 0.488302 70
10.0484 0.778587 70
-0.911806 0.644823 70
40.715 -19.523 70
-0.6705 -1.33575 70
8.56485 9.92225 70
0.393597 0.636155 70
19.735 -49.6361 70
1.0644 -10.1151 70
-10.8338 0.606318 70
0.308718 0.385867 70
-0.592216 -1.3964 70
-0.0503167 -0.217008 70
-30.1168 20.2938 70
-0.989751 -9.0329 70
-21.4425 -29.6378 70
10.9501 -19.7553 70
-0.912178 0.993266 70
9.12523 0.329796 70
-0.777085 -0.393828 70
-30.0666 -10.4532 70
-0.0447567 -10.1234 70
-9.97524 -0.448156 70
10.0275 -10.3236 70
-1.39799 0.589426 70
-0.78739 1.2363 70
1.0947 0.458896 70
-1.42582 -0.522156 70
0.11907 11.224 70
-0.834145 0.132632 70
9.26055 -18.9887 70
1.4694 -9.40143 70
-0.178376 20.062 70
-1.0299 0.373182 70
0.940794 -1.45147 70
-9.77664 8.61153 70
8.71613 -9.27903 70
9.31915 -10.6178 70
11.3209 19.2966 70
-0.292188 -0.418868 70
-0.626326 -0.434549 70
1.45421 -1.46697 70
10.5857 -9.11736 70
0.30485 10.1029 70
10.9413 -0.77651 70
-8.55319 20.1433 70
-20.8157 19.0086 70
-0.427937 8.58755 70
19.3376 -39.5645 70
-11.1876 0.407468 70
-1.37692 -1.43278 70
-1.25849 -0.0365524 70
-10.2343 8.51691 70
9.97554 -10.1702 70
-78.8078 0.20165 70
-9.72584 -40.3183 70
11.3306 11.1185 70
20.3267 0.665005 70
1.14021 -0.388743 70
-0.986739 0.907707 70
0.807938 -0.621774 70
0.00539837 -0.351013 70
-0.113702 1.03111 70
30.1677 19.7574 70
-0.305797 -0.564473 70
-0.824466 -0.114635 70
0.142165 1.46117 70
-10.7617 -9.08006 70
-0.652429 0.763205 70
0.882736 1.28617 70
0.28079 -0.982179 70
-11.4116 60.3846 70
-0.180715 -18.8408 70
-9.70993 -9.56346 70
-1.34461 -0.975863 70
-19.7608 -18.9098 70
-0.209961 1.10114 70
-0.26204 1.07951 70
10.1674 -1.32428 70
19.6674 -19.8044 70
-9.00069 0.361997 70
-1.26242 0.712038 70
10.2509 8.87337 70
-1.36368 -0.899548 70
9.10699 20.2004 70
9.03514 49.0789 70
0.939324 -1.37263 70
0.0105683 -31.3125 70
18.7805 9.27247 70
8.94565 -0.415777 70
10.0555 -1.44495 70
-0.84217 -10.4636 70
8.65302 1.26245 70
-0.709483 -0.141734 70
9.9848 10.7473 70
8.96991 -0.875479 70
-11.0456 -28.7361 70
-8.8653 -31.4221 70
-0.464474 -1.31388 70
11.1715 -10.981 70
-18.5114 11.2025 70
1.17528 -1.13366 70
-1.01212 -9.09589 70
8.9016 -1.07536 70
0.767102 0.671082 70
-0.527704 -1.39868 70
-29.3816 1.12923 70
-0.0852412 -0.26669 70
-9.87354 9.81568 70
10.1204 9.36008 70
-20.2275 8.84991 70
-9.47407 -1.20219 70
19.7469 -20.1011 70
0.751702 1.18365 70
0.557488 -0.709637 70
-0.741958 -0.316207 70
11.3376 0.444336 70
0.465123 10.4817 70
-0.0647811 0.340563 70
1.36293 -0.602644 70
-1.22468 -0.360267 70
-0.881796 1.44531 70
28.7454 20.0472 70
21.4506 8.88396 70
-0.805721 0.000557819 70
-39.8671 9.85811 70
-40.7069 9.88548 70
10.7891 10.0517 70
1.16064 -8.53011 70
20.0564 -8.98089 70
-1.18332 -0.38625 70
20.3037 -10.2478 70
0.779309 -1.47139 70
-21.4463 -19.9297 70
0.31531 0.721339 70
0.734021 0.629313 70
40.6345 -30.1 70
11.3945 -31.3302 70
0.187901 0.0489865 70
9.29761 0.815633 70
-0.818376 -0.1752 70
-0.483253 8.75937 70
-0.963012 -8.75557 70
19.1108 -11.4164 70
-0.245013 -0.0723547 70
-0.359438 1.17608 70
8.94798 10.4692 70
18.921 -9.47893 70
-0.278616 -1.35866 70
0.69084 -0.794818 70
8.94506 -0.498166 70
11.4293 -28.8438 70
1.39816 -0.797621 70
19.1761 9.19407 70
8.96353 -40.6299 70
1.32709 -0.17837 70
-10.0203 -21.0546 70
11.2014 -11.2167 70
10.561 -0.20957 70
9.42723 0.000806496 70
8.64494 -0.869633 70
0.47231 0.446438 70
9.98672 -31.4711 70
48.9461 9.46123 70
-21.4777 -8.84785 70
-20.7418 -9.69222 70
10.458 1.40518 70
0.373946 -1.34785 70
-1.25449 1.07731 70
10.6115 -0.508516 70
-0.576715 0.617824 70
-1.49471 1.03479 70
-0.0532274 0.373715 70
-1.07525 -0.135098 70
20.7088 -0.0381433 70
8.89815 0.211568 70
10.218 9.51315 70
0.90939 1.42342 70
11.2697 -0.403641 70
0.157171 -30.1926 70
-1.00336 1.42271 70
1.35718 -0.184093 70
-0.084727 -1.44753 70
9.55419 9.1601 70
9.52021 -1.15881 70
10.6428 0.150381 70
-9.66663 -1.0465 70
-0.688818 9.84909 70
-0.164847 9.60043 70
-69.7801 -21.1952 70
0.0222484 29.9637 70
10.1414 -0.331637 70
0.361203 -0.544823 70
0.423549 0.79261 70
40.192 0.0182722 70
-9.96021 -10.2628 70
9.00854 8.71543 70
1.20757 18.5862 70
10.8968 -0.947826 70
-0.277159 -1.09724 70
9.81171 -19.3079 70
-10.8106 -20.3632 70
1.16979 0.978814 70
-9.07433 -21.3399 70
1.1255 -0.563975 70
0.655165 -10.226 70
-0.27094 -0.90712 70
0.533962 -9.02395 70
18.7967 -0.393538 70
9.94629 -1.02044 70
1.37534 -10.9445 70
-0.0619116 -1.26946 70
-0.852394 -0.779977 70
-0.994148 1.39867 70
-1.04045 -10.0201 70
11.3869 11.0001 70
0.612744 -0.327039 70
-11.3435 -0.741034 70
9.46128 0.898137 70
-78.8524 -79.4221 70
11.2281 0.389145 70
-1.01393 -9.24443 70
-1.49992 1.23619 70
-0.237877 0.0053589 70
1.48836 -9.98078 70
1.09982 -0.0384435 70
-11.2495 29.4604 70
-0.203441 1.10477 70
-1.39808 -1.26845 70
10.1351 -9.42173 70
-1.0036 -0.825139 70
29.8819 -10.5535 70
-1.12694 0.996615 70
-1.39999 -1.3409 70
-19.4988 11.0511 70
9.36614 -1.17266 70
9.6769 -11.3387 70
-0.194471 -1.32669 70
-9.64843 8.89116 70
0.820521 0.799094 70
9.45016 -1.23504 70
10.8022 -0.0656883 70
9.60124 -11.2681 70
-0.428422 11.1262 70
0.7704 -0.92895 70
0.744205 -0.739532 70
0.4985 8.96177 70
-1.11948 -1.14004 70
-31.3958 -20.7237 70
11.426 10.8001 70
9.37564 9.44773 70
-1.18493 -9.74278 70
31.2477 29.9069 70
28.6062 28.6618 70
-0.977097 0.377467 70
11.3637 0.996909 70
20.1833 -19.8793 70
8.69387 11.0876 70
-0.0738324 -11.1652 70
-0.0574902 0.522372 70
-0.836769 0.966346 70
-9.99815 11.4573 70
-0.291895 11.2852 70
-0.914286 0.181624 70
11.2611 0.701063 70
-9.67825 0.218897 70
-0.407622 9.3612 70
10.4694 -0.803682 70
-1.14417 -10.1552 70
0.0224955 -0.349398 70
29.304 10.0382 70
29.5074 11.4461 70
9.26159 -1.2879 70
-1.08934 1.15437 70
-9.80652 8.94003 70
9.49605 10.7924 70
19.4489 9.852 70
-0.0271577 1.43882 70
10.1277 10.2448 70
-1.11668 -1.10918 70
0.664921 0.418123 70
-20.8446 -20.39 70
-9.17538 8.67582 70
1.34197 -1.3377 70
18.7224 39.9929 70
30.6599 -0.0706853 70
-8.84881 -18.6754 70
-9.21875 -21.2276 70
0.309167 1.27264 70
1.38219 -0.802173 70
18.6277 9.64322 70
20.5292 -10.053 70
-9.40466 -1.2888 70
-1.39617 0.186426 70
1.35968 0.793403 70
-21.4256 40.347 70
21.2111 9.7648 70
31.0967 -10.6666 70
-8.64071 29.3786 70
0.241345 -0.0741032 70
18.5929 30.3809 70
-1.35851 1.01984 70
-8.59551 -0.361404 70
9.67332 28.9058 70
1.22133 -0.962169 70
0.682244 -0.672043 70
0.826177 1.06574 70
10.4341 18.5179 70
0.377663 -1.04427 70
-0.79113 0.442222 70
-1.30265 -8.97943 70
29.4172 8.89412 70
-0.617819 -50.948 70
-0.767412 1.13038 70
19.0033 -1.43206 70
10.7767 9.02177 70
0.0306629 0.146234 70
-9.50873 0.392343 70
-49.877 0.752396 70
-11.447 -18.5872 70
11.0842 -11.0584 70
1.31146 -0.84866 70
8.71386 0.278263 70
-0.626509 -11.4027 70
19.0199 -38.6442 70
8.87895 9.10666 70
-1.29434 -10.6302 70
29.4782 28.5305 70
9.40027 9.94796 70
-10.6432 -9.61773 70
10.373 1.0182 70
10.6444 -1.05991 70
-19.882 11.0353 70
9.85574 0.108835 70
-11.3515 18.7593 70
19.1006 -1.2267 70
10.6157 -9.9203 70
20.2828 108.668 70
11.4835 19.1504 70
-0.393069 -0.646372 70
9.29802 -0.755772 70
10.0279 0.737438 70
-0.37177 0.693819 70
8.67432 10.4341 70
0.578559 18.9167 70
0.714605 -0.554036 70
-0.236326 0.22096 70
10.7344 1.47152 70
0.168426 0.760526 70
0.398533 -0.725053 70
1.27104 1.40918 70
1.35414 -1.04584 70
11.1883 -11.3697 70
8.95576 9.98497 70
-0.309088 10.9165 70
19.1915 19.7158 70
10.6248 -0.296287 70
8.86374 10.9659 70
20.6053 -8.62367 70
-1.03769 0.570498 70
0.128098 -0.669706 70
19.9886 -8.98498 70
20.3056 -8.66165 70
0.958024 1.21908 70
0.46781 -11.0503 70
1.05447 0.595605 70
-8.9675 -10.8105 70
