0.719018 -0.995458 70
-9.19932 8.58334 70
-0.231921 8.83975 70
0.453789 -0.640039 70
0.197852 18.8102 70
0.654263 1.35474 70
10.4588 0.183117 70
-1.38663 0.553638 70
8.89516 -20.3637 70
9.07513 10.6953 70
-8.7378 11.0589 70
-19.818 -10.3848 70
-0.7442 10.3402 70
0.557787 0.288764 70
1.23606 1.1147 70
1.48447 0.77663 70
-1.13871 -0.470373 70
-0.792869 -8.88326 70
9.93962 9.09146 70
0.874338 -11.1912 70
-0.867274 1.0217 70
-10.0037 -19.3861 70
-10.7564 -18.6094 70
-1.05948 0.850932 70
0.0950936 -0.893054 70
0.880644 9.10727 70
-11.2633 -9.49335 70
1.14105 1.06272 70
0.010161 10.0158 70
1.29617 -0.685304 70
0.623207 -29.0682 70
0.83603 1.13464 70
-0.115205 9.418 70
9.40695 10.6237 70
-0.836587 10.5095 70
-21.0657 30.9352 70
0.385675 0.988026 70
0.745429 -9.79943 70
0.518973 0.481596 70
0.640562 9.21234 70
-9.6861 -1.38356 70
-1.04957 10.6551 70
-9.55713 10.4007 70
-0.906981 10.759 70
0.865804 1.0858 70
1.41563 -1.12628 70
-41.211 -0.661797 70
-1.2788 -1.29763 70
-0.770316 0.670717 70
-0.638975 0.632609 70
29.8479 -19.3142 70
-0.719359 9.83803 70
0.962598 9.63337 70
0.800353 10.9013 70
0.55134 1.30417 70
0.9873 0.128154 70
-9.64248 0.3032 70
0.555196 10.9763 70
8.89044 9.82258 70
11.3213 -0.0725467 70
9.0346 0.681536 70
10.9252 10.522 70
-10.8158 -8.86097 70
-9.49991 -20.1459 70
11.2839 -9.82549 70
0.983715 -1.35577 70
19.2629 -11.3512 70
18.7974 -9.85031 70
0.905134 -0.904298 70
9.61755 -0.691256 70
-50.1799 49.6808 70
-1.17244 -8.59598 70
1.19895 -10.7933 70
-8.51509 29.6402 70
-10.8573 10.7187 70
19.514 -10.1691 70
-10.8547 18.6432 70
1.3998 0.315454 70
19.4263 -0.841439 70
1.19672 -0.334875 70
-18.9541 0.122484 70
-8.75776 -40.3442 70
10.114 10.6102 70
0.496389 50.5929 70
8.75715 1.21712 70
9.12479 0.284023 70
-0.250662 -1.06587 70
0.397821 -19.0452 70
-0.0658716 9.42515 70
0.408669 11.4134 70
-50.9073 -40.85 70
10.1861 -49.8329 70
-18.5999 11.1919 70
-19.2528 11.2683 70
29.0777 -0.41527 70
41.3826 10.8193 70
-8.9833 -1.1643 70
0.302254 -1.21413 70
61.316 -0.892984 70
-0.545997 9.72207 70
-0.696526 8.73243 70
-0.33845 1.46988 70
-30.5701 9.63903 70
31.4074 10.0191 70
8.69484 11.0817 70
-41.0811 9.4932 70
-1.35847 0.0312369 70
-9.82974 1.12817 70
-0.460122 -10.4674 70
-0.529474 -1.02701 70
-0.763446 10.7377 70
30.9768 -20.9809 70
-9.32239 -39.1202 70
0.110145 0.0329518 70
1.25855 0.514454 70
20.4247 -0.96766 70
0.71613 -9.79797 70
-0.5514 -10.9664 70
-1.12142 -1.28007 70
1.30075 0.493314 70
0.297139 -1.11951 70
-21.3744 -20.3217 70
-20.2467 -0.999829 70
-39.9868 21.1663 70
-40.9623 20.4245 70
-10.6294 10.1837 70
21.3419 109.878 70
-1.00806 11.195 70
-58.848 120.598 70
0.812934 -8.69301 70
-8.64159 8.73569 70
-10.9489 -0.236268 70
10.6026 9.68833 70
9.28944 -1.14227 70
-0.0467918 31.4274 70
60.3292 -9.63124 70
8.79258 11.3697 70
-8.68264 11.43 70
-1.42946 1.0656 70
18.6664 9.5895 70
0.920294 0.36054 70
1.16452 10.6647 70
10.8034 -9.88487 70
31.4522 -1.02939 70
-0.597769 11.3308 70
10.199 10.0379 70
18.5791 -1.23788 70
-9.73054 -0.343677 70
1.13971 0.135247 70
20.5867 30.8453 70
10.0604 9.2961 70
-0.469476 -10.949 70
0.0776916 -0.785577 70
-1.39097 -8.92704 70
10.9105 9.23524 70
0.0504014 -0.680296 70
-31.2143 10.3283 70
70.4568 -21.1299 70
10.7077 18.5956 70
70.3495 -41.001 70
1.0857 0.525391 70
39.2691 41.1266 70
-0.38266 -0.320518 70
88.6296 29.96 70
-9.94446 10.5579 70
-0.771873 -0.938473 70
10.9392 -10.9643 70
11.0716 59.0973 70
-21.452 80.1799 70
10.1945 1.36064 70
-18.6394 8.6925 70
8.59611 19.7949 70
1.22196 -0.484006 70
9.56716 30.5466 70
-10.6605 -19.5165 70
9.7683 18.9477 70
80.5985 50.8615 70
-19.4541 8.95696 70
9.43523 -21.4872 70
-0.699592 1.48182 70
-0.351262 -1.04851 70
0.658524 -9.94449 70
8.88459 -28.8112 70
-10.2044 79.4145 70
9.03224 1.48554 70
-10.3617 -9.65696 70
0.360219 -1.44286 70
-119.73 -39.1603 70
-39.0327 -8.89871 70
-41.0387 -9.89355 70
-0.860365 11.3673 70
-11.0448 10.3005 70
-0.919755 10.2238 70
0.670942 -9.78834 70
0.392228 -0.051438 70
0.491957 -0.294429 70
0.278948 -11.3693 70
10.6591 39.3168 70
10.8856 9.93843 70
18.9171 9.68211 70
-8.7117 8.58454 70
0.546007 1.1204 70
-0.376671 -10.0514 70
19.8934 9.92658 70
-9.36994 10.2502 70
-0.28724 9.1898 70
0.943612 0.788418 70
1.24075 1.01556 70
-1.17174 -0.714922 70
-11.0171 1.25697 70
-30.1849 -30.4734 70
-21.4921 -19.1822 70
0.829234 -69.3474 70
10.6241 -21.1895 70
0.542039 0.225357 70
1.46967 -0.652473 70
1.48978 0.342019 70
1.0261 -0.415839 70
-1.3351 -1.36218 70
-0.137395 -0.151333 70
-0.676059 9.07288 70
-0.0327649 0.506149 70
0.522571 1.2606 70
-1.35871 0.24591 70
0.772726 -20.6129 70
29.5383 0.397257 70
31.407 -1.39509 70
-1.30801 -1.12408 70
-10.9586 -0.419854 70
0.914775 -0.227907 70
-0.761167 -0.654738 70
-29.4296 19.4186 70
-9.3677 -9.19696 70
-39.4382 1.4091 70
-48.876 30.3742 70
-0.697002 0.237671 70
31.0482 20.6032 70
-0.114481 -0.297702 70
-10.5091 11.192 70
-18.9866 -1.28286 70
-61.4603 10.7768 70
10.6639 -11.0073 70
-0.835121 -9.90462 70
-31.0513 -8.68604 70
1.04152 1.05979 70
1.29502 -1.23418 70
1.20961 -1.18968 70
0.649981 30.3246 70
0.0157968 10.0004 70
-1.01617 0.215476 70
1.31358 0.720316 70
40.7301 -19.9131 70
39.0407 -20.5072 70
1.43173 -0.21651 70
1.28778 -10.3224 70
-30.4026 -20.3531 70
-1.33561 -0.651223 70
-50.7635 -10.8592 70
-19.0317 21.0487 70
1.41019 -0.795927 70
1.10685 9.60491 70
-8.96869 -10.4304 70
-10.3807 -0.428548 70
20.0345 -21.147 70
-10.8919 10.3365 70
-0.554715 0.795866 70
70.4147 39.6697 70
0.939561 10.4681 70
-10.0605 -8.621 70
-10.636 -0.8816 70
28.6595 -0.28503 70
-30.7418 -11.0283 70
-0.00212929 10.4799 70
9.76445 -1.03023 70
-29.3808 -0.470104 70
9.23601 -10.3515 70
28.9724 -10.9876 70
-8.72737 0.187265 70
9.4411 19.4418 70
-9.10731 9.583 70
-9.64451 8.53606 70
-1.4241 -9.60098 70
8.5675 1.1739 70
-1.18444 -0.336431 70
-20.0196 29.3595 70
40.5222 9.19659 70
-0.475393 11.3126 70
-9.06317 -10.4167 70
-1.47822 21.4482 70
-10.6124 1.08242 70
9.00529 9.67204 70
-11.0551 11.3874 70
1.42032 -0.875385 70
-9.83463 1.24535 70
0.736812 21.2578 70
29.9912 10.535 70
-11.3182 8.59406 70
-0.566008 0.623229 70
20.9013 -9.25183 70
-1.45232 0.131491 70
20.0235 0.657609 70
19.1038 79.7681 70
-0.870025 9.90607 70
10.2316 -1.35621 70
1.4566 8.7862 70
0.717816 1.44703 70
-19.8053 11.1535 70
9.32827 -10.3406 70
1.31858 -0.806625 70
1.38613 -11.0249 70
18.5597 20.3724 70
-1.16002 9.74483 70
-9.67977 -39.3012 70
1.21119 0.494622 70
-0.365401 1.27591 70
11.144 -0.803223 70
0.971572 -0.279133 70
-1.23523 -1.31575 70
1.17303 1.465 70
-10.3934 -0.569515 70
-0.920436 68.8334 70
0.728064 -11.2214 70
-0.230812 9.25299 70
0.184504 9.54799 70
1.13758 1.09766 70
-20.0912 19.7894 70
0.80112 11.0679 70
-0.806444 0.883806 70
-1.34648 0.749794 70
1.31785 1.47771 70
1.28257 -1.164 70
10.5593 -19.3815 70
9.45395 -9.48524 70
0.531076 -28.5145 70
-0.292607 -28.5432 70
-11.2126 0.912468 70
1.09815 -0.103329 70
0.752678 11.0848 70
0.160148 8.76372 70
0.889839 10.0031 70
-31.3216 19.9984 70
-8.5919 18.5676 70
0.54482 10.2557 70
-1.04488 10.8084 70
-18.8134 10.905 70
1.06935 11.3144 70
-9.65778 1.18096 70
0.304253 19.7617 70
20.545 -0.32629 70
8.76108 0.669749 70
-10.9856 0.771603 70
-0.680709 9.95195 70
0.495746 11.2037 70
-20.4163 -10.4557 70
-21.2768 -0.283693 70
-1.18217 -0.83923 70
10.5126 10.974 70
1.33584 -0.547515 70
-9.28857 0.401395 70
40.0425 31.3559 70
-1.41632 1.46856 70
-0.166389 0.677232 70
0.306168 -8.85701 70
9.09141 10.3202 70
-0.83268 0.886135 70
9.27593 8.76563 70
-11.3003 -0.529089 70
0.194994 -0.366197 70
9.53567 -0.990962 70
9.83426 9.79633 70
18.7856 -9.69356 70
0.28456 -0.987434 70
10.9085 -0.0896593 70
-0.0552441 1.11499 70
0.404347 -0.812458 70
0.456206 10.0265 70
-1.16595 -1.03749 70
9.32116 1.1367 70
-8.79918 -28.9645 70
1.43346 0.737889 70
8.91168 30.8451 70
-10.0024 1.35794 70
1.25911 0.651636 70
-29.8378 -19.7463 70
0.599566 10.7436 70
-1.23978 -1.38661 70
-9.83999 -1.20262 70
-10.8726 9.93348 70
-1.1818 9.05083 70
70.8483 -9.6454 70
-51.2472 -20.32 70
-10.7954 28.9229 70
-11.1709 -9.5801 70
-9.94172 10.4931 70
0.403722 1.02271 70
-10.5399 19.7119 70
1.05125 1.05379 70
-20.5677 9.9956 70
11.4613 1.16325 70
-0.163193 1.0672 70
0.0259993 8.61255 70
8.52322 30.6703 70
-10.7209 40.2398 70
-10.4208 -1.23295 70
39.336 18.6878 70
-0.641246 10.5778 70
-0.112586 1.03972 70
9.60846 -0.235974 70
0.263493 0.912182 70
-0.68532 0.911319 70
-1.49384 1.43923 70
-11.2752 9.17291 70
-1.45963 -10.3745 70
9.69428 9.08167 70
0.813643 9.19074 70
19.5622 -20.3037 70
-0.249804 -0.0655265 70
-10.2747 8.66851 70
-0.701223 -1.31392 70
-31.2267 -9.6782 70
10.7022 -9.88183 70
10.5827 -0.0743936 70
-8.81282 -1.0104 70
-0.9349 0.571404 70
-0.220329 -8.70265 70
-0.369316 -9.09195 70
0.131033 0.651976 70
10.3844 0.372369 70
1.04292 0.372033 70
1.0366 1.07957 70
-9.42272 -0.261071 70
-10.6863 1.36723 70
-50.8491 -51.3708 70
29.1989 -20.1739 70
0.45259 20.1874 70
10.52 20.9895 70
-109.268 0.861474 70
0.547424 8.92342 70
1.17823 9.89048 70
-10.4767 0.304801 70
-1.46111 -0.602285 70
1.1227 10.8656 70
31.2094 79.5243 70
-31.0018 19.2638 70
0.782146 10.2893 70
58.9748 41.3591 70
0.109664 9.20691 70
1.43815 10.0238 70
19.3723 -9.96481 70
0.998514 20.0148 70
9.83373 10.6958 70
-8.71262 18.7757 70
9.99245 -1.05408 70
-0.123052 8.82934 70
1.36095 -1.29837 70
0.691998 10.9926 70
-0.405505 -29.5324 70
10.7248 9.00868 70
10.943 10.2642 70
-0.162101 20.2578 70
-1.16804 -1.36758 70
1.48283 -0.360471 70
1.12053 -1.12946 70
-1.1533 -0.129348 70
-0.391605 -0.82718 70
-31.4307 9.87327 70
0.175006 -0.836504 70
9.57285 -1.2385 70
0.772467 9.35621 70
0.0603506 -0.0544908 70
9.53483 11.2223 70
-0.291556 11.0796 70
-59.8258 -19.0643 70
-61.2241 -20.0842 70
-80.9506 -121.459 70
31.4383 -8.7595 70
0.713243 0.960243 70
-1.2181 0.36963 70
-0.386044 9.42651 70
-59.3636 1.45398 70
-10.075 1.27838 70
-9.762 11.2843 70
0.60673 9.05063 70
9.12797 31.3009 70
-30.3043 18.6616 70
1.45408 19.261 70
-9.69686 9.22327 70
20.8579 -10.862 70
-9.9566 1.13417 70
1.12742 -1.34314 70
0.903035 -0.0367244 70
19.3391 -9.19618 70
-1.30644 -1.22087 70
-0.815631 -1.06032 70
-11.0669 -0.566395 70
0.884902 1.02033 70
-0.0474685 19.8679 70
9.69951 -1.47469 70
20.3218 10.4156 70
-0.765076 50.905 70
-8.74531 11.2194 70
-1.46353 0.454139 70
0.925601 -0.959555 70
-79.4524 60.0817 70
-80.1238 59.2911 70
-41.4363 -28.7073 70
-10.5667 -9.0102 70
-10.8558 -10.6205 70
0.506272 10.9244 70
0.587702 -1.28572 70
-9.3145 -8.58478 70
11.2055 10.9804 70
-1.37014 -1.21693 70
-1.47989 -0.601371 70
1.29662 9.70435 70
1.00329 -1.19747 70
0.479819 -0.590907 70
-9.80617 10.885 70
-9.49863 10.8319 70
-39.9828 19.2202 70
-21.3701 -10.7964 70
-8.74015 -8.8098 70
-10.0866 -0.45981 70
-10.9414 0.0141459 70
0.607846 -0.0496305 70
9.21332 9.76117 70
-0.350777 -30.5 70
-0.256964 10.3503 70
0.811311 0.0718383 70
19.4862 1.37107 70
-1.09322 11.0912 70
11.0551 0.924281 70
-1.01316 -0.418512 70
-30.3727 9.01667 70
8.85358 9.67062 70
-1.37275 1.21136 70
-19.7915 1.4876 70
10.6903 0.223934 70
10.4259 -0.759624 70
0.151857 11.497 70
0.548004 9.94488 70
0.119918 -8.61112 70
-1.01673 -0.374277 70
-10.7179 11.1269 70
20.9163 -11.0128 70
9.21926 30.4368 70
-0.955014 -19.6408 70
8.89707 19.9819 70
-20.0561 8.52742 70
-19.1979 9.59203 70
-29.6566 -9.95946 70
1.2338 -0.580594 70
-8.86122 10.9797 70
1.32885 -0.318838 70
11.1496 9.72011 70
9.46099 0.284597 70
-60.6872 71.2632 70
-58.9785 70.0043 70
-1.28231 11.1608 70
-0.286152 10.7938 70
-20.8411 -20.4754 70
0.778505 8.9509 70
-1.03293 11.2204 70
-0.577943 -0.240049 70
-0.744584 -9.54878 70
50.4484 9.02852 70
0.057329 0.546697 70
11.1197 10.7102 70
-0.421742 10.2849 70
-69.163 -11.3464 70
-30.8582 -1.33855 70
-31.3534 0.939945 70
0.809838 -1.12639 70
-9.28828 10.6814 70
0.953501 -9.61672 70
-1.40169 -8.82766 70
-40.111 -1.09522 70
-11.0314 -0.752523 70
-1.2153 0.563868 70
-10.6017 -1.35946 70
-11.1489 11.2205 70
-9.94316 11.1439 70
0.398548 0.982106 70
30.08 -9.81331 70
21.2106 40.9297 70
10.72 -1.03193 70
-1.18312 8.57583 70
1.16399 0.0393908 70
-19.1212 -1.36657 70
-11.275 8.63644 70
-9.4033 0.829646 70
9.05983 40.3273 70
-10.2829 10.6815 70
0.139708 -11.0145 70
-0.978899 0.582615 70
8.57779 0.590918 70
-10.1145 -1.029 70
-20.8151 1.14373 70
10.94 1.13918 70
-9.96999 19.185 70
-18.9048 21.2983 70
51.1995 -8.78657 70
1.46692 1.23501 70
-29.9315 -0.11523 70
0.060684 9.45421 70
-9.30791 10.4915 70
29.6541 -38.9227 70
-1.48513 -0.538471 70
-1.44109 -0.185057 70
1.07205 79.0104 70
-0.873137 80.613 70
-1.04286 10.0964 70
29.4869 -8.59533 70
-9.93899 19.9399 70
69.8378 -30.556 70
-0.748515 -11.0073 70
1.01898 9.98093 70
-0.569835 11.2873 70
-11.3433 10.244 70
0.687288 0.00719958 70
1.23851 10.4888 70
0.973095 10.8413 70
1.06175 -10.3761 70
-10.0217 10.2581 70
1.24682 1.2229 70
-10.3033 -9.45496 70
-0.258003 -40.0227 70
1.11523 1.24494 70
18.5619 10.6104 70
-10.6026 19.0217 70
-1.20936 9.36261 70
-10.9784 10.0044 70
-1.3735 0.95973 70
0.952428 -0.782391 70
-1.28496 11.1209 70
-0.53072 1.4581 70
-0.772215 1.12948 70
0.970552 8.9596 70
-0.540793 10.7619 70
-20.0436 -1.00996 70
-29.5241 -1.15051 70
-29.4873 -1.46963 70
-0.306997 -1.32245 70
-9.71825 10.6994 70
-0.387471 1.16458 70
20.4002 11.0083 70
-0.487591 9.61031 70
-31.3802 -1.18781 70
9.4543 9.40697 70
-0.700384 -19.9716 70
-9.7819 1.36003 70
0.536722 0.520122 70
-10.0606 0.932556 70
-28.6725 -1.08108 70
0.954291 9.70182 70
9.25803 20.1402 70
60.6869 -100.214 70
31.4271 0.117876 70
-10.4095 10.1649 70
-0.216598 -1.19023 70
-9.81169 11.458 70
-1.12539 0.258548 70
-1.23687 0.397069 70
30.3018 9.62232 70
11.0864 -78.7443 70
-0.179216 1.15404 70
-0.863536 10.8448 70
-0.850184 1.24144 70
10.1232 -0.426943 70
-0.718198 0.89658 70
-1.1076 -21.0576 70
18.7609 1.27602 70
20.4984 0.555946 70
0.980301 1.42006 70
1.28517 -0.735678 70
0.450117 -1.15293 70
1.17565 1.20607 70
1.01552 -18.8616 70
-1.37187 -11.2732 70
1.31733 -9.29618 70
-0.506922 20.9361 70
-10.6818 -8.8613 70
-90.6254 40.8595 70
-8.86078 0.0427796 70
31.0646 1.31406 70
-18.8091 40.8904 70
-0.285071 -0.999263 70
21.403 -21.3382 70
19.2705 -18.8652 70
-0.888686 19.7918 70
-20.9214 0.935074 70
1.2327 9.65345 70
0.910629 10.8519 70
0.326422 1.08256 70
-1.35607 29.0748 70
-31.026 -10.2049 70
10.3997 30.8166 70
0.402152 -1.1539 70
-1.3882 0.828205 70
-1.18325 0.768299 70
1.18565 9.62785 70
10.4745 0.328576 70
-8.72582 0.227226 70
-9.27874 -11.0883 70
1.26429 0.237884 70
-0.285022 -0.397299 70
8.64659 -0.37104 70
-0.882837 10.2536 70
-1.07308 1.29817 70
-1.0148 10.7205 70
-31.1846 0.237117 70
-21.2212 18.9612 70
9.02224 0.596187 70
0.102641 0.770572 70
8.9901 -0.247634 70
0.894325 10.2198 70
9.15334 -51.1426 70
20.7152 59.5425 70
19.1641 -0.830514 70
-9.36184 11.1833 70
-1.2668 -0.0711018 70
1.43233 -49.7709 70
-1.13013 -10.7288 70
-9.81864 1.19736 70
19.6229 1.03017 70
-0.676944 -9.22383 70
0.834457 -0.668036 70
0.958569 1.27401 70
-1.29676 10.4583 70
-0.484055 10.8989 70
0.327401 10.1231 70
11.4336 -1.30448 70
0.961119 11.1345 70
-0.589851 1.2647 70
-11.1004 0.0444752 70
8.91149 41.197 70
10.7899 8.56966 70
-10.3357 18.9767 70
0.696243 -0.581538 70
1.03722 0.795871 70
-0.852786 0.809146 70
-20.406 -10.7382 70
-9.61515 8.85833 70
-0.144237 1.44607 70
0.0358581 0.105035 70
10.1736 -10.2632 70
-1.44756 10.2371 70
-10.9073 -20.2229 70
-1.09908 -1.20435 70
30.5062 -9.17594 70
-20.7445 28.7333 70
11.4592 1.46282 70
1.31666 -9.80652 70
-0.674296 0.832585 70
0.403004 10.4241 70
10.3371 -11.1833 70
20.3782 1.39719 70
-0.00493961 -1.14393 70
-40.3021 -19.6824 70
-0.390736 0.219806 70
-11.4665 10.3557 70
0.116367 10.5945 70
0.23105 -1.13943 70
-0.25231 0.890044 70
-10.9429 -9.13042 70
18.9942 -9.74098 70
1.24481 0.494577 70
-10.68 10.6779 70
1.07416 -1.47466 70
-39.9045 -30.3202 70
-10.136 -1.23841 70
0.258815 -1.41879 70
-10.5563 -41.1681 70
-9.98006 -9.83649 70
-11.4219 0.109191 70
