28.9454 0.0534076 70
30.5184 -0.209827 70
10.6649 -19.5908 70
1.32347 0.0878027 70
0.471714 -1.29682 70
-1.32353 -30.3471 70
-0.725113 9.67017 70
9.52007 -10.4024 70
-9.30688 -0.793459 70
0.714452 0.239451 70
-0.583529 -0.286109 70
9.86797 -10.721 70
-0.630946 0.895524 70
-0.520322 -0.697374 70
-8.93301 -0.964673 70
-8.73033 0.965449 70
-9.14574 -0.194188 70
-8.7925 0.400014 70
1.22087 -0.197693 70
8.67392 -19.0219 70
-19.9431 9.91593 70
19.3841 -9.22521 70
8.66284 -0.393089 70
9.72719 0.0130758 70
-20.1632 -9.79875 70
-0.529433 0.830846 70
-39.8043 -9.16739 70
1.35584 -0.73106 70
-8.86804 -0.0562911 70
-9.84442 0.898861 70
0.169996 -20.8635 70
11.0001 8.94602 70
21.3793 9.96224 70
-21.1866 10.099 70
0.0685303 -10.7018 70
0.3132 -10.8418 70
11.356 -0.422924 70
9.10175 1.13214 70
-0.0846684 0.85879 70
0.163723 -9.2639 70
-30.0469 -10.5839 70
-31.4373 -9.49027 70
39.0267 10.6879 70
11.0802 -10.1742 70
0.914833 9.89384 70
0.128378 -9.6994 70
-8.50323 0.869556 70
1.29601 10.2016 70
-10.6327 -0.802131 70
-58.7477 -39.8128 70
0.829517 -10.7278 70
-0.902615 -0.60256 70
-20.7551 -39.8753 70
-0.164677 1.26 70
0.945906 -0.626087 70
0.0674801 0.493928 70
10.6094 20.2373 70
-0.706297 -11.1022 70
-8.66066 1.03805 70
0.848642 -8.6247 70
10.0272 9.48072 70
-1.11408 1.17418 70
-9.61287 -11.1014 70
9.45055 -0.729615 70
1.36353 -9.54205 70
20.789 -1.06543 70
-10.2045 -10.5286 70
-29.1095 50.6938 70
1.16735 -0.204803 70
-0.00171015 -8.87413 70
21.0547 11.2648 70
-1.00882 0.949 70
10.2748 -9.32658 70
-9.84068 -8.58516 70
0.145447 -19.9391 70
-29.977 -30.7584 70
8.92505 11.483 70
-31.2681 39.3992 70
0.75689 -9.39729 70
9.06799 8.50248 70
-0.268805 0.791504 70
9.63384 1.46806 70
-1.48996 -10.2313 70
1.06687 -9.17865 70
1.45106 0.836968 70
-0.68159 -9.32217 70
0.959321 -0.988679 70
-9.68569 -10.6916 70
9.10415 18.6319 70
-0.565517 1.37056 70
9.0992 18.7265 70
10.8994 0.429421 70
89.241 -49.8402 70
9.96382 11.4619 70
10.6012 -10.9535 70
0.777792 10.5782 70
1.18523 0.0339051 70
1.3519 -70.9816 70
10.1285 0.847075 70
49.7906 8.71359 70
-0.614056 -11.0627 70
1.28071 -11.478 70
-0.582128 -1.02025 70
1.09174 -1.23936 70
78.7558 -31.433 70
-19.8899 38.7295 70
-0.0530043 -8.75436 70
0.0985549 -11.3891 70
20.781 -10.7204 70
19.9034 -9.66594 70
-11.2502 -10.4148 70
0.907283 -10.474 70
-1.44048 -0.495279 70
-0.31929 -0.807499 70
0.988565 0.470091 70
9.16799 21.3933 70
-0.0670581 1.09891 70
9.19176 -1.03574 70
10.0989 1.31389 70
-30.9014 -28.5187 70
-9.38607 1.07898 70
-20.6837 -1.21347 70
-0.82994 -1.04117 70
-9.09793 -8.73861 70
1.3451 1.23074 70
40.0275 -10.7367 70
-1.00964 -0.810516 70
-31.1924 -1.05416 70
20.1229 19.6366 70
-28.5039 -30.378 70
-0.892494 -0.686334 70
1.38221 11.3736 70
-19.4449 -8.96514 70
1.49226 -8.9771 70
30.1109 -8.88592 70
0.823041 0.0859974 70
1.09165 10.7965 70
-1.26792 9.96353 70
-8.86313 -80.9764 70
0.172663 9.12995 70
10.1923 -0.558252 70
-9.27518 -28.808 70
-9.98893 -11.21 70
0.0496139 -1.29947 70
-1.48238 -1.32818 70
-0.114873 -0.945 70
-8.92873 10.4691 70
21.1855 10.6107 70
-0.908645 9.43626 70
-0.611657 -0.447608 70
-9.11901 1.35204 70
-90.2573 -79.4842 70
-1.04094 -10.302 70
40.3245 -10.3584 70
18.8343 -20.4357 70
0.00417375 -0.0330193 70
0.5468 1.25192 70
0.135072 -0.148613 70
-1.07737 11.289 70
-1.0029 0.619754 70
1.31619 -10.0445 70
0.593737 1.04436 70
-1.19508 -1.36538 70
-1.07913 0.650606 70
-10.7516 -9.76683 70
-0.946045 -9.37205 70
0.0413211 0.831829 70
0.399038 -0.446783 70
-0.0896929 0.806536 70
19.6266 20.5843 70
-1.03062 -1.49001 70
-0.249244 -0.587349 70
-10.711 -10.0375 70
-20.4263 9.98399 70
0.0769583 1.49071 70
-1.33281 -20.866 70
-9.63138 -1.30988 70
19.2559 -60.0438 70
-10.6953 -9.39585 70
-0.772019 9.71199 70
18.9047 -30.739 70
-20.939 -8.57404 70
-20.3328 -10.5529 70
-0.836297 -0.431151 70
-1.34182 -0.75254 70
0.253443 -1.03042 70
-0.800273 -0.317084 70
8.61082 11.3295 70
0.368389 -10.3773 70
-89.7414 -31.054 70
28.5689 0.323086 70
-0.0475793 0.359646 70
1.03486 -0.937024 70
1.16514 -9.0718 70
-10.196 -1.07541 70
9.53196 0.728984 70
-8.54148 -20.578 70
-10.4288 -0.607023 70
10.9639 -21.1254 70
9.2023 49.4913 70
1.30071 0.215638 70
-0.531801 -0.451642 70
0.146803 0.302266 70
-9.35986 -0.40384 70
-11.4791 8.98691 70
9.48248 -0.0496316 70
1.25912 9.81205 70
9.86103 -0.406696 70
11.1635 -0.241644 70
0.523341 -0.159689 70
-11.1017 8.86499 70
9.71867 -18.8318 70
1.1443 -0.436841 70
-0.343461 0.667787 70
-10.5494 -0.832327 70
-8.93116 0.654636 70
-0.963084 -21.0981 70
0.629086 -19.4002 70
-0.388964 -10.0623 70
-0.185191 0.761238 70
29.2509 -60.1844 70
1.25646 -0.761226 70
-1.22554 -0.0697524 70
-19.8746 -40.0773 70
-0.0297714 -9.65814 70
11.4276 -10.9668 70
31.109 -19.9015 70
8.57232 -1.09021 70
-0.461408 -8.73436 70
10.4641 -10.4371 70
20.5642 20.6603 70
-9.4481 11.4779 70
1.32559 -11.239 70
-10.2365 -0.789347 70
39.7318 49.1545 70
-10.6773 0.959836 70
0.870961 -8.69678 70
-0.487992 1.17867 70
-39.3335 30.2841 70
29.8283 -30.129 70
-0.423846 0.106533 70
0.341806 -1.17575 70
-11.1344 -1.36416 70
9.39633 -8.67978 70
1.49991 1.0903 70
-1.14788 -9.05307 70
-0.698724 -9.19123 70
-0.253491 -10.9065 70
-0.645092 -10.3854 70
1.00777 0.090541 70
0.955479 -0.33036 70
0.463791 -9.34215 70
-0.717491 -8.95302 70
-10.7876 -50.6105 70
-8.66124 -8.73332 70
-9.26441 1.05905 70
0.372259 -0.670954 70
10.3022 -0.452099 70
30.4003 -19.5474 70
-9.94065 -11.4181 70
0.096091 -1.0366 70
20.4348 10.6172 70
0.2121 -8.96737 70
0.275627 0.391205 70
-20.7453 -10.6137 70
-80.6407 -28.6346 70
1.13075 0.459091 70
-19.539 -29.2822 70
1.32928 1.05106 70
29.087 -11.4725 70
0.972824 0.893243 70
1.3998 1.1794 70
-11.3502 -21.1202 70
-8.84751 -30.0746 70
21.067 -39.5525 70
-21.0184 -20.4123 70
-0.569417 -0.780355 70
-0.976757 9.08054 70
8.9536 1.38285 70
11.2818 0.460945 70
10.4783 1.24095 70
-8.57505 -19.352 70
-38.6871 -9.70589 70
-0.309669 -0.715437 70
20.9548 -9.51252 70
9.3223 -9.07415 70
10.8474 0.0153856 70
-0.555148 -0.928469 70
-0.158305 -0.176714 70
-31.0384 29.1735 70
-8.67399 -9.64449 70
0.846278 0.369147 70
-0.837187 10.0271 70
0.00600983 -19.6564 70
11.1842 -18.6734 70
-0.633548 1.33392 70
1.12867 -9.20711 70
-9.75172 10.6314 70
-11.1432 -9.9103 70
-8.52637 -9.05809 70
1.46097 1.1894 70
-8.69708 -10.4039 70
-11.0278 -21.327 70
-8.56985 -9.01597 70
-1.39425 -9.30789 70
10.6487 -1.47931 70
-8.60211 -20.1477 70
19.9817 0.318902 70
8.87009 9.04334 70
-9.41161 -0.325321 70
1.22649 0.381778 70
39.6595 -28.5673 70
-0.177735 -10.9663 70
9.82056 -19.923 70
9.84432 -18.7788 70
-0.253954 -9.77189 70
-0.463446 -11.2849 70
10.6401 -10.0598 70
10.0875 0.401838 70
-9.1976 9.83323 70
19.3188 8.92659 70
-1.03123 1.43531 70
10.6923 19.7001 70
0.218867 -21.3361 70
1.0019 -0.5181 70
-1.02625 -0.882585 70
1.18453 0.185926 70
-0.754079 -0.052706 70
108.722 -48.7914 70
1.26967 -10.784 70
19.6967 9.49959 70
0.932401 -8.87396 70
11.1091 -0.712307 70
31.3597 -1.03227 70
0.436737 0.339537 70
11.4837 -0.591938 70
0.628415 -1.07231 70
-1.40154 -1.28625 70
10.8636 -1.32674 70
11.4369 -9.62017 70
-11.1808 -21.1364 70
-0.147137 -8.93961 70
-0.325497 0.174148 70
1.409 0.139222 70
-9.75977 0.941609 70
9.63347 10.5965 70
-0.9415 0.833819 70
-1.11695 1.26216 70
0.535762 1.31768 70
30.1353 -58.9489 70
-30.1325 -11.2372 70
-1.43027 -0.802803 70
1.20108 -10.2442 70
-28.5088 -9.26955 70
-8.56134 -10.081 70
1.33349 1.48782 70
0.33389 -10.4374 70
0.474932 0.329224 70
-50.9847 -38.9077 70
0.638871 -10.6028 70
10.3188 10.1044 70
-1.46474 -11.1467 70
0.744612 8.6785 70
-0.175673 10.1833 70
-0.951517 -0.127426 70
1.46443 0.124045 70
1.09672 -0.0114786 70
-29.2171 -9.88126 70
0.373134 8.55875 70
0.55002 -18.9192 70
9.54147 1.06262 70
9.89903 0.0870318 70
-0.77188 -20.1508 70
-11.3575 9.98579 70
9.95189 10.6533 70
-0.795777 -1.4955 70
-29.4271 21.2824 70
9.22637 -29.6016 70
-0.427463 -19.0543 70
30.3441 10.6704 70
-1.31162 -0.104022 70
-69.6861 -80.0985 70
-10.1543 0.971151 70
9.94208 30.8743 70
-0.199614 -10.8024 70
-10.6264 0.414931 70
-9.52015 -0.822633 70
-21.1361 11.3812 70
0.66471 -10.1322 70
-1.08963 0.6231 70
-1.17498 -9.43409 70
10.5165 8.73796 70
9.05784 -19.2284 70
-1.0366 -19.2646 70
8.88574 -10.8983 70
-0.537555 -11.2086 70
-0.935297 -0.0664866 70
-1.13173 -0.13711 70
-0.702447 -1.33086 70
19.3352 -39.668 70
-9.42623 21.0355 70
0.0245718 9.68956 70
0.33921 0.806813 70
9.26008 20.008 70
-60.4429 79.5567 70
0.944543 -10.0407 70
10.8167 -20.9007 70
31.294 9.18807 70
-10.8213 -30.8698 70
1.17467 -18.6989 70
-9.81505 -0.230795 70
0.290694 1.05323 70
-0.067938 0.384915 70
38.9809 8.66594 70
-10.4421 1.14895 70
-39.46 9.87547 70
9.54598 -0.401433 70
-0.680419 0.326747 70
9.35033 1.28934 70
10.856 -0.430233 70
120.258 -19.6909 70
-1.10625 -0.894968 70
-0.199955 -1.33418 70
-0.391026 -0.331174 70
1.17871 0.763081 70
-0.0434832 1.0922 70
-10.0355 1.47254 70
-0.0740078 -10.168 70
-8.88701 -9.14634 70
11.1888 -1.33661 70
9.56355 -21.0248 70
11.4249 -0.343377 70
-10.1125 9.6145 70
-0.718645 1.16531 70
-1.16389 0.797968 70
0.217678 1.2033 70
0.0803342 0.129642 70
-30.6324 -8.85809 70
0.0795108 0.690076 70
10.0614 -11.2391 70
-0.858557 -9.16612 70
0.190362 0.740752 70
-1.41319 -0.35597 70
-0.196712 -9.49138 70
0.405785 -0.206723 70
-9.5531 -21.1081 70
1.47599 -0.766839 70
0.945518 -10.8673 70
-0.271139 0.588381 70
-0.490908 -0.0644662 70
-0.820518 -19.0925 70
-0.838747 0.0475539 70
-0.107781 -9.3092 70
-9.42478 -21.4331 70
10.5239 -0.166091 70
0.911145 -0.949912 70
1.07852 -8.55079 70
-0.962393 0.665554 70
-10.6698 9.42151 70
-9.01095 9.97739 70
-0.416802 11.0463 70
-11.4611 -8.91112 70
-0.182684 0.393406 70
28.9799 -8.62794 70
-0.45306 0.982638 70
-0.718919 -0.786432 70
8.81475 -0.234096 70
10.2167 -1.20351 70
-10.9811 -1.02259 70
-0.996889 -31.4898 70
0.907284 -29.1969 70
10.0021 -0.116801 70
-10.7241 -10.5185 70
-0.912061 0.0554188 70
21.2081 1.09451 70
-0.366406 -0.847701 70
20.8529 -0.163394 70
-9.90737 9.3727 70
9.66738 0.340683 70
9.55951 -1.472 70
-0.48142 -9.43224 70
0.899921 8.71564 70
-40.6518 -38.8575 70
-9.56296 -10.7334 70
0.577586 -31.0169 70
-0.48234 1.25971 70
20.113 -19.4767 70
1.17904 1.11655 70
-0.0412796 0.940991 70
-1.12153 1.07249 70
-30.4253 -30.5124 70
10.8768 -0.148645 70
-9.77706 -11.4701 70
1.09518 9.41116 70
-0.713609 11.4506 70
0.437681 -11.4879 70
-9.30616 20.2713 70
10.1879 31.2839 70
1.25848 -1.00241 70
-0.191378 0.673109 70
-59.6568 1.10421 70
10.9818 -1.05359 70
18.8376 29.7249 70
0.648092 -1.18803 70
-0.548259 -0.903652 70
-1.00615 0.124921 70
-1.00631 -10.1874 70
0.590094 -9.66912 70
-11.1402 -0.162306 70
-19.1105 19.7156 70
-0.0787469 1.10924 70
0.0928264 -21.2504 70
1.44233 -38.5271 70
-11.0223 -39.3322 70
-9.80702 -0.818765 70
0.595862 0.932509 70
0.106077 -10.2207 70
1.42577 -11.4048 70
0.496666 -8.72316 70
0.888481 -18.6305 70
-1.03012 -11.0362 70
0.699634 -1.07642 70
1.19073 10.2388 70
1.2604 1.28427 70
-1.1306 -0.0258067 70
9.22418 -0.175591 70
-20.726 -0.263395 70
0.443355 0.503756 70
1.08299 -11.3846 70
-29.2099 -29.3058 70
11.3512 -8.99191 70
-0.588119 -19.4819 70
0.371866 -10.8512 70
-19.4648 -9.22808 70
-20.1863 -9.27498 70
9.10359 0.698919 70
0.234536 -1.29321 70
0.354363 1.46396 70
-10.734 -8.64565 70
1.25439 0.0471467 70
0.754245 1.44417 70
1.11138 -10.6721 70
-0.78165 0.219993 70
0.120936 -0.734389 70
9.39729 11.2525 70
-20.941 -8.98793 70
10.1621 20.3165 70
-18.9891 1.22779 70
9.31666 11.2955 70
-0.258981 0.347948 70
-0.256405 8.60233 70
-10.0246 10.4724 70
-8.77471 -0.0561477 70
-0.0110025 1.22615 70
-8.52932 -0.442735 70
0.964902 -10.9263 70
20.4114 -51.2529 70
-8.91903 -10.5239 70
-40.8233 29.4423 70
-8.77014 -19.3492 70
0.215932 -0.336297 70
0.584876 -0.36282 70
-11.1747 0.17879 70
9.24015 -11.0379 70
-10.6296 0.648988 70
39.4897 29.6057 70
-0.963743 0.256673 70
-0.666466 0.233075 70
-11.0469 10.0952 70
1.42635 0.333029 70
10.3957 1.15429 70
9.42353 -0.0986856 70
30.3194 20.0363 70
0.632524 0.341377 70
9.30297 30.7831 70
10.5496 30.3068 70
1.10245 19.0393 70
-20.5683 30.4686 70
9.92686 -18.7199 70
-10.9621 10.3337 70
-10.0235 -0.270272 70
-0.682969 -0.00271167 70
0.22476 -0.59157 70
38.5877 39.7569 70
-0.462957 -1.16898 70
-0.915869 11.2467 70
21.0367 0.845731 70
-0.661488 -0.229237 70
29.8333 10.6734 70
-1.41073 -1.23294 70
59.7602 -10.7595 70
10.7251 0.217054 70
0.45954 -0.589457 70
-0.0175479 -18.6607 70
-1.35824 -10.646 70
0.782091 0.671723 70
-1.3299 -0.905891 70
-0.488897 -1.16447 70
-0.720187 -0.466495 70
9.3549 -10.1578 70
-8.50337 -0.0735528 70
0.94829 8.85051 70
30.9454 -0.133836 70
-0.692809 -18.9158 70
-10.0803 10.4594 70
11.4271 -10.0362 70
11.0358 0.357866 70
1.19479 1.21733 70
8.77735 -11.2055 70
0.80046 -8.54071 70
0.45331 -9.76201 70
-0.50471 -0.12114 70
-21.2022 -9.67982 70
-8.53294 19.6791 70
0.150162 -0.746208 70
-0.606069 1.15707 70
-1.33734 0.282708 70
-1.17252 -1.10987 70
10.2502 -20.1774 70
0.631724 0.840719 70
-10.116 21.1925 70
11.4513 -21.239 70
-1.12998 -9.26952 70
-1.03709 0.118723 70
-0.567771 -0.373087 70
1.37957 -0.877465 70
8.79706 -0.810991 70
1.3124 -40.6178 70
8.79369 -11.1464 70
-10.0345 10.8838 70
0.263472 10.2329 70
-10.6256 0.563095 70
1.04444 -8.9201 70
11.3145 -11.3896 70
21.2698 0.493445 70
9.0403 11.2255 70
0.774504 0.571995 70
-1.32537 0.0719033 70
0.818247 0.783023 70
0.546061 -11.0477 70
-0.85774 9.04737 70
-0.692581 -0.814225 70
-0.543145 -0.171192 70
0.0754947 10.8643 70
-9.69906 -0.575189 70
-0.409616 -0.42715 70
-0.291916 21.3046 70
-1.16831 -10.6125 70
1.24537 -8.64605 70
-0.9151 -0.911151 70
-8.96048 0.276638 70
-0.25924 -0.749982 70
-11.0765 -1.08936 70
0.145311 -9.99901 70
50.3352 -18.9673 70
0.947516 -0.337854 70
-0.806938 0.979787 70
10.7779 -1.28524 70
11.4091 -0.875684 70
0.817336 1.02118 70
50.2916 59.7655 70
1.37408 -10.1997 70
-20.8911 40.9113 70
-0.201823 -0.723231 70
0.752433 -20.8589 70
1.05465 -20.45 70
0.0823868 -0.0386169 70
-0.847215 -1.22764 70
0.501972 -0.703836 70
0.343637 -10.8901 70
1.33544 -9.16543 70
-9.54763 -9.39468 70
-18.964 0.15124 70
-0.961536 -0.188312 70
-0.980362 -1.39293 70
-1.4425 -0.629281 70
-20.1015 20.5712 70
19.8205 -19.2798 70
0.373188 -9.99202 70
19.903 28.6539 70
9.74105 -20.7733 70
8.81403 -18.6864 70
-8.96939 -10.7396 70
-0.456526 11.1036 70
-1.25036 -11.1445 70
0.876313 -10.0507 70
-10.5547 -9.81585 70
1.34052 1.27085 70
-1.14501 -10.5693 70
1.04899 0.0771825 70
-19.9444 -20.7594 70
1.28847 -0.81434 70
1.02615 -0.92796 70
31.1573 19.6208 70
-9.91305 -19.5042 70
-8.92947 -18.8106 70
10.2237 -0.694 70
-1.24879 -0.242754 70
1.35017 0.774875 70
0.140562 -0.287201 70
-9.7862 20.9393 70
21.462 -0.476706 70
1.01981 0.202286 70
-0.479902 -0.484842 70
-11.2818 -10.7189 70
-9.41038 -28.8995 70
1.01867 1.33647 70
-8.95692 -19.6913 70
0.333302 0.00122154 70
-60.4206 -61.3475 70
18.8905 9.98907 70
-0.937039 -10.4575 70
1.41644 -8.75161 70
-0.00393618 10.2645 70
1.41203 1.39723 70
0.990696 40.2675 70
-9.11692 10.5627 70
-0.301941 1.17114 70
1.21666 -0.091015 70
-11.286 -20.6211 70
-30.3111 9.15208 70
-9.48769 -1.40438 70
-0.385974 -0.987524 70
-0.790476 -1.29518 70
11.3736 -9.34357 70
0.0415194 -1.16531 70
-0.691823 -0.554967 70
0.845191 -0.590348 70
1.19868 1.47893 70
1.2631 0.511752 70
9.33736 -8.59778 70
0.98546 -0.96396 70
0.522615 19.3218 70
10.159 -38.6999 70
-0.214001 -19.798 70
-11.1609 -0.41187 70
-0.33801 1.22943 70
18.8594 -19.6728 70
-0.298682 -9.33842 70
-0.609697 -9.42054 70
-1.02121 -0.656909 70
-1.4356 1.46027 70
1.11981 -0.449015 70
-1.06518 -9.33683 70
61.0047 59.7355 70
11.3693 -21.136 70
10.5592 -20.1543 70
-21.3388 9.26071 70
-0.652814 -8.50932 70
0.797725 1.4636 70
1.37968 -11.3269 70
1.30054 -9.88866 70
-1.05988 -9.34841 70
0.666181 -0.557473 70
0.355621 -11.0654 70
-11.0163 -0.265839 70
-10.5676 19.7029 70
10.3469 -1.43197 70
8.89642 0.231988 70
-20.7227 -8.82188 70
-9.13289 11.3058 70
29.3102 8.55284 70
-9.21606 0.70691 70
-9.83051 -11.3232 70
1.06515 -10.1863 70
19.1649 -0.934514 70
0.391513 10.8525 70
