18.8274 -0.585417 70
1.20431 8.79833 70
-1.17283 18.8805 70
-0.639192 -9.49226 70
10.9984 9.73391 70
-0.95271 -0.369235 70
-0.967216 1.45017 70
-0.873075 1.26052 70
-70.7982 29.4844 70
9.17083 29.3061 70
1.0761 -10.5727 70
10.0148 -10.3147 70
-20.6337 -10.8179 70
-0.938976 -10.6258 70
11.0772 -10.4786 70
11.0403 -1.20216 70
9.93854 11.0285 70
-0.273956 -0.682166 70
-1.38862 19.4001 70
1.3423 -10.943 70
10.5223 19.9283 70
8.82763 -19.0804 70
-40.5388 50.0658 70
30.3315 -110.411 70
1.20704 0.985349 70
-1.08685 -1.48505 70
0.648361 -0.479178 70
-9.30631 -10.8269 70
-1.34355 -9.84645 70
-0.927797 -0.338103 70
-1.18568 -1.26853 70
-9.95363 11.3635 70
11.321 0.0417133 70
8.71862 -1.21807 70
-0.779276 -1.11639 70
-9.27639 -29.9288 70
70.9501 30.9883 70
0.000539171 1.18408 70
9.10551 -0.432745 70
8.50336 -0.0518687 70
10.2594 0.485347 70
9.60332 9.38902 70
1.11504 -0.951259 70
39.831 -119.001 70
1.35473 -0.358601 70
-0.406035 -0.776267 70
0.802817 -9.92987 70
-31.0691 70.4213 70
-1.48532 -10.2072 70
0.203903 0.19818 70
-18.5972 10.4729 70
-1.48939 10.8397 70
0.10712 -0.629017 70
-0.570011 -9.81932 70
-0.300401 -0.540248 70
-1.35987 11.1458 70
8.52405 0.317631 70
29.0512 -28.9733 70
0.0608283 10.0674 70
-0.985984 0.826442 70
0.246895 1.34581 70
-0.426214 -1.3998 70
-1.45338 -1.19179 70
30.2842 -8.52568 70
-9.98668 -9.44185 70
-9.26604 -18.884 70
-8.84906 -28.9259 70
-0.194721 9.92837 70
10.3035 -11.1487 70
0.798908 9.75572 70
0.904493 1.3022 70
8.60458 -10.0164 70
-19.1693 10.5519 70
-0.214113 -10.6804 70
-0.170609 -9.15628 70
9.07577 -0.759544 70
-0.436098 -1.38538 70
-1.48601 39.6218 70
8.88488 -0.64401 70
9.04758 0.654991 70
1.49773 1.25264 70
10.336 -0.587707 70
-108.878 -30.7041 70
1.48631 8.5206 70
8.87079 10.1648 70
1.23257 10.9228 70
1.45908 10.0666 70
19.681 29.038 70
-1.1892 -0.0491192 70
0.845869 0.989096 70
1.23303 1.00156 70
-0.208481 0.572147 70
40.2559 -0.966165 70
0.870155 -8.93446 70
0.729222 0.666051 70
9.19695 -1.06874 70
-29.8143 0.152837 70
-0.230526 -0.261773 70
-11.0131 8.88925 70
-1.43775 -9.87934 70
-8.66852 0.413257 70
-1.48971 1.05192 70
9.29757 -1.47692 70
-10.8169 -9.44531 70
40.1303 20.9821 70
40.4854 19.6589 70
-0.260641 8.75513 70
-20.9168 20.961 70
9.49711 0.0381063 70
9.05327 -1.38729 70
-9.39864 30.3022 70
-10.6456 29.1956 70
30.6737 -19.3845 70
-0.0660095 -1.31244 70
0.740283 -1.47421 70
29.1416 10.3373 70
58.9395 70.382 70
38.6662 48.8594 70
0.275769 -0.332112 70
-0.244977 -1.00704 70
0.116385 0.859426 70
39.1885 0.139104 70
-10.7632 -0.889668 70
9.27575 -11.3286 70
9.44578 0.766206 70
-0.0535423 1.0452 70
11.2638 -10.3099 70
20.1535 -0.454783 70
0.953426 0.429847 70
10.6413 -1.03182 70
0.0448042 -1.40081 70
9.77549 -1.24578 70
-9.55495 30.2369 70
-21.2727 1.37276 70
0.879004 -0.331509 70
0.369847 -0.65586 70
-9.46386 -0.93102 70
9.66966 1.32465 70
-79.4234 70.4557 70
-0.807075 -0.115002 70
0.33448 1.26534 70
9.86397 10.501 70
1.31731 -8.60819 70
1.38464 11.0288 70
9.17612 0.466587 70
-0.851057 8.98851 70
0.871741 -0.527403 70
20.2267 -9.03811 70
-0.816408 -1.02395 70
-0.108215 -1.11941 70
10.4237 10.6081 70
9.17416 -0.217031 70
0.396651 -0.8688 70
8.52683 10.8676 70
0.707075 -0.542005 70
41.1314 0.562968 70
-0.222181 9.50311 70
19.1215 28.5898 70
9.8212 -0.656572 70
-9.07121 28.6921 70
-1.1266 -8.91324 70
-0.049139 -10.1773 70
8.72881 11.0249 70
0.214765 0.250923 70
29.8854 -60.7503 70
-0.134272 0.895755 70
0.373109 1.30133 70
-1.27239 8.73148 70
1.21058 1.12703 70
1.19291 8.89713 70
0.442441 1.32023 70
58.8935 70.2857 70
10.8114 -0.436126 70
49.8826 19.2383 70
10.6827 -1.1101 70
20.7253 9.99997 70
31.2771 38.8591 70
10.3122 8.57653 70
11.3649 -0.649661 70
0.0976328 1.1267 70
0.669245 -49.3397 70
-0.879084 -0.814184 70
-1.02024 0.0331395 70
30.1365 10.4123 70
11.164 1.47498 70
0.733181 1.28863 70
0.140205 1.15502 70
10.6638 -29.5563 70
-0.110546 0.916675 70
9.28423 10.2095 70
11.1422 0.907864 70
-8.73103 -1.4958 70
-9.29901 1.18559 70
8.78377 -30.2633 70
-19.6487 -8.84201 70
-8.78978 -61.4062 70
10.4343 -1.26432 70
8.69243 9.86556 70
-50.383 29.3727 70
9.68693 -0.183428 70
19.5449 0.157251 70
-8.84947 -9.67297 70
21.0819 19.9101 70
11.2323 -11 70
20.8203 -10.0352 70
-19.7814 -9.31627 70
-20.1294 -10.6234 70
-0.575056 1.17069 70
0.539982 0.401745 70
8.67763 19.5107 70
8.5983 1.3332 70
-10.6236 0.706742 70
1.01403 0.319751 70
20.1552 0.133942 70
0.699563 8.50836 70
-18.8641 9.18538 70
-0.345922 -0.15536 70
0.858531 -11.1292 70
0.620487 -0.934802 70
10.0746 0.764942 70
0.677864 -8.53207 70
0.845176 -0.636682 70
0.047278 10.8246 70
29.4221 -20.713 70
-9.72251 0.545942 70
0.23074 0.582208 70
-1.31015 1.38758 70
11.3834 41.2838 70
-1.43371 -19.3191 70
-8.60553 11.3712 70
-1.23796 -11.343 70
8.8196 1.39986 70
-9.72521 1.34217 70
-41.4653 -19.2204 70
-0.507681 0.00554621 70
18.9983 10.552 70
38.8207 19.8668 70
0.184197 -1.29213 70
-0.736618 -0.837917 70
9.85376 0.418593 70
-9.65876 1.46327 70
9.03413 11.3183 70
-0.963305 -19.5865 70
-1.3347 -11.0451 70
1.05083 0.294952 70
-9.03418 -11.2351 70
-19.2525 9.76765 70
0.987904 -0.685131 70
30.4707 0.632227 70
11.0363 -0.714429 70
9.28958 -0.944575 70
0.784804 -21.4142 70
9.92813 -8.50408 70
9.00563 -0.507696 70
9.27781 -1.18154 70
-0.436823 0.479662 70
10.1971 -10.1929 70
-0.882641 -0.432104 70
-0.581904 -1.30886 70
8.54186 50.6703 70
-1.15574 18.7521 70
-0.529823 -10.6747 70
10.25 -19.3498 70
-0.407471 21.0061 70
11.1292 -10.8351 70
8.63383 -8.96301 70
11.3204 -0.921917 70
49.3513 50.24 70
10.1361 0.762778 70
9.94985 -0.148594 70
-0.91322 1.01681 70
10.5844 -20.1952 70
1.27801 0.221804 70
-19.4883 79.642 70
11.3449 10.9779 70
99.705 0.564077 70
-0.0409884 -0.787824 70
80.2084 108.636 70
9.9816 20.8488 70
10.6576 -10.2822 70
0.443156 -10.4724 70
19.1095 -59.2669 70
-0.811628 -8.50144 70
10.0788 -11.4933 70
9.95608 0.868637 70
0.305579 -39.6933 70
1.11835 0.653034 70
0.206377 -1.03065 70
-0.0759605 -0.327906 70
51.3104 -50.7823 70
80.5966 80.8223 70
-21.2174 -20.9963 70
1.07595 -0.401674 70
30.4704 -10.4181 70
-10.2108 -0.714855 70
10.3047 1.05681 70
9.66884 -0.409382 70
30.5007 -30.693 70
10.8499 -10.9639 70
20.035 0.881566 70
8.98244 0.53324 70
30.6005 11.2756 70
-0.719293 -0.390026 70
-0.137928 -0.497253 70
-1.14145 0.7782 70
0.836712 0.316857 70
1.32703 -0.924602 70
0.629247 -1.39434 70
-0.719069 0.820807 70
-0.10155 1.47962 70
29.3046 -0.781898 70
10.6268 -0.532039 70
-19.6201 -0.208142 70
8.5204 10.2831 70
1.3712 -0.52269 70
11.2073 9.7221 70
20.3437 -1.06586 70
39.5249 21.3799 70
91.317 -39.7395 70
-1.24249 0.423562 70
-10.7657 19.983 70
-0.0586503 0.413646 70
1.11238 8.63677 70
31.0842 -10.0904 70
-19.3504 59.4965 70
21.4274 -11.437 70
-1.04248 21.2307 70
11.1108 -0.743008 70
-48.8742 1.13245 70
-49.101 1.24121 70
10.8062 -0.859488 70
-0.766955 -1.29776 70
0.557848 -9.16707 70
11.1276 11.2251 70
0.153685 -1.19103 70
-1.21637 -0.523714 70
-1.24594 -0.0393186 70
20.8294 -0.378871 70
0.852659 19.3887 70
0.47299 1.16898 70
11.3334 0.954896 70
-0.171037 -0.932772 70
-0.312538 0.680626 70
10.2739 10.5807 70
8.93766 10.763 70
-0.675962 0.856947 70
-0.88268 -1.17663 70
11.1738 11.2118 70
8.94609 10.6769 70
51.4257 29.3126 70
9.78947 -9.00326 70
21.4594 -30.2313 70
10.3417 1.42611 70
-0.332596 -9.09282 70
0.331107 -1.32282 70
10.4688 -1.24401 70
-0.418459 0.583175 70
-0.391278 8.6447 70
19.9252 10.044 70
-1.30313 -0.524402 70
9.82357 -8.96426 70
0.626116 21.363 70
-0.697885 -1.3463 70
11.3226 9.03905 70
-8.54061 -10.1978 70
1.14311 21.4809 70
9.86399 31.3615 70
10.1945 29.9307 70
1.38748 -50.5467 70
-28.5868 -0.210389 70
29.8046 -29.7934 70
1.40354 0.688787 70
11.3488 -19.8069 70
0.0604021 1.08258 70
-0.401149 -1.12279 70
-9.28433 18.9903 70
0.157556 -9.10411 70
9.54164 -1.05988 70
11.4013 0.969553 70
-0.396238 -8.71014 70
-79.7453 0.333341 70
21.3864 39.7902 70
0.622917 -0.196418 70
19.158 -11.4074 70
1.34401 -1.47898 70
-1.37355 0.961416 70
19.0059 8.90501 70
11.0957 0.917624 70
-1.07971 -0.81529 70
-0.642135 8.6694 70
-1.29598 1.47904 70
0.0220871 -0.534167 70
-10.7566 -19.0591 70
19.4812 -0.433602 70
18.8185 9.88051 70
9.61844 -9.89449 70
-0.121958 1.00231 70
50.0462 -68.5071 70
-0.71308 -9.6109 70
-9.94422 -0.457094 70
9.90426 -0.762104 70
-0.865655 -0.764657 70
9.5441 8.97593 70
8.51035 -10.6076 70
-11.2555 -9.88161 70
18.7902 -10.6845 70
9.57377 8.89656 70
-10.1148 11.0403 70
-0.0440877 11.0179 70
10.3403 0.784846 70
8.80446 -1.34789 70
9.59029 -20.6405 70
-1.29011 -1.2726 70
9.14943 0.795647 70
-59.4118 19.2271 70
0.472491 -1.05928 70
11.0471 -10.5809 70
-1.32937 -0.133733 70
1.44277 1.24833 70
-0.323681 10.202 70
20.0983 10.1159 70
20.9185 9.65548 70
8.90667 0.278495 70
9.15896 8.97787 70
9.2347 0.99892 70
-11.1598 -8.91545 70
-9.09192 -9.96561 70
8.54566 -1.37332 70
9.00232 -0.35085 70
19.519 20.8372 70
-1.24062 -1.14296 70
-61.3944 -10.8721 70
-60.8527 -8.69831 70
-1.35883 1.13432 70
-1.4908 1.36951 70
9.70705 -9.40722 70
-61.0272 21.3192 70
20.1763 -30.9065 70
9.27615 21.3524 70
-0.67905 -8.87913 70
10.2113 1.05768 70
10.9138 -0.237283 70
11.2288 0.0660874 70
1.31629 -0.300064 70
-0.161512 0.259037 70
19.2575 10.7648 70
9.35301 0.34638 70
11.3639 0.309766 70
-1.09016 0.693578 70
10.2701 -10.631 70
10.5513 19.3408 70
1.09601 1.18454 70
1.19968 -10.6206 70
19.0653 20.4769 70
20.9168 18.8744 70
0.00228009 0.59333 70
11.1647 -9.763 70
10.092 -1.35654 70
-10.7937 20.2278 70
10.2849 -8.57602 70
9.68727 -0.337628 70
-0.191803 0.798702 70
-18.5343 1.4244 70
9.76311 10.1579 70
-0.885049 -1.4542 70
1.37982 1.47977 70
-0.789369 -19.9601 70
-0.780237 -0.400689 70
19.4761 -11.1466 70
31.0166 -20.4399 70
-1.41233 -8.86161 70
1.05544 0.206273 70
-0.937409 -20.2598 70
9.21204 11.4115 70
10.723 -0.636557 70
-21.3973 -0.969663 70
0.380158 1.24141 70
-0.819768 0.520436 70
-0.436443 0.369851 70
-0.202201 -1.46159 70
-11.0379 -0.711912 70
-11.289 -0.434858 70
0.615063 -10.7859 70
30.8268 19.6227 70
11.1035 30.4465 70
10.5522 30.2216 70
9.56887 -31.2116 70
11.334 21.081 70
10.0708 -10.3257 70
9.85321 -11.1655 70
10.5551 0.57646 70
1.07734 -1.44174 70
20.9653 -9.50855 70
-1.13661 -1.11775 70
10.973 -9.07732 70
-1.34492 8.83973 70
0.298689 -0.113372 70
9.61833 -0.455934 70
-1.20298 1.10536 70
1.34865 -1.3792 70
0.356444 -0.764729 70
20.6342 -8.58026 70
-1.21769 -11.0666 70
10.3753 -8.90174 70
-0.772565 0.907189 70
19.563 9.64392 70
1.36993 0.496813 70
-9.54443 -10.0787 70
-9.67882 20.5245 70
0.416706 1.32555 70
-51.3448 31.0671 70
0.130353 1.48134 70
-29.6516 18.5146 70
-11.1443 10.9506 70
29.075 -11.2411 70
-0.0392982 -0.312159 70
0.730637 11.0523 70
11.478 -9.11789 70
-0.615413 -0.336605 70
-1.2209 -0.665229 70
-0.160766 11.3395 70
-0.605827 -10.7327 70
29.2948 -10.4827 70
9.16422 -21.1291 70
1.47367 0.53387 70
-0.483821 1.199 70
-0.495561 -0.187737 70
11.1559 -1.20443 70
0.984394 1.29872 70
-0.487418 -0.967533 70
-1.12207 0.665515 70
-0.125545 -0.158988 70
0.53047 0.847345 70
0.123161 -0.478474 70
10.5697 0.502796 70
10.4846 -8.58418 70
0.114507 -19.7143 70
-0.67214 -1.38926 70
99.5663 19.903 70
11.3754 -10.9175 70
-0.54648 -0.841346 70
-0.964007 -9.58361 70
0.850236 -0.717138 70
9.53899 -8.7544 70
20.5565 0.818277 70
19.2216 -20.9598 70
-10.6434 -9.12794 70
28.8331 -10.4945 70
40.1213 1.41304 70
-0.545757 11.3684 70
19.5939 -1.17304 70
-0.382812 -0.584283 70
10.314 -0.367091 70
9.87583 -1.10228 70
0.890335 -0.25022 70
-8.50003 11.14 70
10.0059 -0.955089 70
-8.63755 9.53149 70
-0.700387 1.18288 70
-1.08402 0.45156 70
9.00992 30.6873 70
19.9503 -0.88348 70
10.1182 -0.0587807 70
71.3295 60.238 70
49.992 -0.28326 70
-30.6389 9.8208 70
0.13161 0.632416 70
-8.7199 -81.0582 70
8.59733 18.5951 70
-11.2253 -10.0027 70
-10.3975 -0.650795 70
21.004 -9.16965 70
0.223976 11.0914 70
0.801974 -0.44966 70
1.41222 -39.9892 70
51.3294 29.0773 70
11.0361 20.5897 70
0.384413 0.546145 70
-9.24672 -0.517356 70
0.660305 0.368369 70
-1.34141 0.100172 70
0.246122 -1.08391 70
0.993725 -0.526601 70
-11.1966 10.9938 70
-0.616028 1.25602 70
0.562589 10.1756 70
9.60741 11.3694 70
0.987451 -0.262842 70
10.9379 -0.789979 70
0.51513 -0.0429338 70
18.5185 10.5703 70
1.0488 -0.625781 70
1.21399 0.506759 70
-11.1958 -9.16552 70
-20.302 18.5999 70
21.3926 -11.2233 70
-0.367607 -1.07731 70
30.9771 18.657 70
-18.785 10.9344 70
8.80663 1.1559 70
20.684 -18.7832 70
0.166641 -0.383619 70
9.05754 -0.682157 70
8.98649 0.0236455 70
1.28478 8.83506 70
-0.550128 -0.742342 70
0.164881 -9.73001 70
18.7577 8.51916 70
-1.24697 -9.3243 70
-0.775038 11.0011 70
-1.08831 1.05559 70
-1.26744 -0.305472 70
9.91885 10.7133 70
-0.22356 0.335616 70
20.9933 9.11238 70
20.1393 9.02531 70
-0.170347 9.90655 70
20.4938 -0.496975 70
-0.350493 -1.21108 70
-0.0837699 -1.32153 70
-8.94587 1.13505 70
-1.16346 1.29689 70
0.316583 0.666176 70
21.4121 -10.1137 70
-40.6235 11.3638 70
-0.39326 -20.3216 70
0.193496 -9.07304 70
19.1317 9.42251 70
29.8677 29.6616 70
-0.393511 -9.72907 70
-21.4375 -50.8225 70
48.7408 -9.23833 70
49.7329 -8.92011 70
-0.238263 -0.568423 70
-0.577796 1.30165 70
10.1041 -1.36205 70
8.69989 8.62354 70
9.18471 8.58417 70
-0.360189 -0.469066 70
-9.99774 29.3292 70
0.181217 -1.03231 70
0.916762 -0.0642402 70
0.0795786 0.842104 70
20.4251 20.58 70
8.91555 -0.0232589 70
1.29816 -0.0672642 70
-0.987397 30.6831 70
30.7023 9.03764 70
0.398455 10.5187 70
-0.517865 -0.199219 70
1.09104 0.676084 70
1.29369 -1.02089 70
11.231 -11.1895 70
10.823 -10.2966 70
9.6691 10.1977 70
10.4362 9.83885 70
0.312498 0.628857 70
48.5197 21.2035 70
-0.547749 20.1469 70
-10.6318 0.380764 70
10.236 0.171189 70
-0.80849 -8.95318 70
-20.097 -9.67668 70
-21.1203 -9.72319 70
8.62367 -11.3939 70
-0.750821 -11.117 70
1.36077 -0.112454 70
-0.323623 -0.56226 70
-0.290537 30.5914 70
8.94305 -0.677765 70
-9.32924 -10.6364 70
9.42957 1.40734 70
-0.912047 10.3824 70
10.1419 8.90218 70
38.6637 40.1804 70
-9.70572 -0.239295 70
80.9331 29.6029 70
9.95445 -11.4459 70
9.28552 19.0193 70
-0.0565123 0.260545 70
11.3305 11.3417 70
-1.07232 8.60966 70
0.415946 9.40543 70
-11.2732 -10.4712 70
1.33576 0.643763 70
0.292877 9.84812 70
-11.3143 -11.3904 70
8.86121 1.49985 70
-8.69046 10.3934 70
-9.98957 -29.1279 70
0.889806 -9.81275 70
-0.33783 0.774011 70
-0.49239 0.995172 70
20.5299 9.65193 70
-19.1685 0.875776 70
-9.88822 11.2098 70
20.0771 -9.53262 70
-0.692799 -1.43116 70
-1.29855 0.549359 70
-1.26763 0.0960923 70
0.931939 8.90613 70
9.02151 0.718227 70
9.0651 -0.372456 70
-0.721911 -0.323963 70
19.7967 10.5309 70
0.328422 -0.309708 70
-0.908859 -1.30695 70
-0.291784 -0.634943 70
9.16904 -8.75861 70
30.3303 -10.3114 70
-0.800852 0.836168 70
9.09949 0.469953 70
-9.2872 31.0898 70
11.1568 -9.45064 70
-1.45023 10.5804 70
-0.968899 -0.247014 70
0.174282 -0.377245 70
-0.370005 -0.286745 70
19.7492 -0.204125 70
21.1213 0.992375 70
-10.6187 9.68585 70
10.2329 -1.41372 70
29.368 -69.3312 70
-31.4325 -20.4954 70
9.55667 -0.536783 70
29.3009 -30.7742 70
-1.36199 -9.6725 70
-0.316428 -19.1208 70
-0.456685 -0.900022 70
