-8.65238 10.8763 70
-10.4577 11.4696 70
-1.05304 -0.860249 70
9.51854 19.2087 70
-10.6175 -0.191263 70
-10.6064 1.27668 70
-0.582049 9.57902 70
0.68988 -1.38313 70
-11.1364 -1.46419 70
19.0911 -9.46841 70
0.778765 -1.46511 70
-9.26453 0.680088 70
-0.12483 10.2602 70
-1.15446 -0.481079 70
9.76241 -0.944697 70
-8.63793 -8.77953 70
-8.56514 0.820879 70
21.2148 -11.4498 70
0.95088 0.197033 70
-0.0626336 -0.465241 70
-11.266 -0.818841 70
-11.2424 9.18868 70
1.22384 1.15523 70
-1.12349 -10.0802 70
-0.412838 0.220797 70
-0.40852 -8.85792 70
-0.559183 59.9157 70
-1.17096 30.6564 70
0.396508 1.10953 70
-10.9689 -1.36949 70
-11.3133 9.62682 70
31.4195 -20.7378 70
0.127365 -0.284298 70
-1.30194 -10.2162 70
-70.5879 0.0304595 70
0.804639 0.869509 70
19.7333 -69.0816 70
-0.377414 -10.2321 70
-9.1999 8.71615 70
0.0494 0.79347 70
-0.238961 10.243 70
-0.130383 10.0995 70
0.99373 1.14904 70
-20.2803 19.7706 70
-18.8586 -11.4485 70
0.148413 0.596269 70
-9.24364 -10.0018 70
-0.548956 1.20135 70
-18.9092 -31.3199 70
0.96047 -29.5933 70
-50.4876 -0.922201 70
20.2503 10.9418 70
-9.02968 1.44001 70
1.38338 1.09844 70
1.25707 -40.4054 70
-8.78845 -8.97563 70
-10.9046 -8.86807 70
-1.08053 11.0509 70
1.35524 -0.696331 70
-9.76272 -21.3041 70
-0.718811 -1.4774 70
1.15871 -0.438201 70
-11.239 -29.1709 70
-10.5227 9.03542 70
10.2094 20.3648 70
-11.1913 8.74349 70
-9.25747 -1.01491 70
1.37014 -0.176742 70
-9.01278 10.5347 70
-10.7331 29.4618 70
8.55085 -0.237408 70
-1.02801 -0.0438303 70
-0.964271 30.0232 70
-40.6439 -40.6956 70
19.8221 0.825711 70
31.0341 41.3403 70
-0.103081 -8.99625 70
10.646 -0.886193 70
18.7446 18.8678 70
8.78975 -19.5362 70
1.42762 1.18487 70
0.86684 -9.29916 70
-0.998465 9.87891 70
-8.88837 10.1646 70
-1.00315 -0.648976 70
10.7128 -9.34464 70
1.05811 -10.5669 70
-1.08006 1.33849 70
1.42084 0.59545 70
-1.25387 0.407798 70
-20.5516 -60.2654 70
29.455 -1.06484 70
0.767128 31.4878 70
0.0857141 0.974029 70
-9.85689 10.347 70
-1.04689 11.2739 70
-10.508 1.22458 70
0.813347 1.07178 70
-9.11072 20.1606 70
0.641961 -0.227976 70
1.31862 9.38633 70
1.28666 19.8908 70
-10.626 9.57824 70
-9.6406 8.63667 70
-10.5193 20.4809 70
-1.17266 9.79488 70
0.678463 -0.549734 70
8.73924 11.4929 70
-0.0797436 1.43768 70
-9.52714 0.285243 70
-1.15742 9.52822 70
-1.05837 11.1943 70
-10.0507 -0.220729 70
-9.64368 -9.68005 70
-20.1555 61.0948 70
11.016 19.5806 70
-10.6485 -31.434 70
-20.6219 -1.25384 70
-20.4301 1.04744 70
18.7596 1.11449 70
18.5273 -1.4124 70
-9.98544 18.8297 70
11.3765 -10.4087 70
-11.1767 -40.9897 70
-11.2639 -0.0432866 70
29.7387 19.4305 70
-9.34046 -18.7418 70
0.367239 10.5236 70
-1.37309 18.8195 70
-1.44174 -0.167147 70
40.8061 -69.1437 70
-0.902635 1.19757 70
-1.13294 -9.07578 70
0.914895 10.5816 70
-0.359753 10.7636 70
-30.7381 -20.0738 70
-20.59 0.208148 70
-8.85441 19.8364 70
-10.1004 10.8804 70
-9.43902 1.31694 70
-40.2952 10.6774 70
0.850434 -1.47179 70
-0.428981 1.49581 70
10.7782 -1.13483 70
-8.98641 -1.43715 70
-1.05269 1.2442 70
0.471252 8.74284 70
19.9689 18.7697 70
11.1615 0.984934 70
-10.2237 -29.6467 70
-18.6417 -10.1824 70
-9.75601 21.0013 70
-10.9375 9.26596 70
-8.84352 -1.37817 70
-9.5248 -1.14526 70
-29.6619 -60.4359 70
-0.398477 -8.59534 70
-9.16869 8.73587 70
9.89422 -8.54067 70
1.41342 10.29 70
-1.21887 -0.454579 70
-0.527347 0.613108 70
0.885033 9.4949 70
-1.08397 9.45888 70
-11.1047 -9.72855 70
1.34344 8.9746 70
-10.9069 -39.004 70
-9.24154 11.2309 70
-0.138648 0.835121 70
89.2671 21.3157 70
-10.8583 0.963879 70
-20.6275 11.0359 70
-11.0529 -10.2498 70
31.1928 51.4008 70
-8.80945 11.0735 70
1.36936 1.05012 70
-30.6757 9.69529 70
59.6434 48.9364 70
0.765793 -0.410341 70
-0.925238 1.21691 70
-11.1018 0.193523 70
-10.4976 39.3846 70
8.94279 -19.8609 70
0.706886 -1.15077 70
-10.3551 10.0136 70
0.867763 8.8123 70
-21.1107 -0.415316 70
-20.759 0.938417 70
9.63175 8.76052 70
-0.49385 10.2316 70
-1.02113 -0.470113 70
0.187048 29.7847 70
-11.4655 19.0815 70
0.457924 -1.2854 70
0.653548 10.1614 70
0.534797 10.1456 70
1.23755 0.555931 70
0.439337 -0.486207 70
-9.17795 19.5288 70
-0.345913 -0.948192 70
-9.10016 9.00216 70
-10.6131 9.03974 70
9.67509 -10.421 70
18.8999 20.0855 70
-21.3294 10.4098 70
-10.5209 9.27721 70
1.20981 0.743771 70
-0.521754 10.7793 70
9.72061 10.8816 70
0.841933 0.210356 70
-8.57911 -1.08821 70
1.30354 -0.991945 70
9.89258 -29.3863 70
-10.7724 1.45545 70
-0.839147 0.409918 70
0.0445842 -0.168568 70
18.9589 -9.35785 70
-0.756046 -30.4228 70
-11.0929 -21.1481 70
-9.58074 -19.2049 70
0.351075 11.1928 70
0.0433909 1.4008 70
0.290373 0.0818699 70
0.679986 -1.33819 70
-0.598166 -1.23816 70
0.346282 -1.02518 70
-8.97961 9.4988 70
-11.1475 -0.330183 70
-1.05181 10.7257 70
-0.885991 -0.336603 70
-10.5053 0.959544 70
-0.157832 10.1213 70
-29.1015 -19.5556 70
-1.11395 18.6474 70
-10.6809 1.12202 70
-20.9282 -11.3645 70
0.827331 -19.5571 70
-0.176689 9.35677 70
-41.3588 19.0849 70
-0.0506123 -0.324031 70
-0.813573 0.968367 70
-0.657864 -0.876296 70
-10.8475 -11.4838 70
-28.9036 -19.546 70
-9.46512 10.5693 70
-9.86682 11.3348 70
0.212867 9.06043 70
20.0477 -0.740211 70
-20.3934 0.910178 70
-11.2684 10.7816 70
-20.4299 -11.392 70
-10.0004 9.26365 70
0.656707 0.564057 70
-11.3624 20.2281 70
-31.2985 8.80345 70
21.4789 -1.02714 70
-11.2848 0.573801 70
60.1435 19.4536 70
-0.649869 11.0524 70
0.0747856 -0.0255924 70
0.370585 -8.66911 70
-10.2185 -0.410182 70
-10.5558 8.74321 70
-40.972 -70.5524 70
-10.0571 -0.615335 70
-28.9848 -1.23573 70
-0.238158 0.203323 70
48.5037 -20.8206 70
38.5556 -20.8181 70
1.05466 9.10572 70
-9.20232 0.126453 70
-59.905 81.2973 70
0.834545 -11.0195 70
-10.2903 0.264297 70
0.780551 9.0033 70
29.5881 -39.7893 70
-9.21158 -1.11063 70
0.898323 10.2613 70
31.1265 8.80168 70
-30.508 1.35846 70
-18.7368 -0.667135 70
38.8978 29.1593 70
-19.304 18.6601 70
-10.5047 -11.3193 70
1.30723 -0.259074 70
9.54559 -50.711 70
1.1237 -8.87109 70
-1.43774 0.0251758 70
0.732647 -38.7555 70
0.0784408 9.77509 70
-8.92853 9.87584 70
-10.9571 9.8232 70
0.749558 0.614423 70
-20.4077 41.387 70
-9.73791 -1.24516 70
-10.5567 0.563387 70
1.21503 -1.34707 70
1.37369 -0.934583 70
-0.806743 39.8999 70
-10.9961 9.3703 70
89.8875 11.4432 70
-0.744214 8.79715 70
-0.940975 11.1322 70
20.5589 9.61064 70
0.13697 10.867 70
-1.30886 -8.72979 70
-1.41901 -1.27553 70
-11.3377 -79.3275 70
39.7623 30.3155 70
-10.9842 20.1853 70
10.9709 1.44778 70
0.859025 0.00575445 70
18.9737 -68.986 70
1.08017 -0.945007 70
-10.3633 -1.01537 70
-10.229 11.3492 70
11.207 9.69406 70
-0.802515 -0.879939 70
9.99152 18.6883 70
31.0837 -0.229037 70
-10.3327 -0.84899 70
-0.198842 -1.1992 70
0.833371 0.432984 70
-9.77543 0.820934 70
1.03317 19.0405 70
1.2726 0.508587 70
10.6883 20.4634 70
-20.2247 -28.9977 70
-21.2168 -30.2904 70
0.400251 9.08376 70
-0.573295 0.582583 70
-0.232019 0.517618 70
0.494948 19.0435 70
1.41995 0.500365 70
-1.2664 20.0851 70
0.0636913 0.488513 70
19.0251 11.2945 70
0.735969 0.466759 70
-1.34596 -0.262852 70
-21.2812 0.425595 70
-0.847329 20.4556 70
-10.7013 9.05914 70
-8.94893 8.96804 70
1.12735 0.533392 70
-0.155997 1.33593 70
19.8885 -40.6955 70
69.5831 30.8904 70
-8.63959 9.43495 70
-11.4215 8.90325 70
-10.3175 0.0582754 70
1.22818 -1.09384 70
10.6661 1.00796 70
-40.7782 -8.54127 70
1.46607 -10.2915 70
0.0704057 -29.454 70
-0.193847 20.003 70
-10.3071 -1.36761 70
0.107192 -0.689895 70
21.48 0.129726 70
-10.0378 9.59554 70
-9.78743 19.1063 70
0.707292 8.98533 70
0.569474 8.90938 70
-0.355667 9.00291 70
-10.5855 19.2718 70
-8.54623 -0.66406 70
-10.3361 9.64417 70
-9.31511 1.21044 70
-1.11129 0.293179 70
1.2418 28.8966 70
0.107556 28.8352 70
0.133735 -0.694609 70
-0.766302 -0.636417 70
-1.41495 -0.373927 70
0.864482 1.42956 70
9.32577 20.8065 70
-31.2292 20.3751 70
1.32902 1.31778 70
10.1569 -0.409083 70
9.38309 19.7941 70
-1.03293 11.3198 70
-19.5074 48.6483 70
11.268 10.3997 70
-11.2661 0.420924 70
0.491745 -1.33627 70
10.7521 1.47193 70
0.0963866 -30.1941 70
-28.667 21.3956 70
0.0733274 -30.5746 70
59.6001 18.6379 70
-0.480761 -1.37291 70
-29.84 -9.10547 70
-19.516 9.88052 70
1.44268 -0.458777 70
-31.209 1.22957 70
0.986169 0.0709929 70
-9.57524 9.10375 70
-30.1037 -39.7219 70
1.31953 10.8833 70
-28.9246 -8.76574 70
-10.0471 8.93273 70
1.07217 10.8161 70
-28.5597 9.28732 70
0.707196 -0.203141 70
81.0353 30.5136 70
20.6793 10.3709 70
19.8904 -39.9516 70
10.9689 21.0643 70
-10.5311 20.9179 70
-60.063 40.956 70
1.09945 0.589237 70
-10.5604 -1.4183 70
-80.9419 -19.6502 70
-1.23367 -0.0569204 70
-0.865919 -0.764751 70
0.0382582 1.36335 70
-0.766283 0.357203 70
-8.82749 9.72921 70
9.77445 -0.819736 70
-8.90189 -10.7513 70
10.9265 8.75078 70
-0.971267 -0.315411 70
-0.502951 30.7399 70
-0.761954 18.5976 70
1.09694 0.929788 70
-19.5416 11.1722 70
-9.64654 -8.87431 70
-0.124379 9.91267 70
-0.663215 -1.28238 70
-19.7216 11.4261 70
0.506202 -1.09855 70
-10.164 -9.86342 70
-9.16026 10.1292 70
0.164431 11.1298 70
-19.7342 1.18317 70
41.2179 -8.59106 70
-0.951614 10.9485 70
1.38974 1.23643 70
-0.0975773 10.556 70
-19.2199 -69.9717 70
-0.302693 0.686769 70
-0.793491 0.0434097 70
9.05936 -8.6569 70
-9.16502 0.390998 70
0.236192 -1.24153 70
-10.5753 10.6554 70
-1.23414 19.9548 70
9.15812 0.160848 70
-20.4243 11.0577 70
0.0660142 9.86019 70
0.606318 10.2237 70
-10.6193 -10.3075 70
-21.4904 28.8508 70
10.1155 9.18368 70
1.23386 -1.12607 70
19.6651 21.1068 70
9.44008 10.7449 70
9.70994 -9.87699 70
1.02162 -0.58266 70
1.21248 -0.225029 70
-8.58554 10.8249 70
90.9733 40.9137 70
-1.2661 8.88042 70
-10.4663 -1.35629 70
20.3161 -0.739844 70
-10.6629 -1.47025 70
-0.641451 0.707298 70
-0.50046 0.863612 70
-9.16964 -9.15297 70
-1.49283 0.540925 70
-0.163926 9.00056 70
-1.2379 9.69636 70
-10.3045 19.9911 70
-8.65869 21.0687 70
-10.3041 9.10845 70
21.4536 0.453551 70
0.0787121 -0.0650984 70
-9.7976 -10.1752 70
40.2821 8.72822 70
-19.1495 20.0099 70
-11.2323 -9.26707 70
-10.826 0.894861 70
-18.5699 0.70654 70
-10.7909 -0.935949 70
0.107592 10.7227 70
-0.470444 19.8767 70
8.73113 0.585048 70
0.593073 9.08957 70
-1.05757 9.00341 70
0.570326 -0.525752 70
-0.928356 1.29438 70
1.1675 0.540215 70
-8.64377 51.3084 70
-10.8253 49.3524 70
-40.3002 21.1422 70
19.3507 -18.7852 70
-28.792 0.310229 70
-10.3652 0.994054 70
-1.0536 0.124147 70
8.66722 -11.1089 70
-10.5687 0.364727 70
1.25388 0.759049 70
-0.972476 9.00578 70
-0.974663 -10.4911 70
-8.72914 1.28072 70
11.285 -0.736671 70
-41.4204 8.95859 70
-20.0579 -8.53035 70
-0.589009 11.1875 70
-29.8011 -8.58797 70
0.956595 -20.2174 70
0.223036 -1.27351 70
10.7548 19.1778 70
-0.997739 -1.48724 70
-39.293 39.2522 70
119.55 -70.5678 70
-1.42703 1.32836 70
-28.6738 10.9023 70
-29.6047 0.317228 70
-18.8861 -9.43339 70
11.3321 -9.42285 70
1.44245 -1.4144 70
0.787118 0.520852 70
0.815859 1.46177 70
9.81409 -9.07814 70
8.72291 -1.11209 70
-9.90276 0.134364 70
10.8747 -19.5969 70
-21.2936 -10.9807 70
10.3129 20.3077 70
0.39688 -0.570033 70
9.94925 19.4983 70
-21.1025 -118.86 70
-1.41374 10.939 70
-0.0842759 -21.0748 70
9.04476 10.6055 70
-11.3519 19.9482 70
-19.9095 -0.773449 70
9.86251 -0.396125 70
-10.4554 -9.11242 70
-0.687102 -0.439968 70
-19.7053 -10.8918 70
10.0193 -10.1405 70
-10.566 -9.72273 70
-9.00429 0.648144 70
1.22462 8.72753 70
-10.3365 0.232481 70
-9.30585 -1.39481 70
-10.6514 10.0079 70
0.93402 -1.0487 70
50.4342 -29.4938 70
-9.61122 -0.50166 70
8.84775 -0.0852461 70
11.3634 1.27294 70
0.545 0.824131 70
9.39889 21.1868 70
-10.2662 1.44815 70
1.25607 -10.6722 70
-19.7753 20.638 70
-1.29084 0.143133 70
20.3647 9.68454 70
-19.4663 -9.36022 70
0.736459 20.1622 70
-20.189 30.4076 70
0.10645 11.3319 70
-0.484645 -0.936543 70
-8.79346 10.7148 70
39.437 8.57697 70
-21.2271 18.9837 70
-48.9388 1.02976 70
-9.53211 1.35823 70
1.42803 -1.0425 70
-0.89444 20.0023 70
-0.692116 20.6493 70
8.55781 11.3805 70
-1.29551 0.975458 70
-10.8339 0.45709 70
-9.67327 -9.9937 70
-10.6728 1.30166 70
0.181088 1.39406 70
-8.86496 -0.673327 70
0.873636 -0.562127 70
-11.3427 20.3164 70
-8.70937 19.279 70
1.47579 11.3854 70
-19.0502 -60.3843 70
-1.46485 -11.412 70
-0.98779 1.27673 70
-19.2285 0.519795 70
-1.22598 0.48266 70
-9.02412 -0.694364 70
-10.7157 -0.0511167 70
-1.39564 0.0154073 70
1.4069 -0.0711047 70
-0.396413 -1.29525 70
0.273605 9.50049 70
-1.46168 10.6527 70
0.445353 9.75903 70
9.79097 18.6315 70
-10.5605 -9.45201 70
-21.3263 20.4853 70
31.3 10.0136 70
-9.22288 9.36326 70
-38.5891 21.0203 70
-9.55608 10.8757 70
9.23395 0.39653 70
-11.1922 -1.08571 70
-19.0784 1.31541 70
-0.955102 -11.1112 70
40.272 -10.3314 70
1.13112 8.62853 70
-8.53298 -0.19083 70
31.3272 -0.626114 70
-21.3071 -8.6925 70
1.1314 8.51478 70
10.001 8.63165 70
-10.7225 -10.6687 70
-0.663149 10.3938 70
-0.50789 -0.132444 70
11.079 18.5753 70
-0.749317 -1.11908 70
-29.5283 -18.996 70
-10.0116 19.0979 70
-10.6126 0.0160367 70
18.7484 -40.6809 70
-1.39812 -0.238897 70
-0.650668 9.51704 70
-10.8194 0.827309 70
-50.7616 1.06688 70
8.83392 0.286547 70
-20.3374 -0.734347 70
-0.251165 9.71524 70
-0.765158 8.50544 70
10.5529 0.187174 70
0.0310883 1.48351 70
0.458199 -0.0960316 70
-8.5691 0.649217 70
0.0353193 -11.4653 70
-0.783184 1.32773 70
1.47366 8.72028 70
-9.57018 0.781373 70
-1.1582 -10.2982 70
-10.8942 -0.845207 70
-1.29003 10.4038 70
10.1534 0.896433 70
-0.20821 1.0397 70
-10.7637 -0.811259 70
69.2297 20.89 70
-1.39628 20.7159 70
-8.60562 0.810492 70
9.67191 -0.199303 70
0.43324 -0.450303 70
-9.13314 -0.405305 70
10.6774 -0.143116 70
1.04751 10.8748 70
-0.623938 1.39917 70
-9.41399 9.72927 70
-9.61546 8.88364 70
1.06382 0.461286 70
0.645145 10.5086 70
8.66729 10.797 70
-9.18182 9.01503 70
0.742526 10.5662 70
-8.68672 1.11136 70
-10.9251 -10.9134 70
1.34559 1.17407 70
-31.0305 0.49652 70
-0.802546 9.95022 70
-11.2798 20.8706 70
0.659095 -0.23487 70
-8.81647 10.625 70
0.0424939 0.114127 70
-0.823101 -1.05854 70
-11.0873 0.371827 70
-9.98562 -0.133253 70
-0.762062 28.6773 70
0.287075 -1.25105 70
-1.01244 -0.496295 70
1.44203 -0.16438 70
0.373024 -20.7785 70
1.06923 0.951953 70
29.1935 10.0564 70
-0.351178 -0.671208 70
-9.85342 -0.990872 70
0.434164 -1.15752 70
-99.5212 -60.1532 70
-8.7741 20.1705 70
30.953 -90.9457 70
20.5237 19.9439 70
0.990769 0.748589 70
1.17655 -0.928219 70
0.77088 1.4726 70
1.04412 -0.959068 70
-80.0288 -1.18083 70
-11.488 21.043 70
11.1085 -11.3696 70
-19.5489 -18.5786 70
-0.746353 0.983224 70
49.3982 0.738034 70
-1.27408 -0.569755 70
0.189032 9.95582 70
-30.1975 -8.99744 70
-10.2523 0.768422 70
9.30165 0.906058 70
-9.43091 10.8703 70
-0.426694 -0.629261 70
-10.9879 0.893053 70
