-19.5574 -11.421 70
0.125155 10.534 70
-0.877424 -9.49597 70
-11.0836 -10.0997 70
-9.5319 -0.84356 70
0.873904 1.31716 70
1.17108 0.0144513 70
-0.441096 -10.9565 70
1.02789 -29.6976 70
-0.375235 -0.583247 70
-9.05698 -31.1461 70
1.1602 -1.01339 70
-39.356 9.94054 70
41.4133 -41.0916 70
10.9725 -19.0007 70
-0.420835 0.130322 70
-20.022 -9.31668 70
-0.323314 -1.02074 70
-0.072693 -0.0928727 70
-8.63668 19.9224 70
-0.00654671 -1.37081 70
0.0743868 8.68869 70
39.9852 9.91939 70
-38.6846 8.84631 70
0.220261 -1.20325 70
1.05165 9.0743 70
1.31595 -1.13966 70
0.981343 40.3101 70
1.22788 -0.935838 70
-9.2958 0.19938 70
-20.5921 19.3094 70
0.535778 -1.27886 70
-11.3434 -18.7317 70
-29.6114 -10.9138 70
-0.386892 8.88521 70
20.1903 -11.37 70
-8.65234 -21.0253 70
-0.424792 -1.03801 70
-0.393836 -0.295239 70
0.792866 0.45327 70
9.37419 0.189004 70
0.167616 -8.82154 70
1.43827 -1.29627 70
-1.38637 11.1658 70
-1.01054 -0.0758825 70
-8.59106 -20.311 70
-1.15048 29.4073 70
-1.02601 -9.60609 70
10.1592 0.350632 70
-1.18798 -9.44937 70
-11.0587 -0.786107 70
0.149375 -9.37081 70
0.88534 0.238179 70
-0.197545 -10.1367 70
0.136124 -0.171393 70
-11.4764 -0.730431 70
8.77794 -1.17816 70
29.3238 9.99606 70
-1.03236 8.57561 70
0.35408 1.42244 70
10.7967 -1.03007 70
0.483258 -0.423266 70
30.4838 -9.2189 70
-0.463052 0.996102 70
0.724308 -10.6459 70
0.194329 0.696883 70
11.0635 -10.143 70
21.0345 -0.616558 70
1.04356 -21.37 70
-0.63387 -0.156343 70
-58.7179 -10.6956 70
-59.3676 -10.8302 70
10.1305 -20.9384 70
0.145115 51.2934 70
-11.4009 -0.524061 70
-0.888892 -0.051042 70
-0.60726 10.8158 70
-19.3413 -50.279 70
9.82388 -19.1308 70
-1.35968 -0.500109 70
-0.486705 -10.4713 70
-10.7769 -21.4242 70
0.90566 -9.34882 70
-1.32055 0.386114 70
-11.3024 -0.5956 70
-1.18909 -0.186413 70
10.258 -49.3651 70
-1.36555 -0.397511 70
-9.99956 -10.6868 70
-9.30888 -9.5222 70
-1.22099 -0.232531 70
10.4005 1.08835 70
10.3694 10.8174 70
-9.65943 -38.7044 70
1.41271 -1.10471 70
11.3985 -9.57263 70
0.279172 -10.3603 70
9.65377 0.506707 70
0.133407 1.03145 70
-9.45288 -0.504648 70
-10.5661 28.6454 70
1.4267 -1.30296 70
39.2627 -49.0396 70
31.4773 18.854 70
59.5081 -10.6025 70
-9.36633 0.117983 70
-0.28057 -9.19013 70
-9.25849 -0.77138 70
1.07614 0.472382 70
-80.7111 -10.6439 70
-11.4493 -10.9264 70
9.5031 18.6191 70
10.0382 -9.93755 70
-11.3246 -8.60719 70
-0.232045 -1.04436 70
-11.1082 -20.485 70
19.1725 -60.551 70
0.18678 -1.15067 70
-1.18886 -1.29843 70
0.884249 -0.452484 70
-10.9216 -10.1125 70
-0.801288 40.4542 70
20.8326 0.08959 70
1.24144 -9.41223 70
-1.15083 21.1395 70
8.83594 0.253516 70
9.99826 1.03571 70
-0.720862 0.923193 70
0.0655158 0.108485 70
-20.4568 1.47908 70
10.4034 -10.9895 70
-1.31817 -10.5075 70
1.06969 -1.16944 70
1.48058 20.3777 70
-10.5187 -0.999248 70
1.10624 -0.142126 70
-1.12576 1.3385 70
-49.6095 -30.9443 70
9.96697 1.11399 70
-10.4185 -59.5403 70
-11.1293 -1.1991 70
8.92162 -1.03831 70
-10.81 -9.40825 70
-11.2175 -0.0507926 70
-0.345817 -1.18243 70
-0.594842 -18.5966 70
1.07742 -0.318103 70
10.4034 -18.8067 70
0.0754657 19.5901 70
-1.11687 -21.3653 70
0.662334 -0.534197 70
0.644826 -10.037 70
-30.8645 -39.5225 70
60.9992 -69.037 70
1.40385 0.0141061 70
-0.740419 0.322751 70
-20.3445 -9.17037 70
1.31731 20.1064 70
10.8389 -1.14904 70
-9.26753 -0.540414 70
1.39489 -9.19077 70
-0.679545 -1.35305 70
19.4762 -29.4423 70
38.7326 20.9458 70
19.8501 -50.3233 70
0.285151 -10.2477 70
-9.08746 1.30794 70
-0.853106 11.3493 70
-0.674792 0.230175 70
0.608113 -0.499591 70
-8.53459 -9.20059 70
9.32299 -0.555188 70
-0.364148 -0.166973 70
-10.2482 1.3226 70
20.2077 -30.0638 70
-40.2508 -0.217098 70
-1.33033 -10.6076 70
21.4988 -11.0605 70
0.0557641 0.677443 70
1.36806 -0.21617 70
-1.12405 1.18399 70
-0.164478 -1.43384 70
1.2337 -21.2871 70
0.161577 -9.10145 70
-30.7865 -0.498666 70
-0.922971 -0.211159 70
-0.140478 9.99959 70
-0.237757 -9.69296 70
1.44159 1.26863 70
-11.057 -0.0906015 70
-10.1209 -11.3208 70
-9.26454 1.17554 70
0.494162 -1.24981 70
0.0501603 0.011096 70
8.92777 9.49822 70
-10.134 -10.3419 70
-8.72389 -10.0427 70
-10.4713 -9.91127 70
-20.217 8.66273 70
-21.1518 11.4217 70
-20.4219 -60.5932 70
-10.1258 10.3127 70
-69.3349 -19.3574 70
-20.7298 30.495 70
-0.897263 -39.6409 70
-0.812088 -39.6212 70
-0.953786 0.110138 70
-9.40878 0.115931 70
9.85429 -9.77996 70
-10.3775 0.487404 70
-0.555335 -0.759966 70
-0.645639 -0.227401 70
0.221094 1.33908 70
-0.0800963 1.07243 70
0.673276 -0.418333 70
1.43676 -0.34066 70
0.396142 -0.551758 70
19.2461 0.563197 70
1.34326 -0.487512 70
9.85934 -30.6096 70
29.934 -11.0623 70
0.183924 -0.465437 70
0.0151386 -0.666764 70
10.958 -19.1653 70
-8.61495 -9.6987 70
-1.10183 -1.21322 70
1.28348 -10.525 70
-10.8016 -0.29037 70
0.409375 1.1181 70
-1.05627 0.210065 70
-9.62495 -20.258 70
-0.0234712 -0.421005 70
-1.27119 8.57695 70
-50.7127 8.957 70
-0.28702 -10.1383 70
-0.125394 -10.0279 70
-88.5737 -10.4997 70
-19.8045 -10.6712 70
-1.12445 -0.767337 70
18.9596 -10.5618 70
31.4204 -61.3448 70
0.400654 10.4463 70
-10.2167 -1.42813 70
10.5435 -9.55592 70
-10.6141 -1.21927 70
-0.288908 0.4774 70
0.171535 1.48687 70
1.14131 0.38125 70
-40.7773 19.0535 70
1.48098 -0.236124 70
1.44235 -0.455867 70
1.49959 -0.35419 70
-11.3862 -0.327736 70
0.330622 0.487612 70
0.510608 -8.71786 70
-21.0301 -19.3187 70
-0.021952 30.3258 70
1.3797 1.11078 70
-0.535268 -0.135721 70
1.36773 0.156749 70
10.0326 -9.12662 70
29.526 0.775453 70
-20.71 -19.0425 70
-0.288117 1.16469 70
10.8142 -10.6556 70
1.28764 -0.767661 70
18.6447 -1.12415 70
1.11217 0.426767 70
1.11923 -0.93241 70
-1.06709 -0.390868 70
-0.903176 -10.2431 70
-9.77174 0.246837 70
-1.43383 -11.2467 70
-19.6767 10.7852 70
0.569819 -0.981568 70
-29.3715 10.7584 70
-0.198557 -0.587691 70
-0.497361 9.56436 70
0.651697 -0.437479 70
-21.3533 -31.4323 70
-10.5884 9.44681 70
-1.32847 0.201934 70
-9.44074 0.186364 70
-0.480336 -1.26148 70
-1.13024 1.38302 70
-1.40685 -0.191153 70
0.183078 -0.912887 70
-1.13857 1.38525 70
-9.99907 0.697231 70
-0.56849 -30.3007 70
-1.45903 -9.30251 70
-0.462751 58.9289 70
28.5736 -9.01159 70
-1.19928 -10.4642 70
20.8382 0.47188 70
-9.49149 -10.2188 70
-0.947682 -1.40578 70
-9.12719 -0.700678 70
0.307768 -0.436654 70
-0.604681 -0.759887 70
-0.0699363 -8.69359 70
-18.9965 20.5825 70
-18.6008 0.287431 70
0.866519 -10.5374 70
10.7591 -11.3372 70
-0.138666 -1.14718 70
0.470298 -0.139601 70
9.74764 0.165963 70
1.07952 -1.08551 70
18.7059 -10.2674 70
0.846828 -0.913214 70
0.404877 -38.556 70
-0.175527 -40.7951 70
-0.559224 0.271505 70
-11.3938 9.84134 70
1.04587 -31.4921 70
0.938019 -30.8097 70
-0.705207 -1.39095 70
-1.29573 -58.6747 70
-0.189857 -58.5578 70
1.02033 -0.91852 70
0.394515 19.759 70
18.8469 20.0373 70
-1.35104 -0.922595 70
9.13434 -11.2674 70
1.33955 -0.017105 70
19.5172 9.57033 70
-60.0922 80.5859 70
8.98605 -0.635353 70
-0.0859027 0.371936 70
-0.496016 0.343391 70
0.0404223 -0.817609 70
1.21781 -0.939584 70
18.9919 11.0858 70
0.182554 -0.251196 70
1.21647 -0.117207 70
0.311734 10.8223 70
-9.74529 0.0347006 70
-8.59382 0.914142 70
10.0138 0.638869 70
1.37175 1.06385 70
-0.843067 -10.1386 70
1.39304 -0.16864 70
-30.8883 20.9382 70
-0.597494 0.962265 70
-0.945245 0.354684 70
1.27462 0.510015 70
20.3543 -8.89135 70
9.23675 9.65201 70
20.9825 0.21218 70
-8.62184 -8.56647 70
-60.8807 -38.5002 70
-0.528695 -0.547946 70
-10.7082 21.4254 70
-120.628 -0.582653 70
0.400762 -0.929006 70
11.2706 1.29977 70
-1.47037 -1.05824 70
-30.9424 -8.5668 70
0.336423 -0.688319 70
0.450089 0.495853 70
-0.886865 -1.03057 70
-91.491 0.325794 70
20.0558 -41.1164 70
-19.0897 0.535678 70
-0.914946 -0.929117 70
-1.39452 0.374928 70
0.0304291 -0.911482 70
9.7082 -21.3965 70
0.530335 -1.14037 70
-0.371298 -0.467587 70
1.17137 -8.78444 70
-1.3543 1.26514 70
1.46399 0.21882 70
-1.29455 10.6112 70
0.796301 0.796992 70
-0.116059 0.71361 70
-9.25843 10.4468 70
0.909081 -1.23736 70
-10.0696 20.6254 70
0.480926 -0.988223 70
0.02323 1.13062 70
0.477604 0.481011 70
-1.45163 -10.6018 70
10.8422 -9.5894 70
9.74475 -10.4652 70
-1.49145 0.334349 70
8.63563 -11.1383 70
1.31617 1.3044 70
1.31586 0.888884 70
0.860253 -10.748 70
-120.535 68.6927 70
-8.94847 -0.201713 70
0.00549841 -0.0246258 70
0.571953 -11.3372 70
40.6621 -9.48862 70
-1.35075 -0.860754 70
19.7147 -20.3454 70
10.5378 1.31861 70
1.21671 -1.34543 70
38.9374 10.5976 70
11.2722 -1.13684 70
-10.2147 -19.31 70
-11.2544 -11.42 70
0.755618 -11.3832 70
1.26018 -10.0281 70
1.3383 -1.19533 70
-1.02533 -1.11276 70
-10.5006 -10.4498 70
0.560421 0.762621 70
-0.261662 -21.4439 70
-0.0451723 0.0801138 70
1.46565 -0.00376957 70
0.906428 -0.0449207 70
-10.6881 -29.2508 70
-0.0266803 0.119021 70
-1.1579 0.703288 70
19.924 10.7112 70
-11.0639 1.13433 70
1.44112 0.73617 70
1.19857 1.05696 70
-1.40317 -9.03942 70
-9.77113 8.90589 70
-0.308882 0.552667 70
21.0398 0.457259 70
-20.5673 8.93299 70
10.7288 -8.7677 70
-0.940096 10.2032 70
0.0702213 -9.97622 70
-0.853201 -10.2299 70
0.330019 0.904143 70
0.717619 -0.285686 70
0.226202 -8.518 70
-9.46239 1.1232 70
-1.39481 -9.57881 70
-0.538823 -0.0374536 70
0.626739 -19.3979 70
-9.83054 -19.3284 70
11.1725 18.8791 70
-11.3309 -9.03083 70
-50.0219 21.0719 70
1.0911 -1.33283 70
11.2268 1.10833 70
-0.0257557 21.2794 70
-9.59053 0.961171 70
-9.93004 0.325342 70
-1.23613 -1.02713 70
9.20911 -21.0826 70
-0.0554195 -1.46369 70
-0.901989 0.245986 70
-1.35751 -1.43441 70
0.65096 -0.757778 70
29.7205 0.0739534 70
-8.54194 -9.52374 70
0.384781 0.975918 70
11.2105 -10.9924 70
-9.80428 -11.3598 70
-0.1553 0.649216 70
-9.63281 0.459913 70
1.27334 18.827 70
-1.24366 -8.70568 70
20.7066 -8.57337 70
8.7378 -1.484 70
1.47333 -10.2276 70
11.3074 -19.7603 70
-19.866 21.2438 70
-9.50001 10.4546 70
-1.247 0.190756 70
-11.4899 10.7792 70
0.712289 -0.640247 70
-1.08718 9.3475 70
0.538334 0.668585 70
-1.01381 -9.25724 70
0.0938432 -8.54073 70
-9.24304 0.0263888 70
20.2017 90.2314 70
-0.297829 -0.866828 70
-1.2173 -9.52791 70
-99.8764 39.7644 70
9.38163 -8.93178 70
-1.44214 0.0334209 70
-8.98333 10.4461 70
-10.0984 -10.9366 70
-9.64319 -1.19169 70
-0.293646 1.44104 70
-10.4462 0.622197 70
-1.31714 -11.0651 70
-1.37369 -10.7094 70
-20.1067 1.48788 70
10.3961 -0.106769 70
-10.4854 -0.937858 70
-10.8242 1.34387 70
0.807667 0.118968 70
1.42782 -0.279588 70
0.47001 1.35366 70
-50.7996 -9.92989 70
69.9484 49.6223 70
-10.5561 30.7461 70
-0.725463 -20.9175 70
20.381 11.211 70
-20.7662 -9.72018 70
-1.26041 0.329138 70
-69.9697 -18.9572 70
-28.7317 -0.820347 70
0.157425 -21.2867 70
-0.040495 -19.0785 70
-11.3115 -0.990809 70
-11.4769 -0.343984 70
-8.55796 0.460901 70
19.4918 -9.43527 70
-20.242 19.1567 70
20.3419 0.997333 70
0.237539 -11.1203 70
-10.3065 0.147812 70
29.2233 19.8154 70
8.97569 -1.26221 70
-8.60968 10.5077 70
0.730012 0.427171 70
18.8551 -8.5846 70
-18.6733 -1.26713 70
0.0338058 -30.2092 70
8.68162 -1.49844 70
-0.587385 -0.251363 70
-1.10033 0.89597 70
-10.1427 -1.17134 70
-1.4056 -20.6057 70
1.0436 0.684868 70
-10.8376 -9.73202 70
10.9195 -10.9286 70
-0.423301 -0.17582 70
0.666027 -11.299 70
-10.8472 -9.13138 70
9.85326 -19.3348 70
0.681092 -0.406728 70
0.0634048 -10.8792 70
-10.1629 1.34486 70
-0.56004 10.7126 70
1.11929 0.299116 70
-19.062 -49.7722 70
-0.176277 -9.55237 70
0.127883 -9.12168 70
-0.838517 8.71259 70
8.83623 -8.90925 70
-0.361919 -0.783712 70
10.2501 -0.0378767 70
9.07639 -0.211931 70
-9.70243 -9.5554 70
-1.05902 0.553716 70
-9.73806 -11.2119 70
-0.840692 20.5499 70
8.73751 -29.2672 70
-21.0983 11.4068 70
0.457873 -0.142128 70
1.04949 -41.1594 70
-10.0461 11.1481 70
-1.41529 -11.4231 70
9.06909 59.5819 70
-0.81127 -10.998 70
0.410402 -10.2835 70
-0.261413 1.17604 70
-8.66305 -9.64082 70
-1.32509 -10.3443 70
-9.95635 10.4182 70
-10.1709 -11.045 70
-1.47324 0.998732 70
80.1395 -49.6399 70
30.6451 10.4442 70
0.33474 -0.804441 70
0.74572 1.13019 70
-9.7942 0.23717 70
0.109912 -0.767679 70
-10.4445 1.29268 70
0.170591 0.692172 70
0.669898 -9.03758 70
-11.3907 -1.47034 70
-11.055 11.3084 70
-9.32723 0.665097 70
0.230085 -0.78641 70
-9.14892 0.10322 70
0.55271 19.8961 70
0.333743 -10.2864 70
-0.41944 20.4964 70
-10.1925 0.838832 70
9.7049 -88.6515 70
-11.0223 -0.94218 70
-0.0676958 -0.770246 70
-10.2425 -9.21491 70
1.45198 -9.90029 70
-10.1061 -8.66317 70
8.90819 -9.39907 70
-10.911 -8.67558 70
30.0034 -11.121 70
11.3613 10.4138 70
-0.32169 -0.954338 70
-0.775547 -10.5898 70
0.163109 -8.83141 70
-0.958798 -10.2463 70
11.3907 -29.9705 70
-8.77332 8.97923 70
-1.20196 0.317212 70
0.913194 -20.1766 70
0.40752 0.319557 70
9.40309 19.7431 70
-8.52077 -8.53164 70
1.33357 1.38555 70
-8.66954 -1.09806 70
-10.6576 0.387707 70
10.5035 -19.74 70
-39.9483 -10.1486 70
0.422373 9.47109 70
-9.77017 11.4105 70
-10.4066 8.95194 70
-0.210759 -0.178006 70
-1.37028 -0.429418 70
-0.591713 -8.98205 70
-0.641552 0.0819145 70
-0.89574 0.970137 70
-11.2613 8.69249 70
-8.67048 10.9335 70
-11.492 9.83458 70
-10.0713 -8.67972 70
-11.2932 -18.7735 70
-30.3996 -1.44598 70
10.2174 -9.06652 70
-10.5055 1.39184 70
9.09882 -0.257193 70
-28.5748 0.624354 70
0.918145 -9.64154 70
-8.56027 -19.3979 70
-11.1134 -0.309643 70
-1.03582 -19.9359 70
0.214661 29.2987 70
-0.833548 -10.0602 70
-0.388632 0.565985 70
0.430834 0.22916 70
-11.2742 -0.914207 70
30.3206 -19.0253 70
1.13885 -0.477174 70
-11.1155 8.82576 70
-0.370257 0.910161 70
48.8287 28.8379 70
-8.83229 -40.3186 70
-9.61181 0.211956 70
-0.395 -10.3421 70
-10.7192 -19.3673 70
0.348524 -1.29754 70
-8.69002 -11.3484 70
0.635247 1.02344 70
0.164743 0.153774 70
-9.87224 -0.536435 70
-89.9555 39.044 70
-10.1526 -10.0747 70
-11.4598 -10.8149 70
1.43142 0.558119 70
9.37675 -38.5671 70
0.549594 -0.0162668 70
-10.6686 0.785292 70
-10.937 -9.88616 70
-0.663635 0.0298994 70
-0.261677 -0.901913 70
1.4541 9.11911 70
-0.353597 -1.2475 70
0.904919 0.649241 70
-19.5803 -8.95754 70
41.0289 70.6289 70
-0.309675 -0.524752 70
-10.1587 48.9269 70
-9.42004 0.595259 70
10.751 10.6035 70
0.834227 0.141271 70
8.78967 0.0427855 70
8.83416 1.26244 70
-8.73126 0.60712 70
0.200684 -1.20271 70
-11.2197 -10.3819 70
-10.7861 -0.81676 70
-1.39963 20.2453 70
-0.579132 -10.1313 70
-19.9681 0.606028 70
1.06843 50.1665 70
19.2958 -10.9742 70
-19.3653 8.60654 70
0.44207 -0.232894 70
0.24133 1.0172 70
9.14215 20.0074 70
-121.007 -51.1771 70
-1.39421 0.714139 70
10.6924 0.639392 70
-9.70155 -21.3627 70
-10.3827 -19.4375 70
10.0176 -8.72295 70
11.402 -0.0798941 70
-8.69122 -0.329286 70
-18.5332 -21.0117 70
-1.44709 -8.99462 70
-0.38772 0.527734 70
19.8822 -30.452 70
1.12929 1.45921 70
-1.36083 39.8285 70
-40.2944 19.978 70
-10.1505 1.11401 70
0.984706 -0.00647334 70
-30.2469 20.3535 70
1.42404 0.158296 70
-0.397719 10.7746 70
9.32578 -9.38499 70
-10.2266 11.0964 70
-20.2949 -10.2192 70
-8.6054 0.712951 70
0.142705 -0.164509 70
1.12183 -1.47723 70
0.443947 0.984624 70
1.17792 21.4995 70
8.66607 -9.27791 70
