-10.0939 10.8866 70
-0.966342 9.08168 70
19.9069 -30.0832 70
-1.08747 -1.40761 70
-0.158294 0.880114 70
-1.19122 -0.37974 70
0.869225 -9.78836 70
0.454539 0.792236 70
9.95899 -20.0831 70
11.3801 10.5613 70
-10.4745 -11.0701 70
-0.825494 -0.927946 70
-0.170895 -1.11574 70
28.8791 -39.7065 70
88.7742 20.004 70
-0.68269 1.30243 70
21.4128 -10.6032 70
-1.10066 -0.279022 70
-10.188 -1.49995 70
10.9004 -0.0650584 70
-40.7515 9.49407 70
-71.4812 -49.2783 70
-1.07682 1.46382 70
-1.42655 1.37148 70
-0.303967 0.488162 70
-20.5764 -10.5911 70
-30.7377 18.7685 70
-0.977814 0.845504 70
0.301469 -0.715989 70
-0.790976 10.8679 70
-1.32578 0.713603 70
-8.58707 11.0092 70
-1.12369 -0.0700781 70
0.273449 -10.1349 70
-1.49606 -9.19548 70
-1.11475 1.38432 70
-1.29759 -0.0352163 70
-10.7194 -0.813435 70
0.827564 9.71517 70
19.5888 11.1391 70
-21.0022 39.259 70
0.34658 -8.61167 70
-9.49767 -11.3832 70
9.44628 -8.6303 70
-1.32483 1.31548 70
-9.67135 49.6612 70
11.295 -39.1527 70
9.4888 10.4154 70
-11.4848 -0.884408 70
-10.1217 -0.551541 70
0.644009 -1.47798 70
-1.08029 0.754764 70
-19.3442 -10.0885 70
-9.47929 1.16443 70
-0.432541 11.0569 70
-1.16164 -8.70953 70
-0.291872 -0.807572 70
10.0279 -11.129 70
-1.08524 1.33442 70
-0.0822372 -1.45826 70
0.7931 9.39448 70
1.23426 -0.973 70
-29.3827 -9.38938 70
-90.3869 100.843 70
-0.64782 1.08537 70
1.18218 0.447868 70
-0.0142206 1.28398 70
-30.1094 -30.6483 70
-0.242879 0.66426 70
0.371301 -8.9951 70
-10.7372 9.4983 70
0.486246 0.252134 70
-11.1849 0.729222 70
-11.3393 1.28607 70
-0.0501371 1.19239 70
11.3974 0.248779 70
-1.31474 1.42514 70
38.5603 -21.1956 70
-1.35828 0.747351 70
-0.0736686 -1.1338 70
-29.8096 -18.595 70
-9.84221 0.078831 70
0.0878478 0.469634 70
0.0999444 0.253075 70
10.7631 19.0694 70
-8.72707 1.27407 70
8.57919 -19.9589 70
-9.12097 -11.494 70
-9.82192 0.862317 70
-0.176948 8.66533 70
-0.712844 -9.88843 70
0.0819985 0.81987 70
10.9565 -69.0498 70
70.479 -0.492514 70
-19.1421 0.19106 70
-18.6454 60.2396 70
1.34505 0.164357 70
-0.453004 8.84995 70
0.272901 0.394947 70
1.08782 0.163671 70
9.0506 8.96644 70
40.3853 0.0552595 70
1.09571 0.60559 70
-1.00598 8.55689 70
-0.706774 10.2309 70
-1.12432 -0.975884 70
-0.545997 1.47386 70
-10.4819 0.119652 70
-10.0208 -10.4215 70
0.11729 -20.6788 70
-9.73296 -19.945 70
-0.844486 0.000399476 70
1.0629 -0.00372225 70
1.19593 0.0195302 70
0.694323 19.4421 70
29.0809 -31.3468 70
1.15916 1.07559 70
-0.59982 -1.39547 70
0.463738 -10.3261 70
0.61019 -0.573887 70
0.967361 1.04804 70
1.35826 0.8006 70
10.7074 39.8272 70
0.74331 -0.819294 70
-9.5979 9.84588 70
1.12714 -10.2218 70
-9.1302 -10.3485 70
-9.19056 18.6103 70
-41.0596 -88.588 70
-9.11781 0.947272 70
20.7043 -41.0977 70
9.49438 19.7445 70
-8.77312 -28.9638 70
10.8977 10.839 70
10.7903 -1.18563 70
0.770987 -1.34719 70
0.817797 -8.87883 70
1.35913 8.81722 70
-9.03132 0.381754 70
29.2559 -50.2399 70
-11.2908 -0.878519 70
10.3165 -10.4289 70
9.61696 111.365 70
0.10514 -9.64872 70
-0.730644 -10.8282 70
-11.2266 9.03866 70
1.08905 -0.0756393 70
8.97365 19.7476 70
0.905512 9.14217 70
10.4566 -8.62728 70
10.3518 -19.2389 70
-1.05758 10.5133 70
9.36382 29.291 70
10.8811 -10.0648 70
0.295031 0.217668 70
0.413214 0.0833658 70
8.71006 0.224574 70
0.929643 -0.421452 70
-0.353704 40.8535 70
1.08371 0.898636 70
10.589 -0.884616 70
-19.6973 -10.836 70
-0.520343 0.917822 70
-0.751589 -0.696292 70
-0.587481 -0.51228 70
-10.9253 -11.2008 70
-0.620691 19.472 70
20.8966 -10.8232 70
-19.2794 50.8248 70
-0.374901 -1.16327 70
-10.0361 -0.57941 70
1.42762 0.612874 70
-0.369021 1.33285 70
1.44437 0.319221 70
-0.119992 0.183702 70
-61.2071 -29.5384 70
0.0710905 -0.351136 70
0.751111 -0.304236 70
0.981377 29.0029 70
1.47982 -1.1088 70
0.934973 -1.20937 70
-11.4287 -0.059085 70
-40.8046 10.6696 70
10.2289 -1.0352 70
1.17233 -0.633818 70
-10.1053 0.1279 70
-9.66864 1.00664 70
-10.5622 0.49321 70
21.2633 18.8014 70
19.1646 18.641 70
1.17879 -0.796806 70
0.0155573 -0.883925 70
-10.1151 -0.512981 70
1.43166 -1.08263 70
9.94985 10.4529 70
0.810418 1.07908 70
-21.4532 -9.96457 70
-9.54846 -1.09156 70
1.16426 0.0469865 70
0.759986 0.256276 70
10.9228 -21.0954 70
40.9406 -10.1771 70
-31.3183 -9.53708 70
0.391719 0.124805 70
0.299009 0.101637 70
21.0951 18.7249 70
-9.33232 -8.53668 70
1.2907 0.651539 70
-1.14848 0.203038 70
-10.4736 0.284363 70
9.26001 -41.0188 70
10.1121 -10.1956 70
-10.1156 -0.996903 70
-1.03607 -0.714771 70
-0.876906 20.657 70
9.07957 -19.295 70
-1.42473 8.85297 70
-0.29124 1.45751 70
-41.1725 -50.8186 70
0.851201 -0.826111 70
0.61967 -1.4599 70
-0.17319 -0.277359 70
-0.963985 -0.390216 70
20.669 -30.5641 70
-29.3745 11.3515 70
-20.5218 -10.9943 70
-0.980983 0.0846582 70
11.4258 9.39987 70
-79.881 -41.0046 70
-1.47634 60.9804 70
-0.988019 10.8843 70
0.485792 -0.911367 70
0.676906 -0.8538 70
48.7922 -11.0061 70
-1.36427 0.0252147 70
-0.831027 -0.739886 70
-9.36651 1.41901 70
9.70713 -9.12653 70
-0.752871 0.498866 70
1.27861 -0.991535 70
-1.12389 0.958014 70
0.311408 11.1349 70
10.8966 1.36547 70
0.21531 -0.313118 70
20.0883 -20.93 70
-8.52826 -10.7912 70
-0.722728 -9.27522 70
0.106958 -0.475305 70
11.0243 -0.768087 70
-1.17678 50.0314 70
1.20033 0.668857 70
-9.08314 -11.1443 70
0.857403 0.880021 70
0.513017 -8.60722 70
-8.88931 -19.5667 70
11.3442 -1.35434 70
-0.107781 1.20375 70
1.31811 -10.7695 70
-11.1927 -11.1916 70
11.4494 -11.2121 70
18.5389 -19.8792 70
-39.4926 -1.39659 70
0.873089 0.156893 70
0.631834 -1.03373 70
-10.2247 1.26608 70
-0.383789 0.801222 70
-0.288824 -10.6565 70
9.53691 -1.03598 70
0.0945516 1.20274 70
0.900515 -8.83105 70
-1.01385 -1.21676 70
-11.1516 -21.3361 70
-0.809825 0.642408 70
-9.15599 -0.418681 70
-10.2458 -9.624 70
-0.128991 -11.2048 70
-9.63268 -9.25588 70
-19.2083 49.2349 70
-0.717676 0.310028 70
0.210984 0.523565 70
0.722971 0.382135 70
-21.0824 10.3886 70
29.3569 -28.8745 70
-0.591039 -0.0144734 70
-10.6751 -1.01255 70
-10.9231 -11.2758 70
29.4353 -79.1298 70
-10.0517 1.17402 70
-0.602683 1.49791 70
0.378369 -1.03532 70
8.70153 -9.19051 70
10.1947 -9.36642 70
-50.3519 -10.6681 70
-9.11467 9.21149 70
-8.61275 10.2952 70
0.70697 -0.323926 70
8.94002 -10.8266 70
9.21594 -1.00782 70
0.977606 10.0758 70
21.2173 -18.8362 70
0.872535 -0.681929 70
1.45064 -1.11389 70
-0.839299 -0.919707 70
-0.0637544 -1.15229 70
-1.23558 -10.1809 70
19.0001 10.17 70
19.7457 9.94011 70
-9.44471 -9.05453 70
0.15905 -0.496107 70
0.98201 -1.0737 70
-8.94155 0.00159114 70
1.34231 1.10723 70
0.404382 -0.490918 70
-70.028 -19.0826 70
-0.442189 -1.36231 70
0.470385 -1.39979 70
18.8216 10.4682 70
-0.918208 -0.349604 70
-9.4215 9.78281 70
-0.30183 -1.45342 70
-0.191425 -1.22773 70
-11.4499 0.110594 70
-10.0826 18.5951 70
-9.80165 -0.974064 70
-9.26592 0.720807 70
0.912909 0.871297 70
-28.678 -18.7831 70
-20.7247 0.893771 70
0.332046 -0.930232 70
-29.7892 -0.549393 70
0.66408 8.8384 70
11.0522 0.110679 70
10.6008 -10.1542 70
1.40837 0.289955 70
9.135 -0.885016 70
-1.23282 -1.26302 70
-9.54441 -0.356258 70
-9.75923 1.17642 70
-1.46805 0.162197 70
-0.951092 -1.45284 70
1.19918 -8.55143 70
-0.192433 -0.479837 70
-9.24899 -0.399411 70
-10.6021 -0.795942 70
-1.38076 1.18462 70
1.41665 -1.37163 70
0.981638 -1.16287 70
-1.16905 -1.48447 70
0.907842 1.00628 70
-1.39304 0.407975 70
-9.09406 -9.29043 70
0.389154 1.13454 70
-0.0371523 10.2885 70
-0.734549 -0.00769155 70
0.111222 -1.3185 70
-18.5981 9.47244 70
9.14475 0.121263 70
1.30946 -0.167477 70
10.7872 -9.50305 70
0.344099 -0.795264 70
-0.0103696 -1.46625 70
1.12179 -0.803834 70
0.464109 -0.588296 70
0.283589 -0.148895 70
0.207233 -0.490615 70
-0.701654 -10.6442 70
-0.921375 1.03869 70
-8.74653 20.5361 70
-0.783925 -0.965727 70
-10.0153 0.881484 70
-0.701689 -9.89606 70
-19.1753 -10.4813 70
9.53059 9.58026 70
0.389382 -0.816461 70
18.7583 10.6611 70
-0.0614902 -0.493903 70
0.547787 -0.931449 70
1.0068 -0.324855 70
-10.0095 -10.8222 70
9.48398 -0.717661 70
1.2565 0.363771 70
-0.261152 -1.02367 70
0.486172 1.1955 70
-0.77073 0.369105 70
-29.7652 -49.9156 70
-1.15189 10.1799 70
0.345962 -0.892073 70
-21.1346 -11.4369 70
0.174214 -49.108 70
11.1523 0.824972 70
9.67475 -0.666433 70
1.15663 -0.819487 70
-0.751802 -1.39868 70
10.5306 -10.3425 70
11.4581 -9.90269 70
10.5664 -0.867413 70
0.89666 -1.25556 70
0.256336 -0.108012 70
18.5163 9.92746 70
-0.602353 0.482619 70
-0.328231 0.323409 70
8.55915 0.243747 70
0.712863 -0.149521 70
9.47744 -10.097 70
8.89088 9.44329 70
-0.579606 -0.0678909 70
-9.71498 -0.865535 70
-1.33002 -0.356177 70
-9.19213 -0.362297 70
0.206711 -0.273132 70
0.143376 0.263927 70
-1.19214 -9.48496 70
-0.811071 0.0312154 70
11.0246 -10.5508 70
9.51569 -9.90365 70
-18.7688 -8.56107 70
-19.0256 -10.8661 70
-0.849686 -0.459977 70
-1.35226 1.28792 70
0.539549 0.412787 70
1.18553 30.2267 70
-1.01409 1.16653 70
-10.1987 -1.24233 70
10.8801 -30.2048 70
0.538357 -0.680805 70
-39.7053 -20.1615 70
-0.661104 -1.22826 70
0.051628 -10.7325 70
-11.4856 0.537999 70
-9.53364 0.384432 70
0.754276 -0.407681 70
-9.26541 0.0081196 70
9.00577 -0.0172796 70
-0.107451 21.0901 70
0.0740704 -1.42928 70
-10.2283 -11.2067 70
8.69851 -0.426339 70
-9.07431 -20.9612 70
-0.0765913 -10.673 70
-0.13266 1.06934 70
18.5832 -19.1453 70
10.6947 21.2574 70
0.865106 -0.493525 70
30.6092 -11.4184 70
-8.79423 11.0323 70
8.61232 8.7022 70
-0.0963177 -0.150189 70
-21.3979 -11.1124 70
-9.21476 0.863475 70
0.916376 -11.4889 70
-19.9502 -8.5837 70
-18.9961 -18.6352 70
-19.9486 -10.8395 70
0.314935 -1.27168 70
1.43838 1.44141 70
30.0156 -9.76196 70
-0.469929 -1.05723 70
-1.47638 -11.2389 70
-39.5761 -20.6038 70
10.3397 -58.7893 70
-1.1754 -0.436178 70
0.182991 -0.119317 70
1.46398 -1.09977 70
-18.7521 -11.125 70
-1.26446 -1.36361 70
0.602332 0.454483 70
-39.0013 50.6424 70
-19.1786 -20.9277 70
-30.7707 9.77204 70
0.721626 1.17933 70
9.91613 1.03052 70
-19.8005 -10.2051 70
0.987961 -0.43255 70
-29.1533 -1.41778 70
-0.329416 -0.307967 70
-50.948 9.325 70
10.6056 -9.88453 70
19.9876 -20.6091 70
-20.4205 1.40189 70
-20.8079 0.616879 70
1.03041 -100.253 70
1.41177 -0.189025 70
-18.5374 0.757152 70
-1.06439 1.22809 70
1.33546 -0.686947 70
9.04399 9.51659 70
0.128376 0.991519 70
-0.36937 0.25038 70
0.595999 -0.350774 70
-1.46072 -0.630143 70
-1.41423 -1.09512 70
1.07192 0.684378 70
-0.153271 0.974962 70
9.38783 10.07 70
-0.276224 0.162794 70
-9.89938 0.517664 70
-0.178297 -10.4324 70
-9.34842 10.2013 70
-0.174196 0.84474 70
1.27287 -0.203704 70
-9.77313 9.80171 70
-9.02379 0.988211 70
1.19452 9.10913 70
-19.0779 18.5665 70
-10.9767 10.5083 70
0.0610463 -0.42432 70
-1.21249 0.271384 70
-20.4138 0.507487 70
-1.45947 0.812557 70
-9.49859 -0.00971896 70
28.7773 -0.554321 70
1.16627 0.533069 70
-20.3347 -29.9465 70
-0.132984 -10.3935 70
-0.612461 -89.1542 70
20.51 1.18101 70
-0.350555 -8.94111 70
1.10445 -0.0691894 70
1.19644 -0.107863 70
0.462856 -1.01298 70
-9.26009 -1.24609 70
-10.1414 9.03182 70
0.550592 30.2572 70
-0.558078 31.3565 70
0.79479 1.291 70
-0.367735 -0.379863 70
-10.7298 0.322206 70
-0.273577 -0.408409 70
-21.0104 -11.4463 70
18.5296 10.31 70
-0.307339 0.876343 70
1.18476 -1.33357 70
-1.34387 -0.829833 70
-9.94183 30.5912 70
-0.902769 -10.0756 70
0.306479 1.38189 70
0.079053 -0.0817161 70
-19.736 -41.185 70
-8.54699 -9.76115 70
1.14128 -20.4948 70
-9.48435 -0.198682 70
-0.528918 21.1573 70
10.0481 1.27417 70
1.3252 -0.462981 70
-0.192347 -1.03206 70
1.11332 -19.3944 70
30.5894 -120.003 70
19.6046 -109.978 70
-31.0886 70.8759 70
-0.876662 -0.850915 70
-0.897097 -10.2304 70
-0.38105 -11.0212 70
-10.001 0.423953 70
0.911147 -0.0587818 70
-11.4199 0.947684 70
11.4058 0.400884 70
1.43819 1.46616 70
0.385621 -0.32309 70
-0.697831 0.788491 70
-9.50825 -9.67288 70
10.3497 -19.7998 70
9.36205 -19.6726 70
-10.3904 -1.28388 70
0.833546 -0.291903 70
0.391483 -0.437295 70
1.19993 -1.45279 70
1.4187 11.1714 70
-10.757 -0.549227 70
41.0147 -40.2069 70
70.8475 59.9051 70
-19.4734 9.67416 70
-20.1237 8.56931 70
-11.4768 -9.25268 70
-8.95772 -11.1601 70
-20.0597 10.408 70
1.48484 -0.647874 70
-1.05341 -0.00258739 70
9.06058 -0.922993 70
-0.607451 0.0254306 70
9.86102 10.8167 70
0.521473 -0.024105 70
-0.329356 0.89201 70
-1.42486 -1.45607 70
38.7497 -48.8543 70
0.441707 -10.9541 70
-0.153039 0.0294432 70
-0.686172 0.75554 70
-0.217402 0.71489 70
9.0802 -11.2489 70
-9.95903 0.434266 70
9.57259 10.6987 70
0.587137 -0.51051 70
-0.334165 -20.7551 70
-48.5777 0.743438 70
-30.7193 9.52625 70
-28.5704 11.2411 70
-9.53871 0.743474 70
0.468405 -0.0280842 70
0.118705 0.943019 70
1.29296 0.0175641 70
28.6767 10.9345 70
-0.903193 1.03687 70
-1.0107 1.00881 70
-29.2681 1.23107 70
-0.164536 -0.936596 70
30.6383 31.1069 70
-0.370575 1.17628 70
8.83232 -49.1209 70
-11.2654 20.4742 70
-10.9131 -29.7775 70
-1.24371 1.26394 70
-1.26403 9.77186 70
-9.35287 1.27594 70
-0.142921 -0.637109 70
-0.0850363 0.633082 70
0.928006 -0.623475 70
0.322443 -10.8391 70
-8.59455 -11.4234 70
-9.84674 -9.55673 70
-11.1305 -10.5707 70
1.02741 0.997368 70
-9.60107 -31.4295 70
-11.4906 0.171108 70
1.22974 -11.2042 70
40.8608 10.2832 70
-19.0281 1.13193 70
18.7059 8.53099 70
-0.0673058 0.924033 70
20.7186 -10.6776 70
8.86496 -1.08048 70
-10.6579 -0.344728 70
0.213864 -0.841948 70
-1.25059 -10.6632 70
40.8715 -9.23023 70
0.4534 0.72648 70
-21.2975 -1.23217 70
-40.9792 -29.9455 70
1.48442 -9.72212 70
0.23883 -8.65934 70
-0.247827 -20.442 70
-10.2394 -10.6081 70
11.4745 -10.0957 70
-1.18464 -30.2006 70
-0.311902 1.33212 70
1.06973 0.894536 70
-0.406424 1.35139 70
-9.9488 20.1463 70
-39.6454 51.0106 70
-9.28245 0.0962464 70
-0.737772 9.89142 70
0.590677 0.191565 70
-1.12665 -0.017099 70
-10.4404 -30.6526 70
9.39392 -0.802186 70
0.726695 -0.703879 70
-40.0368 -20.8275 70
-38.7686 -20.9498 70
-9.21148 -8.67593 70
0.196195 1.33651 70
0.777237 0.430016 70
-0.0672816 0.821567 70
80.6347 -60.4942 70
-1.47651 -1.11362 70
-11.122 -0.554626 70
9.67117 -10.1672 70
-8.95905 -20.6698 70
-60.4859 19.8931 70
0.308197 -0.193097 70
-18.5069 10.7155 70
-19.9532 10.5401 70
1.36071 -10.6644 70
10.8981 20.1023 70
-9.30952 -0.337198 70
-0.164287 1.04134 70
0.930438 1.36896 70
1.23683 -0.309836 70
10.1043 39.7373 70
-1.33298 0.270797 70
1.00917 -0.764288 70
0.937605 -9.44518 70
-1.18668 -0.100031 70
-9.47323 1.46198 70
1.49047 -0.486623 70
0.733213 -0.508486 70
0.439208 -0.867543 70
-0.209761 -0.400637 70
0.617202 0.846561 70
31.0557 -41.2758 70
0.602189 0.817124 70
9.65902 9.42073 70
0.845383 -0.238079 70
-10.9295 0.418495 70
-18.797 -9.17082 70
8.66134 21.1592 70
28.7848 0.315039 70
-19.873 1.3246 70
9.20216 -8.66435 70
10.5896 -20.9416 70
9.74488 19.5139 70
1.47349 0.968003 70
-9.44507 -1.13374 70
0.499647 -0.947198 70
31.2522 -11.2803 70
11.3064 -0.240474 70
8.57887 19.1005 70
0.387756 -11.3165 70
-49.7497 29.4643 70
-48.8216 28.7761 70
8.56209 -0.0338025 70
-0.211314 -0.465299 70
0.0862654 -1.02093 70
-1.37693 -0.946977 70
-10.4827 10.6858 70
-21.2108 9.49996 70
9.37621 -8.72081 70
9.7446 -20.8599 70
-0.727036 -0.809685 70
79.6029 -49.1509 70
81.4915 -49.4785 70
1.24061 0.632505 70
-11.4533 -1.14962 70
0.877221 0.372739 70
-21.1297 10.4127 70
-20.276 8.92469 70
-10.2326 -10.0431 70
-9.32208 -11.4492 70
-9.79261 -20.935 70
29.2941 0.122939 70
-9.26822 -8.67992 70
-1.02889 -0.00709206 70
-50.325 -0.965992 70
10.4408 -49.5752 70
0.808116 9.81677 70
0.991058 11.2266 70
-0.0850986 10.2777 70
-1.00124 -11.3414 70
-18.6949 -21.4706 70
0.872859 0.239451 70
1.24723 -0.21363 70
-1.25891 0.523823 70
0.965691 0.702317 70
-10.4064 -0.926536 70
-9.36272 8.58208 70
10.6785 0.257069 70
-0.412966 -1.32177 70
-8.93534 -0.322201 70
-8.68288 0.571052 70
0.794629 -1.27545 70
-21.3716 11.4446 70
-19.092 10.2655 70
-18.564 8.91699 70
-11.0914 -0.843773 70
-0.475922 1.35396 70
0.694235 0.183436 70
1.36187 1.20728 70
-10.7082 -18.6013 70
-0.579593 9.59735 70
0.885182 -0.00804158 70
-0.637954 -1.49227 70
8.97935 -0.984981 70
-11.4948 21.2286 70
-10.1504 -0.293299 70
-9.88174 -9.48329 70
-1.27856 1.22459 70
-9.38851 -11.4927 70
-39.6736 -11.2226 70
9.32334 1.29545 70
0.57362 1.49004 70
-10.4898 -1.21935 70
0.0464846 -11.2494 70
-9.90841 1.06495 70
0.35592 -11.0194 70
1.35699 -8.97395 70
-0.625534 0.108842 70
10.1357 1.3566 70
-0.911899 19.359 70
-0.94597 18.5513 70
59.7877 -20.5201 70
19.692 -1.11826 70
0.397067 10.7133 70
60.9501 38.6327 70
-0.0923641 0.291372 70
8.78989 0.906434 70
0.792458 1.23578 70
30.8524 -9.83447 70
-19.1375 9.54895 70
-1.06305 0.790057 70
0.963159 0.212518 70
9.93652 -11.1979 70
0.0764304 -0.176143 70
0.524909 0.989532 70
0.106443 -1.37069 70
21.2459 0.0985999 70
-0.204509 0.255297 70
0.118762 0.192658 70
-0.159508 -0.629567 70
0.659614 0.68624 70
-9.21489 11.3541 70
-10.7737 10.9569 70
-11.1752 29.9965 70
0.395926 20.6333 70
-10.0623 -0.355338 70
-10.2574 9.8585 70
-0.632976 -1.13111 70
1.4801 -1.16655 70
0.646763 -10.4236 70
0.258089 0.838957 70
-30.9288 -8.95591 70
-0.454544 1.07593 70
1.36162 1.45097 70
-0.922848 9.03324 70
-1.45834 -71.2207 70
-0.682601 -68.9389 70
-1.22576 -8.71946 70
18.92 -1.35196 70
-1.20666 18.9132 70
0.50678 -0.766499 70
-0.0273429 1.41314 70
-19.7369 18.7981 70
-0.811814 -0.23009 70
0.237383 0.130416 70
-0.749976 -0.530493 70
-8.66554 9.29426 70
-10.0261 -1.0164 70
-0.179133 -1.31675 70
9.95777 -1.14863 70
-8.97415 -0.955685 70
-0.120951 -1.43769 70
-8.98333 -1.38076 70
9.39784 20.5744 70
-39.684 -30.7188 70
19.3289 0.803836 70
11.4837 -28.6576 70
8.59329 -0.4701 70
-30.9408 -9.97687 70
11.2624 -1.45319 70
-48.6955 -31.0199 70
-10.0831 -20.1651 70
1.22942 -0.202486 70
-10.007 11.3339 70
9.79429 -11.3597 70
9.5578 -10.5164 70
11.2593 9.81519 70
-0.242043 0.416176 70
-0.600404 11.1922 70
-9.91821 18.5591 70
49.2406 29.2439 70
-0.83717 -19.7375 70
-9.49909 11.4648 70
-0.183696 -0.454236 70
8.54801 -10.8005 70
-0.600452 10.0257 70
11.0786 -10.5088 70
1.48112 0.11999 70
-1.49919 1.33293 70
20.1389 30.0492 70
0.919914 18.8575 70
30.8329 29.4836 70
-10.0848 -9.39429 70
0.668005 29.3197 70
-0.529174 -0.237921 70
1.49758 -1.43949 70
-1.21245 -0.960808 70
-1.36265 0.891763 70
-19.6442 9.15513 70
-9.45412 -8.50106 70
1.47386 1.28055 70
0.648313 -11.3575 70
-49.104 1.02174 70
