-1.45005 0.297137 70
11.3069 -0.0305088 70
0.947484 -1.07274 70
10.6175 9.7704 70
0.533287 39.1396 70
1.27137 -10.6515 70
-20.8522 30.8194 70
-1.45662 9.38356 70
-0.36635 -8.66047 70
-29.0024 -30.1459 70
-0.242599 -1.43739 70
0.72776 -1.14699 70
1.07039 1.07451 70
-8.96538 0.764321 70
80.8744 -51.0728 70
-21.4344 -1.44372 70
8.77063 1.31701 70
8.968 -1.43402 70
-1.4037 1.43882 70
-20.4043 -0.816853 70
1.00124 9.96536 70
-19.8937 -50.0681 70
-1.47803 0.0886693 70
0.93293 9.24192 70
0.951636 10.9377 70
58.8748 -20.6909 70
0.861568 9.32641 70
-1.05151 -1.26072 70
-10.5607 -39.4982 70
-9.47179 0.671992 70
11.1852 0.725779 70
8.97927 -30.9067 70
-10.1599 -11.3998 70
10.9508 9.22184 70
0.471125 -0.660122 70
11.4876 -28.6739 70
1.15677 1.10559 70
-0.798783 1.42194 70
-10.4704 -10.8876 70
-0.756601 -0.608747 70
-0.277061 -1.39887 70
-9.2491 -10.6969 70
0.468982 0.612109 70
10.5084 10.6186 70
9.94936 -10.0868 70
0.740311 1.05745 70
-1.47893 1.33151 70
-9.94454 -9.40327 70
0.96678 0.496952 70
1.30348 1.46754 70
1.26368 -1.07637 70
21.3419 19.2904 70
-0.387793 9.20884 70
19.5155 -1.24776 70
1.12396 -10.9881 70
-11.2869 -8.72184 70
0.764088 -10.1409 70
1.13908 0.58156 70
0.609244 1.27842 70
-1.27497 -19.8355 70
-11.3529 0.728191 70
10.7654 8.97503 70
50.0246 0.827394 70
10.541 -0.686579 70
-9.31267 0.068922 70
0.142747 -1.46 70
-10.99 0.322877 70
-0.245334 1.25349 70
-1.20337 1.12816 70
-10.9594 -10.5133 70
11.2307 0.450414 70
-0.296065 11.0602 70
0.732222 -0.924232 70
9.61838 1.00284 70
9.82606 0.0237685 70
-0.416316 1.38351 70
9.63438 11.168 70
-10.0424 -19.291 70
71.4814 -9.29679 70
29.4394 -48.7245 70
-0.905508 -0.833863 70
-0.10075 -0.916267 70
8.53887 -0.8636 70
0.0741686 0.635845 70
-39.8403 81.0019 70
11.1473 0.189605 70
-0.436823 -19.6768 70
8.64684 -20.3908 70
-0.129659 0.0168389 70
1.3412 0.312985 70
0.919551 -0.988922 70
10.7665 -0.859671 70
-0.358518 40.4069 70
1.0262 -0.092672 70
-41.2108 -21.2687 70
-0.232789 -0.268448 70
20.9271 9.58933 70
-10.2311 -1.44611 70
60.0946 110.015 70
-0.30144 0.90835 70
0.213911 -20.2373 70
-20.4315 0.291676 70
-50.0959 -30.3961 70
-1.29025 0.226184 70
0.557195 -18.7665 70
9.05405 -1.03637 70
0.307219 -0.236149 70
-0.321566 -1.04175 70
-1.10689 1.30314 70
1.4831 0.76259 70
-0.581519 -0.135421 70
1.09576 1.34825 70
11.2354 -11.015 70
-1.44961 1.46483 70
19.7363 9.36669 70
0.686173 -0.222618 70
8.73926 8.92856 70
9.39612 -0.930456 70
0.917706 -0.256424 70
0.149771 -0.283648 70
11.2056 -11.3427 70
-0.764186 1.04278 70
0.138675 1.07701 70
-1.41813 -1.16637 70
9.50367 -0.650068 70
0.981288 -1.44545 70
-9.94733 0.135906 70
-1.25193 -19.8336 70
1.18003 9.00404 70
-29.1742 -20.1164 70
-1.33315 -0.522736 70
0.430581 1.4701 70
1.41919 10.6396 70
-0.373462 -8.5087 70
-8.72416 18.9966 70
-0.778846 -1.00388 70
-0.619939 -0.758464 70
-1.06992 -21.1862 70
-30.2517 28.9604 70
-1.01302 1.36248 70
-0.749144 -39.8519 70
-21.1466 -8.98408 70
41.1891 21.4522 70
-30.3615 -10.7232 70
-0.26482 9.71526 70
-0.21889 1.29784 70
29.534 19.3142 70
-11.4729 1.29445 70
8.62761 19.5081 70
-0.346333 1.27941 70
1.42756 9.39802 70
-0.528097 0.316509 70
-10.2635 -10.412 70
-9.84354 -1.38839 70
9.17387 -0.893512 70
0.972513 0.119276 70
-19.6345 10.5349 70
0.159971 0.354209 70
-0.482434 0.0056268 70
19.1362 10.7009 70
0.557221 10.1749 70
1.32531 1.08264 70
-71.0856 50.0836 70
10.977 -1.08009 70
0.00197568 0.482806 70
48.5541 -39.7882 70
0.954266 1.09674 70
-10.28 0.467884 70
0.532141 0.706994 70
11.1954 18.5142 70
19.7298 -9.60144 70
-19.2323 9.8107 70
8.74757 -59.1507 70
0.601952 -1.42004 70
-58.8177 -39.8782 70
-11.3802 0.578319 70
-10.2746 -9.07778 70
0.214821 1.21229 70
-0.686175 1.11563 70
-0.817333 -1.14902 70
-0.773359 -1.33136 70
1.34096 10.4144 70
-10.8651 18.7398 70
61.2408 -40.2246 70
-0.286989 0.0290482 70
-10.6128 -0.224078 70
-1.14691 0.471152 70
0.0604296 1.16434 70
18.8089 -68.7454 70
-20.3194 18.5981 70
-0.362125 1.16945 70
-10.2789 0.808324 70
0.576894 0.55839 70
30.5905 -8.6457 70
29.6703 -8.86912 70
-0.568777 11.1094 70
39.1387 -19.4254 70
0.78248 -0.172815 70
1.17634 -1.28313 70
1.07744 -40.1599 70
-9.45259 60.9756 70
-8.52101 8.61374 70
-0.741707 -0.00748853 70
-9.61168 -18.8248 70
-109.549 71.1529 70
-1.43929 -0.530794 70
-9.21692 1.48653 70
-0.0561935 -1.4963 70
-0.286717 -1.27181 70
-0.318021 -9.25061 70
-0.777455 -9.8428 70
28.7123 49.3676 70
18.5709 0.459777 70
-1.35154 -11.0057 70
0.721708 -10.1335 70
0.277667 -9.04582 70
-1.00432 -0.317908 70
-10.5057 -0.472631 70
19.4155 -8.59881 70
9.61843 0.451375 70
-0.952947 0.432033 70
-0.17993 10.8002 70
-10.5951 9.0766 70
8.76269 -9.75952 70
28.8041 10.6538 70
-0.15456 -21.2077 70
1.45433 -0.0546904 70
20.986 38.6101 70
9.97054 -11.1542 70
-41.1291 -69.9151 70
10.6717 -29.6882 70
-20.64 -9.36461 70
-0.265879 0.453573 70
-0.625154 0.28431 70
-11.477 -29.2144 70
1.21818 -19.478 70
1.18565 -0.361436 70
0.180395 0.89019 70
-0.684316 -9.89904 70
8.66798 -20.2663 70
11.2418 0.344281 70
-1.41601 -10.4764 70
0.358652 -0.0415728 70
0.419561 -0.453827 70
1.21535 1.30507 70
29.2636 20.844 70
10.5611 -1.14909 70
0.282222 10.5688 70
-0.177687 -1.19633 70
19.8699 9.73028 70
1.28613 1.04345 70
0.471615 1.10266 70
-9.63997 -0.548914 70
11.1069 0.527833 70
-9.06411 -9.79555 70
-0.270614 -0.646007 70
-1.37147 0.401649 70
0.746398 1.33546 70
-0.0628097 9.33864 70
-9.17332 -20.6068 70
-19.6674 -9.81428 70
-0.808719 -1.49384 70
1.02361 -0.712542 70
0.822679 1.43894 70
-0.705668 0.587994 70
0.874511 -31.3274 70
-0.14657 9.69034 70
11.0021 -9.09904 70
1.43337 1.18612 70
-19.2123 1.23097 70
-41.1923 -9.91038 70
-39.525 -10.9847 70
-8.93317 1.39375 70
1.47551 -9.44862 70
-9.98925 10.9506 70
0.425535 -1.37206 70
0.500687 60.0134 70
-10.7944 0.876103 70
8.63917 -18.7771 70
0.304308 -9.93633 70
-1.21875 0.767481 70
1.41436 -0.939765 70
20.0015 9.52132 70
-0.697145 -1.41472 70
-0.525428 0.504846 70
-9.14137 -11.0751 70
-0.907511 -0.545944 70
-8.55282 0.903258 70
0.0246108 1.30911 70
1.47274 -10.5119 70
69.0988 -1.38827 70
-19.498 -10.9509 70
29.6378 -0.379746 70
9.59809 -0.156326 70
-0.330203 1.03284 70
-10.4484 9.60609 70
0.531994 -0.169714 70
1.3932 -1.2103 70
-0.206248 0.905676 70
0.48931 0.36154 70
0.124356 21.438 70
-8.51606 -20.3 70
-0.144072 -0.54509 70
-21.355 -1.13217 70
-0.784743 11.2496 70
0.367702 -0.604241 70
-0.257811 -10.6044 70
-29.1286 10.9092 70
-18.7868 -10.2532 70
-0.70794 -0.957451 70
-1.32587 1.41912 70
1.35209 -9.67148 70
9.87727 9.29087 70
-9.34475 -9.98956 70
-1.41011 -1.37659 70
-0.780549 0.102905 70
0.482943 0.143009 70
8.73708 8.51683 70
-0.985341 0.825122 70
-10.1976 1.25975 70
-0.444918 -0.21195 70
0.550421 -0.0213463 70
-0.368446 0.431888 70
0.216567 -1.49366 70
1.09234 1.48802 70
0.612996 19.9273 70
-0.678566 -0.307002 70
1.34643 0.729949 70
-18.8073 0.428777 70
9.35173 -0.524911 70
19.7285 -10.0152 70
-0.575338 10.333 70
-0.807921 -8.87742 70
21.3435 -1.16402 70
1.31443 29.4468 70
-11.4833 1.02002 70
1.27797 -0.282879 70
1.26779 -20.2411 70
-9.44349 -20.037 70
-1.42956 19.625 70
-9.90182 -9.54218 70
-0.0554834 1.2892 70
-0.0564576 0.53401 70
0.500246 1.08581 70
9.64026 0.376521 70
-9.85094 -20.3461 70
-11.2349 -20.6038 70
-0.176735 9.03596 70
-1.23541 1.08062 70
-0.884222 -10.921 70
19.5664 -21.4611 70
1.4989 1.13497 70
0.151353 -9.51477 70
-1.07099 -8.5034 70
-0.776467 0.0638825 70
-0.620955 1.27313 70
-10.8498 -10.4038 70
20.7188 0.675233 70
-1.33447 10.0485 70
-1.26691 1.31974 70
-20.8283 -19.4957 70
-20.505 -20.8473 70
20.7606 -11.4009 70
-0.249166 1.07896 70
-0.285618 -11.1539 70
-20.7544 -11.4985 70
-9.03302 -9.82386 70
19.0518 -11.1594 70
0.152898 -1.11888 70
-1.17062 10.0897 70
-20.4122 -29.0519 70
20.5274 21.3649 70
20.8515 19.389 70
21.3068 18.7501 70
-11.0338 -11.1424 70
-0.662288 -10.3761 70
10.6884 -10.747 70
-8.95526 1.09331 70
-1.42857 -19.6942 70
0.276623 -0.052554 70
0.634074 1.29633 70
10.5986 0.687531 70
-20.9236 10.225 70
-0.20262 -0.035986 70
9.44646 9.21588 70
1.3586 -10.1175 70
11.1844 9.3041 70
50.2591 39.7125 70
-10.9864 -10.1961 70
-30.4723 -1.39035 70
-11.4987 10.9176 70
-8.74964 10.037 70
-19.6824 -9.4243 70
1.08538 0.142226 70
0.149199 1.28176 70
0.813068 -0.554808 70
29.5553 -41.1651 70
-10.3166 -9.53545 70
-9.25225 -0.571956 70
-0.0966566 -1.30933 70
1.25158 -0.248069 70
0.556902 -9.53205 70
-1.43224 0.39525 70
-8.70182 8.84281 70
0.899199 -9.29007 70
-1.28597 -1.35882 70
0.412706 1.06831 70
29.8899 18.7155 70
1.49327 0.715966 70
-1.06999 -0.93662 70
0.353948 -1.24801 70
1.28461 1.17146 70
-9.85342 -8.62528 70
-0.47574 0.010434 70
0.234566 -1.03999 70
-1.2533 0.610213 70
-10.6512 -20.3211 70
-19.2605 -9.05238 70
-0.489447 0.0131099 70
0.815023 0.918695 70
1.14825 0.553666 70
-0.224332 1.09569 70
-1.2993 -1.35432 70
-1.16982 1.12277 70
-1.16157 10.2715 70
0.381632 10.2274 70
-9.42383 10.9678 70
-0.960422 19.1756 70
-1.38812 -10.0854 70
10.6277 -8.86948 70
-9.88886 -9.05922 70
-1.2274 0.766394 70
18.6496 -1.35614 70
0.0152952 -18.854 70
-0.81968 -1.37711 70
-1.48909 -0.961507 70
-1.13942 -1.36339 70
-0.314552 -30.3883 70
-9.93985 -10.5645 70
-9.40537 0.975973 70
1.48039 -21.3102 70
-1.04337 -8.91868 70
0.194876 -9.50976 70
-0.992263 -10.7498 70
1.46967 -0.708391 70
-39.028 30.5787 70
-10.1198 1.34873 70
-0.0920397 -9.52025 70
-8.66322 39.1249 70
0.479239 -1.43979 70
-10.7919 -0.801915 70
-10.8992 -0.770849 70
-9.99157 -0.430229 70
-10.9581 -1.02861 70
1.09114 -0.437533 70
-0.078187 1.1768 70
-1.16075 -0.831556 70
-10.833 -0.688395 70
-1.2177 -18.7234 70
-9.62222 0.0717528 70
-10.4247 -0.542838 70
-0.0104607 1.02177 70
20.427 1.02662 70
-0.645094 -0.183464 70
-0.253242 11.4345 70
-1.13852 0.402888 70
0.000459468 0.926109 70
-0.95763 -19.4387 70
-9.36854 -9.30193 70
1.21204 1.35091 70
0.12883 49.8557 70
-9.93044 -21.2348 70
-10.7234 29.9299 70
19.2095 1.05003 70
-9.21547 -19.3494 70
1.03183 0.904498 70
-10.0127 -20.2979 70
-10.5173 11.2725 70
-0.70189 0.106426 70
-10.4638 -1.32229 70
0.633859 -0.183916 70
-0.81178 -0.773575 70
10.5363 10.5542 70
1.21706 9.09187 70
-10.9767 -1.23886 70
0.306913 -10.5498 70
0.986871 -0.806578 70
-1.30108 0.0595704 70
0.43708 0.835269 70
1.22852 -1.03171 70
-0.284697 -0.386678 70
10.6481 -9.76187 70
-0.689778 10.9182 70
-9.07363 -11.4788 70
-9.2437 -0.0645206 70
0.618843 -0.315948 70
9.6924 -8.65995 70
-11.4273 -1.09292 70
-39.5165 21.2732 70
0.159926 -8.51278 70
0.232724 -11.3847 70
41.4434 19.4532 70
11.24 10.8573 70
-9.15776 -20.873 70
1.40865 -0.510019 70
0.076559 -9.42106 70
-10.5309 10.6086 70
-1.1292 1.42813 70
-1.34703 0.223053 70
0.294241 -10.4934 70
-10.0275 -8.60679 70
-9.94366 9.88643 70
-8.75799 0.758835 70
20.6555 -19.5103 70
-21.234 11.2878 70
0.943343 -9.26965 70
-1.13792 0.481454 70
10.4276 -11.4713 70
0.713267 -9.29757 70
-0.0721306 1.32195 70
0.919742 -1.44669 70
-31.4892 -29.795 70
0.973967 -0.474425 70
-0.930852 0.112436 70
0.563813 -1.18361 70
0.298598 -0.652191 70
-1.20997 -0.761281 70
-0.585663 -0.870914 70
18.5712 19.5829 70
20.2338 -9.96056 70
1.14154 -9.25716 70
1.38815 0.1313 70
-0.0805179 -10.3125 70
10.3262 -0.835113 70
-0.630448 -0.383584 70
-41.2454 -28.9408 70
8.58961 -9.3746 70
0.0250458 -11.0756 70
10.2905 19.0943 70
-21.072 -20.4814 70
0.305925 -1.36893 70
-0.297783 0.208481 70
28.6033 9.02857 70
1.24048 9.69052 70
-20.7605 21.0777 70
0.859914 -11.3094 70
-0.751095 10.7453 70
-1.37386 0.572579 70
-0.187441 0.129253 70
-9.02657 9.69479 70
-9.44099 -1.00579 70
10.935 0.800091 70
1.24978 0.330153 70
-1.26868 1.07983 70
8.82706 10.617 70
8.67075 9.12856 70
-11.4326 0.696012 70
-0.101336 -0.563924 70
-0.831142 0.886292 70
9.51893 10.7968 70
-20.3161 -8.73057 70
-9.67277 38.6754 70
-19.5305 0.33613 70
-0.930128 -0.635892 70
-0.476767 -0.594376 70
9.91313 19.3825 70
10.5539 10.5089 70
0.390455 18.6754 70
-0.493718 -9.13893 70
-0.579952 0.0460078 70
-18.6932 -0.425492 70
19.6915 -10.5765 70
0.4629 -18.7242 70
-9.23371 -0.506026 70
10.4539 -0.277982 70
-29.5545 -18.9316 70
9.72335 -9.31485 70
-0.684763 10.8499 70
-11.203 -9.8422 70
0.542026 -0.584232 70
-10.8821 8.58314 70
1.19485 -1.23367 70
-28.5831 41.2212 70
9.10434 1.38196 70
10.4566 -0.669682 70
0.923691 9.29174 70
-0.659305 -0.163214 70
30.946 -10.921 70
29.2205 -10.8383 70
-0.571969 -1.08669 70
-0.0650297 -1.40081 70
-0.948899 1.00627 70
10.0989 -10.3632 70
-21.4379 49.3114 70
0.916275 11.1977 70
-60.652 0.998387 70
0.34489 -0.664791 70
-1.19774 -0.0628403 70
11.1342 10.6785 70
-0.839076 0.552738 70
-1.37452 0.0859957 70
10.9533 38.517 70
-9.93664 10.3149 70
30.7669 10.639 70
11.1018 -0.347146 70
0.579571 0.117895 70
-10.5132 -0.570669 70
-0.759833 -0.302233 70
-1.35499 -0.383247 70
1.05009 -0.762185 70
10.0774 19.6962 70
-0.550349 0.680696 70
9.42947 -8.60073 70
10.6982 -0.536712 70
10.9088 -0.0648474 70
-1.17538 1.33781 70
40.6342 20.6135 70
-10.4203 29.7192 70
0.8298 -0.186588 70
0.123654 -9.75631 70
0.0793926 -10.8476 70
11.3934 -50.4787 70
19.2242 0.428265 70
-0.982065 -1.44855 70
-0.152169 -0.0919617 70
-0.0918066 -0.0142836 70
-0.668624 -0.585653 70
-1.06623 0.503336 70
1.35229 -10.1237 70
-0.673053 1.02026 70
0.306971 -1.31516 70
-0.798061 -1.16448 70
-0.167488 -10.0665 70
-40.2608 30.2716 70
-40.0143 29.4104 70
-0.830231 -19.4556 70
-0.424567 -19.7626 70
0.0433823 0.846916 70
-0.109944 -11.3081 70
0.141119 0.184041 70
0.408542 0.37335 70
10.183 10.7918 70
19.8945 0.71271 70
-11.0369 0.337855 70
-0.0632528 -10.8159 70
-0.588269 0.737851 70
10.1775 61.3647 70
-1.39886 -0.231028 70
0.149353 -10.4888 70
-10.5535 -0.727629 70
100.348 20.4208 70
-0.61651 -1.12689 70
-9.13892 9.76843 70
-9.16889 -0.240986 70
0.688238 -10.1176 70
-8.75526 0.598327 70
29.9461 50.1328 70
0.875412 0.969059 70
-0.652445 -10.4476 70
-1.04671 -9.4565 70
0.530299 11.31 70
-0.810451 0.196171 70
-0.187239 -0.529166 70
-0.388738 0.25562 70
-0.44136 -9.0543 70
-1.41118 -0.35798 70
-21.4742 21.0371 70
0.293064 1.143 70
9.33538 -19.2522 70
21.3378 -98.7632 70
0.79418 1.32454 70
-0.518149 -1.32163 70
19.2518 9.37498 70
-9.19694 1.49414 70
-10.6854 8.96638 70
10.3231 -1.10855 70
9.56752 1.26237 70
-0.54435 -0.473437 70
-0.69482 10.685 70
-8.53895 -0.310391 70
0.973015 -1.32369 70
-1.21089 -29.954 70
-0.114091 -10.4528 70
9.54853 -0.090738 70
-1.18066 0.0844108 70
-70.0116 -70.9228 70
-0.0233157 -10.539 70
29.3219 -39.5604 70
-0.638712 -1.44771 70
-0.38143 0.705073 70
0.982084 -0.15001 70
0.145415 -9.75917 70
10.1153 10.8056 70
0.392473 -0.760642 70
-1.35869 -11.1281 70
-0.179252 -0.85817 70
51.0119 1.11182 70
-0.0723293 0.0400228 70
1.35728 -1.43112 70
0.503322 0.0812973 70
0.774231 0.322208 70
-0.878032 9.16514 70
-1.16512 0.870893 70
0.00663886 -10.1467 70
-89.7898 68.9185 70
-0.969333 -9.6944 70
0.461518 -9.39049 70
-1.1529 9.73078 70
-30.5011 11.4482 70
-21.3623 0.960077 70
-59.7951 81.3291 70
1.14765 10.9475 70
-1.25305 0.376763 70
-9.55911 -21.3456 70
10.2299 -0.3247 70
-8.90899 90.7663 70
0.399187 -0.81349 70
-20.3875 40.6114 70
-0.171537 0.762839 70
-0.0884752 -1.45202 70
-1.4131 -0.130474 70
-1.22648 -0.750228 70
1.01906 0.865357 70
0.26859 10.1643 70
-28.8382 -10.0412 70
-19.685 -8.57785 70
28.8873 -9.07804 70
-10.3801 -11.1809 70
-21.0646 -10.3491 70
0.395919 31.3183 70
-0.886466 0.785664 70
-1.15381 0.148642 70
49.371 -19.3452 70
10.5975 11.0346 70
10.264 -0.352523 70
0.0478135 -0.768283 70
-10.7809 1.22127 70
-1.0627 -0.321382 70
-29.3514 49.6177 70
0.376662 1.25104 70
59.2221 -9.00851 70
-11.2191 -8.63673 70
-0.774218 30.975 70
-1.36169 1.17321 70
1.4401 1.15604 70
0.711407 1.04488 70
-20.1545 0.217332 70
0.798137 0.313732 70
-9.0191 1.27101 70
-11.3075 -9.29686 70
29.7893 -0.010074 70
-0.453262 -11.4478 70
-20.5097 -0.00848189 70
-19.8691 -0.366791 70
9.49916 -1.03708 70
-10.4651 11.3013 70
-9.39905 8.78158 70
-19.4103 -31.1121 70
-1.44731 -1.35179 70
19.0354 -8.82382 70
8.86061 -9.72395 70
-0.358433 -1.09507 70
-10.5754 -11.0306 70
1.12977 1.26788 70
0.34588 -0.185949 70
0.298568 10.2194 70
0.906964 -0.51936 70
-21.3432 39.0114 70
0.411803 -9.41857 70
0.58018 0.434344 70
-0.0826549 11.3095 70
1.07642 -9.61237 70
-0.41182 1.11467 70
-1.24572 1.09944 70
-30.229 -0.408719 70
-11.0758 -0.0172224 70
-1.33831 -0.569728 70
1.42173 -10.8897 70
-0.11711 0.176827 70
-1.4133 0.621779 70
0.604134 -1.13567 70
-0.828658 1.12412 70
1.21229 10.3402 70
11.4401 38.521 70
-68.8638 18.8677 70
-10.2904 -1.27959 70
-0.0930808 -0.205694 70
0.26645 0.672715 70
0.840924 -10.5048 70
9.01155 0.685867 70
-0.371471 -1.35169 70
0.575737 -0.646512 70
0.519182 0.556969 70
0.439791 0.70158 70
10.2675 29.9197 70
-11.3672 10.64 70
8.5309 20.979 70
9.84446 11.0041 70
20.1349 -69.5658 70
11.1234 -9.68172 70
-0.482646 -0.918225 70
1.37598 -0.0496003 70
39.6417 29.8775 70
-120.816 10.5175 70
-0.266291 0.741552 70
-29.8487 60.0328 70
-8.70333 -0.173059 70
1.3465 0.399199 70
-0.732584 0.233919 70
-0.707107 11.362 70
-1.18278 19.645 70
0.116165 -0.0252806 70
-0.911499 -0.576913 70
-20.2071 -30.5499 70
30.2186 -20.1676 70
-1.01416 -0.195516 70
19.3213 -0.225625 70
9.31812 -1.42875 70
30.2266 -20.43 70
1.47641 -10.2916 70
-11.0664 9.76705 70
0.42747 1.1461 70
-41.462 38.8466 70
8.87919 -10.72 70
1.15803 -9.96875 70
39.5282 10.7116 70
-0.151092 -9.89364 70
0.81545 -1.31563 70
8.56796 30.8757 70
-1.29551 11.1053 70
0.080159 -0.0556842 70
-0.461947 1.02132 70
-0.951929 8.91526 70
-8.81987 -1.15669 70
0.0689917 1.01714 70
-1.41505 -0.653892 70
-0.413323 -0.630226 70
11.287 11.432 70
-0.373857 0.758327 70
-1.23637 0.525297 70
10.8929 40.5602 70
-19.5438 -19.541 70
-19.1554 -21.1302 70
0.155146 -9.31831 70
0.389624 -0.779714 70
-1.32936 -10.7859 70
-40.3282 -1.09854 70
-1.04181 1.32795 70
19.6717 9.02985 70
-0.34902 -0.238327 70
10.4963 11.1507 70
-0.930214 10.3628 70
-0.51343 -1.33519 70
-8.91087 -10.195 70
20.1578 -38.5693 70
-10.8221 1.49833 70
-8.72837 0.814211 70
-10.9131 20.1279 70
-21.4173 18.8228 70
20.7989 -10.661 70
51.3603 21.1577 70
10.2767 -8.55397 70
-0.945744 0.0639735 70
0.655616 -1.20664 70
-1.30399 18.5326 70
