-9.09695 1.13623 70
0.90399 -0.685423 70
-11.3088 0.968555 70
0.335725 -11.1936 70
-19.4454 0.880759 70
0.151941 -0.172265 70
1.34576 -1.26817 70
-10.0825 0.832879 70
0.772308 -0.876961 70
1.18548 10.6606 70
0.0157043 1.43282 70
8.67543 -51.3155 70
-0.0329874 -20.8052 70
-1.49631 1.12755 70
0.0966624 1.11593 70
0.143094 0.336076 70
-0.262555 -0.870648 70
11.4743 -9.03886 70
-11.1114 0.679467 70
-0.636364 -8.61035 70
8.74987 -1.41063 70
-10.1182 -9.07346 70
-0.76981 8.68287 70
30.9462 30.4756 70
-40.2357 -9.00871 70
-9.88605 -0.6174 70
-9.02815 0.385253 70
8.96468 0.617952 70
29.5643 49.3291 70
-10.608 -0.716465 70
-0.0513334 0.49524 70
68.8612 68.9153 70
0.238919 0.347796 70
-0.486068 -0.00600937 70
0.465261 0.204414 70
0.580218 -1.00549 70
-8.8477 -9.77898 70
-1.32543 0.00674682 70
0.287927 1.3789 70
0.603885 -8.91523 70
-0.374046 -0.402104 70
0.943972 8.70634 70
-10.1705 -19.7901 70
-9.85821 -29.7971 70
-8.52509 11.1273 70
-10.8066 0.693635 70
-0.126294 -8.84454 70
1.07654 -11.3905 70
-10.7869 0.752198 70
8.66094 -0.50143 70
-10.418 1.31859 70
0.566782 -10.044 70
-11.0857 8.92311 70
-0.965331 -28.9413 70
-31.3905 40.1258 70
20.6681 -19.6696 70
-0.95836 -0.403496 70
10.0225 9.56609 70
-20.3579 20.235 70
0.0779972 -1.34646 70
1.25643 -8.63754 70
1.4604 8.76946 70
-29.0775 8.87796 70
-9.55052 -9.53809 70
-79.5272 11.2658 70
9.9386 -30.8324 70
0.0191866 9.90072 70
-0.302353 0.091121 70
-9.50729 -9.76704 70
-1.17963 -9.05353 70
9.24337 -1.00941 70
-9.48789 0.0966913 70
0.500821 -20.1162 70
-11.3616 -0.335681 70
-21.3739 -30.3991 70
-29.1588 8.56378 70
0.816925 -11.2701 70
-8.9572 -10.5972 70
-11.1454 -30.8211 70
-11.3545 0.476882 70
-1.41086 -0.805925 70
-0.352069 -9.018 70
-30.6904 1.33723 70
-8.60437 0.930174 70
-1.24981 1.0629 70
-20.3937 0.357743 70
-20.2821 -0.291529 70
10.4413 10.3875 70
-10.232 -29.7536 70
10.9798 10.7333 70
29.4318 -10.7534 70
38.5656 1.36036 70
-0.428821 -9.57486 70
0.0805887 -1.01196 70
-21.3009 -0.185638 70
-9.56005 -9.8703 70
8.71128 0.556951 70
11.0388 0.148052 70
10.8166 -0.169927 70
-0.803429 -10.3424 70
-10.6954 1.04884 70
-8.9056 0.347861 70
-50.0553 -21.1495 70
-9.69019 9.79672 70
0.0297266 -0.456626 70
-0.276081 -0.67363 70
10.9122 -1.25104 70
70.6981 8.58762 70
-0.79768 -1.1301 70
9.78852 -20.736 70
-11.168 10.6825 70
-10.7863 9.68541 70
-0.159402 -0.569869 70
-10.252 -9.23582 70
-20.8528 -11.08 70
-9.61866 -1.42663 70
-0.0369394 -0.471958 70
1.05884 -0.828085 70
21.4887 0.797737 70
-0.799484 -9.65069 70
-20.4617 -9.34184 70
-0.806788 8.9048 70
0.257974 -0.244857 70
-10.5174 -10.8282 70
9.63388 -21.0102 70
-0.796603 9.54963 70
0.873126 8.80974 70
-1.20903 0.884168 70
-8.66524 -0.813104 70
-8.65637 0.0933192 70
-10.5776 1.02984 70
0.505776 0.79545 70
1.36588 0.587212 70
-9.73355 0.663216 70
-0.958636 -11.3833 70
89.8926 -0.501115 70
-10.1149 1.03418 70
30.2777 29.9266 70
-39.1911 20.1756 70
0.152995 -1.23108 70
-8.95874 -8.51947 70
0.00564931 0.610655 70
1.29574 1.47414 70
-9.39654 -0.243624 70
-0.132675 38.6212 70
0.437848 -1.0522 70
0.577041 -0.290053 70
-1.1055 19.4908 70
-8.75652 0.87365 70
11.0048 -18.8447 70
-1.31198 -10.813 70
0.538562 1.02988 70
19.0451 -0.000426959 70
0.200992 9.73371 70
-8.91101 0.851903 70
0.0482196 -0.949145 70
30.2813 39.1136 70
0.745501 -1.35421 70
0.135379 -8.84773 70
-10.0562 -9.09612 70
-19.9336 21.2143 70
-1.01052 -0.37224 70
-1.24942 29.9839 70
-10.9483 1.07915 70
-11.0599 11.0121 70
-9.40213 -11.0007 70
-0.979199 1.23465 70
-19.0986 39.7905 70
-11.3659 0.244614 70
-0.846314 10.0252 70
-18.9823 -10.8804 70
-8.7927 9.31464 70
0.0765873 29.14 70
0.746858 -40.571 70
-0.327703 0.243868 70
8.69484 19.2453 70
-0.442652 -1.09498 70
0.343834 -9.47076 70
-1.08613 1.14575 70
-29.0923 10.6576 70
-10.9599 -1.23423 70
-0.486871 0.412024 70
-21.4791 -0.755841 70
-0.998873 -1.28763 70
-9.66498 9.4612 70
1.37376 18.9087 70
-0.164914 1.02356 70
-38.7251 10.0681 70
9.25118 10.129 70
-40.6984 8.55066 70
-10.4058 -0.965887 70
1.38342 -1.22308 70
-10.7623 0.399187 70
-0.562936 0.327878 70
10.4991 -30.1827 70
9.89686 8.721 70
-0.677513 0.593288 70
-8.693 0.58765 70
0.230536 0.71275 70
-11.204 -1.14994 70
-1.46737 -29.8052 70
-0.952797 -0.442125 70
-0.913417 -10.1138 70
-9.26437 -10.0393 70
-0.388487 -19.9233 70
-10.4127 0.783595 70
0.0944967 -1.13019 70
-21.3829 8.61093 70
-1.28109 -21.4308 70
8.53942 -40.0265 70
-18.8838 0.564102 70
-11.3309 -9.84708 70
-9.35376 0.911368 70
8.52223 0.647023 70
-1.20534 0.563621 70
-8.98742 9.08808 70
11.0147 -20.8938 70
1.4141 -0.547877 70
1.26545 -1.22062 70
-10.5632 10.352 70
0.553333 1.07971 70
-0.851282 10.8634 70
0.278971 9.41613 70
-21.291 20.9585 70
8.65789 -19.8805 70
0.00197623 1.1616 70
0.159261 0.142385 70
1.35683 0.290423 70
-39.0702 -119.551 70
-39.4915 9.74027 70
19.4291 -10.6722 70
18.5182 -18.7772 70
8.56631 0.32785 70
-18.8038 -11.1698 70
-9.17626 -10.4807 70
1.09316 -0.947689 70
-11.0619 -9.76664 70
-1.22824 10.7234 70
-11.1102 -9.23273 70
-10.2397 10.5898 70
-20.9412 -0.230236 70
1.09047 0.752324 70
-0.22507 -0.622416 70
-1.08762 -1.48007 70
-8.74572 10.0543 70
-11.0947 -0.684483 70
-10.9325 -10.3452 70
-19.9844 -11.0225 70
28.8342 -0.209425 70
-0.902015 -8.82231 70
1.47043 10.4339 70
-50.2753 60.2993 70
-9.52531 -1.05118 70
-1.18083 -18.7353 70
0.734022 1.29231 70
-0.11693 0.180969 70
-1.01141 -1.05209 70
-9.06425 11.4747 70
-1.39009 -0.247485 70
0.957071 1.32494 70
1.31683 20.8508 70
-10.3422 -1.09405 70
-0.373889 -0.825385 70
-9.13914 8.87509 70
-10.8643 -0.611635 70
-9.13238 -11.1754 70
1.43193 -11.2819 70
-9.21862 -10.8066 70
-10.9159 9.18218 70
-48.685 1.36822 70
-38.8465 -20.5991 70
-1.23875 -1.09592 70
10.4113 0.482956 70
0.254534 -8.74694 70
-0.998322 -10.5477 70
-10.3725 1.21287 70
0.780112 1.25706 70
1.04637 -0.735949 70
-19.3516 -11.3125 70
11.2647 1.45479 70
0.638615 -0.319879 70
-0.693684 1.17448 70
-11.0232 0.287254 70
-31.3611 -0.284338 70
-10.774 -0.738296 70
-0.207651 1.30963 70
8.88431 0.057729 70
-0.0150824 9.23127 70
-10.0932 0.508892 70
-9.98246 -0.563355 70
0.315847 -0.466888 70
58.7276 -59.514 70
-29.3829 11.1422 70
0.75198 -0.521271 70
0.670023 -30.1713 70
-10.8654 -29.7417 70
-9.74785 -11.1977 70
-8.5139 -1.43146 70
-0.0077185 -0.939908 70
-20.6107 -31.4207 70
0.0328004 -0.478365 70
0.0852509 1.26758 70
-9.18712 -11.0357 70
9.03943 -0.79976 70
-1.20457 -0.0457884 70
-10.9321 -1.01667 70
18.7437 -8.63965 70
1.29556 -8.78102 70
-9.49037 8.53843 70
-0.85228 -1.45066 70
-10.5451 -10.2442 70
-50.9992 -18.8394 70
48.7962 1.01177 70
-0.146398 -9.83177 70
-11.4072 -40.148 70
-18.9741 -9.91857 70
-19.1496 -0.690081 70
-29.2816 8.79834 70
40.3404 -20.9492 70
-1.00768 9.7921 70
-50.2853 -40.1322 70
0.56492 -0.997549 70
1.49842 -0.608048 70
-1.04043 -0.595821 70
60.2165 18.5333 70
9.91993 21.3878 70
-0.764445 -1.33253 70
28.8576 -8.75849 70
-11.1231 10.3855 70
1.07851 10.3782 70
-1.28367 -1.45159 70
-1.41524 -0.63888 70
10.6653 -29.63 70
-0.433963 0.153656 70
9.10822 -1.03412 70
0.809943 -0.367636 70
-9.49351 9.85964 70
9.92816 -9.88551 70
-0.928934 0.546505 70
1.40911 -0.543508 70
-10.8215 -9.04807 70
-0.860699 -10.2436 70
-10.5153 -9.92079 70
0.394614 -1.1816 70
-8.77436 0.867043 70
9.23397 0.136158 70
10.327 -10.9583 70
0.616456 -0.263909 70
-18.987 9.5092 70
0.10951 -0.461696 70
-9.66567 1.17728 70
-31.2431 -29.0226 70
-10.8041 -9.18286 70
-8.52243 -0.752512 70
-111.439 40.9356 70
0.374077 1.47321 70
11.0213 -1.35183 70
0.204931 -1.04295 70
-0.542416 1.14466 70
-9.98453 -1.01352 70
0.518672 -9.0007 70
-0.56984 -20.3339 70
0.880281 -0.383768 70
9.11992 -8.77092 70
-0.0513049 -9.99734 70
-9.07662 0.148393 70
8.74432 -9.67071 70
-0.299981 -10.3967 70
-9.74282 -9.85245 70
-0.693359 -9.73276 70
19.0348 0.830799 70
0.253683 -0.805892 70
9.36717 -1.12414 70
0.0932859 -11.0838 70
-0.705559 -0.146742 70
-1.05739 -1.48141 70
-8.70858 -1.04564 70
-9.75862 -11.2333 70
10.1471 -10.0107 70
1.08098 0.0723224 70
-0.444661 0.665605 70
10.1194 20.3858 70
-18.7822 69.3797 70
-19.952 -0.688694 70
-1.35627 0.149815 70
-0.91766 9.70451 70
0.0561513 0.353118 70
20.2026 0.811833 70
0.609454 1.27173 70
-0.59394 0.301096 70
-1.06475 -0.649522 70
-30.6658 -9.71459 70
8.63826 -9.45313 70
10.5487 -0.253072 70
-0.443519 -19.928 70
10.0427 -39.2966 70
1.25399 0.611038 70
-0.00145817 9.3066 70
1.33276 1.24561 70
-9.79171 0.142786 70
-1.29009 0.995997 70
-11.3036 -0.38953 70
19.4581 -10.1375 70
-0.511089 8.89609 70
-1.45227 0.284831 70
0.190504 0.236432 70
20.7875 -19.8525 70
-19.4826 -21.4214 70
9.95397 -10.4792 70
10.1121 38.5593 70
-11.3466 9.40828 70
-9.61153 -1.07875 70
0.319683 0.195487 70
-60.7971 28.7788 70
8.73717 -9.79739 70
10.1152 -0.207105 70
-0.483239 9.86618 70
-11.2401 19.1971 70
1.04978 -9.60444 70
-0.966773 -9.99384 70
-0.997438 -19.2018 70
-0.163643 -1.38407 70
38.7057 50.9227 70
-0.0207587 -0.754699 70
-19.1575 18.5027 70
10.9237 -11.0193 70
-30.4632 19.5036 70
-0.264746 1.13999 70
19.8556 -10.7418 70
-19.4732 -0.796064 70
1.41124 0.714276 70
-0.163317 9.5185 70
-0.250258 0.286455 70
-11.1247 -9.37149 70
-38.939 -1.1587 70
-21.0936 -1.3765 70
-8.94794 10.43 70
49.1761 -70.8098 70
-8.94488 0.58184 70
-9.20091 -1.24592 70
0.722879 8.91996 70
9.79344 1.38152 70
-20.2164 40.1254 70
0.0284825 -0.488273 70
-0.156966 0.162333 70
-0.434661 -9.73388 70
-10.7642 -10.1575 70
0.691946 9.57766 70
0.692331 1.00929 70
-11.2564 -0.745923 70
50.4881 -0.643064 70
51.0239 0.765697 70
-0.807818 1.49729 70
-50.8529 -49.2319 70
-11.1637 -20.2525 70
-48.7029 38.7637 70
-9.41312 -11.0369 70
-11.1539 -9.37594 70
9.28164 19.2235 70
-8.7053 18.599 70
21.1656 -28.9286 70
-9.79676 -0.953424 70
-20.6611 -0.828587 70
1.18128 -1.17153 70
-0.87662 10.5948 70
60.952 19.0356 70
10.8663 8.90143 70
0.778759 -10.3109 70
-19.7493 0.487305 70
-10.1971 -0.244957 70
69.9244 -89.1773 70
70.6588 -89.0344 70
21.4313 59.6688 70
-0.521223 -0.967449 70
9.65601 -11.2376 70
-1.49906 1.17922 70
0.562618 -9.79972 70
-18.5599 20.9721 70
-10.6473 -0.986987 70
-9.56743 0.779183 70
-31.0063 9.24578 70
-11.4479 -0.885549 70
-10.1765 1.37387 70
-8.72609 0.897063 70
-1.19513 -0.67057 70
9.3746 9.73672 70
0.381792 1.01304 70
-21.2857 20.8589 70
-11.3092 21.3939 70
0.0552086 -10.6501 70
-9.23133 -0.0746042 70
-0.24405 10.9097 70
19.3397 61.4611 70
-0.648256 -9.89504 70
30.9201 11.2884 70
29.5407 8.53139 70
0.00514402 0.568347 70
-10.7019 -0.954071 70
-0.647699 1.38032 70
-10.5994 -0.864447 70
-18.8459 10.8244 70
1.1305 -9.78469 70
-21.3507 9.44422 70
-10.7052 1.01838 70
-10.3081 19.5371 70
-11.1243 -9.61389 70
1.30102 1.10453 70
1.48768 0.869392 70
-1.15658 0.89554 70
-9.13111 0.970755 70
-38.9941 50.5821 70
-11.2555 -10.2199 70
-9.0056 9.06957 70
-10.8566 10.1472 70
1.13069 -1.36545 70
0.491105 -0.589068 70
-0.409236 0.369379 70
-8.75941 8.64526 70
-9.92775 0.386239 70
-20.5369 40.5398 70
-0.949757 9.8905 70
1.10647 -1.24173 70
-41.0198 1.04823 70
-9.70074 20.8349 70
-0.487382 -1.29063 70
-38.5079 0.0807215 70
-0.345959 -0.371252 70
-9.66426 10.0716 70
-9.06491 10.4227 70
-1.32482 -50.079 70
-50.7871 -101.45 70
-28.6125 28.5259 70
0.25456 0.65208 70
-11.0992 18.6577 70
-1.07847 0.400688 70
-0.597577 -0.268215 70
29.5227 -31.4642 70
-1.09975 0.855644 70
9.36203 10.787 70
-8.98702 8.86096 70
0.228266 9.54806 70
-0.00298557 0.637975 70
-39.5644 19.2438 70
-1.11761 -11.4028 70
1.49053 -0.238537 70
0.793245 -9.83762 70
-19.358 -41.3018 70
-11.2621 10.6127 70
1.47312 21.2087 70
-1.32052 0.823991 70
-9.35044 -10.7975 70
10.1848 10.8788 70
-8.56441 -0.853345 70
-9.38001 10.7843 70
-1.25602 0.318247 70
60.9932 -19.3314 70
0.230615 0.470407 70
-50.8848 -0.0217023 70
118.894 -18.7216 70
1.02213 0.339731 70
-11.1386 -0.763983 70
10.3838 -31.2235 70
1.3446 -0.203427 70
68.7729 8.54348 70
-9.15165 -1.34062 70
-8.90106 0.173754 70
-19.6671 -19.839 70
0.610473 -71.2417 70
-9.03873 -29.203 70
-0.808981 8.96608 70
-10.6934 -0.144713 70
-8.79308 1.05032 70
-18.6899 -0.159782 70
1.15805 -0.797879 70
19.8477 1.07807 70
20.8164 -0.11671 70
1.05465 -0.832979 70
0.282394 1.03452 70
0.101149 0.813862 70
-30.3831 1.00583 70
-38.705 1.45541 70
-39.8095 1.09156 70
-0.358949 30.4049 70
-30.5984 9.11348 70
11.1563 10.7381 70
0.821092 0.984877 70
-21.2279 18.7775 70
-9.23885 -0.888275 70
8.95705 0.325629 70
-0.599901 1.33092 70
-20.245 1.47394 70
-0.268115 -0.472495 70
-9.6904 -9.68739 70
-0.0802095 1.22468 70
0.367984 -1.36036 70
-9.04375 0.887209 70
1.46167 0.203117 70
19.9866 -1.17532 70
21.0985 -0.889783 70
20.1277 -21.1791 70
9.7918 39.3035 70
1.40013 -1.11952 70
-0.0584476 -0.890653 70
-39.6457 -20.6875 70
-1.29067 1.45515 70
-0.156989 -0.856586 70
-9.65151 0.993845 70
-8.74973 -29.5614 70
20.7932 29.2304 70
41.1669 -29.8463 70
-9.74161 0.0132644 70
0.415531 -11.358 70
-0.48603 1.36248 70
-0.593519 0.592952 70
-9.75765 10.961 70
-0.784747 0.862933 70
-1.44694 1.46433 70
-8.69326 11.1337 70
-19.5363 29.2125 70
1.32402 8.52404 70
-8.69334 0.0526301 70
-11.3387 0.138441 70
-10.0481 -1.48611 70
-1.21304 -0.273847 70
-10.6611 -10.0468 70
-8.83388 -10.2131 70
-0.146248 0.209181 70
-0.375032 10.133 70
-0.908406 0.205764 70
-8.85145 1.42649 70
-0.743501 -9.29701 70
-1.21096 -1.11377 70
-11.3291 -0.448707 70
10.4033 -9.66266 70
-8.70676 0.23213 70
-11.0923 -9.68755 70
11.225 -10.0561 70
-8.56521 -1.02985 70
-10.2899 1.15097 70
-0.0127083 0.27639 70
-19.2825 -19.2764 70
1.13238 1.2225 70
-19.7486 -10.6757 70
-19.4043 -9.73609 70
-10.4526 0.294535 70
-10.145 -1.37235 70
-1.13747 -9.74716 70
-11.4137 1.46902 70
-30.1196 8.85271 70
-0.737736 0.525136 70
20.5636 -9.83574 70
-20.2546 0.781516 70
-0.509454 -8.72578 70
0.321038 -1.1421 70
-11.3498 -0.483697 70
80.976 79.8972 70
-1.49438 -30.6941 70
9.35187 11.1121 70
0.000473484 1.22659 70
-1.1465 0.00605268 70
-0.058062 18.9332 70
0.471925 -8.79416 70
-10.1916 -1.10801 70
-11.2058 -11.2668 70
1.06797 -0.576247 70
10.7213 -10.6997 70
0.479472 29.5931 70
-10.3767 -21.2854 70
10.6641 0.80985 70
-11.1005 -9.40909 70
-39.2554 18.9407 70
-28.9211 19.1227 70
10.5856 0.773466 70
10.9717 -1.41643 70
-0.447564 0.96706 70
-59.5605 -9.92204 70
0.866713 40.0541 70
1.36129 9.34221 70
10.3948 -9.22315 70
9.33383 11.1342 70
0.673845 1.37831 70
0.744111 1.16049 70
-9.60311 0.59021 70
-10.1663 -0.973736 70
-9.99603 0.389721 70
-19.0655 0.446682 70
0.0459865 -0.861932 70
-0.133637 0.020947 70
1.34439 0.910054 70
1.36383 -9.33093 70
0.823558 -9.26954 70
-1.45363 0.978075 70
0.055354 -1.46937 70
0.34739 0.316283 70
0.742781 0.196126 70
0.100906 -0.402447 70
1.43859 20.6736 70
39.1172 19.5285 70
20.16 20.2927 70
1.31839 -1.31845 70
40.4214 29.3283 70
-20.6386 10.2112 70
-9.94669 -1.26428 70
1.48834 0.366417 70
-10.5561 20.9499 70
9.60018 -9.11972 70
-10.6392 0.642071 70
-9.89271 1.35472 70
0.916416 -0.97003 70
9.84542 -1.08974 70
-9.83256 10.7115 70
-8.59094 0.808136 70
-11.2155 -1.33678 70
0.87855 -0.142966 70
-9.39579 -9.00593 70
-8.78538 -0.219066 70
50.2306 59.7609 70
-10.2795 -0.424984 70
-8.6238 11.353 70
19.5073 -0.199881 70
-10.6092 0.127558 70
0.514942 -10.1949 70
-30.299 20.4561 70
-20.9041 -8.77217 70
-0.668418 -11.257 70
10.4035 -0.152484 70
-9.11081 -20.5557 70
1.07814 1.38293 70
-20.8152 30.3391 70
9.58852 8.95351 70
1.33845 0.715072 70
19.687 -9.45746 70
0.748749 -0.192536 70
-20.0909 -19.9735 70
-10.1611 10.8372 70
-10.3123 -19.5017 70
-1.28127 -0.724569 70
0.247327 1.49873 70
10.1113 -0.164399 70
-10.6753 -1.41665 70
0.62027 9.26278 70
-9.3713 -21.2999 70
-0.567656 -31.053 70
0.0047848 -0.313525 70
1.15747 9.73295 70
-20.4752 -9.73448 70
-0.9105 -0.724173 70
10.2051 -10.0779 70
0.391259 11.1271 70
0.80053 10.7104 70
20.0454 -10.7618 70
-1.43651 -8.91035 70
-18.967 -11.1866 70
-10.8488 -10.7646 70
-0.586325 0.436541 70
-10.919 -10.852 70
-11.3278 -11.0966 70
-0.500551 31.1094 70
-10.7693 0.659476 70
-10.6849 9.57628 70
-9.97138 8.78285 70
-10.1032 -8.86135 70
-9.19663 -11.2747 70
-0.236045 0.350789 70
-1.00137 0.964827 70
0.553491 -0.0700094 70
11.0905 9.7997 70
-10.3046 0.730495 70
0.374726 -0.800864 70
1.36917 0.804391 70
-0.0708617 1.13579 70
-0.204872 0.515829 70
0.734309 0.851954 70
