0.685661 9.12261 70
19.0392 9.36894 70
10.4247 -11.0689 70
-0.688247 -9.01646 70
1.3216 0.425937 70
-0.368555 -9.18527 70
10.3497 -1.23875 70
-19.1871 -9.77473 70
9.843 0.0754866 70
38.7196 61.4162 70
-19.4048 1.2871 70
11.3708 -0.619789 70
19.1991 9.74805 70
8.57284 0.340011 70
-10.8485 11.1433 70
-0.174906 1.22609 70
10.6518 19.1188 70
0.911579 -0.333709 70
8.75805 0.975273 70
-0.557053 -9.44359 70
9.00838 -0.529926 70
11.1994 0.866748 70
-0.957982 -0.551881 70
1.45258 -19.2558 70
-8.54853 -20.0602 70
-19.0094 11.1651 70
9.77204 -9.519 70
10.3384 0.526289 70
-0.812415 0.73424 70
-1.09681 0.121819 70
1.16668 -0.0404178 70
0.215584 1.39219 70
-0.806759 -19.2994 70
-9.872 0.437283 70
-30.3185 90.9943 70
-19.2402 119.051 70
8.89497 -11.4018 70
-9.98926 91.2516 70
10.1684 -19.9983 70
-60.1384 29.6839 70
9.2636 -1.20577 70
-0.555156 -0.859781 70
-0.106564 0.0553494 70
0.831526 -10.7865 70
-9.53573 40.112 70
8.91373 1.08602 70
8.63525 0.0794775 70
-1.17241 -10.2977 70
0.931803 0.0514331 70
0.729191 -0.0998955 70
10.197 20.1194 70
9.43991 8.68688 70
-40.2546 -9.88592 70
-0.538347 -11.3013 70
61.0752 -0.748654 70
10.6777 -0.761834 70
-10.3218 9.22432 70
10.0429 58.9783 70
10.7269 -0.851979 70
-29.2735 10.2894 70
-29.1373 30.2426 70
18.839 -21.1506 70
-8.86663 -0.217099 70
8.57102 -0.464646 70
-0.0423973 -0.275629 70
10.4821 -9.08097 70
-9.21402 -20.5904 70
21.3618 1.41357 70
10.8654 0.675322 70
0.44024 -0.725202 70
-11.4398 0.960667 70
-0.145963 -11.3314 70
8.85144 0.839958 70
-9.523 0.435858 70
1.28333 9.60003 70
8.61956 -0.0746286 70
10.4785 -1.25611 70
-11.356 -8.58652 70
1.31155 11.3391 70
-0.127097 -19.558 70
0.914771 10.5583 70
10.5258 -0.403563 70
-20.1575 0.863435 70
9.89092 1.47354 70
21.3634 20.5673 70
-0.0665788 11.2188 70
0.686009 -9.90999 70
-9.44431 -40.0177 70
0.757297 -9.21561 70
-0.549166 0.594533 70
9.94341 1.12436 70
-29.9271 -29.5088 70
10.5087 0.616122 70
10.0218 -9.60164 70
8.60612 10.1915 70
9.91267 -1.0917 70
10.869 0.188766 70
19.8684 19.2593 70
-1.23304 18.6659 70
-8.53876 -0.714274 70
10.9702 -1.00537 70
29.581 -21.2005 70
-0.134138 0.165397 70
-1.17396 1.19463 70
9.92871 -1.46286 70
19.9658 -11.0055 70
0.872958 -20.8755 70
9.85298 1.12999 70
1.08933 -18.6707 70
11.3009 40.1752 70
-0.285415 19.7238 70
0.15753 21.0984 70
-1.31453 -0.9004 70
11.0216 -1.49046 70
-10.8255 -0.177921 70
0.075797 -0.0425735 70
0.936796 -10.0894 70
10.6993 -0.529928 70
0.49293 -18.7078 70
8.62224 -0.15479 70
10.8776 0.464678 70
11.4568 -11.407 70
8.55327 -10.0666 70
10.1606 0.381286 70
-11.4633 -21.4419 70
-0.446736 -9.36155 70
-9.20886 -11.4443 70
50.9714 -39.0786 70
0.211827 9.98398 70
-0.562764 1.12706 70
-0.0227026 -0.167986 70
9.76907 8.84528 70
20.0118 10.3781 70
1.41345 -0.894591 70
31.1112 -10.3066 70
-0.658264 -0.414014 70
-0.849294 -8.54901 70
-0.35495 -8.57356 70
9.876 0.512521 70
0.0338093 -20.4088 70
-0.409029 11.4368 70
-0.579006 0.654421 70
1.32095 1.22972 70
-8.69338 -10.8557 70
18.8976 -0.136764 70
9.54506 1.09032 70
20.5752 -50.2311 70
0.697784 -0.577085 70
-0.428401 -9.65051 70
0.392222 1.03587 70
0.853711 -59.8728 70
0.693166 10.3474 70
1.08354 -10.0667 70
-0.48007 11.14 70
0.233294 -9.66388 70
0.990956 -0.0100436 70
-1.45895 -0.729656 70
0.979328 0.252061 70
-8.89624 0.605251 70
50.6784 -8.61958 70
1.10492 -10.0607 70
0.385585 -10.5054 70
-0.30081 -0.791277 70
1.46025 -0.191174 70
8.72522 -1.05923 70
40.2862 40.9989 70
0.896182 19.5058 70
9.15489 -10.8512 70
-9.93909 -8.974 70
-10.0537 -0.27061 70
8.69165 -9.33009 70
0.928083 -39.297 70
-10.9678 -0.896352 70
19.02 -20.511 70
-10.4264 1.35925 70
-21.4208 -28.7462 70
-0.752411 -10.4429 70
-9.729 -0.622388 70
-39.2109 41.0917 70
10.1634 -0.0656007 70
0.645014 -9.8242 70
1.16378 -8.97665 70
-0.307711 11.1305 70
9.40395 9.47939 70
-1.11643 0.23146 70
-1.21485 10.3849 70
0.588037 -11.3161 70
-1.26875 0.550567 70
11.2479 -10.8512 70
9.27368 9.90134 70
-38.6475 0.133082 70
-9.9013 10.8183 70
0.637616 0.953715 70
-19.6378 8.71499 70
-1.00717 -19.7536 70
0.133279 -0.525327 70
11.2118 -0.419089 70
20.2543 -10.1873 70
9.5061 -1.21026 70
-0.85674 -19.0824 70
-0.38345 10.7835 70
10.6303 -11.4003 70
9.70548 0.184147 70
-0.020019 -8.71033 70
9.15752 -0.162762 70
8.80543 -0.593246 70
98.6461 119.81 70
59.0377 9.09403 70
8.62519 -8.82522 70
10.1499 0.347353 70
9.82628 -9.59988 70
-31.1863 -20.4385 70
0.191089 0.399233 70
-0.775499 -9.64512 70
-0.303809 -11.1593 70
10.9677 -9.5277 70
0.922317 20.16 70
0.29727 21.2467 70
9.65403 9.29904 70
-0.233616 -10.0155 70
11.4387 -10.6755 70
19.9317 -0.28837 70
-0.181707 -10.265 70
8.53967 -0.288715 70
-1.28992 -30.2342 70
-0.448075 -9.27336 70
21.4609 11.4819 70
1.29979 0.797477 70
9.7946 -20.6195 70
10.7049 -30.2344 70
0.429577 10.2587 70
-10.3268 -30.5251 70
0.742621 0.610137 70
-19.9552 11.4913 70
79.1343 -11.0541 70
79.4534 -8.75664 70
0.81083 -8.70365 70
1.49287 -8.79602 70
11.4816 0.272007 70
0.883519 0.99679 70
-9.45357 -1.12977 70
39.6376 -31.173 70
-0.726388 -0.352295 70
-0.0109902 -8.7832 70
-20.0643 -1.25342 70
9.88238 0.607671 70
-51.3473 99.5696 70
-19.6634 1.20879 70
1.3103 -28.6615 70
9.19343 -29.8078 70
0.0546566 -10.3788 70
1.25041 -8.93308 70
-11.0283 1.14921 70
0.0176835 -9.10416 70
1.42526 -10.5306 70
-0.386061 -18.8086 70
-9.72398 -20.6802 70
19.5615 10.2628 70
-1.03226 -0.637658 70
-0.52882 -10.7785 70
40.6126 11.1769 70
10.1394 -8.75121 70
31.4648 21.3301 70
10.1437 0.152398 70
-1.48786 -1.31312 70
-1.30471 -10.9945 70
9.22275 -0.329688 70
-0.581346 -0.861657 70
9.65087 9.6187 70
-0.59887 -10.0024 70
50.0509 -58.5381 70
-10.0901 -19.7835 70
18.8353 -0.45576 70
-0.383854 -20.2844 70
1.39124 -9.34401 70
60.6292 38.6934 70
20.2111 39.9474 70
9.39009 0.483224 70
10.6527 -0.547338 70
0.924353 -10.5721 70
10.8211 0.136809 70
9.14482 8.97283 70
-0.715694 1.47175 70
0.201565 -9.92048 70
20.7741 0.335757 70
11.4179 -0.610172 70
10.9605 -1.47187 70
10.0806 1.44386 70
30.984 29.8838 70
1.06439 -10.0187 70
11.2777 0.297968 70
9.4859 -0.821393 70
20.8876 1.46909 70
11.3282 99.3758 70
11.3493 -10.2625 70
-10.2043 0.70217 70
-11.265 19.6841 70
0.0167076 0.947052 70
-1.47962 1.22728 70
0.769394 -0.431833 70
9.64466 -9.40805 70
9.09407 -11.2477 70
-20.7496 20.8338 70
-0.969436 0.503657 70
0.69587 -0.617717 70
21.4241 -0.472924 70
-1.23917 0.24149 70
-0.833585 0.772065 70
11.057 -0.297494 70
10.3829 -9.14354 70
0.210981 -0.62912 70
9.7709 0.571486 70
8.95534 -0.176052 70
-8.5423 -0.7646 70
-1.11088 1.29254 70
-1.06214 -19.578 70
-0.107703 -8.85792 70
-0.431144 -11.2695 70
31.0422 -9.18784 70
9.12645 1.18072 70
-10.2049 -10.2515 70
10.9932 -10.1148 70
29.0744 -0.166518 70
20.4414 -19.482 70
11.0507 -18.7651 70
8.67575 -9.21177 70
11.3687 -1.24136 70
9.72759 0.094419 70
-1.46747 -10.5965 70
20.024 1.37733 70
10.6765 -10.4113 70
-10.74 -9.20673 70
-9.29769 -0.699755 70
-11.253 -0.559198 70
10.3328 0.139885 70
-19.7135 -9.51616 70
-8.87116 -39.6387 70
10.8295 -1.46184 70
0.150034 9.30073 70
11.305 -0.908615 70
-1.1437 -10.5433 70
9.59324 -40.8285 70
21.0766 -11.3581 70
-10.6273 -20.0436 70
-1.3308 0.884009 70
8.84163 8.91781 70
-0.53477 -10.6136 70
0.471362 -9.17485 70
18.9627 11.195 70
0.861696 -8.59865 70
9.57968 9.17567 70
8.52397 -0.556844 70
11.1191 0.769134 70
-0.280273 0.83584 70
-0.704667 1.07515 70
0.419669 -0.0459408 70
80.696 38.9783 70
9.56753 -0.348795 70
-39.123 20.1252 70
-0.762912 -0.50906 70
1.10896 0.362458 70
1.08229 0.462381 70
1.09591 0.343375 70
9.0658 -0.104531 70
8.62 8.66131 70
19.0259 -38.5671 70
1.34806 1.46168 70
19.0945 -30.9913 70
10.0534 -9.69811 70
0.755546 0.8603 70
30.0238 -1.43908 70
30.6024 -29.374 70
9.24888 0.379791 70
29.3731 -11.042 70
-0.0257101 40.0098 70
-8.93219 21.1958 70
-10.1539 -11.1801 70
-19.7186 -11.3842 70
-0.898897 -0.568449 70
-0.506876 0.00107202 70
-10.57 -9.75028 70
50.1442 -29.638 70
-0.515372 29.5403 70
-0.654209 -1.04651 70
-1.25257 -20.782 70
1.25611 -19.4917 70
-8.61672 11.4946 70
8.58839 0.351203 70
9.34942 1.15237 70
10.8525 0.75304 70
10.9546 -9.54747 70
-10.5121 10.1556 70
9.16352 -1.3134 70
0.99993 -10.7116 70
-10.8934 -0.279055 70
10.6452 -0.796181 70
-1.19022 0.893806 70
21.3419 -49.0381 70
68.8605 -69.6522 70
-21.4324 -0.0829057 70
8.68491 -51.17 70
-61.0636 50.2755 70
9.19844 -0.159481 70
0.669723 -1.19479 70
-0.748897 -0.342539 70
-0.7857 -0.72954 70
0.416849 -0.772597 70
1.32578 -9.8317 70
11.4227 20.1696 70
10.4479 -0.427766 70
10.0456 -10.293 70
10.8945 0.0709166 70
9.75603 -9.25021 70
11.1366 -10.5583 70
21.0753 -11.2162 70
0.124098 0.653625 70
18.8189 50.656 70
10.7779 -1.06248 70
10.0045 -10.7514 70
20.1671 -1.00164 70
-30.4933 -18.9602 70
0.981936 1.24643 70
1.07576 -1.19752 70
0.114556 -1.33787 70
8.75185 -8.75995 70
10.8288 20.1042 70
-10.6282 -18.6622 70
-11.4405 -19.5211 70
10.686 -1.4061 70
1.22344 -10.8071 70
0.412647 9.30821 70
11.4295 -1.34687 70
10.5304 -0.853948 70
-10.0056 -10.6975 70
21.2317 -38.6503 70
0.955066 8.84447 70
-10.6569 -10.5237 70
-0.579204 1.48776 70
-0.601992 19.2395 70
20.326 -0.241887 70
-9.92983 -10.3983 70
8.53793 -9.69533 70
0.394995 0.369228 70
9.04504 -9.98925 70
49.7694 -49.3005 70
10.9156 -30.9081 70
-10.9268 21.283 70
10.1485 -1.33235 70
0.783205 1.45863 70
-0.646183 -9.4187 70
9.43033 -8.60503 70
-9.378 0.86177 70
-1.40956 -0.0848415 70
-0.380993 -1.00407 70
1.31934 -39.9442 70
0.374226 1.00419 70
-8.50769 0.796518 70
49.0893 -8.92623 70
49.3157 -8.8495 70
-1.34202 0.531816 70
-1.06152 -18.8804 70
9.50276 1.03571 70
10.5555 -0.354658 70
-0.858197 1.49448 70
21.2982 10.9371 70
-1.17539 19.0035 70
20.4914 9.14818 70
40.0845 68.9314 70
-1.32244 9.59058 70
-0.566113 0.377308 70
-10.2396 -9.5349 70
-9.30373 -10.7442 70
0.527546 -8.89826 70
1.3621 -20.9699 70
10.0718 -0.241086 70
-0.563925 0.335529 70
31.227 -1.19781 70
-0.613594 0.154864 70
9.37909 0.69818 70
0.0874327 20.8554 70
-0.229504 -10.4629 70
-0.556039 20.3855 70
-0.00519302 21.1755 70
29.2561 19.9848 70
-0.400708 0.503377 70
8.85213 8.58593 70
0.632981 0.440517 70
20.5682 0.785105 70
1.32326 -9.0738 70
0.555308 -9.32991 70
0.0780984 0.739607 70
8.5552 -20.8422 70
10.9933 0.755974 70
-0.114325 0.133568 70
11.1754 -0.22203 70
-0.833688 -19.924 70
9.27379 -8.53849 70
9.40723 9.90743 70
-9.80928 -9.45318 70
9.87234 -9.15432 70
-1.17255 0.0066802 70
0.419927 -0.226126 70
30.3188 -9.61351 70
10.0693 -11.0701 70
11.0109 1.12925 70
10.7873 0.87551 70
10.5866 -10.7691 70
10.2817 -0.308058 70
0.877831 -1.0368 70
0.978232 -61.2282 70
0.300718 0.908173 70
8.92933 9.43356 70
20.9957 41.3903 70
8.52887 -0.933505 70
-40.8093 -10.3317 70
-8.71335 10.0472 70
10.2208 -19.2344 70
20.3992 0.61134 70
-21.3259 -21.2825 70
-20.0572 -19.924 70
11.137 1.0222 70
1.13732 0.123363 70
-38.9194 9.11721 70
0.199127 -11.1674 70
1.08065 -10.4277 70
19.0253 -8.76418 70
9.06205 -11.3343 70
10.9336 0.844311 70
-0.449756 -9.26071 70
9.60326 0.952592 70
-9.01614 0.531925 70
9.10025 1.25761 70
60.4536 -10.7029 70
-1.25326 -9.18506 70
-10.106 -1.24575 70
-1.01751 11.4204 70
-20.7132 -20.6274 70
10.7043 21.3485 70
11.4491 20.7959 70
48.9929 1.34361 70
11.0093 1.10046 70
-0.758436 -79.3199 70
0.92121 -0.0400719 70
28.7964 -0.622872 70
10.3214 -0.472376 70
9.02413 0.664131 70
-1.20345 -10.3649 70
-9.67004 -9.88995 70
10.7654 -1.00751 70
41.1799 -9.78044 70
39.4185 -9.27313 70
-0.0865547 9.63594 70
-0.874492 11.0959 70
-10.7856 10.5269 70
18.9063 -0.876377 70
1.49168 -0.85637 70
8.81732 1.06165 70
28.7252 -19.9081 70
11.3053 0.0480966 70
0.930997 11.2795 70
0.372039 -0.196699 70
-0.713599 0.674343 70
-10.6062 -20.2886 70
-0.677745 0.660815 70
9.00732 0.551542 70
-11.4068 -11.381 70
1.33756 -9.57377 70
0.650224 -0.786584 70
0.321391 1.15852 70
-1.17365 1.23542 70
0.0129899 28.7885 70
10.6839 110.087 70
9.44337 1.13544 70
10.4483 -0.459864 70
8.84429 -9.46977 70
-20.5552 -61.164 70
-10.2335 10.733 70
50.5542 0.706972 70
31.0313 31.0424 70
9.74389 11.2926 70
-0.244456 -0.64509 70
-31.3305 10.4718 70
20.3217 -39.0135 70
0.221789 -1.45441 70
20.0537 19.2684 70
0.833118 -10.2012 70
0.81689 9.24579 70
-0.657442 -9.63514 70
9.57399 -11.0561 70
9.51554 -0.439705 70
10.8718 0.353353 70
-1.02404 8.80198 70
-0.0446842 0.860895 70
20.7253 -48.6779 70
-1.11363 0.472258 70
10.0044 -0.463525 70
8.53405 -1.49156 70
8.7754 -10.7592 70
-10.0916 -19.3626 70
-19.6009 21.0508 70
-50.4024 -30.9394 70
30.9971 9.24374 70
9.94725 -0.178309 70
19.4804 -1.30939 70
18.7109 -0.436255 70
1.34588 -1.37059 70
-9.8548 -10.8116 70
39.9164 -31.4371 70
-0.454107 -0.371685 70
9.79515 -11.3677 70
19.4112 -21.4915 70
9.46736 -39.5246 70
0.797767 0.536291 70
-0.0946144 -1.18798 70
11.0284 -0.471032 70
-1.00883 10.5349 70
9.65592 0.0596189 70
20.9903 -11.4861 70
0.106784 0.503238 70
1.13959 -8.97379 70
8.50994 -1.37759 70
-0.235091 -21.2708 70
10.6342 10.7623 70
10.2864 -8.87159 70
9.90894 10.2939 70
-0.449334 -0.572794 70
9.57236 1.35142 70
-19.3778 0.15271 70
8.91989 -9.05196 70
120.699 -89.991 70
-0.212823 -10.3434 70
-50.0145 -28.594 70
29.4487 0.34364 70
-19.7077 -29.9353 70
11.3891 8.96526 70
-9.27281 -1.04018 70
-0.748174 -0.973401 70
-1.30755 -1.33302 70
-10.6942 -20.0048 70
-59.0463 -9.98292 70
-0.626557 0.366659 70
10.0085 -8.86307 70
-28.6691 -51.4431 70
-0.419494 0.911331 70
-9.03642 -11.1352 70
9.06965 -1.18706 70
-0.412385 9.2339 70
8.85816 0.216598 70
11.2871 -20.2232 70
28.8497 20.1932 70
-0.97943 30.9453 70
0.767996 10.1607 70
10.6796 -0.974905 70
-0.925157 10.2525 70
-0.474826 9.7626 70
9.62086 8.60937 70
-0.185941 -10.6344 70
10.5946 -0.392481 70
20.6086 10.485 70
-11.3528 -10.3912 70
9.26298 -0.898713 70
9.24135 -11.1956 70
0.593993 0.870164 70
1.05009 -18.872 70
-29.5002 -19.8758 70
1.26647 9.17701 70
19.1424 -18.7715 70
8.62896 -11.1207 70
11.1446 -0.377863 70
-1.33866 -9.93033 70
1.25749 -0.194415 70
-1.07351 -0.327546 70
-1.1536 0.851214 70
-9.47051 -8.55741 70
-11.0906 -11.3914 70
20.8289 -10.9597 70
-1.42853 1.08127 70
1.22531 -0.773433 70
9.37101 -1.02803 70
-9.02842 -8.56114 70
-10.6225 -10.0908 70
-1.05389 10.3834 70
-11.4372 10.8667 70
8.61732 20.1091 70
0.701493 -10.807 70
40.4398 8.54207 70
9.7263 1.23902 70
0.0115366 0.10028 70
21.1647 -10.1902 70
-9.49232 -1.18354 70
0.00134459 -9.97836 70
-9.71831 -8.88251 70
10.106 -8.98564 70
1.14772 0.717739 70
-21.022 -19.4758 70
11.1379 -48.7292 70
-0.854404 -19.8828 70
0.214085 0.452674 70
8.56011 -9.93087 70
11.0384 -11.339 70
10.4137 -10.1238 70
0.846557 0.172171 70
1.35218 1.00801 70
10.6447 -0.305239 70
-1.3495 -1.00092 70
0.924811 0.526497 70
-1.35983 -0.341935 70
1.07252 0.566285 70
19.7553 89.9932 70
-0.425652 1.49924 70
9.09327 -0.946776 70
-8.52426 1.14477 70
1.11192 -9.22552 70
1.39099 -9.78783 70
20.2946 -0.326031 70
-0.721118 0.917481 70
21.0347 -0.116205 70
-28.9959 -18.5436 70
18.8697 0.528715 70
-8.69733 0.143553 70
-0.67195 -0.0623577 70
-10.1046 90.8817 70
1.32459 -9.84242 70
-0.50573 -20.5355 70
9.47574 1.41783 70
8.74556 -11.1566 70
-10.6898 -10.937 70
-0.271736 1.08833 70
-10.6795 0.347719 70
1.37191 -11.105 70
0.406133 1.46725 70
-0.304895 1.22418 70
-9.69591 0.318073 70
-9.14329 9.69944 70
-0.359263 31.2931 70
50.908 -18.7363 70
11.1203 1.09452 70
-9.95379 19.3983 70
-0.663082 -0.31559 70
-8.97289 -0.285555 70
30.818 -0.0704784 70
0.425379 -8.91453 70
10.083 -0.127651 70
19.2309 1.45094 70
-1.36679 9.70083 70
10.826 -1.05053 70
-9.62566 10.0677 70
9.93641 0.042118 70
-1.11556 -10.1473 70
8.98809 -1.0048 70
11.2845 0.619506 70
-0.164719 0.0448054 70
0.566674 0.627904 70
-10.7455 -18.914 70
