-0.760543 11.2818 70
0.308642 0.445135 70
-9.02277 10.3074 70
-30.2754 -10.9296 70
-0.579892 11.2099 70
0.775806 -1.2919 70
-1.28171 9.25098 70
-21.4885 10.1688 70
-1.11322 -1.00453 70
-9.46247 1.44438 70
-10.0236 1.49889 70
-9.37652 9.67148 70
-9.95001 9.05286 70
79.7923 50.6905 70
-9.73774 -30.9283 70
0.60016 10.5542 70
-0.649412 -0.897004 70
9.78317 19.6422 70
-10.8256 10.9576 70
-20.6985 0.863289 70
-9.87544 -8.92213 70
8.81358 -9.38325 70
-40.4024 -18.6421 70
-21.0935 -10.7798 70
-11.0917 1.35043 70
-8.70668 0.655934 70
0.189274 -1.22549 70
-48.8097 -39.6083 70
-10.6965 -0.0602914 70
9.23605 -10.3504 70
-30.1545 -91.3959 70
-1.09156 -88.8527 70
0.692076 0.212298 70
0.268092 0.334028 70
-9.22379 -10.5336 70
-10.7764 10.5845 70
19.1642 -11.009 70
-9.15986 -0.91149 70
-20.0379 10.5707 70
-9.24616 0.624005 70
-1.04205 -9.2842 70
18.6776 -8.94983 70
-61.2478 -0.388877 70
-18.9701 -11.4736 70
31.0098 -29.8679 70
21.0802 -1.43037 70
-10.8355 -0.331747 70
-0.334154 -0.288114 70
-8.69887 -1.41756 70
-10.3415 -1.027 70
-1.40955 0.820855 70
1.46232 -1.03595 70
9.02176 -0.561205 70
0.115508 1.1196 70
-0.928776 -38.979 70
0.171934 1.19623 70
-8.96963 -9.70571 70
0.226481 -0.341378 70
-8.87618 0.589113 70
0.0779458 -0.519975 70
-9.77545 1.33274 70
8.78417 1.12734 70
-9.99145 0.182257 70
-11.0416 10.5608 70
-8.57269 10.1383 70
0.452241 -0.268918 70
-0.437101 9.90374 70
9.89619 21.0273 70
-19.3622 -30.7885 70
-0.87374 -0.0861797 70
9.80945 -1.48878 70
-20.0905 -8.69954 70
-9.178 8.58037 70
10.6202 1.33121 70
10.025 0.795253 70
-9.76403 -20.2105 70
11.338 8.94858 70
0.0603686 -18.9462 70
39.0469 -1.00202 70
-11.3899 10.802 70
-0.874787 11.2041 70
-10.1186 -8.81761 70
1.04043 -10.0341 70
-1.0107 -11.1152 70
-20.523 9.42017 70
0.0207211 20.2254 70
-9.01509 0.664846 70
51.1763 110.39 70
49.0379 110.417 70
50.9053 111.41 70
-40.3293 9.0343 70
1.38842 -18.889 70
-0.822354 0.156689 70
-8.63667 10.9199 70
-8.97649 1.11222 70
-20.7484 -0.419572 70
-21.3895 59.0261 70
9.28577 68.9177 70
-0.0720042 -11.3537 70
-0.82398 -0.320578 70
0.860536 10.1656 70
100.012 -29.4617 70
-49.1856 -61.0402 70
-51.0221 -61.4078 70
0.132036 0.424874 70
-1.3332 0.946099 70
-1.00112 1.07914 70
0.506672 -1.08722 70
-0.973931 -1.0477 70
-0.407842 9.87763 70
30.8943 -20.2472 70
9.34939 18.8985 70
-0.201057 -0.115684 70
11.4548 -8.60951 70
10.5437 -8.95084 70
-10.0003 -0.56415 70
1.29514 0.703581 70
0.271275 -10.5066 70
0.950005 -11.4641 70
-20.3517 -11.023 70
-0.226003 -0.456923 70
9.32619 -0.948623 70
0.421718 1.07713 70
-9.91479 -0.368214 70
-11.2882 1.29502 70
-10.1687 -0.490074 70
-58.5355 1.37443 70
-18.5235 30.9823 70
-9.01556 -0.410211 70
-10.8825 -20.4061 70
-8.99826 -0.264777 70
-10.9394 -0.357149 70
10.889 -10.555 70
0.775748 -0.567141 70
-8.72522 -0.536651 70
-10.8035 1.35326 70
-31.4276 -30.0441 70
0.438109 10.5233 70
-19.2813 -0.794276 70
-8.89293 -0.0228848 70
-1.02019 -0.389715 70
-10.6196 0.732533 70
-0.864823 -0.605571 70
40.8595 -10.4386 70
-0.110052 0.33868 70
-11.4454 -41.3162 70
0.176436 9.83061 70
0.648054 8.95305 70
11.0472 11.4116 70
0.848557 1.19392 70
-1.03054 -1.02461 70
18.5265 -20.0303 70
-10.2064 1.42259 70
-30.1029 -39.8649 70
29.3563 30.1738 70
0.0969378 -9.93587 70
0.385182 1.18385 70
-1.11799 -0.708065 70
0.883725 0.0768102 70
0.237263 -18.8186 70
-1.16868 0.317937 70
-10.5741 10.9893 70
0.945719 -11.1194 70
0.958085 -11.0874 70
-29.1606 19.6013 70
-9.66042 1.43461 70
8.63361 -9.69804 70
-8.54821 10.8088 70
0.19223 -1.05703 70
-20.4262 -1.17543 70
39.5329 -10.8955 70
0.15772 -1.25104 70
-40.1449 29.8446 70
-10.1445 0.185544 70
-10.8018 0.154067 70
-0.248131 -0.381777 70
0.656582 -1.03171 70
0.825463 -0.266267 70
1.29608 -1.02557 70
-11.0113 -1.44462 70
-0.482263 0.912404 70
-9.98429 -9.83697 70
-0.0383333 0.0305773 70
11.0144 11.1482 70
0.56552 10.389 70
-0.779084 19.9216 70
0.296779 0.216086 70
-8.7689 -0.654467 70
-89.9029 -9.13912 70
-19.3249 10.1178 70
-8.80625 -11.214 70
10.4091 9.97868 70
-10.7355 -10.9462 70
-11.3196 30.7704 70
29.7882 -0.319221 70
41.2794 20.8324 70
39.2668 20.5043 70
21.3722 -20.1423 70
-8.91233 1.25673 70
-10.8848 1.1439 70
9.27017 91.205 70
-1.42741 -31.4029 70
-18.9939 -10.0215 70
-10.3958 9.21725 70
-9.01893 9.48592 70
-0.0341669 0.719491 70
-10.1158 9.49875 70
-0.573082 0.62645 70
9.35876 10.9138 70
-8.50157 0.351427 70
1.34684 8.96512 70
1.137 10.6425 70
0.01474 8.60808 70
-9.74138 -0.961273 70
-9.18853 0.197533 70
-10.3118 -1.30015 70
-60.2252 -0.578531 70
-8.79703 -18.556 70
0.927861 1.30395 70
-29.6721 -10.0852 70
1.13412 1.042 70
-9.17386 0.150979 70
-1.0445 -0.909012 70
-8.60075 10.8083 70
-8.96737 10.9782 70
-11.1664 20.4479 70
-10.2915 1.4121 70
-9.11773 -20.4148 70
-0.37319 -1.18341 70
-20.3273 -0.195155 70
-10.2321 0.841776 70
-21.3243 -38.9023 70
-10.239 0.387724 70
-10.9146 10.8157 70
-9.60925 0.288618 70
1.45764 0.419806 70
-11.1534 -19.9686 70
-11.3045 0.473528 70
-10.1006 8.83252 70
-21.182 1.3221 70
0.230636 -19.3874 70
-20.5897 -8.82635 70
40.13 -20.4562 70
-10.7807 -10.4855 70
30.5352 20.1228 70
1.17979 1.35555 70
0.907703 0.282862 70
1.34493 -21.4807 70
-1.33852 -1.11382 70
-20.9824 1.16443 70
-9.84866 9.34681 70
-0.581533 9.47693 70
-29.7579 10.8008 70
-19.1733 0.581902 70
-10.6445 10.7621 70
-9.16 -1.40312 70
-11.4253 -1.29011 70
0.976883 11.4827 70
0.451362 8.96436 70
1.0569 -1.27006 70
-1.23485 -10.5391 70
9.85909 -21.0379 70
-0.346256 0.756003 70
-0.771807 -10.9296 70
-9.53379 0.683114 70
-50.7045 -0.161606 70
-0.595394 -0.606519 70
-49.034 59.7467 70
-10.7436 9.29409 70
-10.4165 -29.5324 70
-0.91314 0.0569069 70
0.517744 -0.23742 70
-0.978982 1.2827 70
11.1487 -0.743948 70
20.3555 21.3787 70
-8.97914 -0.618952 70
-0.0858475 1.02081 70
0.0927435 0.172349 70
-19.4177 -0.820999 70
8.90831 -11.4556 70
-28.7079 11.1658 70
10.3768 -0.43342 70
-60.953 89.3237 70
20.0956 0.599521 70
-1.37661 1.06735 70
-1.48248 1.26581 70
-40.6328 48.8748 70
0.785897 -0.165319 70
-60.541 1.06481 70
1.02938 -1.23525 70
1.37737 -0.708833 70
-48.9009 -18.836 70
-10.2064 18.537 70
-80.9222 59.7182 70
-8.9812 -0.653187 70
0.866162 1.1334 70
-0.362689 0.0666451 70
1.35327 0.0887204 70
-1.3826 0.980496 70
-0.516265 1.02759 70
-1.47234 -0.73287 70
-9.27144 1.01225 70
-28.6906 -31.3126 70
-18.6274 -8.63751 70
1.20245 1.39781 70
-10.3772 9.06211 70
40.298 -10.828 70
0.73235 20.6692 70
0.810243 0.330064 70
0.615247 0.649509 70
-0.950686 0.56709 70
0.120506 -9.33671 70
-1.31642 0.190905 70
0.240266 9.2561 70
-10.9524 -8.96569 70
-39.3481 -9.73602 70
-9.28598 -1.23467 70
21.4843 -18.6764 70
18.5318 -20.2946 70
-11.2827 -1.08113 70
-9.68245 -0.155911 70
1.19089 1.23937 70
0.47673 -0.175102 70
29.6895 10.832 70
-1.39669 1.48161 70
-1.45115 -8.86267 70
0.74624 0.226031 70
-1.29388 -19.4742 70
-59.8713 9.84219 70
-9.20909 38.6629 70
-18.9302 -8.80051 70
-9.48281 0.410506 70
-20.145 -0.498667 70
-10.8548 -1.18086 70
0.0837875 -0.631415 70
-1.00002 -0.473795 70
1.1155 0.0890745 70
1.44833 1.28967 70
0.300135 -10.1036 70
-10.8855 18.6406 70
-9.96348 -9.70694 70
0.56561 -19.2571 70
-19.5913 -1.30045 70
-1.00954 -0.328566 70
-9.44643 -1.39725 70
-11.4365 -0.195511 70
18.898 41.058 70
1.22392 0.249294 70
-9.72621 1.24137 70
-10.6104 0.610644 70
20.4853 40.7288 70
0.14529 -1.3341 70
-8.95012 -0.00390803 70
-21.3541 -9.93888 70
0.599363 -0.113445 70
-30.3143 -9.43837 70
-19.5747 -28.592 70
-0.434271 1.21905 70
-1.4786 0.167057 70
10.0622 -8.95761 70
-11.11 -1.46693 70
50.1515 -9.15455 70
0.0728212 0.41066 70
-1.46992 0.920642 70
20.6164 31.2555 70
-9.86871 -11.3311 70
-0.154576 -0.384948 70
0.177094 -0.763804 70
-1.47721 -10.3986 70
31.2475 39.8723 70
0.0313274 -0.660556 70
-1.1192 -0.58929 70
-9.3492 10.3643 70
-21.1697 19.7658 70
18.5466 -18.9117 70
0.823504 -0.659711 70
-9.09346 -10.8393 70
-9.34778 -0.321179 70
-0.264068 -0.672748 70
-11.2006 -19.287 70
1.40557 -0.1468 70
-18.7604 -10.0902 70
-10.2387 -8.76657 70
-11.1938 -10.8865 70
-0.152767 0.746217 70
31.3473 -20.8755 70
-79.0758 -30.6484 70
80.521 120.678 70
-8.56269 9.2982 70
10.8378 -20.7631 70
-11.3293 -19.412 70
-20.2428 9.59908 70
-1.21483 0.568356 70
1.24507 -0.305783 70
1.22841 -0.147753 70
1.11533 -8.89469 70
1.41589 -0.454007 70
9.83617 -9.06701 70
-1.36729 -10.7278 70
20.7776 1.15649 70
0.927187 -1.27382 70
-9.53838 19.8907 70
0.115592 1.33653 70
-0.553612 9.43403 70
9.91302 20.2839 70
11.4301 -10.481 70
-9.33078 -0.594119 70
-19.1656 1.20268 70
-9.06278 -71.0733 70
-10.355 1.1067 70
-9.7962 9.81804 70
-1.25979 10.2718 70
-0.381107 9.13112 70
-20.5228 -9.6812 70
19.5651 -0.705682 70
-9.65882 -1.09242 70
19.4944 -9.07704 70
18.7447 -9.82533 70
21.2935 30.1039 70
-10.6139 -9.69406 70
-11.2623 11.4713 70
1.1248 0.717553 70
-11.0332 0.879075 70
-11.3719 -0.864419 70
-10.3119 10.9155 70
0.525739 -9.61215 70
1.13616 0.280418 70
-29.7683 -0.462387 70
-9.39178 -0.975256 70
0.891286 0.304712 70
-10.588 8.95851 70
0.579636 0.973439 70
0.116309 -1.38917 70
0.666446 9.03491 70
0.0720177 -0.188408 70
-11.401 -0.702201 70
-18.5819 10.9079 70
-20.843 -11.1464 70
-0.759429 -0.440176 70
-9.74791 20.557 70
-19.098 9.36554 70
-1.45226 -0.830631 70
29.9958 60.7688 70
0.286326 -0.255905 70
0.705444 -1.19903 70
0.953391 9.5791 70
1.0572 -0.558111 70
-10.2836 -9.45236 70
-11.0378 0.766442 70
-0.937298 1.14017 70
0.575026 10.6131 70
-1.4283 -9.91817 70
48.9947 -89.7445 70
1.06907 -18.7696 70
-9.92829 9.83943 70
-21.3497 -11.1054 70
-19.2241 -21.3127 70
-9.53629 -11.2707 70
-20.4402 -0.301704 70
-19.4216 1.35438 70
-11.2162 8.91355 70
-69.7331 -20.5408 70
-9.34467 -1.20512 70
29.2507 -8.53831 70
30.1202 -10.7736 70
-0.292128 1.17851 70
-11.0434 119.386 70
-10.0595 0.0373747 70
-10.7306 -1.37807 70
-10.0118 -10.2804 70
8.77299 19.2908 70
-10.3192 9.41788 70
-9.56359 9.82052 70
1.26682 0.681779 70
-8.90619 9.28192 70
9.28112 1.17227 70
1.11028 -1.27936 70
-9.02915 -1.129 70
-10.3022 -1.45612 70
-30.3491 -8.89754 70
-9.45122 0.593092 70
-10.5578 -0.990596 70
51.1635 99.8716 70
9.52122 -19.1694 70
20.7266 10.8902 70
-51.4441 29.4521 70
-21.4677 8.90464 70
-28.7656 10.3346 70
9.59673 -1.49356 70
-39.5362 -70.2894 70
-21.3286 11.0579 70
40.4591 31.3655 70
-19.8162 -49.2636 70
-9.38125 1.41551 70
-0.644571 -20.3104 70
-78.7952 20.9253 70
0.179502 0.588986 70
0.941201 -29.5046 70
0.885074 0.0173543 70
-0.399958 0.897406 70
1.46771 -11.4469 70
-0.298746 0.424872 70
-8.64469 0.661637 70
-19.3632 40.6677 70
-0.0108285 -0.945793 70
-9.5716 -0.317765 70
-59.2209 19.1082 70
0.863746 10.5856 70
-9.75224 20.4841 70
-9.93651 1.32128 70
-10.3225 0.020914 70
-0.563338 -0.992461 70
-9.82485 11.1666 70
0.447354 0.257669 70
-9.08109 0.1765 70
-11.1667 -1.12867 70
-29.9024 50.6832 70
-8.61879 0.315677 70
-1.23887 -10.035 70
0.0574565 11.0679 70
-10.6981 -10.9746 70
-11.2225 -0.891512 70
-11.0564 1.05735 70
-0.185024 9.35119 70
-9.47484 1.3813 70
0.569036 -9.25465 70
1.30511 9.92036 70
19.0876 -0.269323 70
-21.2364 -0.549291 70
-10.5422 -1.46298 70
-9.79103 -0.86075 70
-8.80267 8.65787 70
1.3093 -29.2622 70
-8.87155 19.1757 70
-8.50755 20.4708 70
-0.00698269 -0.104403 70
-0.589617 -1.39229 70
-10.4487 1.36754 70
-11.2624 -9.61568 70
1.00435 -0.302476 70
0.237922 1.09765 70
0.253889 9.5779 70
11.1758 -9.69373 70
1.11169 11.3831 70
-11.1568 -8.88995 70
1.43687 1.24889 70
-9.11238 -0.778575 70
-8.52151 -20.8185 70
-21.1038 10.3451 70
-8.98599 10.8255 70
-20.3698 -1.04806 70
-0.225873 -0.376383 70
-0.588427 -0.997308 70
-1.25088 -9.47358 70
1.08367 1.39802 70
-0.318106 -28.7792 70
-8.63795 0.99414 70
-10.695 -1.00117 70
-10.7977 -9.16986 70
0.663866 -1.19594 70
-0.384212 -8.8973 70
-30.3851 -58.8339 70
-0.645109 0.097938 70
-0.75917 -0.400605 70
-0.714293 0.560851 70
9.4326 19.9222 70
-10.8279 -0.184268 70
-11.1968 18.826 70
-9.65098 -1.28652 70
-11.4201 9.41562 70
9.83945 10.0043 70
-18.8731 -20.2738 70
-69.2171 -9.93989 70
29.0746 -11.092 70
-0.513733 1.41022 70
0.618398 1.06331 70
-1.17168 -0.839275 70
-9.74876 -9.908 70
-1.40246 -0.780678 70
-11.4827 0.0759147 70
-9.94203 1.13593 70
-9.28887 31.0954 70
0.461493 1.49443 70
-39.0518 9.7341 70
1.26628 -1.31066 70
-31.3294 -10.5661 70
-9.52221 1.15861 70
-0.642046 -8.94449 70
-9.61758 -0.775245 70
11.0969 21.0313 70
0.768603 -0.667964 70
-9.87197 11.4089 70
-9.41297 9.76632 70
0.954352 -1.47243 70
-9.55042 -20.7189 70
-9.67988 -19.1127 70
-10.3264 0.972167 70
0.0753465 -10.5307 70
1.09214 -29.4845 70
-1.00743 8.92481 70
-0.420337 0.690846 70
-9.49962 18.9828 70
9.87448 -0.673829 70
0.15718 -0.34361 70
-11.2807 -1.15735 70
-10.7883 -1.11546 70
-10.5638 -0.318171 70
-9.72184 -1.09555 70
-1.40061 -38.8361 70
9.06913 -19.9884 70
0.179138 0.842105 70
-30.5348 -9.48379 70
-51.0682 -9.18067 70
-10.3479 1.40715 70
-9.78819 1.0956 70
-8.61596 -20.7112 70
-8.97219 0.615999 70
11.3834 -40.4716 70
-19.2006 -9.92057 70
1.41993 0.203396 70
0.713595 -0.12079 70
-0.368359 -0.225288 70
-9.14406 18.8559 70
9.93154 29.3754 70
0.262233 -0.0615866 70
1.28102 0.558784 70
-11.0856 0.105639 70
-10.523 9.80185 70
-10.9079 -10.9781 70
-30.9032 -40.9429 70
-8.94675 0.797961 70
1.22472 1.0337 70
-20.068 -8.83542 70
-9.97564 -1.10302 70
-0.542805 -0.385102 70
10.1737 -0.920187 70
-1.24349 -1.16891 70
0.368076 -0.653465 70
11.2661 -21.2862 70
-10.1306 9.98018 70
9.89602 -0.265761 70
1.05055 -0.22414 70
0.792451 -1.42987 70
-11.4444 0.148205 70
-10.6707 -0.691342 70
-29.3736 8.68297 70
0.947448 0.720408 70
-0.540118 -0.399288 70
1.21864 -1.46799 70
-40.235 -11.2785 70
0.611598 -10.0263 70
-9.03323 19.318 70
0.995759 -11.3131 70
-0.378782 -1.24746 70
-8.94624 0.347626 70
0.688102 9.26707 70
0.170151 10.5887 70
-1.21721 8.95663 70
-0.696019 0.615487 70
9.4059 10.9392 70
-19.8809 -1.33092 70
20.3884 29.8513 70
-10.2364 19.8728 70
10.1858 -0.976796 70
0.132896 0.713369 70
11.0426 11.1536 70
-10.4205 -0.939564 70
-10.7233 -0.0420703 70
-11.3022 -0.450027 70
-10.4513 19.1735 70
0.344481 8.69314 70
-19.9635 -8.55755 70
-9.85007 -0.610304 70
-1.09134 0.386094 70
1.2095 -1.12409 70
-9.46661 10.5616 70
-0.957176 -1.41744 70
-10.9602 11.1468 70
1.38677 0.605582 70
0.326215 -0.417457 70
-19.8136 20.3252 70
-10.2506 9.2572 70
-10.5144 -1.48811 70
0.925417 28.5262 70
-20.1593 21.4099 70
1.12907 -1.0885 70
-8.94835 -1.47348 70
-10.5224 -1.20657 70
-9.27312 0.699743 70
-8.88867 1.25603 70
-20.2174 -50.8474 70
-21.1593 18.5489 70
1.49735 -1.33737 70
-1.12599 -9.48456 70
-91.24 100.866 70
10.8481 -101.308 70
-10.8757 -1.2907 70
-0.772675 -0.547384 70
1.39771 -9.25293 70
9.18657 10.0326 70
-40.9421 1.01116 70
-0.723039 30.6946 70
-8.80067 0.0211646 70
-10.0321 -0.252009 70
-9.05993 1.13072 70
31.4291 28.6423 70
0.394572 9.72166 70
-0.416941 9.36498 70
-9.62869 11.3718 70
1.16327 1.06433 70
-10.7444 0.0903513 70
-21.0214 -0.111463 70
-0.24322 1.30648 70
11.0914 -11.4297 70
-49.2806 -9.66158 70
-51.3143 -11.0288 70
-8.53664 0.919644 70
-18.5098 -10.1022 70
-0.428612 -1.21853 70
1.34201 1.28147 70
-0.480258 0.260482 70
-10.1425 0.00959669 70
-40.8939 10.911 70
-8.77928 -1.39015 70
0.978589 -1.47097 70
-21.4026 0.0406734 70
-18.9215 0.465963 70
-9.7 0.17745 70
-9.37173 -9.59699 70
11.4106 -18.7647 70
-111.417 -8.86162 70
0.232725 -8.63281 70
-31.11 8.58368 70
-9.75764 -0.0488148 70
-0.404492 9.52281 70
-9.02408 1.17172 70
-10.1947 0.166799 70
-9.70914 8.91206 70
39.0793 -89.667 70
1.09076 21.1591 70
0.204477 -9.72862 70
-19.7401 0.238145 70
-21.1144 -0.852795 70
-11.0423 -0.184705 70
8.98087 0.344552 70
-8.73345 10.5107 70
-10.2069 10.6008 70
0.415576 18.735 70
