-0.237627 -1.11325 70
0.960629 -0.582695 70
-20.3538 -0.486977 70
-0.23736 -9.79663 70
11.0234 -10.072 70
10.4346 -10.8885 70
-0.901505 0.628066 70
8.87066 1.43316 70
10.1819 0.666576 70
-0.93 -0.578401 70
-1.17817 -1.06807 70
11.4812 -0.423076 70
0.28117 -10.0561 70
-0.818763 0.0635919 70
1.02353 0.422734 70
0.347139 0.0450697 70
-0.815369 0.385776 70
0.0444448 1.44138 70
21.2541 -30.623 70
10.6506 0.587489 70
9.64133 -19.3449 70
8.93083 -29.174 70
-0.605714 -9.1688 70
9.12815 -1.0362 70
0.788129 -0.93466 70
-9.95349 -1.03351 70
0.0902264 -8.78799 70
0.110223 -9.58569 70
-0.619693 -9.07769 70
9.74246 -10.9691 70
28.5588 -10.2039 70
9.37671 -1.3381 70
-0.136485 1.33031 70
-0.285188 -10.4905 70
-0.220498 -8.89516 70
0.463994 -10.5053 70
-9.83655 1.06609 70
-0.107207 0.370828 70
-1.45618 0.133675 70
29.305 -19.4045 70
0.94122 0.13793 70
30.1713 -89.9439 70
-11.0968 -20.6071 70
0.167631 -1.04723 70
-1.06032 1.22627 70
-0.59669 1.19631 70
1.03852 1.03172 70
9.99666 -11.2249 70
9.21353 0.535752 70
1.07397 -10.5547 70
-0.154302 -11.0267 70
-0.505365 -10.32 70
10.5241 -0.451175 70
-10.6634 -8.82226 70
8.74814 30.8462 70
0.939698 -19.5682 70
0.805533 -0.319906 70
21.3848 -0.936824 70
0.264456 1.4203 70
1.2054 -31.322 70
-39.6783 19.5154 70
-1.24324 -20.3535 70
0.569092 -0.281492 70
18.7799 -20.5637 70
10.9386 0.403623 70
0.95265 1.31407 70
9.27592 -10.1495 70
-0.140423 0.91141 70
-0.737837 -20.2599 70
10.9903 -20.8672 70
9.26332 -9.69874 70
-1.30976 -20.396 70
0.135436 -19.8954 70
-1.36291 1.48483 70
-0.757803 1.27457 70
29.4924 0.387556 70
-8.8595 10.6335 70
-0.0543887 -0.529358 70
0.735277 -1.22286 70
-1.00587 -0.125156 70
1.0596 -10.9368 70
-0.187367 0.146766 70
-1.32038 1.27422 70
11.1381 -0.862243 70
1.43494 9.54689 70
-9.50122 -19.7935 70
10.7141 -30.9299 70
99.3909 -9.48653 70
-29.0034 49.0926 70
31.3017 -40.2567 70
9.05489 0.609784 70
0.675085 -11.2294 70
8.76229 0.202196 70
-19.9094 0.235354 70
-9.92259 -11.214 70
1.2626 -9.27075 70
-0.480371 -1.04929 70
1.44618 -1.30685 70
-0.324551 -10.2173 70
-1.4853 -0.944135 70
-0.0129322 -9.11314 70
31.2919 28.8158 70
-10.6122 -0.802276 70
-0.766474 -11.3441 70
10.735 9.38677 70
0.207389 -1.29686 70
-10.0717 -10.759 70
1.35632 0.338326 70
11.454 9.69469 70
-28.9478 0.996486 70
-1.29009 -0.30733 70
-0.860708 0.986392 70
0.787814 -11.4539 70
-0.149933 -18.894 70
-0.371018 -0.919909 70
11.1041 1.35325 70
1.36692 -1.03362 70
-10.4109 9.92491 70
0.698278 0.64309 70
1.17087 -0.512621 70
11.2979 19.7094 70
-10.9877 -11.1741 70
0.929189 -9.97935 70
-0.0877838 -10.5811 70
19.7194 -1.2927 70
1.11219 -1.33737 70
-29.9642 1.05353 70
-10.3945 -9.54193 70
9.36922 -9.45755 70
-0.971089 1.07816 70
-19.7024 -21.3865 70
9.13945 0.588427 70
0.955892 1.20675 70
-0.857332 -10.5687 70
11.1528 -11.3916 70
28.7902 -118.831 70
30.1537 -29.3832 70
-0.455371 0.426092 70
-18.9765 -20.2448 70
-40.8938 10.7608 70
91.4187 -39.1696 70
98.5445 10.7362 70
0.432057 -0.212252 70
-9.09492 8.66747 70
10.3448 10.9034 70
8.7956 20.8177 70
0.473137 0.178536 70
10.015 -9.36025 70
19.3822 -20.7306 70
-0.149815 -0.968247 70
-10.5606 -19.2574 70
-31.3801 0.241477 70
-1.28908 -1.45308 70
-30.8423 31.1872 70
-1.11299 11.0998 70
1.2097 -10.1703 70
0.22675 -8.69494 70
40.912 60.0612 70
-31.3237 9.19883 70
-0.15319 -0.84325 70
-1.16538 -8.73431 70
0.201328 -8.5724 70
-0.945163 0.736085 70
0.600397 0.382248 70
-20.6724 0.981846 70
-0.00354553 -9.06117 70
31.4337 -21.1405 70
20.0865 -21.4635 70
-10.4872 10.0002 70
-9.79103 -0.6054 70
9.97944 -11.0261 70
-20.4607 -10.6061 70
0.556263 -0.136207 70
0.94301 -0.54601 70
-10.2346 -49.5763 70
-1.10249 -10.44 70
1.14316 -0.142751 70
-9.81787 -1.35755 70
-1.47876 0.263183 70
-20.5262 29.4839 70
0.449348 -9.14606 70
8.96304 -0.221903 70
9.8369 1.18271 70
10.7134 -9.70428 70
9.60562 -18.8785 70
-1.19204 0.632357 70
0.530723 0.0367701 70
-90.719 89.9062 70
11.1909 1.26311 70
20.4907 -9.41119 70
-0.89202 0.486682 70
-28.7619 11.4678 70
-10.3109 10.2332 70
-1.17491 -9.79497 70
9.98722 -9.27808 70
1.40419 -0.594379 70
-0.681914 0.304657 70
-1.4074 -0.239567 70
-8.97778 -10.1637 70
-10.549 50.5161 70
19.0614 -0.87079 70
-0.651113 -0.163648 70
-11.1578 11.1008 70
-99.4668 99.1367 70
29.6064 60.7983 70
-8.65953 19.115 70
-0.410109 -19.3706 70
-9.39046 -10.0219 70
0.197733 1.39348 70
0.884811 -21.1281 70
-1.38707 -9.7959 70
19.8919 -111.054 70
-1.25924 -0.915113 70
0.413174 -10.633 70
-21.0146 -10.265 70
1.36831 10.8903 70
0.987015 -20.811 70
61.253 0.498893 70
10.2792 0.508109 70
-0.976264 -0.366684 70
10.26 -10.3063 70
9.92793 -1.28556 70
-1.15305 -0.677836 70
-0.592719 -10.0242 70
1.36169 -1.42013 70
-0.542728 1.28144 70
0.741898 -1.20878 70
1.18777 -8.70403 70
-1.18915 0.639413 70
-0.517214 -11.1553 70
-0.108225 -1.13245 70
0.408397 0.254278 70
69.2896 110.586 70
-8.73258 -10.9355 70
1.00886 1.03616 70
-0.870319 -1.46408 70
-0.16573 1.39757 70
-9.27228 -0.192496 70
-0.942468 -10.8841 70
0.610097 -0.413976 70
-0.0724161 -1.21561 70
1.22163 -1.20801 70
10.6861 -9.85937 70
-1.46447 -10.3319 70
0.119756 10.406 70
-1.44033 -0.975144 70
19.648 0.0853749 70
0.455789 -0.261612 70
39.0194 8.58084 70
1.27463 0.933422 70
10.7931 -11.3432 70
-0.331607 -1.03716 70
10.759 -19.4869 70
0.396016 1.3721 70
-1.28069 -10.4826 70
-79.691 -80.8966 70
-1.2852 -0.220208 70
0.219037 20.0963 70
40.0965 -0.895169 70
-11.4431 -9.14256 70
-9.12834 -9.55921 70
10.6307 10.7945 70
0.745685 -1.37933 70
10.6206 -0.139053 70
11.3692 -0.477754 70
19.9767 -11.2292 70
-1.4301 -0.5351 70
9.99725 -0.834967 70
0.279984 -1.31439 70
-0.607178 -1.24541 70
-18.6915 -19.0313 70
9.48283 1.38716 70
21.4573 -1.17298 70
8.99859 9.56215 70
11.3071 -0.142764 70
19.9756 -9.34789 70
20.0641 -8.75669 70
-0.762896 0.0373752 70
-0.43192 -10.1257 70
11.3072 -10.1122 70
-20.3468 -29.9537 70
-9.25524 -11.1673 70
1.49586 -11.197 70
0.965688 8.56271 70
11.2031 -1.08133 70
0.57854 -0.512089 70
80.9539 50.9668 70
0.145132 0.180315 70
-0.927547 0.329086 70
0.681173 -18.8887 70
-0.472001 -19.393 70
9.74575 -9.75123 70
10.4165 0.260296 70
10.4723 9.76742 70
10.4375 -8.90602 70
30.2954 -70.1849 70
-0.454782 -0.390756 70
-70.1246 19.2827 70
-0.970258 10.5767 70
-9.07461 10.8452 70
9.20831 29.2335 70
-9.24519 18.7308 70
-0.328925 1.34175 70
-19.4485 11.0482 70
-0.406317 -10.5528 70
-0.134182 0.289815 70
1.21443 -0.84785 70
10.8382 -48.7819 70
0.658549 1.22107 70
19.902 -0.764039 70
10.647 -9.63585 70
10.7343 -10.9532 70
-58.9771 19.5969 70
29.3317 -9.11449 70
0.598597 0.294336 70
-0.0887178 -0.504313 70
-9.45561 0.13004 70
-100.415 -20.0718 70
-0.797657 -1.06137 70
-1.15819 -0.795199 70
10.5477 -29.4481 70
-10.6917 1.13518 70
-1.30384 -9.61173 70
1.37788 -21.027 70
0.581868 1.26021 70
-0.503362 -1.05599 70
-10.5405 1.03708 70
1.09779 -9.86476 70
-0.755449 -9.60207 70
-0.9172 -0.564513 70
-1.08579 -9.24937 70
-18.8127 1.00962 70
0.124377 19.3629 70
0.821924 0.714727 70
11.4675 0.0740579 70
-10.3492 -20.5403 70
-11.0917 -19.7586 70
-11.1918 9.38046 70
110.251 -11.1955 70
-0.69036 0.617971 70
1.47362 -11.0412 70
-10.8107 30.552 70
-0.441849 0.716995 70
0.458 -11.2869 70
9.21962 -11.4972 70
1.21389 -8.79161 70
0.260125 -0.942179 70
-0.54215 1.40047 70
-8.67715 -0.573042 70
19.3619 -20.9548 70
19.4995 -19.0328 70
10.202 10.8389 70
-0.92691 21.3941 70
-0.929733 -9.82465 70
-0.688482 0.197438 70
0.0627079 0.3907 70
9.0423 -0.40279 70
-9.07242 9.48514 70
-41.3939 79.0972 70
10.8492 -10.2342 70
9.59885 9.10292 70
-0.919401 -0.378434 70
1.16649 -10.1032 70
-0.474923 0.264883 70
-10.8426 -9.50694 70
-10.6511 -9.74589 70
-11.1332 -0.589638 70
-8.77221 -1.09104 70
1.42925 -1.19165 70
10.0111 0.364116 70
-0.0768363 -9.70027 70
11.2587 -10.6195 70
-29.2238 -69.6953 70
-10.4689 10.5434 70
-1.04097 0.371338 70
-1.44062 10.605 70
9.89486 -0.638727 70
1.4273 -0.199289 70
19.1292 0.240901 70
0.749866 -9.47163 70
9.88341 -8.60401 70
11.2505 -9.74868 70
8.53266 -9.60327 70
38.813 -48.6774 70
0.0180905 9.1272 70
-1.48709 -10.3339 70
8.87693 -9.0621 70
-8.81116 19.8311 70
9.66904 -0.786 70
1.35982 -19.0359 70
-60.6531 -10.2835 70
-41.0176 -8.96744 70
1.09071 -1.46472 70
-89.058 -79.8426 70
69.8574 -20.8472 70
-0.0658865 -0.577846 70
-0.261672 1.40269 70
8.93487 -0.932818 70
0.5143 0.155218 70
0.0485667 -0.07624 70
9.23549 10.7745 70
-21.2361 10.6195 70
1.14862 0.121383 70
10.4469 -20.5116 70
51.4267 41.3051 70
-0.101976 -8.60515 70
-0.444055 -0.65664 70
10.8377 28.5073 70
9.21629 28.7372 70
29.4149 9.22348 70
1.46112 -10.2956 70
1.18338 1.07331 70
10.2778 -10.2519 70
0.79412 0.882065 70
-31.3362 19.8672 70
0.427265 -0.448016 70
9.14294 29.6159 70
20.4957 18.5757 70
0.70804 -1.2607 70
1.26672 -9.8808 70
1.15143 1.20028 70
-9.97851 -8.65262 70
1.26 1.07471 70
-29.5168 -20.3496 70
-0.0323666 -20.2997 70
-10.1744 -10.7867 70
10.8028 10.273 70
-10.7173 -11.1057 70
9.20556 -10.4745 70
0.859367 -10.6268 70
-0.257001 0.903723 70
-0.442364 -9.26675 70
28.7332 -1.19967 70
30.9639 0.350929 70
0.498755 1.39026 70
0.0628321 -0.704491 70
0.530077 -9.9518 70
-30.2275 -110.126 70
-1.00664 1.34514 70
-8.66775 -1.03455 70
0.258128 -20.1476 70
-0.0740671 -20.5977 70
8.64515 8.70332 70
-0.906227 -8.76563 70
10.5607 -19.897 70
0.0149607 -0.70601 70
-0.80299 -1.47408 70
-9.18076 -21.4658 70
-20.1509 -9.64909 70
0.0331075 -1.24326 70
9.10709 0.918912 70
10.2338 0.378881 70
-0.259342 -0.275584 70
0.880805 0.266473 70
-39.405 -10.1569 70
20.9387 20.8309 70
-11.0292 19.7985 70
31.0538 59.262 70
10.1942 -8.58008 70
8.56936 -10.4176 70
10.9185 -10.3277 70
-29.5232 9.90017 70
-1.32533 0.207558 70
10.856 -9.85264 70
1.2888 -9.69792 70
-8.78765 -0.326361 70
8.84865 -0.893956 70
-1.2381 -0.45841 70
0.814131 1.15694 70
-0.395195 0.773835 70
-1.14953 0.425216 70
1.1042 -0.374209 70
-0.341293 -10.7399 70
-0.17453 1.1265 70
-10.8127 11.1634 70
9.70339 -1.10131 70
-19.5019 -21.1191 70
-19.3706 1.1583 70
1.08297 0.317359 70
0.154827 1.34309 70
-0.707219 1.20712 70
-8.59412 -18.7106 70
0.547524 -9.24055 70
-0.0678015 1.24916 70
-0.692856 1.15099 70
11.228 -28.6045 70
10.6595 -29.6106 70
-11.132 -0.597725 70
0.240734 0.471649 70
11.185 0.877736 70
-9.44438 -1.389 70
-0.0711881 0.876898 70
0.827527 -8.88678 70
10.9873 -18.8303 70
-9.94724 20.9295 70
8.91007 9.43562 70
-1.36446 -21.0512 70
31.1693 -39.7901 70
-71.3153 -0.786501 70
0.922933 -11.0361 70
-19.3822 -9.63699 70
10.9309 41.3806 70
0.105142 10.7767 70
-1.32907 -0.711969 70
0.460102 1.33902 70
1.17563 9.77131 70
9.03802 10.9075 70
-0.714662 10.4087 70
10.0763 0.918914 70
-11.2632 11.0636 70
-18.7374 -20.189 70
0.889883 -10.3251 70
11.3355 -9.53045 70
-1.3506 -1.06653 70
-0.833926 -0.108818 70
1.06296 -0.713797 70
-21.1735 -20.0299 70
0.908423 -0.892791 70
0.327336 -9.62207 70
-1.04759 0.990539 70
0.42334 -0.437233 70
-10.7665 -1.208 70
-0.916315 -1.28193 70
-1.3329 -0.138664 70
0.823886 -0.098143 70
8.71706 -9.99958 70
0.540167 -8.56497 70
-20.3628 -8.84817 70
11.1854 9.97116 70
10.0035 41.1855 70
-1.00086 -9.52793 70
1.23167 0.325929 70
0.211311 -1.04867 70
10.2471 -9.01805 70
-0.385269 0.784278 70
-0.464654 -10.1131 70
-81.1058 18.5613 70
21.4466 -30.0484 70
0.838044 0.351204 70
0.182044 1.24691 70
19.3552 -19.0388 70
0.186417 -10.2096 70
11.445 -8.85672 70
-19.5824 10.4859 70
-10.545 -8.70069 70
9.15491 -38.8222 70
0.693766 -19.23 70
10.9113 -1.10567 70
-0.72214 -1.34892 70
1.33765 -0.676043 70
9.54809 40.9763 70
9.32612 39.5531 70
-11.1946 1.35177 70
-1.00096 -0.606347 70
-0.023012 1.39611 70
0.356264 0.874645 70
-0.608542 0.0961606 70
-0.84318 -0.778949 70
8.63694 -0.157413 70
10.7876 -9.00178 70
-1.04557 0.289174 70
-10.606 -10.569 70
9.39518 -8.68317 70
-8.97181 -9.46778 70
10.4846 -11.0295 70
9.86659 1.12856 70
-0.691691 -11.3139 70
-0.805914 0.94781 70
11.3463 0.927996 70
11.0555 8.68729 70
-0.286234 0.343984 70
1.19941 -0.267118 70
31.1774 0.744053 70
-1.0633 -10.1343 70
-0.225163 -10.2787 70
0.83107 -0.0234364 70
-0.745467 -0.052613 70
1.2032 -10.3573 70
-11.0153 1.24842 70
-1.32936 0.702927 70
0.54348 -9.96413 70
-11.498 -10.0514 70
-49.7865 8.95134 70
10.2828 0.107322 70
0.922462 -1.03704 70
-20.9596 11.2298 70
1.11413 -9.3834 70
1.1155 1.02954 70
9.59297 1.41923 70
0.416895 0.825311 70
-0.285411 -9.65486 70
-0.348391 31.3069 70
-1.43092 9.54262 70
-0.479148 -0.323153 70
10.4429 -30.5413 70
59.8518 -60.4735 70
40.8122 -19.4547 70
-9.19045 -1.23148 70
-11.4365 0.47638 70
-11.4717 -0.133513 70
-1.2376 -1.00972 70
-0.734881 0.30266 70
-9.30527 -21.2543 70
9.7658 -30.9867 70
0.821471 -0.22735 70
-0.0212689 -1.29471 70
-0.933947 -0.856493 70
-0.706702 1.448 70
-0.690205 0.678963 70
-0.505626 -20.1498 70
19.7369 -11.1088 70
-0.527907 -0.7641 70
-30.8515 21.2013 70
-30.2552 19.9904 70
0.0377261 1.24686 70
-38.8771 10.8275 70
0.403609 -8.52332 70
-10.7476 -9.33699 70
-0.16425 0.589388 70
-40.4556 -40.0632 70
-10.5784 9.31479 70
-11.4307 10.1403 70
28.7707 10.1516 70
0.668074 0.73596 70
20.8446 -0.0734938 70
1.09427 0.859516 70
11.1157 -9.16909 70
11.2824 0.476811 70
-9.869 -10.2645 70
0.575891 -1.33894 70
59.7281 68.8505 70
10.4369 -1.2886 70
1.16484 0.497559 70
9.09966 -0.738187 70
18.9232 10.0945 70
10.6166 -1.02541 70
-9.43238 31.3803 70
0.195128 -1.47372 70
19.6377 0.807792 70
10.1697 1.29338 70
-0.395508 1.36026 70
-10.169 1.44925 70
9.14644 -9.07641 70
-0.319119 -8.62143 70
0.105457 -1.42904 70
0.948156 -20.0193 70
8.68251 -0.951193 70
1.45107 9.33112 70
0.121899 18.7713 70
0.443863 -0.288879 70
-1.35146 -9.21219 70
9.56576 -20.5785 70
10.2705 -9.50149 70
8.64234 -10.0049 70
-0.989663 -1.27518 70
0.852469 8.75823 70
-0.289592 9.99026 70
-0.236204 -1.12002 70
-18.6071 -0.640213 70
-0.361636 1.39706 70
28.7337 -40.5106 70
1.46181 1.07153 70
-10.1914 0.0695444 70
-10.0029 1.4013 70
-1.09511 -10.2141 70
-9.8356 1.16278 70
-8.82313 -10.1246 70
0.730182 1.43622 70
-39.7164 -59.8463 70
-0.793737 -9.32672 70
1.08941 -0.030942 70
-11.317 8.66679 70
-48.8885 -8.89321 70
1.02704 -9.56379 70
0.502886 0.233668 70
-0.418353 -0.482531 70
9.59675 0.749826 70
-11.3754 -1.45621 70
0.0790592 -8.82881 70
-1.2737 -1.15799 70
19.1743 10.5355 70
0.173269 11.1819 70
89.4378 1.20505 70
-0.223438 -0.684402 70
9.45889 38.6541 70
-8.65732 1.11547 70
-79.848 -10.1712 70
-38.9886 40.228 70
-0.392237 1.30981 70
18.6783 -11.4195 70
21.2735 29.1573 70
11.0069 -19.2345 70
-1.29096 9.66195 70
-0.441905 0.508576 70
-21.1343 60.3211 70
10.527 0.84076 70
10.0225 -0.712697 70
18.7803 40.8087 70
8.77599 -0.251198 70
0.660123 9.6802 70
21.4784 -10.2135 70
-0.559762 -0.968882 70
1.04831 0.767271 70
0.572119 -0.677397 70
8.93769 -1.46961 70
0.485254 0.263881 70
-0.687523 19.7369 70
-0.292424 8.92575 70
20.5285 -9.48157 70
21.0747 -9.12095 70
9.62405 -70.1621 70
-39.7942 -11.2615 70
-1.20889 0.41903 70
-0.501431 0.00949145 70
1.18178 -10.6006 70
-9.19638 -8.65949 70
0.929021 0.470315 70
0.555701 -10.095 70
-58.5454 -121.194 70
-0.951111 0.623366 70
-0.360911 1.23533 70
0.217775 0.978992 70
29.3502 -31.1903 70
29.131 -0.195158 70
-39.7121 78.9835 70
-19.8634 -10.1858 70
-10.3445 -11.1175 70
-29.9646 1.49997 70
8.56695 0.980991 70
-0.156529 -0.319006 70
10.1536 -9.11204 70
9.25306 -10.6561 70
-0.259789 -10.963 70
-9.46104 -9.40162 70
18.819 0.950195 70
9.44602 -0.0745616 70
10.8032 -9.88102 70
-0.492017 -11.3501 70
0.310947 -10.5478 70
28.5932 -10.711 70
-0.369952 1.04816 70
0.349431 -1.08405 70
-0.249757 11.2928 70
-8.54841 -11.2112 70
1.03154 10.0654 70
-9.72137 1.10304 70
10.8113 -0.986623 70
-0.902497 -10.1016 70
0.0365231 0.430961 70
0.130265 -10.1289 70
18.5197 -11.1865 70
20.1444 -9.1092 70
-9.32832 1.16395 70
10.8162 -1.36059 70
19.3461 -20.3588 70
9.09469 -9.28812 70
10.4816 0.611739 70
-9.55119 1.12356 70
-28.7549 19.0245 70
-11.4682 -19.7957 70
9.46908 -1.04971 70
-0.434008 -1.46861 70
19.2607 -9.25653 70
-19.3904 -18.7258 70
0.443076 1.4858 70
-11.4435 0.395787 70
0.781172 0.363716 70
-0.0353859 -9.052 70
-40.6768 18.9975 70
-38.5407 20.9693 70
10.1502 -10.308 70
1.27533 0.645225 70
0.975104 10.5725 70
-11.1724 -10.0588 70
18.5167 -1.41432 70
-0.922459 0.822148 70
1.26774 -9.41066 70
-9.67269 0.782178 70
-8.86706 -10.5764 70
-11.155 -11.0787 70
11.0042 58.9185 70
0.350135 11.3674 70
-30.4779 -59.1495 70
-19.4908 30.79 70
-0.180998 0.341637 70
-0.104799 -0.709302 70
-0.873975 -0.372335 70
0.81775 1.25797 70
-10.2802 -0.833843 70
-19.2245 28.8465 70
-0.143656 0.259363 70
0.68289 -1.09602 70
1.32967 -61.1101 70
38.6818 50.705 70
39.9517 49.8766 70
41.3519 -10.3453 70
10.1891 10.927 70
-9.80766 8.77446 70
0.164416 0.689905 70
9.8438 0.672173 70
-49.8755 -0.117798 70
29.9733 0.755014 70
0.32905 -10.157 70
-1.46786 -1.44159 70
-69.1072 -8.55919 70
-0.585549 -0.0097177 70
1.4469 -28.7885 70
0.894059 -1.40262 70
10.5083 0.0718834 70
-0.0781051 -20.71 70
31.1151 -8.59237 70
0.0516623 -0.387569 70
-0.457645 -1.42615 70
0.451467 -1.22045 70
0.680817 10.6579 70
-1.45699 8.94588 70
-30.6663 -1.09663 70
10.9568 -19.2219 70
0.705815 0.355158 70
-1.34024 0.00419279 70
-1.16469 -0.715047 70
-10.8268 -8.99284 70
8.68453 -20.7961 70
