8.9076 10.2825 70
8.5344 8.57485 70
0.350011 -1.09789 70
-0.884915 -0.0552487 70
-0.316564 11.0359 70
0.319431 0.0229196 70
-0.057698 -0.557133 70
1.22843 -30.3874 70
1.31568 10.3937 70
-9.43191 11.4872 70
-58.9788 -0.474846 70
10.4453 0.897988 70
0.75137 -10.2018 70
10.3383 30.794 70
-0.885546 -0.89714 70
0.226312 -0.16831 70
-10.5027 0.641082 70
-11.4162 0.0614982 70
11.1169 -9.86705 70
-11.232 -8.68653 70
11.0605 19.382 70
9.22723 69.6427 70
9.37071 11.0652 70
11.0676 10.4046 70
-1.04013 9.27392 70
11.3144 18.6035 70
0.76632 9.75123 70
21.0417 19.2911 70
10.3755 -0.695935 70
8.64839 9.81274 70
-0.559479 -9.36347 70
11.4265 -9.82569 70
9.50515 -10.9101 70
-1.07213 -1.07115 70
-31.019 9.10661 70
-1.0688 9.12061 70
0.55286 10.7566 70
-0.629378 -8.77535 70
-9.58342 10.511 70
-9.13049 69.4144 70
10.145 9.80976 70
29.5256 -0.939644 70
1.44123 19.4975 70
0.163095 -0.618881 70
-9.94951 11.1892 70
-20.8129 41.1901 70
-0.512555 9.23086 70
-10.9506 -0.605044 70
29.1366 50.9312 70
20.0205 -8.54906 70
-40.1549 -21.391 70
-10.7141 18.5629 70
0.503018 -0.778995 70
8.89642 0.0363405 70
-0.523043 -1.32645 70
-1.24022 10.9755 70
19.135 10.2615 70
9.62553 9.67719 70
0.852545 -0.412611 70
1.27105 0.906548 70
0.644973 8.94462 70
1.35897 10.6108 70
20.5777 0.374097 70
11.0156 20.4428 70
0.557634 9.97658 70
-0.287494 10.4117 70
10.214 -0.345708 70
-0.739413 0.254273 70
-9.32718 39.2494 70
-10.6361 38.6969 70
8.67918 1.31259 70
0.955525 0.0381396 70
-8.74592 -39.3428 70
0.864735 9.45063 70
19.7991 11.1218 70
-0.569192 0.16052 70
-0.727965 -1.35417 70
10.2786 21.2401 70
-8.75195 1.12183 70
31.3803 1.11288 70
8.81379 -39.8972 70
-20.5564 19.1452 70
20.0775 31.0166 70
-10.0121 -0.388327 70
28.8082 41.1141 70
9.15513 29.6942 70
-0.854291 -9.81875 70
-1.36959 -0.756605 70
31.0427 9.80243 70
10.0733 -0.92828 70
9.95189 -0.265453 70
10.9611 -0.701946 70
-10.8184 -8.50591 70
-0.380571 8.88456 70
10.6759 0.00923756 70
11.0232 39.1468 70
9.47703 41.3046 70
8.74176 40.6095 70
-0.416946 -0.0516065 70
8.87147 11.4733 70
10.9297 10.2711 70
29.9622 18.9988 70
20.6473 -8.6509 70
28.9423 -19.7252 70
70.5293 -29.7746 70
-0.952857 -1.02233 70
21.1052 -0.196801 70
9.64496 0.0934948 70
-0.495315 0.147786 70
10.031 1.39591 70
20.032 1.38051 70
-49.2564 60.6907 70
29.5743 29.6257 70
-31.2126 -10.3577 70
19.5997 29.214 70
9.41639 -0.242649 70
9.85969 10.4355 70
10.0811 38.8511 70
-9.71803 -10.5489 70
10.6806 -8.78259 70
-9.80358 1.26871 70
-0.0436881 -0.258161 70
-9.35834 -1.40602 70
-0.368508 -1.00959 70
-59.5412 -99.7976 70
-68.9525 -80.6388 70
-8.61316 -29.0986 70
0.75517 39.5795 70
8.98003 -8.70688 70
10.4953 9.60269 70
-0.791284 8.73713 70
-9.45192 -1.35797 70
1.39637 0.399128 70
1.23946 59.2417 70
1.4096 11.1994 70
1.07412 10.8077 70
1.09489 9.90084 70
-8.52837 0.913488 70
81.0706 -19.9687 70
-0.025709 10.9607 70
1.08191 10.965 70
0.0607722 0.676883 70
0.331047 0.556767 70
-1.10494 0.447339 70
-0.58982 9.3271 70
-1.37765 8.73879 70
0.247555 8.86515 70
8.80733 1.03762 70
10.9062 0.563099 70
10.2262 10.2606 70
-10.9163 -9.69713 70
8.5229 9.21921 70
-30.4994 -19.0936 70
-9.6731 -1.37051 70
-10.3856 -0.965111 70
9.24933 8.73173 70
-10.207 0.0143903 70
10.9317 19.1358 70
10.7175 10.3437 70
0.0877353 1.00854 70
1.13504 8.92748 70
8.82456 -10.682 70
8.60042 39.0142 70
29.8205 31.147 70
29.5339 31.1651 70
0.559029 -11.2854 70
10.4061 0.748845 70
-1.33721 -0.144475 70
-49.3499 -10.2672 70
10.5489 18.5202 70
19.2122 -10.4388 70
-30.1576 10.7238 70
-10.1561 9.90854 70
-29.4673 -1.26971 70
9.35364 0.223066 70
-19.117 19.2602 70
19.7061 19.9381 70
10.5264 -1.47006 70
-1.03252 8.84939 70
9.24488 0.510163 70
10.0398 11.1076 70
9.8011 -0.179713 70
11.1889 8.76948 70
8.9762 21.1025 70
20.3819 11.3878 70
11.3016 -0.884296 70
-9.8435 30.9153 70
-10.8241 29.6756 70
9.92589 -0.0973862 70
11.0215 -8.74495 70
29.6319 -8.9501 70
-1.31775 -31.4508 70
8.72859 9.3838 70
9.92724 11.1512 70
0.660736 0.656003 70
-0.391964 -1.30811 70
9.06619 -0.222433 70
9.18145 11.4149 70
10.6608 10.9191 70
8.92086 -0.877239 70
9.04303 -20.9581 70
10.664 8.85797 70
9.3018 1.29707 70
11.045 8.72486 70
9.46516 -20.4307 70
8.55258 11.3031 70
-8.5845 10.2197 70
10.9052 -18.8037 70
18.5129 28.5333 70
98.5283 61.0573 70
40.7128 19.2025 70
-49.087 -39.3975 70
-0.597886 -9.03457 70
-9.34384 1.31648 70
11.4418 8.59689 70
30.6503 -19.8418 70
29.6306 -21.4843 70
0.855632 -11.2192 70
9.27495 -0.860355 70
0.327248 -0.783866 70
29.4233 21.4675 70
-1.14652 -0.497154 70
1.04341 10.3864 70
0.913329 0.655539 70
-0.89748 -1.49603 70
11.0574 8.51901 70
-0.529239 -1.49317 70
0.307026 11.1462 70
-0.777607 9.18857 70
0.179526 8.90954 70
-0.421669 -10.0389 70
10.5391 0.387439 70
10.8053 20.1835 70
-20.2795 41.2784 70
-1.39137 1.30194 70
0.163148 -0.184961 70
9.52174 -0.0242724 70
19.0194 40.8161 70
50.0164 9.67716 70
59.7163 -10.3667 70
9.56267 -20.3379 70
-0.372122 18.6276 70
1.33955 21.3079 70
10.9489 -10.3636 70
0.291948 8.8545 70
20.5307 -1.26134 70
51.1443 19.8025 70
0.88124 0.299607 70
50.6744 -49.8973 70
0.720991 -0.712093 70
-10.6235 20.4511 70
50.8134 68.6094 70
9.51075 -0.261801 70
11.2372 -0.845204 70
60.2822 30.2125 70
29.3273 -9.76482 70
-10.2393 -20.1409 70
-1.02702 1.02683 70
-20.8024 -9.60684 70
0.451211 1.20486 70
1.27381 1.05633 70
41.056 0.864286 70
9.32855 10.7171 70
20.2526 -9.27349 70
20.3826 -9.84821 70
-0.584257 10.4542 70
9.2234 -0.995601 70
0.648864 -0.825221 70
0.734312 21.0773 70
10.4981 10.2545 70
8.77517 -10.7487 70
29.5886 0.613815 70
-9.59166 1.34484 70
10.6813 0.062044 70
0.34005 -11.1882 70
-0.235312 -40.2029 70
-0.40043 -39.9658 70
-70.9053 -29.0967 70
-0.399567 1.05506 70
8.62169 -0.388568 70
8.65406 10.9518 70
-1.37878 -0.340536 70
10.3815 8.60847 70
-0.596792 0.144095 70
0.969502 -1.32265 70
0.303789 -1.31566 70
-1.16351 11.2804 70
40.6772 10.1047 70
11.3757 0.645675 70
-8.64244 -0.630274 70
8.81947 -0.739654 70
0.116314 8.76942 70
0.135297 8.99081 70
10.9717 59.6758 70
-0.99048 9.66964 70
9.16993 0.634213 70
0.40688 0.600427 70
-1.00216 10.0248 70
-0.115211 -0.205431 70
-0.773384 8.99204 70
-9.30581 8.72684 70
9.5188 -0.775335 70
9.16215 -0.908981 70
30.6233 30.1154 70
-9.73862 -1.26079 70
10.1414 10.2834 70
9.99032 0.512313 70
-10.5175 1.06696 70
10.365 -9.58697 70
11.1183 0.414175 70
10.5536 11.0796 70
0.467786 -0.898042 70
9.2276 -0.339389 70
8.64875 11.2029 70
0.0365717 11.4437 70
19.9261 19.5904 70
-1.38057 -0.863541 70
19.0744 11.0488 70
10.5451 9.88988 70
11.2187 1.27835 70
21.1806 10.0202 70
-20.9011 0.536316 70
10.6986 10.3655 70
-0.754412 -1.32191 70
9.32119 9.9988 70
9.36431 0.568822 70
9.12064 -10.096 70
-0.698023 -0.0815392 70
-11.171 0.276541 70
20.4165 -1.44992 70
1.13873 9.99473 70
21.092 1.33291 70
19.6007 0.401938 70
9.17398 8.76919 70
11.0935 11.0487 70
-0.372034 1.25244 70
-0.521976 -9.08565 70
-0.91882 0.794043 70
-31.4028 -60.0112 70
-0.111035 -1.14891 70
-0.544705 1.45933 70
1.37426 -0.457793 70
28.7003 8.88894 70
9.33509 9.24851 70
39.4487 90.9663 70
19.6583 19.5635 70
30.7708 11.262 70
29.8077 10.958 70
-0.335304 -9.58423 70
-9.19403 -20.12 70
0.0262158 -0.292016 70
18.6562 -0.548775 70
-10.8818 11.2073 70
-1.09747 8.91942 70
-10.9672 -9.56522 70
0.694368 0.107003 70
19.8813 8.76006 70
28.8725 21.0338 70
-10.0354 21.4588 70
10.1494 10.623 70
9.59326 8.90207 70
-19.6876 28.9145 70
29.5865 0.568316 70
31.3248 -0.214431 70
18.6044 0.362602 70
-8.57314 71.2987 70
30.7285 29.631 70
-11.4854 1.11467 70
-0.165961 10.0976 70
-0.497709 0.177698 70
1.41345 -8.51887 70
21.1596 40.2706 70
20.7845 40.2259 70
9.06957 9.82476 70
0.205411 -0.862509 70
-10.4938 30.0388 70
0.363751 1.27052 70
9.13528 -0.96343 70
8.83742 0.0950786 70
-1.03222 11.2212 70
-1.10506 9.27962 70
0.616396 9.79321 70
10.1845 -1.18433 70
10.4317 -0.753866 70
50.8313 -30.1691 70
-30.3658 11.2929 70
20.6506 -10.2009 70
1.12883 -1.09092 70
0.313334 -31.3101 70
-0.704829 -0.788055 70
19.3154 0.923873 70
-9.87278 19.85 70
1.34459 -1.01639 70
9.11662 -10.0332 70
1.02712 10.8189 70
0.30445 -1.0741 70
-11.0235 0.969462 70
29.555 0.582117 70
29.6442 30.5901 70
8.87579 1.11179 70
-31.135 30.5591 70
1.12601 1.43892 70
-9.13031 20.4207 70
-120.731 -19.9452 70
-49.6634 9.50431 70
58.9019 -31.1815 70
28.585 -9.19225 70
10.9046 0.303197 70
11.2991 10.4408 70
11.4323 11.1626 70
10.6962 0.26149 70
-21.4912 18.8531 70
1.02157 0.412374 70
0.387614 8.83955 70
-1.24834 0.865112 70
31.3818 8.63177 70
-0.859112 9.88406 70
0.0938563 9.60496 70
18.7889 30.0611 70
0.4451 0.491035 70
0.17623 -0.0946421 70
0.946265 -0.456354 70
10.4255 0.165025 70
51.2863 -0.424001 70
-18.9179 -0.698299 70
10.0966 -0.361039 70
-109.315 -28.8204 70
-0.362708 9.15939 70
-19.9804 -1.29926 70
0.614536 29.6277 70
8.7036 0.260285 70
-8.9341 -0.192939 70
9.71275 0.145091 70
-19.2609 9.82688 70
-0.91931 10.8229 70
10.5077 10.4516 70
10.0243 0.552192 70
9.67713 9.11917 70
-0.312214 9.15612 70
-0.703087 8.70603 70
0.61579 10.8985 70
9.26794 -1.01183 70
9.47567 10.9321 70
21.1749 9.34837 70
-0.834837 -0.457775 70
11.3209 -8.55875 70
9.09908 -8.96054 70
-19.3044 8.5673 70
10.1547 -1.47924 70
29.8479 8.94618 70
-0.374935 9.49393 70
10.221 10.3096 70
39.0056 30.7606 70
-0.966138 10.1714 70
-1.20989 10.9718 70
-10.521 -19.2981 70
9.28261 8.86608 70
21.2481 11.241 70
-9.51649 -30.5582 70
21.0969 10.8388 70
10.9089 10.238 70
0.724982 28.9959 70
-0.517315 29.1863 70
-0.387759 -9.7279 70
-1.27575 -11.4303 70
-0.616303 -9.28454 70
39.1398 10.6488 70
-41.1099 -39.7341 70
-20.5469 18.6828 70
21.4668 10.2375 70
10.2785 71.0283 70
-10.6999 28.8703 70
0.519917 9.01312 70
-0.356589 -9.53181 70
10.5943 10.3092 70
-0.115736 11.4709 70
-0.852157 9.3069 70
-0.416186 -8.54462 70
-0.260076 -9.45089 70
-11.4812 11.2989 70
0.1142 20.6111 70
18.9717 -10.7746 70
-11.1212 -0.229849 70
-1.08523 0.552032 70
-1.43949 10.401 70
-0.672544 0.951175 70
10.9818 -0.0679187 70
-68.6156 10.1386 70
-0.0998679 9.35074 70
0.829778 10.9943 70
30.0075 0.790673 70
9.02025 0.824315 70
9.41909 -20.9283 70
10.0069 9.40425 70
20.6938 -19.74 70
10.5645 -0.541295 70
8.61692 -29.2294 70
9.25246 0.439857 70
0.881478 0.516574 70
0.563796 10.427 70
10.9197 0.477598 70
11.1912 19.7486 70
0.323162 -1.04632 70
-0.383254 10.0687 70
-41.4748 -10.7976 70
0.415126 18.6688 70
1.2047 9.5976 70
0.0759249 10.9303 70
-1.39561 0.608169 70
-20.4629 -9.34808 70
-0.0478033 9.32604 70
10.8036 -10.8272 70
10.5859 0.0901864 70
10.2553 -31.2694 70
11.3509 -28.6762 70
9.62425 19.6031 70
11.3014 0.488632 70
20.7915 -1.46335 70
21.4345 10.2985 70
20.9648 0.694771 70
-1.06171 9.9905 70
-1.3314 9.3508 70
-10.4193 1.08326 70
10.2615 10.9186 70
-10.2471 -0.576308 70
10.1568 9.1462 70
-31.166 -0.923006 70
-10.2348 1.1604 70
78.6167 -29.2359 70
-19.9321 -1.45224 70
-19.7921 -1.14008 70
10.1438 -1.24968 70
9.23353 9.87229 70
0.781795 10.3956 70
0.844832 9.5753 70
0.943392 9.55046 70
-89.6628 -29.567 70
-1.39203 -1.28872 70
1.25916 8.78174 70
-20.7369 29.9523 70
21.3679 60.8396 70
0.150314 10.5928 70
-19.6218 9.10821 70
-0.541145 -9.52756 70
9.69114 10.7242 70
-8.74028 8.6383 70
9.51611 0.184514 70
-1.21897 0.0662939 70
-0.626554 20.171 70
1.42855 0.435472 70
-60.5956 79.1272 70
0.287774 1.08117 70
0.989453 -0.521357 70
9.56 1.26205 70
11.4997 31.3182 70
20.3412 -10.5683 70
21.4695 9.12436 70
10.3245 11.3366 70
-21.4885 21.46 70
9.03421 -0.858145 70
41.0008 10.2152 70
19.2927 -0.0271947 70
1.32977 10.5407 70
10.8795 10.957 70
1.16861 0.298182 70
0.441813 -8.90703 70
50.7479 -0.616394 70
0.983768 0.0852015 70
-9.13907 -0.7277 70
-9.9816 -0.254879 70
-41.1745 31.0416 70
-21.1505 -29.8138 70
20.8284 9.71288 70
-9.79632 -9.76277 70
-0.305696 10.4501 70
-0.203368 8.63561 70
0.403914 9.08574 70
0.460944 119.451 70
9.58865 11.0637 70
-0.284227 9.35226 70
-18.6623 19.1917 70
20.7979 0.70383 70
-19.4651 51.0175 70
10.2392 11.1315 70
-0.170722 1.00829 70
-11.3325 10.3091 70
48.7605 8.63363 70
9.48126 8.60964 70
0.263178 8.76974 70
0.499909 -1.13802 70
11.4183 11.2719 70
10.4024 9.49839 70
40.7046 29.9736 70
-19.8611 -9.75266 70
-0.842498 1.16939 70
9.68932 9.78838 70
-11.1894 0.401427 70
-0.763249 -1.11029 70
-9.20651 10.8958 70
0.553298 -0.550745 70
8.98608 10.502 70
-0.825801 9.94015 70
10.5783 8.94254 70
31.4122 0.864543 70
-41.1559 29.8474 70
9.02819 9.90457 70
0.627675 30.1961 70
-11.1003 -10.0572 70
10.7843 -21.2048 70
0.542697 -10.5715 70
10.3331 0.161707 70
9.18327 10.6136 70
-0.40912 9.12343 70
0.377558 9.43149 70
0.0745073 -0.617974 70
31.1533 -20.4761 70
40.1515 -40.2068 70
8.89128 30.2948 70
-31.126 -11.3669 70
8.77856 -20.5782 70
20.2963 0.552296 70
-9.19427 29.9081 70
10.9854 9.89199 70
9.05609 10.331 70
9.57256 11.0631 70
10.8255 11.115 70
-1.29614 11.0881 70
0.767837 -9.29923 70
0.611665 9.70494 70
8.58933 28.6217 70
29.7462 9.03396 70
-21.0376 -8.87855 70
-18.9517 -9.50601 70
19.2465 10.4965 70
-10.0927 1.41188 70
0.19538 9.15149 70
-0.296708 1.48551 70
10.2261 10.4968 70
8.85707 11.0402 70
0.0127545 10.8368 70
29.6915 -0.685887 70
-1.49805 1.39391 70
-1.40709 10.4261 70
8.78347 9.78117 70
-1.14419 20.1245 70
0.515349 11.3192 70
-1.39622 1.1859 70
-1.37231 8.63636 70
9.67832 10.7668 70
10.1414 10.6407 70
-19.049 9.57909 70
-39.9252 10.3296 70
0.060021 -1.46507 70
10.2609 8.92125 70
8.76432 8.59608 70
11.1081 0.66886 70
0.26137 0.959331 70
19.0025 10.3909 70
0.710788 -1.24492 70
9.25573 0.26449 70
0.48629 9.96362 70
-1.38392 21.2768 70
10.1761 -18.7268 70
-1.44975 8.85553 70
-0.459247 0.243262 70
1.15063 9.48921 70
-0.991462 8.96663 70
10.4125 -0.848016 70
-1.24072 -10.4457 70
-10.018 -9.72723 70
11.0937 -19.5753 70
29.0529 -9.92547 70
19.2805 -30.4549 70
10.2266 10.1825 70
9.66005 11.0108 70
-11.3409 -0.969236 70
1.40305 -0.265402 70
-19.704 -0.12022 70
-0.815522 10.3329 70
-0.509516 18.9582 70
-39.6337 19.3164 70
-0.200639 -0.940005 70
10.0117 9.75262 70
89.1101 111.063 70
10.5261 -0.883404 70
9.22156 0.387463 70
-1.05105 10.8781 70
-9.65594 -1.03742 70
-10.2955 8.68898 70
-1.27729 9.40502 70
-1.15967 20.534 70
9.73718 -0.151505 70
0.353049 9.24853 70
0.195763 10.6151 70
1.3027 9.76464 70
10.2465 -29.4467 70
