49.9718 9.57356 70
-8.71319 0.290782 70
-9.43329 -10.2645 70
-20.8692 -49.2522 70
29.308 51.4914 70
-1.33584 -1.19847 70
10.6827 79.7404 70
-8.63804 -10.4606 70
-9.68742 9.5053 70
-19.025 -19.1305 70
-9.53772 0.470129 70
-8.71289 -0.634905 70
1.00551 0.932969 70
1.17961 0.757825 70
49.5232 9.80373 70
-0.558242 -0.391491 70
9.08023 41.1499 70
0.633352 -0.127138 70
-11.1106 8.88132 70
-8.84081 -10.6156 70
-10.6706 0.756734 70
-0.0376081 -1.49699 70
0.0630176 -0.100977 70
8.94882 -0.543281 70
0.75036 -0.534286 70
0.444311 -1.13417 70
-9.57182 -1.04161 70
-8.65424 0.0625791 70
-11.1365 -1.06512 70
-0.353446 -0.969994 70
0.0934979 0.0109767 70
28.6594 -8.78146 70
-0.642712 8.88392 70
-10.5132 20.0263 70
-0.180769 -1.2476 70
9.33163 -0.841303 70
-1.09244 41.3717 70
19.5851 11.0669 70
-1.46516 19.4664 70
-11.1464 1.44734 70
10.7983 -8.61916 70
1.13132 -9.98616 70
-10.8242 -0.986857 70
1.26434 0.572206 70
29.4645 8.96494 70
-30.1901 8.73 70
1.00858 -0.546218 70
1.26715 9.90004 70
-8.88114 -0.705437 70
10.4803 -0.797344 70
-9.10618 0.497891 70
-11.3504 0.357088 70
-21.4831 19.6422 70
1.40313 11.1221 70
-1.36427 0.993497 70
-0.691784 1.01043 70
0.661632 1.36822 70
-1.44494 -1.41892 70
-0.874988 -1.25179 70
-18.876 0.925191 70
1.09077 0.721651 70
-0.55641 -0.839407 70
40.2284 -9.21936 70
9.30381 -9.74634 70
0.371654 49.6492 70
-11.1333 -1.18718 70
-0.809379 0.553595 70
-20.622 -0.384221 70
1.29508 -8.95174 70
-71.2489 60.308 70
1.21543 -8.763 70
9.51175 0.691738 70
-80.0449 -98.7393 70
0.392986 -0.430006 70
0.425571 1.01541 70
-10.8987 10.1331 70
0.796146 20.9437 70
-0.142799 -0.951616 70
-9.81571 8.66702 70
-10.7258 41.2724 70
-0.872748 41.0033 70
0.337619 -1.27764 70
19.7977 -20.5128 70
-0.603562 21.1871 70
0.172029 8.89162 70
-1.20678 10.7737 70
0.443204 29.5699 70
-0.966767 9.03552 70
-21.4442 18.7751 70
-1.45972 -0.111797 70
-0.745776 9.38405 70
-1.20765 -1.05765 70
1.35464 0.189884 70
11.0074 0.528409 70
10.3444 -9.17949 70
0.890646 -9.4639 70
-0.798114 -9.65061 70
-0.227943 -9.5942 70
-0.202078 -0.237976 70
1.4484 -0.901728 70
0.744835 -0.108329 70
0.534163 -0.185797 70
-0.164191 0.0646649 70
-21.2486 18.727 70
-8.87606 -9.5921 70
-0.233961 30.3156 70
10.0482 -19.954 70
9.83935 19.265 70
-11.4311 -18.9256 70
0.998585 0.610951 70
-0.698593 -10.1785 70
-9.52614 0.512293 70
-0.904493 0.135367 70
-29.1473 9.27604 70
-10.8775 1.4417 70
-0.765157 0.298277 70
-10.4209 -0.0904561 70
-0.854044 0.830027 70
-29.0885 1.40151 70
9.68087 10.5707 70
-0.77485 0.53539 70
0.531794 -1.10162 70
-9.06854 -0.429057 70
-0.230898 -0.947936 70
-0.0796954 0.97656 70
11.3839 -11.3584 70
-9.70117 -1.44735 70
-1.38988 -0.400094 70
-20.9654 10.0809 70
0.50423 -1.0994 70
-0.0884011 -0.281683 70
1.16469 -20.9165 70
8.71239 10.0077 70
-0.197507 21.156 70
20.5284 -9.76536 70
1.17576 0.738698 70
-30.1974 -19.359 70
19.6182 40.2402 70
-1.3503 -21.0908 70
-28.8243 9.76778 70
1.34134 1.44918 70
-10.0208 9.78711 70
-0.532707 -20.9147 70
0.229806 0.339424 70
-0.833025 10.0474 70
19.4151 21.3353 70
-0.803323 -0.613143 70
0.439938 -0.558998 70
0.883571 10.1543 70
0.49204 -11.4042 70
-19.9086 1.17475 70
1.48809 20.9677 70
18.6073 -19.4294 70
-9.70541 121.028 70
1.40857 0.0013407 70
0.206155 9.91769 70
-9.70933 0.616983 70
-11.2162 -0.445542 70
-0.298999 0.81366 70
-0.294822 1.18 70
-0.589072 0.0724451 70
-9.01751 0.310152 70
11.0548 -11.1721 70
-0.471574 1.13705 70
-0.714052 -0.623675 70
-10.2765 -18.9392 70
-0.0855084 -1.25754 70
-8.50786 8.65827 70
-0.163631 -8.97167 70
-1.35486 21.3679 70
-10.3383 -1.33467 70
-10.2278 -1.40764 70
-1.27139 0.358812 70
-9.43962 -1.34312 70
0.500877 10.0736 70
-19.703 -40.6649 70
1.23324 -0.544518 70
-20.5685 10.6336 70
-8.87104 0.0799095 70
9.03693 20.5467 70
10.4861 28.5235 70
0.162337 -1.09094 70
-1.21736 -0.897922 70
1.3569 -0.679494 70
-10.1377 -10.0455 70
-9.8627 9.77088 70
20.8848 29.4356 70
-9.4019 11.0002 70
-0.288214 -10.1891 70
-0.736581 1.37431 70
1.02693 0.97245 70
-9.63655 -1.20371 70
1.28081 -1.21161 70
-1.14009 9.68064 70
-0.508611 -10.8036 70
-21.2868 9.99745 70
-0.188728 -1.19087 70
-0.70928 -1.15348 70
-0.5724 -0.226537 70
9.12269 9.86117 70
28.6543 -10.644 70
0.659854 9.74647 70
0.921558 -1.18835 70
-8.90133 -0.655483 70
-0.0852623 -10.2721 70
-39.227 18.7705 70
-20.1548 -19.3228 70
-18.5278 -18.724 70
-40.2143 -0.39966 70
29.9276 8.56456 70
11.2674 10.4475 70
-8.671 -28.5197 70
1.26835 0.447417 70
-0.67933 10.7779 70
20.7769 -1.02229 70
-19.1332 11.1375 70
-9.93862 0.169502 70
-39.7615 -30.2994 70
10.1312 0.244901 70
-1.28748 19.3847 70
-0.905513 1.17844 70
-51.0961 38.875 70
-10.8927 -1.40927 70
-11.4121 -11.2788 70
8.99312 11.0798 70
-19.6572 1.17434 70
-19.5757 -0.599078 70
0.811299 -0.498706 70
-9.22013 20.9172 70
-9.74965 1.44281 70
-1.44076 10.4044 70
-0.644259 -9.84221 70
9.65087 -0.510756 70
11.0216 10.6432 70
-10.0517 0.143611 70
-1.09406 -1.16379 70
-19.8864 48.6197 70
1.38766 0.412984 70
1.11407 8.54206 70
0.708346 30.8491 70
-1.0125 0.0362746 70
-0.320806 0.377548 70
-11.087 21.3748 70
-11.2745 9.59825 70
-20.2117 21.3983 70
0.850263 -0.792663 70
8.54919 -0.100961 70
-8.80612 -8.9384 70
0.431881 -10.9015 70
-29.6599 -10.1047 70
19.358 0.121827 70
-0.383441 -0.396574 70
20.4983 -0.935806 70
-21.4001 38.7015 70
8.97253 -10.1448 70
-21.438 11.0136 70
-1.16409 -1.17921 70
10.1718 9.53073 70
0.98001 19.223 70
-1.18339 -1.21114 70
-9.18389 0.26059 70
-8.94027 -0.543505 70
-10.1395 10.4207 70
-38.8924 -0.496105 70
-0.5762 9.79393 70
-1.14052 9.10358 70
-11.3345 18.6033 70
-9.18529 10.0979 70
19.1929 -11.2806 70
-38.6846 -20.0432 70
-10.1316 10.0749 70
-18.9545 -11.1559 70
8.97844 20.8586 70
8.86309 -0.267806 70
-21.0272 -68.7544 70
-10.6722 0.719509 70
-11.053 -0.547853 70
0.873354 0.212516 70
-18.6981 -9.11404 70
18.5656 10.5131 70
-9.41195 -0.0331829 70
-0.695391 1.09127 70
0.556877 19.9549 70
-10.6482 -1.40161 70
10.1442 49.5211 70
11.4969 50.8308 70
-9.60005 -0.994663 70
0.828044 -1.18524 70
-0.761842 9.45514 70
0.43304 10.5797 70
-10.106 -1.29767 70
1.29193 -10.9392 70
-8.95513 -0.156479 70
0.0517843 10.4924 70
8.73534 9.31958 70
0.480787 0.400319 70
-11.3845 -11.4823 70
-10.6931 -11.3738 70
-0.672846 -1.41613 70
0.805882 0.134178 70
0.81785 1.41904 70
9.61783 10.9638 70
-10.3302 8.68432 70
-19.0152 -30.1088 70
0.757353 0.892845 70
-0.480721 -1.31398 70
-0.281978 10.9032 70
9.5842 -9.36767 70
-8.64694 10.7645 70
-29.293 9.39666 70
-21.4751 50.75 70
-9.32309 -9.97863 70
1.16991 -0.235083 70
1.14582 -0.628389 70
-1.19521 30.8777 70
1.00599 31.0036 70
1.47348 -0.671555 70
21.0532 0.597538 70
-11.0781 20.7637 70
19.2719 20.1713 70
0.624159 0.476482 70
-9.42274 -11.0573 70
-88.7329 30.7114 70
91.1161 -69.9605 70
-11.3103 -10.1257 70
30.9007 10.8472 70
31.1805 9.48503 70
0.488778 1.22077 70
-0.500751 -0.681822 70
1.09929 20.1355 70
-10.2852 -9.97296 70
-0.197928 9.83986 70
90.2551 20.3515 70
0.276432 11.1702 70
-0.816648 1.49147 70
-30.801 -8.69927 70
0.575801 -0.612048 70
-20.1462 -11.0118 70
-19.002 -10.2614 70
-10.5511 11.3965 70
-9.4418 -8.90638 70
9.74365 -19.0993 70
19.8025 -8.80235 70
1.24522 1.01188 70
-20.1698 -0.589803 70
-0.369399 9.82069 70
-0.676548 11.2435 70
10.9257 9.95042 70
-10.8013 -9.80296 70
-9.01403 10.0351 70
-1.20399 8.90189 70
-10.6111 -9.19325 70
18.9119 -31.3558 70
-0.195307 -0.645178 70
-9.07884 0.17574 70
9.83162 20.4735 70
1.33134 100.166 70
50.1329 58.6609 70
-31.2795 0.499718 70
-20.688 19.1723 70
-1.33759 21.0826 70
11.1391 -10.2238 70
-0.780521 0.383567 70
0.772898 -1.299 70
0.654841 1.28243 70
-10.7175 9.97418 70
0.440306 -20.5944 70
-1.04745 0.314959 70
0.447204 0.302524 70
-0.172269 -1.48086 70
-0.263613 -0.50123 70
0.460058 1.03604 70
0.129005 -0.79861 70
-0.941885 -8.96656 70
0.862907 0.850494 70
-0.666602 10.9566 70
-0.0400093 -0.608855 70
-20.1823 20.0617 70
0.015858 10.254 70
10.1279 9.18087 70
-9.83045 0.17555 70
0.713444 0.652621 70
-0.78718 9.3028 70
9.02763 -0.028852 70
-1.40059 1.06441 70
-8.81529 -0.236153 70
-0.148038 -0.291497 70
28.5971 1.2029 70
-10.0046 0.762391 70
-11.3005 10.4256 70
-0.204418 0.715239 70
-0.987707 10.5902 70
-10.2354 1.101 70
-1.23978 -0.490019 70
-8.87812 1.1583 70
-8.63316 -0.752154 70
0.67539 0.480884 70
-9.53784 0.311253 70
8.95125 9.44102 70
1.43569 1.38672 70
9.2201 1.11219 70
8.8965 -1.001 70
10.6359 10.2909 70
0.641553 1.27347 70
0.402214 -1.34629 70
1.19234 1.49891 70
-9.80206 0.996274 70
1.42769 -0.321496 70
-11.1703 10.8659 70
-11.1337 10.9935 70
-10.0887 -1.44805 70
-11.2893 -0.498235 70
0.724801 0.53075 70
10.7371 -9.56471 70
-1.05836 1.21487 70
20.7933 0.426362 70
-9.35547 8.90201 70
1.45212 8.83617 70
-8.61487 0.859464 70
-0.232286 -10.7107 70
-0.635909 -11.2608 70
-10.1892 -8.76007 70
-8.94766 -9.25489 70
0.901186 0.368869 70
18.6853 11.3699 70
21.3918 11.075 70
-0.483389 8.56012 70
0.850489 -0.751376 70
-20.553 10.4432 70
18.6767 -10.0042 70
1.38276 0.130315 70
1.20991 -1.04421 70
31.0589 11.3956 70
-9.33807 0.24303 70
8.61305 30.3392 70
-18.5937 28.8265 70
-8.69812 -1.00123 70
-0.665969 -0.597833 70
-9.16178 1.17566 70
-0.607267 -1.31001 70
1.28567 -8.6047 70
-9.5216 -18.55 70
-0.840736 -0.83305 70
-0.655577 0.638061 70
-1.37309 1.39163 70
0.107603 1.1567 70
-10.4682 -0.225013 70
0.611525 -0.636051 70
-10.5583 11.2885 70
1.45631 0.573686 70
0.265103 -0.245137 70
-18.5003 -0.532128 70
-69.4018 41.376 70
1.41353 0.14792 70
1.00632 -8.92713 70
0.783925 1.03186 70
-20.9068 0.911405 70
0.317612 29.4943 70
-0.508139 -20.5383 70
0.497815 -0.0139733 70
-1.46217 0.291315 70
-0.0724162 -0.907654 70
10.5331 10.954 70
70.2346 109.301 70
-0.849032 -0.678679 70
11.2095 21.1639 70
-31.324 -18.8978 70
-0.565773 -20.5439 70
-9.92253 19.8691 70
0.940055 -0.804547 70
-0.789794 1.23037 70
-8.95566 11.1932 70
-0.0744207 9.93972 70
1.31005 29.3389 70
19.5437 1.42024 70
-0.525667 -0.43088 70
0.815086 1.17804 70
-11.2901 9.68895 70
-8.58299 0.810499 70
-0.857863 21.4018 70
-0.747271 -0.72009 70
8.75895 -10.3998 70
-0.479331 -1.24116 70
-0.4812 -0.851487 70
-1.20612 9.01442 70
-0.872251 -10.209 70
0.607854 1.37268 70
0.139653 1.31749 70
9.77651 38.9154 70
49.5352 -70.275 70
1.35648 -0.290746 70
0.68907 -0.235034 70
-1.46968 0.049186 70
30.8903 20.9395 70
-0.645721 -0.654621 70
8.63779 0.440299 70
49.9413 29.7252 70
-108.525 0.210358 70
-0.754112 9.68002 70
-11.3217 -10.5413 70
1.49517 0.225158 70
-0.43223 8.92385 70
-1.24604 0.00583501 70
-0.0984093 0.0535268 70
-10.3051 -0.413346 70
-8.7979 0.139655 70
-8.53411 0.355556 70
-11.2558 -1.31768 70
-9.17794 0.519941 70
-0.6774 1.29959 70
9.27322 19.0883 70
-29.1886 -20.5783 70
59.8441 -39.5325 70
0.72077 0.838635 70
-11.3433 -1.24979 70
0.245469 10.9783 70
-10.5373 1.42277 70
-11.4128 -1.32857 70
-10.476 1.03533 70
0.65908 0.641181 70
-0.847151 -0.410212 70
-1.03151 1.4359 70
-31.1581 -9.30622 70
-19.5585 -21.4401 70
1.47456 -0.269685 70
-0.735198 11.4903 70
-10.894 -10.9815 70
-10.985 -8.51046 70
-0.314007 -0.229189 70
0.0105907 10.4009 70
-18.5536 40.1955 70
1.00183 0.821706 70
119.378 -1.14732 70
1.24681 10.2325 70
-9.73214 9.18952 70
-1.16459 0.0580188 70
0.163174 1.04399 70
9.95737 18.9803 70
8.82071 19.8274 70
-9.72099 10.2057 70
0.773046 1.13595 70
-10.0405 -1.09051 70
0.486865 -10.9074 70
-20.3896 0.488304 70
-0.119669 0.303406 70
0.67816 1.3528 70
-11.3087 9.83287 70
-9.99034 -10.55 70
-1.49031 -1.22806 70
-0.0842551 -10.6614 70
11.3772 -1.4906 70
-1.11325 10.1487 70
-1.03684 -1.49756 70
-0.405891 8.57624 70
20.9033 -0.287943 70
1.00859 0.218259 70
-40.7283 60.9497 70
-0.788369 -9.38317 70
11.2053 30.4014 70
1.00695 -0.329573 70
-10.8867 0.0186694 70
-0.237593 -20.8417 70
-28.6738 -9.03984 70
-10.1088 0.0368962 70
0.383505 8.61181 70
0.419424 8.68281 70
18.9338 9.23791 70
-19.9743 -0.451169 70
0.80754 1.04527 70
-10.847 0.226852 70
0.0252351 -0.720189 70
-21.4608 11.1912 70
-9.11481 -10.3324 70
0.723926 1.1034 70
-0.795454 1.03429 70
8.84869 0.979785 70
-0.0521036 50.4623 70
-9.76326 0.972497 70
-0.772539 -0.950197 70
-19.4562 -0.908897 70
1.28255 11.4456 70
1.07548 -1.3487 70
1.32385 18.5752 70
-1.21399 -0.0620056 70
1.31002 -19.4984 70
-48.9655 120.165 70
11.0171 60.7454 70
0.592434 0.895244 70
19.8981 -10.1086 70
9.23652 -10.4008 70
-10.2232 -0.888462 70
-0.0980758 -1.19435 70
-0.8449 -19.3758 70
-11.3685 0.818197 70
-10.3785 -10.029 70
-1.14375 0.41891 70
0.163604 1.31802 70
-0.787854 -1.4139 70
-10.2822 -10.5323 70
-0.282258 -0.728009 70
1.424 0.911526 70
9.95994 11.2477 70
-0.526414 -8.88199 70
-10.9894 -0.45101 70
-0.581528 9.39992 70
0.17884 0.863368 70
-20.5641 -18.538 70
0.109161 -0.328249 70
-1.01026 -0.960552 70
-1.35807 0.700998 70
9.83643 10.7772 70
1.28029 -10.0041 70
1.01452 -0.0939006 70
0.932202 0.109946 70
-1.46794 1.22849 70
-1.22234 -11.2238 70
0.434153 10.1135 70
-10.5542 0.500022 70
60.8303 -1.18024 70
-10.8178 -1.49538 70
0.434299 -10.6497 70
11.2024 19.6997 70
-1.16059 -0.182424 70
0.0449787 0.119119 70
-0.865261 11.0607 70
19.454 9.06972 70
-0.995868 0.951455 70
10.5304 8.64905 70
-0.37788 -9.07325 70
0.134889 -11.3974 70
0.0987307 -10.2719 70
9.42494 9.74685 70
0.506847 -0.241665 70
1.18487 -9.22326 70
-0.371975 -0.147057 70
-9.67592 1.38102 70
0.239008 -9.71942 70
0.814117 0.105124 70
-0.477512 1.17325 70
-10.145 -9.5828 70
8.75314 19.6488 70
-8.7606 0.617041 70
-9.73625 -8.53847 70
-0.415396 20.2572 70
-10.5561 -0.574105 70
1.18678 30.5143 70
1.21329 0.37631 70
-0.868119 1.09323 70
-9.71759 0.852006 70
10.8884 -8.707 70
-18.9669 -0.0279495 70
-10.6491 0.343336 70
-9.70022 1.16394 70
1.12538 0.702199 70
-0.109225 -0.225591 70
0.642977 -0.408323 70
-0.328954 -0.582399 70
0.162293 9.95473 70
59.0074 31.3547 70
-0.922502 1.26128 70
9.74987 -9.57038 70
-20.6263 11.0928 70
0.95026 0.67923 70
0.580896 10.3755 70
-9.53327 0.789504 70
0.304278 -1.48806 70
-39.5241 9.67346 70
0.66489 11.0279 70
-1.1122 1.46365 70
0.127157 0.994241 70
-18.7765 -0.566813 70
8.76643 0.088977 70
-9.49856 -1.01649 70
-49.4115 11.1768 70
-9.51901 -0.254066 70
0.110953 -0.206605 70
-1.37082 -0.0741903 70
-0.773944 8.99759 70
-9.28902 -0.280422 70
-31.0248 28.8327 70
1.40555 8.69047 70
-0.121735 -0.881713 70
-1.08896 -0.103082 70
-0.205257 1.05377 70
0.525632 10.787 70
-0.883591 0.426724 70
0.675841 1.23699 70
-10.3957 9.50751 70
-10.4902 10.1256 70
0.447092 -1.10688 70
-0.938695 1.26915 70
41.0438 0.222761 70
1.37169 11.2897 70
-8.70195 -0.402058 70
-30.8199 10.8979 70
-0.884275 9.94055 70
-28.9274 -21.1294 70
-29.5333 -20.7965 70
0.766998 9.74196 70
9.73914 -9.78467 70
10.5249 -0.575563 70
0.673271 -0.993783 70
20.736 -18.9161 70
-10.5143 -1.35829 70
0.127928 0.622974 70
-1.25745 1.48141 70
-0.718206 -1.30987 70
20.845 9.24601 70
8.79523 9.10544 70
1.07639 1.26306 70
1.27742 -1.23467 70
-0.549177 9.8007 70
-50.391 59.3943 70
8.6438 0.368885 70
9.99352 0.387719 70
-0.80519 29.579 70
1.41257 -21.1748 70
-1.18616 -1.33434 70
-1.40118 1.28901 70
1.49386 0.564498 70
0.114467 -8.6053 70
0.60957 8.85688 70
10.8929 20.6988 70
-0.860861 -8.51053 70
-20.3426 29.0819 70
20.4323 -20.5694 70
-10.0828 0.506913 70
