-0.818508 38.5517 70
1.29482 10.7902 70
-0.883126 -1.24663 70
-20.445 1.29023 70
-20.3327 10.9762 70
1.05484 -0.736483 70
0.0319451 0.177326 70
10.044 -1.17679 70
-18.6202 39.5848 70
-30.7943 -8.87913 70
1.20272 10.0391 70
-1.27311 -9.88584 70
0.522087 -0.502016 70
-19.2407 9.33957 70
1.36276 0.265476 70
1.04508 -1.35992 70
29.1807 28.8428 70
-1.24014 -1.42666 70
0.593172 -0.231046 70
-20.5566 50.0443 70
-0.250817 1.41843 70
38.9519 29.2017 70
1.32829 0.707504 70
-0.42728 0.14292 70
-0.313956 -0.0577306 70
-1.39131 19.9391 70
30.4231 20.4088 70
0.218524 0.0418322 70
28.6575 18.6797 70
-0.0805129 10.0829 70
10.231 8.77563 70
-9.58165 20.2124 70
9.02158 10.5371 70
19.2918 -1.3593 70
21.3571 -1.25165 70
9.27661 -0.277436 70
-10.9758 -1.31308 70
-28.5001 -9.49394 70
-31.2595 -9.89155 70
20.7548 -0.00712697 70
20.0894 0.23291 70
21.3487 0.459427 70
8.84048 -1.25083 70
-0.163207 1.2882 70
1.07262 0.587902 70
1.47354 -0.614991 70
0.632023 -1.48213 70
-1.38473 -0.796999 70
-0.919602 -0.34437 70
-0.156492 1.26263 70
9.6667 -9.92512 70
9.61361 0.318706 70
8.54537 0.166625 70
-50.0646 -30.3481 70
-48.6748 -29.1923 70
-10.3513 -0.236834 70
0.547876 -8.6983 70
8.88162 19.2984 70
0.373803 9.57927 70
9.83951 10.0525 70
48.6912 -1.21022 70
0.537486 1.35859 70
10.4433 10.3053 70
1.13664 29.1348 70
-41.4472 -18.5943 70
-10.9695 11.4567 70
109.706 49.1122 70
20.5255 9.87342 70
19.446 -31.2687 70
1.47545 -0.913779 70
19.5098 -20.8156 70
8.90235 8.96162 70
-0.989079 0.53351 70
-40.1873 9.41266 70
-21.4303 -9.83068 70
-1.31546 10.0304 70
20.198 -8.92648 70
-9.71646 -0.729469 70
-9.01918 8.88072 70
-10.7016 1.22505 70
10.5796 -0.676379 70
10.9684 -0.113423 70
-1.48632 8.618 70
-0.201766 0.277842 70
-9.28021 0.547946 70
0.698392 10.0431 70
10.2418 -9.64721 70
0.928557 1.00799 70
-1.0345 11.3082 70
-29.1017 -0.602597 70
10.9129 -0.632378 70
9.86748 8.56039 70
40.7659 -8.93953 70
10.0897 21.1971 70
-1.17575 18.7536 70
-0.195254 -1.27835 70
0.594166 -0.214314 70
-0.586919 20.1934 70
1.19559 -1.49339 70
-10.6375 29.4256 70
9.49234 8.82369 70
-10.9667 8.81169 70
-9.32523 -10.4777 70
21.4187 -11.2217 70
60.8628 39.4612 70
61.1882 40.5126 70
10.7605 9.57819 70
-0.845905 0.582808 70
-1.16346 1.48126 70
1.16629 0.917962 70
-0.449102 -1.05092 70
10.3199 10.2691 70
19.7093 -50.0349 70
0.7843 11.0382 70
-1.12285 -0.324749 70
0.683932 -8.52901 70
-0.87283 -11.4725 70
0.187191 0.964924 70
-0.699098 -0.853934 70
-1.27135 -0.684589 70
-0.657255 9.86212 70
0.616361 -0.519995 70
-0.653764 19.072 70
-20.7133 9.83344 70
8.93865 -11.01 70
60.974 -61.4487 70
10.449 9.57852 70
-49.0614 -21.222 70
1.21704 -8.77173 70
11.014 -0.222041 70
0.656993 0.412386 70
-1.34004 -0.643127 70
-0.811611 9.35218 70
-0.807095 -41.3235 70
-38.9853 9.59511 70
-19.5315 -20.0838 70
-19.1874 -20.9713 70
-0.739262 9.87208 70
0.888748 -0.858067 70
11.1926 0.115317 70
10.0006 9.48424 70
-0.378208 0.349694 70
10.2343 -0.888642 70
-0.66541 29.8162 70
90.268 10.6078 70
8.83928 1.13654 70
-1.30316 -10.3468 70
-1.17018 20.0023 70
-0.383694 10.0682 70
-0.289453 -1.45786 70
0.403491 31.058 70
-1.29138 0.405143 70
1.02162 1.20232 70
9.75124 -1.10349 70
-9.54905 -10.422 70
-8.53132 -10.4395 70
0.0101028 10.7712 70
-68.9168 10.4447 70
0.22861 8.90774 70
-9.3778 28.6205 70
19.5026 -0.964429 70
10.0613 11.0375 70
1.16839 11.3866 70
-9.77998 11.327 70
29.4531 18.8497 70
-10.0539 -29.7864 70
-10.8384 19.3216 70
0.432043 1.09335 70
48.8111 1.43574 70
-0.23576 0.936585 70
1.15337 -0.387612 70
10.5226 -0.451226 70
0.965443 -1.2791 70
-0.494713 9.61118 70
-1.26268 8.70582 70
0.858071 -1.32475 70
19.4665 -1.43291 70
0.237218 0.712169 70
-29.3578 -20.5096 70
31.4302 -0.724218 70
-20.3985 10.4023 70
-18.8734 9.39941 70
-0.68146 11.0119 70
9.9967 10.3633 70
-19.5389 9.22495 70
-9.72156 -0.640238 70
1.25804 -1.40728 70
-0.958665 -21.3137 70
-1.03156 -8.63079 70
-0.777003 -0.834426 70
-0.421375 9.14359 70
10.5351 10.2976 70
-0.557671 -0.000140613 70
-11.0916 -20.5712 70
8.90571 50.7855 70
0.535352 9.74643 70
10.6461 1.19733 70
-110.107 -0.2291 70
19.6714 10.5254 70
-60.4466 -41.4754 70
-1.01416 0.349588 70
-0.709941 0.505149 70
-0.287712 10.7425 70
0.885338 0.0556789 70
-10.6847 0.129459 70
0.0934888 10.3722 70
11.4547 10.1851 70
-0.686225 -0.606279 70
0.339747 1.08587 70
10.1312 10.2684 70
8.95004 -10.8551 70
0.831349 9.6249 70
-1.38872 9.91504 70
18.9473 -10.7201 70
10.892 0.42187 70
0.766343 29.7058 70
8.79607 -1.31906 70
-0.133254 9.96054 70
-11.3989 -0.461423 70
10.1297 19.4705 70
-30.2097 20.2151 70
-19.1252 0.475823 70
0.280099 -0.961431 70
1.26539 -1.21238 70
10.0185 9.02078 70
0.123765 -0.066922 70
30.9509 -1.33828 70
11.2892 10.8153 70
0.708733 0.818794 70
1.01325 1.25277 70
-0.988811 10.1761 70
18.75 20.0937 70
-8.96541 -40.3777 70
21.3017 39.4133 70
-18.6363 -21.2729 70
-9.98394 -0.706915 70
29.7294 31.1483 70
-1.39354 1.31834 70
20.8568 9.09657 70
1.47178 0.690653 70
1.23215 10.6304 70
1.26349 -0.79699 70
1.41692 -1.04181 70
20.0304 -0.494853 70
-10.0009 -1.25285 70
20.3984 -0.0426772 70
8.77934 1.03753 70
-10.435 0.975826 70
1.44958 -10.1855 70
18.5187 -19.2681 70
-20.5949 -11.0464 70
-0.115833 0.98565 70
0.978274 0.160942 70
28.9619 49.7528 70
-1.2421 -0.0639015 70
0.821351 1.07505 70
1.03232 10.6718 70
0.81128 -0.834649 70
8.60649 10.1556 70
-19.7192 20.9211 70
-0.686446 10.1437 70
-1.24573 -1.45166 70
8.70943 -0.640318 70
10.6402 -0.0550777 70
-8.50709 18.6635 70
-8.76131 10.3449 70
9.93038 0.744426 70
1.18547 0.799133 70
-11.4198 58.9684 70
-9.01052 1.20515 70
-18.9294 18.6262 70
-19.4862 20.8619 70
1.1643 1.11296 70
-19.4041 10.1457 70
-1.1135 -0.366703 70
0.105458 0.29062 70
8.59514 -0.115691 70
8.54914 9.85453 70
-0.56645 0.539801 70
-80.3204 29.0007 70
-80.3482 29.9396 70
11.467 19.576 70
10.112 19.7251 70
10.5744 -0.865434 70
0.191459 -1.02558 70
-0.464146 -0.841511 70
-9.41366 -10.9018 70
0.565104 0.491801 70
-10.3864 10.3171 70
-38.7177 -0.370111 70
38.9838 21.4133 70
-1.24736 1.43393 70
10.2002 -0.805687 70
10.8726 -59.2856 70
9.656 19.2312 70
0.087849 0.759379 70
1.44138 -1.34054 70
-1.36456 1.11208 70
8.70298 48.5956 70
-39.4693 10.283 70
8.96778 -0.869608 70
11.4233 0.32376 70
1.20681 -0.619799 70
20.6444 29.495 70
-38.6793 18.6866 70
10.953 1.02026 70
-0.0916404 0.491729 70
0.708356 -0.725992 70
0.515999 0.800308 70
-20.8751 21.3797 70
0.6504 -9.5346 70
-21.3177 -10.4299 70
19.1854 10.6302 70
21.1103 9.79997 70
-0.220161 10.7278 70
-50.4569 10.8122 70
9.31865 0.0163014 70
0.0464599 1.46934 70
-1.13483 0.709476 70
-10.7153 -0.833715 70
-1.3701 10.199 70
-10.8409 -0.651103 70
0.658219 -1.44176 70
0.695318 0.926985 70
-8.64381 19.3592 70
21.0141 -9.93639 70
20.3544 61.1178 70
-10.4627 -9.92139 70
11.0811 9.58869 70
-70.5865 50.9923 70
-1.12226 60.7733 70
10.448 9.87504 70
30.6865 20.6346 70
-11.3727 9.06498 70
0.236045 -0.273681 70
-0.846723 0.564897 70
9.66422 19.5295 70
11.0708 19.717 70
59.7043 -39.3644 70
10.9799 -11.1681 70
0.943599 0.879377 70
29.0958 -10.9012 70
-19.1539 59.0274 70
9.47946 29.7596 70
1.04756 -1.41348 70
-30.5966 -9.71742 70
-0.548023 11.0895 70
0.16251 10.5046 70
10.3468 19.8989 70
8.64613 10.3821 70
0.204692 1.46578 70
11.4479 8.86052 70
-1.20652 10.7003 70
-10.8469 10.3524 70
1.24087 1.28426 70
-8.63517 -30.1257 70
10.0602 9.70748 70
1.38917 0.353343 70
-0.96081 40.5903 70
1.22672 -0.927597 70
-10.5057 19.0495 70
0.0821831 0.915997 70
-29.4925 -31.0734 70
-0.634985 0.933836 70
-0.337013 -0.579808 70
-10.287 10.3447 70
9.09818 -0.609746 70
0.324128 11.0661 70
10.1259 1.31445 70
9.80862 -9.79545 70
10.6938 -10.3007 70
-0.12983 -0.847625 70
-0.568519 39.4584 70
-8.51398 -1.03638 70
1.36293 11.1665 70
-1.38578 -0.22053 70
11.4711 -9.63313 70
-1.30275 -0.380131 70
-0.168934 -10.9744 70
1.07774 -1.22468 70
9.51826 -30.8411 70
0.298756 0.31414 70
29.3494 -20.8301 70
1.0485 9.12354 70
-1.28957 -0.473993 70
1.30199 79.4688 70
-9.96084 11.18 70
9.29612 18.9943 70
-1.49829 -1.11366 70
-0.959348 10.1737 70
-0.194072 -0.344247 70
-1.05919 0.419317 70
-9.5218 -0.564191 70
19.0523 -50.6744 70
-10.7673 21.2227 70
0.750116 -0.922554 70
-0.11036 -0.976094 70
-0.729655 11.1917 70
0.676847 8.9348 70
9.64112 9.18185 70
-0.923585 11.4545 70
-1.0967 1.26726 70
29.5432 -19.3062 70
10.1974 -0.0149895 70
-1.35739 0.687568 70
8.81872 19.5018 70
0.419809 -0.920893 70
-0.348465 -1.10508 70
-10.1068 10.74 70
29.7659 9.10872 70
10.2438 -10.1449 70
-1.2056 0.201011 70
-0.358548 0.70641 70
-10.7173 8.76558 70
1.09008 0.455675 70
0.64791 0.861211 70
-0.693502 1.11737 70
-1.03049 10.2621 70
-11.3811 39.2479 70
-0.38502 8.56656 70
11.1213 20.2333 70
-10.0285 1.12611 70
-0.207336 -0.781953 70
0.718215 -0.102485 70
0.0973839 0.455729 70
0.995241 0.642683 70
0.755778 0.0297643 70
10.1086 10.0849 70
-1.40563 40.9464 70
9.70811 9.79609 70
18.9862 -21.2384 70
-1.08957 10.9391 70
11.1003 -0.307785 70
9.92021 -0.0322119 70
-9.74911 18.9139 70
-31.3228 -19.0032 70
19.2059 10.8638 70
19.9531 9.93376 70
0.671262 -0.929446 70
9.12253 -8.90943 70
-1.44983 -0.222602 70
-10.0634 -9.00569 70
-10.1348 0.880628 70
0.0822531 -1.47574 70
0.732924 -0.601807 70
-1.21311 -0.85448 70
9.20545 11.0136 70
-0.388829 9.74373 70
-70.944 88.5218 70
-0.0846836 1.43494 70
-0.121245 -0.298514 70
8.86734 0.536925 70
0.27219 20.6599 70
-1.08804 0.494434 70
0.891139 -1.05584 70
-1.40262 0.163359 70
8.76061 -11.2584 70
-1.36847 10.044 70
1.15566 -0.980306 70
-0.811286 1.29531 70
-109.166 118.775 70
10.0544 -11.4578 70
0.21028 1.21451 70
-20.1414 -1.0526 70
-0.432911 9.39798 70
-0.868798 21.0369 70
8.72729 -0.611754 70
9.78729 0.385776 70
-9.39673 -19.5503 70
0.462465 -0.44242 70
9.47223 1.12792 70
0.00836767 0.00871668 70
0.391651 -0.376722 70
-0.0346907 0.841286 70
10.8697 -58.5152 70
1.4402 0.449835 70
-0.238434 9.31402 70
-20.1595 0.384488 70
0.680983 -0.547436 70
41.0507 0.627736 70
9.18714 0.852536 70
-0.757779 19.8215 70
0.502519 1.44959 70
-9.44574 0.374853 70
0.498476 40.6722 70
-1.41006 1.31678 70
0.659125 9.05039 70
10.7387 31.0615 70
8.85457 10.0626 70
9.46931 -1.43208 70
8.74286 -0.982445 70
-1.11446 9.46931 70
-30.9306 9.41201 70
10.5169 1.26046 70
0.183337 9.37208 70
9.11515 0.460689 70
-0.209126 8.92835 70
0.994761 58.9724 70
-0.938441 -0.487047 70
-10.3391 -1.49074 70
0.866108 -0.508057 70
-11.1689 40.1568 70
-0.952322 -0.553036 70
10.7719 1.02999 70
10.788 0.958771 70
9.12857 8.64058 70
11.0477 11.4848 70
1.00358 -0.121075 70
0.478594 -30.2366 70
-0.790696 21.0709 70
-0.145922 19.9616 70
19.472 31.3922 70
0.414927 -1.07469 70
28.5937 -0.95788 70
-9.85588 0.914754 70
-8.52246 8.84744 70
10.9552 0.0188433 70
0.0905344 -0.134086 70
-1.14073 -11.3106 70
1.46143 1.23185 70
-0.362081 0.697324 70
41.1416 88.7867 70
39.1137 88.8041 70
40.7312 -9.17876 70
10.3975 9.62617 70
9.12022 9.0641 70
10.4405 8.92001 70
0.276527 8.89283 70
-0.487357 -0.761488 70
-0.920406 -0.170634 70
-0.486496 9.74297 70
0.969634 9.97413 70
-0.133196 -0.138206 70
-10.8177 80.8759 70
20.7348 -28.8034 70
-18.9441 -0.768869 70
-0.318628 10.7255 70
-1.03653 8.89761 70
-0.11325 -0.129003 70
0.233172 8.75281 70
-0.296556 -40.1962 70
0.862302 1.47644 70
9.13262 11.4853 70
-19.8628 -0.815795 70
9.78207 -9.65565 70
-10.5481 -0.491022 70
0.821263 -1.43991 70
19.867 39.7499 70
-19.8423 50.1516 70
-21.1705 51.3718 70
-11.3122 10.8866 70
19.7167 -0.694924 70
-51.4688 -18.6125 70
-1.32612 -11.0026 70
11.0836 0.241664 70
9.53468 1.48447 70
-1.22345 -9.71672 70
10.2442 9.96864 70
-20.5825 -11.2238 70
-8.74877 -10.7737 70
10.1608 18.8479 70
-0.973289 -10.5299 70
-11.1855 -48.7386 70
-0.254502 10.9494 70
9.84685 21.1001 70
-0.795759 -0.337368 70
20.6385 -0.591229 70
11.4046 0.650937 70
-40.0821 29.2993 70
20.6222 11.0781 70
9.39071 9.84428 70
-10.5632 -0.953955 70
1.2231 -10.8781 70
-0.747478 0.398864 70
10.9957 -0.0764313 70
-10.767 41.4343 70
11.1668 -0.353147 70
-30.9104 29.0071 70
-0.438787 10.2933 70
1.25356 20.6397 70
0.668614 -0.0535105 70
-11.3735 -0.201113 70
-0.944945 0.839511 70
11.4219 -20.3529 70
10.43 9.3409 70
19.9426 1.47085 70
10.4531 11.2368 70
-1.12347 -0.790516 70
8.76191 8.70051 70
20.2429 -0.303986 70
0.455267 1.35464 70
0.181998 11.3938 70
-10.4121 19.6823 70
0.166683 -1.22655 70
0.239925 19.0305 70
-1.26448 -1.27635 70
-1.38597 9.4348 70
0.601171 0.303035 70
0.489934 18.7681 70
30.5159 -10.0462 70
0.442568 10.4046 70
-1.45864 8.6334 70
-20.1448 1.40023 70
9.44211 -11.0866 70
-0.555509 11.2218 70
-0.128837 9.20264 70
-0.122912 1.26221 70
-1.25878 19.0865 70
0.71751 8.71862 70
0.178441 9.28298 70
9.70351 20.6735 70
40.0997 21.0426 70
-1.11511 0.541132 70
-8.94253 9.46137 70
-0.128302 -10.7015 70
1.28673 10.6663 70
18.5245 20.2794 70
10.6422 -1.44894 70
-20.1429 -19.2536 70
10.3363 20.1249 70
-0.386986 -0.199603 70
-1.42341 -1.20988 70
0.373887 -0.524796 70
1.40501 -0.163884 70
10.3318 1.26031 70
0.571944 8.50754 70
11.3973 9.56053 70
10.558 9.94129 70
18.9175 -0.684145 70
1.46468 11.1598 70
-10.0705 9.64074 70
50.7524 38.5683 70
-1.30325 0.571713 70
-9.25132 10.447 70
-0.845816 10.1464 70
-10.0671 -10.0435 70
31.4581 -1.10572 70
-0.44649 10.4966 70
-0.46784 -0.236001 70
1.29488 -29.3223 70
-8.62116 0.708534 70
8.93081 8.92832 70
0.613235 0.899852 70
-0.74509 0.777113 70
1.49221 9.76666 70
-0.150038 -0.520306 70
-0.714707 -20.3546 70
8.5447 0.165349 70
-1.38855 8.63853 70
-1.45758 19.7096 70
38.6373 9.9651 70
1.49714 8.72432 70
-9.48642 10.6923 70
-8.99437 1.01758 70
0.168113 0.761153 70
0.146654 -1.1943 70
21.1243 39.7173 70
-0.108001 9.08176 70
9.29439 0.185682 70
-0.314909 -9.09394 70
0.267723 9.66542 70
-58.803 29.7701 70
49.6288 59.3565 70
9.07975 -0.486913 70
0.784866 0.648521 70
-8.92392 50.0921 70
1.40099 0.163435 70
-11.4479 -1.27467 70
60.9618 -40.7891 70
11.4702 9.69443 70
-18.6672 21.4727 70
1.24155 10.0927 70
0.661301 -0.0374507 70
1.00025 -0.310804 70
-9.51698 11.4299 70
8.99072 8.86345 70
0.436111 -1.27215 70
28.5843 0.62049 70
9.5307 8.78107 70
-0.0479955 -1.03824 70
9.60311 1.13335 70
-41.0297 38.8971 70
-39.8067 41.4086 70
-11.1599 0.277392 70
-18.9419 -19.0416 70
-1.19471 1.04257 70
1.30304 0.468953 70
9.9162 19.8206 70
-0.933964 -0.434171 70
-9.43457 8.71489 70
-0.855803 0.0430498 70
-8.74785 -20.1979 70
-9.62819 -10.3714 70
8.64604 -0.930088 70
9.37715 50.1334 70
10.9315 51.1919 70
8.58588 49.7792 70
9.93237 10.913 70
20.0365 -0.46793 70
-0.953733 1.49943 70
1.36752 -0.843459 70
20.2523 8.76482 70
19.8505 9.89945 70
-8.52009 -1.31786 70
-11.0592 9.58897 70
0.381649 10.8321 70
61.2251 -10.8841 70
1.37244 0.809358 70
-9.67233 10.3219 70
-9.56584 -8.5895 70
9.15826 1.28792 70
0.823058 -11.4 70
0.559599 1.22802 70
8.54433 -0.024394 70
-11.3687 61.1536 70
0.711164 -0.721243 70
-1.23167 9.3523 70
8.78335 -1.0993 70
-0.929984 0.220264 70
0.0599504 10.4076 70
