-0.041853 -9.50894 70
9.59053 -10.5135 70
-19.5481 -18.727 70
10.6818 -9.2167 70
11.1201 -8.50743 70
90.4785 49.893 70
11.3082 -1.2572 70
10.3912 0.40014 70
-69.0203 -50.2696 70
-1.48955 -0.860062 70
38.6046 1.23366 70
-0.75369 11.295 70
0.25818 9.22602 70
9.83435 -9.62065 70
10.7147 -0.165903 70
-1.2395 -21.1836 70
20.544 -0.362955 70
0.382906 0.440111 70
0.0396741 -10.8965 70
79.3036 1.287 70
31.2562 19.6221 70
1.31831 -10.7904 70
30.8106 0.161614 70
0.839274 9.82141 70
8.67197 -0.242971 70
-0.768267 -0.0265721 70
0.814559 -1.14095 70
9.68151 -1.25164 70
9.21494 -9.13393 70
8.5724 -20.5424 70
-0.9709 21.0999 70
9.0345 19.5419 70
8.73807 19.1889 70
-1.10246 0.756995 70
-39.3517 -9.18007 70
-10.9435 -10.1484 70
-10.0405 -10.7396 70
9.96166 -89.8132 70
10.3211 -91.0471 70
31.0728 1.28972 70
-10.3416 -19.009 70
-29.3049 89.712 70
-10.3294 -0.283249 70
-0.391114 10.2389 70
0.947062 11.3095 70
-51.1383 21.3578 70
8.96015 -11.4133 70
-0.00634335 0.185851 70
19.692 -11.215 70
30.4901 -0.728773 70
-1.41531 0.999962 70
-9.50209 20.9252 70
-1.37499 -1.26961 70
0.390475 -1.28012 70
0.18525 -19.1393 70
11.3924 -0.725936 70
11.2984 -0.180859 70
11.3171 -0.616883 70
18.9772 -0.800081 70
0.712426 -10.5261 70
10.9682 -9.87484 70
-1.23005 8.93692 70
-20.6057 18.7702 70
-0.946851 0.488872 70
11.16 1.01165 70
-0.22071 9.60889 70
9.55145 -11.2595 70
-10.6426 0.299219 70
8.81385 -9.30548 70
30.4078 0.00324263 70
20.31 9.94468 70
18.552 10.9793 70
0.316548 -19.3429 70
-10.8796 -20.2707 70
-0.0408111 -1.1303 70
-0.598712 0.177872 70
0.160859 0.964497 70
0.436171 -8.97499 70
9.79586 0.989904 70
-0.401286 -0.372899 70
-9.50887 -10.4238 70
11.292 -10.2886 70
20.7385 -19.1828 70
20.0652 -19.4288 70
0.00655735 -10.4656 70
-1.24167 -0.140179 70
8.81696 -8.89824 70
90.1224 69.1796 70
89.6913 71.1391 70
-1.08305 -21.319 70
20.7459 0.410125 70
30.4387 29.3208 70
30.3311 31.1875 70
41.1407 -20.3697 70
39.734 -18.5227 70
8.9694 -0.932006 70
11.2873 -0.0558545 70
20.1443 -19.632 70
-10.5435 20.5032 70
19.0268 8.98696 70
9.79152 -10.1166 70
-10.1486 -29.8717 70
11.1172 -9.98262 70
9.53249 -11.3983 70
10.7945 1.09522 70
10.4061 0.0955129 70
-0.142502 -0.0902061 70
9.30696 -8.92004 70
8.96468 -11.4781 70
-1.29049 -10.4213 70
9.10118 10.0542 70
8.81283 -11.2222 70
-8.7836 28.7501 70
29.8866 -0.956836 70
8.52817 -0.183055 70
1.04775 -0.768669 70
0.358417 21.0961 70
10.575 -0.038855 70
11.2312 0.902933 70
11.066 20.7516 70
0.183864 -21.4335 70
10.236 -9.4535 70
-0.269566 -1.137 70
0.848363 0.149891 70
39.8416 0.0149253 70
20.0021 -8.80523 70
-38.6911 48.9832 70
0.486508 10.0993 70
-0.428762 -1.43563 70
0.237141 -20.6241 70
-1.37741 1.37759 70
-11.1114 -1.47083 70
0.188111 0.373002 70
10.1341 10.9681 70
-39.9881 71.0518 70
10.7073 -0.92154 70
19.9639 -1.08081 70
1.38865 -9.53812 70
1.23679 -10.4057 70
-0.533448 0.31973 70
1.14634 1.11205 70
28.7206 -21.2997 70
-0.405154 -0.168046 70
-8.50817 0.476766 70
20.9522 -18.5781 70
9.24937 -10.5973 70
10.4994 -10.9913 70
0.777632 0.42774 70
0.266584 -9.73845 70
0.91686 -10.9801 70
-0.0101609 -11.305 70
0.63309 9.84756 70
-0.0447466 9.23719 70
-0.872531 -20.1519 70
10.834 29.9182 70
0.664145 -8.85709 70
0.141421 -1.49985 70
9.3539 0.575822 70
10.2633 0.390025 70
11.3779 -48.695 70
10.9897 -8.73769 70
-1.31086 -11.193 70
30.4735 -1.4155 70
-9.87144 -29.1883 70
-0.267171 0.722673 70
9.27228 9.46959 70
0.262599 1.41099 70
10.0088 1.39215 70
-1.20043 -11.2059 70
11.1913 -1.0708 70
-68.676 -10.7872 70
30.3003 -9.9341 70
-9.0562 19.4007 70
11.2919 1.43985 70
1.4551 -1.255 70
0.137437 0.922252 70
1.24411 -19.0997 70
1.21694 -1.28595 70
10.7144 -8.52222 70
28.9547 -1.21683 70
30.7459 0.767146 70
-0.804502 10.3249 70
-40.8421 71.499 70
-0.69626 -8.77547 70
-1.31583 8.62639 70
1.38134 -0.720128 70
9.69355 -0.957421 70
20.6379 -10.1292 70
-1.4135 1.0128 70
-0.57661 -9.47252 70
0.876274 -18.6916 70
-0.0139897 11.0547 70
0.292683 0.501833 70
-19.03 -1.08153 70
-0.436041 10.8761 70
0.165677 -10.4557 70
-9.57099 -10.039 70
-11.1518 9.44255 70
-9.39027 -1.30007 70
0.950953 0.775739 70
-8.64916 8.50462 70
-0.426109 -11.4558 70
-10.0322 -10.435 70
-8.98129 -10.4171 70
9.53458 30.859 70
-0.653152 -1.11107 70
-10.7426 9.77386 70
-0.441982 -1.31619 70
0.517778 -11.1002 70
10.1161 -8.77161 70
10.1143 1.44324 70
-0.767409 0.622281 70
1.01304 -0.00874407 70
29.0476 -1.45142 70
-0.199919 -1.36353 70
8.99863 0.887876 70
8.89049 -10.8742 70
-1.47563 -11.2393 70
21.262 1.22226 70
-8.67242 0.0186419 70
1.19811 0.703291 70
-0.692189 -9.45003 70
-0.0282636 -9.53923 70
30.4736 1.49725 70
10.1617 -21.2757 70
-48.9744 -39.3407 70
-10.3945 -9.03599 70
30.4269 9.9896 70
-9.86323 -20.4679 70
39.7168 -58.6888 70
30.3298 -11.2548 70
-29.8111 69.8473 70
1.287 -39.1255 70
10.1819 40.3313 70
0.865296 -10.3265 70
10.327 0.687788 70
-10.4491 -39.7767 70
-40.0351 70.8697 70
-1.17076 -19.5712 70
9.25276 -8.57414 70
-1.08266 -9.76381 70
9.25554 -9.25543 70
9.26583 -11.2872 70
20.0143 -39.361 70
11.2893 1.23959 70
-30.5696 -30.7426 70
-0.588376 9.84574 70
9.16986 -28.8384 70
1.32892 10.9189 70
-1.27931 -0.891043 70
19.6645 0.662465 70
0.604902 -9.64808 70
29.7622 40.1574 70
10.9285 -1.20102 70
-10.2021 -9.72122 70
0.681576 -0.655923 70
10.3142 -9.73184 70
0.408663 1.23262 70
38.7569 -19.2709 70
10.5817 -20.8151 70
-0.481649 -9.85276 70
11.1981 1.32644 70
1.20652 -10.2681 70
79.5106 -91.0885 70
9.80132 -10.4349 70
19.6343 1.20245 70
9.68312 0.695087 70
31.3436 -9.64743 70
29.3281 -9.99813 70
28.9648 49.8245 70
-30.3624 -50.3603 70
1.11592 -0.483102 70
18.8759 20.9348 70
-10.3233 8.88217 70
10.6942 -9.18457 70
10.4392 -1.32296 70
0.708934 -8.99782 70
0.0880304 -10.7822 70
38.8844 49.7692 70
-10.5789 -38.597 70
-8.7353 -38.7117 70
1.18838 10.6543 70
9.31192 -10.5338 70
9.02581 -10.5607 70
10.8261 -10.5962 70
10.2355 -0.773518 70
30.9116 -20.6365 70
-0.360223 -9.62607 70
38.5067 50.088 70
0.0141619 -9.08053 70
0.781964 -1.30499 70
-0.0650026 -0.227589 70
10.3899 0.100976 70
9.34784 0.933315 70
10.9329 -9.91228 70
-1.1072 -1.06816 70
10.5681 -1.08428 70
10.9075 -20.2918 70
0.181678 -19.0811 70
9.80214 0.909404 70
9.20097 0.231231 70
9.84742 -0.849752 70
-0.149109 0.724626 70
10.3057 0.967337 70
-30.8865 30.5984 70
11.4739 9.72652 70
10.1115 -1.4469 70
10.3928 -10.6217 70
9.70804 -0.82677 70
-60.6548 -40.2778 70
9.70511 -9.05343 70
10.47 -1.13308 70
1.20972 -1.39966 70
-0.965947 -8.69775 70
-0.476052 -9.89089 70
-1.35841 -1.01114 70
-0.368957 -8.65975 70
0.36063 1.45647 70
10.157 -9.18735 70
9.56623 0.520914 70
19.992 9.90151 70
9.42842 -10.5835 70
-0.285218 9.46443 70
-1.15297 -29.7785 70
9.60228 -11.0488 70
11.1467 -0.412503 70
-1.46168 -0.161785 70
-0.0579837 -10.7894 70
-10.5173 -40.3155 70
8.84125 -0.0112526 70
8.92536 0.426289 70
-21.3561 28.6546 70
-0.716581 0.0326766 70
-1.33549 -10.6839 70
0.422272 -0.997898 70
10.5329 31.1627 70
1.08732 -11.0061 70
-10.9891 -8.54658 70
-10.3971 10.9184 70
11.4869 1.26665 70
31.3417 1.06404 70
29.8972 -0.924078 70
-49.8776 20.9599 70
21.199 -28.7323 70
30.1104 -1.28167 70
31.4817 11.329 70
9.35976 -1.22684 70
9.51544 8.72532 70
9.0654 -9.82868 70
9.89114 -11.0919 70
11.291 1.05468 70
19.6124 -21.09 70
9.859 -0.177999 70
0.782727 -1.4938 70
-1.29317 0.765264 70
-0.569885 -10.9645 70
-18.7176 11.1206 70
11.2995 -1.02607 70
0.870457 -0.200624 70
10.5911 -10.337 70
50.8478 11.2559 70
-0.510916 9.86243 70
9.2246 1.21108 70
10.7133 -0.0445515 70
9.6413 -1.14054 70
8.56191 0.608986 70
-0.654955 -18.991 70
0.655917 1.02057 70
10.6598 1.45236 70
19.3817 -69.3442 70
-0.567504 -31.0893 70
20.1806 9.36519 70
0.878748 0.39913 70
0.585591 -9.32855 70
10.8934 -11.4831 70
30.9921 11.4528 70
10.8547 -9.14104 70
-1.05483 0.20544 70
-0.19074 -0.213925 70
9.94915 -0.224419 70
-0.536324 -10.9306 70
-40.8721 -18.751 70
-48.808 -48.6863 70
0.591387 -8.85874 70
-19.4873 -18.521 70
10.832 1.41244 70
8.53917 0.120205 70
9.84255 -0.470715 70
8.68991 -0.969378 70
18.5534 -89.0971 70
-0.175567 -8.88969 70
10.7013 -11.4446 70
11.3833 -21.2043 70
-0.921289 -1.27534 70
-18.8496 9.17102 70
19.4465 -10.3422 70
10.7934 0.963479 70
31.3315 10.2864 70
-9.16154 1.22347 70
-0.581181 0.503446 70
9.00351 -11.4741 70
-0.318554 0.197946 70
-8.68396 40.5535 70
11.2822 -8.78107 70
10.1554 0.304419 70
11.1646 -0.141358 70
8.50035 0.320147 70
0.9751 10.6417 70
20.6376 10.6587 70
10.9583 -10.7555 70
10.1541 -10.3549 70
0.0842646 -0.302844 70
-1.01859 -9.47729 70
10.3301 1.08652 70
10.257 0.528535 70
29.9991 0.337485 70
0.144562 20.3238 70
-10.2223 -0.134301 70
9.41334 -0.887726 70
9.25281 1.10673 70
-0.665909 -0.677392 70
-0.287165 1.48958 70
21.0697 -9.20399 70
10.7379 -9.15643 70
-31.1439 -40.2298 70
11.2852 1.16005 70
20.5178 1.02278 70
0.954154 11.195 70
-29.0313 60.0503 70
-9.87541 9.53417 70
1.2682 30.775 70
0.924562 8.83975 70
-19.0228 -0.52474 70
0.690483 -20.2979 70
0.942728 -21.0595 70
19.1907 -9.41532 70
10.4682 -0.544372 70
-58.708 -49.1026 70
-0.268407 -0.0772429 70
1.08302 0.386769 70
0.172157 11.1285 70
50.1262 -9.71834 70
9.88897 0.154986 70
-0.206314 -1.2106 70
-1.42328 -1.43415 70
-0.442602 -9.1166 70
10.8062 0.968036 70
0.0883388 -9.65701 70
50.407 -38.5249 70
19.0589 -10.259 70
40.9417 -81.155 70
21.0729 0.0117054 70
1.12526 0.29821 70
1.21729 0.206021 70
9.24575 11.2052 70
19.6487 -69.0706 70
-0.425937 -21.4093 70
0.956932 0.453381 70
39.731 -9.6548 70
8.80111 0.261365 70
19.6921 -18.8137 70
0.606275 -8.60444 70
40.8928 -20.7236 70
1.03185 -9.98799 70
1.42447 -9.94249 70
-11.056 0.320728 70
9.46619 -10.2342 70
9.09549 8.7371 70
-0.276312 1.28776 70
10.5756 -8.9593 70
11.1606 -10.1077 70
8.55335 -9.40349 70
-0.908758 1.22706 70
-1.3302 -0.619867 70
8.69831 -11.3168 70
-0.408137 -10.8619 70
-0.724275 0.406403 70
-0.740791 -11.2922 70
-10.1463 -1.38993 70
-1.30912 -0.79551 70
19.4231 -0.688088 70
1.39761 -0.0074119 70
0.232626 -11.2099 70
0.812839 1.30281 70
-1.30824 -10.3071 70
10.2371 -11.4037 70
18.7137 9.74949 70
0.11319 11.4627 70
1.1881 1.03131 70
9.26487 -10.9905 70
0.0840313 0.982111 70
1.33565 10.1545 70
-9.10527 10.0531 70
-59.8847 -10.7843 70
8.92033 -10.3612 70
-0.405107 0.533022 70
9.90626 -9.3672 70
50.636 -1.091 70
10.1623 10.1002 70
-0.580365 1.18096 70
10.4757 -10.0646 70
-89.776 -51.2004 70
-38.9016 -50.9957 70
0.41918 -0.149018 70
18.9807 -9.06706 70
-0.844965 -0.650437 70
21.1841 19.0534 70
-30.7186 -49.1895 70
-10.749 -29.7717 70
8.5574 0.617831 70
10.0214 -9.13105 70
-0.844993 0.0293454 70
8.90828 -11.4799 70
-30.7312 -50.3141 70
10.1422 1.02526 70
-1.35555 -10.4134 70
19.7781 -20.4035 70
9.81585 -28.7456 70
-0.678916 -1.3553 70
8.70036 -0.383948 70
9.66801 -29.2774 70
9.13487 -1.36488 70
9.3685 -11.3779 70
39.6146 -89.5736 70
1.2371 -10.2509 70
8.99104 1.31487 70
10.6433 0.0034294 70
-21.0957 10.3699 70
-0.987162 -0.115177 70
9.65627 1.13933 70
21.0229 -18.729 70
-10.1919 29.6365 70
-0.000942895 -0.644383 70
1.18307 1.13823 70
0.14778 -0.318325 70
10.7362 0.956637 70
8.88488 -0.530489 70
-1.33333 1.11234 70
0.0824944 -10.296 70
-0.700489 -10.8678 70
10.2961 -20.3125 70
60.9118 0.598665 70
-0.721882 0.257621 70
0.139042 -11.2276 70
1.29637 -9.17939 70
0.225165 9.88082 70
20.5667 9.01658 70
8.63 -0.846568 70
78.9594 30.1298 70
0.594783 -0.262262 70
-0.585191 -9.55655 70
9.51977 8.85987 70
10.8021 -10.8564 70
0.628178 0.551998 70
1.14918 -0.201867 70
0.211327 -1.466 70
-8.64112 -10.9574 70
-0.619748 -0.170066 70
9.78007 0.353956 70
9.55428 -9.67105 70
11.2965 0.531414 70
10.3551 -10.3954 70
11.3407 -11.1856 70
18.5866 11.2967 70
-9.57262 -10.8586 70
-0.985258 1.40729 70
10.1205 -0.727323 70
0.344806 19.5265 70
-9.50412 -9.70321 70
19.3057 40.9245 70
-0.435243 -20.3369 70
-0.886991 -20.0651 70
8.70583 11.2942 70
9.01862 10.4457 70
-11.3675 0.307132 70
-9.04301 0.044348 70
0.056866 1.4037 70
10.1099 -1.29093 70
20.3233 31.0838 70
-51.0731 29.6947 70
20.863 -9.35039 70
20.7086 -11.0074 70
-11.2319 9.1598 70
0.314015 -8.91635 70
-0.854836 -11.221 70
9.9266 0.945945 70
-9.46193 -19.3862 70
-9.22851 -9.04617 70
29.3473 9.66493 70
-20.3019 -30.1755 70
-1.42329 -30.1845 70
0.744295 0.8364 70
41.1483 20.8669 70
29.2528 -10.3873 70
10.9577 11.072 70
30.3758 9.44232 70
28.9247 10.4751 70
-29.3439 -8.97386 70
8.64081 -8.74724 70
10.0233 -0.965777 70
60.3478 10.7172 70
10.2668 -10.8901 70
-1.31864 0.0828017 70
60.4606 -10.6423 70
51.2756 61.1279 70
0.1237 0.0303959 70
9.6479 0.164867 70
9.50868 0.276867 70
-0.485676 -9.51231 70
30.4842 -10.54 70
-8.68118 9.33963 70
-0.103136 0.427033 70
20.5298 -18.8662 70
-0.626678 -1.27502 70
1.22723 -21.2156 70
0.877618 -18.7568 70
0.465942 1.05925 70
1.02196 -1.37208 70
-10.0466 -8.53513 70
1.43449 0.876536 70
1.27874 9.18403 70
-9.57411 -0.0886179 70
9.42246 0.0427167 70
11.2381 -9.46796 70
-1.27534 -39.7889 70
0.452227 -0.0184903 70
80.4153 -18.51 70
-9.71767 -0.241052 70
-1.12825 -18.6589 70
-19.0654 -9.88223 70
9.46381 -9.17093 70
-9.8084 0.509605 70
0.824586 0.0374258 70
10.537 -0.342525 70
8.89608 -0.116157 70
9.00224 -20.2531 70
20.6454 -40.3445 70
11.4947 -0.342044 70
-41.0756 -1.30073 70
-1.17183 -0.639476 70
10.6074 -0.237242 70
1.38355 -11.3075 70
1.13778 11.2008 70
11.0514 -31.4084 70
9.46714 -0.753105 70
9.01429 10.0275 70
19.7113 -1.36097 70
-9.27289 -11.0811 70
9.03179 0.939826 70
0.013299 0.827358 70
58.8014 -9.83816 70
-10.1819 -11.192 70
10.4802 -1.01294 70
-1.2749 10.2827 70
-0.733722 -11.0165 70
-0.0479111 -0.57993 70
-21.0492 -40.3348 70
-21.084 -40.0936 70
0.230871 0.178149 70
0.648527 -1.15548 70
-9.13879 -10.1311 70
-0.973111 0.214868 70
0.626105 -0.215597 70
10.2275 -10.0767 70
-9.99206 -9.40353 70
-1.49314 -0.184098 70
1.31563 -9.90871 70
-1.24473 -10.8836 70
0.46398 -8.60524 70
-1.36604 -9.29971 70
1.37081 21.3837 70
-0.559624 -9.47155 70
21.0732 -19.956 70
50.2114 30.7682 70
-0.956873 -0.377469 70
-1.25291 -9.61431 70
1.45892 -10.3894 70
-0.250473 -10.6081 70
-0.602347 -8.68391 70
-1.1145 0.0449424 70
9.72761 20.4049 70
1.12966 -0.777608 70
9.4751 0.788347 70
-0.840349 -9.32373 70
-0.44519 -1.17606 70
0.51492 -9.12323 70
0.34949 0.942315 70
-0.771748 30.4582 70
9.4646 0.235474 70
-1.03441 -0.825048 70
-0.177536 -9.07934 70
9.35416 -1.43616 70
9.22253 0.986212 70
-21.3216 19.5324 70
-10.0595 -10.2952 70
20.1985 0.11594 70
0.590692 -0.116758 70
1.20826 0.792111 70
-30.1264 40.3833 70
20.9799 -18.6981 70
9.12584 10.2445 70
10.7181 -1.31279 70
0.928968 9.01084 70
9.17478 -0.316265 70
-0.154328 1.4368 70
-1.00599 -8.97118 70
10.1586 0.877022 70
-9.20533 0.570533 70
-9.12315 0.569116 70
29.3594 28.5626 70
-61.4357 -21.3425 70
-11.0732 -9.51455 70
-19.9042 -0.37102 70
-11.4035 0.21624 70
-0.84532 9.9961 70
-0.204547 -10.3746 70
11.111 -0.645176 70
-1.13293 20.3507 70
39.7819 -10.8095 70
9.47402 -1.22848 70
1.35697 -10.4539 70
8.84749 -0.418703 70
-10.943 10.3807 70
-9.4047 11.4446 70
9.40838 1.39717 70
9.49861 0.0214721 70
8.7304 -8.94375 70
78.6151 19.0034 70
29.5915 8.84714 70
-0.476544 0.82149 70
9.43218 -9.03819 70
-0.528482 10.5076 70
19.0051 11.0215 70
-20.9887 0.611543 70
-1.19941 -0.144562 70
10.5185 -8.60455 70
11.2367 1.10472 70
-1.48027 -1.12377 70
0.226589 -19.5976 70
10.1929 9.38656 70
-8.63049 10.8693 70
-10.3238 9.37438 70
-0.330352 9.71116 70
9.85994 8.89538 70
-0.853401 0.0373426 70
-10.928 10.2124 70
-0.220937 -20.5948 70
19.4634 -20.1313 70
0.150736 -9.11601 70
9.71377 0.123244 70
1.26009 0.6767 70
10.6132 1.02206 70
