0.091037 -11.3428 70
41.2144 39.6154 70
9.64984 50.6925 70
9.76267 48.6842 70
1.49662 0.829722 70
0.792103 1.31227 70
-1.14744 0.0623834 70
-0.155005 -0.727544 70
10.6598 -41.2982 70
-1.10531 0.220195 70
-40.4999 -50.0682 70
-8.93665 -0.473007 70
-9.26917 8.86011 70
9.51546 -0.620108 70
-0.050803 -1.42587 70
18.8902 29.1387 70
1.09143 10.6555 70
-0.940518 1.00075 70
0.832752 -0.857861 70
18.9223 -0.633578 70
49.3561 21.4989 70
-0.90426 0.257831 70
-0.863326 -0.378797 70
-0.141605 1.00219 70
8.8889 -39.7272 70
-9.42629 0.701882 70
9.65605 10.6716 70
0.04409 0.0618743 70
-0.896756 1.45561 70
50.1234 30.8148 70
10.9482 10.9026 70
0.112821 0.0735987 70
0.041501 1.2696 70
0.441141 -10.3872 70
10.737 1.10781 70
1.00497 0.574789 70
-0.538227 0.130589 70
0.252369 -1.15513 70
11.2707 -9.01062 70
-0.617298 -1.47896 70
-10.4919 9.31731 70
1.00263 1.40732 70
-0.227425 0.946094 70
0.240277 -0.144744 70
-1.44097 1.22927 70
-0.819801 -0.939655 70
1.45843 9.39126 70
-0.853963 -1.07687 70
1.41016 0.560555 70
10.291 -0.0295849 70
0.617779 1.02642 70
-30.9831 40.9159 70
-1.47628 0.705332 70
-40.3046 48.5772 70
-0.154077 -1.21163 70
1.0245 -0.210975 70
-20.9579 10.3823 70
18.8283 -20.7814 70
-0.0797292 0.414676 70
1.20303 1.28716 70
-19.387 -1.22647 70
0.453241 8.91006 70
-50.2725 18.6698 70
8.66952 0.839881 70
-0.350762 0.157937 70
0.691916 0.432771 70
-19.5783 0.840979 70
-20.9535 0.993847 70
-19.5077 1.39389 70
31.1672 -1.33479 70
19.5413 29.2544 70
0.165677 1.29593 70
-0.00742945 -1.16841 70
-1.25783 -1.191 70
-21.1254 -39.7634 70
0.797048 1.15873 70
-8.88114 -10.1813 70
8.98622 9.00751 70
-0.695406 -0.935192 70
-1.2797 -0.564785 70
41.132 11.386 70
10.1203 -11.0739 70
9.38337 -10.429 70
-29.1916 10.5432 70
0.482375 1.49206 70
0.0164223 0.301006 70
0.166291 0.207471 70
1.45157 -0.691665 70
1.01729 9.75686 70
-0.558879 -0.694034 70
-9.36344 70.9601 70
29.821 0.893509 70
19.3088 8.97763 70
0.0931633 9.37808 70
11.1556 -1.27608 70
0.214347 9.50232 70
11.4847 0.812191 70
0.778285 1.24861 70
10.3254 31.3678 70
38.9741 9.07663 70
-11.4145 18.5706 70
-0.469124 -0.403163 70
-19.4476 0.790377 70
-19.6655 0.333901 70
0.0310899 -9.12821 70
0.0895521 9.60134 70
0.108696 9.90272 70
-0.580941 9.70361 70
18.8325 -1.09501 70
-90.0318 -31.0692 70
-0.701004 -0.540476 70
-30.4479 -10.7506 70
-1.25136 10.7356 70
0.14349 1.14978 70
-1.24809 18.6327 70
20.1764 -10.3574 70
1.39661 0.698749 70
-0.668523 -8.51758 70
11.2084 1.48492 70
-0.863204 -0.103584 70
-9.06935 0.271529 70
-0.511516 -19.5986 70
-9.54032 -21.4627 70
-10.8118 9.81585 70
0.87736 -0.0104302 70
-0.1219 -0.688952 70
-1.28725 0.746501 70
-9.52053 -0.274692 70
1.4848 0.211422 70
1.45283 21.159 70
1.44914 -10.5813 70
-41.4792 11.4367 70
-10.0474 -11.2963 70
-18.9726 -10.8867 70
-0.0897953 10.6662 70
11.1314 -1.42003 70
-0.922384 -0.924985 70
-20.6216 8.71074 70
-20.5827 -9.46624 70
19.2468 -0.211566 70
50.8877 -10.1001 70
0.0417707 -8.70092 70
0.960696 0.32152 70
0.39623 0.673611 70
10.3566 -0.534938 70
-9.92378 -11.447 70
-39.3321 30.0403 70
-0.00463207 11.1752 70
0.228305 9.5194 70
-1.45615 -1.16011 70
-1.44595 0.894216 70
0.553025 10.4529 70
1.11486 8.56544 70
9.1138 -10.3967 70
-9.50032 0.193308 70
-0.667281 -0.543181 70
0.0983418 -10.7209 70
0.573542 -0.507578 70
-1.09294 18.7714 70
-0.963755 -0.854478 70
-1.39982 0.387068 70
11.4708 10.9854 70
0.595082 0.859632 70
-11.1149 -9.40893 70
0.275994 0.636185 70
0.686274 -0.514089 70
28.9147 11.3689 70
9.22796 0.790367 70
1.46903 1.25339 70
51.0682 -70.8406 70
-8.66565 -11.0722 70
1.31573 1.49927 70
11.073 -0.626472 70
-20.0539 10.38 70
19.7388 28.9999 70
0.230059 -0.21654 70
-29.4421 -9.11043 70
-0.123254 -1.20677 70
9.79475 -30.1316 70
-0.71779 10.4906 70
-0.90704 -19.6005 70
-1.30188 -1.17439 70
-0.706641 -1.18091 70
-1.09157 8.60387 70
0.448629 10.2625 70
0.0612455 -0.474681 70
-0.999046 0.169601 70
-0.758411 -10.8209 70
0.0533484 0.748906 70
-9.19557 -29.5576 70
0.636448 8.94606 70
-10.0547 1.26396 70
-1.49532 1.36456 70
-0.70586 -0.794325 70
10.2224 20.0383 70
-0.391412 0.723315 70
-1.3483 -0.507218 70
-0.144829 -0.259628 70
-1.18162 -0.0492489 70
-0.718646 -0.780858 70
-0.888138 -1.42539 70
-1.17287 1.31577 70
9.67498 0.875645 70
29.3899 -50.2323 70
10.2772 -1.36905 70
-0.661435 0.118733 70
1.48928 -1.0959 70
1.14856 1.03959 70
-21.0306 1.31243 70
-0.204842 -0.305243 70
0.14495 -1.10197 70
-8.60627 1.42254 70
19.3071 -10.6853 70
-0.290359 30.6808 70
-0.605334 18.7592 70
-1.40215 0.296816 70
-0.292644 9.83462 70
0.0880538 0.486802 70
-0.373667 -0.347252 70
-10.2114 -8.81909 70
-0.889943 11.1206 70
0.41744 1.10994 70
-19.2722 9.8914 70
-1.42493 10.1393 70
-1.32427 -38.9295 70
-11.0812 0.309191 70
10.9028 11.2586 70
19.2064 -0.0295207 70
10.6956 28.6812 70
1.3008 -0.0911561 70
0.101944 -1.23749 70
-20.028 -10.5734 70
120.681 -0.905977 70
-0.353813 -11.2231 70
-9.09589 9.39203 70
-10.3052 9.34176 70
-10.3119 20.4837 70
-0.542866 -0.478061 70
0.632916 9.6059 70
10.0985 -10.4623 70
0.827735 0.290839 70
0.338761 -0.528434 70
-10.7762 -0.597837 70
1.14372 8.53459 70
11.4872 0.54516 70
-0.61586 0.858843 70
1.42121 9.40668 70
1.0007 10.5301 70
0.0778443 0.81186 70
-0.867115 -0.379509 70
-0.865881 -0.0974885 70
-0.35455 9.29561 70
0.0760848 10.4024 70
-0.650518 11.1691 70
11.1102 -0.495765 70
18.5252 9.86755 70
11.4369 11.3201 70
0.341393 1.05845 70
0.723683 -10.5001 70
-0.516229 -9.00329 70
-0.932143 1.08946 70
-20.406 -31.4376 70
29.9846 11.3256 70
-29.7869 -9.48617 70
-9.55096 40.7211 70
-8.57452 -10.0347 70
10.7529 9.42932 70
0.817967 8.62224 70
-10.4401 -0.286161 70
28.8419 30.6247 70
28.6142 19.9383 70
-0.0117381 -0.297598 70
-0.125811 -0.480205 70
-1.0036 -11.2419 70
-10.8853 -10.1283 70
-10.2688 0.694117 70
0.175111 20.4189 70
10.5491 -1.29869 70
-1.21877 -0.582339 70
-1.47178 0.330252 70
-0.138528 0.990501 70
8.53136 -19.9566 70
-41.4704 18.8927 70
-0.911369 -19.5667 70
0.784039 -0.74236 70
0.0871927 -8.94114 70
-0.598937 -0.6551 70
-1.48365 -0.273421 70
1.07613 -1.30558 70
0.684946 -1.42631 70
0.859619 -0.148079 70
-1.49798 -9.67719 70
0.161855 -8.60193 70
-10.5049 38.7736 70
-9.35166 -0.254571 70
18.9938 0.104512 70
10.2385 0.622281 70
19.7702 19.3474 70
1.26148 -1.26551 70
1.3856 -1.36473 70
-1.20985 -0.9776 70
1.35743 0.510032 70
-0.296588 0.741988 70
-0.0346312 0.791596 70
1.22932 0.153141 70
-19.2133 -8.50358 70
0.324559 -0.104059 70
0.145574 0.925366 70
-11.2733 -0.303443 70
0.415919 9.98452 70
21.3148 29.8599 70
-0.342325 0.387013 70
-0.769485 -0.209493 70
21.4387 -21.2911 70
0.567378 10.6895 70
-10.555 9.55029 70
-1.02772 0.456332 70
-8.90685 0.871289 70
-0.690963 29.2445 70
0.462763 1.0858 70
-0.0912718 1.31855 70
-0.616359 0.809439 70
-0.867381 0.527426 70
11.4688 19.2717 70
-10.1659 20.3407 70
1.18973 -1.31827 70
-10.5817 10.1586 70
0.533294 -8.56537 70
28.5122 50.9 70
0.239025 -0.937431 70
-0.861463 10.0239 70
9.83132 10.5891 70
21.2333 1.25522 70
1.01157 0.0358849 70
1.37754 10.2466 70
-0.325687 0.925407 70
-10.9229 10.1264 70
0.125907 -0.490118 70
-8.9784 40.4055 70
0.59997 0.115254 70
-10.3128 -20.2301 70
0.444488 1.47202 70
-0.569741 -0.476717 70
0.754863 0.25173 70
0.523119 -0.546553 70
28.8896 -50.9351 70
-1.09498 0.617679 70
-19.2794 -30.39 70
-0.209416 -0.33741 70
0.196764 -0.789063 70
-0.129123 -1.26462 70
10.932 -50.2359 70
-0.450326 0.848484 70
1.39429 -0.170018 70
1.1337 -9.20606 70
10.3224 9.39689 70
-1.185 0.874905 70
8.57373 -11.4091 70
-0.357422 -9.30239 70
-0.879509 -1.45052 70
-0.936664 -9.82076 70
20.0554 -9.3997 70
0.933156 0.0893497 70
-0.9852 0.0200811 70
1.15818 -0.749029 70
-9.91095 -18.6761 70
-60.9469 10.2613 70
49.408 10.7091 70
-0.574673 1.01255 70
0.690506 11.1616 70
0.940985 0.3764 70
19.0628 -29.8648 70
-9.2184 -50.9746 70
0.313814 0.254374 70
0.57667 1.3351 70
-0.205127 -1.33364 70
-1.01102 1.14385 70
50.9882 20.854 70
10.2513 -9.02756 70
10.6613 10.1953 70
10.8305 10.0609 70
-20.3362 10.9899 70
0.0891632 8.67611 70
20.961 28.9641 70
-8.98446 8.93942 70
0.0658683 1.07047 70
-1.45506 -0.557566 70
9.74355 -0.714848 70
-0.896161 1.4598 70
9.44301 -0.0220452 70
40.5373 -20.5309 70
-0.967802 0.69206 70
-0.117513 1.46617 70
-69.9443 -51.4489 70
-20.2513 39.911 70
10.9247 10.0831 70
-1.07268 0.108261 70
20.1076 -11.2592 70
-11.1272 -9.77228 70
11.4106 0.306666 70
-1.46075 0.408668 70
-0.184926 -1.26477 70
-0.420976 -1.44153 70
0.0193991 1.00285 70
-10.3854 0.937982 70
1.42537 -8.71597 70
9.81836 -0.635455 70
-0.804629 20.0379 70
-0.378839 0.825423 70
9.06447 0.0747916 70
-11.0866 -1.04025 70
21.4861 11.244 70
-1.30224 -0.726943 70
0.087706 9.51559 70
-9.60336 31.1092 70
0.545396 -0.384041 70
-8.76359 -0.77757 70
-9.45502 0.861844 70
-1.28843 -0.207131 70
-30.5088 -11.0382 70
-0.914775 -21.1186 70
-9.2392 9.28665 70
1.22706 -0.938003 70
50.9246 11.2211 70
48.8289 10.2863 70
0.713479 -0.760229 70
-0.894467 1.20801 70
-0.735346 -1.15783 70
10.5869 -20.784 70
-21.3763 19.9828 70
-20.0187 19.1932 70
-0.0819804 -0.0932631 70
-0.205091 0.212595 70
9.59995 9.16503 70
0.800741 -0.563691 70
19.5133 -0.340926 70
-39.3806 61.113 70
0.14804 -0.572688 70
1.33563 0.0198819 70
0.823069 1.13787 70
39.8898 -19.2097 70
-0.796283 -0.697355 70
-0.406454 -1.29092 70
0.313327 -0.397794 70
1.08454 0.76866 70
-0.142862 21.0882 70
0.648525 19.587 70
0.609291 1.10873 70
-0.770067 -1.35002 70
11.2902 -1.35897 70
-49.5989 11.1604 70
-0.219271 0.752786 70
10.1854 1.16397 70
1.39372 11.1649 70
9.14693 -1.40572 70
-0.659891 1.49307 70
9.64481 -9.50594 70
9.60696 -10.1587 70
0.893087 -0.722825 70
0.166097 -1.1001 70
-0.040746 -8.61882 70
-9.11163 1.40046 70
20.1063 -0.461941 70
-0.553795 0.323774 70
0.46454 -0.582398 70
0.840794 -1.43953 70
-0.634633 1.30961 70
-0.8963 9.55762 70
-0.295718 1.03352 70
-0.861091 1.20514 70
0.222565 8.56123 70
-0.748797 9.53629 70
-60.1665 60.8173 70
-1.35018 0.149979 70
-0.94088 10.7343 70
9.65847 10.5692 70
-11.2408 -10.0125 70
-0.165356 0.0782464 70
-9.20959 0.780504 70
-10.6672 -0.852815 70
0.148412 -10.7541 70
0.904896 1.02369 70
-10.2109 -0.965433 70
-11.0245 19.5762 70
1.40952 -0.703669 70
-1.40669 -1.18636 70
29.9546 21.2962 70
-10.3316 -0.312525 70
-10.2937 -20.4215 70
10.2645 -40.1034 70
-9.87864 -9.91584 70
-9.72072 49.3613 70
-0.180446 0.20663 70
11.2452 -9.24216 70
-1.18533 1.04278 70
-0.466678 8.50113 70
-10.0737 0.967832 70
-11.0713 11.0765 70
0.0207012 9.39624 70
9.46265 0.300407 70
-10.6904 0.889793 70
1.14871 -10.4681 70
-0.143782 0.851053 70
9.68917 0.0531001 70
18.6191 21.4293 70
0.367985 1.24746 70
-9.57495 1.15389 70
-10.0244 -30.85 70
8.97098 0.0687893 70
-0.704395 -10.6501 70
-0.0400847 -0.805331 70
-0.915838 -0.975489 70
0.717352 0.917378 70
0.476589 0.392475 70
50.9382 9.77645 70
-1.1401 8.63884 70
18.6495 9.52426 70
-0.165377 -8.52278 70
-1.39358 -1.48509 70
0.961997 9.548 70
-10.3859 9.42976 70
-0.0670727 -1.04541 70
-0.372109 -0.112119 70
1.09406 -0.629797 70
-0.754973 0.634083 70
-9.03833 -8.93688 70
-10.3674 -8.95933 70
-1.25506 10.1144 70
-1.40138 -1.23445 70
-1.47534 -0.59166 70
9.90553 0.643356 70
-0.141947 1.16157 70
0.754548 11.4297 70
0.837829 0.824101 70
-1.46286 -0.782139 70
10.0817 -9.60895 70
0.318766 19.551 70
10.7371 -9.6362 70
-9.7351 -10.0834 70
-1.49364 -0.434704 70
-29.6428 -21.2213 70
29.4012 -11.0879 70
-1.0643 -0.216653 70
-0.399909 -1.34905 70
10.6837 0.048756 70
-0.600555 10.6631 70
20.0798 8.99901 70
9.04103 -9.58539 70
-11.4212 -8.952 70
9.57286 -9.58825 70
-1.06614 -0.56714 70
19.0155 11.2883 70
1.37666 0.489524 70
10.8215 -19.4157 70
-0.0526326 -0.298656 70
10.9171 -1.22972 70
10.2277 0.91691 70
1.31596 -1.29305 70
-8.68995 -0.16412 70
-11.1018 0.942142 70
-10.9498 9.69703 70
-31.462 0.449727 70
0.505956 -0.779698 70
49.691 -20.1524 70
-8.81949 -9.06081 70
-10.5996 -8.96709 70
-0.589572 1.18006 70
-1.11984 -19.187 70
0.18216 -1.27956 70
0.496802 -0.401278 70
0.797615 -0.696587 70
-10.4289 -0.267857 70
19.2451 0.242969 70
-0.786252 -1.07676 70
-9.83422 10.5067 70
20.8773 1.1836 70
-9.55851 0.234877 70
-59.6119 -28.7041 70
10.5714 10.8334 70
9.46316 9.81691 70
-1.00189 -0.042285 70
1.05785 -0.884952 70
0.447768 0.803576 70
31.1826 -18.9288 70
-9.99009 -19.8273 70
-1.43721 0.535977 70
-9.15395 -0.560346 70
0.758194 -0.897208 70
-61.0082 -50.4867 70
20.5065 0.991994 70
1.19973 -0.384139 70
-0.55035 11.1293 70
0.136527 1.35801 70
1.3599 1.48559 70
-0.229051 0.161382 70
-0.635637 -0.713473 70
31.4116 18.6794 70
-9.82394 -1.02591 70
10.0041 0.203381 70
0.362668 10.1239 70
-11.25 19.46 70
-0.513653 0.290555 70
39.1849 -41.3922 70
39.911 1.11678 70
19.0609 9.72121 70
0.945312 0.26185 70
-38.7208 39.581 70
10.7791 18.7471 70
1.30479 1.42813 70
9.53594 -81.1074 70
0.542959 -0.891753 70
-8.57864 -19.7297 70
0.857172 -19.9068 70
-0.225345 -9.3473 70
1.28632 0.455164 70
0.90426 -0.21705 70
-0.48504 -0.658464 70
-10.8375 -10.9704 70
-10.5094 -0.291905 70
-0.599544 9.07348 70
10.4097 10.0232 70
79.0681 1.18993 70
30.7781 -18.7876 70
-0.40815 -0.786573 70
1.35495 1.39657 70
0.713255 0.10936 70
-10.3896 -10.2582 70
-10.4335 -8.63019 70
10.4405 -10.0023 70
0.893132 -1.34888 70
0.0193395 0.535423 70
-10.5856 0.950176 70
-29.7378 -40.1124 70
-9.82948 18.8751 70
-0.96524 1.41374 70
0.642085 1.34533 70
9.7696 -10.2532 70
-0.0773021 0.856112 70
10.1763 9.04952 70
8.82475 -0.997153 70
0.130479 0.0463121 70
0.98959 1.4998 70
0.131046 19.4001 70
-0.871323 0.5817 70
-89.9757 -18.5547 70
-91.1652 -20.9784 70
-0.704859 -1.46679 70
-48.973 -11.289 70
-0.239566 0.225982 70
0.884185 -0.689947 70
-30.1988 -20.0333 70
-0.633413 1.22535 70
1.49506 -0.090417 70
0.774409 1.07555 70
18.7367 21.0617 70
0.711524 9.61747 70
0.398496 10.8114 70
0.0871707 -0.968928 70
-0.36334 10.4827 70
-0.75466 1.06898 70
30.9263 29.4444 70
49.5663 40.7566 70
8.83968 18.8347 70
1.01477 -0.289103 70
-0.245282 -0.992291 70
1.44276 1.37892 70
0.22194 20.2114 70
-0.588292 -0.714125 70
0.852983 0.191831 70
0.196886 0.273152 70
-10.5552 0.0160255 70
51.3067 9.55821 70
1.19939 -1.42165 70
8.90579 10.9784 70
1.29856 -0.593737 70
0.246841 0.810697 70
11.1505 -18.5692 70
-0.849828 0.422644 70
59.0702 -19.0899 70
-8.70883 10.9067 70
21.058 -1.2339 70
29.2843 -0.980289 70
-10.4896 -8.6723 70
-0.8237 0.456797 70
1.20005 -10.0414 70
-1.09104 -1.44234 70
10.0311 0.847273 70
-0.655597 -0.407812 70
9.68057 10.8805 70
-0.731172 0.00103517 70
11.1679 9.97764 70
-31.0645 -30.5538 70
9.63082 9.48706 70
-19.8012 0.0642288 70
0.380899 -1.16706 70
21.0074 -0.70092 70
9.35677 11.4851 70
21.2052 -29.2762 70
-9.0673 21.1903 70
1.26408 1.31255 70
8.73164 0.139366 70
0.65707 30.3621 70
-0.906571 -0.961989 70
-1.03566 -1.06857 70
-0.338246 1.11641 70
9.22879 -10.743 70
-1.22977 0.727553 70
10.7693 -0.542619 70
10.4406 18.8276 70
-0.307552 10.1146 70
-10.9521 -8.99376 70
-8.70092 -10.4661 70
10.6855 9.28358 70
1.21079 0.363338 70
11.2543 -1.16167 70
20.3201 -0.681954 70
101.17 -68.562 70
19.0215 -19.5962 70
19.1513 -19.2908 70
0.482143 -0.45179 70
9.8251 -0.154921 70
-0.465605 0.494824 70
-1.33332 11.2259 70
0.100133 -29.4654 70
-0.937075 1.44288 70
9.98187 11.157 70
-0.434303 -1.16858 70
10.6063 -1.05207 70
10.7464 8.87142 70
-1.22414 9.9249 70
0.313539 8.97065 70
0.858596 1.40783 70
-9.82755 -1.04582 70
-1.1419 -0.732171 70
10.095 0.693838 70
8.93515 -9.49543 70
10.8387 10.2216 70
10.5331 -41.0965 70
-0.363439 -0.886311 70
19.0667 0.764117 70
-0.372018 1.14758 70
20.404 -0.0674019 70
-0.338513 -0.168903 70
0.0706662 0.0857554 70
-30.3904 -29.054 70
8.50396 60.1083 70
0.118758 0.403679 70
-0.381664 1.20383 70
-0.683378 -1.27467 70
-11.1714 -9.7887 70
1.05374 1.36273 70
9.65965 11.4684 70
11.1606 9.54427 70
-8.65401 21.3164 70
0.171387 -0.252897 70
-30.038 0.899761 70
8.9067 0.765338 70
-21.0042 9.09641 70
-0.428395 -0.201361 70
-1.07633 0.925461 70
-0.769618 0.786202 70
1.23779 0.648428 70
-0.548348 28.9137 70
1.27108 -0.493398 70
-10.5372 -9.07744 70
0.128397 0.666813 70
-1.49726 0.420986 70
0.530831 -0.671948 70
-0.921895 0.446464 70
1.13006 0.569189 70
-9.91896 -0.989646 70
-0.400041 -9.31969 70
9.99073 9.36045 70
-0.645283 0.967896 70
1.12649 1.03161 70
1.06855 -1.41121 70
-8.66227 19.3504 70
10.8432 -0.592736 70
-21.1121 29.9961 70
-0.968296 -1.25898 70
-0.261365 0.0693195 70
-0.591937 1.11177 70
0.0989466 0.9791 70
-0.185318 0.354294 70
1.10002 -0.427389 70
-0.036538 -1.49497 70
0.566206 10.9649 70
0.184729 0.861906 70
0.189813 -0.0673461 70
1.01514 0.354456 70
-19.8625 -8.84401 70
40.85 -91.0764 70
28.795 10.9019 70
8.74559 -11.4141 70
0.654294 -0.102301 70
9.11169 1.006 70
-20.7306 30.1848 70
10.8676 11.3454 70
-29.982 10.4025 70
21.1837 10.8286 70
-0.0752047 0.242829 70
-0.707639 9.86698 70
-0.827731 -0.92117 70
-49.523 31.4089 70
-51.4194 28.5074 70
41.0903 -21.379 70
11.2851 -1.29324 70
10.456 -0.709778 70
-11.3764 18.9585 70
9.83663 0.540155 70
0.211022 9.75816 70
-0.771635 8.52845 70
18.7709 8.51415 70
-0.164823 -10.4153 70
-0.120769 -0.660481 70
-1.19052 0.097707 70
-29.4438 -0.627858 70
-8.5552 -0.697141 70
-0.206873 1.46515 70
21.2153 10.774 70
1.10794 -0.0439461 70
1.04311 -0.216324 70
-0.131172 1.3453 70
-9.91217 1.15427 70
0.541037 -20.4897 70
40.2689 50.7392 70
-0.835363 -0.77529 70
0.679224 -0.415853 70
0.269557 9.05724 70
-10.3176 -20.5368 70
-0.89984 -1.31758 70
0.316326 0.433036 70
-0.625065 0.862319 70
0.274377 -19.2159 70
1.06061 -0.425168 70
-0.640673 8.89706 70
10.6628 -20.4851 70
-11.1305 -9.51942 70
8.62162 11.1188 70
-1.08131 -20.3613 70
-9.27773 1.23905 70
-0.249802 -1.05092 70
-0.793248 1.03319 70
10.5508 -0.842379 70
-11.4489 0.0264299 70
-1.13536 1.28214 70
8.89271 -0.510749 70
8.65934 -9.3701 70
1.26355 -1.16287 70
10.5822 -1.31761 70
0.0791234 -0.0491392 70
-0.990765 10.5467 70
0.109157 -0.135989 70
1.13442 0.766126 70
-0.00915726 -0.966655 70
60.3064 -30.0421 70
-30.9264 31.0069 70
-20.4214 -29.4552 70
-10.6282 1.38438 70
-11.2197 -1.32208 70
-0.649187 -0.907785 70
9.59462 -0.75245 70
9.34549 -0.260599 70
