20.1452 -78.6352 70
1.15091 -20.8799 70
0.922749 -0.379171 70
-19.3973 -1.48416 70
-20.7036 30.322 70
1.21273 -0.376061 70
-49.0113 -59.2863 70
-10.3218 -9.34002 70
0.746457 -30.4069 70
0.473643 1.17982 70
1.37153 -1.136 70
-50.0196 41.4532 70
-10.7463 -1.48843 70
-9.15356 -21.4084 70
-10.8679 -18.6065 70
-20.4452 -1.28842 70
11.3118 20.3988 70
-11.2893 20.0942 70
10.6914 19.6503 70
-0.650235 0.924579 70
-0.946229 0.658875 70
-19.8998 -41.3183 70
98.9557 -29.3935 70
-9.46938 0.943071 70
-10.1601 -0.798686 70
-0.533169 0.908414 70
-1.41491 -0.726885 70
8.56196 1.09792 70
1.41966 -1.16009 70
8.8985 0.0333145 70
1.31712 8.99274 70
0.634648 -19.1179 70
-11.0022 -8.9058 70
-9.11187 -10.9669 70
0.272152 18.7746 70
29.1539 20.2792 70
1.34912 0.0848675 70
-9.58127 11.4062 70
0.325269 -1.44403 70
-9.01495 -0.463903 70
-19.615 -29.974 70
-1.14376 -0.0754938 70
-0.565283 50.0983 70
0.324525 1.04995 70
18.9589 -19.6439 70
-0.378779 0.665868 70
-21.1309 0.826365 70
-9.14786 0.815853 70
0.139066 9.59293 70
8.62672 0.724906 70
1.17049 -1.33287 70
0.355323 -11.3094 70
-0.719043 -9.2518 70
8.73287 1.38122 70
0.700052 -10.4855 70
21.0115 10.4768 70
0.552748 -9.26655 70
-0.307555 -0.479623 70
-1.49039 9.74754 70
-1.37191 -0.00372286 70
-0.434651 0.19958 70
-9.72805 -0.67317 70
0.209637 28.5844 70
9.72707 -38.651 70
1.10179 1.14022 70
0.725446 -1.44452 70
9.25672 0.987701 70
20.6217 0.0702212 70
-1.18544 19.85 70
8.7383 -0.623804 70
-9.02703 19.3234 70
9.33603 10.2154 70
-38.7273 51.1794 70
-11.0116 0.139628 70
-20.6158 10.428 70
10.4138 1.27704 70
9.09935 -1.23247 70
60.3714 -48.5077 70
-29.1801 10.5356 70
0.213625 -0.279092 70
1.1427 -0.272719 70
-0.5663 -1.48889 70
-0.190501 -0.7008 70
10.3783 -9.69748 70
30.3546 8.96999 70
-1.16474 -0.969273 70
1.26268 0.693225 70
-0.132949 -0.815024 70
-10.519 -11.0666 70
10.0091 -0.765773 70
-1.19166 -11.2597 70
-49.6501 9.59348 70
-0.198444 0.554973 70
-0.32433 -0.790958 70
9.40862 0.323055 70
-0.38365 -1.21541 70
-1.06484 10.5812 70
-9.58316 -0.403096 70
-20.6966 9.97761 70
-0.149287 1.27717 70
-8.99396 0.473007 70
-9.1789 9.48678 70
-1.18577 9.90739 70
1.18843 9.88879 70
10.1695 20.2862 70
-18.8904 -40.5326 70
0.592744 -10.4362 70
-9.03013 -10.2544 70
0.580587 -1.48707 70
1.2853 1.42227 70
0.683836 -11.3204 70
1.41257 0.32719 70
18.5892 20.9418 70
-10.2117 1.10583 70
-0.834312 1.00618 70
1.39384 -0.591852 70
1.31815 10.755 70
-0.868139 9.05128 70
-8.83267 -1.39224 70
0.658981 70.8322 70
-19.8222 -10.018 70
1.024 0.073968 70
-0.146538 0.325153 70
0.397231 9.40168 70
0.491517 -8.77721 70
10.5999 9.30538 70
1.24781 -0.027821 70
-8.61493 -0.270978 70
-0.243685 -10.7271 70
1.39068 1.15089 70
-19.1391 20.4546 70
0.128965 1.14026 70
-0.0360443 -1.05088 70
1.49186 -0.615187 70
21.0345 -20.9337 70
-0.623511 0.73488 70
-0.473638 0.0821077 70
-10.23 1.24486 70
0.706934 -0.103889 70
-10.1947 0.626676 70
-11.2318 0.895562 70
-8.65078 -10.826 70
-10.4045 -9.30797 70
40.4429 58.8605 70
-0.526642 -1.3575 70
0.309564 8.76793 70
0.49659 -31.0199 70
1.38869 0.0669926 70
-1.39256 -1.41061 70
9.34814 -0.933358 70
-0.585597 0.883929 70
8.9273 20.3434 70
0.981239 0.675383 70
90.8618 -61.219 70
88.6868 -60.6782 70
10.4189 -31.2635 70
10.6743 -1.08008 70
8.52415 -9.87908 70
10.1132 -31.4607 70
0.423604 0.674287 70
-0.078581 9.11188 70
0.408153 0.619851 70
-1.00769 0.325296 70
-0.694173 -0.332839 70
0.525026 -0.452339 70
-10.6718 -10.466 70
0.476253 1.31652 70
0.982191 0.944685 70
-0.399743 -1.23577 70
9.33131 1.2348 70
-0.662229 -1.33211 70
-19.7177 -21.3815 70
-0.655328 -10.2604 70
-9.02269 -0.122905 70
8.57484 -9.47139 70
-0.983966 -0.438391 70
9.50822 -21.076 70
0.200423 10.632 70
-1.29499 0.644816 70
-1.33167 -10.4216 70
1.2433 28.6122 70
-0.577507 0.879238 70
-0.0488549 8.52143 70
1.36625 1.15202 70
0.952298 -0.395666 70
1.29631 0.70799 70
-8.66371 1.22403 70
-0.296189 -10.3513 70
-39.1107 -58.9852 70
18.8029 -20.9222 70
-9.0737 0.251662 70
1.1964 0.00819709 70
21.1612 -11.0385 70
-0.755866 9.66884 70
-10.691 8.78416 70
-10.1729 11.4705 70
10.1138 0.825875 70
19.3488 -9.05865 70
21.105 -9.80659 70
-0.763608 0.539145 70
-10.0363 0.842825 70
10.9657 -1.33782 70
-10.7844 0.551643 70
-1.17718 -1.14065 70
0.879769 -19.4891 70
-0.874228 -20.9233 70
0.0754691 0.780323 70
9.99436 -8.93712 70
-8.71869 1.34975 70
-9.60127 10.3398 70
-0.413563 -0.00251138 70
-0.304038 -10.8666 70
-0.823666 -9.81583 70
0.486468 -9.17917 70
-1.20664 0.39742 70
-1.17515 1.16346 70
-28.979 -11.214 70
-0.883827 -1.01131 70
-0.88871 0.883824 70
-9.48269 8.96609 70
-0.147437 -0.663251 70
0.910983 0.560704 70
11.3814 0.744422 70
0.0713125 1.34252 70
-1.13651 0.753458 70
1.09996 1.4233 70
10.8075 10.7659 70
-0.182275 0.251278 70
-1.04777 8.68451 70
-9.31507 -0.915864 70
10.751 -18.5123 70
1.25616 0.451063 70
-0.603608 0.959566 70
9.41051 -0.813494 70
0.772847 0.0896899 70
79.4318 -81.0289 70
-0.304229 -1.03595 70
0.352026 -11.3407 70
9.18917 10.5399 70
0.129169 -0.0358384 70
0.756454 11.2288 70
1.45817 0.0599023 70
1.20344 -0.60464 70
-0.421525 -0.326182 70
10.1144 8.93402 70
-79.7256 -9.57455 70
-0.611908 -1.00316 70
0.107465 -0.743259 70
-0.138642 -1.32545 70
9.80126 -9.52712 70
19.2723 20.1749 70
-0.952229 1.4255 70
0.955669 -0.630825 70
1.35259 0.494031 70
-1.40375 -0.654682 70
0.771117 -0.838745 70
-8.68805 -31.1201 70
-1.21829 -0.573118 70
-121.204 -119.351 70
-1.16067 -1.07989 70
0.710522 -8.61871 70
1.49397 10.6617 70
-31.112 10.1435 70
-9.66973 -0.789932 70
0.270605 0.989267 70
-0.544998 -1.35981 70
29.256 -31.2702 70
1.00717 11.0071 70
-50.5969 51.2419 70
-19.5034 8.53803 70
0.700764 -0.332939 70
-9.03564 -0.76507 70
9.47284 21.2905 70
10.0101 11.2937 70
-18.6959 -69.9459 70
-20.1212 -10.1209 70
-10.5548 0.741621 70
0.636655 -0.131968 70
0.870075 -0.310868 70
0.710242 -1.24838 70
1.48732 -0.795456 70
-29.0202 -19.54 70
30.0281 8.60288 70
-1.23984 0.923298 70
1.47657 19.8761 70
8.97771 -0.341908 70
-1.06753 -51.0865 70
19.0945 -1.10997 70
-0.638956 -1.3939 70
20.407 -20.8888 70
-1.4739 -10.6787 70
0.00905063 -0.657243 70
19.9661 -28.7466 70
1.14246 -0.722166 70
-0.675565 -1.40579 70
0.00303613 18.7795 70
-28.8124 -9.2672 70
0.921026 0.0168485 70
-0.287486 -0.815442 70
0.160381 21.3159 70
0.709535 1.26632 70
-29.8335 -9.28005 70
0.171048 1.0945 70
1.47395 0.304916 70
-0.210974 1.39176 70
-31.4168 30.7423 70
1.01964 -9.69045 70
-0.391132 -8.81325 70
1.16918 0.803251 70
0.993198 9.88661 70
1.45633 -0.210604 70
-10.9532 -51.4109 70
1.39297 -9.60434 70
1.00365 0.432429 70
-1.23343 -9.61581 70
-11.4746 -9.01823 70
19.7142 0.790886 70
1.31484 -11.2575 70
-0.936282 -1.01387 70
0.94999 1.2466 70
-1.4307 0.116498 70
9.42029 -0.830861 70
-0.312759 0.737485 70
8.60451 -10.1973 70
0.180063 0.838997 70
-1.49386 -0.696585 70
-0.324689 -8.88937 70
-8.76963 -11.4002 70
1.10057 -0.707573 70
10.9318 -10.8267 70
10.1232 19.1395 70
9.15287 -19.1551 70
-1.17211 -9.62233 70
-1.4836 1.04635 70
-1.47017 10.0391 70
10.2443 -1.19877 70
0.468053 -9.15348 70
-11.3178 41.1581 70
-1.01645 -1.21143 70
-0.560917 0.418863 70
-10.9369 -11.151 70
-1.48803 0.793456 70
-9.45528 -0.656356 70
-0.790132 -0.263372 70
-10.3754 11.029 70
-0.472281 -11.1207 70
0.776138 -0.304451 70
-11.2707 -0.470822 70
0.922647 0.775985 70
-10.8782 -10.4958 70
-0.882908 8.53426 70
-0.32407 -1.31582 70
-9.07536 -0.782428 70
-0.265538 10.0387 70
10.64 19.2458 70
8.81586 -0.422969 70
0.506422 1.14642 70
9.07007 10.3291 70
-101.375 -59.3464 70
10.3538 -11.0672 70
0.541621 0.876873 70
9.87554 19.4865 70
-1.08381 -20.9548 70
-1.44224 -19.9249 70
30.5002 11.328 70
1.22519 -10.5615 70
-8.66752 -9.33593 70
-30.4614 -10.2849 70
-30.2578 -8.76803 70
18.588 -0.495786 70
1.20153 0.276214 70
0.725311 1.0012 70
-1.26242 -0.622113 70
1.34001 -1.46564 70
-9.98506 -9.95436 70
0.527249 9.28653 70
0.0611159 -0.0720019 70
0.371126 -0.0233852 70
-0.905153 -0.710994 70
0.673016 1.18662 70
0.234561 -0.312101 70
-10.3661 0.807121 70
-9.87122 1.24764 70
0.291293 -18.9601 70
-0.205918 -18.6058 70
-1.3326 1.10335 70
-8.55744 -8.79761 70
-0.440408 0.280662 70
-0.155885 0.391203 70
30.0555 -0.365039 70
9.2817 -10.4444 70
9.53001 -0.880741 70
1.39588 9.95307 70
-0.576903 -0.949966 70
20.9649 -9.1629 70
-1.04061 10.314 70
10.2782 18.6082 70
1.30804 1.37603 70
-1.15139 -39.3269 70
0.209816 10.5968 70
0.216159 -8.54937 70
1.02956 -1.13962 70
-1.13694 0.100107 70
0.44477 9.66972 70
0.0300444 0.257319 70
1.21406 -0.0754397 70
1.26725 -0.402811 70
1.26472 0.181399 70
-8.60063 1.05711 70
-0.40817 -8.57299 70
10.0878 9.05468 70
10.1089 -0.720833 70
11.2539 0.362296 70
-1.02364 0.911974 70
0.3469 1.34605 70
0.0220254 0.346402 70
-10.6443 -11.2667 70
0.195292 0.5794 70
-1.31582 0.287155 70
-19.5573 -20.7659 70
-11.4038 9.83536 70
11.0424 -29.8597 70
0.970156 0.564295 70
-0.0647168 0.303337 70
-10.5004 -0.367526 70
1.45203 0.836474 70
0.558862 -0.645131 70
-9.94845 0.544151 70
-10.1557 -0.869491 70
-11.0622 10.3818 70
-1.06162 -0.834475 70
19.9835 0.179438 70
-0.554275 0.633803 70
-8.98597 -0.214727 70
-1.19864 -1.47737 70
-0.0780173 -0.713411 70
8.80572 1.38427 70
0.538728 -9.83986 70
19.0407 -0.165516 70
0.279207 -10.3674 70
-19.0067 -10.9775 70
0.79904 0.200746 70
8.56392 -11.0619 70
-1.48579 0.0289207 70
1.08146 0.949077 70
-0.00773983 0.316868 70
0.524558 1.02534 70
0.47768 0.891711 70
0.844959 0.529041 70
-0.168289 -10.2864 70
-8.59684 -11.0115 70
-0.48974 -8.5212 70
-0.782725 -0.447634 70
-8.84421 -8.97742 70
-1.40036 0.377341 70
0.997263 -0.285995 70
0.234507 0.41154 70
-1.40049 0.942842 70
20.3883 -0.506349 70
-10.8905 -11.4159 70
1.26654 -19.5587 70
0.0279968 -0.809746 70
-9.86772 -10.2 70
0.685947 0.429922 70
-10.8165 -0.0474628 70
-9.91198 -0.693402 70
-11.2107 -21.3675 70
-1.47604 1.05502 70
0.868608 0.547116 70
-20.7109 -10.7905 70
-29.1992 19.4256 70
-10.4748 39.3967 70
-9.6668 1.16523 70
9.80749 -0.247039 70
-41.2117 80.9991 70
-28.5309 -90.691 70
-1.11197 -0.201366 70
11.3491 -0.324087 70
-18.9801 0.0267291 70
-0.032804 -0.348045 70
-1.36391 -1.39925 70
-9.43962 -20.1691 70
-0.660692 0.378686 70
-0.242206 -19.9483 70
-11.3592 0.649935 70
-1.38214 0.635515 70
19.6387 -70.938 70
1.41913 1.46342 70
0.777572 -0.755822 70
-0.654657 1.45576 70
1.0282 -0.876073 70
0.00549187 1.014 70
0.793687 28.8888 70
39.3426 -9.91405 70
0.603529 1.29099 70
-1.00857 0.55951 70
-0.965957 1.19126 70
1.28096 -0.0213504 70
0.632763 -1.4262 70
11.0554 0.628244 70
8.64406 -1.36532 70
10.3236 -1.18343 70
-0.471562 -10.2834 70
-29.6133 -18.6586 70
-39.355 10.7706 70
-8.72095 -0.623072 70
10.4629 -1.0181 70
0.767133 0.973247 70
-9.97536 0.689642 70
39.279 -9.85017 70
-9.19012 -10.4235 70
-8.50324 -29.7888 70
-0.316285 -0.264338 70
1.27357 -9.04905 70
-0.600218 0.227767 70
-0.265166 -0.281536 70
-0.329198 11.3127 70
-8.97538 19.6442 70
-0.33151 -0.731068 70
1.39259 -1.46776 70
-1.14923 -0.00563922 70
-0.316659 0.139862 70
-20.0089 -18.8834 70
0.980384 -1.21426 70
-0.843614 -1.23554 70
-10.7249 -9.0159 70
-0.354507 -11.4483 70
1.25346 0.286659 70
-0.570347 0.29959 70
-0.812001 0.685774 70
0.809016 -0.0146966 70
0.537465 0.510794 70
-1.32975 -11.417 70
-9.82837 -10.1317 70
-0.0265519 0.845697 70
11.3758 -9.11822 70
0.111745 -20.4987 70
0.782846 29.4412 70
1.21395 -0.112699 70
-0.724595 -0.82874 70
10.5457 0.576141 70
20.4821 -1.29445 70
-0.436509 -0.740374 70
-9.72901 0.665598 70
-10.8701 -0.512767 70
1.36378 -0.81203 70
-19.0223 10.8589 70
-18.878 -8.92991 70
-18.8016 -11.343 70
-9.14826 -8.63512 70
-1.48484 0.600649 70
-11.3496 8.56501 70
0.537549 0.621793 70
71.2564 -0.0594054 70
0.849498 1.36304 70
0.25168 -0.435368 70
-0.737138 9.09951 70
0.7989 1.00106 70
0.973615 -0.666263 70
-29.2496 -0.719436 70
-11.4621 1.02631 70
1.09716 0.940654 70
0.617064 -0.942071 70
-8.87172 20.757 70
-0.952948 -10.1721 70
-59.989 -40.851 70
10.757 -0.0101663 70
-1.41213 10.6562 70
0.532146 0.793207 70
-1.04265 -1.40561 70
-0.553345 1.12866 70
-1.26051 -0.334885 70
-10.3601 -1.45667 70
1.14263 1.42057 70
0.553157 -1.32277 70
9.84754 -10.9703 70
0.762009 0.390146 70
-18.919 11.0648 70
-0.237324 0.258233 70
-1.13255 0.241768 70
-10.2033 -18.8742 70
-1.46925 -0.288627 70
9.45614 21.4415 70
-9.05658 10.9054 70
-21.2315 -1.43875 70
-1.14555 0.325321 70
-8.94937 -0.693588 70
10.0861 9.78568 70
-10.2386 0.0687048 70
1.35564 -9.34804 70
11.1446 19.5753 70
20.5833 1.09003 70
-1.02967 0.589555 70
19.8371 0.192111 70
9.66096 11.2026 70
-8.75708 0.896049 70
-0.738305 -9.87353 70
-1.48091 -0.703939 70
-0.0993474 -9.74801 70
-11.2966 -10.6883 70
-0.0840654 -0.741285 70
9.31117 -11.1204 70
0.240161 0.422766 70
0.284817 -0.380856 70
-1.406 -0.454815 70
1.46564 1.22056 70
-9.76423 1.09911 70
1.10882 -0.231244 70
-0.0537998 -0.51506 70
1.08093 19.0693 70
-10.914 0.676148 70
30.3337 30.7742 70
-1.01972 0.0888089 70
19.3939 1.38 70
-1.2978 -0.607867 70
1.4485 -8.90741 70
10.1712 11.2789 70
0.601345 18.6473 70
0.530239 0.523675 70
-0.872347 0.140948 70
-1.32652 -11.0567 70
-10.6978 -19.5068 70
-0.0404396 11.3824 70
-10.3437 -1.18095 70
0.415433 -0.758293 70
1.21629 -0.772027 70
-0.0914095 0.750773 70
1.19265 9.30795 70
10.7935 -9.80444 70
9.34748 9.19893 70
-41.2404 -49.8426 70
-19.0163 -0.508883 70
-21.1989 -10.9171 70
-9.01464 -0.902794 70
1.3543 0.844263 70
-9.98264 -20.8087 70
-1.00911 10.149 70
-0.451614 -1.14191 70
0.671377 20.9815 70
-0.331295 -0.441868 70
1.42367 -10.6979 70
1.00918 8.90045 70
-8.62971 11.4924 70
-0.169249 0.50216 70
-19.2423 31.2652 70
-39.2841 31.137 70
9.64756 30.3161 70
-1.19049 -40.7021 70
10.1636 0.862525 70
10.2944 -9.92181 70
-0.733496 1.21367 70
-0.305033 -0.00788571 70
0.467792 -9.52788 70
-0.0385134 -0.623565 70
-29.9002 -50.5626 70
10.7738 0.752206 70
0.610165 -9.10958 70
-21.319 -9.31302 70
9.01298 -0.614978 70
0.221674 -0.525302 70
1.14884 -1.1852 70
0.0110882 -0.0135265 70
-1.06972 -10.8696 70
-9.4258 -29.4449 70
1.44467 0.266693 70
1.33381 -0.719805 70
0.288389 1.42723 70
-10.5373 -0.00172881 70
19.6963 -10.0662 70
1.30504 0.892471 70
9.75774 21.0395 70
28.6734 -30.7883 70
29.4 -29.9549 70
9.74889 9.34975 70
0.19778 1.36307 70
19.1738 -39.1454 70
-1.09546 -0.69808 70
0.090781 1.20838 70
9.76899 -9.04626 70
1.21476 -0.552927 70
-1.10145 -0.265415 70
10.2486 -28.603 70
9.49825 -20.288 70
-11.0962 -31.1545 70
-1.19058 1.03511 70
0.514744 0.421372 70
-8.67542 0.215603 70
-1.41608 -0.976806 70
-9.6111 -0.239075 70
-19.8057 10.4228 70
-20.9604 9.12558 70
0.804858 -0.613704 70
0.6396 -0.988056 70
-9.77811 19.0388 70
-19.0753 10.8727 70
-1.37322 0.697802 70
0.236799 1.04683 70
0.633256 0.589401 70
-1.21347 -1.14627 70
-0.669481 -1.20411 70
-10.2528 -9.85138 70
0.848504 -19.0313 70
-1.16504 0.853127 70
1.29359 10.9021 70
0.480021 -11.1146 70
-1.0648 -11.2761 70
-0.151884 0.945297 70
-21.092 10.8258 70
-40.7494 -28.8505 70
-8.78504 0.652123 70
-0.935402 1.12623 70
0.489133 1.2717 70
-1.35886 11.2949 70
39.4318 -19.8819 70
39.2634 -20.9806 70
-0.922697 -9.40155 70
-1.19997 -11.3712 70
0.42959 -0.840059 70
1.32675 8.56303 70
0.972507 0.949502 70
59.9178 30.0955 70
0.767743 0.352152 70
-100.035 -30.9018 70
-10.0025 -0.545433 70
0.0606383 0.519722 70
-11.3818 0.915017 70
11.3158 -0.598458 70
40.7413 -28.9485 70
-1.09276 -10.5963 70
0.284084 -1.02551 70
-10.8519 -1.15378 70
-0.757508 0.850316 70
0.00631612 -1.25741 70
-0.740724 -0.0763484 70
0.593021 1.49701 70
10.586 -11.1998 70
-0.0174331 0.509126 70
0.775585 -9.37025 70
-48.6821 9.65562 70
-1.29815 0.327836 70
1.42409 1.45353 70
1.37185 -1.01904 70
-9.66495 9.84088 70
-51.3987 -89.9648 70
-60.7493 10.0648 70
0.861623 0.317825 70
0.916784 9.6794 70
11.3415 8.69841 70
9.72534 9.17475 70
-0.966123 -0.580314 70
0.899318 0.111311 70
-0.845639 0.748678 70
0.632826 -1.11594 70
-9.33889 10.1223 70
-10.4094 9.59191 70
-0.293427 0.197236 70
-0.487653 1.11848 70
121.494 59.0004 70
29.7797 1.30632 70
-31.1891 11.0984 70
-19.923 -9.06028 70
-10.0855 -10.7077 70
-0.642088 0.633945 70
0.361422 0.346412 70
0.937848 1.18217 70
-0.0107238 1.43186 70
0.91792 0.613122 70
-1.33116 1.29495 70
-0.549551 1.42364 70
-10.4846 -11.4139 70
-0.248692 1.0414 70
1.11092 0.567011 70
1.23359 0.801089 70
-0.409101 0.877926 70
-1.1065 0.59953 70
0.312436 0.0299704 70
-0.970059 -0.780693 70
-8.99345 -10.6964 70
20.7327 -49.2911 70
19.9453 -9.78551 70
0.884743 1.18788 70
0.330824 0.546982 70
-1.13412 0.207545 70
-1.48211 1.47311 70
-1.32952 0.883488 70
8.67678 -1.32434 70
-10.7748 -9.99615 70
11.4916 -1.37557 70
-0.584601 -1.08305 70
0.815352 -0.244998 70
0.193285 0.572709 70
-0.110751 -11.4534 70
-8.56942 -0.977793 70
-0.146526 -1.19948 70
-0.365089 -1.12305 70
1.33338 -1.27047 70
-0.566601 -0.665558 70
9.18994 0.0101536 70
-1.39592 -0.793108 70
0.00400142 -11.1355 70
-1.49406 -0.854545 70
-9.33697 -9.67221 70
-20.1867 21.1536 70
-0.428063 -0.780508 70
1.09611 -10.3928 70
-19.6732 9.66733 70
0.263242 -10.1186 70
40.5983 -31.4423 70
0.345819 -1.45032 70
0.739318 1.37466 70
-10.6545 18.5442 70
-9.12728 -10.4856 70
11.116 11.3033 70
-1.31091 -0.573534 70
9.38415 11.2031 70
0.517167 -9.56008 70
1.00523 61.0901 70
9.6926 0.0240089 70
1.11046 -0.624959 70
-10.3204 -1.4046 70
-21.4678 -49.1816 70
-1.1473 -1.00598 70
0.844616 9.48798 70
-40.4532 20.1043 70
-39.238 21.0147 70
-10.4977 -0.16058 70
-50.3781 -41.1235 70
10.5368 -11.052 70
0.629235 -1.26975 70
-0.238516 -1.16422 70
-10.8625 50.3086 70
0.734891 -0.0241813 70
-108.685 -39.376 70
10.3653 -10.3993 70
10.8457 19.4017 70
-8.9394 -38.7156 70
10.4223 0.455106 70
-10.3265 19.5739 70
0.994722 0.879478 70
20.0734 8.89893 70
0.317745 -21.202 70
0.0782192 9.24226 70
-11.3282 -0.460553 70
0.605663 0.747241 70
-1.189 -1.48323 70
19.5159 28.8573 70
0.686566 1.01029 70
-1.1757 -1.32614 70
118.555 -99.7721 70
-0.642843 -9.98155 70
1.27549 1.41051 70
-0.944641 -0.348286 70
1.28021 0.93384 70
-20.9643 -1.187 70
-20.4214 -0.918207 70
-10.702 -1.47232 70
0.94007 1.20615 70
1.25012 -0.173039 70
-1.42291 0.303353 70
0.276759 -0.345175 70
0.689902 -9.10881 70
0.664065 -10.1676 70
-9.77234 -1.46241 70
-1.49154 1.17896 70
0.7332 0.317808 70
19.0023 60.8644 70
-0.347568 -0.669228 70
-9.86226 18.942 70
0.0673094 0.32961 70
-0.907951 0.0342037 70
0.798527 -0.217636 70
-0.143611 -0.499186 70
-40.2331 -20.0815 70
-11.3234 8.77843 70
-9.12351 9.36268 70
-1.3744 0.429154 70
-1.07546 1.27932 70
9.38308 11.3089 70
0.615552 0.649408 70
10.7643 -0.0801084 70
0.112993 1.43232 70
-0.321822 1.27405 70
-1.15236 -0.0340022 70
0.42992 -0.526359 70
-0.630031 -0.276752 70
-0.271531 0.485342 70
10.9284 11.4522 70
28.7466 -1.08755 70
-18.6788 -0.275331 70
-0.203933 -9.04569 70
0.0842375 0.704741 70
0.852824 -0.797012 70
0.119725 -1.22819 70
-1.30946 -0.490068 70
1.29943 0.0500372 70
90.3186 -38.7797 70
9.05539 -9.85006 70
1.44609 -0.581251 70
-0.809577 -0.707962 70
1.44669 0.0889932 70
1.24569 0.110419 70
-8.78481 -9.13609 70
-0.0673171 -11.0413 70
1.34594 1.4183 70
-10.864 0.495498 70
-1.26295 1.25492 70
-0.985097 1.46919 70
28.7016 19.0848 70
0.694765 1.47915 70
-1.36771 1.26859 70
-0.62184 -0.555641 70
1.12846 -69.1581 70
1.32634 -69.4559 70
-1.03116 -9.02965 70
1.12695 -0.668776 70
-20.0405 -9.57507 70
-0.83626 -0.19868 70
0.738812 -1.05546 70
1.23084 -0.675715 70
-0.593328 -10.9016 70
-11.1555 0.61828 70
-0.0429125 -0.34434 70
0.342828 -0.617067 70
30.2772 9.92508 70
9.2562 21.2536 70
-1.26116 -0.470614 70
0.659829 -0.641173 70
1.46019 -0.237011 70
-1.17684 -0.438453 70
9.08809 -0.788347 70
-1.14699 -0.682405 70
-0.330371 -0.793844 70
-0.751642 -1.18884 70
-0.0396958 1.06927 70
9.1704 -9.70379 70
20.2223 -101.497 70
0.936414 0.768012 70
20.0875 1.42713 70
-11.4332 21.2482 70
-1.46178 1.48322 70
