-0.112494 -20.8795 70
-10.1307 9.39306 70
-10.1724 11.323 70
19.2802 8.93784 70
-0.573051 -0.995202 70
9.57367 -31.2652 70
1.24303 0.585687 70
8.76273 -0.449317 70
1.19366 -20.0424 70
9.36777 -1.07785 70
1.41001 -0.248871 70
-0.508335 9.67219 70
-11.0042 -9.26882 70
-28.6613 -58.9796 70
9.88863 -0.508728 70
11.1693 -1.02617 70
19.1526 -31.1468 70
20.774 -31.4949 70
0.219086 -9.49457 70
-0.290698 -30.8853 70
-8.51643 -19.1058 70
0.654659 -0.265962 70
8.77316 -0.779115 70
41.1378 8.54437 70
8.73164 -1.31347 70
-9.15168 -20.9884 70
-11.3889 -49.7709 70
-9.86918 0.398789 70
19.0543 1.17023 70
10.4281 -10.1298 70
0.613115 -0.130334 70
89.7741 10.7465 70
-0.391406 -1.4797 70
-1.03901 0.207484 70
-0.875103 -1.09622 70
-0.503552 -0.645635 70
-8.56534 0.114011 70
19.3106 31.2759 70
10.6826 -9.26159 70
11.2756 -9.44477 70
19.643 -39.3404 70
-50.2668 19.2077 70
0.399762 0.576944 70
-0.281417 0.525079 70
-18.7776 10.1528 70
9.48374 -8.86054 70
38.6809 29.1235 70
21.0605 -9.21217 70
9.2401 -31.3462 70
0.655778 -9.42135 70
-8.99257 20.0898 70
10.7715 0.378985 70
8.89128 -0.271887 70
-0.849238 -11.1829 70
-0.5695 0.502699 70
0.351969 -0.739773 70
10.2215 -0.20685 70
-1.06496 -9.28621 70
0.695837 -10.5699 70
9.08626 -11.0985 70
1.4777 -0.41321 70
0.199504 0.995558 70
-0.00702423 -0.644089 70
1.3885 0.349727 70
40.9987 -20.6093 70
51.4436 -40.0079 70
0.0511549 30.0752 70
0.290965 0.236325 70
10.9888 8.68635 70
0.526761 -1.0854 70
9.27027 -0.806426 70
-0.301115 1.02178 70
11.1424 -9.63825 70
28.6322 -0.275322 70
0.523634 0.638762 70
8.84746 0.450452 70
10.841 -1.29896 70
-18.7901 -49.3879 70
0.897384 -8.53232 70
1.38568 10.6907 70
-0.269503 -8.73854 70
0.689672 -0.34076 70
19.6381 -29.3808 70
-0.23556 -10.0391 70
1.34893 0.958055 70
1.40278 -8.8891 70
0.981649 1.15893 70
-10.2832 -10.2108 70
10.7293 21.0756 70
-0.844046 -10.2902 70
-0.509027 0.418118 70
-10.0126 -98.6163 70
-10.4758 -18.6185 70
0.0440354 -9.36377 70
-10.7238 -1.32563 70
-0.933751 -11.4966 70
-0.901316 -0.661957 70
11.4853 21.1175 70
1.36762 -10.9389 70
-10.4082 -8.58931 70
9.07172 -1.11312 70
-0.938576 0.340044 70
-1.17325 -0.814512 70
11.1802 -8.99205 70
-20.043 -19.6527 70
1.26062 -10.5307 70
9.70168 0.558456 70
-0.285445 -1.14273 70
0.571909 -1.34623 70
0.682206 0.782804 70
-0.510979 -9.69713 70
-0.856216 -21.0807 70
-10.7691 8.57003 70
9.64457 -10.1343 70
0.671778 -0.214729 70
0.24917 -0.0773222 70
50.8737 39.983 70
-0.887178 -0.212217 70
9.11667 19.2279 70
-9.38837 -0.776874 70
11.3954 -0.660858 70
-0.747654 1.14143 70
0.634179 -0.201689 70
-8.55586 -9.66868 70
9.69344 -0.913352 70
-0.0580322 -10.3311 70
-10.1124 -40.127 70
9.93124 1.27252 70
8.59568 1.10439 70
-11.4126 21.3632 70
-1.02443 9.78225 70
0.121339 -9.93955 70
9.6017 -10.4907 70
-9.31688 -1.26653 70
11.3377 -10.3898 70
-0.315223 -0.963147 70
10.7551 -20.8129 70
-0.141195 -19.237 70
19.4065 -9.3783 70
-0.795404 -9.62719 70
10.6083 -11.4515 70
9.41699 -9.96223 70
9.96377 -0.409119 70
-0.495473 9.01242 70
-1.48136 -21.1117 70
1.40332 -11.2823 70
-0.677793 -1.17877 70
19.182 -10.9008 70
-0.43996 9.1149 70
1.00426 1.02654 70
-0.312695 -0.0348732 70
-1.35666 -0.328224 70
-59.6364 -19.0017 70
8.89888 -10.0547 70
0.323444 0.929909 70
-0.914212 -9.98965 70
8.8055 -0.88601 70
0.652007 -1.36007 70
-0.0225604 -0.959588 70
-8.84566 -1.28657 70
11.3952 -0.618317 70
1.07408 9.48137 70
10.7297 20.9244 70
50.6823 -11.1889 70
20.5935 10.3291 70
0.516409 -10.0623 70
-0.26331 -1.49616 70
1.08309 10.4486 70
0.979834 -10.4942 70
11.3748 -8.95074 70
-30.0179 29.1003 70
59.1574 -19.6387 70
-19.8234 -10.9648 70
10.9549 -1.03446 70
8.59652 1.35994 70
0.0306472 -10.8071 70
-1.37975 9.80921 70
-8.54902 11.0992 70
-10.8401 9.17072 70
-68.9076 -29.9931 70
0.477241 0.0404201 70
-18.8677 1.08325 70
-0.986719 -18.6705 70
0.193101 -19.5632 70
-18.6432 -21.4217 70
8.76867 -1.17988 70
0.968066 10.931 70
8.81367 -20.5699 70
11.2043 0.403433 70
-10.908 19.9008 70
-0.147632 -1.13479 70
10.7263 -10.528 70
-1.04681 -9.38001 70
51.1264 19.1639 70
51.2918 21.2272 70
-1.1763 1.37955 70
1.01816 -0.10858 70
29.1756 -8.87168 70
0.810423 0.0329054 70
8.59067 9.16197 70
0.149008 -0.453114 70
1.00061 9.99592 70
0.440943 -10.6961 70
-1.24514 -1.38201 70
-10.0552 -10.452 70
-31.052 -8.51325 70
-30.0839 -8.90894 70
-30.5353 -9.37878 70
18.868 -41.3523 70
-20.4968 -19.0712 70
10.7057 0.46285 70
-1.05379 0.654525 70
-1.02698 10.6086 70
9.26765 -19.9923 70
-10.0939 9.69382 70
48.8428 -1.22922 70
1.13726 -1.4007 70
39.8997 49.275 70
0.0609037 10.7707 70
-38.9152 -11.3662 70
-0.643305 0.251149 70
-31.1614 -9.23558 70
-39.5369 30.3027 70
8.90042 -9.92264 70
11.3645 -1.39381 70
29.4177 29.4869 70
1.09662 31.4035 70
-1.20279 1.31753 70
-0.699464 0.60183 70
-1.4176 0.779892 70
-0.117 0.614061 70
-10.8587 -10.4296 70
18.5742 -11.306 70
11.171 -0.616244 70
21.3691 -19.748 70
0.717555 -10.753 70
-0.852197 -11.4827 70
38.7119 9.3466 70
0.418546 1.45848 70
-0.78896 0.162044 70
-1.18105 8.52533 70
-0.610198 0.805787 70
-9.39492 10.1388 70
-0.379315 11.4661 70
70.2258 71.0847 70
9.06217 -9.40688 70
10.886 -11.4776 70
-10.603 -10.0912 70
-19.0538 -19.042 70
0.454825 -11.3908 70
11.4695 -8.63167 70
-1.38964 0.385596 70
-1.17153 0.378044 70
-1.05667 -10.5876 70
9.37584 -0.733477 70
9.89349 -0.888957 70
8.76283 0.82216 70
0.364653 9.27414 70
9.48731 0.767416 70
0.558551 -0.545565 70
-20.3802 -9.77098 70
9.11126 0.187893 70
8.96863 10.7446 70
41.0017 -29.1046 70
0.0279741 -10.5288 70
-1.03816 0.220687 70
-0.733916 0.61822 70
0.188638 -10.008 70
9.63634 1.28653 70
9.14105 -9.69638 70
-0.906301 8.74653 70
8.7198 -10.3242 70
30.3578 -8.93158 70
0.11525 -0.776831 70
90.3722 80.2963 70
89.788 79.4294 70
0.670522 1.13471 70
-1.25731 0.759162 70
10.9777 0.144322 70
11.4116 -8.73429 70
10.465 10.5274 70
21.324 -1.1088 70
-9.45042 19.148 70
11.459 -9.78363 70
-0.925855 11.1895 70
0.368279 -11.0883 70
-1.21974 -0.151326 70
-1.15968 8.79436 70
10.4581 -9.64316 70
11.2735 0.804529 70
9.89645 -0.558637 70
8.6831 -9.80877 70
0.915362 -0.587167 70
1.36132 9.09645 70
8.70157 -1.35415 70
20.1591 20.9295 70
-19.7701 10.0832 70
-0.514241 -1.00473 70
8.6261 1.02276 70
-108.844 100.756 70
1.34888 -9.15924 70
8.8361 9.19151 70
1.21764 11.4325 70
28.7186 -0.932051 70
-11.2671 -11.1815 70
21.0352 -20.6403 70
-0.201036 -10.2614 70
29.3374 0.894085 70
-10.3243 -18.8385 70
0.202378 -0.954413 70
-0.899345 -10.99 70
-20.4045 1.23572 70
-0.124996 -0.203704 70
-0.774428 0.222555 70
18.9519 -11.4409 70
-10.1846 39.458 70
10.0327 1.01274 70
1.48768 38.8646 70
-20.8553 -10.325 70
-9.0041 -9.96133 70
-19.0201 -0.862547 70
9.6323 -11.0478 70
10.1258 -8.82017 70
-20.8263 0.4329 70
8.66283 -0.484386 70
-0.480142 -10.5446 70
-10.6883 10.4493 70
-1.33304 -0.118312 70
-0.0464887 -0.566748 70
-0.173447 -31.214 70
19.1932 -10.762 70
-8.63427 0.0962549 70
29.0441 -28.6799 70
-20.6331 21.3025 70
11.1956 -9.23241 70
8.93611 -10.1011 70
-11.0458 -10.7832 70
-1.31547 0.64013 70
-1.30362 -39.3624 70
10.1848 0.77512 70
-9.01713 -0.0555866 70
0.581521 0.145963 70
9.04233 48.7517 70
-18.7632 11.3019 70
-19.6587 10.9191 70
0.84326 -10.5751 70
11.2391 0.641686 70
-9.59303 -9.38376 70
1.45218 -0.661284 70
-1.47538 0.954111 70
9.25953 1.0668 70
-1.49551 60.7461 70
11.2445 0.277732 70
0.884179 -9.962 70
21.4111 -1.37712 70
-0.285655 -8.69988 70
-0.49055 0.623008 70
-10.6382 -1.40351 70
-9.91676 -11.0781 70
-0.332051 0.895674 70
-10.3312 -11.1433 70
10.6343 11.226 70
-0.895707 -9.65534 70
19.659 11.0639 70
0.235982 1.31188 70
10.8933 -29.6897 70
29.9909 -0.596799 70
8.97253 -69.5436 70
18.6967 -10.9327 70
-1.31498 -0.271381 70
-1.25745 0.713212 70
50.2651 29.9332 70
10.0633 -1.07988 70
19.8769 0.755207 70
18.5988 0.509184 70
-30.4 0.039578 70
-50.9628 -40.3436 70
11.0408 -8.74153 70
10.6549 -9.55964 70
-1.05632 1.21333 70
-11.0954 -10.0175 70
-1.47129 -8.98847 70
9.67357 -10.4184 70
8.6095 0.569275 70
0.850533 0.826426 70
0.62078 -0.526155 70
0.218347 -9.09841 70
0.775851 -10.3823 70
9.37531 -0.7826 70
-9.62097 -10.0717 70
-20.917 -101.101 70
10.615 20.812 70
0.302008 1.03279 70
-21.1856 -9.57025 70
-0.379658 -10.2228 70
9.75721 1.03232 70
9.91634 -8.83757 70
1.47141 10.3961 70
-0.252397 -9.19939 70
-0.76579 -10.0406 70
10.6761 -11.2172 70
1.17727 -10.1762 70
9.20654 -11.4358 70
-1.31607 9.73073 70
19.1157 1.31223 70
19.6932 1.32354 70
20.4517 1.08729 70
-0.100078 0.67869 70
-9.3872 -1.05053 70
1.03934 0.724125 70
-18.8703 1.48228 70
0.875535 -0.327499 70
9.16403 -9.49515 70
8.78149 -10.6622 70
9.12993 -10.7989 70
-30.7456 -70.5656 70
-1.08418 -11.4964 70
0.0256854 -0.138337 70
0.0679227 -0.967632 70
-0.0195771 -9.52254 70
-19.2893 51.4996 70
-31.3384 20.2129 70
-1.13315 -0.664898 70
-30.1125 60.3839 70
11.1775 -9.95955 70
39.5137 -59.3487 70
30.0505 -10.036 70
11.4044 -1.20569 70
0.445973 -8.80078 70
1.37242 -0.821435 70
31.3109 -0.716209 70
0.955868 -9.95166 70
8.95068 1.16672 70
-0.0409368 10.3996 70
1.16455 -10.0728 70
-0.307347 -9.31181 70
19.7419 -10.5621 70
-19.7235 -11.3046 70
19.0588 -79.6754 70
0.0786798 20.3045 70
-0.0926492 -1.25215 70
59.5413 -29.4539 70
-0.751597 0.535673 70
20.7141 29.1022 70
8.60946 -0.964818 70
0.780605 -9.2505 70
-20.2553 -8.59004 70
10.0388 0.307676 70
11.1379 1.12407 70
0.658099 -10.6776 70
0.0968852 -1.237 70
-1.04695 0.641764 70
8.71032 1.01097 70
-0.833897 -9.84654 70
9.91208 -9.55469 70
-10.7544 -30.7448 70
11.0261 1.39404 70
8.83857 1.35467 70
0.0409998 -9.61452 70
-90.3613 -101.007 70
-0.880503 0.760399 70
-1.41468 -10.5785 70
-9.41881 -0.866713 70
-0.986321 -0.518146 70
0.970042 0.196741 70
41.119 -88.9498 70
-0.00144434 -8.63839 70
-0.0493021 -10.5856 70
1.00476 -69.7532 70
0.419722 -0.127582 70
19.3229 -1.40369 70
-0.448595 10.4319 70
-1.48316 10.6429 70
-0.0884562 0.0882428 70
9.49918 0.201402 70
11.1223 -0.874523 70
-0.909422 0.594569 70
-0.121721 -10.416 70
8.52214 9.9234 70
9.00334 9.62786 70
8.51028 -19.8925 70
-1.04429 0.965353 70
1.03393 0.0699793 70
1.08054 20.289 70
8.91119 -10.3127 70
-8.58928 -0.236478 70
1.47476 1.41922 70
11.4279 -10.3211 70
11.4648 0.964973 70
11.1361 -21.3284 70
-1.21505 -0.521275 70
-39.1536 0.814294 70
10.8819 -0.193526 70
-1.19405 -0.427891 70
10.5658 -21.2859 70
9.33906 -11.4631 70
11.4988 -0.173877 70
8.85295 -0.488827 70
9.45424 0.842283 70
-19.4434 -11.0061 70
-0.430884 -11.3106 70
-1.36362 0.331256 70
-20.9652 -0.697462 70
-0.76378 -0.0640893 70
1.26163 -10.7777 70
8.53742 -8.69616 70
9.63149 -1.18725 70
-29.3673 1.0755 70
-28.6202 0.111715 70
41.0901 21.2574 70
-1.46788 -0.136482 70
-19.0727 -9.95861 70
-21.3991 21.0607 70
-18.5182 19.2335 70
-10.3403 1.04838 70
-1.02859 20.2841 70
10.4619 -0.493717 70
1.35902 0.413657 70
10.0884 -10.258 70
-11.2313 -21.3553 70
-9.35442 -8.97285 70
-1.15619 0.633373 70
-11.1427 -10.418 70
10.7058 -1.03657 70
1.27335 8.52596 70
10.1352 -11.3592 70
1.45161 9.91791 70
0.855375 8.75951 70
8.57162 -0.228523 70
9.20333 -31.0788 70
9.42564 0.967246 70
8.97506 -10.4594 70
-1.40045 8.61492 70
0.0812653 -0.319384 70
-0.121742 -0.944237 70
1.43204 1.27893 70
8.55921 -19.4885 70
-19.9427 -8.89625 70
-11.1366 0.306635 70
11.0632 -10.6549 70
9.30052 -9.13169 70
-10.6394 0.776135 70
11.2428 -11.3802 70
-61.1718 69.814 70
21.1703 28.9084 70
-0.255867 -10.8703 70
20.6582 0.665725 70
-0.571885 -8.67044 70
-1.43133 9.31643 70
-10.6078 9.45237 70
-10.6278 1.30376 70
8.78161 0.833762 70
-10.8944 0.145096 70
39.5094 0.598728 70
19.7462 -30.0048 70
-1.04397 -11.2344 70
0.851841 -9.42241 70
-0.976436 1.46963 70
-9.55477 -0.650635 70
-1.24863 0.261803 70
-11.1166 -20.9156 70
-18.7198 -19.7326 70
21.3035 9.13445 70
20.5442 11.061 70
-9.56507 0.695994 70
0.985933 -11.4526 70
8.77701 -10.6286 70
11.3697 1.03345 70
11.1943 1.34844 70
0.795767 0.298036 70
-0.55473 0.104469 70
-1.01476 -11.2875 70
0.567205 -8.81409 70
-9.50051 -28.6445 70
0.533494 -1.23329 70
10.7094 10.5604 70
9.18053 9.84666 70
8.5732 -10.7335 70
31.0817 -19.8414 70
1.21182 -1.39321 70
0.68976 -8.73564 70
0.3425 -11.4741 70
19.3341 -8.59029 70
9.73282 -9.47833 70
-11.138 10.512 70
9.60644 -0.187386 70
9.14293 -1.10078 70
1.01363 1.40349 70
1.25442 -0.292768 70
1.01982 -9.79945 70
0.112566 0.0650654 70
0.377585 -9.83554 70
-9.04514 10.5964 70
-8.81081 -0.62651 70
-1.45161 1.43349 70
-9.774 -9.9512 70
1.09903 0.528337 70
1.42744 -0.231128 70
1.04864 -0.64772 70
-11.3948 -1.34255 70
-0.861466 -28.6312 70
0.292371 -21.1824 70
28.7515 0.163864 70
-8.8242 -18.8877 70
-0.486568 0.574083 70
0.680719 -8.52006 70
10.496 -10.6666 70
21.0745 10.8571 70
-1.39191 -0.221611 70
19.5846 1.32093 70
10.3543 -1.36792 70
8.67512 9.53888 70
0.36482 -19.4309 70
10.3459 -0.158699 70
40.1241 19.7797 70
-0.853267 -8.78771 70
0.718759 -21.2247 70
-0.934166 -19.4018 70
-29.5522 50.1939 70
-10.5843 -0.739442 70
18.7499 11.2314 70
-9.31682 0.442793 70
-9.65502 -0.0422616 70
20.3814 -0.947651 70
-101.324 -21.1842 70
11.111 1.3492 70
8.9783 -10.159 70
10.397 -9.15707 70
8.83598 -29.4088 70
-1.06042 -8.91699 70
0.917355 -11.0707 70
8.55734 -9.67624 70
10.339 -9.96033 70
0.0931025 -0.769664 70
11.2798 -0.972194 70
9.10582 -1.33549 70
0.672881 -8.93833 70
-0.148591 8.80107 70
-10.8293 0.867824 70
-9.36535 -1.45651 70
-0.445002 1.35426 70
-0.741985 1.13608 70
-9.16239 9.28859 70
-1.07735 -1.39876 70
-0.352156 1.26534 70
-9.30598 -9.33478 70
9.97931 -9.67655 70
9.67545 -10.0303 70
10.0635 -0.966544 70
-48.6136 -21.2582 70
8.98756 -0.249408 70
9.5688 -10.2866 70
80.4972 -10.5109 70
0.295159 -10.2093 70
1.14312 1.4737 70
-1.16071 -10.5274 70
28.8467 69.8033 70
19.8011 -89.6414 70
-11.0187 -10.4117 70
9.83014 -10.8421 70
-8.58565 -39.8949 70
-39.4353 -1.0237 70
0.569721 -1.33868 70
-19.1534 -28.9823 70
10.6214 8.57441 70
-1.43553 -1.36351 70
-11.2192 0.491517 70
-0.0203943 1.41764 70
-1.46637 1.15211 70
-0.516015 -11.4595 70
-1.09706 0.944794 70
-10.4592 -38.8784 70
-0.928642 1.13716 70
-0.822806 -1.38831 70
-9.23635 9.66941 70
10.7241 -11.3831 70
11.1694 -0.131305 70
1.1187 0.6583 70
-0.931214 1.4249 70
8.80783 -19.8204 70
10.1484 9.7721 70
0.534209 -9.68576 70
-0.694583 0.973016 70
0.545947 -10.085 70
38.826 -28.6348 70
10.5538 1.41266 70
-0.645995 -1.07211 70
1.30492 1.03702 70
0.692817 0.996099 70
0.568025 8.68862 70
9.58198 20.7337 70
9.42972 0.192513 70
29.9987 8.67277 70
11.4424 -0.766958 70
11.0226 -0.418947 70
0.373007 -79.393 70
8.61821 0.814923 70
10.7397 -8.81435 70
-0.0202714 31.2112 70
70.5989 39.1433 70
0.212942 -0.610482 70
11.4177 1.12242 70
-10.7573 -9.61323 70
81.3785 -21.3863 70
-19.259 -38.559 70
30.3706 -0.653472 70
-10.2886 0.453262 70
1.48953 0.075585 70
