-11.031 8.7829 70
31.0804 -1.4926 70
10.5708 10.4313 70
1.1729 19.9306 70
-0.311311 -11.4073 70
-19.767 -49.0682 70
-0.181562 -30.4087 70
-0.676975 1.3648 70
11.3609 0.551532 70
-1.26861 0.625363 70
0.39463 11.2433 70
0.443596 -1.15253 70
8.62706 -9.95985 70
-8.77566 31.1861 70
0.784955 0.225258 70
10.3196 -8.89677 70
18.9848 -38.9872 70
29.3873 -19.8596 70
1.176 -30.1898 70
110.341 -29.6849 70
0.799909 1.19306 70
-1.27824 -9.77519 70
11.2924 -38.814 70
-9.77369 0.145407 70
40.2918 -1.16617 70
38.8798 -0.140774 70
41.4103 -8.74276 70
19.0977 -0.617857 70
-39.1062 -20.5763 70
1.1402 0.570583 70
9.31403 1.18328 70
-29.3039 19.1776 70
0.213251 -10.0848 70
-1.09509 -10.5539 70
-1.17556 -0.864414 70
19.7595 1.12913 70
-0.0166726 -0.893174 70
9.30832 -10.0658 70
9.54334 0.5521 70
10.1712 0.506564 70
-10.2455 9.04581 70
0.727644 -1.03497 70
9.75168 -0.0769609 70
10.5816 -0.337742 70
18.5554 9.39082 70
0.536664 -1.41811 70
-0.401896 11.1201 70
0.232308 -0.183819 70
-11.1347 -10.1525 70
11.1227 0.976084 70
-10.1514 -0.847553 70
9.26827 10.0624 70
-59.1407 -10.0067 70
9.40498 -19.9158 70
9.74886 0.872659 70
9.79532 80.3264 70
1.01667 -9.07017 70
20.6675 -1.37944 70
0.648299 -1.44474 70
8.65 -0.693135 70
1.40542 -0.0244755 70
0.280716 -0.598768 70
0.431948 10.9978 70
1.01689 9.94289 70
10.0447 0.563711 70
9.06119 39.2086 70
39.8657 38.6206 70
-0.4145 1.35417 70
-0.416022 10.7958 70
-79.7262 -19.1714 70
-79.3802 -18.6042 70
21.2285 -10.5185 70
10.0554 30.3572 70
-9.22791 0.994525 70
49.5896 -30.4699 70
8.77146 -11.2322 70
9.85165 1.07246 70
0.0321556 0.10158 70
-0.555303 -8.97896 70
11.276 0.724546 70
9.4675 1.09971 70
-0.345747 20.4673 70
0.0138268 10.1544 70
0.763617 -0.593847 70
-0.25529 -8.55054 70
9.41498 1.33758 70
-1.2717 -1.34707 70
-81.1901 -31.1421 70
10.9632 0.919465 70
70.4143 -29.8203 70
10.7799 -8.94012 70
9.88433 1.18175 70
0.986048 -0.532666 70
0.547857 -11.0625 70
8.99501 -0.420041 70
0.333699 9.63077 70
19.8225 19.035 70
-0.599576 -9.13155 70
-0.878514 -9.79234 70
-1.13234 0.128638 70
19.47 10.8295 70
9.61052 0.204479 70
10.8961 0.024741 70
11.3647 10.2047 70
8.5177 -9.61331 70
-20.3964 10.3946 70
-1.49227 -1.44656 70
1.48776 0.655249 70
-1.28127 -10.6793 70
-0.699676 8.90824 70
-20.9057 10.5128 70
19.1272 0.113572 70
0.69003 -9.62066 70
-1.36354 0.839644 70
31.2199 10.5735 70
-1.3727 10.7364 70
-19.4923 0.932295 70
-8.7126 -0.742156 70
0.490928 1.38705 70
0.958176 -8.55313 70
1.31695 0.551363 70
-0.479562 10.2799 70
0.581047 -0.314512 70
-0.188293 0.682076 70
-0.669501 -0.7781 70
-9.94058 11.3429 70
-0.351833 0.555134 70
0.717774 1.38715 70
-1.23444 -0.453079 70
0.0958946 11.0622 70
10.9241 -0.530659 70
11.4208 0.298324 70
8.78003 0.197651 70
-0.657027 -0.586929 70
-30.7936 -31.4227 70
9.20358 9.20519 70
30.9066 -8.80138 70
-0.191594 1.06855 70
-1.02646 -9.50688 70
0.269751 19.4103 70
10.2554 1.0613 70
9.94469 -1.49976 70
-10.1297 0.483859 70
-19.6969 -11.0249 70
20.7821 -0.211525 70
-1.31633 -8.88426 70
-0.835382 0.160283 70
11.364 -0.758495 70
-1.28772 -9.14264 70
-80.3908 -119.243 70
9.30049 19.7299 70
-19.9315 -0.344097 70
-0.593839 1.42903 70
-8.70808 -20.2327 70
-0.0767937 0.929577 70
39.2655 -20.0974 70
10.5485 8.99708 70
-1.32065 -0.838858 70
1.09116 -1.32867 70
0.946121 -0.42424 70
-0.54046 -0.564287 70
0.499461 1.16502 70
-0.367394 10.8395 70
0.227295 1.27688 70
9.65718 9.97189 70
20.473 -0.41795 70
-11.1046 0.31274 70
18.9942 1.27562 70
11.4171 29.3385 70
-0.736725 0.546315 70
-19.909 9.64475 70
-18.7908 -20.4749 70
108.838 59.5157 70
-8.88443 0.532236 70
0.817788 0.819451 70
9.46896 -10.6596 70
8.51831 -9.64987 70
0.96337 -9.21037 70
9.9088 -1.32099 70
9.61818 1.3918 70
-21.3913 19.0341 70
-30.1569 -10.5486 70
0.400141 -0.8172 70
19.557 9.29499 70
-0.504661 -1.20704 70
9.58827 -1.14869 70
-0.00640445 18.8671 70
0.374007 10.2715 70
-10.4026 49.8545 70
0.409774 -11.4398 70
-10.9368 -8.68089 70
-0.230409 9.39416 70
-0.369759 -0.626744 70
-0.980643 -0.00661887 70
1.42117 0.250925 70
11.34 -9.03954 70
-10.689 -8.94345 70
30.3743 58.5585 70
-30.7206 -21.1847 70
-1.39215 -9.52262 70
-8.60724 0.0514488 70
-0.0995897 -0.107655 70
0.297603 -1.38023 70
9.73628 -0.263867 70
9.22508 0.638256 70
-0.41617 0.750673 70
-19.2582 -69.8656 70
1.1975 -1.40706 70
11.221 -10.7645 70
61.2406 -29.6694 70
0.303303 -10.3854 70
-0.702955 -0.372707 70
0.479091 -9.75548 70
41.2682 11.4885 70
11.3332 29.3205 70
0.0957832 -1.31724 70
-0.126623 -1.39021 70
1.21452 8.78476 70
8.96131 9.69212 70
-0.0121934 0.825976 70
0.20044 0.285731 70
-0.671184 -0.309789 70
9.58264 -50.9739 70
9.89863 -11.4312 70
1.13856 1.11054 70
20.6148 1.15471 70
58.805 80.8871 70
-0.739608 -0.822897 70
1.27437 0.913892 70
-0.647592 0.108209 70
0.662636 0.351737 70
-0.0775072 -11.0458 70
11.366 8.57408 70
-1.28303 -10.8784 70
-0.108107 28.8359 70
-9.2045 0.638028 70
9.11386 -0.0222969 70
-11.4547 -0.503115 70
8.94605 -0.657728 70
8.90368 -10.0055 70
-19.1371 19.1921 70
8.51266 11.1868 70
0.549313 -1.32042 70
-0.598765 -0.660327 70
-8.71277 -8.57551 70
0.496148 1.21752 70
0.904509 0.861213 70
9.99743 10.1637 70
11.0642 1.25777 70
19.3714 -0.540359 70
18.8388 19.2336 70
0.39262 0.62415 70
-18.6024 -19.9077 70
-1.43237 0.679771 70
-8.79991 -0.433373 70
10.0067 10.6558 70
-1.09145 0.740802 70
10.908 9.36696 70
-11.2498 -9.90998 70
10.7753 -10.9579 70
31.0258 10.2416 70
59.3189 40.3376 70
21.1115 -20.0626 70
-19.7173 -9.21815 70
-1.3771 -1.4816 70
10.7039 -9.72687 70
-11.1664 -28.5823 70
8.83498 0.404189 70
40.2104 0.44215 70
-0.356514 0.350406 70
-39.6716 -59.0626 70
-9.44744 -0.510015 70
9.9031 -0.0295875 70
100.307 28.5882 70
-9.85144 0.0375858 70
0.550741 70.7663 70
0.688013 11.1197 70
10.8402 0.323527 70
-0.494383 1.01718 70
10.8651 29.6691 70
9.42631 11.4967 70
8.57121 8.63416 70
-1.14946 0.306587 70
1.0897 1.4155 70
10.6267 -9.94823 70
30.7233 -20.4656 70
0.610133 0.275891 70
-30.0735 -29.0969 70
8.66619 -0.781517 70
-11.0474 -9.8026 70
19.2205 9.25349 70
20.2399 9.75969 70
-0.798198 -0.434615 70
-0.317976 0.659793 70
-1.05831 8.78802 70
0.199328 1.47404 70
-0.988257 -0.14618 70
-1.44533 0.337953 70
19.2593 0.464333 70
-0.208898 1.18801 70
19.0421 11.4041 70
-0.875279 -1.15392 70
-9.4641 -10.948 70
9.13972 -9.7037 70
9.04506 -0.0159094 70
-1.06112 8.70825 70
1.38947 -21.1573 70
-0.754773 9.77785 70
-11.3487 -1.46386 70
8.57443 -9.10447 70
11.3061 -10.802 70
-1.42267 11.4365 70
-1.32732 -10.352 70
38.9643 0.712451 70
28.5142 -20.86 70
20.0916 8.70904 70
0.432675 -1.41558 70
-1.05227 -19.5026 70
19.1904 -0.73747 70
18.6274 0.254998 70
-1.03871 -0.889505 70
9.27465 10.4536 70
-8.7925 -20.5219 70
-0.487109 0.505876 70
51.249 11.44 70
-79.2294 -30.3975 70
-79.2081 -29.0952 70
9.37124 1.03445 70
0.840279 0.311292 70
0.106151 11.2027 70
11.2642 -0.219545 70
9.7931 0.917442 70
-0.697307 0.995578 70
-20.4463 19.8919 70
-31.2331 18.8619 70
-11.2501 -0.477933 70
9.44067 9.40355 70
9.499 -1.05993 70
8.79129 -0.463813 70
20.5925 9.57763 70
9.26573 -0.17739 70
-0.975627 21.0667 70
-120.095 10.1486 70
-0.43098 0.0898898 70
-9.29832 9.15872 70
9.43155 9.97557 70
10.4842 30.8106 70
1.1481 8.64461 70
-0.93733 -10.188 70
8.97524 -20.4765 70
1.04937 -49.6598 70
9.20197 0.817938 70
-0.429822 -0.278567 70
19.9255 0.7686 70
-0.314764 -1.4601 70
50.3656 38.7125 70
-9.38024 -9.85632 70
-1.00283 0.354448 70
0.0751473 0.410747 70
10.9659 0.0803937 70
8.98685 -9.18299 70
0.681688 1.37132 70
-0.0685825 -0.161469 70
10.435 -0.952168 70
-0.699747 0.871363 70
-11.4247 10.2451 70
10.4505 9.73343 70
20.6841 29.3167 70
18.8464 28.9419 70
40.1814 40.1341 70
9.67719 -9.50563 70
-31.0687 -10.1502 70
19.6388 -10.0401 70
-101.05 -79.4734 70
9.77852 11.2968 70
10.2983 -0.821452 70
20.4859 20.8484 70
-8.84359 0.39495 70
-9.06165 -0.857043 70
21.4904 -11.2679 70
-9.7959 -11.1878 70
8.98826 8.50783 70
0.411928 -10.4519 70
29.5351 -18.7956 70
1.11041 -1.14691 70
-0.652962 40.3575 70
-10.7966 9.52724 70
-0.476822 -1.44985 70
1.31014 -9.26622 70
-1.18912 0.821574 70
1.07224 -1.29723 70
10.9304 -9.50914 70
9.60979 0.16762 70
0.503582 -21.3171 70
10.1143 0.991912 70
-1.37852 -0.205871 70
-19.2442 8.71688 70
-0.418491 -1.23191 70
-11.301 10.6232 70
10.1396 10.7228 70
9.22884 -11.2471 70
-11.0544 -11.1323 70
8.54896 -30.1696 70
20.836 1.01582 70
-1.2425 -29.1651 70
0.888351 10.0171 70
-0.11656 -1.40395 70
19.47 31.3689 70
-9.0054 39.5709 70
-9.09947 0.260178 70
-1.49435 -9.59963 70
-1.08795 0.638336 70
-1.31053 -19.0813 70
-30.8716 71.0121 70
10.2488 8.72142 70
-0.620624 10.7354 70
10.5037 1.07948 70
0.87777 -9.3841 70
-0.485591 -10.0553 70
-0.0240312 -19.3911 70
9.8389 0.371391 70
9.12006 -8.72634 70
-0.361279 -1.20689 70
1.43321 0.118595 70
8.85103 -0.852895 70
18.6943 -29.4549 70
9.46234 9.21853 70
9.61683 0.455633 70
0.249401 -9.6244 70
28.6393 70.1619 70
31.0588 68.7534 70
9.38653 0.144301 70
-8.70162 9.43271 70
19.8351 -0.949042 70
0.76504 8.96025 70
9.2685 -11.3253 70
9.11228 -0.402739 70
-0.963607 -0.902941 70
11.4983 -0.287613 70
-0.0252911 8.97714 70
0.930302 -0.429384 70
10.4248 -0.891024 70
21.2711 11.2501 70
8.63775 -0.444593 70
29.2355 18.9986 70
9.17067 -0.972416 70
-0.824228 -0.928984 70
68.6495 -69.5664 70
9.79059 0.977561 70
11.3962 -10.7009 70
-29.708 1.45361 70
9.08347 -10.2747 70
10.1612 0.314928 70
-11.1075 -8.80481 70
-9.44819 0.622539 70
9.92174 -0.923508 70
0.518262 -1.22128 70
0.945573 -0.0299375 70
-8.82907 -41.2008 70
-0.0568461 8.85118 70
1.28458 -10.3499 70
-0.446771 19.2924 70
10.3784 0.722925 70
-0.779744 -9.26929 70
11.1661 0.230039 70
1.25308 -21.1084 70
78.8953 0.322982 70
-9.5152 29.2814 70
-0.150033 0.305356 70
10.3089 1.41895 70
-10.0179 -10.5265 70
-1.36029 -0.244177 70
8.72937 -10.8216 70
29.0256 11.0138 70
-9.11407 -11.3628 70
9.77325 -10.7741 70
-1.28668 1.27564 70
31.2283 -40.543 70
0.0808567 -0.369574 70
18.5177 19.5483 70
-0.191028 1.22678 70
1.41977 0.779991 70
9.47981 0.0498233 70
-1.33856 0.274342 70
8.52202 -0.727738 70
10.735 1.40579 70
11.0328 -0.485786 70
9.61946 -20.1518 70
-0.883588 -9.4874 70
48.6746 -39.0235 70
11.025 0.873864 70
20.9741 -8.8803 70
-0.48738 1.07571 70
-0.0497967 -10.5783 70
-1.14077 -0.870026 70
-1.33763 0.14031 70
40.9584 11.2204 70
-0.43941 -0.379484 70
0.197636 -1.36925 70
-40.9521 -51.4874 70
-60.6507 -28.6499 70
1.25574 0.915446 70
-100.418 -11.2632 70
11.1361 -1.43749 70
-29.9687 -1.45961 70
19.1447 -0.230174 70
10.8665 -0.864483 70
-90.0577 -119.457 70
0.721801 -0.891793 70
10.7054 1.0104 70
9.53273 0.281202 70
10.4065 -91.2548 70
1.10019 -0.297316 70
-19.4491 -10.8671 70
-8.75044 10.4693 70
40.1567 10.7131 70
-100.427 -11.1902 70
-0.371445 11.1859 70
0.46798 -0.359379 70
20.9405 10.1867 70
-0.12654 1.05875 70
89.6668 38.8701 70
-0.686096 0.692141 70
8.66665 0.161851 70
-1.1907 0.535126 70
1.40723 0.833939 70
0.983009 9.41383 70
10.69 -8.56645 70
0.245473 -0.843736 70
8.60559 -8.85452 70
1.11488 0.923795 70
-1.19618 0.140863 70
8.56384 0.523244 70
0.240958 -11.1194 70
20.3417 -8.95088 70
20.2312 -10.4801 70
-0.917302 1.07865 70
20.5252 -60.4231 70
0.198295 40.3065 70
0.162393 1.15699 70
-18.9943 -30.7353 70
10.0479 0.127582 70
1.18789 9.78133 70
41.4249 -8.93469 70
0.0131812 -1.26777 70
9.60662 0.00448491 70
11.4407 -0.293456 70
0.74258 9.71385 70
1.38244 -10.505 70
0.841623 11.2248 70
0.456705 1.0936 70
-0.46844 -1.34387 70
-0.711059 -0.546339 70
50.3192 10.0469 70
50.5092 10.2781 70
-21.1726 -8.54693 70
0.916633 -0.929766 70
-80.683 -11.1645 70
0.207064 -10.3072 70
10.5672 -8.62285 70
39.1554 -9.54191 70
9.8199 1.14836 70
1.25489 1.13529 70
0.705485 0.648468 70
10.0923 19.6928 70
-10.3065 10.7638 70
9.39582 10.0666 70
-20.7814 29.9298 70
-29.5216 0.149413 70
-10.1096 -8.83099 70
10.3786 -39.7323 70
-1.32253 0.0647257 70
-1.14847 -11.3573 70
0.494071 -10.8682 70
9.30139 19.0417 70
-0.01454 0.0245037 70
9.68713 -30.5231 70
0.926881 -1.10088 70
0.329335 -1.02753 70
-0.611274 -1.02967 70
11.4015 1.19272 70
-0.316964 0.104924 70
-1.07719 -0.0601613 70
29.9316 -20.7017 70
-29.2865 49.7034 70
0.866497 0.650205 70
9.75529 0.842457 70
-10.3702 9.81776 70
0.95473 -0.216383 70
1.49293 1.04448 70
19.0134 48.5968 70
0.799242 10.4785 70
-0.799278 8.79944 70
-0.0293465 11.293 70
0.977387 -10.9261 70
-10.5313 10.6225 70
11.325 81.0637 70
19.7579 -0.313243 70
9.32236 -8.85704 70
8.57333 1.27397 70
11.251 -0.721646 70
-10.5177 0.561376 70
-9.99119 10.4639 70
19.2366 -10.5892 70
30.5857 -0.229584 70
0.0635579 0.405837 70
-11.3048 -8.91082 70
-0.746698 -19.3182 70
20.0874 10.592 70
9.52296 1.33506 70
-0.0545598 -11.2263 70
-11.3328 -19.3869 70
0.801357 0.742651 70
11.4674 -9.40222 70
10.3761 -0.545418 70
11.3367 0.414734 70
1.42622 8.90313 70
10.4646 -10.235 70
60.5941 69.1937 70
-1.1535 -1.33669 70
0.182948 1.49415 70
1.45276 -0.68454 70
-10.9261 1.17084 70
8.7272 0.789679 70
10.135 -0.459122 70
11.0272 0.267393 70
8.72951 0.0443771 70
19.8773 59.5246 70
0.571063 -1.46638 70
10.4196 -1.41903 70
-8.98702 0.654104 70
-11.4923 -1.15386 70
10.7616 11.3474 70
-1.47506 -0.181321 70
-9.22886 11.3085 70
20.4968 1.10598 70
-1.21987 20.1732 70
20.7125 -0.888807 70
-1.45758 0.525558 70
9.39145 0.333427 70
-0.0499253 -9.86881 70
0.768567 -10.7336 70
-19.8899 10.3519 70
0.424256 -1.27086 70
0.780915 -1.47185 70
1.25938 -9.97655 70
-60.4864 0.798521 70
-9.65114 11.117 70
-10.7417 -10.5414 70
8.63104 8.70131 70
31.0285 9.52365 70
1.23766 1.28994 70
-18.7108 0.65753 70
11.1028 9.70092 70
-9.91487 -8.60816 70
8.5018 1.05981 70
10.2055 -9.99834 70
-9.57655 -0.0424728 70
30.2396 -11.0875 70
0.897655 -0.486348 70
0.126871 -0.116737 70
-19.8606 111.21 70
-20.7878 109.24 70
0.037612 -10.9187 70
9.41179 0.392357 70
-10.622 29.6764 70
-11.2156 31.4026 70
-29.8656 18.8089 70
-9.90291 -10.825 70
-0.866377 1.14581 70
39.984 -31.0756 70
-30.1759 -0.730088 70
-40.458 -50.9396 70
-0.479486 -0.480946 70
1.45304 -11.1525 70
0.0671893 -0.423355 70
10.7499 -10.7438 70
0.0130995 0.917298 70
0.907333 -20.2326 70
-10.3073 -20.8841 70
1.27532 1.39443 70
-18.9912 10.2516 70
10.7543 -9.17191 70
9.48892 -9.58264 70
-9.35611 31.4882 70
-10.1831 -1.40946 70
9.6339 -8.59487 70
10.7148 0.949882 70
0.615761 8.77615 70
-11.158 -1.37559 70
9.36607 0.133626 70
-1.02752 -0.116405 70
9.6358 -8.54142 70
-30.7783 49.5722 70
10.5622 -0.383508 70
-1.20421 -9.36718 70
10.2155 19.1723 70
10.6019 1.00712 70
9.38593 0.434091 70
0.885139 0.809364 70
28.9543 1.32809 70
-0.497195 -0.972862 70
-1.49187 -0.849068 70
-0.162344 -0.440124 70
1.23672 -1.21184 70
10.9005 -0.481704 70
0.77027 -0.687256 70
48.569 -21.3878 70
8.92886 10.3434 70
8.927 -1.27558 70
-1.10932 -0.594587 70
10.4227 -10.4337 70
30.1783 -10.9627 70
0.7474 -0.915044 70
9.42089 10.4161 70
0.910764 0.301712 70
-0.318505 0.323126 70
1.05092 -0.746114 70
-0.651649 -0.802498 70
80.7329 -9.81504 70
11.0156 1.34088 70
9.77128 -0.701876 70
41.3438 18.6374 70
0.889323 -1.44364 70
-0.879144 -1.47016 70
0.357422 -0.428417 70
20.7085 -8.84936 70
1.44544 1.21421 70
-9.91069 9.00375 70
-1.36802 -0.632014 70
0.010669 0.321729 70
-0.219025 8.90984 70
-0.521798 -0.0382743 70
1.47033 9.94856 70
10.045 -9.00982 70
-11.1188 0.105053 70
9.92559 -0.829546 70
1.11854 -0.21895 70
-1.29469 -1.01328 70
21.4873 19.9403 70
-18.7876 10.1225 70
1.1426 9.1963 70
1.06593 10.9795 70
-1.13211 -1.09998 70
-39.9711 18.5538 70
9.51516 -0.57811 70
31.0693 0.0967494 70
10.1447 8.75604 70
1.37034 -10.0505 70
-19.9466 70.1558 70
-1.21609 0.843065 70
30.4302 19.9008 70
9.44988 -0.482563 70
-1.22247 1.49376 70
9.18764 -1.07101 70
9.33396 0.757661 70
11.2719 -11.1569 70
-121.145 -70.0689 70
1.25218 -1.25525 70
-29.4056 -29.9169 70
1.37563 -0.470979 70
-0.844148 9.51193 70
-11.1965 -10.6932 70
1.00389 -0.596164 70
10.4372 0.464323 70
-10.8292 11.0816 70
19.3982 0.127748 70
8.58777 -9.4056 70
19.1681 18.5063 70
18.6147 10.9358 70
-0.199018 -0.977525 70
11.4233 -21.1402 70
-0.05906 1.15749 70
-0.72286 1.08499 70
