-10.0646 1.4612 70
19.1997 10.0305 70
-0.0918171 0.788677 70
0.632268 -9.72257 70
-0.501064 -10.9005 70
-1.38901 -10.3402 70
1.39055 -0.532588 70
-1.22769 -0.724631 70
-31.4047 -29.2253 70
0.253611 11.2059 70
-1.07216 0.735737 70
-10.5484 -11.161 70
-1.27154 0.336147 70
-20.9605 70.1752 70
-0.213514 -30.9829 70
0.909066 0.841383 70
0.29055 -1.48428 70
19.8084 8.64069 70
-1.03378 -0.91228 70
0.0890975 1.09488 70
1.15875 10.7086 70
9.95212 9.63451 70
1.34913 -1.41928 70
11.4535 0.243281 70
-0.317698 -0.142695 70
-9.45696 19.8674 70
-1.40376 -19.7996 70
0.648184 -0.257492 70
0.757966 -1.46643 70
1.21186 -0.820428 70
31.2536 20.5053 70
21.1656 38.5786 70
1.49504 11.0603 70
-9.49225 -10.4064 70
0.944234 -10.7482 70
-0.215628 -1.39367 70
-11.1837 10.314 70
10.2298 -0.765476 70
0.221529 1.13499 70
0.4161 1.48154 70
-21.1549 30.6896 70
-21.242 30.0361 70
1.24162 19.4571 70
-0.802962 9.57871 70
0.259301 0.68349 70
-0.159458 0.271042 70
10.7034 -0.406036 70
10.7284 -0.971169 70
11.2769 -11.4843 70
8.66178 10.9446 70
-30.7977 108.969 70
-10.1655 -29.1168 70
-10.4542 -30.2676 70
0.501806 -0.48339 70
-19.992 0.19901 70
-20.3985 1.09859 70
9.8102 9.56289 70
9.83671 0.269746 70
118.806 -9.82831 70
-0.320978 0.459507 70
1.18471 21.335 70
0.864629 0.505544 70
-0.756053 1.12248 70
1.46606 9.27847 70
1.14567 -10.6377 70
19.5081 0.939379 70
1.10665 -0.139733 70
8.58648 -31.0452 70
0.645801 0.872866 70
11.3667 11.2009 70
1.39363 9.60471 70
11.1051 0.67486 70
20.7412 -21.1487 70
-0.421107 0.287549 70
0.413664 1.13236 70
-19.4152 30.2094 70
-0.85515 0.937744 70
-0.792679 -0.683582 70
9.10836 9.57661 70
-0.30625 -20.9633 70
10.5123 8.86908 70
-1.44189 19.9734 70
10.6975 -0.952184 70
8.85011 10.4841 70
-1.40731 39.3707 70
0.35275 1.24671 70
-0.586079 -1.20811 70
-30.7046 0.11962 70
9.35288 8.68301 70
49.6542 20.9929 70
-8.7294 0.529937 70
29.4211 8.74151 70
-10.2285 -40.5461 70
-0.773564 18.8599 70
-38.9792 0.538676 70
11.2673 9.90372 70
-0.141931 10.3174 70
-1.42278 1.29603 70
1.03782 38.5418 70
-8.87977 -0.192322 70
-8.91 9.65228 70
0.798148 -0.472561 70
-0.865767 0.396334 70
9.04887 -9.84498 70
9.70044 0.184572 70
-21.0778 -51.0005 70
1.32885 -0.1757 70
1.15116 1.4288 70
-0.588013 -0.923647 70
20.8049 -10.9584 70
1.14964 -8.9405 70
1.29129 0.426836 70
11.4641 1.39253 70
10.7872 1.2402 70
0.472691 1.05111 70
-10.0365 20.8024 70
0.587013 -0.16587 70
-0.350117 -10.1548 70
-0.300295 1.06936 70
11.2941 8.63113 70
-0.50726 -0.814126 70
-1.01744 -1.33181 70
-0.737081 10.6702 70
-0.459055 -0.922331 70
-19.2624 8.60441 70
0.191918 -0.0517816 70
-1.17483 9.1495 70
-10.1814 28.8392 70
19.2137 -8.627 70
-19.4374 -9.64548 70
10.2616 0.508398 70
29.7719 -8.69708 70
-0.683199 0.110488 70
10.1139 10.5939 70
0.360681 10.1276 70
-1.04604 10.9782 70
0.0731812 8.6309 70
-0.292638 -0.512723 70
10.9136 -0.13396 70
-0.980587 0.0991595 70
-1.02546 -1.0312 70
10.1537 -20.9055 70
-20.7422 28.7644 70
9.00287 0.316232 70
28.8206 -59.4158 70
1.25508 -0.143914 70
-1.46493 -1.09286 70
9.25593 0.554678 70
-0.666748 0.722206 70
0.724991 0.999813 70
10.6506 11.0602 70
-0.664921 9.16025 70
0.42356 0.645978 70
8.62766 9.93908 70
10.5246 0.15416 70
-21.3541 19.8031 70
10.9812 1.08116 70
0.106425 -10.2458 70
9.54637 -11.0088 70
-10.058 10.4189 70
-0.183706 9.45656 70
-10.1963 -8.67859 70
-0.114468 0.562958 70
-1.32472 -0.057025 70
-1.12298 0.459461 70
20.7007 -9.72953 70
0.869379 -0.847208 70
-11.103 19.0875 70
0.939366 -0.0118179 70
-0.688225 9.06204 70
8.64648 0.97433 70
10.9004 -11.1525 70
9.13077 -0.97113 70
1.2074 -0.383595 70
1.18672 -9.60958 70
-1.35833 -8.91479 70
0.0393018 1.04558 70
-41.2929 -70.3357 70
8.65767 -1.32861 70
-0.510971 0.513747 70
10.6451 0.0765142 70
1.23312 -0.0745636 70
-0.18372 -0.247191 70
1.04681 -0.537452 70
8.87683 -0.893723 70
-9.66769 1.46841 70
0.163067 -0.460641 70
-1.13775 8.85603 70
-10.7122 9.73788 70
0.480316 1.01552 70
1.12292 -11.0039 70
1.13882 0.119314 70
-11.1174 -1.43063 70
8.52678 -0.0355127 70
10.9403 -0.378819 70
30.7349 11.2048 70
-1.02467 0.860599 70
-0.691369 30.028 70
-1.15236 -10.2978 70
0.734109 -0.871553 70
-29.6195 9.83408 70
8.57703 1.28983 70
1.37729 0.851647 70
28.6841 -20.6116 70
-19.858 -58.5623 70
-0.915858 19.2664 70
9.67541 -10.1318 70
-10.0112 10.8648 70
-30.6188 18.9574 70
-8.60328 -11.3109 70
-28.8501 -59.7959 70
0.0819464 -1.31394 70
9.11585 -0.502665 70
10.3689 -10.2911 70
41.2271 -60.8002 70
0.793223 -1.01197 70
0.18668 -0.188175 70
8.7947 9.41264 70
-9.78995 9.62832 70
8.73975 1.18105 70
-8.87316 -0.885392 70
-0.486273 -0.0649885 70
19.1218 9.09073 70
0.754638 0.469514 70
10.0747 -20.2098 70
0.068725 0.315644 70
-0.693878 1.02507 70
-0.0815105 0.387089 70
-0.832304 -9.94669 70
-0.152916 -9.15386 70
-20.1389 -41.0523 70
0.391001 -9.52257 70
21.0195 1.38042 70
-0.952254 -11.3272 70
20.8812 -11.0195 70
-18.7293 -21.413 70
8.58722 -11.1638 70
-0.610562 10.2986 70
1.05221 0.462135 70
9.187 0.619439 70
11.1812 -9.9541 70
-0.0721826 -0.952197 70
19.7014 20.7179 70
-18.8686 -11.3563 70
50.4054 19.8135 70
48.7456 19.0206 70
20.9338 10.9698 70
-0.659965 -0.771386 70
-21.4096 -8.64045 70
-20.2772 -10.7269 70
-0.778818 0.0254594 70
-1.2359 -8.5802 70
-18.6116 -1.3206 70
8.94164 -0.901362 70
0.00262255 9.54593 70
0.495581 -0.431318 70
0.449693 0.611728 70
119.251 68.8077 70
-10.7944 10.9012 70
-18.7577 8.83594 70
-1.05268 11.1842 70
9.42849 -0.0191393 70
9.47775 10.4596 70
-1.48576 -0.947385 70
18.9419 0.868641 70
1.08955 -0.661355 70
61.2437 -11.1244 70
-1.28097 9.99833 70
-39.3827 -29.8153 70
-0.45495 1.46213 70
8.72827 10.3297 70
1.10998 -1.36776 70
-1.27105 0.282029 70
-0.268096 10.0491 70
1.45459 0.505028 70
18.8178 -10.8696 70
1.39731 -0.727957 70
-60.0254 -121.44 70
1.08683 10.9354 70
-1.49157 -0.437415 70
8.7644 9.34934 70
-1.39239 -0.977386 70
30.4611 -9.76057 70
0.564123 0.209967 70
-8.57799 30.976 70
-1.48949 1.22563 70
-1.47933 0.727859 70
48.8038 10.5457 70
0.420548 10.6231 70
9.36614 -1.22013 70
1.31387 -0.119532 70
0.00848791 0.869518 70
29.4174 31.479 70
29.113 18.8822 70
10.0999 -8.53043 70
0.00806087 -0.00694512 70
-1.2586 0.317061 70
10.4961 8.98897 70
50.2926 29.2422 70
90.8224 -60.5572 70
-11.2713 0.637665 70
10.4484 0.999256 70
-9.1023 -9.33327 70
-8.50052 -0.810087 70
0.998656 9.28777 70
0.613407 -0.6243 70
0.521655 -9.68221 70
-20.0239 -0.402674 70
0.616049 0.165705 70
0.305435 10.2223 70
-10.0246 9.67274 70
-10.1006 9.65098 70
0.528725 -0.227889 70
1.48768 -11.4732 70
-0.166529 9.00794 70
-1.46991 9.85486 70
-18.8029 -30.0466 70
0.802438 -0.337777 70
-1.01347 1.1365 70
-1.10512 1.31596 70
-1.22718 9.05226 70
8.63008 20.7416 70
10.1308 20.9007 70
-1.40494 1.47514 70
-1.43585 -1.08042 70
-9.19318 -0.283457 70
0.251318 10.2891 70
0.252793 1.21009 70
0.582311 0.189269 70
9.48884 -29.4293 70
18.5766 -9.54317 70
-0.759409 -1.21401 70
70.5797 -19.2611 70
9.23491 8.67005 70
10.3877 10.4863 70
0.224286 -1.16036 70
1.39358 -0.352149 70
-0.473953 -29.6024 70
1.12202 0.756475 70
-0.17875 11.136 70
0.512326 31.4271 70
0.254542 0.131106 70
-0.960532 -0.687227 70
11.1997 1.09681 70
-19.783 49.0962 70
11.1288 10.5558 70
0.781204 0.6537 70
0.978888 0.330603 70
-10.321 0.402674 70
-1.00612 1.15013 70
1.19877 -11.2852 70
0.487996 0.935959 70
-10.5496 11.0778 70
29.9007 -39.5992 70
29.3178 -1.14904 70
0.766314 0.527105 70
0.0113508 -0.282388 70
1.07297 -1.18313 70
29.6924 -11.2492 70
-1.19493 -0.674209 70
0.649794 0.211766 70
-41.0893 -39.5135 70
-0.441902 0.119166 70
0.701253 -0.34345 70
1.06184 8.52907 70
-0.429337 0.972434 70
30.8185 9.07008 70
0.868957 -8.74492 70
0.873342 -0.399688 70
-10.0289 -0.84402 70
-9.32055 -11.2261 70
-10.754 -8.95991 70
-20.2819 0.318479 70
-9.53468 1.22515 70
-0.230228 -0.290868 70
0.378521 0.548225 70
-9.20635 8.64571 70
-9.52704 -1.04697 70
0.982293 -0.677086 70
0.597055 -0.0489331 70
1.48919 -40.4299 70
-1.20603 0.148698 70
11.206 19.0138 70
8.9174 9.23257 70
29.9603 -0.391623 70
1.33735 0.733063 70
1.43994 11.4842 70
-1.38571 -10.968 70
9.66151 10.9174 70
-1.23739 -0.510176 70
-1.09515 -0.92041 70
11.3255 -0.979496 70
1.00802 11.0256 70
1.40713 0.860456 70
-0.729575 -1.38474 70
-0.860921 9.37223 70
1.36157 11.4935 70
0.438244 9.33312 70
9.86709 -9.41906 70
9.89604 0.720304 70
-0.0675397 -0.374726 70
-0.670443 1.36239 70
-8.95985 -18.6574 70
-0.0477599 -1.16925 70
-10.7747 -0.249379 70
0.000667608 -9.4704 70
0.169735 0.868671 70
-9.2075 68.9548 70
-0.77724 -0.790002 70
8.79473 20.3406 70
-0.539307 10.4249 70
8.87399 -8.81864 70
0.47391 0.0185367 70
-0.643841 10.7408 70
1.30054 10.8059 70
9.1379 39.678 70
-8.93648 10.4653 70
-0.22815 -1.10776 70
0.0183913 1.14781 70
-0.860234 1.22694 70
-1.22412 1.01768 70
-0.858976 9.05206 70
0.113337 0.491074 70
0.0652423 -0.466958 70
-10.8513 -10.4235 70
-0.336084 -0.296499 70
0.784098 -10.9747 70
9.87189 -0.680073 70
0.895664 -10.9864 70
9.37738 -29.2158 70
-0.60227 -0.794845 70
10.806 0.190439 70
-0.50544 9.36917 70
-1.34539 11.422 70
1.06551 -0.822751 70
10.2259 10.3956 70
9.56575 9.50642 70
1.43559 0.366866 70
19.0605 -19.2954 70
10.9153 -1.05922 70
-0.882106 0.429718 70
-1.18764 -1.49061 70
-0.581646 11.4685 70
-9.93658 -10.1993 70
10.8238 0.843967 70
20.3394 -8.86161 70
-1.04683 -0.770071 70
0.307649 8.79026 70
-0.18682 -0.536392 70
1.38898 9.35815 70
60.0247 51.2598 70
-1.26162 8.50844 70
1.25585 10.9494 70
11.3642 -10.0599 70
21.0041 18.7726 70
0.966347 0.477648 70
10.5437 -1.11458 70
-0.234812 -0.0629884 70
8.56277 29.6919 70
-9.06407 -11.3857 70
-1.4427 -0.0888803 70
-10.8653 -9.57067 70
0.147546 0.954709 70
21.0188 51.1546 70
-0.95552 0.11426 70
9.09782 0.149059 70
-11.2486 -10.7312 70
8.68335 -0.292424 70
-1.24682 10.8952 70
-1.49405 10.4051 70
0.849309 30.4666 70
8.99487 19.0794 70
-1.4648 10.8727 70
10.6537 -21.2916 70
10.3393 -20.7287 70
-0.933781 -1.12795 70
11.1963 1.33308 70
-9.94086 30.8271 70
10.2161 9.39899 70
-9.36926 8.53097 70
-9.27062 19.0659 70
-9.42295 1.32819 70
19.4696 -10.6145 70
19.7474 -30.071 70
-1.24405 -1.39276 70
10.6916 -31.4458 70
0.778645 -0.774799 70
0.946689 -0.862984 70
9.00494 -0.239975 70
18.9995 21.3622 70
-0.100697 -0.301799 70
1.07081 0.365107 70
-20.9644 -70.7824 70
-19.6658 10.2233 70
0.179148 8.68393 70
8.76548 0.284633 70
-1.18298 0.295521 70
-0.31838 0.709641 70
-0.0616432 10.2618 70
60.784 -18.6973 70
-0.901516 -0.0428207 70
0.951341 0.446002 70
-9.81116 -28.8707 70
-1.33376 -0.137637 70
0.569791 0.366391 70
-68.8647 -51.4017 70
1.24321 -30.1651 70
9.57699 -0.976124 70
-0.624795 0.459697 70
-0.703223 0.81938 70
10.675 9.71875 70
0.852431 0.73245 70
-0.297704 -1.23564 70
20.641 -1.3357 70
30.3143 41.1078 70
30.1079 39.6511 70
0.0379685 -10.4123 70
0.142299 0.639434 70
31.2496 -8.6755 70
-48.926 -10.9402 70
-1.44614 -0.024208 70
21.1174 -9.96483 70
-18.7725 -18.55 70
0.761827 -1.3831 70
0.678332 -0.397906 70
-0.308458 10.8417 70
-0.395967 -0.125464 70
-1.17682 10.5445 70
-1.04842 0.66769 70
9.86856 8.56295 70
-29.3594 29.8651 70
-29.4669 29.6966 70
9.58599 0.430439 70
10.5978 -10.3874 70
20.5878 -1.25146 70
-0.515082 1.01718 70
40.1169 49.6446 70
0.386329 19.6674 70
1.26942 -0.66443 70
-19.8364 11.2657 70
19.2662 -30.0831 70
-0.172907 -0.742616 70
1.05681 1.44142 70
19.0376 11.2931 70
-1.12733 -1.2709 70
0.84607 0.286797 70
-0.0407398 19.1069 70
8.98243 8.77332 70
-1.01364 1.45456 70
9.52976 20.554 70
8.94542 -1.07304 70
-20.7063 11.2552 70
9.23338 0.0987718 70
9.52741 0.443407 70
18.7819 -19.401 70
0.3684 -0.640126 70
-9.56524 -49.5222 70
1.26327 0.25208 70
-10.2623 11.3332 70
-0.640566 19.0319 70
10.354 -0.411923 70
1.47321 -0.0336956 70
0.089923 8.77364 70
-20.924 -20.4282 70
49.3629 -20.5666 70
-10.1515 9.58567 70
-0.0763294 -9.96357 70
0.905038 -0.477443 70
-0.4282 1.16142 70
-0.31199 -0.703656 70
-8.82289 -9.07384 70
0.193344 -0.458252 70
9.67469 1.27685 70
8.68009 0.735149 70
-30.7363 9.63174 70
-0.965886 0.786989 70
1.4634 -0.605035 70
-10.8617 41.08 70
10.2198 -30.6637 70
-1.41023 -1.00758 70
-10.4857 20.2513 70
-28.5902 -41.1736 70
-20.1134 1.24956 70
1.34715 0.921593 70
0.977108 -0.409877 70
10.889 0.59287 70
-0.815388 -9.02504 70
-10.8449 0.705017 70
-11.1928 9.42288 70
9.54628 10.8789 70
-60.0273 -20.6621 70
9.95431 0.505681 70
0.997677 -0.099161 70
1.22483 11.4219 70
11.4541 10.2727 70
19.9684 -19.571 70
-0.141006 0.151251 70
-0.763556 -9.58592 70
1.02491 1.40576 70
-0.411299 1.24761 70
9.33824 -0.35081 70
10.9191 0.117731 70
-51.4763 -9.95728 70
-29.1432 20.3214 70
-10.2711 39.4566 70
30.9482 48.8551 70
0.243428 1.13598 70
-1.19173 11.4957 70
-1.1155 1.42929 70
-20.0165 -49.6678 70
9.09368 0.850271 70
-1.43598 -1.42312 70
10.4081 9.24586 70
-1.13594 -1.07477 70
-11.2434 -10.1983 70
9.4694 19.5664 70
9.27407 0.0882314 70
10.2669 -11.165 70
38.664 -19.8447 70
-39.0645 -31.0834 70
28.9208 30.72 70
1.32207 8.62422 70
-0.102164 0.0727223 70
1.07889 -0.648978 70
10.1402 -10.1261 70
0.839676 19.7761 70
1.48034 -1.19492 70
20.2912 10.8915 70
-0.0650305 -0.288026 70
18.7473 -8.80184 70
0.620987 -0.787229 70
9.48972 -0.689975 70
10.7437 11.3782 70
10.9249 9.15114 70
9.55832 -39.705 70
-0.682624 -1.13475 70
-0.018518 0.109858 70
-0.0504254 -1.4023 70
-30.3176 10.6448 70
1.03293 0.214137 70
0.408134 9.08565 70
0.198224 0.292562 70
1.35698 1.3642 70
0.133076 1.21157 70
-0.339297 1.10596 70
-9.69712 -8.93802 70
0.0279942 -0.920661 70
-38.6911 -8.78422 70
-9.59015 10.5469 70
-8.92145 11.0252 70
20.2238 -19.7289 70
1.0856 8.76403 70
-38.8172 69.9023 70
0.650005 21.4598 70
9.81283 19.4918 70
0.414197 0.0648075 70
0.99075 0.00241258 70
0.987611 -0.702014 70
-8.70996 30.988 70
10.9473 -0.254575 70
-29.0438 10.9499 70
40.7368 0.840987 70
38.7822 -1.38386 70
-0.921123 -1.26016 70
1.4504 0.767648 70
19.1311 -20.6718 70
19.9979 -1.40075 70
-0.157385 9.24483 70
1.4422 -9.41576 70
0.923095 0.399673 70
1.19582 19.8423 70
70.119 20.3348 70
19.9149 28.6909 70
60.0272 -11.1973 70
10.0165 8.75205 70
-10.4498 0.228984 70
1.13021 0.35467 70
-19.0451 -9.96999 70
-0.77696 10.3881 70
-0.943237 30.5172 70
10.4172 -0.75739 70
19.8224 0.367652 70
-20.6511 19.1903 70
-0.0287324 -10.7257 70
-0.504076 10.2275 70
9.36042 -11.1273 70
9.56727 8.59202 70
30.0432 -11.3904 70
0.770647 0.884626 70
-1.26381 -10.9592 70
31.2254 21.1019 70
8.96442 9.40526 70
-0.544142 0.404435 70
-0.106798 -0.943594 70
-9.47903 -0.669894 70
0.67621 10.1514 70
9.09487 21.2702 70
-19.9815 0.0408039 70
0.55812 0.675224 70
-0.531078 1.22213 70
-1.16456 0.634812 70
0.209826 -0.920524 70
-9.13934 0.812889 70
-0.367498 -0.915735 70
-1.38359 -0.243261 70
1.40635 0.236567 70
1.19554 -9.95824 70
-0.106242 -10.942 70
-0.336296 0.704474 70
0.199465 -0.210678 70
-1.32545 9.6197 70
-1.08294 0.560063 70
-1.45192 0.256231 70
0.327077 -0.212635 70
-49.7392 78.6021 70
-50.3535 80.5768 70
-0.12633 -1.40152 70
0.441675 18.5012 70
10.6513 -0.0182241 70
9.72468 0.887455 70
-0.0484996 8.78856 70
-0.70963 11.2348 70
-1.23866 10.3273 70
0.404262 -1.19808 70
9.68803 -20.3758 70
-20.2819 41.2037 70
9.81651 8.95145 70
9.64817 0.979137 70
0.543214 -0.932698 70
-39.6417 69.6038 70
0.71495 -1.4942 70
-1.3233 0.429874 70
31.4473 -0.579841 70
11.4144 -0.620192 70
19.1548 -1.37094 70
0.126901 -10.9723 70
-0.774406 0.580069 70
1.44938 11.2146 70
-0.550319 0.279131 70
9.79148 -0.436753 70
-0.0275711 -10.2466 70
1.41755 -11.1819 70
21.3625 11.2072 70
0.661993 -11.4458 70
0.487788 0.253257 70
0.989909 1.36462 70
-1.0342 1.49733 70
1.04711 -49.386 70
41.0955 -0.791395 70
0.205642 9.4533 70
1.23868 9.96751 70
19.9921 -10.5292 70
-10.482 1.13771 70
8.91603 -9.14698 70
-0.522164 -1.03276 70
0.493331 -0.290275 70
-1.19653 -9.5882 70
10.4437 -29.3225 70
-0.31683 0.0809774 70
20.7615 0.759246 70
18.9755 18.5795 70
-0.181305 -0.597312 70
-0.529352 -0.336306 70
11.4302 9.17568 70
1.10543 -0.248613 70
-1.05945 -9.93729 70
-1.05878 0.55045 70
8.78092 -0.701477 70
21.1694 -10.2545 70
-0.211639 0.939019 70
0.580537 -1.24858 70
11.0631 9.09105 70
1.26034 -10.1192 70
0.743769 -9.66428 70
-0.73431 -1.42167 70
-21.4058 -10.6989 70
18.9808 -0.841871 70
-0.778153 -0.0128297 70
-29.2994 -0.422856 70
-10.3526 19.0267 70
-11.423 -10.4883 70
1.23945 1.13783 70
8.87985 1.48871 70
9.69137 -9.1986 70
0.953784 1.08 70
0.491255 8.772 70
21.3157 9.68151 70
1.27545 -19.4315 70
0.608973 -0.337031 70
-1.04898 -0.43343 70
20.1892 1.48019 70
10.5285 8.93575 70
8.86827 1.35961 70
19.4482 -49.5792 70
-39.6188 -121.12 70
9.67846 -1.23222 70
-1.0025 10.3049 70
-31.3027 8.61134 70
9.57454 -9.21375 70
-0.906205 -0.303193 70
-0.897529 -0.763429 70
11.4944 0.540265 70
-20.1047 11.2044 70
1.40206 -0.230409 70
-0.354953 19.4794 70
-1.0971 -0.810072 70
-21.2181 30.7551 70
-21.4378 -8.92803 70
29.5769 -0.79021 70
0.0540093 0.129565 70
-0.122622 -0.201584 70
-1.36804 -0.919613 70
0.95916 0.285461 70
-8.86832 -9.69179 70
1.29446 -1.38925 70
-0.205858 0.516015 70
31.1771 0.652921 70
0.932757 8.58818 70
