0.1159 -20.2587 70
9.93527 0.408654 70
-0.0246852 -0.234563 70
-1.09436 -0.16537 70
0.478658 9.27776 70
-9.40959 1.35457 70
0.449941 8.99241 70
-1.12046 -0.978983 70
-29.0166 -60.1822 70
10.369 8.86823 70
19.625 9.25874 70
-10.0668 19.4573 70
1.20968 9.2268 70
10.8302 -9.74374 70
8.55849 -9.8141 70
-0.529179 -0.429056 70
-0.363728 8.87241 70
-9.39716 -21.2402 70
-0.340523 -0.663186 70
-10.2579 0.71749 70
-0.281456 1.21201 70
-11.0427 1.19167 70
79.0762 9.66723 70
9.68547 11.0182 70
-0.867065 -1.25679 70
-9.53283 0.570571 70
0.935012 10.5528 70
0.41189 1.18634 70
20.4288 -21.2199 70
9.87137 -11.4989 70
18.529 9.23717 70
0.112471 -1.15182 70
0.0737205 0.149839 70
-1.07153 -8.93157 70
-1.42798 -8.89823 70
0.568872 -10.4357 70
-11.1937 8.96437 70
20.7898 20.0894 70
0.775431 21.045 70
-0.739559 1.22957 70
10.5564 -0.642142 70
-1.09145 20.979 70
-0.908517 9.71403 70
19.1286 -0.121623 70
38.6862 -8.83509 70
-10.017 1.4247 70
20.1103 8.90613 70
20.4773 9.45571 70
0.124722 0.754264 70
9.29877 8.98297 70
-0.0102337 -1.25405 70
0.74823 10.7732 70
-0.0661541 8.81137 70
8.7343 0.215831 70
9.62875 -0.444529 70
20.9359 -19.1255 70
-0.0703077 -0.550614 70
-0.445635 -0.806661 70
-61.1743 120.827 70
0.506454 -10.1368 70
0.739626 9.57316 70
21.2077 -8.76741 70
9.20787 10.398 70
-0.170724 9.31034 70
19.6389 -1.09911 70
0.0289284 -1.26823 70
9.48772 -1.20545 70
0.847427 11.018 70
-0.193303 -0.557175 70
0.139225 -1.44836 70
20.8884 -10.6256 70
1.093 0.259008 70
0.172747 -1.0793 70
11.4784 -20.0561 70
9.08566 -20.8149 70
11.3599 -90.71 70
20.6173 -11.4369 70
-9.03158 -0.553593 70
-9.30746 -0.143284 70
1.30273 9.44975 70
1.10402 0.406653 70
11.0145 -69.3087 70
-29.5117 8.6224 70
10.6443 -1.47236 70
21.31 0.016256 70
21.0317 -0.297771 70
20.2252 -9.85385 70
-38.6385 -61.4731 70
-1.10131 1.34965 70
-10.4894 11.2588 70
-1.48902 -0.0101915 70
-1.46779 -1.44457 70
-100.829 -9.56958 70
19.1509 19.3786 70
-9.80298 11.4114 70
-0.734736 10.459 70
29.6803 -9.34532 70
-9.24067 -10.9061 70
-8.86261 -1.21319 70
-0.90308 -19.4077 70
0.072744 38.6383 70
11.4912 9.51641 70
100.893 40.4855 70
-0.556661 1.07935 70
-69.0369 111.432 70
-10.2466 -1.2849 70
1.45467 9.56013 70
1.16012 0.539217 70
0.950511 0.278612 70
-9.24495 0.468834 70
21.1608 10.7545 70
9.95066 -9.45728 70
21.4481 -40.4486 70
8.63262 10.499 70
-0.515072 10.1289 70
-10.2871 30.4333 70
-9.3316 28.9787 70
20.0435 -58.5975 70
-0.421563 0.785634 70
-0.154886 10.9943 70
10.1139 20.563 70
9.43624 9.29878 70
0.923371 21.3312 70
10.32 -0.307525 70
-19.6405 9.14979 70
31.3732 0.657954 70
9.00681 10.3194 70
-0.294752 11.4302 70
9.63729 -0.321843 70
-19.7439 -9.61563 70
-1.35039 -0.200775 70
-0.704502 0.943065 70
1.3801 -1.42234 70
-0.883645 -10.3667 70
0.82302 9.58025 70
-10.4277 -1.15918 70
1.18581 20.9661 70
10.8677 9.56503 70
-9.8722 1.10778 70
-0.703915 -8.80411 70
11.3996 11.392 70
11.0921 -0.718159 70
11.036 39.7902 70
-0.207121 -1.44743 70
-0.530013 1.19746 70
11.0122 -8.51146 70
-8.98751 -18.904 70
21.344 -18.9222 70
1.439 9.48634 70
-0.369208 9.22861 70
-9.37526 0.762333 70
-1.41281 10.6531 70
-0.994048 40.356 70
-0.169078 39.2177 70
20.8815 -10.2262 70
1.30718 -0.950449 70
9.13609 -0.20031 70
9.39187 -0.947057 70
30.6069 29.8438 70
0.210637 0.940009 70
-9.75429 -9.89152 70
-38.7542 -18.9569 70
11.0137 -0.285227 70
-0.699422 1.18799 70
-18.8918 8.88367 70
-0.61474 -0.163091 70
20.2574 40.4878 70
-0.946136 9.38184 70
1.00979 8.64597 70
1.20014 -0.478063 70
1.01909 11.062 70
-10.6479 1.21817 70
10.2754 -0.87671 70
-0.48182 9.15816 70
-0.661533 8.82655 70
0.774099 -0.00483887 70
10.0177 -11.3387 70
9.72316 -10.9681 70
0.506656 0.992743 70
-9.71124 -0.119088 70
-8.84289 0.791366 70
9.44694 8.87563 70
-1.02899 10.7237 70
-40.3782 20.278 70
-0.640133 -0.370025 70
-10.3388 19.4002 70
-1.19066 18.5893 70
0.295056 -1.41304 70
-28.6703 -51.3327 70
-0.136929 0.701849 70
8.58809 -0.437025 70
0.926931 10.4469 70
0.989767 9.2398 70
-0.35638 0.17841 70
-0.0564316 10.1018 70
0.441742 9.30574 70
0.0382506 10.5111 70
-19.9906 41.142 70
30.1084 0.366776 70
9.05939 40.283 70
-0.870712 -0.953331 70
10.7716 -1.34557 70
0.100922 1.00874 70
0.88613 0.181444 70
-11.2238 41.4441 70
9.28514 -0.235999 70
21.2397 11.1931 70
19.7401 29.1182 70
50.8048 -9.46413 70
-30.6035 -50.69 70
-18.8858 -10.1576 70
20.9851 29.4426 70
0.503081 1.46254 70
-10.2703 -1.4925 70
-0.34191 0.401521 70
9.05444 -1.39074 70
1.02908 -0.0323251 70
-0.0478826 19.1555 70
1.2843 -8.84932 70
11.2446 10.1609 70
10.9097 -0.541117 70
8.71144 -1.38617 70
-0.692509 -1.32831 70
-19.2739 1.06773 70
-9.49043 -1.07093 70
1.24773 -0.0594031 70
0.708833 0.853003 70
30.8365 30.9222 70
30.6795 -39.5841 70
29.9998 -0.601327 70
29.1344 29.2699 70
30.5097 49.6275 70
-0.0408748 30.9995 70
-0.974887 -11.3594 70
0.464886 0.123072 70
-1.1188 -0.89433 70
8.60359 -10.4729 70
21.0497 9.63693 70
-0.586348 1.42723 70
29.8638 9.12122 70
-1.39913 1.01022 70
51.4112 -58.8796 70
0.42573 -0.21571 70
-1.00215 -0.887863 70
-18.8657 49.1491 70
-1.20172 -0.225863 70
10.2766 0.426032 70
9.69474 -0.803544 70
-9.12988 30.9281 70
20.7202 8.54294 70
28.6969 -21.156 70
-20.0751 0.0333213 70
9.39266 9.35973 70
-20.8113 -11.0542 70
-9.0441 -11.4137 70
-1.08818 10.8579 70
19.0313 1.27171 70
-1.03938 0.319055 70
0.119989 10.8407 70
1.11831 19.328 70
0.62881 21.2241 70
-0.181979 19.6069 70
-0.613368 -1.05085 70
1.38014 -0.746223 70
40.2794 -18.875 70
-9.76326 -0.19278 70
-10.7179 20.234 70
29.6459 29.974 70
0.972177 11.0683 70
-29.2629 100.693 70
0.111892 10.9864 70
9.84209 1.25266 70
10.6302 0.497719 70
0.274994 0.733424 70
19.8217 1.1967 70
0.419111 20.5622 70
0.677778 -1.0275 70
1.46763 20.5713 70
19.5256 -20.7922 70
0.783128 -10.4229 70
1.37784 -0.25224 70
-0.0144128 10.0574 70
18.8534 51.4333 70
8.80571 9.34163 70
-29.627 -9.29349 70
0.544626 0.151234 70
0.273707 -0.532542 70
48.5 11.4437 70.0005
-0.532357 0.571557 70
1.11755 10.38 70
-9.02413 0.788584 70
-0.990834 -1.47869 70
-9.34385 10.2064 70
18.9997 -20.3343 70
-0.407969 9.87887 70
-1.38041 -0.370707 70
11.4702 -8.56744 70
11.0387 0.385778 70
1.36943 28.601 70
-1.40431 9.67446 70
-1.22952 8.80259 70
-31.234 9.57947 70
9.72922 0.339157 70
0.310372 1.32886 70
-1.44969 -1.16395 70
0.0859191 -0.0258259 70
11.1346 0.0533988 70
-0.413763 0.861112 70
-0.245257 10.316 70
-10.2659 -0.952828 70
1.44704 -0.777035 70
19.8932 -10.4611 70
39.6184 -0.135518 70
-0.164013 10.4975 70
-0.220427 11.0338 70
0.571569 10.8433 70
19.7417 30.8158 70
-0.626143 1.13505 70
0.676206 -0.256213 70
-0.542259 29.2711 70
10.0982 -18.7796 70
-9.69875 10.0245 70
-1.18617 20.4051 70
8.91949 8.77406 70
-39.3411 9.96159 70
-10.2408 -0.588948 70
19.5392 -11.2589 70
-0.0306696 8.73631 70
50.1212 -31.4288 70
-10.2639 10.3073 70
-8.59597 -10.3865 70
-0.39478 -0.525189 70
-0.424445 0.783286 70
-11.3603 9.64946 70
-9.50322 1.24461 70
8.52903 1.25964 70
10.7023 -0.807713 70
10.3039 -11.1127 70
0.412639 0.918374 70
-0.706149 -9.29028 70
-9.25129 -9.72517 70
0.146517 0.0481294 70
-0.606034 0.279825 70
1.10149 -0.745431 70
-8.5614 -19.6718 70
0.132966 -10.0455 70
-10.7628 -1.03542 70
28.6191 40.628 70
0.0219247 0.00515491 70
-0.0849219 0.118077 70
1.46983 -0.158361 70
-10.2019 9.26174 70
-19.577 9.0184 70
-1.15461 10.1457 70
9.57299 -20.1285 70
-0.71142 8.78829 70
0.800973 -0.773448 70
19.2439 -40.3239 70
-9.52658 1.37073 70
-0.0192964 0.565479 70
-0.245348 0.822151 70
-10.4096 0.191336 70
-11.3756 9.56921 70
-10.4249 10.2098 70
-20.4045 -0.267584 70
21.4744 -9.30182 70
-0.444058 -0.404262 70
-0.795163 -0.0255486 70
1.19664 -31.2649 70
21.4225 29.7363 70
11.128 8.64346 70
-0.440694 -0.214598 70
10.4603 8.91198 70
0.262692 -0.308115 70
-0.183888 -0.671067 70
0.124491 -1.10422 70
-40.1309 19.2513 70
0.1636 19.147 70
20.1058 20.5133 70
0.114932 1.24914 70
29.8067 21.0917 70
1.1943 -0.256478 70
0.272034 -0.306535 70
-0.690763 1.29575 70
9.74758 -0.416113 70
9.31137 10.5731 70
1.16887 19.0231 70
-10.7131 -0.973456 70
30.6129 -11.3542 70
-0.014462 11.3889 70
-0.513436 1.18989 70
-0.0259016 -1.01737 70
10.4203 -0.115893 70
0.963636 0.393558 70
-1.28046 0.11824 70
1.44852 0.177414 70
-8.79562 1.31791 70
10.1591 8.51464 70
-19.5214 18.6282 70
-20.7989 9.99465 70
0.403216 0.989359 70
9.37856 1.09565 70
9.38745 9.47806 70
-10.8575 49.4995 70
-0.802783 1.06527 70
11.1452 9.77733 70
-10.3499 0.105008 70
20.0823 -9.25131 70
10.3619 -0.510939 70
-0.42037 -1.26033 70
0.770779 -0.403213 70
-18.9989 -9.83982 70
0.305339 -0.641899 70
10.7936 -10.7571 70
-1.16242 0.827446 70
-59.0309 -69.6692 70
-0.500134 20.4103 70
1.42289 1.23979 70
-18.8106 -10.8779 70
-0.0505003 10.538 70
9.98528 -1.26549 70
10.1524 0.651863 70
0.484136 10.3553 70
1.0017 10.7936 70
-0.964185 0.623879 70
19.0234 9.07659 70
19.2104 11.1555 70
28.5281 18.5418 70
29.4335 -1.07696 70
19.0151 0.835057 70
-11.2479 10.8876 70
0.725346 -1.06308 70
-1.15785 -0.010972 70
9.01809 0.321949 70
9.23738 -0.177692 70
0.649175 0.992476 70
-0.662842 -8.94055 70
-9.80684 10.9265 70
1.07064 -1.23814 70
19.8225 -11.2378 70
-8.59145 1.07748 70
-8.57427 -9.71603 70
11.1754 -9.13769 70
29.3712 0.756515 70
-0.142778 8.73673 70
8.95429 1.08342 70
-0.591769 0.279241 70
9.02015 19.3867 70
-0.153345 9.98205 70
-10.1292 0.683302 70
-9.31532 -0.968091 70
-51.3178 -20.139 70
0.857751 -1.19719 70
9.27929 -1.05854 70
0.144782 1.00138 70
0.872498 0.36357 70
-0.366546 9.8132 70
19.2816 19.0398 70
-0.0359412 -0.729853 70
1.07673 1.20954 70
-0.916495 -0.073669 70
10.4713 8.89334 70
-31.0703 -40.7992 70
8.90391 8.88265 70
8.63357 -0.692764 70
10.9859 10.2054 70
-10.3581 19.1398 70
-10.4288 29.5232 70
-1.12086 -0.272887 70
0.769764 -0.46006 70
10.8718 -8.86372 70
1.40478 0.285271 70
30.9577 90.3988 70
30.1751 91.4882 70
0.0409325 9.87565 70
11.3088 -20.916 70
9.33327 -21.4606 70
69.0475 50.1933 70
11.2524 -1.34997 70
0.349187 -0.776503 70
-0.810096 9.60197 70
-1.05427 1.46888 70
18.925 59.8709 70
-20.2091 11.451 70
8.51089 -1.28799 70
1.21289 10.6617 70
-8.73266 -11.474 70
39.6106 -0.767792 70
11.4595 9.69524 70
0.623868 9.564 70
-9.04285 0.354532 70
-0.0745712 0.906181 70
9.84418 10.9274 70
-1.05858 9.00091 70
-1.03374 10.202 70
0.926113 0.633798 70
1.30997 -0.250573 70
-9.33259 -0.611794 70
19.334 20.82 70
-0.89984 -0.724266 70
0.182436 -0.892401 70
8.91576 -20.2833 70
1.02093 0.520558 70
1.45143 -0.390999 70
10.9368 -0.579299 70
9.91521 0.732502 70
8.63685 10.1729 70
-20.7811 0.519858 70
0.729155 0.068793 70
10.8069 -20.4057 70
0.204525 -1.19995 70
-1.14234 1.48387 70
1.06259 19.6816 70
-39.0582 -9.02515 70
9.18767 -10.4235 70
11.0512 20.1067 70
31.3861 0.671423 70
10.9091 1.08674 70
1.31317 -0.455688 70
9.53987 0.907678 70
-29.0726 11.1074 70
-0.385995 10.1512 70
10.9882 10.7626 70
8.64659 9.61869 70
21.0208 -8.86926 70
1.33076 0.609874 70
0.28398 30.1959 70
10.1875 1.0579 70
8.57723 -0.464647 70
9.24726 10.3711 70
9.8636 10.2561 70
8.68961 10.7694 70
10.2387 -0.853802 70
11.0245 11.1006 70
20.2921 10.108 70
-1.30999 -0.862947 70
0.722974 0.309738 70
-8.78455 10.8863 70
-8.59909 10.3409 70
9.38267 8.63462 70
9.57222 -0.0845034 70
8.93082 0.163222 70
1.04709 -0.953023 70
41.0218 -10.5111 70
18.7188 10.2978 70
-11.1622 19.2599 70
-19.1952 -90.5399 70
0.6509 1.15123 70
-21.1087 49.2874 70
0.84536 21.0429 70
21.4182 -10.7672 70
9.39121 11.3077 70
8.96181 20.7324 70
-30.9751 0.106089 70
-29.7994 0.322773 70
9.73845 19.4654 70
-9.04367 -10.349 70
9.21982 10.9704 70
-20.251 -19.4813 70
-9.89166 -0.948844 70
10.2775 -0.993737 70
-1.31108 -1.34657 70
-0.0483264 -8.72576 70
-0.787014 10.8733 70
-9.91419 0.504821 70
21.4654 0.481701 70
-30.5235 48.5253 70
18.9264 9.83035 70
1.4969 9.63632 70
60.9381 -28.6124 70
10.932 10.8293 70
9.62341 9.06044 70
-0.750539 -0.84806 70
0.771016 1.19189 70
0.0568351 -0.840442 70
9.86561 20.5118 70
9.61575 9.80588 70
0.0330647 8.50669 70
10.7141 9.14629 70
-10.0646 -20.5192 70
9.31215 9.61583 70
9.99995 -0.29883 70
0.837631 10.8262 70
1.01833 -0.338898 70
30.5135 11.1326 70
39.3698 10.8679 70
9.61486 10.2476 70
-1.33075 11.4408 70
10.1998 -0.91769 70
-1.38089 -10.9728 70
10.6476 -40.0569 70
1.22148 0.0599088 70
-11.3964 48.955 70
-0.740691 10.7366 70
-0.833456 -0.434334 70
19.1014 11.0839 70
21.3435 21.0733 70
1.2864 8.85728 70
-0.50481 -39.9588 70
18.9945 -1.2168 70
0.607179 11.2639 70
10.5306 -29.4804 70
11.0473 -1.3871 70
18.7381 0.54426 70
-0.695261 -0.636064 70
-0.793818 -0.547293 70
11.3257 -0.721123 70
10.7348 -0.114123 70
10.8903 -60.7183 70
-1.09443 20.0371 70
0.0386702 -1.16673 70
50.7925 69.6254 70
-1.03537 -0.283262 70
1.40084 -29.8852 70
41.3463 10.753 70
-1.47898 1.26643 70
0.457191 -0.693118 70
0.97922 0.44257 70
-19.0968 -19.3561 70
0.945598 -1.03829 70
-0.905555 -1.00987 70
9.08829 11.0815 70
9.02373 0.691644 70
-9.43461 9.39561 70
8.51811 -1.38725 70
-1.42828 1.22207 70
9.53674 -0.572512 70
0.912424 -1.11526 70
-0.352422 11.4038 70
-1.47525 -10.4029 70
29.713 10.5257 70
48.8486 -31.1751 70
21.4104 -0.692189 70
-18.7576 -1.02413 70
-9.66735 -9.40154 70
-1.09532 -10.5228 70
1.00077 0.906094 70
9.42259 -0.922292 70
-10.0514 -11.2855 70
9.09969 10.0234 70
0.489825 0.351548 70
-49.6709 -0.972559 70
-10.0568 18.6066 70
-10.7887 19.8498 70
0.0349426 9.58621 70
11.1223 -0.705623 70
9.32499 10.9289 70
-0.0364242 -0.681923 70
-0.870791 -1.30985 70
30.125 -1.2515 70
-10.4345 -1.459 70
-0.496247 0.78074 70
31.4009 -10.7496 70
-10.0658 -11.4766 70
0.693378 -1.18165 70
0.52703 0.160884 70
-1.49379 10.9873 70
-1.00889 -0.713912 70
30.6693 9.0346 70
-1.33587 -0.152652 70
-49.2638 -39.1352 70
0.335043 -0.123282 70
9.54536 9.19262 70
10.9331 -1.47826 70
-10.7098 10.864 70
-0.0622157 -0.752314 70
11.0251 10.1087 70
-20.2274 9.43312 70
-1.15895 49.298 70
10.6197 10.8015 70
29.6766 39.3204 70
-0.57217 -0.0387551 70
10.3022 -18.5161 70
1.49681 -1.14545 70
10.4644 9.02513 70
10.356 10.1137 70
9.82668 -19.7001 70
0.315399 -1.47174 70
-1.43147 9.52035 70
-0.519144 11.3732 70
-0.0782743 -10.9572 70
1.15268 9.23605 70
90.1675 30.8951 70
-21.2368 -28.5721 70
10.0333 -0.207539 70
-1.33637 0.501929 70
11.4411 -11.3847 70
-0.301878 0.020254 70
-1.4114 21.2196 70
-10.6757 -9.84429 70
-0.309356 1.05443 70
0.169866 -1.12265 70
48.8442 29.15 70
-0.0827189 -0.917894 70
-0.24423 10.1112 70
-50.4504 -68.5188 70
11.4126 0.775784 70
-9.93108 -9.09026 70
-10.6754 -10.5046 70
29.4721 -9.73578 70
10.4997 50.2469 70
-0.175383 0.639027 70
-1.42641 10.4012 70
