-9.73336 1.08985 70
-10.2081 -10.538 70
11.2921 -0.431172 70
-1.00597 20.4369 70
-9.35869 -19.8894 70
-9.54459 9.54162 70
0.167732 11.1384 70
-0.664426 0.487694 70
-1.43403 8.62137 70
-20.9362 -9.67805 70
-9.64722 -0.980485 70
0.077622 -10.6504 70
-8.6849 -8.94128 70
-1.26753 -0.169691 70
1.28038 0.821755 70
-9.92205 0.775402 70
-9.19811 20.5663 70
29.4099 9.55867 70
-8.98292 1.10969 70
-11.382 -0.785852 70
-9.16091 -1.40348 70
-10.0298 10.5474 70
-11.0802 0.481362 70
1.23003 9.9168 70
11.4587 9.03618 70
-29.2534 -40.9852 70
-8.95151 0.926349 70
-9.63063 -1.1076 70
-9.3729 -10.8929 70
-9.70491 10.7101 70
0.304658 9.15415 70
-11.3651 0.409678 70
-31.0238 -10.2636 70
10.9328 -1.02443 70
9.33046 -0.531004 70
11.2009 -10.8244 70
10.6954 -9.19538 70
9.84468 -1.36355 70
70.2399 59.9735 70
1.37078 -0.0581583 70
1.05223 0.0579076 70
0.294076 -0.20861 70
-1.31376 -0.366029 70
-0.579166 -1.44357 70
0.922654 -19.3072 70
1.40533 -10.0206 70
0.616505 0.0277994 70
-0.537615 -0.283092 70
-9.51814 0.738816 70
58.6588 29.2768 70
-11.1741 1.37872 70
-49.5331 1.08586 70
-19.3306 10.5925 70
-0.484643 -0.376215 70
0.958524 -0.850004 70
1.05328 11.0475 70
0.777652 -0.550351 70
0.761992 -0.439747 70
10.6347 -11.241 70
0.838554 -10.7326 70
-10.0491 0.589969 70
8.63735 11.2029 70
-0.480876 10.5402 70
1.09311 -0.40756 70
-18.5637 19.9746 70
-20.1222 -21.418 70
-0.825103 -0.632914 70
-0.072367 0.785511 70
-18.6929 10.9234 70
1.35424 9.85645 70
29.544 19.6167 70
8.83461 -11.4768 70
-11.1232 0.177511 70
-0.218566 -0.251171 70
-19.3341 20.5991 70
-9.22929 -0.57824 70
-0.446266 -0.377511 70
-0.419838 9.58263 70
20.635 39.4496 70
-0.892131 8.90097 70
-11.1916 -0.879079 70
-60.6113 -20.7862 70
-21.3746 -50.4096 70
0.762012 0.189336 70
-9.48055 1.18522 70
-10.4509 11.2727 70
-1.36687 0.746947 70
0.650229 0.881 70
11.4033 11.468 70
-0.765495 0.604272 70
21.062 28.9818 70
-0.588494 -0.72317 70
-10.9616 0.509365 70
0.167784 -0.297125 70
-1.05463 10.0571 70
0.634212 0.422398 70
-0.917235 -1.02961 70
-20.2237 -9.87674 70
-0.179267 -0.274827 70
-10.5844 -1.44204 70
-20.9875 -9.78975 70
-9.56596 -11.206 70
-11.4666 -0.0755348 70
-9.93718 -10.0241 70
-10.9846 1.36357 70
8.6786 -10.728 70
-31.2723 -9.60298 70
-10.4056 -10.0382 70
0.310633 -10.172 70
-10.6141 -0.663006 70
-9.35213 1.04086 70
-9.4292 10.9975 70
0.669934 0.467248 70
-10.5849 0.991772 70
-0.255955 -10.2886 70
-8.83174 9.52424 70
-0.749399 -0.815633 70
-10.8459 50.7074 70
1.05421 10.9774 70
-0.543257 10.8228 70
-1.28691 -0.573287 70
-11.2964 -1.20385 70
0.935254 0.80728 70
-0.253667 9.86137 70
1.24677 0.36092 70
-1.42442 -0.728922 70
-0.391146 -10.8867 70
0.826738 11.1373 70
0.77965 0.77666 70
10.4729 -10.6427 70
-39.9027 -89.3469 70
-8.62893 -0.392174 70
-10.1938 20.7229 70
-19.2938 -9.66449 70
1.42684 -9.1068 70
-0.0260812 29.6135 70
-1.16738 -9.69508 70
60.5351 19.6974 70
1.11791 10.3877 70
-0.278954 -0.616683 70
-21.4388 -21.4203 70
-8.89436 0.00425641 70
-0.148446 19.0944 70
-10.9973 -0.486649 70
-1.1476 8.89016 70
-31.4298 21.0957 70
-9.46628 -11.332 70
-0.939378 -0.604476 70
-0.380238 -0.921576 70
-8.98588 -0.562189 70
-10.6522 0.279385 70
-40.1967 -10.1673 70
-8.51018 -10.351 70
-9.93298 -0.53704 70
-9.88462 -10.8882 70
10.88 0.197445 70
1.0225 0.694714 70
-9.69647 0.570157 70
90.3756 -59.1001 70
1.31503 9.07582 70
-19.7024 -18.5844 70
-0.469213 -0.572796 70
9.92187 -9.07419 70
0.52146 -0.706739 70
-20.2783 0.994184 70
0.800851 -0.48793 70
0.130016 0.198305 70
0.658848 -0.602391 70
-19.6355 -0.604024 70
-19.3015 40.9728 70
-20.4162 38.7291 70
-30.4889 9.08842 70
-31.0528 9.71354 70
-31.4671 11.255 70
0.931309 -9.92141 70
121.428 -8.97961 70
118.909 -11.2355 70
-10.3383 -0.555982 70
-0.380925 1.44771 70
-10.9524 10.5414 70
-1.01889 18.9222 70
-10.3108 -11.2498 70
-9.97936 0.851646 70
18.9569 -50.6013 70
20.7612 -50.7468 70
-39.2371 10.2235 70
-1.19198 -9.87042 70
0.596277 -9.72204 70
20.6405 -10.539 70
28.6296 0.887972 70
29.1651 0.967849 70
11.0957 -10.0376 70
-9.03725 10.3392 70
-9.55241 11.1905 70
-11.4834 -0.55068 70
19.889 -8.56145 70
-0.821189 -10.9628 70
-10.4081 -0.241383 70
-0.968925 -0.194357 70
10.9704 10.7558 70
9.64469 11.3406 70
-28.5799 -9.36099 70
11.2176 -11.1402 70
10.6639 -0.342729 70
1.17799 -0.274603 70
-9.29005 -19.2716 70
-0.132902 0.289717 70
-10.575 -0.764141 70
-9.79436 -0.0361933 70
0.836721 -0.409509 70
-11.0462 0.217318 70
9.48822 -0.968885 70
-11.1373 -10.2309 70
-8.90723 -0.966286 70
-10.1327 30.6293 70
-19.9948 9.12032 70
-1.23256 -20.4813 70
20.5256 -31.1502 70
39.4184 9.96399 70
40.86 10.8364 70
-9.90125 -1.07545 70
-19.0384 -10.7474 70
1.08237 0.231766 70
-9.7326 -0.209924 70
1.29104 -1.33296 70
0.758739 10.7422 70
0.576934 30.2065 70
-0.164739 -1.00616 70
-10.9053 -0.216361 70
-1.06422 0.0461375 70
-9.03094 1.35387 70
-8.57071 -0.229196 70
-10.9933 -0.146698 70
-9.661 -8.5756 70
-0.181628 0.491045 70
-1.24478 -1.28096 70
-8.62191 1.05889 70
-11.3406 -0.944679 70
1.13676 0.646026 70
-0.223412 1.1106 70
-0.998947 0.667444 70
-0.787594 -10.0345 70
-1.27341 0.919602 70
-21.189 -10.8763 70
1.32127 8.61988 70
0.212564 8.93169 70
-9.8017 1.12258 70
0.152654 -1.0751 70
-10.6673 -0.623237 70
29.9057 -0.0121946 70
-10.9988 -0.772092 70
-59.7041 -39.4901 70
-20.3397 -31.1472 70
9.00021 -0.818673 70
0.0199633 1.44638 70
1.3274 -0.61624 70
19.5124 9.65367 70
-9.41848 -9.51231 70
-49.6167 29.4904 70
-39.717 9.32463 70
-10.0072 18.718 70
-20.9437 39.5269 70
0.961303 -10.378 70
-8.9123 0.311266 70
-8.63518 0.533809 70
-9.94924 -9.62576 70
0.242896 0.20055 70
-9.30235 0.0689288 70
-0.293786 -9.74775 70
-0.523644 -9.40371 70
-0.703668 29.6771 70
0.630433 -1.15434 70
41.0258 -0.289286 70
-1.20497 -1.11935 70
11.299 21.2855 70
-9.67497 -0.133423 70
-11.1573 0.497086 70
9.20899 -10.2596 70
-9.14275 8.53202 70
0.239414 19.4454 70
-10.3447 -10.8723 70
-9.02194 -0.116064 70
-0.617502 -0.309485 70
9.07652 -0.528311 70
1.30444 0.105939 70
-18.6952 -20.5205 70
-1.4639 -0.569893 70
-20.7757 -9.63141 70
-9.33353 1.08531 70
21.4275 20.2515 70
-9.76516 10.1873 70
0.0845296 -1.26182 70
-10.0284 -0.126176 70
-9.42447 9.92296 70
-9.7805 0.933437 70
0.454696 -0.106113 70
-0.215755 0.743095 70
-1.15062 29.8093 70
-10.3012 -0.47484 70
9.51343 19.775 70
-69.223 9.91269 70
-70.2787 8.70326 70
-1.44157 0.25339 70
1.38389 -10.7016 70
-0.931511 -0.87964 70
18.7112 -11.3959 70
-8.73145 -0.203929 70
30.0694 -1.0003 70
0.156907 1.31385 70
-8.50855 -8.67045 70
0.28812 -11.0312 70
-39.4045 0.281381 70
-30.6524 -30.9365 70
0.285752 9.1906 70
-10.9185 -0.396237 70
-0.629343 1.08213 70
30.5524 11.2519 70
0.0363223 -0.653553 70
20.9964 11.2892 70
-0.301456 -1.49609 70
-8.84829 -9.03495 70
0.693707 -9.76486 70
-61.0894 -8.98628 70
-30.364 30.4632 70
19.9662 50.084 70
20.5962 50.456 70
-18.5696 9.80949 70
-1.48335 -0.861675 70
-0.0213385 0.452996 70
0.880141 -0.0111377 70
1.20523 0.890336 70
-8.89492 -1.12641 70
-11.4809 -59.7251 70
-9.2328 -10.1506 70
-10.2842 -9.47004 70
-9.61298 -9.85834 70
-0.994844 10.5279 70
-0.187884 10.7053 70
10.9127 -1.30786 70
9.26806 -0.70478 70
-9.92204 0.0671358 70
31.4612 -0.107825 70
-9.58136 -21.0495 70
1.43683 1.20099 70
1.44613 -68.8535 70
-1.01087 9.88527 70
49.5293 18.593 70
0.927131 1.43761 70
49.0506 -10.951 70
11.0585 0.413365 70
-1.33484 0.486802 70
-9.94869 9.51696 70
-10.5568 9.46597 70
-11.344 -10.7711 70
-19.3378 -18.7262 70
-28.7815 -20.5324 70
0.0541169 -0.497925 70
-9.04399 19.315 70
1.03707 21.1803 70
-20.8272 1.33156 70
-0.773789 0.581019 70
-0.209278 0.290806 70
1.25345 -1.1093 70
-11.4779 -0.279467 70
0.27165 20.7728 70
20.993 50.5969 70
-1.16116 0.50595 70
1.18443 9.17231 70
-10.9073 38.9649 70
-0.322927 1.06854 70
11.4217 0.731726 70
-10.0622 11.096 70
-9.17588 0.164944 70
-0.356462 -0.993616 70
-8.75254 -0.200406 70
1.02629 -11.0583 70
1.20742 -1.10523 70
-0.113259 -0.968972 70
-0.401622 1.13465 70
-28.6928 -0.563007 70
29.5994 30.2121 70
1.19248 0.0607315 70
-0.845363 9.54408 70
-0.0208851 9.07488 70
10.1097 -29.1492 70
-30.9561 0.995035 70
30.898 39.8464 70
0.66294 -8.65184 70
-20.957 10.6054 70
-0.184472 -1.22913 70
20.8665 -9.87107 70
-0.357368 -8.97065 70
-8.97633 11.3497 70
8.53857 0.965786 70
1.01349 -10.327 70
-10.9474 -11.1883 70
-8.98645 8.66273 70
121.461 9.25725 70
-11.3708 1.06481 70
-38.9544 29.1157 70
0.53765 -9.67665 70
-19.1103 -19.892 70
-8.79734 -0.617076 70
-10.2224 -0.217415 70
-9.34891 0.793858 70
-30.6805 20.9047 70
-0.887448 0.935704 70
-1.48075 1.25158 70
-0.28821 -1.1493 70
0.71724 10.0843 70
-11.0035 1.46763 70
10.8733 8.73143 70
0.505157 -1.09841 70
0.290401 -0.577701 70
-10.9213 9.7586 70
-38.6817 11.3945 70
0.413847 11.1271 70
-10.1804 0.142051 70
10.7198 29.2401 70
0.182696 -0.0443962 70
-1.4777 -0.44318 70
0.0716196 1.03918 70
9.78187 8.81047 70
-9.56034 -0.538085 70
-21.2586 -1.31741 70
1.12115 0.312166 70
-18.6176 -18.7403 70
-1.32724 -1.41676 70
0.602224 1.03643 70
-9.57502 21.0186 70
-20.415 -31.3844 70
-9.97197 11.0493 70
-1.04781 -0.381956 70
-89.3276 0.166942 70
-9.63843 0.757779 70
-18.645 10.3379 70
-1.49267 0.130688 70
0.379334 -0.120009 70
-11.4616 0.484865 70
30.9131 0.721 70
10.0533 -0.432109 70
0.831852 -59.6296 70
-10.5687 0.134656 70
0.20403 0.656774 70
0.860459 10.9625 70
-1.29201 1.22968 70
-9.96763 1.46908 70
-21.4894 -49.4285 70
0.45526 0.44222 70
0.817591 0.744816 70
0.144265 -19.1347 70
-40.4145 -18.6977 70
10.0225 -20.6391 70
-0.862312 -0.713382 70
0.833677 1.40278 70
-0.785157 0.495461 70
-1.11092 -0.429348 70
10.0007 0.185184 70
0.016231 1.03138 70
-59.97 39.2352 70
0.745053 -0.0333497 70
-11.0006 -0.416614 70
-0.935141 0.923152 70
11.3159 9.25062 70
-20.1187 8.65901 70
0.126025 0.0585296 70
-1.04559 0.947066 70
-1.13816 -0.0761392 70
10.4522 11.3532 70
-9.10933 19.6053 70
-29.5649 -0.495649 70
10.202 11.0227 70
0.551939 0.0096767 70
-8.78794 -10.0267 70
-10.7595 18.8313 70
-0.983853 -1.39991 70
-0.690071 -9.07313 70
-40.0491 50.9153 70
-0.0809165 -0.583216 70
-48.794 38.901 70
-9.62263 1.48929 70
-0.617362 0.207184 70
-18.758 -11.4995 70
-20.7776 -11.1316 70
-8.87349 -30.9153 70
-40.1365 8.96276 70
-1.33062 -0.644544 70
-31.2518 0.552316 70
-10.0308 11.0676 70
-1.05995 -0.0766243 70
-10.9624 -10.6287 70
-9.08184 -9.05222 70
0.671261 1.46483 70
1.12258 8.73388 70
-1.02253 -0.896309 70
11.0042 -21.4486 70
1.03005 0.900328 70
-19.4611 8.5308 70
-10.8897 -8.67272 70
-70.2165 29.1775 70
10.6061 9.68694 70
0.987905 1.18476 70
-8.57002 10.506 70
-8.73783 -0.991622 70
1.43349 11.2873 70
9.64897 9.09008 70
-0.0331948 -0.619219 70
-29.3136 -19.3769 70
-10.9644 -9.99846 70
-8.50119 -0.364204 70
-1.18266 -8.83217 70
-0.600692 0.695502 70
0.365785 1.42769 70
-58.7101 8.79043 70
-0.233378 -38.5982 70
0.455797 1.24513 70
-19.2029 -10.5213 70
-0.0471524 0.0481462 70
-29.7388 40.1431 70
0.900501 -29.0221 70
-20.2789 1.33979 70
-40.4285 -9.56129 70
-0.721342 9.63295 70
-0.506396 -1.36743 70
-8.87923 19.5472 70
-9.9181 18.7298 70
8.53783 21.2156 70
21.4796 -8.78597 70
-1.3771 -9.36219 70
20.103 -29.8705 70
-11.3554 0.670682 70
0.626544 -0.870047 70
-10.651 0.905754 70
-11.4397 -0.76532 70
-0.0699835 -0.269665 70
10.3579 21.4055 70
0.0945767 -9.22048 70
-11.0641 -11.1569 70
-11.4639 -0.672219 70
0.97974 -9.30884 70
-10.5821 1.17759 70
-8.95546 10.9193 70
10.1057 19.9058 70
0.31317 28.9577 70
-9.14204 1.30455 70
-30.7025 -20.9886 70
-9.44961 -0.274734 70
-10.3801 -0.916634 70
-10.8203 -0.788203 70
-0.112188 -0.840482 70
-1.15836 0.206489 70
-0.492028 1.11697 70
-19.5664 8.5672 70
1.3573 0.657613 70
19.6138 -9.03824 70
1.14468 9.54508 70
0.0957284 -10.9962 70
-0.703663 -40.7276 70
1.48869 -8.53092 70
-19.0629 0.235985 70
-19.3775 -29.2829 70
-0.989367 -1.00453 70
-10.276 9.7041 70
-0.00894251 -0.249198 70
1.06845 1.18988 70
0.230044 -0.589633 70
0.316745 10.4692 70
-1.29642 10.6844 70
38.5109 38.6031 70
0.521784 -0.0772821 70
1.13648 -8.92387 70
0.347171 9.29278 70
0.716394 0.246657 70
0.717364 0.108063 70
-9.21012 -0.675507 70
20.8926 -8.87138 70
-1.08779 -0.505163 70
1.49996 0.275299 70
-0.892018 30.8591 70
-29.7668 9.21684 70
-9.45756 0.846634 70
39.7726 20.2315 70
1.35363 -0.552652 70
-0.292152 0.0565799 70
-0.0542208 -1.30128 70
-50.0548 58.56 70
-19.2111 9.42658 70
-8.6999 -70.8738 70
-20.4646 21.3316 70
-0.0525582 -1.16764 70
-1.11992 1.49588 70
-10.36 9.83859 70
-8.84771 -8.91103 70
-8.93868 -1.0038 70
0.807924 0.419782 70
-0.844645 0.563358 70
0.126007 -10.8837 70
8.797 1.36428 70
20.8247 10.4757 70
-10.1042 20.3664 70
-11.4716 -0.018765 70
-8.99448 10.4857 70
-8.69684 -0.786597 70
-0.19387 0.141135 70
1.08804 -1.33713 70
0.10485 0.9983 70
1.08422 11.0839 70
20.0982 -11.4924 70
-8.67662 -1.29705 70
0.3583 -29.6832 70
0.646311 8.84362 70
-8.75737 -0.895627 70
-20.6143 -29.8219 70
-11.436 9.57865 70
1.04116 -0.692756 70
0.626102 -11.4769 70
-10.1936 -1.28534 70
-9.19729 -19.938 70
-8.99261 9.04097 70
-11.2371 -9.80465 70
-1.07037 -0.502702 70
9.95673 18.6244 70
1.47973 -0.087082 70
-9.51016 0.9286 70
11.3151 1.19343 70
-1.23677 -20.8861 70
90.5632 -10.252 70
-9.40496 1.37297 70
-9.34441 -11.1242 70
-10.9075 -8.97124 70
-0.974389 0.628767 70
1.11492 0.773669 70
-1.23453 -0.848175 70
0.991656 0.418779 70
-9.91081 -9.86473 70
0.653613 -0.256076 70
-9.27313 0.21464 70
-20.5945 -10.0292 70
0.28175 -0.107857 70
28.9335 40.4524 70
-8.67956 19.1161 70
-11.4674 9.39265 70
-0.871605 21.3328 70
-39.662 -69.837 70
-10.6266 -19.3226 70
1.40836 -10.9727 70
-39.0303 -9.7282 70
0.777543 0.328573 70
-10.8988 -1.49885 70
-10.4362 8.91645 70
-10.9497 -0.729615 70
0.232614 0.865116 70
-10.3879 -0.475021 70
-10.4157 -10.6655 70
-10.2575 -9.6498 70
-30.9306 8.86129 70
0.327208 -0.866852 70
28.67 50.4662 70
-8.78338 1.2905 70
11.4383 -18.8664 70
-1.16282 -1.32303 70
-19.8328 40.2811 70
-9.99523 1.26729 70
1.45613 0.923762 70
0.897799 0.0982244 70
-0.302591 -0.160469 70
51.4517 -0.932519 70
-10.7842 -11.1201 70
-1.2228 -8.62119 70
1.38162 0.267591 70
18.8995 9.55482 70
-1.45598 -19.8871 70
-18.6992 10.4964 70
0.828821 1.16825 70
-10.3169 -50.8957 70
-9.18598 -49.0292 70
1.08108 -0.546886 70
70.8457 69.442 70
0.349393 -19.4008 70
0.352275 10.056 70
-9.81192 1.24775 70
-8.8741 -10.5199 70
0.0267648 0.964862 70
-8.94447 10.0575 70
9.982 -19.9188 70
-9.12165 1.18254 70
-0.866808 0.274736 70
0.220929 0.652839 70
-9.45153 28.7494 70
-9.70938 -8.63386 70
79.0535 80.5903 70
-39.5532 -29.648 70
-1.02018 -1.36239 70
-11.4419 0.0450193 70
1.24443 0.0427054 70
-9.38619 -1.06463 70
-0.84129 -0.668515 70
-21.2237 -49.7089 70
-1.33271 9.99589 70
1.25708 -0.34544 70
0.655761 -1.43552 70
10.5261 80.755 70
-0.0223983 1.23419 70
0.311691 0.0655868 70
10.8473 0.920289 70
-9.1511 -0.0254873 70
-1.38435 9.93939 70
-1.48526 10.059 70
-0.386542 8.78218 70
-10.219 0.0286072 70
-9.97322 -0.545051 70
-10.0302 10.2563 70
0.615443 9.09906 70
-9.76364 -1.34056 70
1.4449 1.33586 70
-8.76419 11.4445 70
0.521441 0.305458 70
-21.0499 9.48432 70
1.30579 0.872702 70
-11.4111 0.288102 70
-0.31624 -0.779488 70
-0.397312 10.9392 70
0.409494 -9.06445 70
-0.986717 0.00668145 70
-0.387435 0.790959 70
-0.609386 1.09066 70
-9.9259 -1.04819 70
0.0292376 -11.1243 70
-58.6351 -8.83636 70
-9.48503 1.02532 70
-78.8192 0.617884 70
-0.3445 -0.195124 70
-10.7987 -1.37335 70
-0.592923 0.71266 70
0.819037 0.204534 70
-11.217 -0.0066191 70
-29.3726 11.0992 70
-0.122155 -0.56912 70
-1.17575 9.54382 70
0.165176 1.27384 70
-10.2012 1.04836 70
-9.28612 0.476402 70
10.5159 9.76341 70
-0.497873 0.611074 70
-9.39595 9.17697 70
-0.163462 -18.5826 70
-38.9822 -28.7626 70
-10.856 -1.19513 70
0.247783 -0.792332 70
18.8758 -19.5532 70
0.580959 -71.3793 70
-10.6279 -11.4095 70
1.16454 -0.269688 70
-0.937266 10.4457 70
0.497578 1.49336 70
-40.7228 20.7088 70
-11.3082 -10.9954 70
-9.12782 -0.330575 70
0.853849 10.1302 70
-9.23068 -8.56369 70
-9.09256 -10.3787 70
-0.638055 -8.88752 70
18.5945 0.58846 70
9.23438 9.61988 70
-0.825725 10.6278 70
-0.809675 0.0666576 70
1.14601 8.72948 70
-0.610046 0.846269 70
-10.242 -1.10787 70
0.0951031 -1.40361 70
-20.5582 19.1414 70
-9.09459 -0.669291 70
-0.324194 9.10958 70
-40.6365 -20.7403 70
-18.9499 8.76843 70
-9.41077 10.2698 70
-11.1392 -10.3862 70
29.9876 1.4247 70
0.650686 -10.1071 70
-0.847368 -1.17046 70
1.4038 -19.3398 70
40.5386 50.7877 70
