-11.032 -58.5537 70
0.0781528 -29.5377 70
-10.1348 9.90057 70
-0.236551 0.680556 70
0.357662 -0.0277692 70
0.593293 1.43029 70
1.4967 0.201918 70
0.0390686 -18.7851 70
-9.3303 8.78486 70
10.8875 0.618663 70
-49.0655 -48.5183 70
-0.46463 -1.16993 70
9.10305 -0.334812 70
-0.239991 -9.40307 70
18.8258 -71.1717 70
1.37621 0.411226 70
-0.468963 1.1524 70
0.601603 0.483894 70
-0.583925 -20.5538 70
1.39642 0.496004 70
-28.9769 0.343865 70
8.86572 -9.32511 70
10.9305 -0.719377 70
90.3524 29.5687 70
1.23007 11.0173 70
0.0663191 -9.91069 70
0.0234497 1.07587 70
1.07265 -9.40709 70
31.1267 70.4038 70
-10.6095 20.0547 70
0.113302 0.0655358 70
21.4543 19.3393 70
0.250303 0.498564 70
9.55251 -0.621423 70
-10.702 -21.4556 70
0.934631 0.994108 70
-0.360925 1.22753 70
19.7852 10.2724 70
-11.1855 -10.2158 70
-19.5527 1.07483 70
-1.20468 0.37273 70
1.35727 0.367459 70
1.09851 -1.1007 70
0.567404 0.0754357 70
-0.603321 0.707903 70
9.06647 0.582928 70
-1.34347 0.672388 70
-0.760206 -0.860252 70
1.46593 -0.25235 70
10.4856 10.7383 70
-9.87349 40.2939 70
0.242197 -10.1123 70
-19.9306 -19.6747 70
0.350033 -20.9423 70
-0.249808 -9.14225 70
1.09482 0.0358549 70
-9.85502 -0.138767 70
0.726765 0.123142 70
-11.2382 0.906518 70
1.038 -0.986944 70
-10.8855 -1.24603 70
-1.46557 1.28286 70
-0.751368 -0.183001 70
9.98462 -0.263154 70
9.37111 10.8574 70
9.85798 9.98145 70
-0.537549 10.3586 70
-0.905036 31.153 70
-0.564958 -0.860942 70
0.795128 1.10443 70
-9.775 -0.546747 70
20.2996 -40.6236 70
-10.5245 -0.672146 70
10.9472 -10.0327 70
11.2374 -8.61025 70
0.10675 -0.490964 70
1.22714 -1.31439 70
0.737057 -10.7088 70
-10.552 -8.68759 70
8.98751 -8.82405 70
-1.30499 0.0747314 70
0.225503 -0.328111 70
1.23604 9.70718 70
-1.1434 0.332452 70
-9.19631 -19.9778 70
0.368681 -1.38 70
-0.597235 -30.8373 70
-11.3639 9.59662 70
8.97323 -0.265587 70
0.796064 -1.38626 70
-0.226192 -1.23643 70
0.0276892 9.81341 70
-18.6345 10.0183 70
10.1422 9.35872 70
1.2139 0.189715 70
-0.197352 -1.32044 70
-59.2089 -9.05128 70
-1.06381 0.430568 70
9.44276 0.933746 70
-0.498714 -9.11818 70
8.68378 -0.546754 70
1.11581 -10.5037 70
0.748078 1.28562 70
29.1632 19.9754 70
30.7165 -18.5651 70
0.639033 -0.24738 70
-8.90348 20.3642 70
8.64337 10.5294 70
-0.201389 -9.68951 70
-0.449514 1.30067 70
-1.13113 1.41426 70
1.20064 0.836704 70
0.210961 9.75985 70
-0.101962 -0.181353 70
0.737022 -0.584152 70
11.4821 -1.00982 70
-8.72937 -1.22681 70
8.59658 -21.1425 70
8.99177 -11.1672 70
-0.745637 -0.475246 70
39.3149 30.394 70
-1.00049 -1.42303 70
-1.17709 0.219601 70
10.9094 9.99933 70
-0.800131 -9.82338 70
-0.29759 -0.463786 70
-1.48212 0.0245482 70
10.3847 18.8318 70
-18.5207 -10.741 70
0.815041 8.50218 70
11.14 -9.40357 70
1.10847 -0.586936 70
1.01917 -0.249972 70
-8.74565 -0.982451 70
11.404 1.17374 70
0.209571 -1.19732 70
-10.6003 -1.17594 70
1.18144 -9.33423 70
0.096616 0.319604 70
-0.344319 -0.543075 70
-0.340906 0.225409 70
0.843043 -9.51684 70
1.3418 -0.724092 70
9.96047 -0.0487856 70
10.398 10.5479 70
-30.5453 9.87745 70
1.25448 -0.202101 70
-18.6351 51.38 70
-0.0813417 -0.953228 70
-0.551254 -1.09748 70
-9.3736 -10.2621 70
-11.3629 -11.4173 70
9.52043 -31.3984 70
61.3152 48.6497 70
19.7098 -20.2061 70
-0.512778 -0.729561 70
1.09364 1.18038 70
-1.36153 0.981371 70
-1.4203 10.7438 70
-0.419412 0.688983 70
-0.206536 -0.381136 70
40.4551 19.252 70
-11.3252 0.783119 70
0.348476 -1.26843 70
18.5364 100.615 70
1.10186 -0.728412 70
-0.14708 -0.0901387 70
-38.9786 60.2046 70
-40.8153 59.5701 70
1.0689 -9.63214 70
-1.18316 -0.157497 70
-8.84698 -30.4501 70
11.2325 0.511627 70
28.5638 -9.08061 70
0.596649 -0.736019 70
-0.996077 0.462078 70
0.68954 -0.797937 70
-0.0478726 -8.82019 70
-19.6521 1.22206 70
-41.1107 41.4811 70
11.0597 -0.678087 70
10.7521 -9.62235 70
-90.873 88.863 70
11.3836 -20.6269 70
0.22503 1.15279 70
-10.2022 20.7074 70
-0.180592 -11.3276 70
0.940665 1.38481 70
10.9535 -10.0133 70
-1.49063 -0.734758 70
-0.731236 1.13205 70
-1.3361 -8.92127 70
8.96159 0.167595 70
8.98724 0.517675 70
0.5854 0.0835008 70
-0.05314 0.310518 70
-11.0955 -0.104813 70
-0.752716 0.738919 70
41.4316 -51.198 70
-10.6403 19.2526 70
10.5707 20.8008 70
0.0315042 10.1411 70
-29.7112 8.70458 70
-30.0583 10.5716 70
10.1664 0.76593 70
-0.199371 -0.597365 70
-0.0049626 -0.189255 70
9.76034 11.3614 70
-10.9916 20.1579 70
-0.807476 -0.832206 70
-0.541366 -0.729859 70
-0.174567 -1.3175 70
-0.394468 0.941346 70
19.2465 -0.736026 70
-1.23498 -0.214397 70
0.438003 0.142807 70
-0.853758 -0.807738 70
-0.100027 -0.352224 70
-1.15535 10.5446 70
-0.314274 1.27308 70
-0.21426 1.41867 70
-11.3314 -8.50577 70
-8.93751 -9.29777 70
19.4953 1.00511 70
-1.09687 0.936509 70
0.169478 -41.0731 70
-1.10507 -11.1721 70
0.530763 -19.6582 70
-1.29074 20.1519 70
0.914834 -8.87233 70
9.78609 -11.316 70
40.9541 9.51335 70
39.4588 8.76258 70
9.66496 0.272314 70
-0.656653 30.893 70
-31.4211 9.51388 70
0.953372 0.744633 70
-11.0436 8.70113 70
20.2906 -40.3441 70
-10.2328 -20.1433 70
-8.86526 -1.19097 70
0.579759 0.576248 70
-0.691013 -1.28894 70
-30.3151 -0.754004 70
9.21901 -10.9142 70
-1.4684 0.171373 70
11.2509 -19.1089 70
0.53688 1.04898 70
9.6739 0.467807 70
-0.926338 0.153825 70
-10.565 -10.0266 70
0.197367 -0.882021 70
41.1618 11.2334 70
-0.436956 1.37353 70
0.581475 -0.612175 70
-0.324931 -0.404832 70
0.874629 10.6806 70
-0.256496 -1.02061 70
-0.757367 -19.6001 70
0.682474 -0.203776 70
-9.74184 8.68723 70
19.0561 21.2198 70
1.20238 -0.884547 70
9.83316 9.36188 70
-0.118745 1.15657 70
-0.381855 -1.29593 70
-0.665763 -1.16922 70
0.175768 0.901774 70
-0.308263 0.381598 70
0.658884 11.1496 70
-99.8547 70.1751 70
20.644 -21.0876 70
-0.817421 -1.04114 70
9.09788 -0.204813 70
-0.851782 -1.30286 70
11.2221 -1.46253 70
-1.04874 0.221373 70
-11.036 -1.34818 70
10.4957 -11.239 70
-8.92171 -10.8556 70
18.8679 -9.37906 70
-41.0546 1.40096 70
11.0375 -0.590924 70
0.36698 11.1844 70
9.5024 -0.280908 70
-0.945182 -1.34578 70
9.32271 -8.79446 70
0.682205 -0.299953 70
-30.074 -20.059 70
29.7284 -10.0315 70
0.0501225 8.53906 70
1.37727 -0.760681 70
10.6537 -68.962 70
-0.30149 0.569744 70
8.98396 0.271688 70
-0.283924 1.08217 70
0.468008 0.734296 70
20.0152 -61.3215 70
49.8506 29.857 70
11.0722 1.05857 70
0.137554 -18.6994 70
0.224229 -0.0995543 70
11.0583 0.587994 70
10.7863 -1.03196 70
9.14857 -11.3625 70
-1.27306 1.49426 70
1.03876 1.45402 70
0.210046 1.37776 70
0.0713875 -1.37526 70
-0.145943 -11.4197 70
10.9366 -1.16973 70
-0.328926 0.0636374 70
1.2239 -0.438772 70
1.13528 0.191701 70
11.1191 -19.4806 70
0.728337 10.6917 70
-0.371481 0.703716 70
-11.4708 -0.091805 70
0.735167 -1.46116 70
-1.38945 -0.398853 70
-9.05266 0.13051 70
-1.33207 0.653022 70
-0.0149742 0.421149 70
-0.144454 -0.472378 70
-9.56596 -78.5155 70
11.0498 28.5366 70
1.2669 -9.52607 70
-0.444229 -1.01537 70
0.904389 1.01978 70
-90.7824 29.7303 70
-9.35608 -18.9528 70
0.381473 0.992441 70
0.621399 -8.94212 70
-0.735346 -1.02876 70
0.777113 -9.39995 70
-10.9129 9.6502 70
0.786581 -11.1978 70
-10.1868 0.269048 70
20.9285 11.3994 70
-59.5845 -50.2963 70
9.2313 -1.35843 70
-1.34299 0.0475415 70
1.29768 -10.9104 70
0.24587 -1.17951 70
-0.240495 -0.298258 70
-19.7942 -20.7281 70
-0.648281 10.2679 70
10.5014 1.37354 70
11.4516 1.38783 70
21.307 -28.6 70
-0.100852 -0.0532732 70
-8.53672 9.10253 70
-0.74241 1.21463 70
-0.0567983 -9.51429 70
0.723617 -0.0219945 70
-0.0971776 1.49736 70
1.22931 -10.4864 70
-11.4694 8.95534 70
20.9186 10.1948 70
21.2689 -8.98445 70
-9.86361 -9.40821 70
-20.748 -1.37234 70
-20.6777 -21.24 70
-9.15201 0.382271 70
-9.34624 0.74678 70
-0.662439 1.38682 70
8.51659 -1.39424 70
1.41673 -0.358096 70
-0.579022 0.000889338 70
0.208778 1.00742 70
-1.10555 -29.1994 70
9.39489 -0.635282 70
1.07468 -18.9357 70
-0.674407 -9.78353 70
0.0185043 1.25144 70
19.6185 -10.1887 70
20.407 -0.910496 70
1.4309 -9.48209 70
28.5471 30.8873 70
-8.79502 -8.73767 70
-48.5165 -28.525 70
-9.9556 -18.9969 70
0.205487 0.806605 70
-0.0437689 -0.731721 70
-0.376386 0.601854 70
1.10265 -0.950441 70
9.5338 -20.7374 70
0.987825 0.722321 70
-40.9179 19.4428 70
10.8983 0.58885 70
0.74493 -1.06835 70
-10.9621 1.34944 70
19.3292 0.264118 70
10.6375 29.2619 70
-10.3171 -20.0374 70
10.6889 0.838109 70
-9.65572 10.5129 70
0.0342235 0.0507382 70
-1.14854 -19.99 70
-9.51911 -9.7647 70
0.874922 0.0262128 70
0.857255 -0.632802 70
-1.46644 -0.752643 70
-0.711748 -1.37842 70
-1.05008 19.7197 70
10.5645 9.46763 70
9.03535 -10.7791 70
10.8598 -10.1144 70
0.126742 0.388361 70
-0.894326 -9.12004 70
9.86262 -0.400614 70
10.1652 -10.8467 70
29.6484 -21.4915 70
-21.1133 41.4055 70
-38.9141 0.694805 70
-49.824 -29.7597 70
40.892 -29.5521 70
0.743382 19.8279 70
11.4857 -19.0121 70
0.823856 -19.8028 70
0.138987 -0.154442 70
-20.9029 -31.4135 70
8.82137 -8.75723 70
-18.5082 9.07559 70
-21.0979 8.64029 70
-9.35822 -0.050818 70
9.38941 -1.02557 70
-0.632516 -0.483006 70
-1.45594 1.31089 70
9.45888 -1.2667 70
10.3037 -0.724382 70
-20.1159 9.72162 70
-29.5595 -21.0539 70
1.06557 1.45424 70
-0.415677 -1.22893 70
-0.747358 -0.323207 70
-1.12964 -0.699171 70
-0.774312 -0.533297 70
48.8091 61.0201 70
0.754189 0.309175 70
1.077 -9.27322 70
8.53349 0.605739 70
0.759516 1.2366 70
-29.4625 -10.7488 70
8.73727 -29.1673 70
0.133732 -0.279986 70
0.370822 -10.015 70
-1.43849 -10.8675 70
20.0198 0.231374 70
0.680185 -9.17885 70
0.349086 0.160808 70
-0.628932 0.815226 70
20.8043 10.197 70
-0.334126 1.24509 70
-0.0969908 -0.529322 70
-0.272216 -0.88168 70
100.325 80.6447 70
-0.271775 0.142615 70
-10.1119 -9.3613 70
8.984 0.121707 70
8.84936 1.11669 70
-20.2832 20.6073 70
0.32023 1.28313 70
0.847396 0.0139698 70
8.60684 10.1141 70
-10.8295 0.15246 70
18.6817 28.9642 70
-98.5242 60.2784 70
0.625891 0.892693 70
-0.689724 -29.3112 70
-9.58091 9.29422 70
21.2909 111.066 70
-1.21137 0.742946 70
1.14206 -10.1991 70
1.10717 0.507845 70
0.464922 8.78629 70
1.02317 -1.25995 70
-80.9657 -19.9591 70
11.1382 -10.1512 70
-8.9142 31.4619 70
19.2247 -39.7382 70
0.368928 0.621008 70
-21.3324 -9.56471 70
-1.22862 9.78262 70
-1.18794 1.21944 70
0.159851 -9.49226 70
0.884351 50.6563 70
-0.975835 49.6273 70
10.7315 9.35834 70
-8.75928 -28.964 70
-20.501 -9.75016 70
-0.410758 1.47892 70
1.16734 -1.04907 70
0.936881 -11.0644 70
8.61935 -1.2855 70
-8.96382 -9.14571 70
-1.29247 -0.169628 70
-1.19841 -1.28581 70
11.4057 0.992283 70
10.4909 -0.266594 70
-0.473245 -0.866947 70
-1.36738 -0.958767 70
-10.5485 0.925691 70
9.14333 -9.0806 70
-0.281117 0.703923 70
-10.601 31.3869 70
-8.96458 30.9509 70
19.7798 -9.00606 70
-8.87757 10.0398 70
-10.819 10.1982 70
8.56668 -50.3927 70
-1.49898 8.58061 70
10.1456 0.952935 70
-70.0694 -19.1459 70
-1.20656 1.20872 70
8.55026 -18.6378 70
-1.32212 1.48561 70
91.1705 108.938 70
-29.8706 -19.9512 70
-0.735495 -0.018569 70
-0.542352 -0.18386 70
-1.00882 -8.73135 70
0.179302 -10.6051 70
-20.7686 -30.8108 70
-1.20034 -0.891426 70
10.8423 -20.892 70
-19.1714 29.2394 70
0.074595 -0.568951 70
21.3328 0.851031 70
-0.106768 -0.739604 70
1.31985 -9.62828 70
0.095867 1.4275 70
-1.22367 -61.4324 70
-1.37901 9.24661 70
1.19901 -1.47329 70
-9.28821 -9.8826 70
11.2461 9.85591 70
-0.293209 0.881816 70
0.075568 -0.22032 70
109.254 49.9696 70
-0.905765 0.014306 70
-1.05851 0.0205282 70
-0.0805515 1.17705 70
-0.778766 -10.7987 70
-0.00219286 -0.915571 70
1.36082 -0.305595 70
-8.88281 0.379605 70
1.11131 0.61389 70
11.3107 -10.1945 70
11.0954 -10.3561 70
0.922798 -20.7541 70
0.467772 -19.2163 70
8.57469 0.671486 70
20.6072 -20.2603 70
-11.2592 0.786198 70
0.196944 -0.467225 70
-1.46691 0.758709 70
-0.127546 -0.0832131 70
-0.5692 -11.2241 70
41.0813 119.164 70
0.975123 1.28971 70
1.17672 -10.3879 70
0.665208 -0.896887 70
-0.135331 -1.02489 70
9.6041 -0.972689 70
0.812555 0.161205 70
-1.29947 1.31289 70
1.13436 -0.248455 70
-109.212 0.100154 70
19.6479 -21.071 70
1.18132 -1.3376 70
0.265375 -0.957266 70
-0.578044 0.556059 70
10.4896 -19.4097 70
11.1669 -8.58193 70
-9.48786 -9.59527 70
-20.1083 -20.5412 70
-20.2557 -20.596 70
1.37304 -1.3312 70
0.117909 -1.20198 70
0.466323 0.880214 70
18.6811 0.640921 70
0.509059 30.2172 70
-0.425657 1.45748 70
11.4943 1.38535 70
21.154 1.21686 70
8.70924 -1.09185 70
-1.09772 -1.20879 70
9.80897 -0.176475 70
-9.01538 1.19062 70
8.94725 10.996 70
-0.64367 -8.78722 70
9.12488 -9.15235 70
21.4979 -11.0143 70
-0.0333761 1.42441 70
0.428701 1.44971 70
-28.7668 10.4121 70
-11.0518 8.94792 70
8.54986 0.548789 70
0.712692 0.875974 70
0.0530252 1.16573 70
-10.2747 11.1339 70
0.196253 1.27889 70
11.2686 -0.352395 70
0.9594 0.843273 70
-0.885369 -0.141929 70
0.476192 1.20514 70
20.3023 0.761429 70
-0.0132691 0.421174 70
-21.1603 -9.63057 70
-69.309 -80.4465 70
-40.2205 -11.3394 70
9.12476 10.9876 70
0.254491 -0.380194 70
20.7729 10.8484 70
1.01721 -10.3156 70
1.45609 -9.88235 70
0.898631 0.166667 70
0.552309 1.34263 70
0.916964 0.131204 70
19.0287 -10.8956 70
-1.46948 -1.10034 70
9.43534 -0.220754 70
0.767614 -11.1194 70
39.7457 -10.1617 70
-10.9595 -0.655347 70
10.7285 -41.4436 70
11.0855 9.99173 70
8.93091 0.0523141 70
-0.953352 -0.249058 70
0.129937 -9.02947 70
-10.7412 19.9078 70
1.06654 -9.37079 70
-0.664534 1.20421 70
-0.196851 0.286033 70
-0.919835 8.79448 70
1.37312 0.469805 70
-0.15018 -21.1944 70
11.0627 0.459269 70
0.982846 -0.0165243 70
-1.25345 -1.49283 70
-1.17606 0.554209 70
-70.8642 30.9779 70
-9.45068 39.2956 70
-9.23871 29.0118 70
-0.717295 -18.8982 70
0.449923 -10.6326 70
9.54849 -0.282991 70
-0.581263 -10.0714 70
0.943314 0.738625 70
-0.385355 -0.0275143 70
-1.09732 0.531871 70
0.574407 0.678536 70
-0.437329 -1.16955 70
-8.8197 -30.0273 70
0.549797 1.00472 70
-0.337056 -11.1632 70
0.878178 0.471921 70
-0.772581 0.0573783 70
-10.5902 -0.0257046 70
9.20657 -1.3158 70
9.51661 -1.14715 70
1.0013 -1.48716 70
-0.666028 -0.692816 70
-11.32 -10.59 70
21.0636 0.225562 70
20.9576 0.720839 70
-0.162545 -0.520054 70
10.0737 -9.17957 70
-10.7448 1.477 70
0.0944623 -8.5623 70
-0.866717 0.096193 70
1.2483 -1.09296 70
0.972917 20.1989 70
0.69301 -1.08411 70
-10.2296 0.831779 70
9.95757 0.867713 70
10.2137 -0.183761 70
9.72571 9.57805 70
-0.975841 0.524719 70
10.5783 -18.936 70
-1.28883 -1.41632 70
-0.939724 -9.18355 70
0.805624 -1.23458 70
30.5117 -9.01942 70
-9.58992 1.15705 70
8.50596 -9.12187 70
-0.536514 -1.24387 70
-0.996338 -0.47398 70
-41.3022 10.0827 70
9.63703 -10.0285 70
9.42972 -9.54196 70
0.167113 -0.575596 70
1.04618 0.422712 70
-29.7025 10.7439 70
0.497847 0.0979286 70
-8.7479 -0.412911 70
-1.04231 -10.151 70
-0.967613 0.664584 70
0.190339 -10.0162 70
-1.05784 10.3698 70
40.4274 -50.3857 70
-11.2172 0.432534 70
-9.54145 1.07773 70
-0.940188 -0.0550207 70
19.718 -0.626988 70
-0.862772 -9.96418 70
8.58276 -0.0358485 70
-0.568937 -11.2762 70
-1.49823 -0.994399 70
-0.221902 8.71931 70
0.360826 19.827 70
0.304504 -10.2876 70
-8.96939 -10.0729 70
10.5862 21.1643 70
-0.439619 0.773611 70
0.30809 -0.538337 70
-20.3993 9.85498 70
0.751847 0.311302 70
0.122133 1.23473 70
-9.0797 0.837187 70
-0.273474 19.2699 70
-0.926683 -11.4337 70
8.84845 -10.2494 70
9.21763 0.682898 70
-8.70971 -10.9023 70
-9.06389 -0.0847331 70
11.3209 -9.48449 70
-0.935328 -0.157112 70
-0.162777 -1.29772 70
0.661539 -1.17261 70
-19.9054 -8.8582 70
0.16328 -9.68835 70
0.340974 -0.380973 70
-9.73829 0.924212 70
8.66322 1.34417 70
0.582133 -18.8282 70
0.999651 0.253804 70
10.1105 -29.003 70
-8.63921 0.61077 70
-9.08712 -9.04219 70
0.495998 -0.824158 70
-1.36605 1.30949 70
10.8248 -10.3904 70
11.4371 -0.281905 70
0.561703 -8.58705 70
-1.08018 -0.871216 70
-0.436506 0.379596 70
-0.0630768 20.7399 70
-8.69947 -20.9644 70
9.74125 -40.6915 70
29.6726 19.4113 70
0.329265 -0.73639 70
-11.1907 -9.26708 70
-1.41034 0.101981 70
10.6235 11.3509 70
1.4234 -10.1321 70
19.1964 -0.282152 70
-9.29525 -8.93749 70
1.14235 0.599088 70
0.627396 -0.607124 70
-10.7747 10.2802 70
-38.7832 -10.1883 70
8.78099 9.11854 70
18.9711 -1.27323 70
-1.36501 -10.4387 70
9.8595 -0.313011 70
-0.604926 -10.5084 70
-0.00489371 -9.50462 70
20.793 9.45424 70
0.329944 1.26551 70
39.8397 19.0674 70
-1.25731 -9.21485 70
-0.244655 0.814612 70
10.3046 0.966246 70
-0.170639 -1.29378 70
9.86771 40.4949 70
-19.4232 -1.0486 70
10.6486 -10.9055 70
-9.61715 9.36414 70
