21.4067 -59.4594 70
-9.30198 -1.45347 70
-8.87801 -0.76275 70
-19.336 19.8255 70
-0.920187 -1.36554 70
0.536807 19.5711 70
10.1354 -9.15468 70
-0.312005 -20.9102 70
1.2983 -19.4435 70
-10.3563 -0.752788 70
-30.4972 -8.7377 70
1.46948 1.27626 70
-10.4246 -10.6314 70
-8.74401 -9.52224 70
-0.815565 0.787334 70
-20.2572 -10.6615 70
-0.989689 1.35017 70
-0.297825 -20.1263 70
-10.046 -10.1824 70
49.2672 -41.3477 70
-10.3891 1.2251 70
-10.2786 10.5617 70
0.316905 0.268297 70
-8.53128 -1.15503 70
-20.2805 8.96966 70
0.292824 0.221285 70
-0.408124 0.407543 70
-8.7622 0.559103 70
-29.4408 -28.8967 70
-19.811 30.3562 70
10.0425 -1.18098 70
-11.2617 18.8304 70
1.36283 10.4829 70
-8.67326 -0.441515 70
18.669 39.4299 70
-91.0465 39.3925 70
-99.0261 78.6931 70
1.40983 9.61237 70
-1.0951 1.32738 70
10.2359 -1.36393 70
-10.6929 0.401934 70
-8.60138 -10.9157 70
1.21858 0.711257 70
-10.4574 1.35331 70
-0.027762 -1.13165 70
-0.509854 -0.344496 70
10.4312 8.60641 70
-0.35228 -1.00561 70
-9.55016 1.08761 70
0.234816 1.04392 70
-0.428718 0.344179 70
-0.944943 10.5301 70
-1.07934 10.1456 70
-19.3359 -9.43787 70
9.39452 -10.6915 70
-9.92513 0.644432 70
-11.3558 -0.936115 70
-9.30903 -11.4374 70
-9.7146 19.4953 70
0.861781 -0.538892 70
8.86887 9.79466 70
1.1025 -11.2231 70
-0.465782 -10.3192 70
1.35534 -0.877298 70
-10.6574 10.4992 70
0.343295 0.740113 70
-10.8323 -0.732313 70
111.152 59.2128 70
-10.8015 8.65237 70
10.1739 10.8935 70
0.992591 0.722358 70
1.12932 1.20366 70
1.07797 -1.45646 70
-21.4708 8.98466 70
-100.762 -110.32 70
0.75407 9.79786 70
-0.844456 9.04017 70
-10.0531 -0.200786 70
1.47426 -49.8242 70
21.4997 9.65994 70
0.136847 -8.53408 70
-10.3385 0.00459047 70
-30.4829 -11.3433 70
-58.8196 9.52706 70
20.3495 10.414 70
-0.708236 -0.375309 70
-21.0331 10.4922 70
-21.275 0.896066 70
-1.04587 -0.479831 70
-20.0018 31.3909 70
-20.2791 29.5645 70
-50.6054 -9.77152 70
-8.92007 -1.30455 70
-11.1646 11.4882 70
-11.2402 -1.09064 70
30.1573 39.9336 70
30.955 40.2802 70
-8.51673 0.663904 70
-0.0716449 1.0429 70
-9.44053 8.585 70
9.34864 59.9735 70
-8.81587 -9.5619 70
-10.8345 9.58805 70
-8.55416 11.0004 70
-0.143669 9.81615 70
0.635483 -29.5941 70
-11.4963 -11.3904 70
0.0893068 9.73828 70
-0.752619 0.0591329 70
1.37294 1.42957 70
-0.45077 0.249002 70
0.228636 -11.0145 70
-1.45104 -21.4602 70
-61.098 -11.0116 70
-0.489956 -0.382032 70
-0.782944 8.75303 70
-10.092 -1.10771 70
9.3519 -29.9076 70
11.0155 -29.3123 70
-10.2366 19.3605 70
1.27425 9.36195 70
-20.5634 8.75368 70
0.195168 1.30363 70
-11.3875 11.2576 70
-9.2542 -1.18705 70
-9.05713 0.484267 70
9.17637 0.876207 70
-9.92938 -1.37258 70
-9.77976 1.24944 70
-10.3173 30.3425 70
0.901799 11.498 70
-11.1009 -1.04089 70
-21.3085 41.027 70
-0.338093 -0.496446 70
9.06938 -1.38765 70
9.96783 0.456392 70
-20.3126 9.61282 70
-8.67839 -0.318828 70
-29.2537 20.4732 70
9.16789 9.22438 70
9.39623 10.4514 70
21.1813 28.998 70
-9.75939 0.905715 70
0.794828 -10.8201 70
-20.8015 9.42152 70
-10.6845 -1.19238 70
8.93689 10.1022 70
0.232726 1.18006 70
18.8218 9.60019 70
39.5079 -10.2459 70
-1.36305 1.1108 70
-0.621227 0.679881 70
20.4013 -0.33348 70
-9.01861 1.49893 70
-31.0246 0.240187 70
-21.1884 10.4477 70
0.0933908 10.3604 70
31.3978 9.99514 70
-1.23175 11.144 70
21.2629 -9.69597 70
-9.45059 -19.7903 70
-0.819422 -0.592774 70
-20.7613 -10.3662 70
1.35496 0.814226 70
-9.67135 1.1342 70
-8.88711 -0.593582 70
-40.0999 0.0384329 70
-39.7375 -19.9188 70
-0.683379 8.5802 70
-10.8116 -0.807621 70
-0.177786 -1.07656 70
-11.1631 11.0498 70
-10.3162 -0.496457 70
-0.802629 9.33746 70
-11.2583 0.82037 70
8.9444 -9.42959 70
31.2617 -40.4719 70
29.0708 -41.1725 70
-10.2469 9.66235 70
0.0613398 0.206772 70
-11.4117 -0.0207454 70
-10.6022 0.340557 70
-11.3153 9.45584 70
0.644442 -0.124646 70
-8.58212 9.21388 70
1.24744 -0.935458 70
1.15187 0.240234 70
0.224255 -0.187664 70
-1.41193 -1.36043 70
-8.56967 -0.260292 70
0.513862 -1.25403 70
-28.9785 -11.0439 70
0.331442 1.39232 70
-1.26182 -0.702356 70
-0.0624219 -0.925676 70
-0.827064 0.981999 70
-0.271601 -9.26518 70
-10.2874 8.61005 70
1.14729 0.915904 70
10.9493 0.229585 70
-30.9306 19.4937 70
-30.3866 20.0998 70
8.56871 29.8579 70
-8.70259 -8.85394 70
-19.827 -19.8068 70
-21.0729 -19.3241 70
-9.79109 0.80564 70
-20.7157 11.4292 70
-0.542119 -10.4454 70
1.40625 0.101145 70
-0.290835 0.607706 70
0.76873 10.6329 70
-1.40682 -11.145 70
-9.6152 9.53348 70
10.2397 0.286676 70
11.1483 0.333006 70
19.1651 -0.136538 70
-11.1828 -11.3598 70
-21.349 10.5244 70
-9.15408 -9.10635 70
-9.3471 1.33951 70
-10.9486 -0.116209 70
-10.872 -11.2048 70
-9.67596 -0.445542 70
0.706166 10.4643 70
-0.82424 10.2561 70
-10.6405 21.0204 70
9.07986 -19.2359 70
0.341493 1.43307 70
1.49194 0.825963 70
-11.1739 1.44109 70
-30.0481 11.4365 70
0.816979 0.814107 70
-19.138 0.847174 70
-8.62026 0.291019 70
0.305198 -10.8063 70
20.1274 1.4254 70
0.545016 9.7605 70
8.54016 28.5067 70
-18.6605 -20.0861 70
8.8107 -0.967678 70
-0.926804 39.5296 70
-9.39562 -9.18236 70
-19.3434 9.42882 70
-19.4126 -1.06084 70
-20.2494 -0.531278 70
-21.0169 -31.4254 70
29.8547 19.277 70
1.22645 10.0369 70
0.521104 10.6049 70
-20.4248 -10.4439 70
-19.9429 -11.1685 70
-29.2346 -31.3107 70
-0.960347 9.86749 70
-0.321629 -100.314 70
-81.1416 -29.1996 70
0.177686 -11.2073 70
-50.6091 9.77161 70
-9.52609 21.3109 70
-9.50618 19.0848 70
0.0524099 -0.103041 70
-8.80461 10.6287 70
-10.8785 10.9423 70
-0.952812 1.09637 70
-18.8303 0.50184 70
-19.5243 -9.10836 70
0.416562 -1.45044 70
-10.5504 -1.45197 70
-0.140907 0.123598 70
10.1138 10.7259 70
-18.8453 10.924 70
11.4253 -1.03329 70
-0.745485 0.311158 70
0.303702 -1.30341 70
-31.1644 -9.96328 70
-10.3334 19.2386 70
0.688901 -0.28189 70
0.764025 10.051 70
0.873751 89.3877 70
-1.44656 -1.22561 70
-19.9683 11.2489 70
31.1136 0.889134 70
-10.3511 11.2013 70
-10.4118 1.24663 70
30.1098 9.48671 70
-9.31519 -10.5362 70
-0.335565 -0.37522 70
-0.774106 0.706814 70
1.19224 -11.2299 70
-0.396717 -0.245328 70
19.2341 9.23623 70
-10.3516 0.38661 70
-0.582134 8.93131 70
-10.7778 -29.2709 70
0.375358 -1.24834 70
68.8657 41.1152 70
-10.7618 -8.59989 70
-10.0084 -8.51464 70
9.49573 -19.5569 70
-11.0195 0.512259 70
-1.45733 -1.2552 70
8.68221 -31.2742 70
-10.6548 -11.4537 70
-9.28828 10.8271 70
-8.78776 -78.7493 70
-0.21813 10.6395 70
-9.7677 -0.51793 70
-21.1682 8.90059 70
-0.64057 -10.4434 70
1.1566 9.32496 70
0.28515 10.5796 70
-11.2366 -8.63038 70
-20.496 8.87483 70
-38.9489 20.0565 70
-11.3721 -9.06554 70
21.0041 -20.2502 70
-9.00855 -0.131979 70
-18.9079 9.02491 70
-1.46806 11.2 70
-8.50435 30.3555 70
30.9869 30.3678 70
-0.966391 0.67239 70
-10.0891 0.157994 70
-8.74717 -18.8975 70
-10.9567 -10.5478 70
-10.6658 -11.469 70
-10.0257 -0.714874 70
-8.61496 0.815497 70
-1.21835 -9.40505 70
-21.0671 -40.944 70
-0.788485 10.9583 70
0.938637 0.913519 70
-28.5194 -9.72945 70
-0.210501 0.729079 70
-19.4337 -9.16822 70
1.34769 -10.4907 70
-19.9114 38.7072 70
-10.988 9.16035 70
0.90909 0.535489 70
1.1261 0.224421 70
-0.709771 0.926933 70
-0.304319 0.375656 70
8.90061 10.033 70
-8.83619 0.640363 70
1.24642 10.5727 70
-20.3398 0.221765 70
-11.4304 31.0558 70
-10.9956 -1.17881 70
-10.5305 9.5154 70
-20.3246 11.1309 70
-1.31938 0.99058 70
-10.1379 30.7893 70
-0.728001 -0.190669 70
0.898205 0.448904 70
-8.72186 -0.759951 70
-9.74359 -1.24293 70
-0.431783 11.3854 70
-9.22821 30.3986 70
-10.8003 -0.371057 70
-20.5758 -1.4906 70
9.48162 -8.748 70
-9.09139 -1.14511 70
-9.15916 18.6527 70
-9.20815 -21.3623 70
9.01454 59.302 70
0.522818 -0.985888 70
-11.2774 -21.4934 70
1.18802 1.07843 70
-20.3104 39.6755 70
-10.7726 0.598636 70
-20.7768 -11.4872 70
1.1422 10.0167 70
-1.19202 10.9815 70
-9.64657 10.8302 70
0.903104 -19.592 70
-8.64039 9.70155 70
9.94053 -1.33058 70
-18.8226 0.0582077 70
0.83973 -0.388478 70
-10.8161 -1.2895 70
-20.3852 19.528 70
-1.09538 20.8953 70
-0.897606 21.3412 70
-48.8826 29.5656 70
-8.81419 0.301282 70
-10.7832 9.37202 70
-9.3195 -0.476692 70
-10.5652 10.9774 70
-18.6399 -9.0852 70
-1.0487 -10.353 70
-30.1808 -10.9469 70
-10.9325 -1.45569 70
-1.08129 0.321874 70
-11.13 0.932654 70
-9.48493 -1.3478 70
0.452054 0.132381 70
-9.03876 0.277509 70
-8.77543 -1.29637 70
0.554645 1.18755 70
-0.743701 8.99593 70
-10.1627 0.404566 70
-19.6616 1.01188 70
-10.8678 -1.47344 70
-1.34122 0.398767 70
-40.2934 -20.9941 70
-9.12614 -0.697437 70
9.63676 0.345425 70
8.61719 9.62836 70
10.3393 10.0708 70
10.3484 39.1528 70
-19.1791 -19.7238 70
1.26871 9.9265 70
9.84853 0.308746 70
11.0198 9.54872 70
10.1843 11.4965 70
30.7684 -30.8883 70
30.344 -30.8251 70
-11.2615 8.52581 70
-1.19837 -18.8902 70
-20.3718 9.26029 70
-9.7037 -0.550842 70
-51.3549 60.2747 70
-1.14566 -28.8468 70
30.428 -61.1084 70
-10.6174 -18.8378 70
-0.857552 -0.194598 70
10.6422 19.6312 70
1.39022 10.4065 70
-59.4979 -49.6715 70
-1.207 29.2376 70
0.726183 -1.22247 70
0.429778 0.252241 70
1.26376 -1.35318 70
1.27241 19.523 70
-9.26919 21.2297 70
0.617723 -1.13376 70
-20.9443 10.0902 70
-28.9144 -30.1943 70
-11.4584 8.9167 70
-9.17154 0.0892901 70
0.069646 1.19453 70
-10.5597 0.310402 70
-0.130691 10.7475 70
-9.32352 1.00157 70
-119.494 -38.8782 70
-9.95317 -10.7238 70
1.09774 -1.17886 70
-10.3425 0.70058 70
-0.0881351 0.312493 70
-9.38245 10.9122 70
-9.48079 10.2716 70
-9.73642 11.3114 70
-9.84423 0.2436 70
21.1521 9.92749 70
-9.74813 0.17266 70
-0.850051 -0.785792 70
-0.540849 18.8096 70
-0.389271 -19.1684 70
10.7514 -21.4848 70
-9.96525 10.033 70
-11.0342 10.5542 70
-0.856468 9.41597 70
-8.78256 -1.11534 70
0.348978 -19.7062 70
1.00559 -1.24863 70
-1.10326 10.2094 70
0.95484 -9.03442 70
-10.7739 0.483036 70
10.0036 11.318 70
-11.4709 -9.54762 70
19.6668 8.67285 70
20.4135 9.49559 70
-1.09861 -10.2366 70
-18.9474 -9.30032 70
10.7738 -8.69836 70
-0.00518309 1.00319 70
-1.17876 8.55096 70
0.0776427 8.9867 70
1.0812 -0.287186 70
-0.301972 0.584261 70
-1.13869 -9.40377 70
-8.73135 1.26571 70
-20.5172 8.65094 70
-19.6924 21.2623 70
-9.72334 21.3541 70
0.976625 -1.30809 70
0.679615 -0.359012 70
0.0118259 0.491767 70
0.450922 -9.70095 70
-0.622034 9.27927 70
0.653371 -10.7551 70
-30.9786 11.4509 70
-0.218957 -9.94512 70
8.58983 -19.187 70
-9.82867 9.75553 70
-10.9788 0.0620843 70
-8.79491 0.434899 70
-10.3195 0.112167 70
0.0877415 -9.02296 70
1.12848 -9.02518 70
18.7041 -11.473 70
-10.2207 9.94748 70
1.42378 -0.162845 70
-9.70797 -10.6399 70
-0.395812 20.9987 70
-0.331491 1.41115 70
-0.679348 11.0738 70
30.6194 40.4641 70
-8.82623 -0.54218 70
50.3234 29.5761 70
-21.078 10.2961 70
-0.32137 -18.6835 70
-11.2272 1.2459 70
-10.1035 0.963257 70
-11.4458 0.529349 70
-21.1938 9.47856 70
18.5633 -0.253246 70
-20.0006 -39.8194 70
-1.41324 -10.1617 70
-18.5625 10.0901 70
-10.9212 10.4133 70
-20.8574 -0.113046 70
-20.1216 -9.59584 70
1.18639 -0.287522 70
11.0094 8.53672 70
-9.74983 1.03194 70
-9.84163 -1.47348 70
0.42362 9.14136 70
1.12609 -0.648193 70
-10.9023 -9.07921 70
-10.3201 8.87433 70
71.3695 20.4502 70
69.5102 20.6637 70
-79.9524 -60.0085 70
21.0103 -11.3853 70
20.0244 -9.16462 70
-10.2684 10.9973 70
11.0059 0.818997 70
-10.1938 -20.9067 70
-9.36556 10.0215 70
-9.33484 -10.9151 70
-10.8164 -0.407843 70
-8.99162 1.28749 70
-11.4178 -1.18683 70
-9.52787 -0.0987487 70
-10.0724 -0.030186 70
-9.49067 0.267644 70
-9.1598 1.20189 70
-20.7637 -20.1775 70
1.04617 0.760708 70
-0.716709 9.0515 70
-10.4285 0.509778 70
-11.1884 -0.0830841 70
-1.45465 0.672627 70
-10.8851 1.26773 70
8.57822 -0.174626 70
-10.9716 28.6801 70
-20.9948 8.63616 70
-20.4459 -8.94608 70
-0.666868 1.49499 70
-88.7838 -20.2158 70
-1.11891 1.3723 70
-9.13317 -0.36704 70
-0.475911 40.835 70
-1.41151 40.2909 70
-1.03454 -1.34877 70
0.330994 0.134195 70
0.710171 -8.95066 70
29.682 8.95713 70
-1.04521 9.08305 70
-10.7123 28.7677 70
0.471796 -0.430605 70
10.8707 9.08921 70
-0.437241 0.548242 70
-50.6314 121.274 70
-11.2522 -0.554152 70
-10.7795 10.2089 70
-9.60442 0.00699191 70
-9.05784 -1.13419 70
80.966 28.8615 70
58.9015 19.822 70
-0.218232 0.430078 70
-30.2407 -0.00619555 70
-51.4311 -50.9984 70
-10.9341 -0.319105 70
-9.22537 -0.269875 70
1.49205 9.19357 70
-21.3303 -18.5442 70
-49.1426 119.85 70
-9.7198 0.806839 70
8.85542 1.18218 70
-9.06679 1.49757 70
-9.8061 18.9744 70
-1.23261 0.0941134 70
-9.52044 11.2129 70
-9.47576 -1.48312 70
0.1641 8.82788 70
-1.10682 -1.42342 70
39.8971 50.0119 70
9.96399 -9.98039 70
48.6178 -21.0061 70
50.2493 -19.7917 70
10.2939 -8.85155 70
0.335559 0.319 70
-10.9614 -8.60731 70
8.59966 -0.670204 70
-11.0878 -0.712138 70
-1.26394 1.31991 70
-11.4025 -1.28591 70
19.4693 10.3225 70
-10.5597 -18.7991 70
-19.5216 0.104267 70
-9.16521 -9.75229 70
-1.12897 0.503283 70
-1.28132 0.601352 70
-19.0345 -11.1627 70
-10.8871 0.724214 70
9.28852 1.23902 70
10.9167 -1.23672 70
1.15313 1.10647 70
0.77242 -1.03561 70
-11.1502 0.3228 70
0.436517 -0.889481 70
-11.427 10.2778 70
-0.216756 -0.569352 70
-9.02472 -9.37574 70
21.2099 8.85933 70
0.217699 -0.0145141 70
-1.16041 -9.58931 70
-0.632021 -8.57603 70
1.40123 -0.148571 70
-0.0352171 -0.691993 70
0.872791 -9.2211 70
-39.5836 30.7154 70
-0.60078 -0.555901 70
-9.64398 -0.981164 70
8.62899 9.92583 70
-10.5284 -1.37962 70
0.258402 -11.3855 70
1.11152 11.3784 70
-9.85009 -10.8448 70
-19.2373 -18.6627 70
-10.8641 0.703729 70
-8.51201 -1.21453 70
-10.2916 -1.07457 70
-19.0684 11.3803 70
-10.9967 -1.31595 70
-10.7056 0.498653 70
-10.5407 0.375985 70
-10.8749 -0.619962 70
-19.3931 -10.7652 70
-8.63281 -49.4242 70
0.466903 -1.07776 70
0.633039 0.384356 70
-11.4998 -0.334273 70
-8.74783 -8.75569 70
-19.796 10.3315 70
-39.0567 40.5552 70
0.12753 9.96185 70
-9.34567 -8.9089 70
-40.1032 -9.57425 70
-8.65982 0.571869 70
0.692357 0.264709 70
11.2181 8.63526 70
0.751803 0.361262 70
-10.1502 -19.4303 70
-19.2597 40.2421 70
1.25889 1.48176 70
0.206513 0.818024 70
-8.72095 9.31577 70
-30.9677 1.33678 70
-10.777 0.214536 70
10.8875 9.54116 70
-8.6386 0.756886 70
-9.45772 -1.2694 70
-8.68879 10.5784 70
-8.91322 19.8449 70
-0.67214 0.788409 70
18.5896 -0.949041 70
-10.3387 10.2313 70
-9.30205 9.1433 70
-10.7998 -0.713869 70
19.3361 -40.5928 70
11.442 -0.337539 70
-59.4086 50.4368 70
8.65707 8.70023 70
-0.914108 -1.3742 70
21.0306 0.283407 70
-10.9015 11.1995 70
-11.106 -0.564945 70
0.52393 1.43757 70
-10.0462 -1.36715 70
-30.0707 21.4759 70
-9.71133 1.1335 70
8.52243 10.2232 70
-9.56634 -0.352293 70
1.40013 10.9443 70
-19.7475 29.9884 70
-20.2119 28.5768 70
-0.700053 1.28367 70
-10.425 30.5278 70
-20.8286 -9.02542 70
-10.0746 1.41852 70
9.9317 -50.089 70
-10.173 1.11578 70
-0.065941 -0.708166 70
-20.1971 -8.64202 70
0.40838 11.0292 70
-1.29307 0.0014883 70
-1.35372 -0.324772 70
-1.01462 0.542593 70
1.33167 -0.00279309 70
-10.747 1.31491 70
-1.49279 9.33644 70
-9.12413 -0.877215 70
10.6776 10.2045 70
-1.35174 1.18446 70
-8.53404 -0.417968 70
-9.94516 -0.648022 70
0.646359 39.8759 70
19.9197 10.8097 70
21.4959 20.4184 70
-1.29661 1.17693 70
-9.11223 0.506637 70
-0.847553 0.953276 70
-8.60562 0.591206 70
-10.5022 -9.37629 70
-10.0105 -61.4121 70
-11.149 -0.613934 70
-8.73618 10.9698 70
-19.5223 1.39014 70
-20.4877 1.3046 70
-0.889132 10.8171 70
-8.58652 10.3649 70
-8.87091 -0.000964272 70
0.706144 -1.22759 70
1.42927 0.433216 70
-9.49144 1.42236 70
-0.18979 -0.00775191 70
9.29522 20.8702 70
-0.171778 1.24683 70
-20.4895 -9.60392 70
-10.7669 -1.45755 70
29.1716 10.2769 70
31.3655 40.8233 70
1.24278 0.508316 70
-11.055 1.38014 70
0.180297 10.0176 70
0.870084 1.09875 70
9.62749 -1.48543 70
8.84893 -9.92161 70
10.7752 -8.53418 70
-10.5263 1.2635 70
-9.74482 -0.896145 70
-28.8689 30.0117 70
-9.52544 -0.805915 70
-38.893 21.0976 70
-70.4488 19.1075 70
-0.983587 -0.781681 70
-9.15883 -0.63562 70
1.49989 0.20491 70
-41.0419 31.1441 70
-11.2726 9.44553 70
-9.97006 1.26501 70
-10.2212 8.64614 70
-11.0066 -9.51134 70
-9.47669 -68.6289 70
20.5779 -20.8469 70
-9.9111 -8.59781 70
-11.1834 -8.98483 70
-20.6102 10.8283 70
-18.8661 8.67511 70
-9.19202 9.97542 70
9.20331 -9.58125 70
-0.61506 11.3899 70
-9.94999 31.3843 70
-0.778121 -1.07591 70
-0.370246 0.0209327 70
-8.72897 -0.398905 70
-8.73538 10.5106 70
