-10.0179 1.02239 70
0.836703 9.39636 70
-1.0326 1.01798 70
-11.206 21.4812 70
0.987886 8.92541 70
-11.3566 28.7704 70
0.327581 0.771128 70
8.67268 9.44444 70
10.2558 8.53206 70
9.59948 -30.5236 70
1.33042 -10.189 70
-0.819424 9.22925 70
0.276259 9.99065 70
-8.54406 8.56317 70
0.382458 0.619641 70
-11.2029 -0.819917 70
-9.12611 10.3985 70
-11.3311 -8.95909 70
8.54477 11.3138 70
-19.5118 0.512806 70
-18.5762 -1.3593 70
-9.21436 0.873775 70
-1.16955 -1.4489 70
-9.36361 -10.1046 70
-9.18275 -9.9891 70
-8.75955 10.9987 70
-30.1144 0.133556 70
9.89126 19.4441 70
0.573278 11.4726 70
-10.8158 -29.0958 70
-11.0304 10.5378 70
-60.8792 -50.8482 70
0.870398 1.40267 70
1.25147 20.8312 70
-0.0593727 10.5165 70
11.2363 -18.9415 70
-0.686596 -0.958654 70
0.100985 -8.78549 70
1.21713 -1.06018 70
1.48293 9.43314 70
0.3373 0.0233918 70
-0.672932 -31.3828 70
-0.723451 0.909553 70
-0.60383 0.202571 70
-1.42431 8.85335 70
1.05417 10.688 70
11.4047 -1.32279 70
-18.6254 20.6657 70
120.946 -10.5511 70
30.8435 21.3087 70
9.44505 9.21429 70
0.53307 0.520583 70
-11.3812 10.8112 70
79.8142 10.1022 70
81.1608 11.3502 70
-0.175323 9.01283 70
-11.4747 0.050112 70
-20.4063 8.59227 70
-1.01466 1.44293 70
-0.444319 -1.31984 70
1.42218 -0.300637 70
9.9418 8.94711 70
-8.72921 10.6076 70
-8.85142 18.537 70
-10.7798 0.913531 70
1.15197 10.8181 70
40.5073 -1.21606 70
1.40509 10.6777 70
-9.01961 -0.225491 70
9.81957 -0.973951 70
1.15356 31.378 70
1.44768 29.3565 70
-10.3901 -0.860946 70
1.11169 -0.702932 70
-0.547372 0.884943 70
-29.2567 -10.9506 70
0.589329 -10.9406 70
-20.2399 20.8261 70
0.453352 1.1742 70
-30.5129 0.107656 70
1.25354 -0.455635 70
0.556995 10.9395 70
1.0363 0.487116 70
-10.097 0.0152062 70
1.017 -0.776412 70
-19.205 -0.414314 70
1.08298 -0.0850888 70
10.4993 -1.31536 70
-31.3537 -20.9806 70
30.5375 -10.8048 70
-1.17119 11.3123 70
-10.0405 9.24665 70
-8.72926 10.323 70
1.35223 0.57298 70
-1.2027 -10.718 70
10.9818 9.84467 70
10.3084 8.79825 70
-10.5118 -1.47921 70
-9.99465 -8.73259 70
9.85159 0.939063 70
10.4166 -10.9691 70
0.243044 9.39165 70
-9.07956 8.88152 70
9.61807 9.78977 70
-40.6573 -81.4944 70
-1.16709 19.3181 70
0.357649 19.9301 70
0.0967704 18.508 70
-8.66248 9.42944 70
-8.56291 10.3205 70
-9.19829 10.1981 70
-0.822417 -1.46761 70
-21.479 -0.220762 70
-0.553203 -0.410313 70
-9.32064 -8.56147 70
-0.295193 9.89208 70
0.567514 -0.916145 70
-0.977818 8.50128 70
0.835695 0.737466 70
11.355 -0.720615 70
-1.24098 9.22341 70
-8.56574 1.41431 70
10.6792 11.4374 70
0.812053 10.8936 70
-20.089 -11.2283 70
9.23364 -0.217974 70
10.7679 -1.40354 70
1.0844 0.169546 70
-0.975729 -0.551941 70
-0.960406 10.6115 70
0.937123 -1.05249 70
0.508971 -0.83427 70
10.4401 -0.100984 70
11.1869 18.6255 70
0.450028 -0.587589 70
1.00254 11.0632 70
-10.5951 9.23741 70
-1.37069 -11.2701 70
8.55975 1.39064 70
-1.28103 10.8676 70
-1.14714 -0.936916 70
-0.234396 10.9059 70
0.0793726 10.1279 70
8.53729 0.32633 70
10.4689 -0.164842 70
-11.0611 10.6945 70
19.2531 -9.71449 70
-0.969778 0.975518 70
8.77487 11.2464 70
9.02375 9.40038 70
-0.192311 -9.92584 70
11.1231 -19.5262 70
29.5348 -30.8662 70
1.10208 30.5636 70
10.8163 -8.63549 70
9.29705 0.486295 70
-10.9652 8.77186 70
-11.1503 -0.163646 70
21.1986 -29.0943 70
-29.4745 30.7604 70
-0.257445 10.7651 70
-18.844 49.8468 70
-21.4748 20.8276 70
9.2818 -40.7178 70
8.7916 -40.3843 70
0.0386826 9.99467 70
-0.72348 28.5299 70
1.18438 0.178293 70
-9.23379 8.64033 70
0.943631 0.741042 70
-9.25533 10.0737 70
10.4029 39.0206 70
-10.0534 0.417465 70
-18.9145 -0.664374 70
-69.4449 -71.2673 70
0.596152 0.342494 70
-11.3436 -9.13425 70
0.0265586 -0.777928 70
-9.69904 10.4168 70
-20.6115 29.5123 70
-9.39608 11.4871 70
-0.163856 -0.08707 70
0.0951186 1.09789 70
0.960645 -0.98136 70
0.905347 0.545109 70
1.34878 -0.624975 70
1.36131 9.67922 70
0.804825 9.86627 70
-0.747887 8.58892 70
-10.3741 40.5674 70
40.0838 -29.9273 70
0.959117 0.819013 70
-9.68872 -0.623895 70
-10.2774 -0.678299 70
0.160691 -0.65695 70
9.66869 70.6549 70
-8.97579 -9.5115 70
-1.41279 -9.46119 70
-9.83777 -1.0792 70
-0.293057 10.7101 70
-11.3405 10.0627 70
-8.94751 -19.4466 70
-0.410893 1.41654 70
10.1716 -28.9384 70
28.655 -41.4454 70
0.135023 0.245268 70
-8.64848 10.9866 70
29.5211 18.6327 70
1.34017 -0.627274 70
-0.164198 9.64699 70
-1.21165 10.9089 70
1.04567 11.1772 70
10.0811 9.79425 70
0.885891 1.03985 70
-0.109496 -1.10262 70
-0.117935 0.86434 70
0.522756 9.24773 70
-1.41768 -10.0251 70
-0.108001 0.408142 70
0.314468 9.8699 70
0.744109 -9.86414 70
-0.101883 -9.37225 70
-0.821674 0.378923 70
0.37653 71.4975 70
0.745441 -0.0474905 70
19.9004 19.3458 70
0.405476 10.8164 70
-11.2014 0.667888 70
0.777519 -30.8448 70
-0.587259 0.950273 70
-1.40818 -0.845922 70
-9.65304 0.270105 70
11.3615 10.1129 70
0.48387 -9.49447 70
0.803161 0.453106 70
-1.35228 18.6528 70
-0.466986 11.25 70
-9.18078 9.77341 70
11.2155 10.3444 70
-0.847402 11.1117 70
1.11122 -11.1128 70
-19.8786 -0.602719 70
-20.0417 0.641558 70
-1.45429 11.017 70
0.967039 -10.0261 70
-9.02009 -0.307644 70
-9.20416 0.293247 70
30.3271 -50.0512 70
11.1387 18.6218 70
29.5201 19.3718 70
-8.53595 0.839275 70
1.30233 -11.3619 70
1.40084 -1.12913 70
11.2392 9.74383 70
9.1082 -0.407972 70
-0.383147 -0.753498 70
-10.9372 -30.7854 70
-10.2575 -31.3629 70
-1.24811 -0.17917 70
0.57253 -0.235533 70
-10.9904 8.90536 70
18.9215 38.8044 70
-0.979577 0.571687 70
-11.0979 10.293 70
1.13933 9.54603 70
20.6942 10.2541 70
0.986634 0.0572845 70
-19.5471 -10.6537 70
-1.38299 -0.000260678 70
0.65273 0.770097 70
-29.3112 -9.32186 70
-10.3165 9.83018 70
-0.093585 1.02474 70
-20.4153 -1.11979 70
10.8944 19.479 70
-100.327 -9.19475 70
-0.797699 -11.4094 70
0.639924 9.13018 70
-0.0190796 8.90702 70
-0.568935 -10.5948 70
48.6812 111.308 70
-10.0356 40.0481 70
1.42194 0.418578 70
-0.364098 11.1909 70
-19.6362 10.7317 70
-1.42985 0.712836 70
-70.1913 -30.7346 70
9.37059 19.2811 70
-10.9286 -0.0621644 70
-0.580111 1.0012 70
1.14371 -1.22265 70
-9.80712 10.3005 70
-8.8129 -10.5373 70
-9.23752 -10.0541 70
-41.2677 -111.03 70
11.1853 0.964989 70
0.587 -0.536835 70
8.95068 -0.720225 70
-0.213151 -1.31187 70
1.09012 9.89268 70
-0.605224 0.739256 70
0.739857 -0.64128 70
10.6736 -18.6765 70
1.28294 -10.1115 70
90.8099 69.3533 70
-0.690835 -0.206581 70
9.6077 -0.981522 70
-8.9243 -59.5316 70
-10.9044 0.518209 70
-0.509588 8.84337 70
-1.28265 -0.511977 70
0.784238 -1.25216 70
-0.785108 -0.895327 70
-10.748 10.1837 70
0.00407837 0.318363 70
10.1954 30.3295 70
0.46048 30.6622 70
-8.908 1.19491 70
-1.34145 8.85669 70
18.6895 29.9987 70
19.2711 41.316 70
0.494582 0.011207 70
-8.67415 0.746887 70
-1.19137 -0.777604 70
-19.2504 -21.3208 70
-9.91492 10.6466 70
-0.476827 9.00924 70
-10.4032 20.0495 70
-20.63 18.9487 70
-1.14557 11.4005 70
-9.87136 0.536817 70
-0.951335 0.856167 70
1.07923 8.59351 70
-9.8203 -0.288873 70
-10.6466 1.11641 70
10.2949 18.5084 70
0.344093 -0.633231 70
18.5271 19.9616 70
1.25568 1.05699 70
1.42774 -11.0009 70
0.90953 -9.14758 70
-19.8118 8.97623 70
0.454873 0.361613 70
-11.1483 8.59371 70
10.4878 10.9167 70
-19.1706 10.641 70
-1.19066 0.842109 70
-1.20435 1.07635 70
0.217384 -0.550354 70
0.139674 0.401744 70
-0.0113974 0.687016 70
21.2448 0.295058 70
-1.49161 8.55345 70
0.786292 0.227511 70
-8.99793 19.6388 70
-0.966806 0.0550698 70
-8.97508 10.002 70
-1.49821 -0.304184 70
-10.7258 -0.58052 70
-0.354299 1.44067 70
-0.475862 -0.3294 70
0.822685 10.8464 70
-0.555667 1.30565 70
-9.41777 -1.18606 70
0.928755 11.4694 70
0.986229 1.43858 70
-21.0401 -20.6979 70
9.52143 9.28807 70
11.4261 11.2513 70
1.06639 9.78083 70
-59.8271 -21.4628 70
-1.47975 1.36657 70
-9.64448 19.2751 70
8.89204 -9.20678 70
-0.851643 0.128523 70
20.3346 -29.5538 70
30.7903 -9.55384 70
-1.44559 8.59499 70
1.49339 8.78781 70
-38.798 21.308 70
-10.4757 -21.316 70
-9.22266 10.3245 70
-19.5143 -49.6526 70
11.3709 0.0419705 70
-0.849907 -0.45344 70
-1.30676 1.47275 70
0.700009 19.9573 70
0.138967 0.494784 70
0.330183 -0.196428 70
-11.2578 -0.961122 70
9.28182 -0.770378 70
0.299866 -1.15678 70
10.6235 0.701214 70
-0.622611 0.762797 70
-9.09653 -0.723878 70
-10.4531 -0.572094 70
-0.330845 -1.45809 70
0.655776 -0.0710832 70
-0.794699 59.0872 70
-10.0256 -8.51755 70
-10.533 9.07269 70
19.7713 -0.876667 70
-9.23089 0.928569 70
0.96541 18.5755 70
-0.232041 11.3899 70
-0.649223 1.27213 70
1.45629 11.0285 70
-10.8956 -0.31751 70
0.529166 -0.215314 70
11.2028 -10.538 70
10.2586 11.2954 70
-10.3824 1.4235 70
0.674621 -0.834771 70
-0.277995 -0.911467 70
19.2413 40.9085 70
1.32354 1.40958 70
-1.16305 0.48647 70
-9.58428 9.26483 70
0.993268 8.92873 70
11.1966 9.28835 70
-1.43664 -0.0330692 70
-10.2436 10.7775 70
-9.78828 -0.0664894 70
-0.641966 9.91744 70
-1.16639 10.7516 70
-0.187064 -9.43763 70
-0.960768 0.618987 70
29.0556 0.787577 70
-1.28377 0.0821988 70
10.6314 11.387 70
-1.1924 -1.37727 70
-0.500249 0.951697 70
38.6922 -119.074 70
-1.31548 9.36658 70
0.236776 0.104455 70
0.166647 31.3922 70
8.75565 9.58384 70
1.03171 1.05126 70
-0.265116 11.1512 70
8.92178 -1.40542 70
11.0912 -0.252291 70
-28.6107 -1.24536 70
30.62 -10.1617 70
-69.1411 19.1884 70
0.699959 -1.38041 70
9.35146 18.5123 70
-10.2775 9.58002 70
-1.09638 0.604593 70
10.6372 0.956848 70
11.4959 -9.60716 70
31.2121 -10.1084 70
0.601124 0.43307 70
-1.1786 10.6976 70
0.0108162 11.0652 70
0.151537 8.97984 70
0.356431 11.3441 70
-11.1624 20.9256 70
-9.32785 10.7625 70
41.369 121.272 70
-0.0485737 -0.932448 70
29.3558 -0.778892 70
-1.19388 0.415016 70
-21.2368 -1.24602 70
9.84836 10.1146 70
-10.9668 19.7392 70
-9.05241 -0.616571 70
-10.6463 20.6495 70
-0.0463998 1.45631 70
0.535099 11.3036 70
-9.54113 -9.41618 70
-9.82748 -11.1426 70
-0.177866 0.940051 70
-28.8407 18.8742 70
0.389225 -0.0464449 70
-0.29851 40.9358 70
-10.7638 1.26035 70
-19.6858 -0.244413 70
-19.6514 1.34926 70
0.49122 9.27507 70
0.44353 9.23074 70
-0.843088 -9.66849 70
11.3597 -0.737006 70
0.411492 -1.38128 70
0.68376 -1.42652 70
-10.3464 9.11608 70
0.961663 9.3055 70
10.9661 9.95539 70
38.8179 21.0156 70
39.5123 99.231 70
-1.43507 0.179764 70
-0.766455 -1.32525 70
-1.34825 -10.5489 70
-0.167607 10.4458 70
-0.940306 10.6441 70
-10.7878 -20.1083 70
20.4912 -0.654217 70
10.5431 -29.3742 70
0.656667 10.6643 70
-0.811699 -29.9739 70
-1.36523 8.6656 70
-1.35488 10.02 70
19.8893 31.3164 70
-0.962296 -0.0103118 70
0.887741 28.5774 70
-9.11305 -30.8198 70
-0.157082 -0.0540023 70
0.907792 -0.684762 70
-1.3004 0.234539 70
0.315795 0.922065 70
-10.2683 -21.3559 70
0.316847 -0.331337 70
-10.6998 1.23979 70
-19.1406 0.496419 70
8.98917 11.0773 70
-29.4921 21.1514 70
-20.8013 -8.6074 70
-1.31254 0.0152436 70
8.92032 0.125767 70
1.06325 11.1584 70
-1.29508 0.992108 70
0.402253 1.43984 70
-0.457044 9.94904 70
0.491205 11.0054 70
-79.0862 -80.5896 70
-18.9794 8.90898 70
1.4884 9.90026 70
-51.1365 18.5661 70
-19.6292 9.53336 70
10.5471 -1.18188 70
1.32062 11.0383 70
-8.69916 0.300666 70
-0.297574 8.88395 70
-1.00112 9.1031 70
1.22358 31.3958 70
0.72127 10.0899 70
0.0994712 0.455719 70
-0.335501 -8.54492 70
21.4285 -0.201449 70
-0.0598138 8.9911 70
-10.1501 9.57654 70
79.8224 10.4669 70
-1.41012 9.35461 70
-0.495956 1.02721 70
-20.6117 9.95537 70
-9.28568 0.0762969 70
0.161763 -0.808896 70
-0.948332 9.46869 70
-10.269 9.23166 70
11.0735 -19.1439 70
0.489036 8.8604 70
30.0332 -8.63644 70
30.606 -0.593277 70
-0.287746 -0.967884 70
-0.0195968 -19.684 70
-0.987737 9.50479 70
0.770772 -1.4374 70
-0.770689 0.482641 70
10.7996 9.08851 70
0.757026 10.8763 70
-1.32636 -1.4135 70
1.48261 8.77569 70
0.807802 -11.2764 70
-30.5935 -19.2809 70
-9.03318 9.27939 70
-119.316 29.1777 70
0.388159 -10.896 70
-0.485799 -1.27851 70
-1.10751 9.68027 70
38.5759 -0.265012 70
0.581025 30.4068 70
-0.170532 0.728632 70
-9.64923 11.0641 70
-1.48932 1.19636 70
11.0108 11.0143 70
1.32663 -29.8598 70
0.0601765 10.0866 70
-10.4422 10.1039 70
10.5013 9.76613 70
11.2035 0.8511 70
-10.5494 10.2854 70
-10.4433 -0.114688 70
-1.03753 9.02011 70
-1.05704 0.435082 70
-9.12118 9.64982 70
-0.196608 49.1727 70
-10.9262 11.4361 70
-0.462755 10.4221 70
-19.5775 -21.3702 70
-0.395246 11.4141 70
-30.8848 9.55726 70
-8.56097 10.0634 70
-0.474582 8.71197 70
1.15579 0.848983 70
-0.664163 20.0245 70
0.0146396 -0.858029 70
-39.4065 19.9099 70
40.2445 -8.80396 70
20.3254 -38.6636 70
1.14461 0.193615 70
0.116149 1.24626 70
-0.486156 0.1704 70
-0.301278 -0.749958 70
-0.757499 1.4687 70
31.4533 10.7169 70
29.1019 9.96893 70
-30.1667 8.57455 70
1.08754 9.42372 70
-49.4254 -1.11207 70
0.903077 10.4492 70
-10.7901 -0.894409 70
21.4058 21.1022 70
-1.06494 10.6802 70
-11.0862 9.32236 70
-9.62327 20.3441 70
-0.935437 0.665383 70
-0.834151 1.34588 70
-0.348934 -10.2454 70
48.6092 60.4241 70
8.55325 -10.3303 70
-0.201692 49.3084 70
-29.9718 -10.1027 70
0.812604 -29.0791 70
0.321048 -1.32069 70
0.667803 -10.3676 70
-11.0473 31.1618 70
-10.5663 1.01815 70
-19.2998 10.6734 70
-8.82234 -9.72591 70
1.11552 -0.868114 70
9.13273 11.1245 70
-9.75302 8.61433 70
-0.773491 10.27 70
1.29207 -1.2405 70
-0.389877 39.0174 70
-8.981 -11.127 70
-0.157237 1.29128 70
-0.200093 10.4327 70
-49.2575 49.2396 70
-10.5014 19.9676 70
-0.115812 -0.887347 70
-30.0615 89.987 70
-0.629453 11.1525 70
-0.775168 -9.15211 70
-8.55048 29.017 70
9.47949 -10.0991 70
-0.32534 -1.47212 70
9.14043 8.97159 70
-8.66617 -9.151 70
-10.0212 9.41498 70
19.3521 -0.776972 70
0.84297 10.9284 70
-8.77427 0.901432 70
-10.2991 0.0542401 70
70.0206 59.2567 70
-11.2734 -0.285711 70
9.60792 -9.32231 70
0.0754039 11.113 70
-0.377336 -11.3255 70
-10.6596 19.3052 70
8.72467 -29.5701 70
-8.6738 0.36213 70
11.2213 -0.545664 70
-8.55542 1.12532 70
-10.2187 1.3324 70
-0.604861 -9.54997 70
60.9006 30.587 70
18.9738 -39.0141 70
0.0128064 11.3814 70
-10.1453 9.38693 70
-30.5653 0.928199 70
-0.411734 -0.486571 70
1.248 18.7488 70
-0.0483606 1.41117 70
-19.1446 38.7144 70
1.12972 0.182965 70
79.9764 -0.0809125 70
78.9453 1.02312 70
-0.717856 10.7451 70
-40.8486 10.8027 70
-41.0476 9.72838 70
-0.662847 -0.357863 70
-29.4053 -11.4306 70
19.804 -0.899755 70
1.39662 -1.01887 70
10.1235 19.0476 70
-0.601014 9.34979 70
0.251609 -1.14887 70
0.0403753 0.35003 70
31.3499 1.37097 70
49.0576 -29.0213 70
21.4045 -29.4435 70
11.0568 0.0627025 70
0.0532199 9.95217 70
-0.717483 0.970187 70
-0.0569906 9.3838 70
-0.66877 0.317788 70
1.41604 -0.0798734 70
-1.23567 -0.525602 70
1.25336 1.1877 70
39.155 20.7806 70
0.117424 -1.34373 70
-81.1573 0.953061 70
-0.463448 -9.47523 70
-1.2725 20.3665 70
-10.3404 19.8821 70
-19.0595 0.751044 70
0.264793 0.753748 70
0.693192 -1.03399 70
0.276555 9.94468 70
8.87115 -29.9325 70
8.99324 1.34261 70
-10.1538 -20.5754 70
9.88996 10.8199 70
10.242 10.7489 70
-1.0033 -9.97005 70
10.42 -9.37864 70
0.767768 8.86559 70
8.76272 11.442 70
-20.2451 58.7705 70
0.897245 9.88504 70
0.189736 -0.782254 70
10.3458 -0.367025 70
8.5573 1.15044 70
48.7739 0.862816 70
8.81505 8.56601 70
0.516608 8.61136 70
0.159659 9.00726 70
0.868276 -9.45665 70
-9.44382 0.444377 70
0.0331445 1.14241 70
-10.0154 9.83357 70
-1.06285 1.12409 70
0.587217 9.95229 70
-9.08817 -29.5661 70
20.0509 -1.33898 70
1.00826 -1.23232 70
1.25454 11.2291 70
18.7449 -0.92841 70
9.47174 0.0518088 70
1.37582 0.460662 70
-10.1357 0.888968 70
-1.06071 -70.3216 70
9.68937 0.860025 70
-0.920531 1.22108 70
-9.50454 9.37124 70
-29.6688 1.0401 70
31.4557 40.9227 70
-0.0182475 0.810404 70
-0.614794 28.9174 70
30.2206 20.6645 70
-8.93582 20.0361 70
0.583929 -10.632 70
-10.5459 21.0898 70
1.1441 -9.5583 70
-1.4875 0.881321 70
-10.6386 -11.3711 70
0.729906 10.9353 70
-9.11611 10.8654 70
0.934663 -0.396079 70
59.385 -48.6665 70
11.0036 21.2625 70
-1.1071 19.2137 70
28.8112 -8.70696 70
-0.314205 1.11817 70
50.8498 -18.7112 70
-80.7907 28.5869 70
-79.9441 30.044 70
-10.7361 -0.516321 70
-1.14874 11.4509 70
-11.4482 8.84817 70
-0.694621 -10.0112 70
-10.2424 -10.7577 70
-0.994101 1.29528 70
-9.90405 19.6074 70
1.09873 9.94023 70
-0.509066 1.04634 70
20.0303 -30.2931 70
48.5523 -30.1977 70
-0.548437 10.7946 70
-20.8042 -10.4792 70
-9.1888 11.2077 70
-1.49737 9.98156 70
1.20088 -1.11853 70
-1.15563 10.3684 70
-1.4613 10.2345 70
-10.1113 10.0578 70
-9.00907 8.55325 70
-11.1005 1.43314 70
1.38691 -0.605841 70
