-0.49712 -9.42111 70
11.0602 0.102682 70
-0.68374 0.125606 70
-0.389328 0.730672 70
9.16747 -10.4068 70
9.53668 -9.77464 70
-0.926621 -10.6347 70
-1.46387 9.00988 70
10.2603 9.39436 70
1.31838 1.16406 70
0.147505 -0.618465 70
0.50692 1.2945 70
-0.72399 -0.964083 70
-0.846248 -11.2011 70
-0.46223 -21.0863 70
1.16539 -0.78867 70
-1.27391 -1.179 70
-0.371128 9.78878 70
18.5081 40.8779 70
80.7589 61.1659 70
81.1411 60.4343 70
-0.464509 -0.115698 70
1.24237 -18.7327 70
-0.44537 -1.47538 70
0.645559 0.318224 70
-19.0856 10.6435 70
-10.5412 0.00704432 70
-1.0855 0.990269 70
-11.2362 -10.0158 70
10.0853 -1.30796 70
-1.20172 20.9919 70
1.26462 1.44609 70
-29.4544 -19.7306 70
-0.142677 -0.800755 70
-20.1656 10.4937 70
10.2478 11.3934 70
0.78321 -10.3928 70
10.981 8.78515 70
-19.7907 11.0028 70
21.0209 -9.28754 70
19.4986 -21.182 70
81.405 8.82164 70
-41.0372 9.1183 70
-10.5411 0.746675 70
-0.843122 -0.37229 70
1.29153 -0.639256 70
-0.223828 -0.722063 70
1.10534 -1.13091 70
19.4349 19.4697 70
-0.287665 0.867728 70
1.08494 20.224 70
0.796346 -0.993408 70
0.871914 -0.0606814 70
11.2388 9.86373 70
10.2202 19.9542 70
41.1772 -29.1757 70
0.0782933 -0.523834 70
0.964404 0.614222 70
70.8614 -79.2528 70
-40.4589 48.5734 70
-28.9746 20.089 70
11.4105 -10.4011 70
1.34963 1.018 70
0.401046 0.977186 70
1.35738 0.49645 70
9.13 0.340836 70
41.1702 -89.1099 70
1.14367 19.096 70
-19.0433 19.8775 70
0.873562 -0.624179 70
8.89615 -0.152272 70
-1.48253 30.2196 70
-10.8069 -1.35998 70
-1.12829 1.18375 70
0.639029 -1.06057 70
-0.0190353 1.0145 70
0.660501 0.528165 70
-19.1837 8.89595 70
39.4053 -29.9527 70
11.021 -11.1692 70
-10.8568 10.6796 70
-19.6299 -20.8442 70
-19.3904 10.6872 70
-0.230566 9.21408 70
1.37849 1.23431 70
-0.460518 0.49476 70
0.193112 -0.53947 70
-1.19073 0.532772 70
-0.249889 -9.10793 70
-0.830634 -10.4137 70
-81.2936 59.5566 70
-1.07214 -0.561279 70
1.23233 1.0642 70
0.233072 0.506209 70
1.17935 -1.40784 70
-0.553611 -0.377747 70
0.0686861 -11.1073 70
-0.298555 18.9157 70
9.59736 10.6827 70
-1.16837 0.355129 70
1.31313 9.63235 70
9.61143 21.1971 70
10.6165 18.6356 70
-0.644386 1.49237 70
-0.200745 18.8996 70
20.2256 9.53762 70
61.2291 -30.2096 70
0.90451 0.510128 70
10.9684 0.932508 70
-0.194647 0.585401 70
20.4635 -8.58401 70
20.6519 -10.2406 70
0.15144 8.85189 70
21.0518 8.87503 70
1.31843 -20.0272 70
0.408364 -20.9376 70
-0.977177 0.766343 70
1.00872 -10.3919 70
-30.6221 30.08 70
-30.1594 30.9157 70
-1.36639 -1.4792 70
-0.552744 -1.32567 70
11.2246 10.4547 70
-20.19 28.8951 70
-0.47382 11.0905 70
40.0667 -0.662932 70
-1.19484 8.78988 70
10.8103 -0.796932 70
8.69667 0.275841 70
0.731718 -0.810791 70
1.19695 -0.858014 70
0.693679 -0.89389 70
-10.1831 30.4427 70
10.9954 -11.3601 70
-0.575505 1.02244 70
-9.10207 9.80603 70
0.719175 -1.28435 70
0.146267 -0.0808671 70
-10.605 -9.90425 70
9.2624 -0.734935 70
0.463322 0.345741 70
8.503 0.936369 70
0.761556 1.30148 70
-1.35448 10.0267 70
30.4989 -9.09382 70
29.8536 10.5782 70
1.2064 -9.32104 70
-10.3043 10.5276 70
-10.7346 11.4935 70
-29.7798 29.6519 70
8.54185 10.8605 70
8.80209 10.0601 70
8.92834 0.157405 70
9.84245 -20.9425 70
19.9702 8.70807 70
9.59352 9.47183 70
1.45154 1.467 70
-19.973 -20.1039 70
-1.44649 0.16209 70
-0.401369 0.906558 70
1.06789 0.437543 70
-1.0284 0.232616 70
-1.31251 9.2334 70
-0.679043 8.79512 70
0.823016 0.652197 70
-0.0927677 -8.81557 70
20.9165 9.26026 70
-1.1144 0.268872 70
9.32037 0.898877 70
1.34712 31.3847 70
10.8333 0.572745 70
8.64293 -1.18309 70
-0.767877 -0.883017 70
-0.516026 -0.402366 70
9.41964 -20.0555 70
31.4722 10.9868 70
31.1165 8.92241 70
-0.770677 0.181032 70
0.00210977 -0.897375 70
-30.2273 -0.103821 70
-0.316791 0.330494 70
-1.05366 0.909868 70
10.808 1.48317 70
10.3747 0.387805 70
-0.790584 1.47072 70
9.06728 58.9352 70
0.0246656 1.03725 70
38.9525 11.2699 70
-9.15827 0.519879 70
39.4149 -78.8911 70
-0.792494 -1.31147 70
1.41895 -0.244638 70
10.1812 -19.3627 70
0.201812 0.915448 70
-1.09655 9.6982 70
0.548056 11.3872 70
1.192 0.655626 70
-11.3574 9.32861 70
-0.874512 -0.31592 70
9.496 -0.0548815 70
0.974408 1.24595 70
-0.861459 11.0219 70
0.703841 -1.09658 70
-10.9164 -0.999712 70
-11.3521 -1.49796 70
-1.34376 0.445212 70
9.01669 -8.98728 70
-0.723415 0.281585 70
1.47441 10.6505 70
9.1786 0.0955854 70
0.995223 0.887702 70
1.0452 9.07711 70
-1.40932 -1.06473 70
0.99692 8.89823 70
-1.00063 0.891558 70
10.4919 -0.764896 70
0.874724 0.353178 70
31.1314 28.8462 70
31.4064 30.4036 70
59.5647 -40.9909 70
10.2538 -19.4173 70
-0.771973 19.0413 70
-11.436 38.7814 70
0.623177 -0.260053 70
1.3016 -0.400531 70
0.66185 -1.26364 70
-20.6239 18.5181 70
-0.564608 -9.92902 70
10.4331 -10.6642 70
9.79123 -1.21586 70
-1.12444 -10.4043 70
0.9913 -0.850138 70
20.255 21.0424 70
-9.72948 -9.12806 70
11.2235 69.2229 70
0.193724 9.82119 70
9.55615 -0.758158 70
10.0292 1.23922 70
-0.0208998 -1.00544 70
-10.6011 19.8547 70
0.283636 8.64649 70
21.0052 20.3071 70
8.6892 0.287762 70
10.3668 -11.1437 70
-1.41768 11.1826 70
9.28306 -0.15814 70
9.0208 -0.4525 70
10.1654 -1.36256 70
9.86353 0.0558728 70
28.7674 20.9542 70
10.3175 0.747188 70
-9.58355 0.302318 70
-0.570611 30.3428 70
-0.430495 -9.06424 70
0.231312 1.01349 70
-0.790441 1.41151 70
-1.29564 20.9228 70
1.40964 -0.629625 70
68.7653 -110.448 70
9.8927 -9.6845 70
-29.2462 10.4633 70
1.05074 -0.905076 70
-0.900343 -9.66633 70
0.879736 -1.15542 70
8.67896 -11.2744 70
-11.4342 -29.932 70
0.834251 0.883124 70
29.3419 9.82923 70
9.91939 -1.32663 70
0.448234 -8.87648 70
9.16702 19.2173 70
30.5548 -10.7942 70
1.32929 -1.42386 70
9.33982 -0.855108 70
-0.115806 -0.773234 70
-0.956185 8.55186 70
0.283965 78.6595 70
-1.19913 -0.0205432 70
1.44546 10.7881 70
21.0502 1.43793 70
1.27095 9.54667 70
-11.409 -41.1721 70
-1.00491 0.493173 70
-11.187 10.2801 70
-19.3208 -9.31199 70
-0.714406 -0.354938 70
-20.6168 9.69626 70
11.3136 -11.2074 70
0.902911 0.530133 70
-1.46401 -0.0750307 70
-9.72268 -0.388932 70
1.35114 0.426174 70
9.62848 1.28706 70
-0.893959 0.994155 70
0.0084328 -0.243181 70
0.114447 0.741513 70
-41.0662 10.6815 70
1.09702 -0.695791 70
19.3652 -0.286765 70
-0.164921 -28.5116 70
10.5134 1.18277 70
11.1877 -10.8663 70
10.1017 -10.1632 70
1.17479 0.845417 70
8.92673 -1.10241 70
18.7891 -18.9107 70
-0.216815 1.40596 70
9.71487 -9.39273 70
21.2441 0.674195 70
-1.34519 -0.70359 70
-0.955779 -10.5937 70
0.206512 29.465 70
0.721048 -1.09308 70
-1.17579 -11.4009 70
-10.0103 -9.73758 70
0.0701023 -0.826731 70
10.0265 0.313184 70
21.3369 -0.789569 70
11.3417 1.10772 70
0.0414827 -0.466255 70
10.8589 -10.8559 70
0.178949 0.477465 70
-19.5615 0.213871 70
-0.31293 0.440247 70
9.3096 0.354121 70
-1.29267 0.333508 70
0.258227 1.20857 70
-10.2224 -1.03906 70
10.7695 0.804312 70
9.33806 0.88429 70
-0.0310742 9.87242 70
-38.9578 -8.62824 70
-0.773013 -1.15435 70
8.89542 0.262528 70
0.23354 9.40531 70
9.83547 1.17147 70
0.974292 10.9767 70
0.501249 8.86069 70
-10.2879 -1.40185 70
8.97132 1.18939 70
0.622936 0.967824 70
-0.401511 -0.945968 70
-0.255231 0.988875 70
-28.5183 -21.2736 70
1.04856 -0.782663 70
-0.0478352 -8.86232 70
10.7218 10.4393 70
9.56335 9.08298 70
0.847793 8.74897 70
10.256 -0.0646007 70
10.7869 -9.57967 70
-0.210918 -0.964896 70
0.468758 -19.6535 70
1.11822 -1.00028 70
-0.0812086 -0.193726 70
-10.2872 -49.0799 70
-20.8276 -20.3946 70
10.1326 -0.112806 70
30.5802 20.212 70
1.32612 -0.240518 70
1.38243 -0.287354 70
29.0272 -69.2096 70
11.2327 -1.44129 70
9.95472 0.543918 70
-0.354327 1.33471 70
8.91523 1.35707 70
9.99106 8.70532 70
30.529 0.511571 70
0.189672 -0.334086 70
-1.43264 -0.692229 70
-8.76806 9.09104 70
9.34133 10.0113 70
20.013 -20.8488 70
9.12233 -20.0688 70
10.129 0.521646 70
-0.776725 20.5387 70
10.4575 -1.03181 70
-0.972858 -9.98492 70
-9.45984 -0.732314 70
-0.801512 0.0815767 70
-0.140258 9.30974 70
-9.64261 1.44937 70
1.04799 40.0686 70
-1.10904 0.122048 70
0.836625 -0.566384 70
-0.364167 0.894123 70
-1.14235 0.0792535 70
0.277101 30.162 70
1.40336 -0.334148 70
-0.645826 -0.877097 70
-10.5359 0.339426 70
-9.28815 19.8664 70
9.7042 -19.6027 70
0.0134469 0.243641 70
-1.01317 0.72345 70
-0.202105 -0.178744 70
1.24013 -1.48743 70
-19.338 11.4175 70
-8.7974 20.8995 70
1.32057 -10.9444 70
0.133419 11.3005 70
-0.935773 9.20997 70
-0.37677 0.919964 70
10.3692 -1.06711 70
18.8907 -11.3691 70
18.879 -8.95918 70
0.225028 -1.38876 70
1.02294 0.960415 70
10.5938 -11.2555 70
21.403 11.4353 70
1.3024 10.1174 70
29.1893 -30.3522 70
0.0509213 0.954838 70
-1.12527 0.734982 70
20.3376 9.10315 70
-1.37282 0.234022 70
-9.92869 10.5439 70
21.04 -19.0841 70
10.4929 1.15144 70
40.6128 11.3881 70
0.590302 -0.574094 70
0.666637 -0.171483 70
1.40526 1.18585 70
9.30165 -0.0227269 70
0.355462 0.219537 70
20.4334 8.83426 70
0.313538 11.0872 70
-20.6605 -0.343761 70
9.46348 0.893079 70
-58.9097 -48.528 70
-0.875835 -0.607763 70
-0.506552 -1.02945 70
-1.45697 11.3113 70
0.881618 1.07103 70
-0.910107 -1.09032 70
21.2271 8.7118 70
10.9227 0.768591 70
-9.85454 -0.502053 70
10.6286 10.7486 70
110.803 19.6247 70
11.3268 9.36916 70
9.41162 10.0846 70
-1.06394 0.412954 70
-0.183306 -0.93669 70
11.2742 -8.96345 70
0.790362 1.13987 70
-0.924929 0.409627 70
-0.269731 -0.00954256 70
-0.290576 -9.48233 70
-19.5502 18.8349 70
10.6255 -8.53758 70
19.7939 0.884351 70
-10.3785 -10.9202 70
19.379 -0.733465 70
0.744751 -0.745908 70
-0.0888477 20.9254 70
-0.461181 10.076 70
21.4223 1.4974 70
1.33393 1.07931 70
-8.68778 19.1593 70
0.67237 -1.04972 70
19.3005 10.1103 70
-9.81823 20.7417 70
1.28455 1.05019 70
0.362622 -18.5596 70
0.270179 1.35956 70
0.973721 -9.9793 70
10.7512 -10.1574 70
-1.11582 -1.35918 70
1.20624 -1.02859 70
0.203932 0.244041 70
0.63286 -0.602173 70
-0.191303 8.51738 70
-8.75876 0.223173 70
1.37812 0.68311 70
10.6554 0.0313699 70
-0.942113 -0.0701849 70
-8.71367 31.1758 70
1.10846 20.1079 70
8.89793 -9.0914 70
1.21766 0.20692 70
-9.60758 20.9838 70
-10.4812 -10.5559 70
1.16143 1.45759 70
10.3108 -0.76339 70
1.19525 -1.47994 70
1.09292 0.0206584 70
-20.5808 -11.0132 70
-20.9567 -8.8297 70
11.125 10.1634 70
-0.0679826 0.750776 70
8.86875 0.213915 70
-1.08632 31.3156 70
-21.3225 18.9873 70
10.4196 -9.58977 70
-1.39993 0.97235 70
1.41563 -0.490805 70
9.42921 -0.634225 70
0.727232 0.827083 70
-0.72114 -0.111252 70
0.0206589 10.2693 70
-1.03405 -0.872246 70
0.553662 -1.3253 70
1.39415 -10.8072 70
18.5195 -10.6526 70
-18.8471 19.9022 70
0.492715 0.431513 70
0.116104 0.540012 70
-0.808985 1.00441 70
-0.461449 0.261726 70
1.38272 -29.3943 70
-39.1861 41.3391 70
10.921 -8.89459 70
9.86201 1.47891 70
-21.2106 9.66594 70
19.331 -10.624 70
-0.561648 1.02566 70
0.832154 -0.891073 70
50.9881 51.3226 70
-0.325657 0.149646 70
-10.9745 -11.4831 70
60.7331 41.2335 70
1.35586 10.5296 70
-1.27765 0.228056 70
-0.323789 0.578354 70
8.55541 -19.6473 70
-1.46201 -10.4966 70
8.58799 20.0568 70
1.45015 -10.3013 70
-90.0854 -9.50205 70
-80.1052 19.9252 70
-1.4565 -8.81601 70
10.1475 0.281899 70
29.0716 31.3065 70
28.6355 -10.5034 70
-9.84529 9.97492 70
0.0969781 0.986667 70
1.11457 1.194 70
-9.47674 0.537711 70
0.136233 0.532899 70
9.48505 -0.044652 70
-11.1581 -9.93396 70
10.2819 -41.3516 70
10.3209 -11.0573 70
-0.610045 0.925878 70
8.7408 -21.4748 70
120.186 58.5094 70
-0.127592 -0.959663 70
0.0391632 1.08518 70
29.5164 -9.05249 70
-21.2337 -1.32289 70
1.05667 0.386828 70
-0.818465 0.365966 70
-1.41307 1.14178 70
0.840671 1.12852 70
9.08841 -29.1304 70
-0.296707 0.781921 70
0.996737 -0.754896 70
0.969869 -1.37243 70
0.80752 -1.36628 70
1.30481 1.23398 70
29.9244 11.1907 70
-8.7253 9.92486 70
-0.861399 -0.0549481 70
19.8417 -11.4819 70
49.0978 29.903 70
-0.255229 -0.903309 70
-0.942788 -21.2092 70
-20.0619 1.00128 70
-10.081 -9.95101 70
1.22698 49.4917 70
-0.546707 0.772164 70
-10.3786 11.3872 70
0.725892 29.3681 70
-1.4991 8.89944 70
-9.98696 -19.219 70
0.89929 0.681852 70
-0.43353 -1.07474 70
1.48854 -0.955625 70
0.350756 0.335701 70
0.393202 -1.13366 70
-9.85542 18.5531 70
0.193606 -0.976084 70
9.35702 -1.43736 70
19.7602 29.9375 70
10.0939 0.0982871 70
-20.9452 -68.9232 70
-38.6032 -0.518766 70
-39.3487 0.841353 70
-1.05667 -1.26202 70
0.218435 -9.42726 70
10.3101 0.799699 70
-0.27348 39.0925 70
-28.8462 11.0662 70
9.8042 -0.638848 70
-0.682502 0.658195 70
20.8813 10.0238 70
-8.70847 9.87231 70
-0.332158 -19.4722 70
10.8755 10.96 70
0.885482 -1.18009 70
0.191328 0.137732 70
-0.153745 1.41734 70
9.42779 -1.20523 70
19.4119 -0.506067 70
0.825263 1.4954 70
0.442728 -11.0604 70
11.0829 11.4673 70
0.573519 0.998474 70
21.3179 9.83018 70
-0.394925 0.0467809 70
-10.6233 -1.26038 70
0.774934 -1.05566 70
0.518686 -1.40568 70
-0.840329 0.448015 70
9.55053 -11.0337 70
30.504 -1.2554 70
-0.481171 1.36191 70
0.428912 11.3315 70
8.72362 11.0578 70
0.791747 -0.0926602 70
11.198 10.375 70
9.56013 10.8222 70
0.338002 1.23917 70
-20.3078 20.184 70
-9.12377 10.6312 70
-1.39404 0.0167751 70
-0.555735 0.691961 70
-1.3359 9.99118 70
0.81518 -0.865304 70
0.608814 -0.846594 70
0.65144 -0.304165 70
0.939802 -10.4347 70
-10.432 9.02532 70
9.45951 1.30305 70
0.704068 -0.478857 70
0.995196 1.46008 70
-0.0631319 0.309848 70
-20.0216 1.47486 70
10.775 -9.14986 70
-1.34336 1.25112 70
0.225969 0.0903881 70
-0.382072 0.536469 70
-20.9696 0.704719 70
-1.39134 1.32147 70
-0.685886 0.696762 70
10.4365 -8.73867 70
-0.741297 -0.764762 70
20.1719 -10.2865 70
0.775559 -10.035 70
0.478091 11.4106 70
-1.00503 -0.921591 70
1.05504 0.293478 70
0.00195866 -28.7354 70
0.59811 -31.4964 70
10.9536 -0.60745 70
30.2002 29.3952 70
-8.60926 9.13803 70
8.82919 0.929085 70
28.9992 -19.265 70
1.19052 -0.231539 70
-60.1518 -109.047 70
0.540188 9.10754 70
-1.05159 20.6473 70
1.1135 18.7548 70
-30.3858 0.756191 70
30.1248 -10.0614 70
1.49598 0.231784 70
-0.219336 0.302419 70
-18.8648 -10.9093 70
10.6583 -1.44667 70
0.880453 -0.929712 70
1.32661 0.229139 70
-0.734258 -0.388883 70
0.403866 1.47252 70
-0.775232 -19.9195 70
10.6097 -11.1879 70
0.499829 -0.840285 70
11.1837 -0.987933 70
9.30678 -0.688769 70
-1.25944 -0.274422 70
21.3335 51.3411 70
9.13602 0.154066 70
1.06662 -0.00144842 70
-0.204 10.5722 70
1.26245 1.33109 70
-21.1103 0.361163 70
-0.887631 -1.09831 70
-10.1909 -1.01715 70
0.409112 0.199283 70
0.396871 -0.24502 70
0.768218 -0.535139 70
1.01813 -9.6013 70
1.04796 1.24902 70
0.167743 -9.71166 70
1.1746 -19.7544 70
39.4291 -10.7232 70
-1.27818 -0.724846 70
0.880464 -9.02515 70
0.178087 0.459938 70
-0.543945 -1.3743 70
-0.533916 0.296067 70
9.29738 -21.3666 70
0.403371 -0.23075 70
11.4672 -0.180301 70
-0.57672 8.78463 70
-0.876974 0.127166 70
0.33964 1.17599 70
-0.670151 -1.4089 70
-51.1802 -10.6418 70
-1.31232 -0.361891 70
9.48542 -0.855273 70
19.6182 48.7802 70
-109.959 50.767 70
0.340789 -0.0563554 70
-0.327477 -1.34318 70
-10.3601 0.029179 70
-10.755 -1.38654 70
0.353974 -1.3557 70
-9.77954 9.04329 70
0.146205 9.37032 70
10.2002 -19.4487 70
0.661194 -10.7675 70
20.7438 8.71107 70
19.3421 10.2803 70
-1.41852 1.30446 70
-0.791336 0.273423 70
-0.311758 -0.640651 70
0.149131 -10.8811 70
-1.25931 -9.61867 70
-0.962126 -0.371199 70
0.745932 9.53204 70
-0.983908 1.16652 70
0.713435 -18.8459 70
1.35095 11.1346 70
0.886892 10.8553 70
-1.22603 10.1632 70
10.916 9.16566 70
9.33982 10.1444 70
0.244755 0.426524 70
-9.81178 -0.927164 70
9.57215 0.547033 70
0.859303 1.42578 70
0.17965 -0.529953 70
18.6654 -40.8297 70
-9.20803 9.71963 70
9.11317 -1.04527 70
-8.95713 -9.17423 70
-10.0634 -8.68118 70
-1.21724 0.678631 70
-0.833665 10.5398 70
-1.17957 1.39183 70
20.2405 30.2026 70
-0.341184 -1.00848 70
10.7982 0.638953 70
9.86848 -0.102783 70
0.114671 1.30366 70
-10.1103 -1.01757 70
-1.12051 8.6774 70
10.0024 10.6146 70
19.8316 10.2327 70
-9.50102 -9.94937 70
-0.838134 0.887548 70
1.28547 10.7331 70
9.1976 20.6936 70
-0.41137 18.8547 70
-18.5516 40.2475 70
10.2025 -0.500647 70
0.345515 0.62185 70
-18.5785 -9.09989 70
9.44805 -19.4635 70
-1.20212 -0.304422 70
-0.947269 -1.32778 70
10.5405 -9.08245 70
-10.7965 -0.938431 70
91.2122 41.2777 70
1.14287 0.851768 70
9.10786 0.711305 70
-1.02471 0.50893 70
0.428915 -0.475263 70
9.275 -1.09712 70
19.7419 68.5489 70
-1.32327 1.4783 70
19.2544 8.55238 70
-29.5612 -40.154 70
8.98284 9.67071 70
20.8671 -0.381281 70
10.177 20.5352 70
0.303994 10.2468 70
-0.352083 -0.410775 70
10.4453 9.76221 70
0.0322949 -1.32924 70
1.33629 0.817676 70
-1.32345 -0.168761 70
8.70282 -0.33779 70
