-0.868417 0.892909 70
-10.7209 -30.5805 70
-1.2588 -9.16492 70
11.432 -11.4652 70
-8.77287 -8.77582 70
1.35533 -8.68212 70
30.7237 -30.1198 70
1.05547 9.61358 70
1.369 -9.22993 70
0.720793 -0.0109512 70
19.7013 0.945309 70
-0.169812 -11.0425 70
0.059174 -0.190848 70
-0.0459865 1.45757 70
0.845861 -0.764702 70
-10.9339 -0.28039 70
-10.5899 0.193284 70
-58.9492 39.2428 70
-1.18072 1.40952 70
10.5638 -0.476963 70
19.5901 -0.93915 70
-0.513047 0.137518 70
11.2491 -19.2659 70
-10.4913 0.716298 70
30.3603 -79.3498 70
0.45455 0.0540533 70
-10.7311 -21.2334 70
1.10365 -0.590341 70
10.5232 -79.9903 70
1.35517 -21.2894 70
1.39623 0.182717 70
0.292722 -8.66718 70
10.5729 1.09475 70
-0.96925 -20.711 70
0.447388 1.14104 70
-10.0694 -9.37953 70
-0.572407 -11.113 70
10.513 -18.8056 70
-28.6768 -19.4919 70
-49.1292 0.248517 70
0.923202 -10.4784 70
-0.456651 -11.4996 70
0.382485 1.09748 70
0.278117 -10.5939 70
-1.45404 -71.4979 70
-0.293771 0.155757 70
-9.6447 0.904725 70
-0.0732207 0.360392 70
9.90029 18.8068 70
-1.04822 -1.07164 70
28.618 18.5458 70
50.277 -0.160636 70
9.62773 -0.727669 70
-0.799639 0.113172 70
-29.0896 -9.62173 70
-1.1238 -11.3327 70
0.512137 0.126162 70
10.8304 -8.80934 70
-11.3238 -10.736 70
18.5022 -1.06212 70
0.681268 -8.62263 70
31.3855 -38.7621 70
0.429605 -9.96567 70
1.34879 0.855227 70
21.0942 -9.36625 70
20.6905 -20.2065 70
-0.65556 -10.5057 70
20.3088 20.6999 70
-0.723212 1.0098 70
31.2884 -0.0540869 70
0.96854 0.23635 70
-1.3951 20.3751 70
-0.731054 -10.0686 70
10.4414 -9.40455 70
-19.0083 -70.355 70
-0.649539 1.36648 70
1.43004 1.29555 70
-39.6763 -18.8168 70
-20.5682 9.65733 70
1.46196 11.4668 70
9.16016 21.3007 70
-0.538371 -10.3736 70
0.407177 11.2414 70
-11.4974 18.6416 70
0.691261 -0.562121 70
0.615327 -10.5157 70
21.3674 -1.23486 70
20.7346 8.98392 70
0.623362 -9.03117 70
0.360761 -9.44755 70
-10.4142 9.0994 70
-9.27651 -8.67479 70
-0.491825 0.380646 70
-1.32938 -0.929493 70
-9.40443 -9.64823 70
0.176226 0.0998792 70
-0.760694 -9.9352 70
0.672679 0.749803 70
-0.616428 -0.595773 70
-10.9041 -10.2747 70
-51.1 19.4476 70
-0.318427 -10.1138 70
1.05496 -0.862368 70
-10.0414 -18.5795 70
-51.0637 31.2968 70
-1.37586 1.18078 70
-0.198376 1.45859 70
-40.4158 29.4661 70
11.1725 -9.8055 70
0.851399 -10.5666 70
10.3929 -11.0394 70
0.129573 0.251186 70
-10.0774 -11.1907 70
1.08511 -0.141333 70
11.0218 -10.4554 70
0.389456 -10.0702 70
-10.2584 8.8946 70
-9.8227 10.5971 70
-1.29676 -0.159008 70
40.3098 0.939766 70
40.2547 -0.261728 70
-30.7046 -11.3956 70
-8.77861 8.78769 70
0.912481 20.7031 70
-19.3055 -40.9393 70
-9.53668 -9.87534 70
-0.249388 -9.92777 70
-1.27863 -10.5319 70
-11.1635 -9.71214 70
10.4409 1.15712 70
0.98388 1.06146 70
0.877569 -0.32572 70
-0.646967 -1.25839 70
-11.1937 8.70907 70
21.3497 -0.644938 70
-0.00895009 -1.34966 70
-0.138563 0.852831 70
10.3068 -20.8126 70
9.34764 0.711697 70
1.08319 0.838851 70
-0.789825 20.7346 70
0.975337 0.317674 70
0.374147 -10.0542 70
0.284504 -9.71765 70
-9.3076 1.19357 70
-0.130993 -0.0156051 70
10.4066 -20.124 70
9.26065 -10.837 70
1.13051 -0.89846 70
-1.34485 1.416 70
0.186836 -9.40836 70
120.643 -10.9213 70
1.27664 -18.6627 70
-9.5364 -9.1991 70
0.307345 -0.661684 70
-1.21237 10.7373 70
0.710054 28.7596 70
0.13576 0.944893 70
0.12995 1.21212 70
9.64138 9.3459 70
39.3213 -9.29785 70
1.40456 -1.26864 70
10.5767 0.202186 70
0.830554 0.528761 70
-8.64863 1.29306 70
0.532127 -8.52715 70
8.73939 -10.3097 70
-8.97155 -11.2999 70
31.4576 -0.247517 70
20.7045 -9.03099 70
-9.71579 -10.0374 70
8.62293 -30.5792 70
9.36859 -29.2731 70
-1.04412 -1.1944 70
0.802682 1.40045 70
-28.9222 -9.72934 70
0.816865 -30.3429 70
8.6804 -20.3154 70
-1.22183 -8.72238 70
-0.699665 -9.05402 70
0.0693006 1.00115 70
-0.23839 -9.21847 70
19.9454 10.8095 70
-1.19828 -9.07665 70
-10.53 -1.17982 70
-0.252959 -10.2891 70
-0.102348 1.4353 70
-1.34209 -9.33025 70
0.948405 -1.4367 70
-40.3186 -30.6995 70
-41.4066 -29.3145 70
9.7866 -10.0928 70
9.43332 -10.8504 70
-1.24376 -9.15429 70
-1.19373 0.240747 70
-1.04786 -30.9256 70
79.4966 9.7338 70
9.96852 20.6385 70
10.6657 19.4761 70
11.0294 -9.19166 70
10.5499 -8.72713 70
-8.68734 -19.5088 70
-40.6622 -19.3366 70
10.3804 -0.386518 70
-0.319401 0.40837 70
-21.2957 -28.8483 70
0.235793 1.0823 70
-0.947855 -50.6987 70
-10.2376 9.3643 70
0.798888 -0.88507 70
-8.88046 10.4258 70
-8.81832 8.75436 70
-10.39 9.20108 70
9.63075 -1.47726 70
19.181 -19.9225 70
-0.410821 -10.2968 70
18.9866 -9.31365 70
0.566775 -1.48632 70
-0.401311 0.632041 70
-10.7079 11.2184 70
-1.34201 -0.101979 70
-9.00007 -9.77764 70
-9.69913 -18.6173 70
-0.544974 -1.04881 70
1.48946 19.091 70
11.0791 8.89898 70
20.7763 0.477243 70
-58.7211 -31.1661 70
0.852516 9.27088 70
0.31473 -1.05101 70
-40.1391 -29.1703 70
9.49185 -10.8678 70
-0.958366 0.0998203 70
18.5296 10.5264 70
-20.4937 19.6233 70
1.12359 -10.5367 70
0.580228 -11.1553 70
59.9541 30.9012 70
-0.482774 -10.5587 70
-0.939161 -10.4166 70
-8.6701 39.1175 70
10.5551 8.92761 70
1.36416 -10.0035 70
1.30275 0.264878 70
10.5654 -18.5717 70
-11.2578 -1.41094 70
-29.0981 -30.5893 70
-29.925 -29.3678 70
1.09849 -11.4264 70
10.8379 -8.54121 70
10.2574 41.1765 70
-1.44176 0.841877 70
-0.856499 10.5077 70
-0.75123 0.26823 70
0.694761 -9.24062 70
-0.208974 -8.65852 70
-9.44649 -9.52792 70
9.11145 -18.6688 70
-9.18771 -19.9331 70
-0.354919 1.19957 70
0.249476 -10.2217 70
0.805425 -10.8022 70
1.43634 -0.861263 70
8.81343 19.4941 70
-10.1581 -1.28789 70
-1.06739 -8.60288 70
0.356866 -9.58022 70
0.592745 -1.30822 70
10.5304 21.2164 70
-0.121413 1.21257 70
-0.0269441 -9.24506 70
8.99271 0.317942 70
9.0144 11.0254 70
-0.662361 -10.524 70
9.24041 -0.937633 70
-28.9285 -59.7676 70
-0.344111 -0.495036 70
20.385 -0.888368 70
10.4706 1.15864 70
-0.334185 11.1753 70
20.9498 -8.88555 70
1.48756 -1.12876 70
-0.100583 -1.35603 70
1.28895 -9.45022 70
-1.41087 0.358641 70
-31.0615 8.61511 70
9.02793 -9.11967 70
9.63603 1.46063 70
-0.754913 -8.91185 70
-0.21679 -8.82612 70
9.23558 -8.51623 70
-0.591932 0.624352 70
9.55603 9.06154 70
0.0397667 1.12774 70
0.631499 9.84687 70
28.8455 -20.118 70
11.4342 20.5179 70
11.1214 -9.94009 70
-10.8143 -9.13161 70
-39.4516 39.7446 70
11.3871 0.123209 70
-0.42498 8.51611 70
9.98072 0.725227 70
0.370112 -1.35474 70
-1.16907 -8.95468 70
-0.0516456 -10.1989 70
-0.0220488 -0.651328 70
1.08997 -10.529 70
38.773 29.9624 70
11.3026 -50.2034 70
9.15062 -49.3503 70
0.586729 -11.1389 70
-19.1182 10.608 70
10.4968 -10.6634 70
30.7163 39.624 70
-11.1742 -9.77252 70
0.0606484 1.45338 70
8.87149 1.40794 70
-9.80495 -8.54171 70
-0.576505 -9.14325 70
-20.1727 -9.75077 70
-1.00459 -0.274485 70
0.852102 -1.33674 70
-0.543051 0.867292 70
9.94207 0.872251 70
-20.7168 -10.5739 70
-8.54896 10.7134 70
-10.3562 0.582706 70
-10.1459 -0.919641 70
11.1511 20.4182 70
0.661249 0.498639 70
0.862381 0.0442453 70
-9.93721 10.9039 70
-0.927837 8.7874 70
-0.644113 -0.692105 70
-0.594359 1.15849 70
8.76197 -20.8376 70
-49.0265 -8.69972 70
0.386091 -29.6167 70
-1.34052 20.2343 70
11.3795 -9.16572 70
-10.1085 10.8017 70
-10.8139 11.1909 70
1.18579 8.85835 70
-1.01756 10.2482 70
0.678395 0.309074 70
-0.685443 -9.23681 70
-0.177975 9.97643 70
-0.876752 9.89216 70
19.6486 19.5405 70
21.0098 18.5789 70
0.708114 -1.24866 70
21.0096 -8.9501 70
-11.3893 -8.84566 70
11.1675 0.508256 70
0.101937 -0.557389 70
0.689464 -0.327891 70
-29.6708 0.75312 70
8.72197 -9.78437 70
10.2152 -0.780268 70
-0.428133 11.0456 70
0.133521 9.56543 70
1.22511 -10.7967 70
11.4272 -19.4348 70
0.0697771 1.4193 70
-70.5248 30.3198 70
0.154979 -0.294899 70
1.31082 0.567192 70
0.998751 -0.298572 70
-1.48334 -30.8447 70
-50.2175 -10.3627 70
-48.8792 -10.1076 70
9.01786 0.0346803 70
-1.41168 9.24937 70
-0.829404 8.94282 70
-19.5292 -19.4692 70
-9.13063 10.8189 70
-19.8644 -20.199 70
-1.36065 -9.5998 70
-0.324491 0.366419 70
0.518952 -19.81 70
0.145873 -8.66887 70
40.3968 -79.8352 70
-1.01621 -0.692141 70
1.25014 -1.0846 70
-8.59668 -41.152 70
9.93796 -8.69731 70
0.397125 -0.441303 70
-10.7499 9.55274 70
-9.64531 50.8107 70
-1.22773 0.727863 70
-0.0298799 -0.545472 70
-19.4017 -8.68548 70
9.19777 -10.547 70
-9.48624 0.824472 70
10.1439 0.562907 70
0.730481 -11.3134 70
-1.01517 -0.49672 70
19.92 20.1754 70
39.752 -10.7376 70
20.1322 1.19926 70
-1.23452 -0.34497 70
-0.339173 -19.4359 70
-10.043 -9.45881 70
8.56885 0.94426 70
8.81231 0.556234 70
1.20517 19.1274 70
-11.359 -10.4826 70
0.75851 -0.152346 70
-1.39356 -1.22804 70
0.686571 -1.02798 70
9.63878 -10.7488 70
-21.2197 11.3737 70
-0.236749 0.032034 70
71.0688 9.46475 70
20.8087 0.780993 70
1.01382 -9.55156 70
-0.855791 -10.9276 70
1.49146 -0.944296 70
-39.206 28.6579 70
1.07557 -11.1364 70
1.20243 -19.4496 70
19.2049 -28.7234 70
0.370422 -10.0374 70
-8.65289 0.252535 70
9.71364 0.521515 70
-0.543385 1.49908 70
-0.492838 -8.52295 70
20.6261 1.04404 70
-29.0052 18.692 70
-11.317 0.819203 70
-20.5751 -8.53942 70
0.524362 -20.3482 70
-1.06955 -0.920935 70
-0.637716 0.829027 70
-10.188 -9.81229 70
-0.488409 -0.514054 70
0.496795 -8.79669 70
10.703 -0.394195 70
10.8253 -1.10072 70
19.5802 -49.1186 70
-29.8911 -10.6005 70
1.31972 -38.5794 70
-11.3179 10.5954 70
0.86011 0.574678 70
-9.70896 -0.692342 70
11.0726 -9.64691 70
20.7969 -10.4822 70
59.1278 -10.7939 70
59.3863 -10.0666 70
-0.722493 -10.9218 70
-0.246783 1.46089 70
10.2299 10.6433 70
0.543309 -0.438863 70
-8.68024 -9.54019 70
-20.0271 10.8044 70
-1.32883 -8.84932 70
-10.3893 -19.9341 70
0.965349 -1.10507 70
9.47951 0.871594 70
91.3497 1.03505 70
0.468895 -0.260456 70
9.47175 -10.7601 70
-59.7845 11.3875 70
-0.583462 -10.3478 70
0.303518 9.29057 70
-1.16358 -10.4856 70
-0.329374 -1.3349 70
-0.478606 -0.868878 70
0.656321 10.4544 70
1.13178 -19.5713 70
1.18092 -10.4974 70
0.130619 -10.5078 70
0.559753 -0.237628 70
10.8645 -1.44285 70
0.0982994 -10.9992 70
0.888379 -0.756873 70
1.39213 -1.3104 70
1.30069 0.934064 70
-1.15025 0.382177 70
-1.10073 -0.253027 70
-9.86097 8.82989 70
0.22701 -8.89955 70
-0.61469 -10.1873 70
-10.9632 8.84161 70
1.27269 -10.3142 70
9.86514 -8.90291 70
-0.71782 -9.4235 70
0.295434 -1.00562 70
11.416 -8.84539 70
1.13779 0.696176 70
-8.85805 -10.5546 70
9.00242 -9.96885 70
-38.5368 -20.1764 70
-41.0923 69.1523 70
-0.439752 -10.1405 70
19.3082 -0.960062 70
-9.04426 1.41524 70
-40.1518 -11.0231 70
-9.44797 -11.2582 70
-10.73 -9.12564 70
-0.0758752 0.827393 70
-21.0068 -9.03084 70
0.321862 -0.728378 70
9.08929 -9.05504 70
-0.82031 0.00282326 70
1.02743 -1.40983 70
-39.4311 -20.7122 70
-20.1976 -10.5635 70
19.4455 50.9591 70
11.3184 -9.42458 70
-8.96673 11.383 70
8.67827 -0.751039 70
-0.365117 -18.9572 70
0.134369 61.0399 70
0.436467 1.40843 70
-8.831 -20.5875 70
-1.43027 -0.902894 70
-38.7018 39.0559 70
41.0421 -21.3727 70
40.0497 -21.4112 70
0.451544 -9.3338 70
-1.37495 -9.56618 70
18.5081 -9.04978 70
-0.0735714 -19.9581 70
19.5028 -19.2011 70
-0.0894668 1.01535 70
0.720812 -10.9672 70
-9.07466 -0.673608 70
21.4476 -10.6906 70
9.65499 -10.2694 70
19.2075 30.4276 70
-81.3375 -71.2383 70
0.608374 -1.05111 70
-51.4866 -21.0766 70
9.27049 -11.1635 70
-9.25012 -21.1028 70
-21.0214 -1.34207 70
-0.315023 -10.5099 70
-0.67398 -0.621826 70
8.99926 11.2055 70
-20.8907 21.4412 70
-9.14328 -0.936917 70
10.379 0.792423 70
10.6048 10.8377 70
0.0648839 -0.55281 70
-0.0660362 -19.243 70
-1.28547 -1.2119 70
-10.554 9.08045 70
-9.62206 -11.1642 70
18.9883 -11.284 70
1.0502 30.9083 70
-0.830053 1.18295 70
10.0642 -10.2758 70
-10.7893 1.42567 70
9.44335 -20.4072 70
1.41287 -10.7647 70
0.757667 1.21586 70
1.4766 10.2083 70
18.8312 40.3287 70
21.0499 -0.934402 70
0.783728 -10.6676 70
0.0862459 -1.28834 70
9.27169 -20.6255 70
-19.4013 -10.8952 70
-9.51222 -1.15642 70
31.2432 59.5491 70
-9.24213 19.2911 70
-0.488269 -1.27696 70
-10.9896 -0.177045 70
-8.91847 0.786671 70
79.3203 -70.0865 70
-20.221 -28.8102 70
8.72989 0.553677 70
0.864262 0.0433726 70
0.340253 -1.00363 70
0.152485 18.7925 70
1.20444 0.655706 70
10.0889 11.215 70
-18.6452 -11.1294 70
0.588443 -1.02593 70
-9.68429 -8.92029 70
-0.610654 -11.4255 70
-0.812345 1.44354 70
61.4079 -89.3284 70
0.838101 -9.5198 70
8.68163 0.0770359 70
-0.641749 0.746845 70
0.191781 0.258607 70
19.0603 20.914 70
-0.413033 -0.424962 70
-0.453702 -1.23169 70
-0.550226 -1.44269 70
-0.198265 -10.7427 70
-0.117618 -9.28413 70
30.572 -38.9877 70
0.0524597 -10.6168 70
-10.6301 10.9231 70
31.0076 39.2922 70
10.8905 -9.33559 70
-0.469509 1.48047 70
-0.81453 -10.4551 70
-11.4753 -20.1509 70
-11.4679 -19.3254 70
0.466491 -9.38666 70
-1.48062 11.4505 70
-20.4412 -10.0057 70
30.4011 8.81758 70
0.399785 69.3767 70
9.69236 21.4947 70
9.44683 -0.739897 70
0.971875 -0.936964 70
-9.4728 -11.3375 70
-20.2022 -41.042 70
-10.631 -30.2427 70
19.9764 -1.39158 70
10.5319 -9.62424 70
-30.6724 -98.8675 70
-0.213144 10.309 70
9.8075 1.46507 70
1.25065 -0.864805 70
0.127328 -0.664982 70
-9.97244 -10.2009 70
71.3397 -0.343545 70
9.52314 -1.13561 70
1.39112 -1.34127 70
-71.3861 -20.6304 70
-9.2485 -11.456 70
39.0156 -39.6378 70
11.4909 1.49522 70
0.256137 1.15598 70
9.24976 0.184104 70
-0.143251 0.216155 70
-1.33167 9.21287 70
0.535593 0.310673 70
-9.6266 -9.59932 70
1.31699 -10.1443 70
60.9628 20.9708 70
-1.29417 0.599749 70
120.41 -59.0157 70
-0.844275 -8.51329 70
8.88448 30.5424 70
-1.40536 0.788794 70
0.438608 -11.0222 70
-10.0385 -0.855828 70
20.1841 -11.4481 70
11.3075 0.967892 70
10.8185 0.534585 70
1.01015 1.06138 70
-1.15564 -9.05608 70
-0.890048 -0.106095 70
0.630927 1.10794 70
10.9905 -8.62618 70
-110.584 -41.0753 70
-120.108 29.8625 70
30.4736 29.4562 70
39.7503 -30.2086 70
-59.1022 19.1042 70
0.920418 -1.08658 70
-49.3485 -29.6563 70
-0.468006 1.33442 70
1.14604 -1.22437 70
1.47381 0.72134 70
0.911087 -18.9202 70
-11.178 0.890396 70
-11.3793 -1.24101 70
120.972 -91.008 70
18.6735 -19.4889 70
-20.2568 -19.0777 70
-0.195787 -0.152686 70
-30.2855 -28.5466 70
9.92369 -9.46501 70
9.91525 0.51918 70
29.6745 0.634834 70
29.1922 0.687548 70
-10.5783 -1.11241 70
-11.4248 -0.534139 70
19.7383 -9.20326 70
0.42825 -9.21375 70
1.16002 -8.69901 70
10.0018 -0.299697 70
-1.4737 0.522967 70
20.255 -20.9412 70
20.1626 -18.8204 70
59.8421 28.9903 70
-1.04038 -8.67515 70
29.5733 0.693196 70
0.951175 0.537319 70
-1.37757 1.17356 70
9.63936 -0.38755 70
-8.78509 0.350107 70
-9.71411 1.06094 70
-20.0241 30.7227 70
-40.5705 10.599 70
-28.9565 11.3928 70
-0.44596 -29.1181 70
-0.83692 8.6052 70
-39.2758 10.8271 70
-11.4076 -10.0675 70
1.46681 -9.71001 70
0.89198 -0.669074 70
0.37912 -0.414493 70
0.753001 1.27105 70
-1.22104 0.433563 70
-1.18999 -0.744605 70
29.5447 -50.9256 70
29.2975 1.27087 70
-9.46605 -11.0001 70
-9.87315 -9.3715 70
1.43697 1.10823 70
9.14089 -19.9617 70
-0.77055 -9.0547 70
-10.3873 28.609 70
18.8432 -21.2034 70
10.0271 -10.3746 70
9.36585 -11.3695 70
9.35508 -0.860183 70
-1.2933 -0.495404 70
-1.11727 -0.847816 70
-10.9031 30.5417 70
-1.01523 -10.6745 70
0.705247 -10.2778 70
-11.4733 -20.746 70
-39.0386 9.65767 70
18.6209 -8.82104 70
-1.22231 -9.0758 70
-0.112695 -11.3885 70
8.70385 -11.2683 70
-0.182278 1.121 70
-11.3031 -1.25388 70
1.24258 0.242054 70
0.175744 -0.0812167 70
0.000349937 -0.81719 70
0.165866 29.0356 70
-0.450003 0.979635 70
-10.6831 1.47656 70
-10.0628 0.190442 70
1.2004 -9.63198 70
1.37242 -10.886 70
