-0.524274 0.708783 70
-0.524842 -11.2971 70
11.3442 -10.6718 70
1.26104 -31.2065 70
10.5527 -9.05694 70
-0.0435512 -9.24478 70
10.5271 -10.1484 70
11.101 1.43244 70
9.91041 -0.254072 70
-31.3021 20.0222 70
29.2104 -21.2942 70
18.7838 10.227 70
10.3367 -11.3856 70
0.418182 8.98511 70
9.06025 -19.786 70
-0.352898 -10.3022 70
-0.978295 0.480733 70
-21.3999 -29.9905 70
-9.69797 -9.88015 70
10.7697 -19.116 70
1.18249 -9.45725 70
-8.78183 -21.0957 70
10.6599 -49.8083 70
20.3443 -8.54386 70
19.5306 -10.6717 70
0.0248981 -10.6964 70
1.48013 -1.12225 70
11.1319 20.4337 70
-9.57674 0.653042 70
-1.43561 -9.23207 70
0.897572 -19.9534 70
8.5229 -10.8042 70
-8.58441 -0.416242 70
8.6119 -10.3371 70
10.5765 -9.0401 70
11.3282 -10.051 70
8.69079 1.27185 70
0.992245 -8.56539 70
30.1058 -18.5852 70
0.701005 20.3939 70
-8.88778 -8.59718 70
40.131 -9.27033 70
18.8666 -9.01882 70
1.46863 -9.23162 70
-10.0455 11.4821 70
-1.03667 -1.39506 70
50.2449 -79.2367 70
-1.12967 -9.68329 70
-8.96929 0.293788 70
-10.0507 -1.08892 70
-1.40223 -1.41306 70
11.4607 0.664323 70
20.3673 -1.16411 70
39.831 21.0518 70
20.4619 -9.80066 70
-1.43356 -1.33984 70
10.1652 -9.48333 70
80.7566 29.3337 70
19.9178 -0.619845 70
20.7737 -1.06532 70
-9.96021 0.906953 70
19.3009 -30.9363 70
1.21614 1.39503 70
-21.3047 20.1258 70
0.530552 -11.414 70
19.3954 10.6017 70
-18.8525 -18.7042 70
10.7763 -40.057 70
11.42 -10.5723 70
19.6254 -19.3267 70
19.6292 -29.3644 70
-0.918815 -0.43528 70
1.29169 -9.13454 70
-1.06337 -0.514489 70
8.90805 -9.68292 70
8.85298 -18.6791 70
10.3645 -20.6302 70
-11.1941 -31.0896 70
40.8757 20.5434 70
-11.0588 -10.3735 70
-21.21 -11.4789 70
0.107288 -9.86406 70
10.4511 -0.620284 70
9.54929 -1.41891 70
1.05837 -20.88 70
9.12932 -11.4134 70
1.45297 -11.4298 70
19.2602 -0.973473 70
9.36671 -1.25539 70
-0.928559 0.326549 70
9.62789 -11.1971 70
0.801098 9.31326 70
18.8171 -19.2481 70
1.19179 -20.3171 70
-21.2273 -9.21113 70
-28.5784 28.777 70
-20.8254 39.6944 70
0.0840484 -10.828 70
-0.0650812 -0.368232 70
-0.707595 -9.49814 70
8.53432 1.31656 70
0.772613 -9.52479 70
20.5133 -8.72329 70
-8.78311 21.0179 70
10.0497 -1.21634 70
10.0199 -8.6081 70
-0.536277 -1.44734 70
9.54981 -0.731167 70
20.3531 10.6269 70
10.4909 -9.81077 70
-0.264037 0.384134 70
10.5038 -28.8052 70
-0.868031 0.686925 70
-8.57117 -10.8995 70
0.995045 -0.955027 70
0.958813 -0.142131 70
1.26181 -19.6869 70
-0.119696 -0.128065 70
10.0695 -0.370463 70
9.42002 -8.99709 70
-10.3638 11.1187 70
-10.582 11.4986 70
-49.1784 50.721 70
10.0225 -8.54786 70
-10.0298 9.75253 70
-0.700591 -9.5741 70
20.8284 -18.9626 70
9.22983 -1.23466 70
-1.1381 -0.404723 70
-0.838147 0.948441 70
-100.109 80.9525 70
18.5561 9.33188 70
-0.176908 -18.7566 70
8.98647 -9.42481 70
10.7769 -18.6435 70
10.1525 -0.394353 70
20.0098 9.11781 70
11.0634 0.435226 70
9.84538 -0.922979 70
9.5662 0.985791 70
9.20868 -9.76201 70
50.9476 -10.4984 70
9.42903 -61.3879 70
-18.5758 -19.424 70
10.6834 -10.8414 70
50.0292 -29.2824 70
11.4334 -0.0739698 70
20.2697 -19.7177 70
8.75965 -20.3497 70
-28.8907 -11.1912 70
-0.802172 -10.3231 70
0.661723 -8.86737 70
-0.217963 -9.73682 70
10.9745 -0.125059 70
39.5513 11.4759 70
20.8838 -8.89934 70
-40.3648 18.9887 70
0.87791 -9.91568 70
49.5808 -28.9306 70
-20.8186 11.2806 70
20.9278 -1.45914 70
-8.78274 -0.449593 70
28.8897 9.13197 70
-19.7952 -28.5754 70
19.0552 -9.43995 70
-10.7141 20.1895 70
1.16405 -1.34591 70
-0.483686 -20.044 70
20.9507 -1.19478 70
9.70311 -19.2128 70
-0.174691 -11.4834 70
-10.6876 -38.735 70
10.5513 -10.6539 70
-9.33454 -18.7997 70
1.2588 -0.242899 70
10.8314 -10.8985 70
9.87469 -1.15924 70
11.4874 0.0803568 70
-1.38775 -9.89828 70
11.0017 -8.57828 70
0.349734 -0.657733 70
20.0272 -9.20242 70
9.40799 -8.54916 70
31.2637 -10.7179 70
9.17905 -1.06208 70
-0.975066 -10.0749 70
0.55457 -8.51454 70
20.8431 -21.0447 70
8.87193 10.4175 70
30.1319 -29.3846 70
1.2245 1.34529 70
0.0603107 -9.09223 70
10.7643 0.40516 70
-1.24322 -0.265175 70
0.936428 -0.441949 70
0.20552 10.2309 70
10.7847 -9.84385 70
39.477 -30.0958 70
39.4999 -29.6143 70
9.4377 -1.06986 70
8.89754 -0.930031 70
10.524 -11.0115 70
20.676 30.8971 70
-10.9994 -9.00538 70
10.8723 -0.3784 70
-28.8589 -20.6548 70
0.802851 -0.484111 70
9.69714 -0.671229 70
9.33564 -0.532115 70
-0.698576 -0.121362 70
10.2916 -31.4915 70
-0.415779 -0.235433 70
0.697833 1.37011 70
11.464 -9.26723 70
19.6764 69.3028 70
19.0489 -1.47152 70
9.92268 0.310343 70
9.15551 -0.759555 70
30.1864 31.2788 70
-19.007 21.1603 70
9.31029 -79.3759 70
-1.42414 -0.913477 70
19.7686 -8.98944 70
0.928541 -0.499121 70
28.515 50.6151 70
9.58047 -9.19593 70
28.9355 18.8157 70
-1.48938 -8.72329 70
11.0611 -10.6292 70
-10.2114 -0.894502 70
9.30567 -19.8507 70
9.18039 0.640223 70
0.298726 0.54066 70
9.39285 -8.58953 70
-0.844521 -0.0549895 70
10.2882 -8.88439 70
-9.67476 -19.9844 70
9.07634 10.6728 70
8.93143 -9.59766 70
-0.905638 -10.6189 70
0.906357 -1.45793 70
1.19852 -0.858315 70
0.338906 -21.1461 70
-48.6228 21.1838 70
11.4238 -10.0408 70
-0.540907 1.25131 70
9.1422 0.772243 70
11.193 0.342629 70
-30.837 50.0603 70
10.5117 -10.8894 70
-11.3442 60.3379 70
9.36949 9.03861 70
1.228 -10.3446 70
-0.0671724 -0.00496019 70
20.9044 -0.311797 70
-0.114388 0.678595 70
20.9904 10.6621 70
9.19924 0.636808 70
9.02912 -8.66797 70
-9.47888 -9.82143 70
9.69655 -11.2003 70
8.91282 -20.7271 70
11.1309 -0.220631 70
9.07138 30.3361 70
0.819404 -9.96515 70
18.6668 -10.6307 70
0.917782 -0.57855 70
10.0573 1.45476 70
11.2838 -1.39709 70
-9.91757 9.88423 70
8.79717 -0.29227 70
10.1272 0.0494339 70
-1.29326 -0.706639 70
0.676635 -21.397 70
11.1519 -8.85242 70
0.551294 -10.2785 70
-0.584424 -10.4741 70
10.3724 -30.9519 70
-1.49492 -9.72272 70
11.2822 -9.26537 70
28.5957 8.99727 70
30.4803 18.5924 70
11.4727 -9.49769 70
18.5809 -9.41097 70
-0.514968 1.31511 70
-9.34983 -9.911 70
10.9595 -0.623677 70
-20.9322 -0.780703 70
0.425346 0.478923 70
11.0734 -10.8743 70
-0.713685 0.64526 70
0.0843246 -20.2313 70
0.270646 -0.163636 70
-1.26852 -9.85739 70
10.953 -0.0684256 70
10.1257 -10.4927 70
0.926948 1.22066 70
-9.72971 -9.13521 70
-1.4713 -0.389918 70
19.6523 0.00167226 70
-0.280222 -9.50906 70
21.002 -20.1792 70
19.6302 -9.277 70
-30.5042 -29.0431 70
-10.2238 -10.1088 70
0.650588 0.812993 70
-0.699427 1.31631 70
0.45479 0.695695 70
-1.46298 -0.922803 70
9.21165 -10.4271 70
8.96507 -19.1321 70
9.29811 -0.83428 70
-29.4269 50.678 70
0.893819 -8.89709 70
0.0329443 -9.18311 70
-0.8919 -0.745707 70
11.371 11.152 70
-0.737022 -10.2467 70
-0.961723 -8.94811 70
-0.993547 1.18401 70
0.183863 -10.0303 70
-0.179887 -11.3599 70
-41.1113 -9.46125 70
0.408868 -9.33067 70
1.4956 0.609206 70
-11.0144 0.0224996 70
10.577 0.0203668 70
-1.17459 -9.10725 70
-1.41706 -0.742217 70
8.58185 -0.420423 70
9.80348 -1.02422 70
10.2036 1.1491 70
18.5095 -30.9962 70
-0.526553 0.417269 70
-0.57346 -1.45054 70
-1.1624 -1.01201 70
0.727248 0.754566 70
18.8662 0.619206 70
11.3792 -0.852716 70
-0.438342 -9.56077 70
-0.758138 0.072402 70
-9.18812 -10.6621 70
1.13055 -0.154797 70
0.140152 0.900384 70
-20.9519 0.315305 70
-1.42305 -0.160192 70
-11.3353 -9.98076 70
-20.2031 -9.13287 70
10.9138 -9.83623 70
18.9832 -9.35194 70
8.92817 -11.2541 70
-0.758598 -10.3018 70
-0.597021 -9.36037 70
10.7502 -9.53583 70
-1.00145 -9.41971 70
-1.19679 -0.996888 70
9.41306 -0.57472 70
19.3482 9.4471 70
9.5098 -0.696875 70
-0.791972 -9.54741 70
90.2148 50.6855 70
-1.35551 -20.8819 70
10.0497 -1.40774 70
11.4896 -10.7093 70
-0.642217 -19.008 70
-29.8871 -29.0565 70
-0.96158 0.545093 70
8.96584 -0.317106 70
-0.438537 -0.621419 70
-0.674119 -1.22636 70
-1.04585 1.4915 70
11.1701 -9.78963 70
28.7765 -28.8913 70
30.5414 -29.0062 70
8.95636 -10.4307 70
11.1507 -9.63075 70
-9.96201 0.894398 70
-1.43964 -0.227499 70
-0.645238 -1.1058 70
8.7611 -30.3067 70
79.5769 61.3093 70
-10.7642 1.28064 70
28.7523 0.0412985 70
10.2622 -20.8001 70
9.58994 -21.3264 70
-1.24891 0.191416 70
0.594617 -0.562061 70
80.7321 -40.6348 70
1.40568 0.308908 70
0.868171 -0.799816 70
-1.42619 -8.72591 70
-0.507561 -0.818768 70
19.3183 -9.69466 70
-38.7183 -20.485 70
10.7215 -9.36357 70
9.716 11.3534 70
9.57265 -11.0164 70
29.47 0.836276 70
-0.566166 -0.78707 70
20.2666 59.7972 70
1.28064 -0.588622 70
10.8867 10.8159 70
11.1035 -0.369208 70
10.4701 0.253028 70
8.54237 0.218011 70
10.5711 -1.07163 70
-0.375289 -0.268053 70
9.07767 -9.95402 70
-1.0424 -21.127 70
20 -8.81571 70
-1.22448 0.355369 70
-0.051461 -10.2942 70
8.77396 18.8544 70
-1.36365 10.3552 70
10.9928 0.982555 70
0.681446 0.987599 70
19.6061 9.67881 70
10.4707 -9.12067 70
10.1741 1.43229 70
71.3561 -41.3073 70
0.560281 21.4374 70
10.2877 8.54673 70
0.483264 -0.318165 70
9.32902 0.678629 70
1.40016 -9.65876 70
20.8892 -18.9607 70
9.52058 -0.0798004 70
9.03022 -1.48711 70
-119.283 0.261481 70
-119.857 -0.574561 70
-118.51 0.387826 70
11.0065 -19.9336 70
-0.467854 -11.4977 70
11.2157 8.7943 70
0.54939 -9.27718 70
50.7758 10.3225 70
10.1555 -0.304119 70
8.94414 -10.5675 70
-10.6925 21.211 70
-1.40937 0.423926 70
10.2593 10.7306 70
0.0382261 0.254262 70
10.0111 -0.763411 70
0.3856 -0.246058 70
-10.6921 0.316782 70
10.7971 -8.69069 70
20.5382 -21.0248 70
-20.0713 19.1183 70
18.8456 11.0875 70
-9.74273 0.67406 70
-8.89965 -11.1975 70
10.1382 -11.0891 70
20.6636 -10.9207 70
20.7648 -0.169588 70
0.709064 10.8822 70
-0.665223 -18.67 70
-0.749006 -9.99553 70
18.9225 8.91356 70
0.346784 -8.993 70
-0.599373 -9.18954 70
19.9771 0.129803 70
9.89771 -9.357 70
-1.33607 -0.490619 70
-11.3007 -48.8857 70
-19.1099 -8.75694 70
0.134445 -11.1592 70
0.348756 -9.94867 70
29.7013 -1.38937 70
79.07 -18.6683 70
40.79 -9.55069 70
29.3991 -18.8435 70
-0.855228 -1.31638 70
10.8181 -10.4612 70
9.27703 -10.1938 70
9.4431 -19.0922 70
0.193258 -9.41539 70
-1.04638 -20.7622 70
10.6124 -40.3081 70
31.3222 -11.2746 70
0.672171 1.39713 70
-0.503631 9.99731 70
-8.55607 -9.54112 70
9.63866 -1.49243 70
19.1547 18.8455 70
-0.780941 -9.88286 70
9.34486 -1.49594 70
9.98652 1.27983 70
-0.754192 -10.0566 70
0.596211 -9.07137 70
-1.44279 -8.5664 70
-1.39473 -9.68638 70
-1.1402 -8.66986 70
10.4179 -19.4403 70
10.9493 -19.0503 70
-1.17065 -8.91555 70
11.0006 -0.0212182 70
0.42188 1.06939 70
21.3645 -9.27184 70
20.2577 -8.79099 70
19.1656 18.7983 70
8.77192 -9.49618 70
9.27599 0.7184 70
10.4719 -0.159752 70
11.4496 -10.723 70
-0.534736 10.9197 70
10.2477 0.455381 70
8.79879 1.46766 70
18.6451 -10.7738 70
51.2646 8.7119 70
-0.89382 -1.18 70
59.0757 -111.085 70
-8.54015 -11.1817 70
0.553284 -10.4109 70
9.48558 0.50462 70
-0.635642 1.07227 70
1.39252 -1.16767 70
48.6053 -9.9707 70
8.77696 -11.2121 70
70.7156 10.6074 70
11.3453 -9.79714 70
9.53048 -0.782075 70
-1.36833 -10.3706 70
0.139951 0.823772 70
-0.794692 1.48579 70
10.4191 -1.1882 70
9.34104 -0.0477509 70
-1.19152 -10.1582 70
20.4762 0.0299132 70
-0.245126 9.67008 70
110.462 10.5489 70
0.442382 -10.3137 70
-0.744086 -8.61044 70
1.13879 -1.44847 70
8.79834 -19.9732 70
8.85493 -10.6161 70
-0.436451 -1.45056 70
0.508216 1.33933 70
11.3314 -21.0227 70
-30.5237 -31.3443 70
8.76965 -10.241 70
8.7145 -10.9375 70
-10.8522 -19.8567 70
-0.676254 0.105679 70
-0.142652 -8.53312 70
1.36428 1.37808 70
9.60987 -11.3763 70
9.82764 -8.55226 70
1.00738 9.96564 70
-0.39042 20.8444 70
18.9033 -1.00316 70
0.35427 -20.4231 70
11.036 10.4986 70
8.91629 0.62414 70
1.03552 -9.24471 70
-0.44728 -8.91951 70
19.9776 1.40746 70
10.4907 -21.3361 70
-11.4224 -11.1638 70
-0.545039 0.2065 70
1.11439 -0.196024 70
-0.374227 -10.0229 70
0.222724 -19.9276 70
-38.6821 40.5443 70
-1.00128 -1.36971 70
1.02658 -9.88548 70
-1.23198 -9.55048 70
10.6632 -0.863486 70
-29.4979 -9.80445 70
-10.1781 -10.4129 70
21.4717 8.67701 70
-0.419421 -9.15969 70
9.9181 -0.614678 70
10.0211 -10.4923 70
39.858 19.2541 70
0.925337 -9.79414 70
-28.6606 10.9111 70
10.847 -0.801924 70
8.67646 0.110625 70
10.8761 -19.2055 70
11.3847 -19.7212 70
-1.37716 1.44931 70
20.7012 1.42764 70
-21.4039 0.394562 70
9.08219 -8.70253 70
11.0484 -9.12778 70
-9.92115 10.576 70
39.1309 30.9962 70
-0.113255 0.720954 70
11.0377 -11.0014 70
29.151 -60.5693 70
10.1826 -9.86166 70
30.7588 0.104342 70
-0.787807 50.4925 70
0.33901 -19.7609 70
0.0266185 -10.8377 70
0.776362 -10.744 70
11.3498 -30.9897 70
11.454 -1.17884 70
-1.10463 0.071453 70
10.1583 -9.00193 70
-11.4689 -9.80973 70
10.6799 -1.46217 70
-11.4791 29.2208 70
9.69155 -10.9926 70
-11.1862 -10.0007 70
10.9615 -0.970387 70
10.8595 8.53143 70
9.7523 -10.518 70
10.4772 1.4092 70
9.60779 -0.090311 70
-10.3032 -19.9624 70
-8.51637 -39.6609 70
39.8975 -70.48 70
-0.8997 8.9391 70
10.0456 31.4306 70
1.15822 -11.4126 70
-1.14723 -0.634069 70
10.1897 8.60679 70
-9.27021 -8.95635 70
0.370068 -0.539621 70
9.94173 0.634778 70
-29.0053 -19.4299 70
-0.320328 -0.657452 70
-9.09661 -30.5383 70
-11.4653 -1.10076 70
9.0392 10.849 70
10.3071 -9.37411 70
-0.926642 -0.133686 70
10.6616 -10.3197 70
9.09444 0.430741 70
10.4212 -10.0798 70
0.251899 -10.9961 70
9.8461 -9.59682 70
9.40802 -20.7379 70
0.774174 -1.24066 70
-48.6812 -11.2754 70
29.1828 -11.1382 70
18.8181 -1.20471 70
21.0833 0.0153288 70
10.7037 -10.6223 70
30.6165 -49.9441 70
0.0727237 -1.3002 70
-0.229049 1.44445 70
-11.4174 9.0049 70
10.407 19.6193 70
8.96085 -11.4867 70
-0.659806 1.40001 70
0.590342 -11.276 70
-1.04752 -1.49732 70
8.65814 -10.6598 70
11.2172 -1.3796 70
9.42263 0.648219 70
-8.88538 0.29619 70
1.27893 -9.94388 70
8.76 -20.1893 70
-1.49381 -0.496608 70
-10.2817 1.47921 70
-20.8151 30.4323 70
-19.5986 -28.7498 70
-38.8954 -91.3937 70
0.870056 1.05454 70
20.764 -0.779572 70
18.8008 0.112649 70
21.4476 1.40241 70
38.8814 -21.393 70
9.23124 -0.282277 70
10.4411 -0.499047 70
-0.994455 1.44651 70
19.3361 9.26132 70
20.4881 10.1085 70
9.74972 -0.341263 70
