18.9967 10.4591 70
0.604538 -0.0633717 70
0.216463 -0.737167 70
-0.176177 -20.5573 70
0.0511038 8.71152 70
-19.0254 -0.285661 70
0.611132 0.895656 70
-9.09597 0.413262 70
0.208045 0.0182148 70
-21.295 39.1388 70
-10.1128 -1.43328 70
0.348676 -1.36714 70
-0.963174 -9.86603 70
10.1654 28.9557 70
0.728653 1.30755 70
0.311429 -19.2531 70
20.853 -8.93439 70
-18.5813 -31.0542 70
-11.4555 -9.96066 70
1.33281 -0.584939 70
-10.509 20.5076 70
-11.2252 20.8643 70
0.528258 -1.44829 70
0.448108 0.806141 70
-59.6536 -120.486 70
-0.785372 -0.289469 70
0.946728 -8.77329 70
-1.35349 -8.68169 70
29.3624 -10.7873 70
-0.13029 10.7451 70
-0.599227 0.506784 70
-1.42166 -10.9957 70
-0.96454 -0.803185 70
-1.21073 0.822504 70
-40.7086 -20.3329 70
11.4934 -19.9718 70
0.651172 -8.72431 70
-0.00726235 1.00747 70
0.512188 0.572858 70
0.0545583 -0.396016 70
-0.184488 -0.336124 70
0.55547 0.637524 70
-0.680958 1.29556 70
0.247961 30.3061 70
-11.3159 -10.933 70
1.32436 0.402083 70
8.87289 -9.23693 70
-0.188844 -1.00943 70
-0.0447947 0.942391 70
-0.55819 -0.0660094 70
-1.48632 -0.928778 70
-1.12219 20.4822 70
-0.907402 -1.20044 70
-21.4888 10.7266 70
0.25146 -9.05948 70
9.30061 -0.27132 70
-1.48688 1.37408 70
-59.0931 -19.8424 70
39.5469 -38.5167 70
-0.94865 -0.908347 70
40.409 -19.2464 70
0.178959 -0.646773 70
10.7922 30.1337 70
-1.12222 -11.205 70
0.222784 -1.18588 70
18.803 -9.30886 70
0.0899709 -1.04252 70
0.450879 -0.986875 70
-1.45008 -1.28266 70
0.107266 -0.374736 70
39.1012 -8.86948 70
-10.0816 -9.8425 70
0.437028 -1.49382 70
-8.61995 -0.416143 70
-9.36208 1.30826 70
-10.974 -30.2163 70
-0.854713 -0.446092 70
-38.9048 -20.5194 70
-0.657218 -8.70284 70
-0.427299 0.77038 70
-21.4912 -49.6324 70
-10.6439 -0.534629 70
-10.257 -0.263627 70
-1.38772 -0.181337 70
1.29805 -0.502762 70
-0.0190013 -0.475298 70
8.73447 -9.10046 70
1.15715 0.884143 70
-1.49156 0.120948 70
30.1285 -61.2778 70
10.6999 -0.769664 70
10.8962 -1.03208 70
9.0025 -9.96956 70
10.5895 -8.9783 70
20.2 -18.8432 70
-9.45478 -0.0906404 70
-51.4795 -9.07017 70
-1.06497 0.826125 70
10.8834 0.07234 70
0.0578842 0.514403 70
9.33717 1.25304 70
10.5024 1.25474 70
-1.14598 -1.29188 70
-0.643206 -9.32911 70
1.32864 -11.211 70
0.956049 -10.9152 70
0.696492 19.1399 70
1.47483 18.983 70
0.285974 19.8405 70
-59.6324 -30.6743 70
1.26526 -10.576 70
31.0193 -21.3889 70
0.921644 -9.54257 70
10.6216 10.4938 70
28.6549 -0.621361 70
-0.828213 0.427199 70
-28.9712 -18.6608 70
-28.6921 -19.0075 70
-0.207379 -8.83821 70
9.69996 -10.5834 70
19.7874 -39.7362 70
-19.0419 -10.842 70
-89.622 79.7812 70
1.10805 10.4968 70
-0.955312 0.217591 70
-11.0741 0.197955 70
10.573 -11.2995 70
0.844897 0.165807 70
-1.05208 -0.820307 70
1.23336 -1.22711 70
9.81078 -19.1515 70
-8.81808 -8.85564 70
1.32954 -0.37747 70
-10.8965 -0.420933 70
20.9446 41.3684 70
0.763086 -1.28174 70
-0.679192 0.11001 70
-31.2147 21.4739 70
-0.768377 -0.813528 70
-1.34886 -8.70752 70
-0.984298 -0.154511 70
11.0238 9.81346 70
9.81693 -60.4351 70
10.4673 -60.1192 70
-19.512 9.61439 70
-0.903008 -11.3335 70
-1.36251 -1.30903 70
1.33366 -8.67826 70
1.43922 0.117592 70
-11.2168 -1.41708 70
1.09333 0.26144 70
-10.9576 1.27911 70
0.493653 -10.3656 70
-11.1143 10.043 70
-1.21183 -8.75605 70
-0.349659 -0.169655 70
-0.613534 -0.756439 70
0.664389 -9.82894 70
1.29197 1.02556 70
0.0355294 -10.1331 70
-9.36665 -0.857382 70
-1.10041 -10.8659 70
-18.755 0.744699 70
1.12968 0.552968 70
-0.630983 1.44656 70
-31.1612 -50.4165 70
1.43936 -0.0610276 70
-0.429366 0.107132 70
-1.32654 1.42642 70
-1.26695 0.401215 70
10.7815 -11.1091 70
-9.69519 -0.27658 70
0.48882 0.174945 70
-30.1065 -21.0752 70
-31.3095 -20.5319 70
-1.19693 -0.418234 70
-9.72022 -19.6101 70
11.1219 9.9004 70
98.9404 -20.5423 70
19.525 -11.242 70
-9.54257 -8.79605 70
-0.818651 0.753586 70
-20.6828 11.1975 70
-39.8375 39.126 70
18.5221 0.155335 70
0.87821 -1.01553 70
-39.1857 11.2921 70
-1.33808 -0.770289 70
-0.582582 -10.7117 70
9.37181 0.0760979 70
-0.276456 -8.75603 70
-0.648635 0.203889 70
1.47413 -11.3415 70
-0.570199 -18.6487 70
-0.984177 -1.46189 70
-19.9295 -9.17561 70
-10.0204 -9.42743 70
-30.0045 0.170596 70
-1.30144 -0.206144 70
-0.696534 -0.485131 70
10.9288 -9.91675 70
-1.30462 1.12837 70
0.621591 9.22933 70
8.63817 9.33792 70
-10.2737 10.1184 70
1.13956 1.10724 70
0.486076 1.34716 70
9.11269 -9.78653 70
-0.741483 -8.9948 70
1.3183 -11.3628 70
11.052 0.452744 70
-11.4767 -0.885354 70
-0.593605 -10.9718 70
10.3136 -9.23726 70
0.0873021 -10.6637 70
1.13771 0.903294 70
11.3229 -11.3028 70
0.890783 9.27593 70
0.776048 1.05502 70
-1.11866 -8.64559 70
0.96269 -1.28054 70
11.1584 -8.63941 70
-0.529308 -10.7686 70
-1.17159 1.1248 70
-0.896432 10.7282 70
-0.372261 -20.6923 70
-1.22539 0.393709 70
-9.99153 10.0695 70
0.92569 10.0599 70
-40.8569 -9.92741 70
0.401888 0.681749 70
-0.738408 -0.490063 70
-0.594221 0.892356 70
-0.747105 1.27484 70
-0.256712 -0.934967 70
1.29621 -0.647475 70
0.0946291 0.639249 70
0.940384 10.6954 70
0.042991 1.34029 70
0.702506 -1.03258 70
1.22518 -10.6326 70
0.760097 -0.909087 70
0.190779 -1.47097 70
0.600902 -0.0741238 70
1.43244 1.31691 70
9.69339 0.442042 70
-8.75295 -10.4616 70
1.46062 -10.6977 70
1.43551 0.510948 70
20.6351 18.8974 70
0.356327 1.19695 70
0.46325 -0.712296 70
-1.44169 -11.0845 70
-21.2816 -19.8496 70
0.308113 -0.946024 70
0.533995 0.586436 70
0.665368 -79.6346 70
11.0043 -9.72678 70
-10.2923 -9.65243 70
9.83555 10.476 70
-1.10615 -0.924776 70
-0.718976 -1.29098 70
-10.5539 -0.0808635 70
-0.702364 0.104752 70
11.2577 10.2133 70
-0.200798 0.50894 70
21.0071 28.5146 70
-9.50139 -0.722488 70
-0.858491 1.4833 70
-10.9728 19.4253 70
-11.4155 -10.6522 70
1.16136 1.02172 70
-30.7962 -9.54155 70
-1.27116 -0.144318 70
0.0608807 -1.13097 70
0.296559 -1.453 70
-1.37399 9.89908 70
10.1773 20.0695 70
1.19522 9.6165 70
-1.49112 -9.6034 70
-1.07805 0.451126 70
-30.7191 11.4193 70
-20.5945 -9.96355 70
0.985795 0.165665 70
-1.41832 0.21089 70
-0.7352 -19.9029 70
-10.101 -8.55707 70
-0.382668 -19.3864 70
1.06752 21.4628 70
-1.30078 -0.877277 70
0.216245 1.37236 70
-1.44762 0.390068 70
-10.9597 -68.9019 70
0.465722 10.5262 70
-0.350753 -9.08011 70
-0.915965 0.467417 70
-61.0408 29.2354 70
-1.09384 19.152 70
69.6854 99.7828 70
0.990552 -1.4156 70
9.93873 0.0646483 70
-0.867949 -0.775934 70
0.245641 9.97927 70
0.924434 0.5965 70
-10.1845 0.985791 70
-0.787512 1.01666 70
1.37164 -10.0083 70
119.909 -69.4011 70
11.4313 -11.4348 70
11.3989 20.5159 70
-0.477382 11.1686 70
-0.0461104 9.0777 70
-9.84499 -9.18618 70
-9.67557 -11.2152 70
-0.493254 -0.26354 70
-0.868198 0.799853 70
-9.58974 30.0581 70
48.5661 -21.0458 70
-1.14013 0.0534229 70
-0.97875 -10.1876 70
-9.78382 10.0107 70
1.15235 11.114 70
-1.25323 -10.1246 70
0.118038 21.0335 70
1.0446 0.363175 70
1.48497 -1.08475 70
-29.9878 28.6803 70
-19.4436 -0.416294 70
-29.2862 11.0384 70
-30.9318 9.6637 70
0.428649 -19.7302 70
0.762146 0.809526 70
0.594259 -0.11542 70
-11.4215 1.15066 70
80.1029 -9.90857 70
0.798175 -10.0001 70
0.304718 -0.773952 70
9.36417 -61.4944 70
-10.9423 -20.8886 70
-0.537471 0.794881 70
11.4192 1.42428 70
-8.68151 21.2844 70
-1.18834 -0.752316 70
9.80917 -11.3379 70
-11.0515 0.507814 70
1.1977 -11.1111 70
-10.8693 -9.99948 70
-8.84336 -9.4949 70
-19.7834 -0.987003 70
9.41355 1.42109 70
1.10309 1.41223 70
10.6727 -9.43209 70
10.6938 -11.2165 70
0.280731 1.47479 70
0.795641 0.402874 70
-1.31934 -20.4483 70
0.810402 -30.7155 70
-9.6034 -10.1543 70
-9.35991 -0.80852 70
-10.8381 0.738101 70
-0.670828 0.747098 70
1.15316 0.142409 70
-10.8801 0.0441288 70
0.7557 8.85489 70
-0.248546 -0.252422 70
-8.90246 -10.8634 70
0.725376 0.987284 70
-28.8078 -9.75575 70
0.100877 -8.57785 70
10.9194 -1.22679 70
0.840738 0.73681 70
11.2705 -21.0815 70
41.4668 30.6332 70
-1.27895 0.334776 70
-10.3596 -9.50365 70
1.1058 -9.8958 70
-10.2446 -9.37493 70
-10.1187 -11.3551 70
-10.5069 9.347 70
-9.9012 -10.4048 70
-1.16678 1.04434 70
1.296 1.39497 70
-59.1116 101.093 70
-1.2739 10.4716 70
-0.85471 -0.453541 70
1.11543 -9.06207 70
10.6586 -0.441229 70
-21.0848 1.4333 70
-0.3602 1.1157 70
-0.767539 -8.72738 70
-9.23572 -8.59635 70
-0.290237 -0.265076 70
0.738356 0.00409964 70
0.116003 -0.170239 70
9.63062 -11.3105 70
-9.88947 -9.84672 70
0.577022 -0.977378 70
1.02732 -0.496901 70
-8.65636 -9.36547 70
-8.85025 -9.38614 70
-0.831887 0.573949 70
-9.87597 21.2804 70
-28.5089 28.5471 70
0.980211 -29.0751 70
1.07933 -9.78114 70
-1.47554 0.121165 70
-11.471 -9.18149 70
-10.9707 -10.5595 70
-10.645 -10.8336 70
-10.2578 10.235 70
-0.0378511 0.948735 70
1.34942 -1.08961 70
-0.749662 0.146008 70
-1.27002 1.31441 70
-0.0172949 -11.4297 70
30.0794 19.9291 70
9.99835 1.49471 70
38.5589 -19.4893 70
11.2759 0.934642 70
-0.208778 59.8794 70
11.3192 -8.88093 70
-69.3302 59.5215 70
-1.27733 -0.561485 70
30.1575 -21.4701 70
-9.00359 -0.699624 70
1.35494 -1.33399 70
-8.6778 -0.924306 70
-0.796049 1.09713 70
-1.42455 0.195369 70
0.876782 1.24454 70
-0.330524 -0.961623 70
-0.513304 -18.7481 70
-8.92019 0.628849 70
-31.4045 1.40487 70
0.483326 -11.2685 70
10.158 -8.89975 70
10.3062 0.827926 70
70.0554 -9.28265 70
0.823672 1.47288 70
-11.2702 -0.318114 70
-1.48232 -29.7385 70
-0.556083 -0.520578 70
-1.04346 -0.976285 70
-1.27519 -0.208266 70
-0.731579 0.139771 70
0.189218 0.94478 70
-1.29035 0.076231 70
10.0212 10.0383 70
9.57206 10.9694 70
-0.365635 1.05611 70
-0.68206 0.307408 70
-11.1539 -39.9468 70
-1.10973 -9.51605 70
0.375557 -11.0268 70
1.01806 30.8793 70
-9.7021 9.06927 70
-0.797259 0.977497 70
-9.01953 8.75823 70
19.8607 58.905 70
-0.774995 -1.19089 70
-0.307768 -10.7453 70
-1.33245 -0.798043 70
-0.813703 0.0681998 70
0.819251 0.655961 70
0.625339 0.14485 70
-0.146664 0.272866 70
-0.894509 -1.29926 70
49.5358 -19.5132 70
-0.611636 9.63525 70
-0.782127 1.13195 70
-8.89092 -19.6943 70
-8.99968 -109.665 70
8.50314 9.41257 70
-19.6561 20.0596 70
-0.233456 1.12854 70
-9.79566 -20.9026 70
19.0223 -21.1982 70
8.86683 -31.0216 70
11.1702 -30.953 70
-0.400051 1.45348 70
-1.3317 -8.72439 70
1.3058 -0.406216 70
8.62451 1.47272 70
20.1177 8.87078 70
-8.72495 -10.6651 70
-11.0831 -10.4692 70
-10.9207 -50.3402 70
-10.6595 -50.8693 70
-0.465162 0.0463269 70
-21.4219 -21.2505 70
-18.6214 -10.9221 70
10.2524 10.7117 70
0.574091 0.638121 70
0.724351 10.4673 70
-90.8124 88.8352 70
0.768643 -1.44232 70
-0.452721 -10.5616 70
19.0519 48.7421 70
-0.868372 -0.0921982 70
1.43969 -1.1569 70
-1.47952 -0.929027 70
-0.680525 -9.33792 70
-0.0943238 0.879839 70
1.44647 -0.0212122 70
-9.29875 -11.4093 70
-0.149622 -0.111442 70
0.284196 -0.13077 70
29.5047 -31.4625 70
-1.02356 -1.14896 70
-8.82715 -8.78746 70
-8.65341 68.8272 70
10.9708 -19.1952 70
9.67364 -18.7028 70
-1.39501 -10.5527 70
-1.22573 0.0675317 70
8.67008 -21.2863 70
-8.82736 -10.1413 70
-1.01549 -0.327155 70
0.913529 -9.2894 70
-10.2485 -9.17428 70
-9.35478 0.684375 70
0.306625 -0.619976 70
10.5953 1.28295 70
0.821938 -9.48913 70
-10.2562 -19.2329 70
1.0073 -10.5891 70
-1.40572 -0.413882 70
0.350693 -8.6077 70
1.29015 1.12612 70
-8.87093 1.32651 70
-11.4594 21.4949 70
-11.1052 -0.35585 70
-10.4717 -0.441072 70
29.0388 8.82979 70
-0.474963 -0.478577 70
9.8142 -0.86622 70
-0.620304 1.1386 70
-20.1221 49.3253 70
10.3497 1.403 70
-1.41801 -10.3828 70
-1.01101 1.47895 70
11.4327 30.5828 70
9.38315 30.1323 70
-10.5525 0.362287 70
0.374053 0.234254 70
1.1574 0.245694 70
-0.994381 0.72842 70
0.0773137 -10.6822 70
-29.5879 -9.99057 70
-30.9343 -8.85274 70
0.936107 -0.243077 70
8.97698 -10.4464 70
-0.147161 -0.596169 70
0.19319 -11.096 70
-0.611276 -9.37703 70
11.4512 9.97835 70
-11.2164 -8.97733 70
-1.07772 0.0834711 70
-9.74017 -18.8484 70
9.59161 -10.2956 70
40.6282 -58.8394 70
-11.2593 10.1716 70
9.21821 10.756 70
8.70046 9.85048 70
-1.11295 -1.23467 70
0.482307 0.432359 70
-0.299913 -10.4495 70
9.77568 1.31169 70
10.1339 -1.46515 70
0.0737921 -1.48112 70
1.35093 1.40466 70
9.65596 -8.51948 70
0.193555 -9.91319 70
-1.3796 -0.423037 70
0.754051 0.358217 70
1.44512 -9.18768 70
-0.20871 -1.163 70
18.5413 -39.3597 70
0.831947 -19.8217 70
-0.160867 -1.2475 70
0.243816 -0.215233 70
-0.241894 10.5546 70
0.655781 -1.15744 70
10.5154 1.36453 70
-1.2595 -0.880217 70
1.26624 -0.704418 70
1.34435 -0.604642 70
1.49849 -10.0867 70
1.46615 0.781486 70
-0.741059 -0.329 70
-10.3352 -0.289024 70
-11.0379 1.24944 70
0.937459 -8.87149 70
-30.2093 -40.5308 70
-20.0118 -0.358617 70
19.6767 -29.8112 70
-0.775001 0.735074 70
0.97487 1.00501 70
8.53835 -20.9058 70
-1.05977 1.00799 70
-11.0461 10.8341 70
0.712866 -0.336321 70
-1.49534 0.593093 70
-19.0947 19.8308 70
-1.02711 -0.162475 70
10.8184 -21.4649 70
-0.583206 0.00975644 70
0.546764 -0.360934 70
0.0216026 0.903345 70
-120.274 -19.3332 70
-9.5614 -1.01388 70
19.4128 -9.05409 70
-11.1725 0.173622 70
-10.8286 0.422423 70
0.778338 1.06563 70
0.365449 1.37024 70
11.1504 8.72028 70
-0.765027 -1.40568 70
19.217 -20.8666 70
-10.5243 9.53312 70
30.0506 9.80287 70
9.23053 -0.647578 70
-0.0945103 0.148521 70
-0.458346 0.855705 70
-10.3966 -40.5431 70
0.474939 0.698104 70
11.0291 -11.0066 70
0.617428 -10.8522 70
-0.554232 0.902061 70
-0.7296 0.604729 70
9.36712 -11.1083 70
-19.4048 20.5294 70
-10.1436 -0.734788 70
-0.0468855 0.789204 70
-0.673767 1.08348 70
-1.0243 9.16289 70
-0.131697 -0.301775 70
-1.4783 -1.48219 70
-0.83833 19.2467 70
-10.1684 -28.6607 70
11.4944 -11.1025 70
9.50474 -10.3455 70
-1.41833 -9.7301 70
-10.8688 -11.3499 70
50.5123 -20.3239 70
-1.33584 -1.03661 70
0.618187 -1.4988 70
-0.862683 1.2752 70
-9.23781 -11.4975 70
29.2634 -19.3338 70
0.142785 -0.00702428 70
-10.4909 -11.4657 70
9.81463 0.0150126 70
-0.966507 0.783973 70
20.5093 20.1457 70
-10.462 10.9369 70
1.43608 1.31714 70
0.382201 -9.45024 70
-1.25418 1.04595 70
-8.63055 -9.8351 70
-1.35434 -0.360118 70
1.48495 -1.3044 70
-9.55704 0.604973 70
-0.852345 0.691991 70
21.4771 11.3809 70
0.922889 18.6794 70
-11.4864 -0.807743 70
-10.4003 -0.990905 70
1.48002 0.634462 70
-19.0588 -30.0895 70
-1.22507 11.1126 70
-19.7527 -19.472 70
-8.65716 -0.147594 70
-18.7464 -0.0416925 70
-19.6025 -0.157204 70
-1.28213 0.44832 70
-0.776225 0.866443 70
19.9311 -8.84804 70
-9.60935 0.763373 70
0.891344 1.12836 70
-20.3783 -1.10072 70
-20.4295 31.3359 70
-0.924005 9.28856 70
-10.9652 -10.5327 70
-19.6148 -19.6063 70
-1.25643 -0.101396 70
8.55804 60.9401 70
0.455576 1.48768 70
-8.86204 -20.9442 70
-0.435488 0.449565 70
-8.89914 -0.00155886 70
20.3177 -19.3004 70
9.87085 1.2509 70
-9.26372 -0.309368 70
58.804 0.59852 70
20.331 8.70137 70
10.8817 9.78695 70
-0.474684 -0.855493 70
28.9599 -0.684636 70
8.91782 -10.8871 70
-10.1546 9.57168 70
-0.528372 -0.354905 70
-0.710833 -9.72636 70
11.1288 -8.84405 70
-0.145679 0.0476778 70
1.08094 9.72876 70
-9.7024 -0.657686 70
30.8199 -30.4794 70
10.8443 1.19092 70
8.56818 -19.1364 70
-11.1979 -0.531758 70
20.7617 18.934 70
-40.7406 -18.6774 70
-9.48527 19.7537 70
21.3442 -9.71965 70
-0.0409717 1.39633 70
18.723 -8.70746 70
1.17437 1.1506 70
-8.60187 0.225267 70
-9.98359 -9.38853 70
49.0309 29.8527 70
9.00081 -0.967049 70
-0.787705 -11.1393 70
0.0217218 1.21048 70
1.1499 -10.9991 70
1.3504 0.734324 70
-8.88524 -0.240464 70
-0.83467 -0.384615 70
-20.561 60.2468 70
0.294778 1.16617 70
-0.268769 -9.50217 70
-1.21599 0.478846 70
-0.0701661 -8.76602 70
0.934253 -1.16326 70
-1.44184 -0.677714 70
-0.406479 -0.475035 70
-8.66264 -9.59128 70
10.077 31.318 70
-0.639909 1.19074 70
39.8887 -40.1299 70
-11.1648 1.04703 70
10.4942 -9.87463 70
-11.3226 -0.0472119 70
0.131584 -0.611457 70
-8.79946 -0.370926 70
1.03192 -0.618949 70
-0.728284 0.109005 70
0.868053 0.360542 70
8.69192 -9.04518 70
0.449834 -48.6074 70
1.30505 0.184289 70
-8.65942 0.562266 70
-9.85265 20.5302 70
-30.141 -81.078 70
0.816349 -9.81681 70
19.4051 -30.8204 70
29.1089 -31.4985 70
-50.0114 -20.8209 70
-51.2901 -20.563 70
-0.243474 -1.2715 70
0.817659 0.245165 70
-0.415899 -0.347378 70
