-11.1788 60.1905 70
70.3911 -19.1554 70
10.6925 -1.01167 70
1.1979 1.47618 70
20.7797 11.312 70
20.5939 10.346 70
-1.25437 -9.92025 70
-1.24436 0.100894 70
0.85793 0.714598 70
1.28351 0.481138 70
0.148024 0.297425 70
-19.6513 19.4812 70
-10.7382 0.0764322 70
-0.854944 1.25949 70
-59.4057 8.79996 70
8.53574 8.70783 70
-0.60275 -0.970044 70
31.3063 10.8578 70
0.590963 -1.10495 70
-0.563649 -0.995774 70
9.11037 -1.45106 70
10.4452 -10.1914 70
9.91018 -28.8986 70
-0.443892 11.2863 70
-0.47469 0.240115 70
31.4602 30.7982 70
-0.285867 1.37301 70
0.671772 -1.34379 70
-10.1976 -0.603527 70
-0.668222 -9.92371 70
-29.815 11.2955 70
-0.801955 -1.48814 70
-1.44218 0.19401 70
-8.67126 21.3483 70
68.8762 10.3944 70
-0.307318 8.82366 70
9.59367 11.3532 70
20.7393 -0.630401 70
9.80004 1.01201 70
-1.08523 -9.59129 70
1.05205 0.479435 70
-1.10523 -10.7913 70
-0.665629 -0.933748 70
10.7255 -11.4915 70
-9.62922 9.37294 70
30.1555 -0.815905 70
41.1249 -9.74018 70
0.561111 -21.2769 70
20.3891 20.144 70
0.102904 -1.09919 70
-29.7399 -1.29216 70
1.02559 -81.0701 70
19.8779 20.5767 70
-0.556513 0.44805 70
-20.0832 20.0675 70
10.7812 -20.2804 70
1.14935 0.482752 70
-1.12911 -10.8151 70
-1.18281 1.08652 70
-20.3832 -9.38303 70
-20.2243 -10.6584 70
0.0615177 -1.02568 70
-0.68381 -11.3414 70
-30.5479 0.980264 70
-0.456764 0.500007 70
-0.345028 1.47804 70
20.2895 1.26 70
-31.2496 31.2764 70
-19.0334 -29.8571 70
-0.340803 -1.17905 70
-0.562973 1.22171 70
0.94222 1.06431 70
-18.7119 -30.6731 70
-0.294527 -0.938585 70
0.401881 -0.387561 70
110.972 -19.5208 70
0.493803 -0.201731 70
-0.24159 0.576287 70
11.2645 0.805575 70
-11.2724 1.08761 70
-11.2057 8.83159 70
0.126354 -20.3974 70
10.2944 0.480179 70
-0.0188151 -0.534952 70
0.110477 -0.787598 70
-1.46023 -0.778218 70
-10.8186 0.563633 70
0.018899 1.37619 70
-0.575448 1.31237 70
1.36725 0.725013 70
39.8494 -1.00778 70
10.9543 0.799186 70
10.431 1.40614 70
-10.181 10.1575 70
1.19098 -11.333 70
1.12973 -0.617358 70
-9.06325 -20.2083 70
10.0381 9.51455 70
-19.5918 10.1073 70
-19.9569 8.62781 70
-20.1505 9.65557 70
18.8543 -21.1613 70
-10.8226 1.26704 70
-0.239709 -30.7645 70
-0.823043 -0.615072 70
1.13827 9.33874 70
9.93149 1.06005 70
0.361028 1.09219 70
0.966403 0.400972 70
28.6653 40.0793 70
18.6024 -0.304806 70
-0.753238 -1.41209 70
-0.501735 1.36975 70
-9.10033 -0.502076 70
-9.60833 -10.0862 70
-10.4643 19.5247 70
0.66837 0.652637 70
1.32712 0.812535 70
0.209764 -11.2105 70
-11.0081 -8.58401 70
-8.59165 -10.7801 70
-8.94497 10.0104 70
9.47804 -10.1609 70
19.6218 9.08295 70
-0.804481 0.84471 70
-0.521274 8.74769 70
-0.0089065 -0.490508 70
-1.04629 0.33468 70
-0.975485 -1.39017 70
-28.6566 -8.83954 70
-18.8078 -19.3497 70
21.0182 -1.43304 70
1.07023 1.10126 70
91.1877 -19.7182 70
0.727867 -20.3711 70
-9.13262 -10.7196 70
29.849 9.07611 70
-0.0884781 9.48524 70
-1.48339 0.393127 70
1.14386 0.94156 70
-10.6549 40.6836 70
0.0644421 1.006 70
-39.7194 20.8283 70
0.365795 0.508248 70
10.388 29.9049 70
-9.40299 1.2588 70
-8.62715 -0.477811 70
10.5321 0.488641 70
-0.181736 -1.42446 70
-0.514614 0.223203 70
10.3741 -0.272702 70
-19.4344 -10.7568 70
-30.1713 20.3288 70
-11.3614 9.04926 70
-0.498964 0.443483 70
0.546426 -9.55661 70
-1.23121 11.1362 70
19.1911 -9.73409 70
0.551767 1.0651 70
9.17201 -1.28846 70
11.3953 0.334116 70
9.80956 -1.33058 70
11.2996 -10.5843 70
-0.701356 1.25187 70
0.0590943 1.37473 70
20.3323 0.801628 70
29.9633 10.7713 70
1.48566 -0.852555 70
-0.458214 -21.1428 70
1.17415 -1.24172 70
-10.0664 11.2636 70
29.5494 -9.00359 70
1.32819 0.206854 70
-19.6092 9.81017 70
-1.27379 0.826159 70
-1.10352 1.11189 70
0.667138 -9.84108 70
-0.701667 -1.09613 70
-1.07087 1.40459 70
-0.566287 -0.241491 70
-0.476399 0.817883 70
-8.50172 10.5409 70
-49.0031 -19.4118 70
-9.56201 10.631 70
0.0650293 1.35181 70
-0.401453 1.18859 70
11.2442 9.7275 70
0.38173 -1.03493 70
0.608165 -0.689341 70
1.35228 0.0109155 70
0.109167 1.00088 70
9.65991 10.3776 70
0.147876 -1.42403 70
-0.396459 -9.21488 70
0.736803 -0.185185 70
0.0120512 -1.35906 70
10.4053 0.703454 70
-11.0329 -0.437822 70
1.34792 0.483122 70
0.615446 -0.0036378 70
-0.510602 0.657239 70
0.662572 -0.18776 70
-0.863495 20.0437 70
-0.571609 11.4236 70
20.7843 41.2829 70
1.17716 1.20811 70
10.9159 9.82311 70
-0.070697 1.02164 70
1.19386 -0.153945 70
0.986733 1.23046 70
0.668953 19.6997 70
-10.9172 -0.128432 70
0.512989 1.04057 70
-0.358046 1.26859 70
1.3183 0.377084 70
1.42009 1.41466 70
0.272179 -0.425272 70
-21.4766 0.407148 70
-9.42164 11.0737 70
28.5452 0.871297 70
-29.1393 -9.58284 70
9.25086 -1.13767 70
0.193909 -11.1286 70
-19.9164 21.3667 70
-11.184 -0.560634 70
0.255703 0.325143 70
0.435677 8.71907 70
0.645843 0.44946 70
-0.367631 0.548688 70
-10.9139 -10.3043 70
9.98444 -1.36703 70
8.52287 0.410935 70
-20.18 -9.7909 70
30.6837 -18.9893 70
31.1961 -20.7528 70
-10.3534 0.845425 70
0.0709565 1.44204 70
1.12902 -0.878415 70
-0.281461 1.25 70
-0.835511 0.36834 70
-9.28694 -0.214504 70
-1.24691 0.137572 70
-1.09523 -1.26796 70
39.27 99.8085 70
0.237721 0.502091 70
-0.172238 9.53944 70
18.9813 -1.20792 70
-0.193201 -1.06008 70
-0.774423 -0.757392 70
1.43378 -0.86947 70
9.52854 0.860268 70
1.40342 -19.6892 70
-29.8664 11.4908 70
-1.13658 1.41605 70
-0.527815 -0.803519 70
9.64899 9.02136 70
-21.3352 0.48013 70
-1.05708 -0.638021 70
0.892079 0.824136 70
0.912821 -0.811803 70
1.34023 31.1225 70
-1.30634 -11.1283 70
-18.7085 59.7198 70
-1.09099 -10.186 70
1.27213 -0.00438183 70
0.0874296 -1.15986 70
-0.292974 8.91952 70
-1.49185 0.0308708 70
0.177635 0.236427 70
-0.0502253 -10.5148 70
-0.475538 -9.79143 70
-0.102249 -0.363514 70
9.13454 8.73249 70
-9.51297 0.261432 70
-11.2136 -20.4549 70
10.2335 -20.6535 70
0.681442 -0.0899645 70
-0.456764 -1.20502 70
-0.99132 -1.4206 70
-0.553058 -1.04608 70
1.00365 -0.877056 70
20.5016 9.49581 70
0.491357 -1.26068 70
0.103967 -11.0298 70
-11.4498 -28.5785 70
21.2833 -29.6425 70
1.17129 39.2714 70
-19.4127 20.3244 70
-0.714251 0.668258 70
10.7887 -1.04942 70
1.15162 39.8738 70
1.24772 0.750421 70
-19.1026 -10.7192 70
0.782886 -0.836881 70
-10.8245 19.9887 70
-40.7389 8.60243 70
0.79726 0.917089 70
9.3601 -30.6572 70
-1.40097 -1.31867 70
1.38693 -11.1725 70
-1.15079 -0.209612 70
11.3705 9.3688 70
-1.41367 0.186963 70
10.9321 21.0566 70
1.45608 -9.55178 70
-8.63478 10.1188 70
0.505458 1.2453 70
-0.826601 9.00125 70
1.11638 8.56416 70
-11.0756 10.0338 70
10.3463 -9.78725 70
10.0963 -1.04169 70
-1.03247 -0.201726 70
-0.139198 -0.449811 70
-1.24507 -0.289736 70
-0.0823862 -0.937636 70
-1.04234 9.50825 70
11.1777 -10.401 70
-8.59577 9.17908 70
-8.5614 8.93342 70
11.3862 1.17122 70
-0.791266 -1.16843 70
-0.201133 -0.968617 70
0.575382 0.391153 70
-1.22906 1.46782 70
20.3195 10.1359 70
-1.33445 -1.01247 70
9.99973 10.4729 70
-1.25474 1.46272 70
1.03664 -0.473953 70
-0.648437 0.585694 70
0.646166 0.692871 70
0.394425 -39.7941 70
10.1483 -9.57727 70
0.818986 -1.38975 70
-10.4954 28.6176 70
-0.626984 -0.724746 70
-1.13898 1.28434 70
-0.901571 -0.184871 70
-0.860706 8.58143 70
-39.6239 -68.9243 70
1.42956 11.3939 70
39.4436 49.7434 70
9.58709 -28.8968 70
1.31064 -0.285591 70
9.37284 10.5545 70
0.0951266 9.55855 70
1.00927 11.072 70
-10.008 -0.0879966 70
-8.90689 19.8875 70
-0.936663 -0.381976 70
-0.158484 0.322355 70
-1.48737 -0.655363 70
-0.695589 10.5481 70
-110.618 19.8684 70
10.9864 11.3909 70
-11.4293 -9.56421 70
20.3446 -8.59426 70
-0.264792 1.23504 70
20.7814 0.98123 70
0.0816438 -10.0871 70
-0.306193 -1.25725 70
-10.9952 20.2588 70
-1.35569 0.33861 70
1.4047 -1.38631 70
0.123116 0.848851 70
-1.4009 -0.897683 70
0.600526 -0.0607404 70
-0.930801 -0.917592 70
0.269131 -1.22376 70
0.18616 1.21804 70
10.6807 -30.6238 70
20.3939 -1.0657 70
-0.384917 -0.713463 70
-1.09706 -0.905071 70
-21.3677 8.57405 70
-11.3671 -1.41951 70
8.92676 29.831 70
11.1152 -18.5271 70
-11.1625 -10.8454 70
11.2405 -9.65895 70
-0.795656 10.7992 70
-1.18081 10.6243 70
-0.450941 9.03624 70
-1.34537 0.444566 70
29.1166 -1.44693 70
31.2769 0.505314 70
-0.208118 20.3076 70
-0.0420825 -0.233676 70
-0.939613 -0.831858 70
0.0607701 -0.794502 70
0.00599769 1.49543 70
0.274329 -0.694009 70
1.19177 0.65963 70
-1.36468 -0.122461 70
9.78909 -0.699231 70
-1.49059 0.101985 70
-0.202742 -10.9025 70
8.62728 0.370909 70
-1.15305 10.9908 70
-0.939088 -18.6202 70
1.28815 31.0413 70
-10.6181 0.343949 70
0.855849 -0.672426 70
-19.6116 19.968 70
31.1549 -0.929495 70
1.00248 -0.995323 70
1.22265 -1.10727 70
-40.2469 1.09009 70
21.0352 -8.58344 70
1.08646 1.13932 70
-9.53506 -9.10204 70
9.6613 -1.06714 70
9.61171 0.477398 70
10.2197 -0.090152 70
10.7232 0.671038 70
-80.0511 10.5473 70
-0.418797 -0.837077 70
-1.29766 -0.751214 70
-1.36287 -0.593839 70
-50.1126 19.4004 70
0.975659 0.98859 70
-9.10441 11.4622 70
-9.15558 19.452 70
0.285623 -0.715512 70
-1.20042 -11.194 70
8.84622 9.06107 70
-0.629955 10.3721 70
0.41745 1.05443 70
0.876491 0.183266 70
1.37115 -0.059583 70
-0.737513 -9.31874 70
1.13898 -9.339 70
0.300257 0.0374012 70
0.425725 9.20998 70
-48.9895 -19.0672 70
38.6269 -29.2879 70
0.376654 1.49861 70
1.42983 1.44996 70
-8.64989 -10.7658 70
19.079 -19.6786 70
20.2982 9.27732 70
-1.13036 1.48535 70
10.3258 1.43716 70
9.63499 -1.28811 70
-0.723407 -1.09917 70
8.85964 -10.3179 70
9.41113 0.999627 70
-1.4704 1.43007 70
-9.37695 8.51856 70
0.0948345 8.79699 70
-11.062 -0.662185 70
-1.25721 1.34835 70
0.184047 -0.76728 70
-0.740182 1.07508 70
10.8289 -1.16109 70
0.635544 -10.652 70
-1.23992 0.457776 70
-1.15266 -0.987806 70
-9.11265 -20.545 70
-10.3547 -9.71509 70
-1.44104 -0.44692 70
9.45207 19.214 70
-0.0543061 -1.07588 70
10.5902 -0.0415009 70
10.3344 -39.0227 70
9.46856 -38.9697 70
-11.2883 0.426687 70
-0.938063 0.793712 70
0.53597 0.0611369 70
-10.8858 0.392827 70
-49.8411 -50.922 70
-0.548323 0.705709 70
0.228949 0.546244 70
-10.4081 -8.80651 70
-10.2557 10.8765 70
-1.18506 -0.455482 70
71.4393 -21.1133 70
-0.925051 -1.19539 70
0.984094 -0.260933 70
0.60754 1.41463 70
0.657156 0.758808 70
-10.7862 9.74519 70
-8.78265 11.2583 70
1.40671 -19.8006 70
1.16003 1.48977 70
-19.3184 -0.84555 70
-9.48763 0.110184 70
10.498 0.520936 70
9.40939 20.9609 70
0.411409 10.6509 70
0.704929 -9.04823 70
-1.06119 0.389274 70
-0.312358 9.65116 70
-0.597711 -0.845779 70
-10.1932 -0.273659 70
20.4336 10.8537 70
1.36948 -1.42478 70
-1.47195 -0.02373 70
-1.30092 0.886983 70
9.92514 -1.06127 70
20.7023 10.4572 70
1.12929 -0.491252 70
-1.00232 -1.44228 70
10.7041 0.411019 70
1.46506 -1.22686 70
-9.28766 0.727848 70
-1.38859 -0.282295 70
31.4449 -9.40594 70
0.235851 -0.595637 70
8.57423 -0.604354 70
1.33082 -9.16493 70
-1.41588 -0.471524 70
11.1613 0.771795 70
-10.3134 -29.8951 70
1.03862 -1.15924 70
-31.0142 -0.204152 70
-29.827 -0.457632 70
0.0313972 -0.677525 70
0.254094 -9.8206 70
11.1249 -10.2906 70
0.911794 -1.2653 70
-0.399833 -0.956364 70
1.2339 0.1901 70
28.7526 -28.7905 70
-9.98088 20.9035 70
1.45268 0.965019 70
20.3829 -40.1456 70
10.0452 -9.94991 70
-1.26684 -18.8716 70
-1.15831 0.133175 70
0.404134 -11.3202 70
-1.41899 -1.20259 70
9.23621 -9.82787 70
-89.2899 -49.1715 70
-0.951873 1.43713 70
0.815959 -0.358401 70
-1.38918 -8.64805 70
0.226654 -1.24155 70
49.2351 -21.3154 70
-1.22575 0.93423 70
0.15106 -9.16 70
1.04497 -0.705132 70
1.39067 -0.112061 70
-0.221551 0.994714 70
0.131929 -1.33776 70
-1.11073 0.62054 70
1.38303 0.450652 70
-0.154158 -1.44229 70
0.592491 -1.48396 70
1.42454 -19.4965 70
-1.27026 10.9843 70
-10.614 -19.3242 70
1.39666 -1.47615 70
0.635312 9.303 70
-0.776556 -0.549085 70
10.7982 -10.8184 70
11.092 11.2666 70
20.6231 10.2926 70
0.0760469 11.4598 70
-0.846923 -0.259308 70
11.0181 -1.0851 70
1.13061 1.08707 70
0.0494629 -0.356906 70
-0.128296 -11.3736 70
-10.6157 0.430283 70
-10.2486 -8.59059 70
1.41434 -1.02357 70
-1.19057 1.26805 70
-0.336578 -0.826254 70
-0.0451947 0.636398 70
28.8607 -21.3603 70
-99.1621 29.5821 70
10.8702 9.32856 70
8.86146 10.203 70
10.507 0.347726 70
-10.7816 8.79102 70
-0.247021 -1.43242 70
-1.15023 -1.23836 70
0.571217 -0.651171 70
11.3671 1.39423 70
0.478131 0.0530702 70
0.925686 1.12017 70
58.908 19.4548 70
-0.508483 -1.39967 70
1.39674 1.34709 70
-60.0252 -69.9529 70
11.3923 -1.30872 70
0.775112 0.237499 70
0.476148 -1.35121 70
-0.928308 -0.673706 70
0.86884 10.124 70
9.7027 -1.2953 70
48.7848 20.9448 70
-0.45327 -0.528383 70
20.1094 -9.70863 70
-1.09772 -1.16202 70
-1.00791 -0.26534 70
-0.586432 -1.0884 70
1.24092 0.188401 70
1.41525 -0.933434 70
69.5405 -39.7091 70
-1.03751 -0.997689 70
-10.5261 -11.3667 70
0.723021 0.226227 70
-0.751383 -0.374009 70
0.665179 0.828494 70
0.30996 -8.97711 70
10.4316 9.50827 70
-1.47323 0.354421 70
10.4505 -0.239768 70
-10.7067 8.59707 70
-8.99751 29.9538 70
-10.9811 0.765814 70
-20.2881 -29.7305 70
-19.3424 -30.913 70
9.60443 9.53474 70
10.024 9.53045 70
-30.077 -18.7082 70
-0.159336 10.8044 70
31.4896 20.4989 70
19.9345 0.46463 70
1.32986 -1.34722 70
9.88739 -9.59744 70
-1.41919 -1.11394 70
-119.615 -69.9987 70
11.2048 -0.91201 70
10.0443 0.180469 70
0.00489701 0.565323 70
-9.57587 41.4616 70
-8.66867 11.0833 70
-1.35993 -0.637919 70
-1.06295 0.958901 70
8.91098 0.450681 70
-0.208684 -1.10834 70
-1.19478 0.17722 70
-1.30829 0.0245583 70
10.8552 -0.416303 70
11.3189 30.0496 70
10.9126 9.14826 70
-0.23517 -0.266835 70
9.29534 -21.3437 70
1.41213 1.05438 70
-20.3527 -49.2113 70
0.69008 0.806661 70
-10.3409 -1.22988 70
9.20942 -9.87177 70
11.3043 -9.98916 70
1.26279 0.963149 70
-8.82693 10.3478 70
0.240835 -10.0377 70
19.2443 -0.833928 70
-8.82362 -0.942832 70
-10.8968 0.464194 70
0.297566 -0.204061 70
0.353925 -0.30775 70
0.886697 0.341864 70
-0.869389 -0.778214 70
1.31546 -0.582056 70
10.8127 -0.388657 70
-20.6385 1.12788 70
-10.9194 19.6752 70
-0.117866 0.674597 70
0.704142 1.12082 70
1.29722 0.177686 70
-31.3783 -49.8378 70
8.66352 -0.866244 70
-8.94411 -10.676 70
-21.2262 21.3815 70
-0.900117 10.5262 70
18.7896 38.9794 70
9.26177 -0.135451 70
1.19296 1.08465 70
51.1099 8.7801 70
49.3119 8.65949 70
-0.466981 0.740463 70
10.1542 -20.2373 70
-10.6102 -9.05531 70
8.54216 1.46987 70
0.7322 0.646277 70
0.623435 -0.796474 70
11.4357 48.7274 70
-1.03183 0.130155 70
-10.4167 -11.2543 70
10.7635 21.3893 70
0.34551 -0.820039 70
-59.9088 -69.4672 70
1.0802 -0.577301 70
0.844516 -0.811569 70
1.33617 0.676444 70
-10.7257 -0.75034 70
1.37233 -0.158666 70
1.42925 -1.20947 70
20.7539 -30.0155 70
-0.193019 20.7423 70
0.761415 -0.784876 70
29.3367 9.54317 70
1.35584 -1.35935 70
-49.341 0.893323 70
0.417196 10.4284 70
-0.432995 -19.5086 70
-8.57324 10.345 70
-1.12506 -0.562516 70
-0.322552 -0.566612 70
10.2235 0.817108 70
31.0762 -29.9689 70
-0.776194 -0.912054 70
0.757328 9.71316 70
-0.311221 -0.921695 70
1.06173 10.9001 70
1.42705 0.91949 70
-0.180896 -9.91723 70
19.3736 -0.373055 70
-0.0228965 80.233 70
0.906703 -0.141133 70
0.39886 10.6428 70
1.07854 -0.397139 70
-9.66758 9.96209 70
0.843455 0.734976 70
-8.79079 -21.2047 70
9.63645 -0.120382 70
9.17021 0.828807 70
0.547564 8.88067 70
-0.673026 0.580063 70
19.5627 -0.746973 70
9.2622 -0.713526 70
-0.988573 0.806367 70
-11.0492 -0.381874 70
-0.0497548 9.28168 70
0.905287 -1.00449 70
0.372858 0.25454 70
10.1383 -30.2719 70
-1.49317 0.434449 70
18.6479 -8.56764 70
19.1682 -9.90412 70
0.391994 0.929879 70
-1.47377 0.0491551 70
9.47115 -0.646792 70
30.6297 -10.1121 70
-1.34937 0.0251523 70
0.956888 -0.612769 70
-19.5933 1.43157 70
-0.645167 0.315494 70
0.941423 -0.573341 70
-20.6936 -18.8924 70
31.2646 9.2662 70
0.275206 1.08973 70
0.12422 -0.143106 70
-0.288811 0.330855 70
39.2509 -10.0942 70
-11.4707 10.7894 70
0.802539 11.3623 70
-10.7233 -8.6109 70
-9.66769 -9.83917 70
-10.8829 0.890686 70
-0.620498 0.829265 70
11.433 -0.16803 70
-9.60631 -1.47844 70
-1.3293 0.129399 70
0.676886 -19.1503 70
0.839552 -10.7366 70
11.162 -8.72672 70
-50.4797 1.48648 70
-1.25352 -0.332593 70
8.93137 28.8004 70
1.02227 0.984542 70
8.82149 0.601488 70
1.02311 11.0816 70
-8.77646 8.95603 70
41.4185 19.5281 70
0.834847 30.0316 70
-50.3499 -40.4364 70
9.2319 0.0526364 70
9.58871 -8.88639 70
-1.18376 11.2544 70
30.0717 20.74 70
-48.7937 18.9792 70
10.0108 1.12692 70
-0.915832 -0.273538 70
20.3042 -20.2961 70
-0.806609 -0.165658 70
0.213738 0.736034 70
-1.10218 -0.514083 70
1.09491 9.64116 70
-39.393 40.9186 70
-0.352293 1.48898 70
40.1705 -30.6321 70
-0.978817 1.23717 70
0.721226 10.4494 70
0.31055 0.905091 70
10.2553 10.2082 70
-1.43247 0.140731 70
10.0513 -11.2533 70
-29.7008 -0.291634 70
-29.5624 -20.5632 70
9.29732 1.404 70
-1.04964 -0.173211 70
-0.328018 -20.5564 70
-11.4559 1.18636 70
-20.8959 8.94238 70
-1.15695 1.28835 70
-20.1214 -1.38705 70
-9.50092 1.09061 70
1.47522 0.0696068 70
9.0403 -8.53557 70
0.79955 0.421411 70
-9.19614 -1.19896 70
0.988534 0.988665 70
-9.52293 0.420609 70
-10.6601 -0.364168 70
0.390963 1.38821 70
0.173445 0.206909 70
-1.35058 -1.33512 70
-18.7223 19.597 70
110.558 70.7552 70
-1.09191 -0.906824 70
1.0541 0.256021 70
-1.14204 1.37665 70
9.71667 0.103906 70
-0.552181 -0.422712 70
-29.2036 -20.5441 70
0.789028 -0.619353 70
-0.953923 -0.517042 70
40.2782 38.8614 70
-0.439755 -0.168316 70
-0.423346 -0.250415 70
-9.53707 9.13765 70
-9.65456 -11.4229 70
-0.928133 0.877475 70
-0.294926 -0.176273 70
29.1889 20.4261 70
1.43141 -0.727162 70
-10.8798 0.630969 70
-1.24716 -18.5872 70
0.492468 -0.493573 70
-1.43228 1.22366 70
1.21635 -0.702349 70
-0.300623 -1.09314 70
-70.8272 -38.7722 70
0.258138 1.02864 70
-0.99751 10.4937 70
1.38282 -1.32156 70
1.28391 1.16837 70
0.37782 0.182581 70
-10.577 8.89341 70
10.5457 1.11053 70
10.9826 19.2315 70
10.3664 -0.505864 70
10.7221 9.4315 70
-28.7262 -21.4162 70
-0.481514 -0.282137 70
10.6735 1.27772 70
-9.9608 0.218154 70
-8.66424 1.36876 70
8.97229 0.00603467 70
1.09275 40.1112 70
-9.2995 120.285 70
-9.76459 -0.664234 70
-10.955 -10.2817 70
-0.999807 -0.823706 70
-8.75969 -21.2164 70
1.18981 -1.25949 70
0.977864 0.157265 70
-0.848616 -1.04718 70
0.0266531 0.555039 70
-11.2849 -11.2273 70
-8.67719 0.810927 70
29.2693 -1.06205 70
-0.128874 -0.389372 70
1.49799 0.629323 70
19.3997 -9.98839 70
-0.132358 0.30989 70
-9.18043 11.266 70
19.8459 -0.179505 70
