9.50257 0.167379 70
-0.494872 -0.617108 70
-0.935519 0.693779 70
0.0134842 -9.46285 70
0.569167 0.452428 70
10.4168 -1.33871 70
0.596903 -0.509964 70
18.506 18.9133 70
19.8711 0.353824 70
0.0209411 0.0957099 70
0.0924292 11.4219 70
-0.997364 -10.3415 70
0.40981 -8.64236 70
-11.0826 0.122997 70
-1.48053 0.954497 70
20.6425 -21.3265 70
1.31517 -10.0041 70
-11.0794 -8.7633 70
1.04031 1.19871 70
-49.041 -28.8866 70
-0.253897 -18.8152 70
-10.2399 -10.9371 70
9.62865 10.8583 70
9.20072 29.3144 70
-9.12654 -1.42477 70
-10.7286 0.327479 70
20.7348 -1.07155 70
18.6491 9.21447 70
11.2103 10.0326 70
29.7733 -0.235985 70
0.608808 -11.4901 70
0.358414 -11.2959 70
-10.4916 -1.03605 70
-9.54763 -10.6964 70
0.676795 1.40269 70
-0.382699 -21.3426 70
-9.29858 0.9183 70
0.468543 -10.6215 70
0.8854 -9.98818 70
-20.0681 20.4412 70
0.00841609 1.14556 70
-10.5139 -0.263345 70
10.8658 0.902009 70
-0.881175 -20.5251 70
-0.226785 0.226397 70
11.1149 9.61825 70
10.9718 -8.84342 70
-11.3367 19.6625 70
0.912312 -9.76933 70
-11.1714 0.347005 70
1.28368 1.25623 70
0.285033 11.342 70
-11.4083 -40.0153 70
9.35725 29.6261 70
10.725 -18.9092 70
0.00113771 0.692347 70
-29.6953 -0.865976 70
11.4283 -0.290628 70
0.40751 -9.90336 70
-8.55269 -1.49093 70
-8.89365 -9.65898 70
19.1859 -119.164 70
1.08503 0.707245 70
-0.0153889 0.824509 70
-31.3577 79.5883 70
0.161562 0.624262 70
-1.36392 -0.833193 70
-0.748374 0.582579 70
8.70879 -0.647054 70
-0.00832001 1.14966 70
0.149584 -10.9663 70
-29.1478 -1.16855 70
1.10092 1.21958 70
9.69106 10.2278 70
29.949 49.8407 70
0.822638 -9.86389 70
0.865992 -1.23393 70
1.08435 0.984143 70
-50.3657 -1.29571 70
1.25619 -10.0535 70
-18.9946 8.89387 70
-0.324241 -10.0727 70
-0.362768 0.949755 70
0.821897 -0.265237 70
-11.2664 8.78794 70
0.430755 0.0565226 70
-19.2412 -18.5463 70
-1.26607 0.284355 70
10.8191 -0.702397 70
0.217297 -8.75355 70
-0.725728 -8.91175 70
9.97323 0.762505 70
18.5313 19.7986 70
0.944856 1.16006 70
-1.21773 -9.25088 70
-0.592759 -0.437467 70
-19.7037 9.20771 70
-1.32247 -8.74106 70
0.890473 1.46127 70
-0.729959 -9.4364 70
60.8058 -30.529 70
-10.2633 -10.9373 70
10.089 -20.0919 70
-40.4264 -20.8585 70
-0.665874 1.32809 70
-9.71733 0.705637 70
8.96062 -19.4452 70
-9.6771 -8.97084 70
-9.42553 0.435014 70
-0.413279 -9.009 70
-0.830197 -1.14403 70
-0.889308 -0.102946 70
0.138486 0.110098 70
28.7491 -40.9718 70
-0.588921 0.960682 70
-9.10522 9.44791 70
-1.27262 -11.3728 70
-19.2471 -31.4114 70
-10.6601 1.29685 70
-29.3374 -99.2221 70
-1.3387 0.299192 70
1.40424 1.09881 70
-0.652307 0.733856 70
38.9496 10.7402 70
39.7039 11.1474 70
-8.83342 11.3929 70
-18.8552 -0.0814954 70
-1.08651 -9.61471 70
10.5667 -0.847809 70
-1.19093 -8.57423 70
-1.4614 0.330322 70
-39.7539 -49.6086 70
0.0502053 -18.7251 70
-19.511 1.15705 70
-10.7383 -10.1098 70
0.181365 -1.28842 70
-10.4408 9.77341 70
0.066296 -9.99416 70
11.1667 10.0274 70
18.9005 20.5805 70
-29.2704 9.66279 70
31.1223 -38.5293 70
-10.2588 -0.365515 70
1.24325 -0.0580593 70
-0.618343 -11.3756 70
0.518824 -11.257 70
-0.664082 -1.48636 70
9.52195 0.124121 70
8.88543 0.560491 70
1.40003 9.517 70
-0.616098 1.25149 70
-1.0058 -18.8181 70
-1.29732 11.44 70
-9.04988 -20.7352 70
1.20223 -10.1383 70
1.2276 0.875851 70
-20.7799 10.546 70
-0.330745 0.564999 70
0.830757 -11.3395 70
-10.9342 9.42824 70
0.208443 -1.30015 70
10.9755 0.699071 70
-1.30836 -9.9132 70
10.1079 -18.5325 70
11.4777 -61.0744 70
-1.15603 1.36164 70
-50.493 -39.5882 70
-0.483697 -10.9024 70
1.19744 -0.132408 70
19.1742 0.784678 70
9.51331 30.2458 70
-20.6599 10.083 70
11.1517 -10.5957 70
-1.10406 -10.4172 70
11.4912 -49.7351 70
-0.0252613 -8.6791 70
39.3695 1.10606 70
-0.688752 -10.9807 70
-31.2691 -31.2041 70
9.19171 9.86527 70
10.8791 9.54929 70
0.492428 -0.375183 70
-9.10178 -11.2786 70
30.7343 9.99426 70
-0.307481 0.477478 70
-0.566021 0.444347 70
0.436426 0.67637 70
0.541837 -9.42921 70
0.23464 -0.656135 70
0.222556 1.42098 70
0.592243 -11.3144 70
69.223 -1.46192 70
10.4039 0.607432 70
-9.13315 0.763666 70
-1.43571 -0.496947 70
89.0035 -10.3518 70
-0.192206 -10.2524 70
-0.903228 -1.22806 70
0.987053 1.00291 70
-0.273578 -8.70983 70
-9.57514 0.579427 70
-11.0027 -1.1061 70
9.62604 50.6133 70
0.357565 -9.37578 70
-0.0839065 0.437742 70
-30.1782 10.8086 70
-10.185 -10.1465 70
1.24543 -9.4046 70
-11.305 -9.23743 70
19.4025 0.45165 70
-0.996159 -0.258979 70
0.0289163 1.30906 70
-1.21399 9.01345 70
0.779584 -19.2822 70
50.1198 40.1841 70
0.579421 1.15364 70
-0.706184 1.19435 70
38.7679 -19.2351 70
9.56614 -1.27497 70
9.01393 9.81322 70
-29.34 -0.948411 70
9.42825 8.97198 70
-18.7831 -11.2753 70
8.67178 -9.89072 70
0.865601 1.18511 70
10.0238 -30.0831 70
-0.673469 -9.3476 70
0.0287814 -49.4053 70
1.31737 1.07615 70
10.6555 1.20909 70
11.4754 -8.68094 70
-8.64197 -9.84516 70
-1.41462 1.4303 70
-9.57288 -8.98803 70
0.724116 -10.6269 70
-8.77551 -11.097 70
-8.79549 -10.4629 70
-0.686653 -10.2008 70
-18.5696 9.60384 70
-10.8735 8.79856 70
-0.723944 0.0900245 70
-11.1238 -8.68461 70
1.10002 -8.88538 70
10.0176 0.8666 70
-1.21657 0.287125 70
-10.8058 1.36365 70
10.989 -8.62247 70
9.3717 -0.500785 70
0.527911 -0.581084 70
-10.6044 1.34306 70
-1.17861 -0.459717 70
1.02717 -1.0482 70
-0.458535 -10.166 70
1.03908 31.1563 70
-9.6684 -11.3803 70
-0.311631 0.81932 70
9.00842 -18.5117 70
9.91371 0.722622 70
0.314114 -11.3215 70
-0.417695 1.36158 70
-0.972637 -21.3272 70
0.464733 -1.46697 70
49.6658 20.7171 70
-10.4516 1.38473 70
-29.3935 9.72188 70
10.0405 28.6267 70
9.18194 0.318884 70
9.48872 0.738216 70
40.6347 -61.3914 70
1.33219 9.25182 70
-1.1573 -9.20262 70
-1.17008 -0.0238583 70
-1.18807 -29.7045 70
-18.9265 -11.4864 70
-18.9148 -8.5393 70
-1.37542 -0.918021 70
-1.12221 -9.47472 70
-9.22298 -0.687354 70
-10.4966 0.995356 70
59.7652 20.2228 70
-1.1392 -9.83023 70
-1.34973 -1.20447 70
-8.77068 10.4602 70
0.814213 1.20577 70
0.126615 0.183647 70
0.917674 -11.2433 70
-30.3632 11.3022 70
18.768 28.6191 70
-0.7459 -0.573504 70
10.1123 -8.85136 70
20.0647 -20.498 70
8.843 -29.362 70
-20.3712 -20.0573 70
-0.726275 -1.28419 70
-0.160493 0.875001 70
-9.66955 -1.47202 70
-0.476297 1.22617 70
-1.10579 -41.0099 70
-0.349436 0.509948 70
70.5411 -48.8915 70
10.2896 29.4307 70
-9.28745 0.788733 70
8.66691 10.8864 70
8.92463 31.2338 70
-8.6985 -10.3952 70
68.7779 19.4642 70
0.38626 -0.916079 70
-8.7649 -10.334 70
-11.0882 -8.62427 70
0.127469 -21.3961 70
19.6386 -19.7104 70
-9.07769 0.413556 70
30.7304 1.49762 70
-11.0024 -1.40873 70
41.3039 -50.3295 70
0.319417 -10.183 70
79.5568 -59.2242 70
19.9832 41.4882 70
49.3083 49.9764 70
21.4452 -29.567 70
21.0193 0.0146357 70
9.22193 -0.621877 70
0.109137 0.582239 70
-0.340583 0.412772 70
-1.17335 -11.0559 70
29.7746 9.02261 70
30.137 10.6026 70
-19.5318 21.4084 70
1.1088 -9.43742 70
10.2205 -9.74876 70
-9.98315 10.1247 70
9.45476 -8.93246 70
-0.288385 -0.179883 70
0.519549 0.184968 70
0.250443 -10.1548 70
9.61717 -18.7328 70
-0.00783005 8.61063 70
-9.88717 -50.4974 70
-39.001 -20.7558 70
-1.3983 0.85887 70
39.6343 -39.4473 70
-10.8389 9.84926 70
-11.4157 9.5621 70
11.3792 0.00805837 70
-0.945122 -0.694862 70
-10.3307 -10.0424 70
-0.493913 1.3336 70
11.0984 -19.2552 70
-10.4364 -11.2588 70
0.791366 0.0885656 70
19.8493 -0.291862 70
-0.450403 -9.2194 70
-0.100231 1.04506 70
-0.188568 -0.157645 70
-9.67089 -1.4071 70
1.12092 8.75141 70
18.7434 -9.26251 70
1.20195 -1.09661 70
1.13558 -9.92708 70
10.4632 0.747451 70
8.86501 -20.4335 70
9.60419 -19.4164 70
10.2482 -20.8186 70
-0.607828 0.639746 70
1.4155 8.57825 70
29.0572 -21.1975 70
11.36 19.9785 70
-9.66723 9.13906 70
1.44922 -1.07249 70
-0.07771 0.762409 70
0.0628779 -8.80553 70
-19.4052 -10.3652 70
1.13559 -0.930564 70
-0.955803 1.26616 70
-10.9862 -0.417601 70
39.5729 -40.604 70
-10.9747 -9.02685 70
0.780734 -8.67428 70
11.2944 -49.9014 70
81.3803 39.1245 70
-11.2627 1.16641 70
68.5361 0.979101 70
0.72651 -10.5806 70
9.24979 0.725854 70
-9.03417 -18.7743 70
1.48812 1.24046 70
8.50105 -8.53668 70
9.20951 -49.5168 70
-31.3493 19.062 70
-19.8777 1.16838 70
10.6642 -8.65623 70
-10.1393 -9.50715 70
-10.782 0.29341 70
-0.257717 0.737851 70
0.913556 -1.46433 70
-0.203166 -1.09008 70
-9.84583 9.16829 70
-0.19909 -10.6463 70
-1.2966 39.2656 70
-29.5706 -10.7676 70
-10.5483 -10.0031 70
-0.499669 0.695291 70
-29.4676 -30.7873 70
-1.38666 -1.39778 70
1.35644 -10.6377 70
-11.3249 -10.3423 70
0.561154 -10.4593 70
-121.34 -61.2769 70
-0.502225 1.1142 70
18.758 39.0575 70
19.4289 40.5524 70
11.3663 -1.04366 70
9.17941 -18.8826 70
11.4093 1.17939 70
0.574727 -10.8306 70
-0.434333 -9.94626 70
-1.35634 -0.707032 70
-1.05527 -20.9578 70
-20.5014 -0.650729 70
-0.0700517 0.0918231 70
0.644828 1.02339 70
1.18517 -0.886951 70
11.2359 9.32497 70
-19.3061 -0.914569 70
0.779039 -9.36463 70
9.1061 1.19913 70
-0.827642 -10.5721 70
0.970417 1.27057 70
-0.357138 -0.776516 70
49.1478 1.27858 70
-9.67006 -10.853 70
71.32 -29.0392 70
69.9027 -30.0964 70
0.979037 9.93655 70
-8.91493 -20.548 70
-9.6996 -8.89851 70
-11.0614 -9.89404 70
-10.9738 -9.63145 70
-10.4967 -0.587473 70
18.511 -19.9144 70
18.6649 -0.137199 70
1.42994 -9.84261 70
9.99239 0.0205436 70
21.2241 -8.89516 70
-20.7963 -0.314932 70
-19.9933 -21.3458 70
39.4268 30.0988 70
-11.3029 -0.402976 70
8.52644 -0.477893 70
-0.155905 -19.7115 70
-0.398034 -21.2587 70
11.3353 0.223848 70
-0.885852 0.606 70
-18.9707 9.59929 70
-11.3222 -9.38125 70
60.7171 -10.1552 70
18.6243 0.110863 70
0.10913 -1.34311 70
-69.3999 -0.740308 70
-1.10135 -9.43315 70
-8.65262 -11.1251 70
-29.8764 0.365244 70
0.632512 -10.8902 70
1.38463 1.42831 70
-9.86133 -9.33868 70
11.0183 1.48271 70
-8.7634 0.557165 70
0.105245 -9.53435 70
11.3538 9.93034 70
-1.06277 -0.54402 70
0.371284 -1.27466 70
30.5627 -0.559251 70
-1.28244 -19.4123 70
-8.94607 -20.2345 70
-9.01132 -31.4022 70
39.9851 18.5328 70
-9.33293 -39.84 70
30.3082 -28.7617 70
19.6375 -29.0672 70
-0.0957188 -11.259 70
-0.581756 -0.825082 70
-0.224117 0.365515 70
9.75742 20.5027 70
10.4856 -10.1886 70
0.00278073 0.134273 70
0.342506 -11.0331 70
-0.89113 -10.0287 70
8.73251 0.0925482 70
11.4893 -10.371 70
-19.5107 -20.6819 70
-49.9373 -1.26886 70
-1.10242 -0.968459 70
-0.487147 0.698247 70
0.0942608 -0.217608 70
-0.900908 -1.18559 70
-10.1223 11.0028 70
0.01252 8.76344 70
-1.08196 1.00626 70
-8.78478 9.67098 70
-29.1105 -28.5423 70
1.47572 0.617282 70
1.23856 -0.010917 70
50.9569 -11.0482 70
-10.3749 9.67355 70
1.22669 -19.1975 70
-0.928165 1.03577 70
0.547084 20.365 70
-0.713514 -10.4511 70
9.21221 -0.012356 70
0.863406 -11.2208 70
0.274 -8.50142 70
29.3637 -9.96137 70
0.599042 -9.33569 70
-1.42021 -9.60321 70
9.47068 0.276497 70
-21.2765 -69.9665 70
-0.161453 -9.67073 70
-20.5265 29.0699 70
-10.0693 -0.893296 70
9.86112 -0.0856646 70
10.0982 -1.31967 70
-0.58645 -1.44589 70
-60.6708 -49.9119 70
0.408185 -10.7929 70
-0.530662 -0.1177 70
9.40026 -30.4343 70
-0.251305 10.1822 70
30.8278 0.0094884 70
-0.27358 -21.3167 70
-9.18552 40.4627 70
-8.78365 40.0701 70
-11.4816 39.7042 70
-9.26426 41.2346 70
8.81342 8.69096 70
-0.042359 -0.948505 70
-8.67761 -1.28984 70
-10.8381 -10.8292 70
-11.2594 -10.3227 70
10.4801 -8.95037 70
-0.488862 -10.346 70
10.5579 -9.82437 70
39.3528 41.0333 70
-10.9861 -0.233646 70
-0.0432506 -0.652082 70
18.8397 -19.1142 70
10.0772 -31.2409 70
-1.45046 1.27456 70
10.4718 -0.572451 70
10.8444 -0.308425 70
-1.49901 21.1248 70
-0.82433 0.498013 70
-10.925 -18.674 70
1.16043 -0.651892 70
0.235661 -8.96696 70
1.38175 -11.1905 70
0.621593 0.433395 70
0.928539 -0.355252 70
1.03349 -0.0576798 70
-9.80586 -11.0128 70
-10.3561 0.324236 70
-8.83256 -1.29575 70
11.0263 -41.0731 70
9.21103 -38.5971 70
110.984 119.743 70
0.929496 11.1929 70
-0.764771 0.395029 70
1.20714 1.48628 70
-9.44991 0.567708 70
-1.10099 19.8468 70
8.7624 11.165 70
0.911022 -8.76928 70
-0.427872 -0.297321 70
-9.74166 -10.9964 70
10.2377 0.360124 70
1.0061 0.43174 70
0.661661 -10.8026 70
-0.812425 20.5879 70
-0.57392 -0.971264 70
-1.13417 -1.30034 70
-10.2887 -18.8415 70
9.64183 10.0216 70
10.03 10.9871 70
-0.0373925 0.214286 70
1.0791 1.29703 70
8.87555 0.614061 70
0.145707 0.750049 70
-11.3034 50.1307 70
-29.9046 19.4423 70
-0.458904 0.521391 70
-0.748874 10.2118 70
0.846553 -9.62635 70
-0.489848 -1.03171 70
-10.64 -1.25793 70
1.14897 -10.3734 70
9.3599 -8.73287 70
0.964158 1.34915 70
-11.4002 -19.2035 70
9.85464 -1.04971 70
-20.025 11.1096 70
9.52096 -30.9199 70
11.1691 -29.1489 70
11.2364 -28.9727 70
10.3599 -10.8167 70
-0.517669 -10.3427 70
1.44645 -9.52975 70
0.573704 0.587009 70
-9.78991 0.412793 70
-0.171571 -10.7318 70
-10.9807 -9.45119 70
0.229391 -1.35724 70
-1.07658 10.7467 70
9.51457 0.706436 70
-9.4246 -10.2484 70
0.778868 -10.9943 70
10.4583 -0.656492 70
9.8127 -10.7499 70
-0.536302 -0.384788 70
-19.5459 -41.0731 70
-0.146549 0.926232 70
1.23259 0.025989 70
1.19609 -11.024 70
-10.4735 -1.4907 70
0.578623 -9.56667 70
1.04985 -9.06334 70
-1.03269 9.31886 70
-0.39652 0.372887 70
-29.8 -9.91872 70
-0.142673 0.897185 70
29.5138 0.948545 70
-49.2055 10.0269 70
-10.5533 -9.4543 70
10.0456 -0.905656 70
-28.8124 -19.8099 70
-0.82229 -9.73518 70
-20.7289 -78.8979 70
0.634068 0.18806 70
8.72831 -8.8459 70
-0.201934 -9.07215 70
0.91418 -8.84896 70
-0.202081 9.74442 70
119.489 51.3366 70
1.31016 -0.913665 70
-19.7037 20.5873 70
30.8341 0.297259 70
-1.49324 -0.643246 70
-19.4599 -0.0183897 70
40.4483 -10.0476 70
0.98143 -41.2562 70
-0.459229 10.5277 70
0.271767 10.233 70
0.379003 -1.22487 70
0.372393 -0.724034 70
-1.32979 29.571 70
-1.4903 -10.8858 70
-0.580688 -10.0161 70
-9.55964 -0.74739 70
-38.6261 20.0725 70
18.9636 -11.2623 70
-0.0208813 -1.11696 70
-10.9986 -11.3488 70
-0.484871 -0.138852 70
-9.8474 -1.01502 70
21.4719 -8.53515 70
-10.8422 -10.4845 70
-30.6608 20.0604 70
-11.4258 0.109302 70
10.3352 -19.0989 70
-0.116858 0.385304 70
0.778717 -9.05198 70
8.83717 10.1724 70
1.30329 1.37704 70
-9.88216 -0.866639 70
-30.3834 30.6563 70
-0.384238 0.978639 70
1.06208 -0.186746 70
-0.126058 -10.9065 70
-0.692248 0.975214 70
9.66179 10.2008 70
-20.2565 -0.71546 70
9.13136 1.07873 70
-29.4356 41.4055 70
-8.57783 -8.78394 70
18.7855 19.2969 70
8.50306 -8.67733 70
-10.9604 -0.781049 70
40.7921 18.5348 70
0.381127 -0.905798 70
0.0533865 0.834028 70
-10.1147 8.99714 70
-0.0308444 -10.918 70
-1.3731 9.8403 70
-0.903605 11.3503 70
9.88203 -19.6772 70
-0.0102864 0.600703 70
0.680189 -51.3373 70
-9.29653 -8.70442 70
-10.8145 1.28894 70
-0.158521 0.676034 70
-1.10159 -0.227658 70
-8.79185 -0.075512 70
10.757 10.9932 70
-19.6295 -10.0205 70
-21.454 -9.4916 70
0.22094 -0.169747 70
9.18446 20.6639 70
0.565103 -0.438357 70
-20.7773 -11.1849 70
1.23732 -10.2532 70
0.258771 -0.247563 70
0.668859 -8.87394 70
30.313 -8.52725 70
0.815614 0.0839298 70
-0.520534 0.409227 70
-31.2506 8.85369 70
-30.4425 -21.4553 70
18.6 -8.87303 70
10.3045 -19.7152 70
8.84353 30.1707 70
10.3482 -10.559 70
0.254435 9.57095 70
0.911779 -0.281668 70
9.50682 -21.0744 70
0.850876 0.938466 70
0.49074 -1.16001 70
-10.7874 -9.56231 70
28.606 10.7448 70
-0.529421 -0.606055 70
-60.7982 -39.5574 70
-11.0052 -29.8614 70
-9.46569 -10.1729 70
1.12868 1.46723 70
21.1073 -0.946616 70
9.43428 -11.4283 70
-29.9095 10.7335 70
-0.739411 1.41745 70
-1.30177 0.572031 70
-0.723909 -10.0817 70
-19.5632 -10.6317 70
59.6044 10.3108 70
11.0568 -20.2011 70
-0.516871 -8.75426 70
10.4416 1.07075 70
-1.07361 -19.6511 70
