1.30025 -0.686108 70
19.0561 10.7902 70
-1.48362 -0.068818 70
0.6815 -0.229281 70
-10.0664 0.0412871 70
-11.1487 0.361355 70
-50.0556 -49.5139 70
1.01073 -0.383783 70
-1.38648 -0.257978 70
9.47192 -0.213304 70
10.9116 11.0295 70
-9.53495 1.29012 70
-0.243525 11.2944 70
0.193822 8.66015 70
0.338745 0.552594 70
8.78405 0.901588 70
1.22857 -0.454166 70
8.58228 10.2274 70
9.49467 10.8495 70
-20.87 40.8895 70
8.59395 -0.348753 70
21.2631 -11.2736 70
10.9414 -1.18491 70
-1.24944 9.71985 70
-1.46773 -8.94661 70
-0.596479 -9.62573 70
0.926278 11.2101 70
0.267377 8.59118 70
9.00764 -0.801941 70
1.08102 11.4342 70
-0.461418 1.44208 70
-1.01387 0.767803 70
0.293742 11.0586 70
29.4007 -19.5108 70
0.484745 1.46085 70
8.77888 0.557581 70
-20.3924 20.2075 70
0.289973 -0.694397 70
-1.31755 -18.7928 70
1.07715 -0.513505 70
-31.1626 40.9944 70
-29.7949 40.5865 70
-0.0101465 1.39863 70
0.825913 -0.292532 70
0.741706 -0.540963 70
-49.6588 -59.9817 70
-19.9925 -0.471316 70
-0.319312 0.147529 70
9.46921 -0.790719 70
0.657754 8.82696 70
9.66198 8.61334 70
-0.82269 9.84135 70
1.45249 -1.43689 70
10.1467 1.28882 70
-0.879593 0.0718061 70
-0.510741 0.5539 70
8.88131 -0.827699 70
10.3848 20.608 70
-30.2063 48.6582 70
1.18021 -1.31554 70
-0.6797 -0.0592317 70
-0.0922303 -8.62071 70
9.7665 11.3395 70
10.4128 -0.662496 70
-0.842149 -1.15571 70
0.510351 -0.322312 70
-0.0490192 1.07133 70
-0.789171 0.0774563 70
0.184341 0.19447 70
0.12087 0.833681 70
9.59014 0.219671 70
1.40591 -0.595002 70
10.6772 1.33073 70
0.630379 -0.307981 70
-1.17662 1.22655 70
10.3411 -1.21132 70
9.54992 9.35521 70
9.54862 19.486 70
1.09281 -0.656889 70
-1.2876 -0.541856 70
1.09916 -0.260664 70
1.18314 -0.948661 70
9.92804 -8.72223 70
-0.79109 10.3184 70
-40.1928 -10.4462 70
1.45993 18.6227 70
0.441977 1.06185 70
-9.67665 -0.483692 70
-0.832415 -1.16548 70
-51.4611 -18.6371 70
20.3812 49.1876 70
0.984354 1.25574 70
-31.2075 10.3549 70
-9.49781 8.67829 70
-0.247339 -0.775263 70
-40.0462 48.7309 70
0.116881 0.220036 70
10.28 -0.511149 70
11.1065 10.2328 70
9.20381 0.253045 70
11.1289 1.27448 70
-18.7226 69.6072 70
1.28474 0.501983 70
-9.41164 0.980622 70
10.1274 19.9376 70
0.0467588 10.2817 70
10.3343 40.572 70
9.63142 -1.08033 70
9.43656 0.157254 70
-0.382367 0.884591 70
10.3345 11.0449 70
-19.4871 -19.8927 70
-1.22578 1.23371 70
1.16925 -8.81654 70
-0.209207 -9.22414 70
0.468368 1.23911 70
0.156665 9.06501 70
1.49952 -10.4635 70
-29.2903 31.3925 70
-31.0199 60.5755 70
9.24772 1.17935 70
0.919676 -0.323438 70
-9.15693 -1.03034 70
-10.302 21.0898 70
0.566118 -0.563408 70
30.3069 11.1501 70
-9.11065 -1.24517 70
0.81873 -1.09913 70
-10.2001 0.0483524 70
-9.27574 -0.443801 70
-30.654 -1.13615 70
9.44348 -1.18044 70
9.05242 -10.0058 70
1.06947 1.06542 70
-0.792606 0.760043 70
0.0694095 9.25786 70
20.2446 9.3053 70
11.2722 0.635355 70
-1.02648 -10.3736 70
9.42673 1.20796 70
0.531886 9.99416 70
0.137893 8.94901 70
-30.5891 -1.33741 70
0.584333 -1.28366 70
0.0396582 -0.700366 70
9.88528 18.7305 70
-10.7694 -10.9488 70
8.59645 18.6851 70
8.69507 8.73067 70
0.642307 0.0828427 70
-10.4432 0.399105 70
-0.0774114 11.2255 70
-0.749728 0.369568 70
-0.910244 8.96892 70
8.87026 -1.08437 70
0.997529 10.1488 70
-0.735578 -8.62153 70
30.1993 -9.84475 70
8.66277 0.418117 70
1.33743 0.33158 70
0.695095 -0.390938 70
0.740803 0.418794 70
-0.155478 10.7109 70
-11.1338 10.2739 70
1.19264 -1.10158 70
-20.1033 -11.125 70
-18.5736 -20.9971 70
0.560454 -0.231819 70
0.91154 8.64385 70
-1.47085 -1.42845 70
19.442 0.588751 70
-0.812606 9.40625 70
0.567676 1.00013 70
0.573554 9.33182 70
-10.8773 11.3492 70
1.01314 -1.20955 70
38.7112 9.06777 70
1.08486 11.3395 70
31.4946 -0.0891481 70
-1.02696 1.10911 70
0.856222 -0.23782 70
10.9847 -20.3106 70
-0.726767 -0.379306 70
0.594771 1.12112 70
1.03202 -10.7658 70
-10.9966 8.61842 70
10.7524 -11.3356 70
10.674 -19.2253 70
8.91784 -10.708 70
-1.09941 0.0306456 70
1.04383 1.22809 70
-10.7735 -0.272853 70
-1.11952 0.336009 70
20.9145 -21.4531 70
0.246966 -8.63916 70
1.17601 0.769092 70
-0.338692 1.25834 70
-1.12908 -0.90553 70
-0.159855 10.2333 70
-70.4254 39.5632 70
0.234239 -10.9869 70
88.9307 51.0868 70
89.3423 49.4394 70
-0.594603 -0.0719029 70
-1.4485 11.4183 70
-0.542478 11.0569 70
21.3145 -9.39271 70
-0.207856 9.96873 70
-9.34383 9.4359 70
-10.1644 -10.6346 70
19.3785 10.862 70
-1.25444 -0.379912 70
11.2751 0.817571 70
10.1909 10.8557 70
9.47597 -0.262438 70
10.1583 0.689413 70
10.0724 -1.3597 70
11.4456 -0.0301789 70
0.510188 8.53894 70
10.3619 0.420756 70
11.2643 21.4651 70
11.2767 10.8941 70
-11.2303 -9.63663 70
20.1687 -0.668567 70
0.156982 0.611161 70
-0.277029 1.42569 70
0.593 -0.455258 70
10.2324 0.182948 70
50.2889 -1.28781 70
-10.1085 0.970872 70
0.171627 1.06485 70
9.93243 -0.371165 70
0.401029 30.059 70
-0.195331 -9.85725 70
-0.84191 0.600561 70
1.27295 0.175355 70
0.962124 -10.8201 70
0.572749 -20.8352 70
-40.4858 40.7572 70
0.793937 -0.277036 70
1.02204 10.0312 70
8.98198 -0.686853 70
8.57893 -1.00761 70
-0.181788 0.88323 70
-9.54842 -9.26813 70
1.20562 -11.3629 70
31.1703 10.0383 70
-10.1284 -10.3706 70
-1.26304 -0.432623 70
18.7921 -1.37489 70
-0.524414 -1.31546 70
1.10237 -0.647103 70
-0.734342 -0.844254 70
0.467624 -1.40014 70
-8.68499 11.221 70
-10.8203 -1.06404 70
-1.42314 -1.24617 70
0.452071 9.80324 70
0.316921 1.16167 70
0.865358 -0.902994 70
1.33862 11.1577 70
31.2395 -10.069 70
-0.594998 10.3186 70
1.46182 1.45531 70
-11.0475 11.1216 70
-9.91088 29.211 70
0.91521 -19.3539 70
-10.0191 20.1518 70
11.4709 -10.4214 70
69.1504 20.5011 70
20.358 -1.24438 70
-1.23218 10.3819 70
-21.1657 -0.289972 70
11.0176 18.9785 70
-8.93724 20.458 70
-0.344673 -0.389081 70
10.2495 20.6049 70
-1.27001 88.6442 70
20.8235 0.603733 70
11.2339 31.2729 70
-8.78347 11.4428 70
-0.687915 0.16594 70
11.3867 11.4165 70
-11.478 0.756447 70
-10.414 21.2714 70
51.3986 -50.9961 70
0.319111 0.609394 70
1.2036 0.793345 70
-8.62601 -10.0055 70
-9.31433 0.0408581 70
0.0670456 -11.1873 70
-1.10979 9.62342 70
10.4083 1.48551 70
-9.19562 31.3439 70
10.0423 -0.612021 70
-0.0512174 8.81507 70
-0.635119 9.09953 70
-1.04493 -0.154605 70
-1.07429 -0.487751 70
0.0461198 10.8418 70
-0.674422 1.17765 70
0.268922 -10.8542 70
9.30155 -30.9567 70
8.70911 -0.292035 70
-0.736656 -0.144127 70
30.5959 -38.8437 70
-0.399217 0.317759 70
1.12103 1.06727 70
9.74405 11.4322 70
-0.399389 1.21071 70
-0.984948 1.42661 70
0.238718 0.484096 70
-0.993514 1.23293 70
0.60977 1.45597 70
8.99411 -1.13833 70
-11.4459 38.9096 70
-11.3932 0.563924 70
-0.819226 9.2068 70
0.883225 -0.80587 70
11.0267 -51.2108 70
11.1952 40.664 70
10.4396 0.46215 70
19.1141 -8.89828 70
-0.298756 8.7031 70
-0.728404 1.47777 70
-0.0370459 10.5317 70
-0.0663228 -10.9739 70
1.33107 19.8889 70
-0.983058 -1.40806 70
-121.084 -11.4918 70
-9.40035 10.578 70
0.646196 -19.4647 70
-1.44408 0.399539 70
-20.3645 10.449 70
0.516199 0.348441 70
-0.631992 -10.6231 70
-9.22603 -79.9086 70
-10.3267 -0.663545 70
-8.59109 8.56007 70
-0.537236 0.806048 70
20.3323 0.593194 70
-0.693531 21.4072 70
-29.4259 30.7582 70
9.06155 0.458668 70
-20.8876 20.9966 70
10.9806 -10.3104 70
1.26271 -0.824289 70
19.3902 1.23575 70
-11.457 -0.643023 70
0.817115 -1.06488 70
21.2426 9.06938 70
-1.18463 21.0714 70
-0.964267 -8.58203 70
-0.393552 0.362892 70
0.329901 -9.78104 70
-1.26468 21.3068 70
10.7632 1.34396 70
-11.3159 -0.917227 70
9.51871 -1.40864 70
21.2664 9.99216 70
0.166578 20.652 70
0.15223 11.3969 70
1.38122 -11.1404 70
0.512955 -1.28506 70
-1.27726 0.906858 70
0.418171 11.0269 70
8.77456 -28.6364 70
-1.28114 -9.36348 70
-0.173305 1.16776 70
-8.64144 -0.465742 70
-1.46006 0.303961 70
0.533156 -0.826476 70
10.9035 -0.0872106 70
-1.44175 -0.109106 70
-0.529883 10.7839 70
-11.4852 1.47331 70
-1.3687 -50.8501 70
9.1446 9.38201 70
10.9698 -9.30102 70
1.06874 0.2686 70
20.812 -0.192599 70
50.9086 30.8212 70
31.4739 8.56677 70
39.8475 18.6698 70
-9.35081 29.9778 70
0.395898 41.2157 70
10.6068 -1.25963 70
-29.9962 30.908 70
9.89681 -9.73246 70
1.17073 18.536 70
0.656606 -0.173617 70
0.110443 30.7791 70
11.124 9.54493 70
8.96193 -19.9811 70
0.705764 -1.208 70
0.75905 -0.956183 70
-0.326796 0.682296 70
-0.407305 -1.36205 70
40.9612 -19.801 70
30.7766 9.85119 70
11.0795 9.72671 70
8.85869 10.9307 70
-8.63881 21.3457 70
68.5389 29.6519 70
70.9073 31.1239 70
0.0312681 1.39353 70
0.481657 -21.0543 70
0.934391 0.2334 70
-1.14306 -1.12719 70
-20.6616 -0.0283806 70
0.650083 -9.39771 70
9.15647 -1.43388 70
10.2468 8.94975 70
20.991 -10.543 70
-30.9374 10.8323 70
-0.271629 0.358761 70
9.06163 -9.50911 70
9.04893 -1.04576 70
-1.06463 8.82972 70
19.4788 0.780557 70
19.8427 9.66638 70
-19.3197 8.9442 70
-0.572803 0.514863 70
-0.0245648 -0.889136 70
1.4443 -0.946876 70
-0.117933 -0.715953 70
-10.888 19.6713 70
0.85608 0.268049 70
-0.563206 -1.10617 70
18.6431 -29.3462 70
-11.4543 0.233508 70
-0.0776266 -0.550521 70
0.817865 1.43556 70
-1.49735 -21.257 70
1.37611 0.797819 70
0.325642 -1.40924 70
-1.12565 -1.22464 70
30.6332 120.457 70
-9.79833 -0.835724 70
0.88342 30.356 70
-11.3481 -1.4139 70
-9.95696 -9.91862 70
1.39054 10.819 70
-1.32065 -0.169272 70
11.041 -10.6851 70
0.0977299 1.05621 70
8.90891 -0.563327 70
-0.0234447 10.5383 70
-0.904203 0.506746 70
19.4523 -19.7468 70
-0.867588 0.0137179 70
-9.36687 -10.3601 70
-0.134782 -0.227593 70
0.856336 0.364862 70
0.0849934 8.56715 70
9.61074 1.47582 70
19.3794 10.8268 70
20.2554 11.4982 70
9.89723 0.930205 70
29.9591 8.68938 70
-1.25371 0.314263 70
-9.19735 30.7564 70
1.46244 0.356971 70
-1.40409 11.4495 70
-0.964806 8.60411 70
0.100927 0.399997 70
-0.371969 8.70453 70
-21.2817 -8.84444 70
-10.1238 -0.410448 70
-0.936881 1.5 70.9823
-0.471879 11.047 70
-1.23666 0.759496 70
1.48091 10.3578 70
-0.0359027 -0.876546 70
1.24423 0.385748 70
-9.95442 0.231747 70
-29.9891 -0.0944487 70
29.4382 -20.825 70
-0.164773 9.70189 70
-21.255 -20.69 70
9.42216 19.476 70
18.7585 -0.926491 70
-1.11435 -0.589442 70
-0.125399 -1.39066 70
19.9556 0.267785 70
-0.127089 -0.389155 70
9.39753 9.41209 70
9.63802 1.41125 70
-10.8326 9.28584 70
29.2411 21.1867 70
-10.4582 1.22118 70
10.9754 9.89268 70
-21.4325 0.301249 70
-9.66239 0.463836 70
-10.7216 -20.2426 70
-1.20105 0.456655 70
8.95338 1.18447 70
0.611344 -0.0482629 70
-0.495046 1.18901 70
-0.589698 9.77715 70
-9.01817 0.467221 70
110.661 -68.694 70
-0.208509 -0.446942 70
10.6819 10.1243 70
9.82844 11.0608 70
29.1844 20.2267 70
-0.277702 -0.857678 70
-10.8513 31.3021 70
-9.89509 -9.42584 70
0.8225 1.42817 70
-0.0739252 11.2184 70
10.6223 9.6876 70
-0.596103 -0.356118 70
-0.877487 -1.386 70
9.01015 19.439 70
9.93687 0.623976 70
10.823 -0.288796 70
1.18967 -0.622259 70
-1.06636 10.356 70
0.122124 -10.8529 70
-0.380356 11.3478 70
49.3305 1.08063 70
-0.474099 -18.6727 70
-0.863991 -9.59327 70
-1.49926 -0.815626 70
1.45748 0.60065 70
19.2717 20.3922 70
-0.733838 -1.14028 70
8.51826 -0.389771 70
11.1807 18.9727 70
-1.48735 -1.03575 70
0.0546626 10.0167 70
-1.44122 10.0264 70
18.5744 19.1235 70
9.91814 -0.796571 70
10.8771 -8.7106 70
-0.713368 0.679593 70
31.0456 -1.48911 70
0.916497 0.639695 70
10.4846 -1.42352 70
0.925432 0.633853 70
-40.9145 -19.5964 70
0.47465 1.40877 70
18.8231 -9.12738 70
11.024 -29.9265 70
-8.81917 29.6297 70
9.12437 -1.24 70
-0.886227 -0.48475 70
88.9002 -40.402 70
89.3163 -39.4402 70
0.773971 1.37952 70
-0.964591 -8.57607 70
-1.42608 0.871423 70
0.827613 11.4685 70
9.67551 -48.5044 70
-1.38878 10.6792 70
10.7985 8.5321 70
-8.57733 0.883733 70
9.28195 10.2073 70
0.22625 0.0472075 70
-0.204688 -9.50966 70
1.39452 1.15808 70
-1.31202 -1.13986 70
1.26611 -10.8753 70
-0.48302 -1.03732 70
8.51388 10.0942 70
0.335544 1.08437 70
1.23297 -0.827006 70
0.314666 10.8811 70
0.786649 -1.30411 70
11.223 11.3037 70
-1.11243 0.163219 70
-9.71774 10.9196 70
-0.456836 -0.20131 70
8.84559 -9.22954 70
-29.4992 -19.4956 70
0.599614 1.16472 70
9.39349 0.518609 70
9.3346 20.8889 70
-1.46173 0.573479 70
0.23898 10.5788 70
11.3582 10.6687 70
0.0135956 -0.229378 70
9.03421 11.1692 70
21.4742 -9.43062 70
0.402152 0.320098 70
-1.06011 0.692622 70
9.63992 -1.04899 70
1.40967 -10.705 70
-1.47893 -9.93054 70
-1.36483 -19.8386 70
0.531538 0.0987986 70
-1.40386 0.769652 70
10.699 -10.5019 70
8.9673 1.14568 70
0.29004 -0.558674 70
-21.4304 -20.8383 70
-0.591634 1.43739 70
10.803 11.3409 70
-0.411234 -80.7218 70
-0.25784 9.67211 70
0.159017 -0.274506 70
-1.07447 0.443213 70
-0.640261 -1.27921 70
18.7583 -10.5629 70
-1.03128 1.22255 70
0.814251 0.834415 70
-0.983591 -0.460976 70
9.92769 -10.4395 70
0.522913 0.620072 70
1.16846 1.40522 70
-9.88622 -9.08967 70
-10.9057 8.8592 70
-29.4082 20.6119 70
1.25326 -0.0247396 70
19.6339 -19.7584 70
20.3015 -21.1415 70
0.212209 -1.42682 70
-0.434013 19.1603 70
0.776203 1.27974 70
-0.487521 1.36161 70
-20.9694 18.8085 70
11.2686 0.768134 70
-0.820171 -0.0518998 70
30.348 1.43861 70
31.3996 -9.36039 70
18.5102 19.2154 70
11.1279 10.0883 70
10.7501 1.35067 70
-0.0653817 0.542463 70
10.8901 -20.0874 70
-1.1994 -1.27407 70
9.8801 30.6567 70
-0.0836937 -0.625131 70
1.30778 0.73323 70
0.503358 -0.806672 70
-9.86346 -8.69697 70
9.24546 9.91546 70
11.1353 9.54847 70
1.00657 8.95954 70
1.40041 -0.218981 70
-9.83686 0.210157 70
-0.473346 -1.03002 70
38.8878 -11.3076 70
10.5477 9.70291 70
-0.70701 -1.01213 70
9.80281 1.07605 70
-19.7115 -1.20774 70
-50.5147 39.5136 70
9.09334 -29.5614 70
-1.2374 0.401584 70
-1.16501 0.140544 70
0.0499581 0.976959 70
-9.6466 -0.107753 70
8.84402 -0.0414108 70
1.12955 0.395837 70
10.4367 8.69287 70
8.57231 -0.420938 70
-0.975585 11.3073 70
-0.282298 1.40508 70
-9.4595 1.39457 70
8.55666 0.818507 70
9.87879 -1.4637 70
8.81413 -1.40967 70
0.722831 8.86605 70
-0.611756 48.5272 70
10.8046 -11.1859 70
-10.4904 1.05457 70
28.6263 -49.2086 70
9.53939 0.0679277 70
-0.180616 0.623863 70
0.0165827 -1.16282 70
-10.1064 9.84497 70
-10.8488 10.1352 70
-40.4072 -10.8823 70
1.02765 0.620421 70
39.4307 49.5964 70
-10.1511 -8.8308 70
0.277102 -0.889429 70
0.26301 -11.1464 70
-0.45255 1.01524 70
11.082 1.31828 70
1.46798 -0.620396 70
0.466727 1.15871 70
-1.08686 29.9856 70
-1.37087 0.494003 70
-10.0702 -11.0259 70
10.5257 1.45648 70
10.7413 0.625408 70
-0.622787 8.89903 70
-11.4482 -0.468848 70
-9.55938 1.37937 70
11.0382 0.505497 70
-9.42879 31.256 70
-10.0165 -0.0978093 70
1.36732 10.414 70
-0.617628 8.71235 70
-19.4685 50.9862 70
29.4195 -90.3745 70
11.0735 -10.96 70
10.2787 0.815568 70
-0.354804 0.131836 70
9.23204 51.2223 70
0.453776 -0.155325 70
-0.807638 11.3661 70
10.347 -1.49313 70
11.1979 0.36442 70
1.22891 -0.697589 70
-1.29496 0.671079 70
50.6376 -39.1747 70
28.6481 -40.8462 70
-0.497317 -0.29284 70
-11.4542 19.3536 70
-0.360174 -0.0880738 70
11.3198 9.39981 70
0.952854 9.31582 70
-0.619496 9.06901 70
-1.07764 -0.914352 70
11.4061 0.903072 70
9.5553 10.3945 70
8.7812 -0.236855 70
9.417 -1.45691 70
30.8502 9.77916 70
-0.151351 -1.20021 70
0.561085 10.061 70
-1.31838 1.15741 70
20.1288 11.4232 70
-0.686871 11.2832 70
11.4162 -49.2054 70
19.4671 10.42 70
-0.97346 1.24694 70
11.3294 10.8711 70
0.436809 1.10875 70
1.42462 -0.999419 70
0.820549 -1.18957 70
0.547922 19.3227 70
0.329723 -0.376762 70
19.5912 -0.260597 70
0.349737 0.414686 70
-0.823669 19.2786 70
-0.449115 9.76544 70
-9.5183 -28.7911 70
1.10165 0.456643 70
-1.46874 1.23784 70
-0.39788 1.15021 70
-0.272102 -1.09237 70
-0.0480021 -1.25973 70
-0.577307 -0.205278 70
1.17873 0.901597 70
0.69362 -0.787884 70
-10.2061 -10.6748 70
-0.860859 0.398034 70
-1.22331 19.6825 70
18.7737 9.58616 70
-28.9852 1.22168 70
-18.579 -9.5568 70
1.24983 -0.72404 70
31.2986 10.7831 70
1.10353 0.459694 70
9.25052 -30.2451 70
8.76671 -1.25157 70
21.3957 9.05293 70
-9.23388 -0.132604 70
0.421089 1.38467 70
-1.35835 -0.738481 70
30.7507 18.5641 70
-0.229827 -18.8283 70
-1.04154 19.7494 70
-8.76486 0.854124 70
-10.7701 0.782665 70
1.39997 1.17202 70
20.7506 -1.31806 70
11.3306 -1.48653 70
9.27291 -39.4478 70
0.748377 0.0105935 70
0.740782 -0.963978 70
0.81154 -0.661125 70
-8.75668 10.5788 70
-0.629631 1.00876 70
0.0948783 0.153806 70
-0.244265 0.802498 70
-10.7474 10.9014 70
-0.534232 1.29378 70
-0.164297 0.246261 70
-120.108 -0.635127 70
10.6228 -9.77976 70
8.52964 -0.571421 70
1.23199 1.10813 70
0.623067 -1.01958 70
20.7483 1.02501 70
10.4191 -0.607002 70
-31.1521 -20.5042 70
0.876245 1.37785 70
20.4287 21.3056 70
0.0463829 10.9833 70
9.10383 40.7492 70
-9.05177 0.0258178 70
-0.475936 0.890483 70
-1.23372 0.184959 70
