8.51043 20.3552 70
11.0649 0.101586 70
-11.4781 20.9519 70
1.29776 8.80599 70
11.1129 -10.114 70
8.91666 -9.73846 70
-0.115566 0.167085 70
-1.4492 -10.0213 70
-0.50488 -10.6572 70
0.486448 19.1089 70
29.5401 -0.568676 70
-0.987843 -0.796863 70
-10.2375 -10.0175 70
11.3069 29.7977 70
9.22243 -0.0601226 70
19.1907 0.53832 70
-9.11259 0.145267 70
11.1602 9.10463 70
8.7705 8.50558 70
-40.5877 30.5649 70
8.52546 -0.761817 70
-99.4768 -39.3328 70
-11.1395 -10.6585 70
-10.2487 -8.83788 70
11.0399 19.9362 70
-18.813 -31.3208 70
1.34422 11.0129 70
0.274014 10.9698 70
-0.153314 1.14562 70
60.4969 69.8236 70
1.16041 1.41761 70
10.001 -10.1597 70
-0.174323 10.1353 70
-11.0811 49.9609 70
-29.5554 10.2636 70
0.87452 8.89796 70
-19.1806 21.23 70
-19.4813 21.0473 70
-0.451392 0.0448661 70
0.984066 0.431484 70
11.3013 -1.38577 70
0.913386 -1.28358 70
0.566106 11.0148 70
-1.02036 1.14693 70
-9.72247 -31.4296 70
0.619859 -0.424325 70
0.0651518 -0.842046 70
1.1916 -0.0845697 70
0.0104404 1.4048 70
11.2034 11.0441 70
-10.5617 -11.1091 70
-20.7411 11.2047 70
0.790622 10.5768 70
-8.80055 0.533423 70
0.989011 10.4415 70
-31.3112 0.516792 70
0.273583 -0.694739 70
-1.01173 9.373 70
9.61334 30.9338 70
10.5189 -1.24127 70
20.0462 -9.39498 70
-19.6321 11.1943 70
-10.2725 0.1876 70
1.02408 -0.352816 70
8.51132 1.41201 70
1.09066 -1.47929 70
0.491717 9.83394 70
0.917758 1.3403 70
0.657693 10.7237 70
-9.31638 10.6217 70
9.01873 1.36508 70
-19.5367 8.63842 70
-1.3463 0.321478 70
-1.30695 8.73605 70
0.279256 0.595854 70
-0.821314 -0.193902 70
-1.1535 1.38615 70
11.1417 19.9513 70
9.44387 -0.366539 70
-0.938001 8.78499 70
1.25532 0.254712 70
0.0283382 -1.28603 70
1.454 10.1929 70
-1.43307 -10.2947 70
-9.34551 10.9439 70
9.23722 -8.63101 70
-1.23066 -0.54192 70
19.7961 29.2062 70
1.4532 -0.836075 70
10.3663 -0.487264 70
18.6679 9.26599 70
9.11863 -0.0380616 70
31.295 -9.37094 70
10.1456 1.34768 70
-1.42228 0.172929 70
-1.01634 -1.20044 70
0.187543 0.292642 70
-0.781082 1.46852 70
11.0992 10.2941 70
11.4667 0.807905 70
0.522281 9.07878 70
20.3571 0.011214 70
8.59569 1.07513 70
9.87809 -1.41928 70
-0.36016 9.16781 70
-9.56217 0.912189 70
-0.789048 0.0389555 70
-0.676039 0.422823 70
-0.451585 0.648942 70
0.453076 0.453085 70
-0.770704 -1.43175 70
-0.313283 1.49886 70
-0.549404 -0.726646 70
9.77704 0.823891 70
8.67705 8.96678 70
0.99822 -0.192029 70
-9.28099 -0.372466 70
-8.58712 9.61883 70
-10.173 0.686164 70
1.10046 -1.16296 70
-1.44668 -0.860716 70
11.1526 -0.675019 70
1.27896 0.644519 70
9.53449 18.9589 70
58.839 -49.3011 70
9.20102 -8.50845 70
11.4724 1.43704 70
-20.5824 9.6097 70
9.62552 68.9921 70
19.7028 -0.770386 70
-9.93527 10.7165 70
1.18374 -0.478072 70
-28.6442 28.5668 70
-11.2418 0.893405 70
30.0891 -1.08318 70
-9.6748 9.67578 70
1.39338 0.827885 70
-11.1673 -9.83464 70
-1.2161 -1.0587 70
-0.670144 -10.5523 70
0.71254 9.29852 70
-0.153429 0.811068 70
-0.491854 -1.39541 70
18.8997 -10.0521 70
0.612673 -39.8865 70
-0.792718 9.17135 70
-0.484856 -0.258944 70
-0.591051 -0.362628 70
0.612964 1.04085 70
0.151764 11.3318 70
9.04593 -9.06315 70
8.96 -11.406 70
10.5714 -8.58938 70
-9.81118 -0.775832 70
0.493411 9.9142 70
38.7549 9.79463 70
-0.267571 -0.787648 70
-0.634466 -9.63044 70
19.5613 -19.5765 70
18.9623 -21.4292 70
-11.3937 10.6619 70
-0.387369 -0.620478 70
-31.0576 -9.04063 70
1.28123 -10.7223 70
-10.9924 -0.766625 70
9.02301 18.6775 70
9.46267 -0.8433 70
9.55904 0.561153 70
-0.0799021 -0.956778 70
39.0638 20.5363 70
0.410403 -0.756142 70
-1.41602 -0.714473 70
1.22967 0.923729 70
-1.21886 -0.277304 70
9.66019 10.7751 70
10.2038 21.4366 70
-8.68241 0.74035 70
9.09678 -10.6214 70
-0.865886 0.1943 70
20.1577 9.38724 70
0.0210656 0.207214 70
-1.21646 11.1714 70
11.0295 -0.538093 70
9.35726 -1.46881 70
9.43475 0.581321 70
0.575761 0.692449 70
9.84223 9.86266 70
-71.4869 -60.9384 70
9.30975 10.8585 70
-29.5627 28.8001 70
0.414546 10.2345 70
0.797446 -1.15593 70
-10.2999 -11.3709 70
39.6627 10.0633 70
9.43064 0.707699 70
11.0561 8.73413 70
50.8984 -9.52681 70
-39.0068 19.2194 70
-18.76 8.89445 70
0.314498 -1.4514 70
-0.985297 -1.46587 70
-9.97515 -0.875978 70
-8.75863 -0.463769 70
38.9963 8.93971 70
0.24704 11.3004 70
-0.65517 -0.344333 70
20.1538 -9.84895 70
18.8194 -10.716 70
0.864725 -0.976409 70
0.220232 -0.375104 70
0.281475 -9.03544 70
0.374333 1.23689 70
-0.315436 -0.0110173 70
18.5063 1.28369 70
10.4622 -0.164433 70
-1.21269 -0.0209806 70
-0.166226 -10.5886 70
-0.140778 1.29512 70
1.31107 10.3248 70
1.18973 -1.47504 70
1.32108 8.92319 70
0.402119 -1.03809 70
8.68341 -0.284655 70
9.88664 0.352784 70
18.9898 10.7904 70
0.672077 -1.12855 70
-10.9293 -39.104 70
-0.899138 0.462122 70
-10.0109 18.5318 70
-11.355 -10.1661 70
1.4908 10.8153 70
0.0564616 -0.940679 70
31.0452 40.46 70
-0.56791 -1.0771 70
0.889033 0.885802 70
-18.8393 51.3586 70
11.3175 0.831604 70
-10.1016 -20.5821 70
1.17107 -0.776821 70
31.2505 19.8138 70
31.3496 21.403 70
-28.5911 -9.34148 70
-0.814577 19.0811 70
1.33005 20.8981 70
0.419167 0.938453 70
-0.067975 0.348039 70
1.30878 -0.881019 70
8.77163 0.304642 70
-90.4847 -41.2321 70
-58.5634 -10.8852 70
-10.1601 -10.9145 70
1.27895 0.975898 70
89.3973 50.9746 70
-0.478248 1.04211 70
39.7627 -18.8793 70
0.576348 -0.0471865 70
-0.796752 -0.863761 70
-1.40973 9.31958 70
0.55067 -1.40143 70
10.6903 -1.27524 70
1.49779 1.13166 70
-11.1189 -19.8503 70
-1.32397 20.4696 70
19.4398 -0.347714 70
28.5961 -99.1351 70
9.4093 -9.38703 70
10.9229 10.6946 70
-0.667278 0.847931 70
8.8779 -0.131271 70
18.6193 -1.13704 70
9.51978 1.30588 70
10.5021 0.989878 70
9.04714 -0.884999 70
-9.93777 -10.9392 70
0.0120865 -0.62487 70
10.423 10.2831 70
-10.3842 21.0494 70
-1.46531 -1.03443 70
-0.301528 -0.844005 70
-0.395306 0.262185 70
1.07497 -0.370787 70
-0.50717 28.8551 70
1.44473 0.380335 70
0.493769 -1.02759 70
0.80046 8.54147 70
9.52322 9.19736 70
11.0935 1.22882 70
39.4715 41.3769 70
28.6064 0.623956 70
0.313101 -0.950895 70
9.0536 0.414988 70
39.4463 -29.2831 70
-0.812171 0.8547 70
-0.61267 1.08567 70
10.3834 0.297012 70
1.10377 -11.2623 70
10.7878 0.313886 70
39.1633 0.440046 70
-9.3254 -0.700963 70
90.1844 -31.1302 70
-1.48105 11.1713 70
19.5845 0.616705 70
11.4306 21.4478 70
8.94807 10.0458 70
-9.57371 60.5836 70
9.03165 -19.5025 70
0.344982 -11.0532 70
9.43994 8.99397 70
-21.0012 -9.52037 70
-0.96207 9.68426 70
-30.3279 -40.8951 70
-0.592898 0.437233 70
-20.0605 -11.2919 70
-51.0443 0.342936 70
-19.4143 -19.9546 70
-0.493961 0.34855 70
0.768968 -41.0539 70
-1.01154 28.7623 70
8.66373 0.37083 70
9.81518 -0.253785 70
10.348 -10.2845 70
9.68084 -79.5103 70
0.0148664 0.465635 70
0.879633 0.762138 70
-30.6607 -8.50562 70
-20.4348 -21.227 70
-0.562068 -11.0529 70
20.1183 10.5107 70
-0.424464 0.672969 70
-9.61739 1.33106 70
9.3278 -10.1942 70
0.0263104 -0.225347 70
10.6014 -9.54807 70
-1.47131 10.0601 70
50.9037 -0.59249 70
50.2591 1.48162 70
-10.4659 11.4319 70
11.08 9.9673 70
9.17697 8.68772 70
-0.569029 0.70699 70
11.327 1.3232 70
0.993121 0.45276 70
-0.3309 0.561875 70
10.4298 -20.6089 70
-0.844471 10.3459 70
-0.616243 -0.157494 70
28.9417 1.13544 70
10.0593 18.8105 70
11.1399 -18.9797 70
9.00026 19.2161 70
-0.0147071 -21.2408 70
-0.409181 10.2902 70
21.3121 31.2821 70
0.639985 -1.44432 70
-30.0554 21.3342 70
11.2006 -0.30185 70
28.8349 -0.653466 70
10.2733 -20.7355 70
-1.49477 0.404084 70
0.992667 10.823 70
0.839511 -0.950756 70
-1.0665 -10.4939 70
20.0942 -0.198225 70
-1.34106 1.18624 70
-10.4062 11.137 70
41.3488 49.6554 70
0.953135 -0.0429789 70
18.8149 -1.09641 70
0.0922978 -1.08858 70
0.25723 1.0325 70
11.1493 -11.3465 70
-1.41719 -0.021788 70
1.06739 -0.0226267 70
-60.5064 10.3917 70
19.7407 0.876713 70
19.1348 -0.462597 70
-0.642355 0.188871 70
119.24 -9.98613 70
-9.33223 -10.4242 70
10.5707 -0.999745 70
9.72405 -11.254 70
0.877862 9.59651 70
-1.1586 9.28195 70
-10.6723 -1.10589 70
-9.97226 1.12135 70
10.3519 11.3291 70
-11.3025 -0.636927 70
-9.07928 -1.40157 70
8.82815 -10.5934 70
-9.31993 29.8724 70
10.9682 11.1385 70
51.2886 -39.6673 70
-0.310013 -0.953205 70
-0.366369 -1.4595 70
20.2424 -10.4601 70
1.38818 -0.890605 70
-49.049 -30.3263 70
10.0534 8.90409 70
0.82384 -0.295346 70
-1.47831 9.56789 70
0.970793 -41.0648 70
1.42106 9.74253 70
-0.50937 -1.43786 70
-30.6159 -30.427 70
10.2212 -0.802691 70
-0.0459389 9.63337 70
-0.745648 -10.5948 70
8.91652 -20.7791 70
-1.13513 -10.8157 70
-11.4661 8.83442 70
0.384763 -0.534734 70
0.819683 10.283 70
11.0571 -10.8283 70
-9.2743 30.2136 70
-0.0228053 0.160022 70
-1.45358 1.31251 70
20.498 79.5656 70
-18.9427 29.4019 70
-1.08925 -1.44858 70
31.2094 0.687375 70
-38.5571 -18.7113 70
-0.592943 -0.108685 70
-1.09947 -1.47746 70
1.4887 11.3817 70
-9.6844 20.7954 70
9.44391 -11.1258 70
9.87159 -8.66597 70
0.394583 -10.6283 70
10.7035 -10.9139 70
9.93371 -0.257472 70
10.1661 -0.541938 70
-0.643202 -1.27747 70
-0.121733 1.40584 70
-9.22607 8.76038 70
-9.46209 9.93551 70
29.9184 -0.224627 70
-0.505405 -0.41332 70
18.8966 9.1063 70
0.543979 1.10488 70
-1.17168 9.52188 70
0.358538 11.2118 70
0.281512 -10.3923 70
0.567792 19.4982 70
79.5179 -9.78507 70
0.441488 -0.635505 70
-0.666969 -1.15013 70
-9.51979 29.2746 70
10.2232 -1.38212 70
1.10405 19.7637 70
8.69652 -9.6297 70
20.1728 10.1072 70
-1.29484 0.633806 70
0.130926 -1.38975 70
8.50372 8.98094 70
10.5855 8.65417 70
49.143 -60.3906 70
20.5149 8.86071 70
10.3686 11.44 70
8.78731 0.423096 70
0.559744 0.361793 70
-10.5004 10.1267 70
-9.8639 10.5304 70
-11.0955 8.66447 70
20.8597 -0.489136 70
1.21231 9.64801 70
-38.9918 20.2197 70
0.308662 0.530838 70
10.319 10.2884 70
-0.0317592 0.326445 70
10.517 18.9012 70
-1.4726 -1.33258 70
-9.80857 -1.03401 70
20.1467 29.9268 70
0.411518 10.6394 70
-9.34209 1.18278 70
-8.58176 18.6124 70
-0.453653 -0.790872 70
-0.850551 0.903747 70
0.882932 -1.32045 70
28.7963 9.17156 70
1.05531 -1.30437 70
8.63279 21.2246 70
19.4647 -0.106188 70
-0.253555 -0.292141 70
8.77439 1.46508 70
0.797283 -0.726071 70
-1.17302 1.43288 70
0.534224 10.483 70
-0.272184 10.353 70
-0.595003 10.3722 70
0.0485125 -9.17266 70
-10.2882 8.70834 70
9.81088 0.258334 70
11.4969 8.89407 70
-50.8442 -8.98276 70
19.4934 -9.47604 70
-0.918889 -0.152648 70
1.23554 0.75533 70
8.56141 -9.17432 70
-0.821905 1.10716 70
1.40136 8.71855 70
19.3019 10.6114 70
-0.110683 0.144451 70
-1.22523 -1.46916 70
18.7192 -41.3513 70
0.983559 -8.66464 70
-21.2566 0.873967 70
-1.0532 10.5033 70
0.286178 -18.9009 70
41.1686 -1.16878 70
0.221497 1.11759 70
-0.953488 -0.119454 70
-9.83429 -11.1934 70
-20.5889 11.3078 70
-0.722508 -11.4633 70
11.1142 9.25931 70
-0.504438 9.83721 70
-8.6021 -1.01046 70
40.5853 21.3601 70
0.369463 -1.4625 70
-8.86229 -0.732133 70
49.0288 49.8449 70
29.1802 -28.5592 70
9.47983 -0.151975 70
-1.12863 11.3126 70
20.9661 -0.204038 70
-28.6958 21.1761 70
9.42043 8.88903 70
8.78903 -10.51 70
8.6021 -0.261549 70
1.41203 0.428681 70
1.35822 -0.7971 70
10.3552 0.139373 70
-0.263911 9.95071 70
0.629707 1.37959 70
0.188823 0.358189 70
0.487827 -0.171615 70
8.54471 -19.3053 70
18.7931 29.9377 70
-0.343598 -0.838256 70
-89.6773 -80.97 70
-0.677962 1.08029 70
10.2818 10.1455 70
20.9305 1.28303 70
1.05188 10.2879 70
-20.0202 9.25062 70
8.65454 -18.8144 70
-0.318306 8.7498 70
-29.8982 9.00634 70
-9.95513 -0.443317 70
11.159 0.485502 70
-0.216541 11.3706 70
0.192275 -0.873266 70
10.5914 9.06259 70
39.5021 -61.3728 70
40.0609 29.7591 70
48.5925 -19.8861 70
-0.266384 19.4094 70
0.131445 8.6233 70
-19.2724 -0.634829 70
0.981727 -0.672568 70
10.4636 10.6992 70
1.15404 -0.173964 70
-79.6526 -20.3409 70
-81.143 -21.0766 70
-10.1255 -1.07705 70
0.0392168 1.16114 70
-31.3486 39.826 70
9.31294 -0.69584 70
9.94059 0.832177 70
9.42359 11.4828 70
11.1228 -1.03596 70
78.8483 0.476648 70
-9.19466 -0.667331 70
-0.54613 11.3258 70
0.701049 19.8884 70
-0.565339 -10.5816 70
0.544257 11.0254 70
-0.38017 0.240853 70
-21.0781 10.6218 70
0.354187 20.0961 70
-40.1598 69.0499 70
10.2151 -10.841 70
19.0191 -41.343 70
8.78842 -8.87595 70
0.820405 9.55045 70
11.0305 -0.552633 70
-0.405958 -1.2704 70
9.8076 -0.0859795 70
-11.3868 20.4669 70
-11.0552 20.6487 70
-20.5303 -10.96 70
19.2931 -50.3675 70
-1.20998 0.369547 70
-0.844203 1.16929 70
-1.4288 0.640577 70
0.976291 0.873219 70
10.5954 -0.940699 70
-11.4911 -9.29546 70
-1.33571 -0.0827063 70
1.18818 1.04387 70
11.0933 0.268446 70
11.479 -18.5624 70
8.71115 -21.0324 70
19.3813 10.269 70
-9.60237 -0.836111 70
-0.299242 10.5519 70
0.467175 -0.862948 70
-0.219217 0.76034 70
-10.1186 10.2755 70
-0.952025 -1.46063 70
20.4669 0.967963 70
20.359 -1.1697 70
-0.482607 10.759 70
29.0131 -1.08126 70
-0.436309 0.934347 70
-10.8115 -20.931 70
0.408418 -1.13237 70
10.5097 -1.17237 70
10.0213 10.0665 70
9.9096 0.842148 70
39.1032 9.90227 70
39.991 9.90997 70
-10.7196 -0.404615 70
19.1033 0.389307 70
-10.3147 29.1376 70
-0.229287 -0.489814 70
30.4351 -0.450969 70
10.6851 21.3711 70
-9.57151 -21.2016 70
-21.1951 -21.1628 70
-30.9554 21.3013 70
-9.64698 0.130927 70
-10.8146 20.4195 70
10.7023 1.16445 70
21.283 -10.6088 70
-0.356079 9.83162 70
-40.625 -20.095 70
1.40502 0.445727 70
-30.6665 59.3435 70
-19.7639 19.1942 70
1.14476 -20.9177 70
-0.495502 -0.740597 70
0.687933 -10.844 70
0.721298 10.4999 70
1.2924 -11.173 70
8.99391 -0.350433 70
0.724608 -8.89567 70
-0.054736 40.373 70
8.65666 -18.5736 70
29.2449 19.4407 70
1.00557 1.31177 70
-0.1942 9.28286 70
11.4047 -10.1514 70
0.37359 10.805 70
-70.2668 0.805727 70
-71.0724 0.0891819 70
-1.41385 9.74374 70
-0.676299 -1.35549 70
-0.918677 10.0601 70
-11.4088 8.82592 70
-79.8078 -69.8771 70
8.63001 20.7309 70
50.3596 9.34256 70
-0.917274 0.131296 70
0.62406 -1.1469 70
0.9821 -10.2028 70
8.83444 -10.1891 70
41.2822 40.3122 70
-0.791983 0.765234 70
11.4548 -10.7273 70
-0.94008 20.3148 70
0.708347 10.9543 70
10.7988 0.903719 70
9.42095 0.405548 70
19.6812 -10.0521 70
1.03853 -0.36281 70
41.3673 29.2686 70
-30.1562 10.4774 70
38.5552 30.4294 70
0.910436 -0.653064 70
10.7585 0.984669 70
-0.949557 0.583758 70
-0.929714 -0.221846 70
-1.13244 9.56662 70
10.0077 10.9451 70
0.851677 -29.0921 70
1.33068 9.54956 70
-11.0175 -9.8499 70
0.637803 -0.742022 70
18.5042 -30.6456 70
1.09005 11.0089 70
1.2959 -11.23 70
10.3053 9.04199 70
-1.43294 8.6298 70
0.225868 -9.3915 70
-19.3108 51.1287 70
9.17457 0.620014 70
-0.316293 9.25974 70
-20.9934 18.8595 70
1.34658 1.09708 70
-0.823863 9.23307 70
-1.23483 -0.435572 70
-0.0721774 -0.0322892 70
0.178152 1.46617 70
-1.15107 -1.18452 70
9.65309 9.38135 70
10.9091 10.0231 70
0.864687 -0.95416 70
-1.31263 -0.154943 70
-1.46663 0.573739 70
-11.2425 11.0516 70
11.2497 -19.0637 70
9.63662 -20.0999 70
-0.834038 8.51468 70
-0.858726 11.305 70
1.21347 -20.2167 70
0.94351 0.562047 70
-0.785963 0.46101 70
1.42911 1.05964 70
-11.0102 -0.750387 70
-10.162 -0.765176 70
-20.0347 -0.825866 70
29.5936 -21.1018 70
-11.2937 0.058611 70
-0.159408 9.63378 70
0.0589655 9.61911 70
-11.3436 19.4581 70
0.00145491 1.25225 70
-0.296232 -1.20122 70
-0.0194968 -1.00318 70
10.945 -9.8774 70
9.57312 -8.50346 70
1.47054 -1.36289 70
10.7425 -1.30294 70
11.1913 -1.20407 70
-11.2061 10.0479 70
0.280618 -11.2293 70
10.1314 -30.5817 70
19.0699 8.84676 70
0.559305 10.7954 70
11.4791 -11.1953 70
-1.26928 11.2063 70
0.504686 -0.910511 70
9.45508 -0.443337 70
-0.267475 0.157301 70
-11.4893 -1.42712 70
8.76903 0.196951 70
-0.614538 -10.4104 70
-11.3102 0.488438 70
0.864502 -10.4162 70
-19.5765 40.5522 70
-20.2468 0.437089 70
-8.62302 -9.55309 70
-0.16153 -0.672752 70
-0.956039 -0.700128 70
1.11286 0.0604873 70
0.321352 -1.28075 70
1.01959 10.4387 70
10.0145 0.136719 70
-9.57553 9.60901 70
20.8001 11.4448 70
0.717696 10.8957 70
-10.4539 1.25339 70
