-9.29511 -0.902714 70
-10.9207 -19.2569 70
20.1487 10.0428 70
8.8856 -39.2141 70
-0.179228 -10.0835 70
0.865332 0.909798 70
-11.01 -0.264434 70
-10.278 -11.3233 70
0.465939 29.3393 70
-21.1724 -0.885018 70
9.57147 -1.00277 70
-39.7513 -18.7341 70
-0.271752 19.6675 70
-0.84665 21.2514 70
0.153507 21.2861 70
-0.994227 10.7142 70
-0.877103 1.18394 70
-10.7673 -18.7341 70
8.77359 -1.3314 70
89.6042 -10.2937 70
-0.221658 0.655043 70
-1.34709 -1.09668 70
0.681613 0.234338 70
20.3683 20.1233 70
-10.7355 -0.332958 70
-1.46017 -1.42396 70
-0.917321 -0.0215351 70
-0.999245 -0.243031 70
-11.2752 -10.4906 70
-0.328093 1.18865 70
1.24539 1.41336 70
9.3272 -9.33696 70
-11.0036 -8.722 70
8.69169 8.63674 70
-20.9142 19.6392 70
-1.11981 1.37074 70
-11.3211 8.62459 70
-19.9892 0.115318 70
-0.170893 0.931845 70
-20.7771 9.87379 70
-10.8956 1.02775 70
10.62 -10.7966 70
1.3202 0.436132 70
-0.936778 0.099152 70
-29.8058 28.8756 70
0.491273 -9.14098 70
-9.72336 -0.0019717 70
0.832346 -0.371316 70
-0.0464321 -1.37363 70
8.61013 8.98278 70
-0.250591 -0.944286 70
0.155568 -0.694475 70
-0.955327 -0.897929 70
1.3165 -0.827316 70
-1.34315 -0.299734 70
0.344319 -9.5138 70
20.5572 -9.76723 70
0.789835 0.638271 70
-0.10462 1.48002 70
-0.632679 -0.870823 70
0.0119344 10.4398 70
9.06501 9.33924 70
0.208862 -0.114222 70
0.268314 1.03679 70
-0.36932 0.31259 70
-21.1503 0.394002 70
-1.11196 -1.28349 70
-21.0137 -11.0094 70
-9.05616 10.5039 70
-9.49419 -9.99187 70
0.884783 -10.2117 70
0.916147 -10.7348 70
-29.3244 10.723 70
0.0171603 -0.147685 70
79.7543 59.1045 70
-0.755636 -1.28004 70
-0.466126 -0.598334 70
-10.8684 1.44673 70
-0.689299 1.41141 70
-9.74405 -0.232222 70
-20.7687 -8.84459 70
-71.3695 11.1462 70
-0.124903 -0.0506086 70
-0.273645 0.998751 70
-0.361733 -10.0041 70
9.99273 0.401901 70
0.795791 -1.35131 70
-1.13359 -1.17876 70
0.18858 -0.810662 70
-9.88725 -0.4274 70
-19.9961 69.7482 70
-10.5885 20.5334 70
0.154686 1.1647 70
9.73834 -21.4952 70
1.30839 0.267702 70
-0.934899 -8.67641 70
1.40093 0.381729 70
8.81105 9.41354 70
-1.29822 -0.0706091 70
-10.1442 0.720196 70
0.832923 -0.2058 70
10.8497 10.2275 70
-58.5801 38.964 70
0.832886 -0.838821 70
-20.5233 -10.8462 70
0.917323 11.0966 70
0.394733 1.01597 70
-9.05077 0.484286 70
0.479522 0.676719 70
1.23266 -20.9223 70
-10.6489 -0.452161 70
-1.20284 0.715005 70
-0.902641 1.1685 70
-1.25659 -1.32405 70
1.38742 -0.187106 70
-1.17184 -0.12821 70
-1.02343 -0.675243 70
1.38883 -10.9771 70
0.699313 -0.186943 70
-11.2524 0.0210349 70
0.224975 1.09062 70
-0.380718 9.65717 70
11.0148 -31.1223 70
-0.52143 9.50093 70
-20.8595 -10.8932 70
1.10314 0.05359 70
-0.465538 -0.445293 70
9.438 -8.985 70
-9.86972 0.960858 70
-9.4194 9.92251 70
-0.658167 1.22903 70
1.11577 -1.25857 70
-1.26023 -1.47895 70
-10.6481 -8.83959 70
-0.9234 0.0357868 70
30.7319 9.08253 70
1.37374 -1.13673 70
-10.115 -10.6147 70
-0.482005 -1.33907 70
-1.02568 -1.34358 70
-9.19991 0.857806 70
-0.99714 1.43804 70
-1.36622 0.0958055 70
1.21619 -0.83999 70
0.530496 8.91691 70
-0.45438 -9.06162 70
0.187578 -1.3869 70
29.3173 10.7105 70
-20.4014 -20.8234 70
-10.9894 10.875 70
-30.2956 11.2553 70
-0.638444 -0.370126 70
-100.072 -109.364 70
1.31608 0.104759 70
8.64947 -9.50828 70
-10.5912 -20.869 70
9.11955 -0.158533 70
1.16127 0.430671 70
1.31471 0.314781 70
-1.3226 -0.824237 70
10.3069 18.5434 70
0.050992 -1.3541 70
-8.56795 -8.7515 70
-0.438147 -1.43177 70
-0.383976 -1.0778 70
-0.877633 -0.416471 70
-9.14861 0.40736 70
-10.0812 0.757074 70
0.0852554 10.1128 70
-11.4259 -49.6797 70
-9.96895 -39.0493 70
-10.3622 -10.3195 70
-19.4459 -0.0240717 70
-40.9942 -18.6399 70
-0.673453 0.677401 70
-1.28066 -0.762742 70
-11.0848 -0.310973 70
-0.073907 1.18864 70
-0.397675 -0.210373 70
28.6958 -29.8627 70
-18.5274 -50.4622 70
0.917274 1.4115 70
-29.7423 0.772821 70
-10.4933 9.44526 70
30.2566 -20.5272 70
-1.35833 0.475687 70
1.0044 -0.840462 70
8.52957 0.772371 70
-1.35411 -1.41493 70
-1.00936 -0.448224 70
0.33952 -20.4004 70
-0.100261 -29.2776 70
-10.6552 19.337 70
28.7284 0.162977 70
-39.4564 -10.9249 70
-1.22569 60.2233 70
-49.1556 19.2149 70
-9.65318 -9.83338 70
-9.14113 0.0931719 70
28.9488 48.8194 70
-9.27437 -9.63473 70
0.0914263 -0.501619 70
-0.687076 1.31895 70
0.170804 0.695221 70
1.21013 0.98478 70
0.730481 0.217187 70
0.0714744 -10.0179 70
11.1382 9.80105 70
0.430981 0.113593 70
1.09018 0.820863 70
1.06026 -1.20827 70
21.0904 0.310364 70
-0.668913 0.603158 70
-10.7875 10.0198 70
-0.251921 -0.166815 70
9.75332 0.201674 70
0.369506 -9.19611 70
-1.39098 0.906646 70
8.75649 10.5997 70
0.196673 -10.4156 70
1.12511 1.19949 70
10.9565 -0.110447 70
9.06994 -0.662125 70
-0.379754 -0.526786 70
-1.40353 -0.759009 70
0.638726 -1.19015 70
-20.6778 10.9828 70
18.8599 31.296 70
-9.2672 -10.61 70
-20.786 -10.1958 70
-40.2157 -8.69421 70
0.230761 -11.0634 70
1.16229 9.46802 70
20.5651 -21.1387 70
30.732 18.5167 70
18.7195 -0.746132 70
0.735602 1.27749 70
-1.15127 9.62923 70
-0.319872 1.08735 70
0.15149 -0.79406 70
0.298637 0.818859 70
0.25161 28.617 70
-1.41576 30.2697 70
18.7781 -29.5357 70
-9.3894 8.64855 70
-1.06008 9.53866 70
11.3078 10.8655 70
-40.3749 11.1447 70
-9.95577 -29.4718 70
-1.16958 1.45842 70
-9.76431 10.5793 70
-9.49421 10.4929 70
9.85564 -0.519154 70
0.668079 -1.19236 70
-0.651765 -1.4011 70
-0.46544 -1.12836 70
-0.909371 -1.20199 70
1.41384 -10.6542 70
-0.981158 0.41599 70
8.99444 -0.588285 70
18.768 -0.111548 70
-1.10089 0.569145 70
18.628 11.2549 70
0.510115 -11.245 70
-39.843 9.31936 70
-0.245192 0.846755 70
-39.5475 -8.65294 70
10.3265 21.277 70
8.67833 0.334761 70
-10.474 -0.914828 70
-38.9636 119.464 70
0.410216 -1.27507 70
0.0847092 -19.6712 70
-0.657864 -0.934873 70
-31.0554 49.5249 70
10.9406 0.0915301 70
-11.1788 -1.24359 70
-10.8088 -19.6824 70
-9.48784 -20.4325 70
-10.3777 9.66567 70
-0.23105 -1.24527 70
-48.8281 69.0634 70
-21.3544 11.3387 70
-0.0741208 -0.696726 70
9.1325 9.04765 70
1.32289 -10.3779 70
-0.0191877 -1.37876 70
0.477322 -0.656772 70
10.5188 0.0123737 70
0.677462 -0.543638 70
-1.49374 10.6361 70
-111.011 10.26 70
0.159476 -0.0393798 70
51.0008 -9.54015 70
-8.68779 -10.1229 70
0.00869945 0.0538363 70
-9.67513 -8.54842 70
0.0295109 1.34643 70
0.638744 1.14956 70
-28.6272 -68.5682 70
0.747122 8.82447 70
-9.17705 -0.136293 70
0.487852 0.811538 70
-0.467196 -0.520465 70
0.424232 10.8955 70
-1.35614 10.8906 70
0.197862 9.62362 70
0.525 -1.22305 70
20.7512 -10.5642 70
0.209457 -11.4238 70
-0.119529 -0.0394171 70
0.377783 -0.687156 70
-0.803996 0.0649535 70
0.60186 0.188044 70
-0.0554842 0.783487 70
-0.970844 -0.173132 70
0.21936 -0.270417 70
0.115438 1.24393 70
0.3238 9.53003 70
-10.4469 1.25076 70
-1.45965 0.0796637 70
1.23541 -0.85687 70
20.3665 -8.50819 70
10.7769 -20.386 70
1.39168 0.504313 70
1.265 8.71492 70
-0.0438093 -1.14518 70
-1.46577 0.357112 70
-0.0205383 -10.5794 70
10.9752 -19.8406 70
-0.262095 10.7378 70
0.480076 0.521295 70
-19.4481 19.9849 70
-0.465481 10.6011 70
-1.02333 -1.15455 70
11.3318 9.84565 70
-20.4878 -39.0081 70
-0.410701 -0.544688 70
-29.2462 -58.9309 70
0.909033 0.190344 70
1.14347 1.14577 70
-20.4849 -0.925949 70
8.57373 10.3675 70
-0.820957 30.0755 70
-20.6691 19.3077 70
-1.16636 0.336249 70
-0.260059 0.928203 70
1.23073 -0.630678 70
-11.3687 0.115442 70
-10.1378 1.21761 70
1.28957 -1.24374 70
1.38212 -19.4928 70
1.33008 -0.435878 70
-0.966821 -1.19215 70
-8.96643 -8.90693 70
-11.3481 10.9562 70
-10.3406 9.46851 70
-8.72269 -0.13116 70
0.228515 -1.21953 70
-0.61678 0.376948 70
10.9824 1.1694 70
-0.731103 -8.76462 70
-8.5522 -1.34738 70
-0.511035 -20.2797 70
0.878114 -10.3194 70
-1.37024 11.3266 70
0.0381899 0.723233 70
-0.153653 0.184497 70
1.29545 -0.451239 70
-1.344 0.472388 70
0.655514 0.98205 70
1.46895 -0.150615 70
-9.7907 0.49322 70
0.613397 -19.2877 70
9.31314 11.2709 70
1.43968 -10.087 70
9.90275 -9.91053 70
29.969 9.95378 70
-10.3689 8.75611 70
0.377785 -8.92478 70
-10.2152 -8.92032 70
1.31385 0.0774284 70
-1.45733 -9.67794 70
-9.11788 20.4365 70
-0.120592 11.1146 70
19.6631 1.00711 70
-10.5007 -0.173812 70
-0.842753 -0.918186 70
-10.8628 -0.628838 70
-10.0392 -0.347486 70
0.247529 1.48005 70
-0.782412 -0.75301 70
1.15604 8.72045 70
0.0383746 -9.91813 70
-0.87945 1.42921 70
-9.27062 -0.998148 70
1.2847 0.405406 70
1.37837 -11.0283 70
9.27662 -8.62673 70
0.0036552 1.23849 70
-0.952923 -0.820173 70
-0.690796 10.7804 70
-1.2241 1.06471 70
-9.92863 40.3341 70
-11.4524 -9.16785 70
20.3774 0.137762 70
0.763989 0.88439 70
19.9889 -20.5506 70
0.52017 9.69144 70
-10.2571 -0.377162 70
-19.4229 20.6132 70
0.765265 -0.915996 70
9.71239 0.851645 70
21.0108 29.0682 70
-69.5459 0.651499 70
-0.1824 -8.61784 70
-9.76053 11.4963 70
0.0134346 0.879307 70
-0.214081 -1.01494 70
-0.914389 1.19696 70
-9.13723 1.43941 70
49.404 -10.875 70
0.11765 1.03267 70
-10.7805 -29.0318 70
0.566053 8.67246 70
9.97048 -31.0597 70
-0.231454 0.111873 70
-0.29745 0.626998 70
-79.6285 -30.9815 70
1.49631 -0.658328 70
-0.771356 -0.324008 70
-10.7229 -1.40477 70
-11.0963 10.3779 70
-8.76057 8.73744 70
-0.0476488 1.00061 70
8.73249 9.24459 70
11.299 0.00246513 70
-19.1463 -0.540867 70
-0.577585 0.19688 70
0.877039 -1.44869 70
0.0973216 100.797 70
0.904635 -0.572771 70
0.982797 0.0805772 70
-10.6787 -1.46959 70
-39.3653 28.5322 70
1.23103 -21.201 70
-0.742385 -0.0638773 70
-0.645122 -18.9774 70
-0.724226 0.228291 70
10.6925 20.6693 70
19.8822 10.1382 70
1.10112 -1.21664 70
-8.64753 -29.5631 70
-20.3166 -9.40517 70
-51.0479 10.7324 70
-9.28927 -0.0151171 70
1.48426 -0.15437 70
0.368553 -0.249125 70
-0.68212 -0.495859 70
1.34022 11.115 70
-0.0785287 0.812349 70
69.5775 -31.0993 70
-9.77579 11.1815 70
-11.4879 0.95045 70
-20.5561 -0.477908 70
-0.53447 -9.97329 70
1.46054 0.822158 70
-10.7875 9.85182 70
-0.14144 -8.86054 70
10.9464 18.6277 70
-8.54911 0.939485 70
10.611 -1.18852 70
-0.34245 0.284049 70
8.96911 10.1431 70
1.33113 0.363686 70
-1.48847 -0.0803831 70
-1.48796 -0.919661 70
-10.6265 -11.1487 70
-10.8961 -0.256546 70
-8.80243 -0.674926 70
-0.663766 0.186355 70
8.90317 10.2391 70
-8.93567 21.0064 70
0.631639 1.26668 70
1.43466 -0.524681 70
-0.118123 -11.3126 70
-1.23649 -0.296567 70
0.336489 20.2692 70
1.07767 -1.04522 70
1.01257 0.510383 70
-1.08589 9.54024 70
0.00709538 -0.0884901 70
-9.31639 1.26848 70
-10.6303 10.2135 70
-10.7159 0.846086 70
0.616453 -0.0210422 70
-0.687205 1.15051 70
0.515793 -0.849778 70
20.6824 -10.8041 70
20.8549 39.9211 70
0.497609 -9.90166 70
-0.346126 -0.170018 70
1.07079 -0.550604 70
8.89803 -19.595 70
-0.377787 -0.901649 70
-9.57999 0.44408 70
0.0843585 8.75636 70
0.723331 -0.663682 70
28.5576 -1.08119 70
0.568981 9.46758 70
-21.4893 -11.2436 70
-1.22873 1.10781 70
-0.959294 0.65133 70
0.576614 -1.0298 70
-0.638662 0.859982 70
-11.1853 29.0005 70
1.39877 -1.32253 70
19.4706 -9.9609 70
-18.843 -8.89014 70
0.0883965 -11.49 70
-8.68201 10.1673 70
0.478281 -29.9255 70
-1.02144 0.251936 70
-0.0719889 10.2676 70
0.0667912 -10.3856 70
1.09231 -0.161852 70
0.789294 0.176258 70
-1.03872 1.45236 70
-10.3914 10.2084 70
9.81525 -11.0012 70
-0.895165 0.836898 70
0.312833 0.352069 70
20.3017 -39.7132 70
18.6609 -40.1996 70
-50.7817 -21.3295 70
11.446 -70.736 70
1.07449 -0.0458372 70
-0.193089 0.374088 70
0.797955 -9.78961 70
-0.312404 -1.49693 70
0.837566 -10.7489 70
0.332789 -0.21551 70
-18.5801 -1.1983 70
-20.8478 -0.46042 70
-0.0437672 1.16599 70
-9.91622 10.0737 70
-8.90423 0.32091 70
9.21835 -1.22244 70
1.3884 -0.720738 70
-0.873341 -0.0623889 70
-20.7721 11.1235 70
-0.0502758 0.276682 70
1.19179 -1.32661 70
-11.314 10.5559 70
0.847018 -10.6227 70
-0.0823241 -0.216758 70
-0.955586 -11.4701 70
-20.85 -0.634277 70
-0.800617 1.04999 70
10.7428 -9.06043 70
10.9609 10.4771 70
8.98111 10.3582 70
-0.997871 1.41484 70
1.43978 1.13236 70
-39.3231 60.8055 70
8.61298 1.49499 70
-1.38515 0.782891 70
-1.16067 -9.84419 70
-0.929557 -10.137 70
59.7515 120.324 70
-0.817381 -0.431556 70
-9.82921 30.1064 70
-0.666789 1.10702 70
-21.1356 10.2239 70
38.5349 11.3286 70
-0.96074 -0.962626 70
-0.214889 10.6486 70
-19.1965 19.7685 70
41.2218 -31.3445 70
20.5487 0.941258 70
-0.296261 1.36581 70
0.211783 0.318195 70
-0.95585 -9.5951 70
-19.7394 -30.8003 70
0.58573 -19.0296 70
-1.0109 -10.5778 70
-0.469272 0.923816 70
-0.444677 1.06498 70
30.8089 -9.28381 70
-11.2325 20.3489 70
-0.447553 0.393435 70
-0.425047 0.613218 70
-18.5208 40.2874 70
-9.37012 -1.21584 70
-9.00057 -0.566559 70
-0.774797 -1.3179 70
0.302421 -0.658883 70
1.1698 0.849989 70
-10.015 -39.5808 70
19.4022 -10.9456 70
-0.955062 -1.33329 70
-11.2016 -8.74748 70
9.08403 -0.0788465 70
-0.815511 0.350442 70
10.1508 -8.70878 70
1.3406 0.429833 70
-19.5496 -50.1782 70
38.798 38.8526 70
-10.1501 -11.1631 70
0.867617 -0.35401 70
-0.21102 -0.194337 70
-0.0622037 -0.300278 70
-10.0393 -8.75402 70
20.0681 30.8864 70
18.834 -11.0815 70
20.944 -10.3078 70
0.74824 1.32611 70
0.370461 -0.0117881 70
-0.455939 -0.966521 70
-20.0023 38.7496 70
1.38276 -29.5468 70
-1.26763 0.0573279 70
39.1571 18.5355 70
1.02745 0.0621554 70
-1.138 1.02873 70
-1.10212 -0.207925 70
-10.9878 0.455407 70
-1.04288 9.25743 70
1.15016 9.09679 70
1.44154 1.28466 70
-0.0409955 1.02717 70
0.225221 1.00986 70
-0.00461018 11.4629 70
8.76697 -9.98573 70
0.0744081 1.06465 70
-10.6615 -9.51185 70
-60.182 -81.3312 70
-0.844325 0.998998 70
-30.6053 29.314 70
100.752 -60.5609 70
1.29078 8.61225 70
-1.10722 -0.500075 70
-9.44679 -0.21213 70
-10.0912 0.568135 70
-19.4788 1.04872 70
0.0615268 -10.905 70
-0.413707 -11.2389 70
-1.0473 -0.102941 70
8.76063 19.6277 70
-1.35921 -0.863694 70
-9.81762 0.94397 70
-1.06955 11.4659 70
-0.631979 -0.487301 70
-9.04167 1.31437 70
-11.4279 9.48981 70
-1.41805 0.629575 70
11.2217 20.1288 70
-1.11084 0.819552 70
-10.6912 28.527 70
-9.31967 -0.84333 70
-19.0492 -0.224676 70
-0.875933 -1.08456 70
0.0462481 28.9843 70
0.917502 30.7224 70
70.7501 9.1194 70
-10.2392 0.0102472 70
-1.27189 -0.649467 70
1.09949 1.30681 70
-1.25866 1.38077 70
-39.8842 -21.0684 70
-9.18304 -10.2291 70
0.127432 -0.0164958 70
0.451835 -10.0788 70
-39.1684 28.8096 70
-11.2134 -0.205372 70
-1.11473 -1.03214 70
-9.47741 1.19109 70
1.26821 -1.0674 70
0.652014 -0.788576 70
-0.124625 -1.02613 70
1.27647 1.1982 70
58.7119 50.1028 70
0.375908 1.30256 70
0.0235659 8.84008 70
1.29592 0.496309 70
-1.17039 0.854753 70
-8.76833 -8.77803 70
-10.4468 11.4246 70
-9.03811 -9.33632 70
9.87985 20.2806 70
-10.602 -8.55316 70
0.469013 -1.04734 70
-8.60014 -11.1178 70
0.480695 -1.12377 70
0.883395 0.231985 70
-1.28066 -0.70889 70
0.24997 0.603407 70
-10.1325 -10.6728 70
-18.5904 -100.659 70
-0.27683 0.788661 70
-9.43212 10.3589 70
0.00644684 11.1545 70
0.114624 -0.191897 70
40.3031 39.3307 70
0.82628 1.28432 70
1.27466 0.332445 70
8.96091 -10.0944 70
0.731912 -0.00178983 70
-1.32902 41.1061 70
-11.068 0.436262 70
0.208281 0.162189 70
1.36632 -10.7438 70
-0.10599 -1.23496 70
1.48759 0.596374 70
-0.557805 -1.23881 70
-10.5886 -10.4311 70
-10.5232 9.83225 70
-9.93844 0.76394 70
20.8133 39.4635 70
1.29719 0.38736 70
9.77925 0.400875 70
-11.3023 0.338248 70
20.8085 -10.3927 70
-29.0959 0.759745 70
-0.965501 -0.872904 70
-11.189 0.0724801 70
9.53551 19.1277 70
11.2907 0.108991 70
-9.87187 10.7076 70
-1.05668 -9.92146 70
-1.29017 -1.20536 70
-19.1788 10.0865 70
1.02019 -9.51426 70
0.567151 -19.1283 70
48.7277 8.72083 70
-1.21582 0.390971 70
8.73001 10.0879 70
11.4696 -0.238372 70
0.811084 -0.53314 70
-0.122346 -0.521092 70
-9.065 -9.39297 70
-0.247799 0.622626 70
0.682593 10.3666 70
0.496617 0.55031 70
9.0587 -19.7305 70
1.24878 10.5681 70
-1.41054 10.9465 70
0.0543483 -1.25545 70
-20.5007 -10.6223 70
-8.50767 8.81806 70
-9.43608 9.29193 70
9.7846 8.85947 70
9.38313 -1.25541 70
0.177542 -0.339384 70
-0.851664 -39.6221 70
11.0519 50.0483 70
-0.07089 -0.747856 70
-31.0404 -68.6798 70
20.9926 8.71225 70
8.81728 10.1469 70
9.70202 -0.844811 70
9.41607 9.47121 70
9.77787 8.68627 70
1.10261 0.207144 70
-18.8458 20.5709 70
18.8957 1.38653 70
20.4342 0.312985 70
0.398543 0.630128 70
-0.33989 -0.0898667 70
11.4768 20.1639 70
10.0173 19.4714 70
1.48473 -0.482889 70
-0.671268 1.00645 70
-39.2152 -0.381409 70
-0.037252 0.16605 70
-10.8255 -10.8352 70
-19.4367 -8.74014 70
30.084 -10.116 70
-10.6363 0.113649 70
0.796597 -10.9974 70
0.333288 -1.24866 70
0.683318 1.39099 70
0.475823 0.0151616 70
1.13909 0.618381 70
1.40235 0.26343 70
-8.92694 -10.3695 70
-0.00677042 -0.525668 70
8.6147 -11.3623 70
-0.0475331 -18.5187 70
0.3738 -0.96547 70
1.20037 0.886529 70
-0.396647 -0.671142 70
-18.5169 0.688526 70
-0.90187 -1.463 70
0.210736 -0.397022 70
-1.1643 -0.939615 70
0.244672 -1.40605 70
-0.811598 -1.491 70
0.700695 1.21453 70
0.606431 -1.07162 70
-1.13274 -0.546754 70
1.49954 0.623635 70
0.871656 -0.790393 70
0.291556 -19.3492 70
-10.5509 -1.16488 70
11.1638 1.19735 70
0.0345062 0.222683 70
9.26518 -0.921307 70
1.25704 -11.3077 70
1.06171 11.3549 70
0.376814 0.916547 70
1.37598 0.231222 70
10.2836 -8.81202 70
-8.67656 0.40674 70
0.868307 0.533245 70
-0.433105 -0.0618679 70
0.112151 -0.866235 70
-0.689877 -0.942068 70
1.28833 -1.49209 70
-49.3675 69.6318 70
-19.8547 9.09883 70
10.7183 11.4921 70
-20.2607 -20.1045 70
-0.271141 -20.9011 70
48.5722 50.6892 70
21.0156 0.530541 70
1.21329 -8.74908 70
-89.446 -8.62571 70
0.783693 -0.8231 70
10.3141 0.960301 70
9.97968 1.11417 70
-18.8363 11.2374 70
-39.1801 10.0291 70
10.0351 -0.526296 70
-0.471642 -1.17379 70
-1.34332 1.15166 70
-0.237088 0.830981 70
-0.698043 0.359969 70
9.28596 -10.2117 70
-8.64869 -10.3785 70
9.40979 1.09151 70
-0.0720276 -0.546328 70
0.227371 0.100055 70
-0.891081 -0.87989 70
1.02195 0.267878 70
0.541386 -10.3959 70
-39.0257 -1.13372 70
20.0628 -39.7884 70
30.8556 -49.4314 70
-0.0933368 -8.83695 70
