-0.372193 -9.94954 70
-10.3096 -9.7173 70
0.23236 -1.02404 70
1.28109 -0.96501 70
-20.9557 -0.448429 70
20.0322 61.1223 70
30.549 9.60986 70
0.480167 1.28663 70
0.273898 -0.637905 70
-19.11 0.643037 70
1.35916 0.189492 70
20.6539 19.7464 70
1.26807 -10.6032 70
-1.32834 1.46497 70
10.4318 -8.90672 70
10.8628 -9.56296 70
-1.23881 -11.278 70
1.12757 0.305063 70
-1.01873 -29.0299 70
-0.178526 -0.835979 70
-0.738717 8.59711 70
71.4698 -50.811 70
-10.8944 1.44595 70
-8.78739 -1.2289 70
-0.412809 -1.2485 70
9.86115 -0.569947 70
-1.08227 0.931634 70
10.5835 -0.45896 70
29.4564 1.38663 70
-9.44601 1.24581 70
28.5653 -11.1738 70
1.20539 10.2223 70
9.89481 0.561666 70
0.148845 0.76915 70
1.26203 21.489 70
-1.18352 0.808677 70
10.0405 -1.22015 70
-1.29057 9.7127 70
1.47481 10.0474 70
-10.1061 -20.7664 70
-0.18821 0.659975 70
-9.38017 -0.506651 70
-8.74756 -20.5903 70
-0.219552 1.38799 70
9.95016 9.11385 70
21.3821 20.559 70
-29.6853 -120.319 70
-1.12759 9.98861 70
9.67142 0.815882 70
-0.591755 0.100694 70
30.2283 0.309647 70
9.04458 -1.00924 70
-0.440361 0.400569 70
21.4199 -0.920988 70
-1.14332 -9.96298 70
-28.6687 -29.2588 70
-0.984005 9.24302 70
20.5806 19.6097 70
-19.2268 0.956436 70
9.58051 10.1149 70
-0.0264103 -1.00745 70
11.1589 39.7694 70
-11.2087 -19.9131 70
0.179484 0.585785 70
1.08256 -10.8707 70
1.14067 -20.3632 70
-9.01223 -9.55993 70
-8.71073 19.1012 70
-21.0267 -20.4717 70
-0.842119 9.70162 70
0.643188 1.02547 70
-1.20113 -0.80222 70
11.0413 1.42686 70
-0.247009 0.994517 70
0.621779 0.187578 70
-11.2968 0.66655 70
0.751657 -10.4367 70
10.6484 10.1601 70
20.3166 0.219491 70
0.318896 0.837216 70
9.95329 -0.205978 70
10.9171 -18.7364 70
-1.18207 0.435151 70
0.365072 0.457131 70
-0.617462 -0.101594 70
29.1946 -10.5501 70
29.3806 20.0683 70
1.47009 -8.72028 70
-1.28405 0.44418 70
11.1518 9.63104 70
-0.966891 21.1652 70
-0.0507543 0.998397 70
19.3198 19.7277 70
-0.261262 1.19912 70
0.465528 10.4618 70
0.117612 -1.379 70
11.4702 -19.2966 70
10.4311 10.6167 70
19.3959 9.31914 70
20.2544 -9.59109 70
-28.5487 11.3599 70
19.718 19.6652 70
-11.3282 10.073 70
-9.65286 -1.13691 70
11.053 -9.93539 70
-18.5382 29.7153 70
39.8476 -29.824 70
9.92183 0.659573 70
0.751613 -0.788956 70
0.4183 1.43424 70
9.1566 1.15747 70
10.7575 -0.371967 70
10.2293 -9.9 70
-0.111609 -9.76163 70
9.96551 10.6002 70
79.4968 18.84 70
20.774 28.8498 70
10.4183 -0.317333 70
-1.33889 0.736149 70
0.41649 -0.435094 70
1.05425 -9.58287 70
-8.71531 10.1793 70
-0.720979 0.00854498 70
9.62328 10.7567 70
19.1483 9.19314 70
60.8925 -8.85176 70
-0.798583 -1.15302 70
-19.2846 -29.4416 70
-8.80084 0.25603 70
31.4164 10.3462 70
-0.39388 0.858811 70
48.959 -20.1119 70
-9.93719 19.6504 70
9.94155 8.90248 70
-71.1212 -71.1586 70
-0.842595 0.161695 70
-0.951788 0.757662 70
-21.0702 0.808353 70
-0.765282 0.458214 70
1.0366 -0.318088 70
9.99593 18.6792 70
11.3647 0.522632 70
-0.988465 0.0803804 70
1.42992 -0.333385 70
-10.3842 39.4995 70
-10.5556 -8.76176 70
10.4787 -0.374491 70
0.722189 0.120188 70
1.3797 0.470327 70
18.9758 9.71152 70
-1.1165 -11.4116 70
0.326523 11.0331 70
0.727709 -0.412604 70
0.966951 -0.297072 70
-1.35873 -1.47527 70
0.613497 -0.866928 70
10.4338 -1.21508 70
-1.32718 10.4008 70
-8.76105 -8.9969 70
0.495473 0.861326 70
9.15279 0.178417 70
-38.9918 29.5182 70
-0.992452 -1.48651 70
20.0368 0.634709 70
50.8594 18.6647 70
11.2983 -9.86845 70
18.8064 -9.69375 70
-10.2015 -0.34952 70
18.9551 10.1001 70
-28.6262 -8.79528 70
10.306 8.62033 70
41.3503 21.0809 70
1.48421 -0.872435 70
21.3941 -9.92194 70
0.11998 -1.02153 70
-0.630055 -9.22147 70
0.0532357 -9.33671 70
9.97415 -0.943486 70
61.0129 -10.8326 70
-0.751522 -1.06323 70
-8.51909 -0.45398 70
-81.0397 40.4092 70
-21.3499 -9.89568 70
-1.25364 -1.45914 70
1.04462 -0.13828 70
-1.02078 30.7619 70
-0.985406 -1.03874 70
11.3356 -1.13782 70
8.9173 -0.146809 70
0.165698 -1.00037 70
0.342429 0.631604 70
-1.4604 0.778373 70
-19.1413 -20.4874 70
-0.897248 1.23981 70
11.3353 -0.988826 70
-11.051 -0.17519 70
-0.877159 -0.813277 70
-0.579788 -1.27751 70
1.14399 9.50419 70
-0.672329 -0.364774 70
29.4337 -11.2273 70
30.3458 -11.4484 70
0.756327 -9.73842 70
1.22512 -0.567324 70
0.496876 1.32384 70
11.4063 -10.4353 70
-38.5836 -8.62406 70
-1.21147 -0.392795 70
-0.680442 -19.83 70
1.20806 -20.371 70
8.76187 0.614865 70
0.227008 -1.35483 70
18.9934 -11.0438 70
-9.63836 -9.66366 70
8.97695 -0.493637 70
0.42347 0.815644 70
0.380682 0.988689 70
0.356329 -0.861391 70
-1.39539 0.999581 70
10.6395 -0.245667 70
0.288732 -1.4722 70
8.86922 1.28238 70
8.64889 9.22311 70
-0.762751 0.971795 70
-10.1362 -8.93955 70
9.08442 -1.22603 70
-0.130362 0.371079 70
10.3751 0.635373 70
0.428202 -0.816921 70
-0.779605 -0.257177 70
29.0829 -19.8402 70
-0.871339 1.47733 70
-0.535153 -11.3763 70
9.847 0.649002 70
10.6711 19.8831 70
0.0101513 0.531101 70
-0.97165 -1.33009 70
10.6084 1.30421 70
60.1371 -31.4682 70
-8.87931 0.549876 70
-11.2448 0.0213788 70
-0.0807814 -30.2811 70
8.89774 18.7599 70
0.106599 -0.188314 70
11.0696 -9.56811 70
10.1546 -1.06204 70
-10.4361 10.8451 70
1.0108 -30.3484 70
60.3832 -18.5662 70
-0.144825 -29.9902 70
-0.162095 -0.583044 70
-0.337933 -0.124602 70
-0.884372 1.13614 70
-0.387686 1.19772 70
-1.1031 -29.0853 70
0.978796 0.159435 70
0.698012 -0.813968 70
9.9479 0.00705393 70
-1.34697 -1.07103 70
19.64 10.9546 70
-11.227 1.17907 70
8.61853 -9.15482 70
9.60408 -9.16273 70
0.99817 -1.18341 70
10.4005 1.32176 70
0.300725 -1.04645 70
19.012 -0.724978 70
19.6132 1.18855 70
-0.05957 -11.2289 70
-0.851699 20.3123 70
-40.3887 -1.28995 70
-29.4411 38.9987 70
-1.14589 9.41807 70
30.855 -8.66806 70
-10.192 1.31838 70
21.281 -11.134 70
-0.419396 19.0883 70
18.9432 60.1668 70
-0.991412 1.31058 70
8.68497 0.882499 70
-1.47191 0.136002 70
-0.325657 9.62103 70
10.4175 10.5812 70
10.4046 10.675 70
-0.390634 19.5959 70
9.73801 -0.874586 70
0.0316738 1.37455 70
-0.3858 1.18119 70
10.9304 0.732577 70
-0.636999 0.706665 70
-0.302268 -0.279139 70
10.6547 -0.701258 70
-9.0634 -1.46767 70
-10.5876 -0.753453 70
11.4125 -1.14442 70
9.521 -9.52396 70
8.82853 -8.83785 70
-21.0103 -8.63328 70
0.862569 -0.496038 70
9.75705 -0.736488 70
-20.7822 50.6295 70
40.9164 18.8454 70
0.643513 1.15385 70
-1.40764 -10.2056 70
-1.36346 0.720846 70
1.41281 1.03503 70
-8.7949 10.8436 70
9.9848 -8.85097 70
8.55208 10.2973 70
21.4349 11.1294 70
10.9574 11.0808 70
111.445 -38.9657 70
9.21199 9.04596 70
-0.364208 9.17668 70
8.72376 40.734 70
9.49007 -21.4615 70
0.276422 8.91745 70
9.28915 -0.556868 70
1.09767 9.70231 70
0.949798 11.4763 70
-0.0146063 -0.634677 70
10.1298 -1.13006 70
-1.22147 -0.813783 70
9.57887 0.748283 70
0.00867679 1.15787 70
-0.711103 10.0007 70
-0.186021 20.3362 70
-1.35252 -0.179681 70
18.5231 -0.0405902 70
-1.37112 -1.08622 70
-9.49925 -0.616649 70
10.099 -18.8865 70
30.7618 -0.435097 70
8.95906 0.218584 70
0.00500892 -1.27042 70
-0.824782 1.26851 70
10.6747 0.410799 70
19.9887 9.76739 70
0.508913 0.596263 70
0.13501 11.0728 70
-20.6837 59.4187 70
10.9211 0.536011 70
10.6781 -1.36697 70
-19.9697 9.34413 70
9.11346 -0.658219 70
1.45315 0.147015 70
11.2605 18.5232 70
-1.2987 -0.517874 70
-0.0898818 -0.825993 70
0.397258 0.184973 70
-0.140686 0.558985 70
0.344212 0.808562 70
0.147561 -0.140783 70
10.308 -19.6561 70
28.5994 0.0749478 70
-1.13806 1.21236 70
8.97328 -1.24475 70
10.2268 -0.728937 70
-0.789996 -0.0760762 70
0.876276 -8.59291 70
19.8046 -0.934547 70
9.94074 0.72506 70
18.7484 -29.4148 70
-0.0287063 10.2803 70
-1.27283 11.207 70
10.844 -0.357434 70
80.92 29.1813 70
-1.25567 -0.93488 70
-9.5109 -0.374984 70
1.08529 -1.02522 70
1.41887 -0.297762 70
21.382 -18.8052 70
-40.2421 50.8618 70
-30.5698 10.265 70
-9.45563 0.969043 70
-9.91352 9.855 70
19.1493 39.3092 70
-39.9987 49.9914 70
-0.720748 0.673041 70
1.03414 1.058 70
11.2367 -8.75078 70
-0.113436 -30.4369 70
-0.353108 -0.875501 70
-0.343882 -0.59188 70
-0.37672 1.39858 70
-9.26034 -0.859459 70
0.530795 0.997472 70
0.54484 -0.752313 70
1.15778 -1.25546 70
-0.387303 -20.2143 70
-1.13884 -0.771259 70
21.1277 -18.7905 70
10.8744 1.29644 70
-10.1324 0.197804 70
-8.82964 -1.15882 70
-8.99821 -1.01405 70
0.510333 -0.0264916 70
-61.0373 11.2012 70
-0.197945 -1.15495 70
-0.740289 0.174299 70
0.804939 -10.2945 70
-9.70854 -0.279587 70
0.698578 -11.131 70
11.3444 0.507452 70
-0.869302 -0.60212 70
-1.05315 -0.743763 70
60.0997 -48.9169 70
1.05153 -0.369641 70
-10.2321 10.7489 70
9.19341 1.43348 70
1.10376 19.3121 70
11.2281 -9.69348 70
8.96068 -0.668303 70
1.01395 0.617681 70
0.180032 -0.578604 70
1.27827 0.466708 70
-1.37598 1.46414 70
-0.757153 -0.580638 70
-10.1596 -10.0172 70
-0.418442 -1.26457 70
39.778 -29.9698 70
41.0841 -29.7221 70
1.32856 -9.65956 70
20.8493 60.0751 70
-0.529566 0.991688 70
-61.0518 -49.1815 70
88.6965 9.96508 70
0.221729 -1.21061 70
-59.1305 51.28 70
-10.32 -30.758 70
0.673525 0.808991 70
-10.8842 -98.6569 70
0.0945157 -9.3438 70
18.718 -31.4562 70
-10.8173 40.9571 70
9.68296 9.97412 70
11.1033 0.375648 70
-10.5473 -10.62 70
-10.9046 -10.1042 70
-0.627961 1.07698 70
-8.73189 9.67481 70
10.5706 -10.811 70
1.01844 -1.40595 70
1.15047 0.834858 70
19.2295 -10.1583 70
9.11259 1.16183 70
0.913585 0.426426 70
0.599225 -9.7199 70
30.048 0.374883 70
10.6454 8.91348 70
18.5134 11.1582 70
1.34402 0.51916 70
0.991071 0.28908 70
-0.256687 11.0379 70
-0.161085 1.16421 70
9.79073 -0.1928 70
-0.375073 -0.673576 70
-0.974105 -9.33037 70
-0.504259 -9.32681 70
0.513546 -10.1849 70
-10.1563 -0.0489175 70
-9.11839 1.05051 70
0.390291 9.97859 70
-0.91941 -0.622679 70
-10.2894 -8.55779 70
-0.43349 -9.26753 70
11.4967 1.41885 70
9.40061 0.239873 70
10.9803 9.07287 70
8.73093 -1.10599 70
-0.714018 -0.987013 70
50.7517 10.0452 70
0.891202 48.9118 70
0.0417449 0.940209 70
0.166119 1.19231 70
-50.1877 30.9651 70
-30.6811 -49.0167 70
0.944649 0.831749 70
8.70882 -1.29636 70
8.69803 -0.835643 70
-11.0699 19.0727 70
-1.00823 10.7756 70
-0.112464 -9.25059 70
-0.824339 0.26703 70
8.61696 20.6978 70
0.62537 -10.3711 70
-0.0702434 -9.19314 70
10.6689 11.2013 70
9.58727 -20.0707 70
9.58326 1.12456 70
-1.49475 -1.39785 70
-0.258325 60.763 70
-1.13095 -8.63599 70
-0.930743 0.392394 70
1.05038 -0.0480948 70
10.6075 1.41882 70
9.49727 0.584662 70
0.145541 -0.713699 70
1.1659 -0.82984 70
8.57659 9.24578 70
9.35355 -18.9531 70
11.4406 -18.6167 70
11.2295 -9.24628 70
-0.611588 1.43207 70
28.9722 0.763407 70
9.53753 -1.0463 70
-0.610425 -1.26789 70
-0.628583 -0.100817 70
-60.5466 21.0865 70
-58.631 19.5252 70
10.8589 1.36584 70
9.60298 -0.348985 70
-0.199601 -1.08374 70
41.0159 -19.5589 70
-1.41128 10.9465 70
1.18593 10.7832 70
10.8598 9.09077 70
-1.09118 0.680514 70
-20.1168 10.9606 70
11.0875 -9.07251 70
-11.1155 10.7306 70
-0.563716 0.294639 70
0.254542 -0.00546839 70
0.0140486 0.206743 70
9.83337 -0.663082 70
9.41449 18.5482 70
1.14815 -8.75883 70
-0.885366 1.4564 70
-0.0497106 9.45701 70
-0.250719 -0.705545 70
9.53285 0.866835 70
-1.04337 9.76267 70
9.47517 0.788714 70
-1.31083 9.73137 70
-0.474492 -9.23344 70
-0.136957 -9.40485 70
10.2962 -18.6912 70
-10.1855 -10.7032 70
49.0252 -99.1178 70
0.740022 -0.807254 70
-21.4237 8.78027 70
10.2082 0.172775 70
11.2566 10.4298 70
10.5675 -1.10486 70
1.08848 -0.782438 70
39.8652 -60.0285 70
-19.5913 -11.0083 70
-0.671158 0.000357927 70
0.0598993 0.862858 70
-0.0829519 1.18726 70
-29.2652 0.113522 70
9.16457 1.44204 70
-9.33438 9.95576 70
10.029 1.07391 70
-1.02569 0.508075 70
1.46769 -11.1144 70
-1.27777 -0.590393 70
8.56865 1.14331 70
11.0632 -0.996294 70
19.6418 -1.15027 70
-1.08659 0.423868 70
-28.6824 -10.8622 70
-0.16483 -8.85422 70
-0.772947 0.0544919 70
10.692 -0.45263 70
18.5032 10.2174 70
-0.51358 -0.781896 70
10.8642 -9.9998 70
11.4104 -10.2253 70
9.11174 -9.51267 70
-0.736276 8.92586 70
21.1121 10.94 70
0.928832 0.754575 70
-0.384714 -1.19741 70
-9.42654 10.0314 70
-11.2715 8.69428 70
9.61089 8.57744 70
8.68607 10.5265 70
0.851471 11.3077 70
-68.9039 -49.4304 70
-61.0435 48.6871 70
1.33048 0.974766 70
-0.0464348 0.520194 70
-10.5745 0.0643723 70
39.6679 18.8267 70
9.16789 -0.907703 70
10.0466 0.66571 70
-0.0637762 9.37876 70
19.8751 -30.4869 70
0.298205 19.1938 70
0.835901 10.7973 70
8.79409 -0.297272 70
0.895514 -0.595991 70
-9.73808 -0.503932 70
-0.375183 -1.40023 70
0.338861 1.4799 70
10.2375 1.25996 70
-0.56262 0.0780078 70
19.792 -9.68285 70
0.264432 -21.1344 70
30.8832 1.19327 70
-1.41691 0.410845 70
-11.3027 0.494153 70
-11.3272 1.48798 70
-0.871284 -0.283003 70
1.42113 0.671124 70
-0.375285 -0.743161 70
-1.07556 -0.369212 70
18.5339 -81.4257 70
1.28019 -11.3566 70
-10.7154 10.9923 70
-0.621651 0.991551 70
18.7863 0.57695 70
0.499179 -9.22719 70
-0.539426 0.838687 70
-0.254232 -1.15152 70
9.08146 0.770754 70
-29.0294 10.5309 70
-28.5243 10.1073 70
1.35341 -0.426713 70
8.72212 1.11724 70
9.70106 -1.26633 70
-19.1874 0.64375 70
-0.0838632 -0.539589 70
-0.975423 1.19212 70
19.9283 0.869692 70
9.48061 -21.07 70
19.8631 -10.9999 70
-19.7287 10.5152 70
-10.0247 1.39252 70
11.0818 8.82569 70
0.85121 10.4709 70
-10.3382 -19.6533 70
10.5869 10.5895 70
9.98897 -0.62023 70
0.875875 -1.12918 70
-0.414356 0.575852 70
-20.0787 -1.01538 70
-1.00945 0.06162 70
-9.37271 -20.8635 70
-1.29135 -0.777717 70
8.80137 8.62388 70
-29.8075 -20.2844 70
-1.30693 0.744761 70
9.02683 0.916016 70
-0.926207 0.907967 70
0.681947 -11.453 70
50.0835 10.98 70
1.20437 -1.21519 70
10.2269 -0.618743 70
10.4884 -0.770274 70
9.91767 9.58043 70
-0.259614 -9.35485 70
-0.323243 -0.648925 70
30.8897 29.9343 70
-0.593828 10.7796 70
-1.15958 -0.843174 70
9.86833 0.912504 70
20.8563 9.36558 70
10.5804 8.65682 70
9.32771 9.41782 70
1.08424 1.42263 70
18.64 -0.489011 70
-0.773566 -0.909014 70
-0.35908 -0.618935 70
0.00353009 1.0383 70
-0.973452 0.525624 70
-1.23067 0.419716 70
9.77185 -0.618349 70
-0.458514 -1.49427 70
21.3829 -29.8343 70
-0.336974 -0.369567 70
-0.815861 0.554681 70
10.0265 0.933421 70
0.82265 1.37995 70
-0.404953 -0.0832972 70
18.8835 -0.453707 70
0.228876 -8.98511 70
-0.547221 -10.3103 70
8.75077 29.8093 70
-0.708107 0.00164428 70
-0.490116 -1.4273 70
18.7733 19.5423 70
-1.14495 0.574976 70
8.96545 -1.38874 70
1.05844 1.04019 70
11.0365 -9.30391 70
20.1525 -9.79466 70
-10.4914 -9.25708 70
0.111079 1.3224 70
0.164 8.8487 70
0.667266 1.1824 70
21.2552 1.15694 70
-0.213251 0.781758 70
11.3064 -20.925 70
11.0423 -20.4176 70
-20.4595 29.006 70
8.50281 -0.289401 70
1.33326 -0.965603 70
-0.549692 -0.953919 70
-0.957744 -0.952262 70
-0.979284 1.25478 70
-30.3932 8.71347 70
11.3013 1.08401 70
11.3347 -0.105203 70
-0.451162 -9.63417 70
-0.704445 0.512701 70
-18.6774 -0.927674 70
-0.837 31.1806 70
-21.4624 19.6018 70
-18.6016 21.0163 70
1.04246 0.549793 70
0.418116 0.760926 70
-0.0624926 -1.04322 70
-1.15767 -0.779468 70
-0.212311 -0.991408 70
-19.0635 21.0642 70
-10.2276 91.2212 70
-18.7308 -10.581 70
9.57976 -19.5201 70
0.729081 11.3439 70
9.80524 0.17021 70
18.8318 8.90469 70
-39.772 8.62452 70
-31.0747 -21.1862 70
-70.4985 -98.671 70
11.3658 -0.104809 70
29.8625 -81.1303 70
10.5875 -10.199 70
10.0607 -1.37807 70
-0.717488 0.127661 70
9.89324 18.7255 70
0.245993 0.142301 70
-11.1105 60.2316 70
-0.874438 29.25 70
-0.356279 0.306541 70
10.4887 -11.3229 70
-0.719806 79.5872 70
-10.207 -0.582172 70
-11.2517 -8.83221 70
-1.10922 0.0299647 70
10.4721 0.615929 70
-9.14705 -11.4154 70
0.932606 -8.66125 70
-0.831992 -8.91605 70
18.5852 19.2707 70
0.193819 -0.0554103 70
10.075 -11.0751 70
1.09803 10.4577 70
-1.2298 0.450022 70
9.00537 39.3886 70
-1.0377 11.2432 70
