-9.03642 19.8797 70
-1.22857 -1.39195 70
-0.627293 -20.7625 70
0.427828 9.8028 70
-10.571 -0.868247 70
-9.60408 -8.76767 70
9.23044 -9.37339 70
-9.06991 -1.22909 70
-0.729814 20.6297 70
31.4362 -9.77897 70
9.3417 0.344218 70
-9.34697 -0.312653 70
19.109 -11.344 70
-1.10889 10.894 70
-0.704465 10.4069 70
0.309054 -11.1495 70
-8.88444 -0.0762219 70
30.4102 -0.211844 70
10.7849 41.3326 70
71.1566 -39.3737 70
10.908 10.705 70
1.364 -0.710029 70
-10.5398 -0.355665 70
0.678522 -1.14753 70
-9.50653 -11.1172 70
-8.8718 -1.0883 70
10.9927 -10.3446 70
1.25755 1.40045 70
-9.77195 -9.77134 70
-39.0262 1.36913 70
-29.2039 -9.3515 70
-11.0873 1.49441 70
21.2236 -30.8757 70
8.61545 10.8947 70
0.65992 0.688743 70
8.55063 -20.5612 70
9.5893 -30.8688 70
-29.3414 0.194605 70
-8.98198 -9.07359 70
9.2969 -10.713 70
0.581244 -10.2874 70
0.485094 -0.565063 70
-10.3566 -0.816954 70
-9.90921 1.00014 70
-8.50206 0.766162 70
-18.5108 0.0874686 70
1.1395 -1.42726 70
1.09674 -10.4684 70
68.7828 60.0139 70
9.97438 10.6912 70
8.90257 -8.50584 70
30.2658 -19.7646 70
-10.9455 -0.0104281 70
-0.359644 -1.48972 70
18.8996 -18.8128 70
-10.2617 -0.173997 70
-19.8794 -18.7838 70
-9.34502 -0.435013 70
59.5643 40.005 70
110.213 70.7788 70
-10.5535 -1.21545 70
-9.9732 10.6444 70
0.195412 11.3091 70
-20.0369 -0.389832 70
-8.60252 0.710007 70
-0.117846 0.243124 70
1.06136 9.38183 70
0.100665 -0.18775 70
-0.64321 -1.14583 70
-9.58655 0.0279005 70
-19.2773 0.19225 70
-0.767723 0.292039 70
1.10118 -0.201169 70
-9.8949 -10.5104 70
-1.36385 -19.2182 70
21.2701 -19.2803 70
9.56525 -0.524406 70
9.32627 0.574033 70
49.1517 -40.2323 70
-9.55293 -0.339584 70
61.1574 -30.2956 70
-1.1649 -9.44612 70
-1.26514 -0.861955 70
-0.547818 0.567834 70
0.358448 0.768567 70
-1.45405 -1.10406 70
-20.0836 50.6884 70
0.0610571 9.49678 70
-9.20183 -8.95581 70
-10.1786 -0.715772 70
-9.05481 -0.703885 70
-38.8667 20.1277 70
49.2058 -39.3709 70
-9.52479 -1.30072 70
-10.1336 -10.4964 70
-9.72177 -0.814904 70
11.1141 -19.0722 70
1.4743 -0.109785 70
-9.20681 -9.79014 70
-1.16565 -1.31854 70
-10.7573 39.7561 70
-0.528399 -1.22738 70
-9.06919 1.31143 70
-28.9116 -18.6704 70
19.0932 29.8409 70
0.410305 -0.729641 70
-29.5127 19.5799 70
-0.342037 -10.9167 70
-21.1495 0.587509 70
-11.4301 -11.3696 70
-8.89013 -8.74259 70
-1.34223 -10.022 70
-11.2359 -0.600987 70
-0.366926 -0.883546 70
-19.0661 10.2414 70
-8.82755 18.6482 70
-9.03017 18.7755 70
-11.4811 0.956578 70
10.6892 -9.78275 70
-18.6632 -18.9237 70
-0.405325 0.695381 70
1.26553 1.27251 70
-20.0337 1.27351 70
-9.56895 0.314009 70
-29.0065 61.243 70
-10.1751 0.55255 70
-9.09212 8.84212 70
-20.2748 11.0918 70
0.879681 1.2659 70
0.466798 10.4167 70
-29.2904 9.03329 70
-0.497422 9.7567 70
-20.532 10.7969 70
-9.23889 -1.06532 70
9.51046 1.05388 70
-8.6758 -11.256 70
-9.37084 -0.675747 70
-11.3462 0.691262 70
-8.62469 -9.94459 70
-10.2211 1.36242 70
-10.8027 10.9882 70
-10.7653 -0.270908 70
40.3239 89.7113 70
-11.0793 -0.206114 70
0.543475 11.3599 70
-9.21049 10.402 70
1.1961 10.2305 70
0.950573 -1.11444 70
-10.5621 -8.9188 70
-1.11932 -8.91768 70
-9.95518 -28.8911 70
0.78316 -0.0160777 70
-19.0364 -21.1001 70
-0.986419 41.2492 70
-11.138 0.20673 70
20.9415 19.8651 70
-9.15143 0.581802 70
-20.4394 -9.03684 70
-30.0225 -19.385 70
-11.4664 -0.348558 70
-19.6491 -0.955515 70
-9.9175 0.855468 70
-10.7585 -11.3117 70
-8.74416 -10.7415 70
-19.3111 8.71587 70
-19.4784 20.0677 70
-0.723219 10.424 70
-11.3093 9.97587 70
-10.0004 -0.358111 70
-10.5461 -0.84296 70
-11.0243 11.1809 70
-0.952031 -10.1835 70
8.75453 38.6394 70
-31.2438 0.906305 70
-0.948319 0.744335 70
9.8719 20.7747 70
-9.27839 8.79172 70
-19.4395 0.841365 70
-9.80312 -0.96818 70
-0.145962 -28.9511 70
60.5926 10.7795 70
-10.3232 -1.09528 70
-18.9738 20.7247 70
1.44794 -1.45507 70
20.3362 20.5573 70
-1.02293 0.617114 70
1.39168 10.6797 70
-11.1951 0.852391 70
20.5771 20.9905 70
31.2897 0.217254 70
-31.2848 0.534231 70
-18.8623 -20.6969 70
-20.7904 -19.1664 70
-28.8385 -20.5003 70
-9.54438 -0.911394 70
-31.4723 9.77287 70
-30.7535 10.7838 70
-38.7384 -61.4672 70
89.2881 50.1063 70
-10.8214 -8.78897 70
0.750657 1.16247 70
-9.22177 0.788331 70
9.38054 1.15083 70
9.98585 -0.950584 70
-10.9681 0.867401 70
0.849101 -9.66339 70
-1.11601 -0.162716 70
-19.7636 10.0006 70
-20.5479 -9.54107 70
8.68694 8.71031 70
-9.91723 -10.7085 70
-9.95565 -11.0955 70
-20.6945 -8.71377 70
-8.69026 -18.7073 70
-9.97271 -0.590597 70
0.671142 0.147723 70
-11.0597 8.80435 70
1.37308 -0.756091 70
-0.637315 1.26945 70
-0.271478 -11.2736 70
-20.277 -0.684422 70
-0.978286 0.58451 70
1.07158 11.0984 70
-0.0906854 0.816294 70
39.6527 -1.05237 70
-11.0393 1.11392 70
18.7524 18.6795 70
1.46081 9.31462 70
-28.9543 -11.3042 70
-10.4346 -9.25393 70
-10.7678 -69.8563 70
-28.7083 48.746 70
-9.44239 -0.429844 70
-11.0666 -1.11421 70
0.433784 0.37661 70
20.2322 -98.9293 70
9.56736 -9.59979 70
-21.394 -50.3327 70
-0.977592 0.831292 70
-1.28638 -0.0214216 70
-10.5825 -1.03795 70
-9.83998 0.31286 70
-10.5155 9.2898 70
10.3051 18.5194 70
-19.5181 -0.751266 70
-21.3919 0.0944102 70
0.334464 0.234058 70
-10.2428 10.8856 70
-10.9636 11.0781 70
-59.0898 -61.11 70
-61.087 -60.5237 70
-0.245381 -10.9727 70
11.1191 -10.9686 70
10.3047 -9.81527 70
-11.0401 0.679257 70
1.03292 -1.17311 70
-8.95385 -0.45762 70
-0.207793 18.6435 70
-10.698 10.8295 70
-0.995232 1.36174 70
30.153 19.4259 70
10.6063 19.4511 70
0.117196 -70.2276 70
-0.407335 -9.12655 70
-0.00686869 -10.8959 70
0.479629 0.532513 70
-10.5162 19.1285 70
49.9005 -9.97927 70
0.156251 -0.24771 70
10.1007 -19.3666 70
-19.6711 -1.33989 70
-11.0605 -0.247557 70
0.432746 0.0303884 70
41.1746 -0.863939 70
-20.8617 9.11287 70
-11.4784 -1.00287 70
-0.693547 11.4748 70
-0.0163519 -1.35749 70
11.091 20.0371 70
1.06412 0.0578102 70
-0.423164 0.697568 70
1.36605 -11.248 70
-20.905 30.2419 70
38.7444 -1.34077 70
0.13296 1.18726 70
9.9244 9.06948 70
-19.6359 -10.5959 70
-18.9883 -10.3902 70
1.10761 1.49573 70
-0.0251428 0.00204146 70
1.18839 -0.498053 70
-0.608088 9.98246 70
-19.0601 -9.22779 70
0.460395 -0.343856 70
0.998873 0.769358 70
1.00844 -10.5142 70
-9.86681 -1.41668 70
-10.0766 -1.17977 70
-1.1232 10.3045 70
-9.40183 0.466871 70
1.0539 -0.634918 70
-9.47429 0.807698 70
-10.2602 0.337986 70
-10.1458 9.7015 70
-41.4192 59.2618 70
60.7065 -9.21438 70
-10.3497 0.521708 70
21.1057 -8.57203 70
-10.8391 9.05889 70
41.4382 -39.6092 70
-0.134126 -19.2182 70
1.36242 -0.431747 70
-0.376119 -1.03332 70
1.27913 40.5302 70
10.2887 -0.62337 70
9.41973 -0.711795 70
0.928025 0.640851 70
21.4601 18.6481 70
-10.3521 9.45171 70
0.414749 0.712182 70
0.1457 9.81901 70
-0.804136 11.1588 70
-10.5607 10.501 70
-0.311666 0.657176 70
8.86755 19.4558 70
-0.214972 -1.31959 70
-69.478 90.2527 70
-10.9213 -9.3814 70
-10.7652 -11.3343 70
-11.2462 9.30482 70
-8.91421 -0.80518 70
-10.3062 -0.231931 70
-9.21895 -10.5958 70
-9.03479 -1.29562 70
-11.2523 -8.67201 70
-20.9053 8.77054 70
-20.9091 0.407386 70
-20.0772 1.32164 70
-0.307001 -10.015 70
-48.5167 -20.6819 70
-48.9989 -20.1383 70
-10.1265 9.48171 70
-8.86053 1.10056 70
-0.706241 0.0511047 70
-39.4529 -59.5771 70
1.36725 0.133374 70
-1.07006 0.439951 70
-30.5485 -9.20894 70
0.199676 -0.287703 70
-0.417279 -9.74987 70
-9.6995 -0.210201 70
-10.1826 -0.603224 70
11.4463 10.1278 70
1.19009 11.4363 70
-1.25728 -10.0942 70
-1.33179 10.9399 70
0.712019 -0.323579 70
0.0483496 -0.854859 70
-9.30997 -1.27712 70
-21.0851 21.4305 70
-9.08406 0.684179 70
-28.5785 -38.7445 70
-10.8001 10.5401 70
-8.64653 -1.14248 70
1.1234 10.3524 70
-1.0821 10.5038 70
-10.2601 1.41023 70
0.345858 0.723334 70
0.806686 1.18053 70
-20.0255 -11.4406 70
1.26255 -0.420645 70
1.0285 9.34619 70
-21.0046 -9.75714 70
1.48293 0.912758 70
0.226305 0.242063 70
-19.0134 -20.7788 70
-0.147882 10.4653 70
-1.12268 -0.0434071 70
0.18112 -0.233717 70
0.855341 0.468777 70
-21.0244 0.772763 70
-11.3647 -1.35407 70
-10.0924 9.98059 70
-10.1237 9.64469 70
-11.1023 39.2998 70
-0.610443 -11.0916 70
-20.9746 -18.9871 70
0.818727 -1.437 70
-8.63923 20.7957 70
-8.53214 10.5137 70
-10.8712 9.29293 70
9.01736 -11.1292 70
-29.0068 -11.3956 70
20.021 -10.8759 70
-21.377 -30.8593 70
20.2146 10.4722 70
-9.00492 0.590326 70
-10.4694 -1.08236 70
-10.0819 -0.814233 70
28.9271 30.5415 70
30.0398 30.7581 70
-9.22624 0.66759 70
-8.90172 0.243464 70
10.1321 -1.23968 70
0.0929587 0.532316 70
-11.1259 8.84961 70
-8.74111 -0.0880227 70
-9.66549 1.31991 70
-30.3579 1.19448 70
1.35348 -10.566 70
0.44718 0.0729 70
-0.640631 -1.11752 70
9.47914 -10.674 70
9.67821 -9.22511 70
-9.78661 -0.42292 70
-19.7565 -29.7427 70
-0.48126 1.01824 70
-0.0358853 -8.98711 70
-0.371493 0.623704 70
8.50654 10.9561 70
-10.0305 -9.62056 70
-0.456648 0.546104 70
0.566528 0.662276 70
-38.8335 1.2893 70
-9.42574 1.24456 70
1.03499 21.214 70
0.31926 1.33638 70
-0.714494 0.104569 70
-20.5721 9.76225 70
0.442506 -1.04534 70
-20.3135 -19.5522 70
-1.34112 -18.538 70
10.7162 0.119634 70
-1.26905 -0.237861 70
1.42075 1.27345 70
-0.307034 -9.283 70
-60.5285 -29.528 70
-9.61842 11.0556 70
0.498578 0.571088 70
-19.0217 38.7629 70
-19.7616 41.0335 70
-10.2788 29.9089 70
0.27961 -0.700149 70
10.4963 -18.856 70
-38.9155 -9.84083 70
-19.1542 0.530362 70
-10.9691 -18.9008 70
-10.011 8.57293 70
-10.5181 19.9582 70
-9.36691 -1.13582 70
-20.1221 -1.22612 70
0.508928 58.8823 70
-9.93984 10.0632 70
10.1959 9.10064 70
0.937914 -1.4258 70
10.7675 9.18195 70
-0.942745 -10.1913 70
-8.66752 0.952705 70
-21.3952 0.385545 70
-1.01739 29.7021 70
-0.72372 0.505187 70
1.10668 1.09795 70
-0.913651 -19.1623 70
-10.0163 0.251229 70
-8.68492 8.80928 70
-8.78733 8.63419 70
-10.6501 10.7488 70
-38.685 18.7054 70
0.900328 10.9265 70
10.4743 -0.740675 70
-61.4111 100.416 70
-0.293975 0.417183 70
-10.5278 1.26136 70
0.41887 -10.9759 70
-20.9357 -20.4963 70
-8.88197 -9.39882 70
0.819567 0.464851 70
-8.92178 31.2151 70
-1.45327 -1.18767 70
-10.2098 0.943689 70
-8.70936 0.278144 70
-8.5025 -0.670117 70
-28.5069 11.1649 70
0.0426331 0.534833 70
-9.78833 -10.8716 70
-0.269783 0.190114 70
0.114738 10.0537 70
-9.19268 9.40478 70
10.4341 28.6968 70
9.08342 20.1907 70
0.243339 9.96403 70
19.3017 31.4963 70
-9.60723 -9.1809 70
-100.728 9.86434 70
-19.0229 -19.6179 70
10.8735 -19.6025 70
-9.50403 -0.172514 70
-9.04884 -9.88347 70
0.0193277 -0.981669 70
39.9596 0.406333 70
-31.4917 9.45335 70
-9.22264 -21.2033 70
-9.03165 1.26174 70
1.02071 -10.5019 70
-8.83471 -11.2274 70
-30.4518 -20.8077 70
-10.7224 -10.1294 70
61.0585 11.3568 70
1.17124 -10.0337 70
-20.9305 1.04386 70
19.4665 1.11739 70
-21.0089 11.0288 70
0.839677 -8.8449 70
0.806556 31.4473 70
-1.16993 -0.781857 70
-20.1347 -0.0763309 70
11.0983 -8.82767 70
-11.4065 0.672386 70
1.33118 0.568481 70
-11.4044 -0.245807 70
-61.4597 -0.929334 70
-11.3333 -11.1646 70
-9.63614 0.93279 70
-10.1416 -1.34817 70
-0.390348 1.48415 70
-10.1544 0.306068 70
-10.8989 -0.40108 70
-10.6099 -11.459 70
-9.91362 -1.10947 70
-19.0933 -10.1212 70
-38.8312 -1.26786 70
-31.2175 19.2847 70
-9.30505 0.599301 70
10.0106 -0.395318 70
10.0783 -0.193936 70
-1.21699 -0.293269 70
-0.580736 0.141856 70
-1.27704 0.371998 70
-10.6842 0.334919 70
1.12986 -28.6668 70
-9.31432 0.812095 70
9.09053 -9.86001 70
81.355 -21.3969 70
81.0224 -20.524 70
-28.861 28.9923 70
-28.5206 -8.7332 70
-11.025 -0.290998 70
-9.45507 -10.5927 70
-1.17826 0.919032 70
-10.0667 -1.37677 70
0.0560736 -1.41011 70
8.72732 9.73976 70
9.93173 20.256 70
-41.2026 40.5725 70
48.7371 -71.3281 70
50.3934 -69.5824 70
-68.8181 -20.3535 70
10.3914 28.5431 70
-0.990216 -8.53552 70
-8.68407 9.5423 70
-11.1059 9.99432 70
11.4551 10.6996 70
1.01688 11.3779 70
-39.6893 11.1913 70
-31.427 -1.47842 70
-10.588 -1.21026 70
-70.9521 50.6004 70
-10.6755 -0.362681 70
-9.50786 10.4214 70
8.6682 0.391968 70
0.139062 -0.768758 70
-0.673476 10.5879 70
-1.38534 10.4125 70
-0.520238 -10.279 70
20.9531 -19.6973 70
-8.67349 0.862055 70
-0.288377 1.28872 70
59.7814 -11.0539 70
-10.4721 1.33531 70
10.8699 0.792909 70
0.276906 9.73512 70
21.3249 -9.83921 70
1.27001 -8.75176 70
-0.35124 -1.05906 70
-31.4783 -119.852 70
19.1337 -0.681054 70
-10.1708 -1.40828 70
-1.49664 -1.04112 70
19.8298 -0.983554 70
-9.81323 0.567592 70
10.5869 -0.082262 70
8.90125 -0.116689 70
-31.0555 19.1374 70
9.03101 -0.699592 70
-29.6015 -0.0289734 70
-9.78732 -0.699855 70
-28.8146 19.6012 70
20.0333 -10.1964 70
-1.16791 1.13784 70
-9.76861 0.416663 70
9.68331 9.95475 70
0.901318 -0.844235 70
-11.4497 19.8052 70
-9.14115 0.908363 70
61.1453 39.1426 70
-9.19716 1.07974 70
20.6052 9.82112 70
-20.4565 20.3025 70
-10.3633 9.17796 70
1.13927 0.897871 70
-0.591804 -1.38311 70
9.4463 -60.8513 70
-1.38991 1.29146 70
-9.04951 -11.328 70
-10.8936 0.850187 70
-11.1681 -10.2052 70
-8.76317 1.35897 70
-9.0787 -11.2277 70
-8.54385 0.0568747 70
1.06274 1.01134 70
-10.8873 -0.631507 70
58.841 -31.1709 70
0.588622 -1.1459 70
-11.2084 -1.37564 70
-9.64186 1.37165 70
0.978555 -0.295474 70
-0.370425 -1.28139 70
59.971 1.10864 70
-9.72464 0.475883 70
21.4621 10.4234 70
-10.14 11.4283 70
-10.3348 10.9235 70
8.71598 -29.6196 70
19.1018 -0.0607138 70
0.246644 -9.61058 70
-18.5191 -18.9399 70
-20.5703 -60.494 70
8.85597 10.9464 70
-10.3238 -0.0226914 70
0.470027 0.381413 70
-9.84931 19.0397 70
-9.65138 -0.525146 70
0.308859 -0.529515 70
-9.69009 -9.84662 70
-0.338308 -0.783771 70
8.60525 0.782869 70
10.8607 0.820646 70
-18.6017 18.5504 70
9.09454 -1.06347 70
1.23386 -0.429589 70
0.0216261 -1.47199 70
-10.0528 -0.383406 70
-9.33131 0.143972 70
-9.84965 0.133985 70
-8.85349 -0.0836415 70
-21.462 -9.59631 70
28.6653 9.91153 70
0.292699 8.88761 70
-20.7362 -9.17129 70
-0.193482 -0.331 70
9.03021 0.799324 70
-8.62853 -0.342658 70
-18.8089 -9.08494 70
20.3775 -11.2875 70
11.0451 0.543545 70
-1.20701 -0.276356 70
0.194781 10.7515 70
-10.3897 11.1516 70
-10.8544 -10.9507 70
0.494546 21.2796 70
-10.1672 -0.150969 70
-11.1489 0.141838 70
1.11577 -69.222 70
-0.215881 1.49709 70
38.6803 -10.2059 70
0.614687 -0.637451 70
-10.4312 1.05336 70
0.221275 10.2336 70
-19.785 8.80504 70
-0.887159 9.58543 70
-0.0672054 -108.735 70
10.2168 -19.1656 70
-10.4036 -8.82885 70
-1.19135 0.9009 70
0.890534 -1.18235 70
-10.2515 0.747191 70
20.7971 29.6585 70
-9.84443 -0.565325 70
1.05518 -9.62113 70
-1.25044 8.82453 70
-8.94196 -0.51677 70
30.1168 -10.33 70
10.4749 -10.1806 70
10.2773 -9.01846 70
-19.8257 -1.10184 70
10.4252 79.1488 70
-19.3462 1.22997 70
-11.2377 0.162325 70
-1.17539 0.127935 70
-19.19 50.7263 70
-10.6341 -0.999841 70
-29.8439 0.991945 70
39.6505 -18.9033 70
0.835896 0.052561 70
-9.1151 1.36507 70
-21.3371 19.8453 70
-21.2209 -9.41869 70
0.0250107 0.562924 70
-9.84601 -0.69673 70
-19.9152 0.868029 70
-19.609 9.04699 70
1.31312 9.18821 70
0.538184 10.7509 70
-1.12287 21.3134 70
-1.20703 -1.0615 70
-0.752985 0.0673763 70
-1.04299 0.816823 70
1.44345 0.533733 70
-10.9891 10.8447 70
-10.6825 10.8021 70
-10.4395 -9.33125 70
-0.773869 -8.9521 70
-19.0054 -0.551178 70
1.27141 -0.130592 70
0.433042 1.1494 70
59.647 50.3447 70
58.6555 51.057 70
0.192564 51.3874 70
-10.1927 -0.751852 70
0.77626 -8.87928 70
-9.345 0.789259 70
-9.30652 -1.47195 70
-0.330585 -0.628186 70
-31.0365 -10.9904 70
1.23751 -28.7253 70
-9.49133 1.06392 70
-1.39117 -0.744868 70
31.3534 -1.34752 70
10.0533 1.31774 70
-0.24592 0.412597 70
-8.62296 79.5315 70
-18.6018 9.27444 70
-9.93877 -29.4671 70
-0.753851 -0.0756051 70
0.662353 10.864 70
0.937407 19.4789 70
-50.7205 10.0394 70
-10.883 1.11584 70
8.92566 -29.5228 70
-20.722 -20.5886 70
-28.7881 -18.7128 70
-11.2286 -1.47169 70
-1.44428 19.5316 70
-1.09231 8.54809 70
-20.2193 -0.843958 70
-8.76832 1.28489 70
-0.228883 10.3465 70
-1.09779 0.547389 70
-1.28131 0.564395 70
0.976316 0.946698 70
-1.49871 19.5176 70
-10.6133 0.536552 70
59.7848 0.80749 70
-8.79443 -1.27648 70
9.88955 1.45181 70
-11.1925 -0.41594 70
18.6678 9.28539 70
-11.0232 -0.329095 70
-9.82407 -0.320675 70
-10.816 0.596757 70
0.887308 1.22889 70
-11.477 -1.33277 70
-10.3019 9.34927 70
38.6295 -59.171 70
0.711282 -0.158585 70
-1.06554 -0.413374 70
0.0985373 -9.69322 70
-10.0929 -1.20838 70
0.377863 -1.08991 70
-0.737915 1.36467 70
21.3887 -1.26811 70
0.295118 0.839639 70
-0.936144 -1.33575 70
-8.63001 -0.217038 70
-11.0992 0.289083 70
-19.1376 -0.505104 70
-10.0359 0.259101 70
-10.3084 0.333327 70
