-0.211109 -0.460459 70
9.32743 -11.3406 70
-1.00817 -0.97313 70
-9.90907 -10.2122 70
1.40123 -0.466279 70
9.34464 10.5773 70
-0.327002 -0.739256 70
19.3868 0.166021 70
0.807251 -10.5143 70
18.7534 -19.6767 70
-31.0145 31.4711 70
10.8779 0.45188 70
10.6394 0.0110118 70
-18.8476 -18.9747 70
10.0285 10.966 70
-0.804029 1.2005 70
9.30773 0.786427 70
-0.333408 -10.1325 70
9.83758 1.40269 70
-9.65227 -0.359361 70
31.4966 20.7132 70
10.6374 9.07516 70
9.26599 -10.6707 70
11.3056 -10.4032 70
-19.4721 20.0013 70
-0.45044 0.293298 70
-1.25215 0.534086 70
0.124375 -1.02083 70
-1.46236 -8.76954 70
11.0188 -19.8437 70
-1.11618 19.9978 70
9.68856 0.0667321 70
8.94922 0.440985 70
-0.510538 -8.69739 70
10.3274 0.304704 70
-0.351037 10.6748 70
-0.991568 0.129489 70
-0.777689 -28.9401 70
-1.23894 -30.2911 70
0.224716 -1.37504 70
8.90077 -9.6799 70
10.2444 -9.97832 70
-1.32827 0.329732 70
20.9249 -1.11255 70
29.7994 -10.9413 70
-10.8611 -11.1628 70
-0.0822286 20.5543 70
10.6477 0.235294 70
9.71732 -0.256046 70
8.55197 -9.0549 70
10.1573 10.1124 70
9.26143 -10.3024 70
20.9744 -0.883221 70
-100.877 -29.7891 70
-0.825086 0.411259 70
0.809805 -9.86725 70
-9.10524 -0.707281 70
-9.42589 -0.183154 70
0.00929846 -9.11389 70
1.07776 -10.7133 70
-1.35167 0.34644 70
8.62086 -10.2318 70
-0.382333 -1.49821 70
1.39285 -0.0454187 70
20.6208 -0.984868 70
-0.344937 1.36039 70
1.46376 -10.5814 70
0.7733 -0.419589 70
0.159221 -29.8041 70
-1.17253 0.529323 70
10.8442 1.16874 70
10.0453 20.2284 70
-0.275692 0.144823 70
0.84104 1.35305 70
-1.38312 -11.2905 70
18.7384 -1.08732 70
-1.07046 -10.9528 70
8.60153 0.118402 70
9.28288 -11.0341 70
10.1474 109.838 70
-1.35385 -39.1939 70
1.17661 10.0209 70
-0.920629 -10.2033 70
10.809 19.3291 70
21.3602 -0.680528 70
21.1089 -0.400952 70
19.0726 -10.5006 70
40.3898 -28.9764 70
-19.465 -9.92625 70
-0.385592 -10.5597 70
-0.469492 -0.973435 70
0.811844 -11.2077 70
-1.36279 -1.37508 70
-0.26027 -9.34351 70
9.49944 -0.739839 70
10.403 -18.867 70
0.0929144 1.34055 70
79.5695 19.2488 70
0.796705 0.0794939 70
1.47106 -0.186711 70
-0.092907 -0.504568 70
0.566996 -10.8342 70
9.64564 10.2001 70
10.2403 -1.16224 70
19.1873 0.345899 70
19.6913 19.8895 70
19.2297 10.4558 70
9.88085 -8.96869 70
-10.2246 -21.1141 70
0.235692 -0.988972 70
9.70638 -19.0602 70
-9.7119 -10.5925 70
10.7266 -0.079118 70
-19.1828 -1.22683 70
11.3529 -0.397367 70
9.35732 -0.848858 70
8.62568 -19.3359 70
-40.5501 0.445293 70
0.306905 8.9996 70
0.228653 19.3081 70
-1.49038 20.9898 70
-0.433111 8.74786 70
-21.0625 0.816786 70
-0.422504 9.08783 70
-0.648471 -8.59146 70
1.01924 0.355622 70
9.27722 -29.711 70
20.5429 9.0266 70
0.914796 -9.14847 70
9.04835 -9.73143 70
-0.318991 8.61807 70
-0.628924 0.473892 70
1.09066 -0.751747 70
-9.67494 -11.0617 70
29.9056 1.12401 70
31.0017 -0.999942 70
-31.4876 29.602 70
8.92762 -11.1517 70
10.8715 0.0202177 70
-1.33722 0.280934 70
31.2346 -28.5889 70
0.832564 0.0646928 70
1.07443 11.2361 70
11.3696 -20.6717 70
29.4937 -20.5002 70
10.8531 8.56819 70
28.8029 -10.6648 70
0.534381 -8.50264 70
30.5906 -0.138511 70
19.572 -19.1865 70
0.337914 -18.5188 70
39.3917 -0.339152 70
9.58542 -10.8333 70
59.5684 -79.1727 70
20.1554 -9.33443 70
8.61857 1.05288 70
10.6013 -8.88176 70
-8.76421 -20.3307 70
8.98764 -0.978477 70
-50.8538 -1.04775 70
-39.6475 -9.27311 70
-59.0852 -0.518786 70
-1.28429 -1.29608 70
10.064 -8.55843 70
21.2475 -8.95496 70
19.3683 -9.82465 70
9.03182 0.875721 70
-10.5459 -30.1437 70
10.003 -0.377538 70
9.29397 -31.2758 70
10.4436 28.782 70
59.7545 -89.376 70
-0.241601 -0.970997 70
20.6178 -19.8976 70
11.3925 -19.1117 70
9.24497 -19.1564 70
10.5319 -9.65858 70
19.4991 -20.3348 70
-8.71765 -10.1754 70
-1.26235 0.985346 70
8.5113 -8.55683 70
9.28066 -21.3959 70
0.914109 -1.07119 70
-0.297789 0.616679 70
18.9388 1.17195 70
18.8508 -0.626797 70
-11.242 -9.49449 70
-9.66368 -10.8669 70
18.8296 0.456116 70
-0.447517 10.7572 70
10.5823 -0.402944 70
-10.5147 10.7438 70
-0.0947736 -1.03201 70
-9.61858 -11.2312 70
1.23455 -8.85978 70
19.1906 0.00996575 70
8.87208 -10.2103 70
-100.066 98.9582 70
8.80845 -10.6385 70
-0.685415 -9.5125 70
8.83223 -9.83851 70
10.1177 1.11859 70
11.1945 -0.679622 70
-9.68173 10.3571 70
11.2164 -0.527223 70
91.102 -90.3175 70
8.64868 1.16938 70
-11.1975 1.36597 70
1.26145 -0.119672 70
30.6896 80.4622 70
10.5165 -19.729 70
8.77726 -0.583695 70
20.071 -9.14378 70
-0.375726 19.6653 70
-9.37586 30.8587 70
9.39613 -19.6491 70
-10.6456 1.49015 70
-41.0011 20.0554 70
11.3138 -0.676372 70
1.30932 0.634281 70
10.9286 39.6728 70
9.27557 9.99727 70
-9.57892 -9.05271 70
9.46946 0.710033 70
9.64933 -20.0721 70
-0.308543 -1.00238 70
21.4278 -0.795746 70
8.82587 -1.24684 70
-30.7594 -0.941721 70
0.594702 -29.2555 70
-9.64094 -21.1321 70
-8.60138 10.6464 70
-1.11563 10.0833 70
-0.833059 0.862946 70
10.6622 -11.2797 70
9.99449 -10.2465 70
18.862 30.4768 70
30.8402 -8.57235 70
0.950553 -10.0033 70
-10.4648 0.168237 70
-1.03078 0.294436 70
10.3639 0.0936301 70
1.30669 -10.7962 70
11.4205 -18.9736 70
-10.0869 -19.5593 70
10.988 -20.5915 70
19.0182 -19.1363 70
0.757762 -9.61478 70
-0.637439 -0.501808 70
11.3681 -8.90841 70
18.7766 0.883778 70
-0.110833 -1.07068 70
10.8387 -0.68145 70
10.7011 0.931639 70
-8.50935 -0.45944 70
9.7614 0.664665 70
48.9929 0.452044 70
-0.777332 39.4567 70
-1.399 0.153733 70
0.588551 -9.99944 70
9.23261 -10.5771 70
0.306268 0.339217 70
-0.0305621 1.38076 70
109.893 -0.36776 70
-1.01425 9.39273 70
11.0368 -8.63388 70
-11.0547 -9.96927 70
8.581 1.04171 70
-1.40954 10.7198 70
0.670336 0.762054 70
-21.3491 0.986556 70
10.2686 -9.71945 70
0.00935298 21.0057 70
10.4882 -9.61051 70
9.54324 -0.201428 70
-9.69646 1.36051 70
-9.75441 1.00746 70
-1.10219 -18.8853 70
-10.3976 -20.7542 70
10.0497 -1.26984 70
9.33594 10.6338 70
10.7625 10.3001 70
21.2703 9.32518 70
-1.34596 -9.71266 70
-1.27924 8.73271 70
0.0268672 -0.415524 70
-0.426314 0.434405 70
-0.957709 -9.77859 70
0.180812 -0.296042 70
-29.5459 9.89059 70
-29.7145 9.71826 70
10.6974 -0.133034 70
1.10153 -0.867481 70
19.7427 0.906331 70
0.0631029 -0.418181 70
8.77474 0.997729 70
0.886127 -0.0853416 70
30.3417 -0.0287864 70
20.9132 11.0646 70
0.00380426 1.21541 70
9.69804 0.320041 70
11.0977 0.640655 70
0.696892 -0.971166 70
8.99638 -0.280241 70
1.49708 0.422762 70
0.372812 -9.95489 70
11.0261 30.9872 70
9.58224 11.1261 70
0.0596193 -9.97553 70
10.5986 -11.394 70
11.423 -0.941748 70
1.01987 -0.0272456 70
8.66709 -1.04438 70
-1.35943 -11.3423 70
-1.41857 0.128247 70
10.6341 0.00558322 70
10.3242 -20.1426 70
-1.49197 29.049 70
-1.26377 0.816931 70
-0.271219 0.256627 70
-1.15715 0.907271 70
11.1861 -0.675611 70
20.5641 -10.7985 70
1.36049 -1.3215 70
-11.0894 0.124431 70
-11.2262 0.335022 70
31.2875 28.8194 70
11.363 -0.86333 70
-21.0044 9.52742 70
18.696 10.8779 70
-20.3638 9.52759 70
50.7117 -30.1556 70
-39.7876 19.9331 70
9.76709 11.0966 70
10.6823 -8.5392 70
11.1211 -11.0744 70
21.092 60.4041 70
9.42114 -1.32901 70
50.8486 109.451 70
-9.92188 -30.0871 70
21.4672 -80.2214 70
0.508097 1.37219 70
10.574 -1.07952 70
-21.4335 9.87745 70
10.3531 -21.3011 70
0.990285 -19.3313 70
20.4044 9.89109 70
19.4392 8.59295 70
-19.8593 28.755 70
9.97633 20.0676 70
20.7654 51.3252 70
19.5444 51.2512 70
11.3538 -10.5909 70
29.3824 -9.15124 70
-8.58724 0.425206 70
-10.3841 -9.68445 70
31.0755 -0.892728 70
19.092 21.4512 70
8.89746 8.99185 70
29.6355 -0.585345 70
10.516 -10.5553 70
9.54128 -9.96419 70
-59.3212 -0.0686125 70
19.8723 -0.0147804 70
-10.9328 -10.8091 70
29.4483 39.971 70
-1.33938 -0.997375 70
0.61117 -8.94949 70
10.8059 -10.9399 70
-8.85232 -9.8054 70
0.304946 81.1491 70
10.669 -0.645797 70
-19.2538 -0.791786 70
0.124819 -0.782881 70
9.54746 11.4151 70
9.90339 -19.2932 70
10.5088 -19.5908 70
19.2568 9.82715 70
18.6949 10.3314 70
0.999181 0.879281 70
-1.424 -0.554158 70
-0.430541 -0.103011 70
9.6669 10.8456 70
9.44178 9.95512 70
10.2035 0.729911 70
-20.8964 -30.6637 70
1.40152 20.9736 70
90.6261 -0.867373 70
1.48392 91.0159 70
0.0549641 -1.2416 70
49.2252 -30.5546 70
-9.01629 0.113233 70
-9.91405 -9.18096 70
10.2601 -0.128438 70
-1.17592 0.689957 70
11.0735 0.387218 70
0.761605 1.36879 70
9.92217 -11.3554 70
10.9999 -1.0112 70
-1.15869 1.31193 70
50.7726 -29.7061 70
-9.17263 30.0158 70
0.552177 -1.36705 70
-1.24565 0.372482 70
39.5136 -39.592 70
-0.0218952 0.906648 70
0.739548 -0.366938 70
-1.42356 0.542551 70
10.9288 11.3625 70
0.0157665 0.930807 70
-10.3164 30.0137 70
-10.9823 1.12824 70
10.4379 -1.14977 70
-0.954651 -10.7226 70
-0.13586 0.366872 70
9.18709 -9.00705 70
10.3798 0.203386 70
9.5938 -1.38625 70
-0.23016 -0.514465 70
-10.3444 1.22942 70
50.3863 18.5511 70
0.436744 -0.788444 70
0.865639 -9.68695 70
11.3694 -11.0669 70
9.63156 -10.9952 70
10.9112 9.46277 70
20.6413 -18.9266 70
9.93943 -1.41534 70
39.8771 -18.5233 70
1.43339 -0.373309 70
1.11187 0.394085 70
-0.254673 1.4022 70
-0.440453 -0.743751 70
0.290297 0.46655 70
8.88585 -9.87199 70
-1.07305 -10.9014 70
-1.06204 0.832706 70
69.7929 31.0021 70
10.2165 -31.0408 70
9.37452 -29.1337 70
11.1559 -0.111801 70
1.31221 10.9612 70
0.703743 11.1583 70
20.068 10.0351 70
-0.171772 -0.331183 70
0.88387 -10.8283 70
-21.4028 -41.2942 70
18.9 -8.72649 70
-9.98417 -10.0209 70
-1.48529 -10.4754 70
8.66683 -1.05032 70
8.97621 -11.1008 70
8.89304 -9.25796 70
1.39463 0.241184 70
9.80519 0.302673 70
-21.03 -20.768 70
51.3329 -41.0698 70
1.24331 69.9707 70
-0.381611 -10.9827 70
-0.244078 0.10552 70
0.730681 -0.223117 70
-18.7148 -19.468 70
10.6491 8.70719 70
8.95847 1.32107 70
-40.9322 9.97011 70
9.82889 -9.98392 70
-9.94995 -0.441312 70
-29.2515 -31.2725 70
8.80341 0.933684 70
-0.603852 -9.26181 70
1.06628 -0.302634 70
19.1174 8.91732 70
-0.993627 0.36513 70
-0.92152 -0.672956 70
-19.6318 -0.816965 70
1.23866 -9.64105 70
-59.8393 99.9121 70
1.2003 0.700362 70
10.5456 9.81874 70
1.1655 1.03845 70
40.5831 -11.0822 70
8.75563 1.25695 70
9.97861 -10.9404 70
8.70306 -10.9897 70
51.4309 -50.1958 70
0.208186 0.885858 70
1.4982 0.817951 70
-0.843229 10.6916 70
0.958475 -9.96206 70
-21.1488 -40.8339 70
10.6053 -0.187158 70
11.4217 1.13704 70
-0.293889 0.286785 70
19.6867 -9.15033 70
19.3944 20.4943 70
21.4158 -9.96415 70
8.71048 0.819133 70
9.64595 0.326354 70
9.04375 11.4234 70
-40.1375 -21.279 70
0.895949 1.10155 70
-1.05402 -0.821283 70
9.94133 9.44265 70
38.5052 9.4567 70
9.36025 0.483777 70
20.0356 19.1437 70
1.46178 -21.1258 70
10.0404 -10.0875 70
1.00883 -0.0199789 70
11.2015 0.993702 70
11.1607 0.505435 70
10.2042 -1.06478 70
11.0778 -1.05748 70
11.454 9.32241 70
-9.9134 -0.176132 70
-8.70765 0.888928 70
-0.819098 0.35522 70
8.7299 -9.39091 70
8.81038 1.49055 70
0.94364 -39.9978 70
9.14716 -0.751811 70
9.95087 0.463357 70
10.8578 -9.3859 70
11.3942 -11.444 70
21.4875 0.571587 70
-0.0802927 -40.6994 70
0.157927 -41.0817 70
18.7583 9.0525 70
-9.64244 -10.5267 70
-0.586259 9.67951 70
0.0793953 -0.796465 70
1.01116 -0.728893 70
0.51479 -10.7733 70
-0.665939 -0.326268 70
1.30347 0.0557813 70
11.0348 -0.398351 70
-0.440194 -9.21086 70
-1.36885 0.0199274 70
-0.889085 -0.535257 70
1.23264 -8.68524 70
11.4635 1.0674 70
9.17031 0.93062 70
0.174895 11.2853 70
-1.30383 38.6246 70
10.8791 0.491011 70
1.36068 1.49948 70
9.97818 -0.396044 70
-20.9387 0.0869227 70
51.0484 28.9183 70
9.39986 -0.675557 70
28.7352 19.6461 70
8.53326 -0.640309 70
20.388 0.439426 70
10.4487 -0.344899 70
-9.26614 -1.17415 70
-1.49407 0.800269 70
1.30194 1.11495 70
1.30582 10.0392 70
-9.38778 9.76416 70
-1.38021 -10.5308 70
-9.1608 -9.40756 70
8.87449 -0.576254 70
0.222244 -0.551209 70
0.250438 0.956182 70
9.98826 0.440854 70
0.570742 0.450894 70
0.636268 -19.8566 70
-8.54089 -1.30843 70
11.4379 -0.275587 70
0.72953 1.1884 70
-11.0751 -0.773074 70
8.81339 -19.3251 70
1.1003 0.959645 70
-0.437106 1.38857 70
10.3855 20.5294 70
-0.168474 0.489935 70
-28.7801 10.9142 70
9.49012 -0.897189 70
-0.406232 -0.595892 70
-0.83366 -1.44482 70
0.707384 -10.4122 70
-0.157804 -30.8202 70
0.271338 1.26499 70
21.1092 -8.77524 70
-1.05828 9.73398 70
9.10337 1.0023 70
10.0342 -9.09096 70
-10.6182 -11.3599 70
30.7566 -9.78936 70
-10.4152 0.0368526 70
-11.0408 0.617198 70
0.243395 -8.68649 70
-0.708538 -10.3556 70
-9.06889 -9.61874 70
-0.811938 0.342293 70
0.645114 -1.21127 70
-0.108984 -8.9817 70
8.70331 9.67531 70
-8.71592 -11.4617 70
1.39725 9.80436 70
0.364892 -0.872099 70
0.984328 -1.27586 70
0.11538 -11.2979 70
0.310949 -10.8622 70
10.638 20.0834 70
-1.26232 1.39439 70
10.4726 0.0692224 70
-0.768477 -9.26243 70
0.734034 -0.103063 70
38.9355 40.7391 70
40.0814 40.0093 70
-1.27888 -0.487845 70
1.0367 -18.6342 70
0.781616 1.35205 70
0.673966 0.263715 70
-1.44316 9.88016 70
29.4265 -10.8881 70
9.8143 -59.0141 70
11.4648 -60.8734 70
11.4634 119.999 70
-0.594132 -0.582586 70
-10.9431 19.5083 70
0.708999 -0.545485 70
0.629332 19.438 70
11.4857 0.0915445 70
-1.0663 -1.0529 70
20.3506 -0.673305 70
18.648 -51.3509 70
0.877552 0.566415 70
9.75065 -9.00885 70
0.572213 -18.5424 70
8.90895 -8.68497 70
-0.709595 0.0500545 70
9.37803 -10.9313 70
-50.0141 18.8634 70
10.5955 1.44121 70
-39.0816 8.68388 70
8.50143 0.343289 70
-0.99218 -10.845 70
-10.2126 0.440074 70
10.7248 0.321043 70
-1.09979 0.637405 70
0.889179 -0.273959 70
9.60547 -11.1693 70
9.46845 -0.537343 70
0.550732 -1.37666 70
-10.2333 -0.975341 70
-9.30205 -51.2479 70
11.025 0.984648 70
-20.9438 8.50987 70
9.72426 0.581613 70
9.02569 -0.97959 70
-31.4195 78.9535 70
21.3012 -10.0879 70
18.5074 -9.25746 70
19.0973 -1.05221 70
-1.21682 109.649 70
1.0815 -20.7925 70
31.2977 -0.271054 70
0.298135 0.733243 70
59.4 10.0077 70
1.23294 0.358656 70
-1.08403 0.807033 70
-0.82531 -9.98856 70
-1.40694 -10.4497 70
-0.207219 -9.64397 70
10.944 -11.2834 70
-9.1894 -78.8165 70
31.4147 -10.6565 70
-31.0667 -20.3161 70
-18.5048 -38.9271 70
8.93301 -1.18665 70
81.1809 -60.0061 70
29.0142 8.65348 70
9.91888 -9.71734 70
10.9821 1.18616 70
29.0606 0.563939 70
