69.2245 30.2397 70
0.947657 -20.7161 70
-0.0684576 -1.39396 70
-21.187 -9.74739 70
10.3878 1.09709 70
-18.7583 8.70522 70
-0.00891851 9.03606 70
-0.194433 0.705398 70
0.668545 8.69445 70
-1.46154 18.9158 70
-20.5849 -9.56445 70
-9.21064 1.09651 70
1.47158 10.7395 70
-20.3977 29.8964 70
0.0895895 -0.476475 70
28.7642 -19.0852 70
20.2536 -50.7787 70
-0.602976 0.183306 70
-0.856381 -0.355287 70
-1.01051 8.71633 70
-0.0431173 10.047 70
11.3208 8.82416 70
-0.987299 9.87848 70
-19.9761 -9.51658 70
-11.4576 -0.844086 70
-18.8007 -20.288 70
0.975788 1.42568 70
-0.263697 0.132125 70
-1.17849 11.1202 70
-10.0299 -9.92522 70
-0.333848 -0.139569 70
0.952912 10.1102 70
-0.673721 1.39778 70
-50.453 69.4539 70
0.936659 8.60228 70
-28.6049 -28.8762 70
-1.37302 -0.870728 70
9.2848 1.00526 70
29.956 69.1351 70
-9.87027 0.897196 70
0.987311 -1.43488 70
9.37749 -0.292319 70
0.743884 1.07232 70
-1.46866 9.66782 70
-0.496977 21.2667 70
-41.0373 -29.0416 70
-0.330627 0.872708 70
-39.6586 0.411893 70
-0.944995 8.71736 70
1.02686 -0.679369 70
-0.980445 -0.871001 70
-0.336314 -0.314884 70
1.0083 0.417809 70
1.34124 0.271292 70
-0.872723 -1.0836 70
1.23949 1.07069 70
-0.225777 -0.0846203 70
-10.4739 1.07812 70
-0.77272 1.26044 70
-0.724884 -19.2178 70
0.772828 10.8225 70
1.24945 10.5505 70
-19.0371 20.7727 70
0.89176 1.09503 70
-18.6681 70.786 70
-0.223661 10.3057 70
-1.24156 10.0559 70
-0.73389 10.8779 70
1.05345 1.20703 70
0.643357 -1.49339 70
10.0405 -20.6949 70
10.5094 -20.9926 70
-8.6953 0.352506 70
-0.263776 -0.664528 70
-1.09679 -9.79284 70
0.16075 -0.168316 70
9.56652 -18.7344 70
-10.5998 1.13113 70
-11.0604 -0.720608 70
-9.53709 -10.9293 70
1.49085 0.292526 70
70.194 -89.5538 70
0.874077 10.2912 70
0.831093 9.16853 70
-10.5101 -10.4173 70
-11.2117 -11.2022 70
-20.2882 20.4241 70
-19.4001 20.5618 70
-0.834392 11.1748 70
0.450693 10.9936 70
1.18783 -9.9655 70
1.20124 -0.361942 70
0.66027 71.3779 70
1.38597 1.13274 70
-0.408223 11.0117 70
-10.4931 -8.73335 70
-29.3747 61.0717 70
-10.2149 -1.22307 70
-29.757 -10.2855 70
0.485234 0.551784 70
8.55858 -9.55656 70
0.0261715 9.63021 70
-0.628169 -1.28148 70
-9.72773 10.1692 70
-0.0981626 9.39496 70
-1.45984 8.53939 70
0.153023 -0.481724 70
-9.47626 -20.7365 70
0.0695784 -0.918783 70
19.5544 20.3826 70
-9.04738 -0.790712 70
11.4493 -31.1554 70
-0.994735 11.35 70
0.81893 -8.59062 70
19.0989 -30.5884 70
0.266138 9.5549 70
19.3623 -50.7972 70
19.0553 -51.4904 70
-0.760314 -0.166063 70
-8.66414 -8.57996 70
-1.29825 10.3679 70
-0.771778 -0.864512 70
-9.13772 -0.632754 70
-60.5916 40.0608 70
11.3686 19.0551 70
0.124929 0.657258 70
19.3573 -0.621024 70
-10.8564 10.1653 70
-0.0269907 -1.29802 70
-9.69859 -30.6107 70
-21.3741 -10.8516 70
-20.8462 -10.7471 70
-8.59938 -10.7244 70
-10.6084 20.5413 70
-30.9729 0.352833 70
-10.5302 10.5037 70
0.127476 11.1982 70
-0.957789 0.169603 70
-51.4299 31.4731 70
19.2812 10.4378 70
-0.168617 18.8694 70
9.41001 -0.871053 70
0.556655 -0.702496 70
-1.34473 8.74501 70
-9.13872 -1.14645 70
9.54611 10.5374 70
1.4725 11.4215 70
8.73987 -9.62584 70
-1.44057 8.96534 70
1.33899 10.8148 70
0.586803 10.8297 70
-9.2099 -1.34711 70
-10.7188 9.08436 70
0.760848 -10.4433 70
-1.2494 -0.812793 70
0.891378 0.87727 70
-0.885655 -0.271071 70
21.0668 19.4499 70
-8.93236 0.692003 70
10.8581 -9.08942 70
-8.94198 -0.849518 70
-10.2192 -1.13412 70
-19.2629 30.6095 70
19.8488 -0.124834 70
10.625 -0.441601 70
0.336367 0.313629 70
-0.918874 1.41375 70
0.028246 0.467122 70
0.818174 -0.186528 70
-0.134214 0.000421797 70
-20.977 31.2131 70
-1.15156 -1.11007 70
-11.2613 8.88181 70
-9.89326 29.3504 70
-0.0511575 10.4867 70
-41.253 30.55 70
10.0917 40.3238 70
9.18035 -11.0098 70
0.82557 -1.4129 70
1.29691 0.972558 70
20.8462 -10.1021 70
-9.2456 -0.526441 70
-9.43598 30.2719 70
0.350916 -0.754414 70
29.2166 0.0152766 70
-0.167178 1.24743 70
-0.705011 -0.0410185 70
-0.283957 -0.989348 70
-20.9417 10.8096 70
-10.4354 -0.259818 70
-19.4619 -18.7146 70
39.2462 10.62 70
9.8123 -10.2523 70
-0.00138186 10.4275 70
0.757782 10.4453 70
-0.220004 8.53008 70
-29.8686 -0.660256 70
-0.419595 -9.79163 70
0.0951157 0.0710316 70
9.1278 19.4789 70
9.58844 -8.69846 70
-0.583647 0.208549 70
-1.18842 -1.01149 70
-0.094765 -9.14503 70
-20.2332 0.448279 70
-9.45457 -1.49733 70
-10.8296 10.6337 70
-0.505664 0.721064 70
0.758203 -39.4959 70
11.3698 10.4128 70
1.21944 -1.39324 70
-0.439605 9.75451 70
-11.3917 -10.3471 70
-19.4162 9.50152 70
30.8187 19.5695 70
-10.5351 -0.200819 70
1.00192 0.660366 70
-1.2874 -0.15818 70
0.147633 -0.115838 70
-20.4051 8.68476 70
-0.131091 18.6933 70
-0.65126 9.17665 70
-0.746944 -0.66237 70
0.7799 9.46501 70
0.762783 11.124 70
8.87245 8.60216 70
1.24209 9.79118 70
0.0437428 9.91712 70
-0.109095 10.2328 70
18.5159 -9.54448 70
-9.80601 10.9936 70
69.7113 30.9016 70
-0.23088 0.629381 70
-49.7866 20.0442 70
-9.03986 -10.3511 70
-0.29655 -30.0713 70
-9.90421 49.9829 70
-9.11542 -29.1919 70
8.61871 20.9008 70
-9.07495 -8.52964 70
-1.20804 0.88833 70
0.482282 -1.1434 70
1.13178 -1.40449 70
0.697012 -0.388811 70
19.4344 -8.77203 70
-19.3709 9.09607 70
-1.17735 -1.34251 70
-11.2002 1.09925 70
-0.297045 10.2297 70
0.919393 -9.59565 70
1.07846 -40.8136 70
-0.309736 8.52459 70
-19.7225 -28.8322 70
10.1806 -0.103815 70
-0.0624569 10.0085 70
1.15202 10.6816 70
0.867689 10.9588 70
-21.4076 -19.6148 70
-0.44964 -0.967905 70
-21.0049 10.9662 70
-1.31833 -9.80431 70
10.8831 19.6812 70
0.800138 10.7259 70
8.75295 -0.846257 70
30.1046 -0.728033 70
-10.6808 40.8448 70
0.604525 0.222791 70
1.11627 11.0431 70
-31.3579 -0.857122 70
-0.0236395 -1.27779 70
-9.33863 -10.2464 70
11.2762 -8.91379 70
10.2118 9.64067 70
0.175037 -0.860358 70
8.96304 -10.2945 70
-1.10642 -1.12357 70
-18.5662 -0.859774 70
0.352651 9.33316 70
-10.043 1.46287 70
-20.9517 -10.9 70
-10.4593 -49.2778 70
-30.949 -20.2869 70
0.543613 -0.77467 70
0.981854 -1.44642 70
-11.2604 20.1085 70
-0.0107956 10.0152 70
0.526993 9.16431 70
-11.202 -1.49511 70
1.39415 20.715 70
-89.0785 48.5381 70
-0.488031 10.016 70
0.05528 1.3062 70
1.44071 0.838971 70
9.26363 11.313 70
10.787 -0.619548 70
0.145359 10.2743 70
-0.712678 11.288 70
-9.44846 -8.97274 70
-0.342417 10.8664 70
-9.09497 10.7689 70
8.57787 9.85697 70
-9.93028 8.72125 70
31.2037 18.923 70
-9.15588 10.2949 70
0.395621 10.2685 70
-1.1195 10.7805 70
0.918932 10.1485 70
1.2984 -0.680305 70
0.146064 -100.086 70
-8.69191 1.47964 70
-20.5529 -0.319723 70
18.7844 39.4481 70
9.98413 -0.359489 70
0.526831 1.08069 70
-0.350719 0.386248 70
1.13666 0.329614 70
-49.8809 -10.513 70
-21.2838 9.84519 70
-0.972738 10.9797 70
0.445242 -1.10736 70
1.1421 21.152 70
-1.00239 9.36732 70
-0.727935 -0.0200926 70
0.00761139 10.1631 70
-0.875943 0.579799 70
-20.8857 10.0448 70
0.405217 0.541216 70
0.98315 10.274 70
9.59106 0.441346 70
-1.46093 1.22295 70
-0.253832 10.5925 70
-9.56719 0.893713 70
0.976398 18.7729 70
-11.4087 -0.693196 70
20.7341 10.2519 70
1.31028 9.42323 70
-10.5766 9.54154 70
0.397457 -0.86185 70
-0.0851615 10.5924 70
-0.365486 8.65562 70
-20.1574 -1.29255 70
-0.852573 1.18622 70
-0.337147 19.1067 70
0.661595 10.2141 70
49.0618 -30.7589 70
-9.07003 0.920982 70
-9.24859 1.36878 70
-11.3 8.73833 70
-11.3487 -10.3719 70
-0.401572 11.091 70
-0.959664 0.265344 70
60.2261 48.6734 70
-11.3976 -1.14719 70
-0.773671 -8.60454 70
10.9957 9.52151 70
-1.34665 8.76705 70
10.9376 10.7325 70
0.732998 -1.09593 70
-9.07614 0.531867 70
-0.876048 0.41026 70
1.38308 0.174174 70
-10.7224 -8.81319 70
51.0697 -9.20049 70
10.3358 1.20645 70
-29.8881 8.61011 70
-0.923195 -1.07351 70
-10.6401 30.3425 70
-11.1774 8.79751 70
-9.70406 -10.688 70
0.0129618 19.5726 70
-9.76982 0.318898 70
0.629329 9.93011 70
-20.2461 -9.51297 70
0.189017 0.875219 70
0.784742 -0.618489 70
-0.685436 9.32845 70
-0.542467 -1.48296 70
1.1135 -9.40436 70
-9.47077 9.66021 70
-1.2837 1.0955 70
8.66239 8.63429 70
-39.8694 0.458357 70
-0.463271 -1.14393 70
-0.578763 -1.34092 70
-0.941729 0.29504 70
-21.2721 19.4552 70
1.14407 0.680508 70
-20.8333 0.477733 70
10.7407 0.739226 70
-9.40237 0.347218 70
1.2017 11.0324 70
0.653431 -11.3989 70
-0.539287 -8.66291 70
-0.328072 10.3012 70
0.435841 8.55483 70
11.1385 10.4785 70
-11.1724 -0.964438 70
-10.8901 9.75564 70
-10.2353 10.7041 70
79.8541 -0.685219 70
-18.8714 29.7973 70
21.4043 21.4015 70
11.2706 10.8891 70
1.36793 -1.21371 70
0.107162 -0.0122286 70
-9.67781 11.3822 70
-0.340288 11.4874 70
-19.4966 -1.31769 70
-11.0051 10.8437 70
0.2823 -9.41608 70
-8.71853 -0.444902 70
-10.7139 0.696137 70
10.0139 -70.7121 70
-20.1916 -9.19643 70
-0.604112 -1.34684 70
-0.220769 -0.634985 70
-11.4418 -1.08347 70
0.998311 0.52154 70
-1.43515 0.0601838 70
1.19236 9.07051 70
21.4369 0.368642 70
-10.9856 0.848471 70
-38.9827 19.4538 70
11.4633 -21.1225 70
-19.9432 -10.5373 70
-48.7683 21.2399 70
1.1622 -0.605231 70
-19.6119 -11.3848 70
-0.37655 -10.8178 70
-9.2496 9.02326 70
-9.54011 9.44211 70
-0.77251 9.30662 70
-0.444048 19.3406 70
-1.33091 11.492 70
9.27703 1.41334 70
1.43067 10.7869 70
-9.71235 -10.8212 70
-19.3078 -11.0469 70
-0.552771 -0.78023 70
19.3792 -1.00425 70
-9.91593 70.578 70
-11.1831 69.4011 70
-11.0765 -9.19855 70
1.44313 -0.56962 70
-10.3236 21.2491 70
-8.55193 1.19351 70
-0.550649 -0.424126 70
0.0809696 0.586465 70
-9.86276 10.5933 70
0.016699 0.31374 70
-1.39592 49.7275 70
-9.9778 9.19242 70
-9.51497 -0.54589 70
-0.354511 1.25885 70
1.4286 -1.43294 70
0.69779 9.72339 70
-9.58283 1.17278 70
-11.2069 1.1497 70
8.73689 0.150696 70
0.812229 -11.4851 70
-1.19587 9.09158 70
21.4277 9.72762 70
0.0469379 0.836509 70
-19.0101 -0.347317 70
-21.2483 0.183572 70
99.5417 -50.1933 70
-20.7411 -19.9726 70
11.3612 11.0033 70
9.40085 9.75007 70
-1.20414 -0.208098 70
-0.738849 -1.38073 70
0.723992 -0.247178 70
10.2746 -0.182429 70
8.56127 -0.96273 70
9.31307 10.5165 70
-9.31872 20.2643 70
-1.17123 -20.7776 70
-0.48591 -10.4064 70
0.0411007 -9.0701 70
8.98825 -1.18289 70
-0.501373 0.434548 70
0.818286 -0.0220278 70
0.637244 -0.588556 70
-1.08315 9.84817 70
29.4215 29.081 70
0.412572 0.431631 70
0.859317 8.78971 70
-10.9039 0.338395 70
0.884751 -8.76131 70
0.681996 -8.6426 70
-9.96603 0.642856 70
-10.1472 10.5885 70
1.12173 -10.9819 70
-0.518736 19.62 70
10.3938 1.25664 70
8.89957 10.6442 70
-9.82405 -0.612195 70
8.87674 8.65122 70
11.4095 1.02683 70
10.7325 0.175437 70
-1.46675 -0.0544824 70
-18.7684 0.330736 70
40.9116 -20.1473 70
-10.6285 10.2475 70
-19.1175 -20.5716 70
1.14694 1.24733 70
-39.5005 19.6019 70
0.0292582 0.149931 70
-9.60041 -0.668144 70
-31.3406 9.16501 70
-1.2306 -0.944254 70
-1.33598 0.819528 70
-9.94134 -9.12975 70
10.1984 -10.8005 70
0.32571 0.212897 70
-11.225 0.124506 70
-8.68995 0.914506 70
-9.5733 0.873378 70
-1.29892 1.00642 70
-10.969 9.06161 70
-10.2758 11.1715 70
-40.2134 -1.27153 70
-1.23026 9.18261 70
-9.11908 -1.47636 70
-0.293472 -0.790987 70
0.755304 0.19742 70
19.0408 -60.9262 70
-88.7543 -71.1067 70
0.118849 -0.16841 70
9.99313 31.0834 70
-8.65183 -1.49138 70
-11.4525 19.1012 70
-0.678666 0.845855 70
88.6843 29.1216 70
-0.993114 -1.46177 70
-1.4389 20.172 70
-0.0854554 9.49389 70
9.51502 -1.08774 70
31.4624 9.02543 70
-0.381275 0.31427 70
1.02007 9.44394 70
-0.338224 -0.96652 70
0.186829 10.042 70
-0.436694 -0.42061 70
-21.0604 -0.761801 70
9.35159 9.70263 70
8.95998 9.07211 70
-0.238793 9.32135 70
-8.8697 9.61171 70
0.716576 -1.3885 70
0.941222 -21.3308 70
0.999623 8.63735 70
0.0563641 -0.305147 70
-0.802249 1.09601 70
-0.634569 8.74211 70
-21.4394 -1.02296 70
0.552032 -1.39161 70
-9.84206 -0.720112 70
20.8463 29.9658 70
-1.29141 -0.256505 70
-8.68961 -0.832802 70
-0.640409 1.47772 70
-10.3002 0.58002 70
-0.847483 -1.33192 70
-10.9721 -9.08063 70
-19.1097 9.32459 70
-8.515 -0.372897 70
11.0967 10.6795 70
-9.93553 10.5359 70
-41.2732 20.9716 70
-39.695 19.919 70
-40.4055 21.2665 70
-18.7694 -8.70076 70
-8.60226 10.1289 70
1.41561 -8.98718 70
-9.15945 8.52425 70
0.660151 9.68372 70
0.455994 0.207074 70
0.746887 -1.49006 70
-9.31201 20.2519 70
0.171227 9.71468 70
9.16055 -0.883643 70
80.7857 -100.18 70
1.05771 0.618446 70
1.0298 -9.19117 70
-10.6723 10.6775 70
-19.3387 19.1513 70
39.0885 0.416042 70
-10.7382 9.49619 70
-20.6949 51.3925 70
-9.32992 1.48692 70
-0.889366 11.3038 70
10.1159 -0.632871 70
8.70361 0.37416 70
-19.5835 18.8645 70
10.8404 19.666 70
-1.36072 -1.16257 70
-10.5689 8.66732 70
-1.13408 -0.81843 70
-111.441 -69.1758 70
-0.939612 -0.343141 70
0.198196 0.355577 70
-11.0238 -11.4605 70
-1.43853 1.11354 70
0.684102 -10.2684 70
-0.98219 9.23032 70
-19.6363 0.279985 70
-1.42639 -0.878402 70
1.44378 41.0754 70
-71.0371 0.968761 70
-9.60352 9.38103 70
8.70013 -0.858317 70
-0.825773 -1.31433 70
-0.816302 11.0594 70
-28.6622 0.90399 70
-39.7552 10.7196 70
-10.7338 -9.89885 70
-0.853721 39.4369 70
-0.367187 11.1632 70
0.99771 0.00826817 70
-0.856923 11.169 70
-9.03319 0.842516 70
20.3166 28.9728 70
-10.249 -21.0745 70
-20.8622 79.3864 70
0.510815 1.26436 70
-9.76334 -0.706636 70
-0.915658 9.1474 70
0.626007 9.81186 70
9.03893 11.082 70
-9.82314 -0.0568403 70
60.8611 38.5145 70
1.30135 11.2798 70
0.0225737 -29.5442 70
-9.73108 20.222 70
10.3777 11.1665 70
-9.50045 -0.809449 70
0.00563233 -1.0174 70
-10.4933 10.5028 70
-9.36369 8.76272 70
0.393841 9.39259 70
-9.80309 -0.18787 70
-8.89322 0.333749 70
-10.9608 -0.801609 70
-19.2473 -19.1604 70
20.0881 -0.679778 70
9.2967 -0.396203 70
-19.877 -20.2739 70
10.9395 -19.5459 70
-0.738128 -10.9991 70
-19.7398 -9.9709 70
-9.69035 10.8778 70
9.87775 -1.04488 70
10.6682 10.3854 70
10.8087 10.1392 70
-0.567833 10.0434 70
1.23219 -1.24595 70
-0.476616 -0.696606 70
-18.7573 8.98225 70
-18.7786 29.1121 70
-1.3122 10.8593 70
1.13588 -0.41607 70
-8.97831 20.4428 70
40.7554 -1.27524 70
1.20124 -19.7598 70
19.2485 11.3789 70
-49.0091 -30.7977 70
11.4433 11.0718 70
-0.29354 0.940421 70
1.48232 0.989944 70
-19.4789 -10.5713 70
-1.1434 -10.6471 70
-11.4876 -0.745426 70
0.969847 0.161767 70
0.703485 -0.148883 70
0.460448 -10.3057 70
0.539976 0.0509563 70
-0.308894 1.10557 70
-19.0998 -29.9386 70
-20.1469 0.719318 70
-29.5117 -9.23208 70
-1.45651 -0.750952 70
-21.1848 -0.0502184 70
-8.87766 -1.39895 70
11.1849 0.455334 70
-21.4178 1.32682 70
0.165293 39.8864 70
10.5473 20.7576 70
-1.11082 8.81856 70
20.2062 -0.747457 70
-1.37919 0.724583 70
-10.0078 0.579774 70
0.473055 0.180054 70
1.06092 9.80093 70
-9.65263 0.088538 70
-10.0793 -0.425245 70
-31.4621 -20.5782 70
-8.60928 60.3536 70
0.623719 9.76762 70
-0.877704 -1.37775 70
-1.01104 10.0209 70
-9.22475 -9.09657 70
-21.3335 10.5495 70
1.36563 0.658314 70
-0.505145 1.45978 70
-0.624727 8.56866 70
-21.3294 11.0394 70
