-8.87527 1.11456 70
9.2445 0.0055081 70
-0.934843 0.91026 70
-9.30131 1.34178 70
-29.8885 -1.49418 70
-11.0552 -9.82914 70
-1.12975 -9.3943 70
-0.718396 -9.91146 70
-10.9737 -1.17025 70
-0.0205058 -1.43959 70
0.546757 -1.33697 70
0.505383 10.0872 70
-0.609194 -9.7316 70
0.751124 11.0602 70
9.69513 -19.9844 70
10.9464 9.35746 70
-11.1352 -10.6444 70
-11.4891 -9.15751 70
-9.5818 -8.72332 70
-29.3237 0.622922 70
-30.5077 -0.88205 70
-31.0847 9.74063 70
-39.4427 -1.49711 70
-1.40741 -8.98456 70
-0.00691791 -10.5553 70
-0.556987 69.4424 70
-19.7538 9.26598 70
-0.751718 -10.9896 70
-10.4423 0.127012 70
-58.7634 -18.9565 70
19.1335 -49.9629 70
-0.153077 0.570696 70
-39.2964 9.43158 70
-1.42655 -21.4037 70
8.8929 -1.1314 70
-11.2256 -20.1108 70
-0.773131 -10.028 70
0.615854 -0.458856 70
0.334476 1.21983 70
-19.0643 9.80469 70
-10.4317 -9.99802 70
-9.78604 -9.64328 70
38.5702 10.7023 70
11.3916 -8.86967 70
1.06 -1.06007 70
-60.9943 -11.2407 70
68.7958 70.7397 70
-10.6797 -9.73005 70
19.0636 -0.785826 70
-10.0118 1.33673 70
-0.00989415 -9.14532 70
-19.7675 -48.9165 70
-19.0289 -48.6047 70
1.05377 -9.73526 70
-19.4462 -9.97441 70
-0.835718 -9.13245 70
-40.6641 -20.3112 70
9.81061 0.711539 70
1.49684 8.50793 70
-0.641011 0.518785 70
-9.74357 -9.95 70
-10.6716 0.689521 70
0.273711 0.278708 70
-0.823048 -9.29784 70
-0.922044 -11.1212 70
0.753565 -0.188472 70
-30.8855 19.4262 70
8.53826 -0.085225 70
-11.1156 -11.3052 70
-11.1116 -0.295787 70
19.7063 -11.1841 70
-8.57436 -18.6652 70
5.33773e-05 -9.40098 70
0.156149 -11.0529 70
-1.08804 -9.75602 70
-0.568354 -9.76387 70
-0.063553 -28.7069 70
-11.3893 -19.4596 70
-18.8146 -10.1088 70
-1.38356 -10.6813 70
-20.2093 10.0723 70
-10.861 0.875942 70
-10.4466 -0.386629 70
1.10014 -0.464915 70
120.591 49.851 70
-10.7219 -9.91645 70
59.2928 -39.8133 70
1.03618 1.34509 70
-0.606828 9.89209 70
10.5431 19.0213 70
-19.0114 -0.134964 70
-0.953085 0.976823 70
0.372642 0.698678 70
-11.4414 -10.213 70
0.463724 0.49102 70
-0.200685 0.839995 70
0.541357 10.5483 70
-0.321671 -0.332021 70
-0.966175 -9.41462 70
-10.048 -9.97867 70
-9.46706 -10.7479 70
1.23158 -0.208926 70
-8.8973 0.538867 70
-21.146 -1.47046 70
-8.89068 0.75851 70
-0.334414 -11.0807 70
-0.761865 1.38748 70
0.0248639 1.18028 70
-21.0699 -30.4535 70
-11.3115 19.2885 70
9.40646 -10.829 70
38.6059 -20.6508 70
-9.58792 -8.66614 70
-9.41925 -20.0164 70
1.23195 -9.51966 70
-8.90242 -1.47994 70
-21.4694 -10.9734 70
-20.8174 -8.87151 70
39.69 0.185458 70
1.17397 -10.4974 70
-11.1785 0.560345 70
0.470622 -10.2397 70
1.20167 -1.06831 70
-0.181146 -0.924481 70
21.4337 9.39135 70
21.4072 8.79975 70
-1.07744 -10.668 70
1.31989 -10.1301 70
-0.783972 -9.09285 70
29.3035 -70.7782 70
-0.726071 -11.3168 70
-50.8977 -50.8545 70
-20.0404 -0.236332 70
19.3555 39.5685 70
1.25018 -10.5949 70
-9.47037 -11.0345 70
-10.3339 0.347739 70
-1.01369 0.786367 70
-10.9643 0.59473 70
1.20755 -30.6111 70
21.2294 31.3425 70
0.910507 0.748964 70
9.48414 -21.3447 70
-0.819189 -18.8503 70
-18.678 0.0406662 70
0.90312 -9.34966 70
-1.23198 -10.2171 70
-10.8156 -9.20858 70
20.3699 -21.0446 70
-21.0222 -0.296611 70
-19.4561 -0.473341 70
1.35916 -0.189151 70
-9.85312 1.27042 70
-0.495522 0.410416 70
9.07481 -29.8646 70
-1.4708 -0.0486753 70
-9.73336 29.718 70
-9.43297 -11.352 70
-1.37103 0.668883 70
-9.28258 -10.9647 70
39.0301 -9.23517 70
10.579 9.47779 70
-10.2867 -9.00104 70
-8.86112 -9.72751 70
0.163438 -18.5729 70
10.379 -19.9605 70
-11.3156 -0.503395 70
10.5014 -11.255 70
-9.77469 -10.7941 70
-11.1233 -9.668 70
-11.3209 50.7996 70
0.584107 -20.0844 70
-71.0728 -18.9472 70
0.326823 -11.1016 70
-0.848375 0.623571 70
1.18724 1.34339 70
1.41045 -9.58163 70
29.4437 9.03018 70
-68.6801 20.3317 70
-9.71823 -11.423 70
-20.8034 -11.4018 70
-1.27431 -0.75484 70
69.7874 -20.0158 70
0.195829 -0.930391 70
-0.0825025 1.25843 70
-10.1557 21.0704 70
-1.41627 -8.86586 70
0.0804116 -8.92425 70
-0.634132 -10.5984 70
-11.3887 -10.8359 70
0.830707 -0.0664264 70
-0.760767 0.942117 70
-9.6842 1.20502 70
9.28358 -1.41285 70
10.0165 -10.0437 70
-1.01304 -9.62624 70
9.21566 -40.6705 70
-28.6605 -9.44195 70
-20.7079 -9.49377 70
-18.5009 -10.8772 70
-9.19236 1.3201 70
-18.8909 0.71446 70
-10.8835 -10.5736 70
-30.7665 19.2075 70
-10.4462 -1.10342 70
-9.20071 -11.1408 70
-8.89506 -0.0594009 70
-0.236838 0.69013 70
-20.6175 0.814366 70
10.7181 -29.2838 70
-0.250514 -19.7374 70
-0.473778 -9.39805 70
-10.9985 -18.533 70
-0.494161 68.9874 70
-19.2427 -20.5696 70
-9.15552 -0.730215 70
1.365 -20.4713 70
-30.9584 9.18338 70
20.7871 0.0738288 70
-8.74854 10.8775 70
0.812169 -10.6414 70
-1.41759 -10.1796 70
-10.9062 1.0672 70
-0.210743 -20.1987 70
-8.71578 9.99701 70
-11.203 -10.3366 70
8.9594 10.3095 70
21.3102 -11.3472 70
10.022 -9.97758 70
0.418045 21.3837 70
-1.15177 18.8687 70
-21.2945 -11.4717 70
0.469858 -9.64919 70
-9.1297 -9.30038 70
-10.1209 -0.259391 70
-8.58997 0.00122116 70
-19.1695 -10.2595 70
-40.3329 -11.4404 70
-18.6252 20.4977 70
-9.674 1.39169 70
21.0622 -18.9288 70
0.62588 -0.859177 70
0.479498 1.12343 70
9.97335 -29.0788 70
-0.759359 -8.56388 70
-70.3892 -0.334715 70
-0.57428 0.322109 70
0.616422 -11.2492 70
-0.536811 -1.4729 70
-1.21073 1.38359 70
-1.26603 -11.2389 70
-10.5192 -10.551 70
-1.03414 -11.3624 70
-21.051 0.580138 70
-0.506859 20.1165 70
-0.438387 0.783852 70
1.28907 -10.256 70
1.37589 -10.6375 70
-0.677859 -8.77886 70
-1.14232 -1.13362 70
0.795711 -29.3239 70
0.994993 1.20948 70
-11.1484 1.19875 70
-10.8062 1.21688 70
-8.65075 -0.0704619 70
1.17594 -9.62005 70
10.4396 0.473855 70
-19.2846 9.35601 70
-0.80914 -0.497946 70
-0.875019 0.919869 70
-1.05237 -19.126 70
-21.1119 -10.2417 70
0.889401 -8.5291 70
0.21971 -1.29303 70
-1.40897 0.327826 70
-0.530487 -0.821914 70
-8.57981 1.4298 70
-8.66879 -9.63426 70
-10.7945 -10.9294 70
0.254089 -10.2404 70
-9.87506 -0.790557 70
0.903765 -30.7446 70
-11.4027 0.408936 70
-40.6733 11.1152 70
0.231054 -10.0353 70
-21.3942 0.862475 70
-0.854276 -0.109181 70
20.9483 19.8412 70
-40.7745 -50.2107 70
-40.2547 -48.7806 70
0.779652 20.7454 70
-19.5345 1.3627 70
-9.76351 -0.103112 70
-18.7075 29.6163 70
0.70401 0.640813 70
-9.72938 -9.98081 70
0.238032 1.37079 70
-10.9814 -8.88871 70
-0.37692 0.965667 70
-0.465058 -0.0241477 70
1.29992 -0.829172 70
0.66952 -0.311682 70
-8.71333 -10.3582 70
-11.3865 -9.26655 70
-10.6025 -8.56943 70
-18.9708 -9.57577 70
-18.5914 20.7755 70
-20.7056 -0.601201 70
-20.7112 -10.4112 70
20.7143 29.5567 70
0.402024 -1.36371 70
-10.7124 -11.3341 70
-10.2154 -0.508253 70
0.910424 9.10698 70
-9.0114 -0.352397 70
-51.1036 30.3705 70
-11.4068 -11.3773 70
-1.06049 0.109917 70
-11.2288 0.133424 70
1.42099 -0.917013 70
-9.85331 -0.746013 70
1.00669 -11.1463 70
21.1517 -11.3773 70
-0.259923 -1.34401 70
59.4175 10.1181 70
0.473171 -8.636 70
-9.16881 0.850577 70
0.928877 1.0355 70
-1.01846 -10.4272 70
0.193286 -10.6994 70
-0.521881 -1.21187 70
0.317753 0.737024 70
-8.92432 0.354853 70
-1.2095 -20.5 70
-1.34747 8.85984 70
-0.784067 -10.9863 70
1.42476 -20.8993 70
-11.1638 -21.2384 70
0.074379 -0.234612 70
0.329938 -29.2973 70
40.5648 -10.9539 70
0.906975 -11.048 70
-0.50098 -9.233 70
-0.841535 10.9454 70
1.05875 0.23761 70
19.6211 0.143582 70
0.967932 50.2278 70
-9.23236 -9.06347 70
-9.55639 0.552384 70
-10.923 -10.9409 70
-0.463724 -9.89577 70
9.90578 -9.79903 70
-9.20368 -0.498326 70
10.1613 8.93941 70
11.1324 -11.3404 70
1.32857 -0.0837413 70
-0.852356 0.103059 70
0.331232 -0.800514 70
0.830515 -21.4167 70
-29.4137 -11.4557 70
0.840152 -1.26158 70
0.0338847 -10.9167 70
-10.8165 0.734026 70
11.0527 8.68488 70
0.501084 -10.2187 70
-0.963559 10.1318 70
-28.9195 9.60816 70
-8.97978 -10.6295 70
-11.2933 -1.05545 70
1.09342 -8.64948 70
-11.116 -11.1609 70
-0.575929 -9.39599 70
-10.4779 -0.979096 70
-31.4938 18.9738 70
10.1544 20.9298 70
-0.17688 1.15471 70
-19.8912 -11.4732 70
-1.24121 -11.0872 70
-0.47014 -9.32488 70
-9.58977 0.108274 70
-0.471168 0.252695 70
-0.671136 -0.523137 70
11.3376 29.2424 70
-1.06429 0.490793 70
1.28171 -1.28406 70
-0.964926 -10.106 70
1.24783 -19.89 70
-10.7533 -9.82806 70
-10.4473 -1.36375 70
-0.554018 0.0982358 70
1.46731 0.430005 70
19.7553 -0.184609 70
11.4488 -9.22121 70
-1.49498 0.896838 70
11.4644 -19.4022 70
-19.4779 -18.9151 70
-0.371916 -0.221483 70
-0.229892 -0.796575 70
-0.810291 -9.05951 70
9.73725 -9.58383 70
9.11513 -9.4188 70
1.10367 1.46099 70
0.880006 -20.5041 70
0.700579 -20.5218 70
-9.75593 -9.23854 70
-1.17011 9.23616 70
-0.836521 -9.52562 70
-1.1561 -21.4966 70
-8.91222 -9.76323 70
0.465054 0.704969 70
-1.2596 -10.0866 70
-0.888844 -9.1073 70
30.1521 11.4641 70
-9.84339 -8.6726 70
-0.850478 9.82603 70
0.808576 0.0611679 70
0.589635 0.46815 70
-29.3958 8.89668 70
38.5094 20.9739 70
-0.30701 0.35794 70
21.0824 -0.181615 70
1.36018 20.2989 70
-8.69704 -10.6644 70
-1.14559 0.49588 70
11.1935 -20.6821 70
9.89536 9.73846 70
-0.37455 -0.879489 70
11.1506 -0.0264377 70
48.9802 10.3896 70
-0.884801 -19.7538 70
-1.03591 1.44825 70
9.59691 9.75433 70
-8.73417 0.806205 70
-9.45173 0.527366 70
0.351793 -0.974086 70
9.48023 0.902264 70
-29.0363 -21.2681 70
-20.17 -0.20147 70
-1.08951 -0.12836 70
0.0150261 -9.59776 70
0.686529 -10.8413 70
-10.6171 1.02237 70
-1.02617 -1.19304 70
-10.1174 0.291855 70
-20.154 -9.8701 70
-19.4273 -10.3807 70
0.47816 -20.2991 70
0.0916661 -9.929 70
-0.932069 -0.925302 70
9.66082 1.25352 70
-0.646407 19.836 70
0.234823 9.4072 70
39.4805 -119.933 70
18.6034 0.173957 70
-109.086 10.4756 70
10.9257 19.9953 70
-10.8259 9.90743 70
1.19304 20.818 70
0.848667 10.3263 70
19.7098 19.0042 70
-19.3863 9.57471 70
-0.133116 1.14888 70
8.73028 1.07314 70
-20.3737 -0.0811854 70
0.730997 -10.0738 70
-0.0406902 -1.21857 70
-0.856319 -11.1519 70
11.4966 0.228773 70
1.01262 -9.7453 70
0.184506 -10.5572 70
-10.7617 1.23789 70
-20.5397 70.8857 70
-18.9335 -1.24687 70
-10.9319 -0.944745 70
-10.813 -9.18457 70
-0.69487 -11.0513 70
-10.8587 -0.733153 70
-1.36707 -1.05318 70
-21.4524 -11.0741 70
31.4532 -11.3631 70
-10.507 -41.4511 70
-11.0175 -11.1239 70
-10.2789 -0.237556 70
-9.0978 -9.74542 70
-0.192021 1.00252 70
-8.88827 -11.3055 70
-10.4061 9.86889 70
-9.84054 -8.66557 70
30.4349 0.128954 70
20.3233 -0.635744 70
-1.21845 -0.778569 70
9.79279 -1.42338 70
8.73081 39.9058 70
-70.8765 -0.516182 70
1.49836 -8.82927 70
1.33788 -0.137455 70
-0.901424 1.14897 70
18.9942 0.30143 70
-1.47132 -0.403944 70
0.716503 0.599829 70
9.27931 -0.941856 70
-0.661297 -10.0123 70
-20.409 39.9187 70
-38.9657 -10.1702 70
10.3052 -19.2667 70
-0.708459 -0.725157 70
0.96738 -10.6226 70
8.89168 -20.2604 70
-0.0145651 -9.13661 70
0.361172 0.521374 70
-11.4383 -30.1822 70
10.2585 -60.0928 70
11.0572 -10.9153 70
-1.00474 -0.717453 70
1.33241 0.0537343 70
69.5188 -48.5079 70
-11.0837 0.359721 70
-11.2226 -20.3675 70
20.7991 100.689 70
-8.72699 0.478096 70
1.11538 -9.83818 70
19.1764 -19.2707 70
-1.27931 -1.40779 70
0.591725 -1.25085 70
10.1267 -10.4236 70
-29.0392 8.96071 70
-11.2501 -8.76461 70
-9.01315 -11.3728 70
-10.4904 1.26565 70
8.81228 11.0348 70
8.95137 -8.82565 70
-9.29585 -29.1098 70
-0.31464 0.517289 70
-0.974212 -8.84423 70
-1.11909 -10.3171 70
-10.7355 -30.9885 70
70.3317 -11.481 70
70.2948 -9.87361 70
-79.6122 -40.9098 70
-1.31253 -0.734203 70
0.24547 -9.89132 70
-20.3493 -11.1527 70
-0.340622 0.550655 70
10.8894 -0.110788 70
-0.546477 10.8835 70
-59.1533 10.4019 70
0.660063 8.79718 70
1.01418 -21.4959 70
-11.0431 -19.6169 70
0.796574 8.5198 70
10.0331 -29.3281 70
0.938347 -9.00662 70
10.7592 -19.4534 70
70.8031 -30.0393 70
-0.603641 0.911519 70
-8.80352 -1.23661 70
0.00525217 -10.853 70
20.8314 -10.4861 70
8.99448 8.98676 70
-11.2659 -0.0679837 70
-30.4801 -20.5775 70
-29.253 -19.8642 70
11.2424 1.21826 70
-39.2202 -10.0718 70
-39.4442 -10.971 70
-0.560521 -10.8557 70
1.16073 -0.312092 70
-1.17081 -0.779656 70
-11.0992 -20.2852 70
-1.38701 -10.3895 70
-40.182 -40.4812 70
-20.5646 -8.73865 70
-21.1852 -0.0804081 70
0.19153 -1.29321 70
-0.716897 -20.7843 70
-0.211258 -20.4693 70
-0.708555 0.555549 70
-0.926497 -0.331396 70
-1.40593 -0.0541302 70
-0.345151 -9.26819 70
1.02129 -10.8117 70
1.41887 -0.169327 70
-30.6825 20.042 70
9.31605 -8.91898 70
-0.162204 -19.6897 70
1.06654 -9.83271 70
11.4638 -21.0841 70
10.7355 -20.7415 70
-0.403287 -1.38492 70
-10.3059 9.67201 70
-0.146573 1.20575 70
0.146248 1.20877 70
-10.7566 -19.571 70
38.5743 -98.6261 70
-9.56484 -9.30941 70
-10.418 -9.1795 70
-9.02954 -9.19691 70
29.0968 51.2532 70
-0.250023 -9.20488 70
1.31914 -9.40033 70
8.80975 0.207611 70
0.0688056 -0.393275 70
-10.2214 0.581873 70
0.630343 -11.4977 70
0.379465 -0.377214 70
0.925947 -10.7446 70
0.810768 -10.193 70
-58.6352 20.3907 70
9.68908 -19.1215 70
-0.931223 -20.0742 70
-1.15921 -10.2738 70
-9.71969 11.4886 70
-9.16659 9.37006 70
0.0554079 -20.1849 70
8.77663 11.2026 70
-20.0359 79.2633 70
-8.53797 30.8449 70
-8.56814 -1.16231 70
-10.4937 -9.00641 70
-10.9191 0.533611 70
10.935 -10.3107 70
10.2873 -19.0325 70
0.00113434 1.27829 70
-10.1536 -0.642024 70
0.806698 -9.88088 70
1.19218 -0.418203 70
-9.67356 -10.4051 70
10.9928 1.31009 70
0.151775 -40.9159 70
0.0231477 -9.45756 70
-21.1045 -0.509026 70
-0.129141 -20.8859 70
-10.8767 -20.4048 70
1.14139 -8.5071 70
-1.16885 -0.809693 70
8.68841 -19.2786 70
-11.0683 9.03459 70
-60.2905 98.7347 70
-10.2256 -18.8841 70
-20.215 9.47924 70
-18.5072 -30.3415 70
-8.71132 -1.43565 70
-1.30858 -0.860431 70
1.20257 -9.41799 70
-0.526069 -11.0288 70
-8.70532 0.726914 70
1.27602 1.27586 70
-19.4251 -0.669076 70
0.788547 20.9003 70
-18.6999 -0.371694 70
1.27129 -9.99377 70
-8.89189 -10.0565 70
-9.14245 -9.79522 70
1.4949 0.0596689 70
-0.571164 0.430476 70
60.7204 -10.624 70
-18.5167 -1.34384 70
0.427569 -9.01908 70
9.21615 -9.11946 70
1.36284 0.623594 70
0.892298 1.4176 70
-10.8846 1.20319 70
-0.274146 9.19864 70
-8.75844 29.808 70
0.252928 -30.6088 70
-0.999871 0.143208 70
-10.9729 19.9159 70
18.8606 -19.7834 70
21.1673 -50.5637 70
48.5341 30.4817 70
-0.598996 -30.8612 70
-19.2956 -10.2717 70
-1.40464 19.2727 70
31.099 -0.227368 70
0.142535 -9.20201 70
11.301 10.1426 70
-8.96714 -29.3386 70
0.170661 -1.46375 70
31.2705 -20.3426 70
-9.80234 -9.27062 70
39.7252 39.0576 70
-80.8938 49.3083 70
-0.814463 -11.0366 70
