9.68194 -10.5868 70
-1.38796 20.7172 70
9.21976 9.71511 70
11.0782 1.34871 70
0.427392 -21.0995 70
0.098022 -1.10398 70
-10.8555 0.0692959 70
-8.68837 0.903289 70
-19.1092 -0.410085 70
-0.533095 0.350524 70
-31.404 -1.11252 70
1.14103 -1.05458 70
-20.7913 9.58168 70
-0.649987 10.807 70
0.672719 9.34232 70
-18.5777 19.9837 70
-8.97639 0.801803 70
-0.778552 -0.933522 70
-0.0632393 21.1572 70
1.46231 -0.361002 70
-1.40636 9.25939 70
-29.4799 -60.8267 70
-8.76754 9.72813 70
-20.9641 -9.8948 70
-18.5302 -9.27047 70
-8.80731 -0.869678 70
-0.314676 -0.482646 70
-9.6699 8.58753 70
-19.3471 -8.78364 70
-48.5214 40.2736 70
18.7075 -9.15568 70
-8.73927 0.851289 70
0.234384 9.85108 70
29.7607 20.4548 70
-0.783195 -11.0987 70
0.71741 9.06992 70
0.6244 9.11462 70
-10.7197 10.5677 70
28.5698 0.284192 70
-8.80916 10.4716 70
0.63784 1.48999 70
-69.3227 -19.7 70
0.267629 10.0621 70
-10.892 11.4757 70
0.344113 9.14224 70
-10.1735 11.0538 70
-38.7898 10.9489 70
0.514177 10.3894 70
-0.841716 0.994197 70
0.382597 10.4747 70
-29.9577 -51.0399 70
21.3372 61.0108 70
0.639071 9.87263 70
-10.7956 -11.0851 70
-9.0863 0.376249 70
9.7021 -10.9461 70
-10.4553 0.533933 70
1.12651 9.86121 70
-10.2517 0.107646 70
-10.2367 19.9522 70
0.946957 10.0371 70
10.5928 0.917507 70
-0.474954 9.60617 70
-31.349 -0.57941 70
-8.74445 18.6663 70
1.49906 10.7728 70
-0.612124 9.29266 70
10.3689 0.497042 70
-9.66183 0.427477 70
-11.2937 -19.942 70
0.371662 11.2773 70
-50.7132 39.5356 70
1.19294 9.37867 70
-9.52484 19.1143 70
0.289988 8.98084 70
-60.0338 -11.1948 70
-8.7848 -1.16857 70
-9.42459 -0.467599 70
0.0722367 -0.631267 70
-9.78406 8.72848 70
0.528493 -0.177212 70
-9.34404 1.21616 70
11.0576 -19.1491 70
-50.9057 8.74343 70
-29.4163 40.1394 70
-21.0475 -39.6104 70
-20.804 21.117 70
-0.198524 11.4238 70
0.58698 0.380387 70
-39.0854 40.2105 70
18.568 11.2026 70
-9.98466 19.0165 70
-59.8521 -21.0602 70
1.24247 11.3425 70
-0.952037 -1.09334 70
-11.0182 -0.462489 70
-8.56208 39.1808 70
-19.0029 9.82966 70
-1.00934 9.15772 70
1.01167 -0.573672 70
0.444465 10.1163 70
-0.693498 -1.10597 70
-0.215426 -0.035157 70
-0.662167 10.2248 70
-11.0976 0.779502 70
-9.70383 0.333723 70
-9.30147 -9.11287 70
10.4608 -9.51508 70
-10.8593 10.0397 70
-0.142263 0.221008 70
9.41713 8.91572 70
-0.465313 8.76844 70
10.0528 11.0534 70
-9.26359 -0.691669 70
-9.19532 -9.54821 70
1.17672 -8.93676 70
-8.9734 0.976389 70
-31.4447 8.58833 70
-8.73979 9.22156 70
-19.827 11.3047 70
9.99124 1.13595 70
-0.496262 9.05987 70
20.3326 -8.56433 70
-9.58882 10.9144 70
-10.1794 0.0939627 70
-1.10017 11.0795 70
-1.04495 19.1777 70
-41.2911 -1.08414 70
-9.61344 18.9773 70
-10.7429 9.79853 70
-1.41798 10.4164 70
-9.06895 1.21862 70
30.3423 -31.0547 70
0.860548 0.107481 70
-11.0757 21.4748 70
-19.7247 19.6187 70
-1.37348 11.2081 70
-10.2419 -0.694265 70
-1.31642 19.2633 70
-10.8716 8.65238 70
1.4585 41.3196 70
-0.07495 -0.74256 70
10.7747 0.670093 70
10.762 -1.02044 70
-28.8479 21.0547 70
0.0766954 0.291605 70
1.05525 -1.22566 70
1.25872 -1.00847 70
11.4933 20.4412 70
0.837418 0.706039 70
-0.235926 0.315257 70
-1.448 -0.163176 70
-28.6094 -11.1478 70
30.2939 -29.3283 70
1.37278 10.2643 70
21.0559 29.5521 70
0.272646 -9.75695 70
1.1055 -10.3073 70
-0.955452 0.11318 70
1.05309 9.59205 70
-19.9783 -1.23657 70
-8.83476 10.2502 70
9.60176 -0.931975 70
19.8333 9.56652 70
29.1925 -29.0669 70
-21.1968 10.5037 70
-10.9747 -1.13885 70
-0.139375 -11.431 70
-8.7167 -0.434749 70
-1.37949 1.29754 70
-0.721999 0.386117 70
49.697 -1.36602 70
-9.34945 10.7142 70
29.5282 38.6589 70
-1.36984 20.8999 70
-90.7527 -0.65433 70
-0.30538 -8.65649 70
-20.2486 -9.38773 70
-1.00476 11.1683 70
-11.2405 -0.412863 70
19.1131 29.2155 70
-10.1448 0.320796 70
-0.403666 -20.6849 70
0.178953 10.784 70
-50.2877 10.4613 70
-19.989 0.109405 70
-19.501 19.6056 70
-10.5295 -0.892732 70
-11.0181 -1.03642 70
10.0939 51.3082 70
-11.1288 -0.299861 70
-0.11043 -10.5723 70
-8.87338 -1.29337 70
-9.73145 -1.15083 70
-59.6891 -28.6618 70
9.00908 -30.828 70
-101.432 29.3411 70
-29.8654 50.1178 70
-0.752611 0.840197 70
11.064 11.0081 70
-50.5157 10.4402 70
11.455 0.421156 70
11.4304 19.3218 70
1.10921 -1.34601 70
10.6358 11.2819 70
1.36384 10.4445 70
-10.7156 -11.0059 70
-9.10037 9.60283 70
-0.131343 -1.17907 70
-0.77667 20.6174 70
-9.70979 -9.65369 70
0.245785 -49.5751 70
-0.743423 0.686957 70
-10.8023 1.47473 70
-21.4397 -61.0847 70
-0.172953 8.67768 70
-10.5427 -0.507705 70
1.48085 20.4195 70
0.710154 20.3789 70
-10.0124 39.7497 70
-1.34786 9.63035 70
1.37064 0.293638 70
-9.66677 8.50744 70
10.3839 -21.3824 70
1.39358 0.102827 70
0.950852 8.61671 70
-11.455 -0.496986 70
-1.25024 -0.554426 70
-19.7584 -0.494329 70
-9.37149 -1.14196 70
0.787816 10.1636 70
-20.993 -1.07197 70
-11.2311 8.65188 70
10.8121 18.6238 70
10.6187 -0.788759 70
10.0914 11.0153 70
-8.88007 10.8547 70
9.99381 -19.8797 70
-0.132396 -0.88683 70
0.1004 -0.287541 70
-9.61825 -0.996883 70
-10.2809 0.468637 70
9.70831 31.4885 70
1.12352 -0.776131 70
-11.0849 1.19363 70
0.965938 1.45939 70
-0.26384 0.154313 70
-9.9378 10.1202 70
-30.2996 10.9282 70
10.5913 -1.05895 70
-0.291452 9.71092 70
1.40553 10.2449 70
-11.4188 10.3536 70
-0.146933 10.9755 70
0.415255 28.9191 70
29.9314 -1.44854 70
-1.12131 -80.6857 70
-10.5666 10.0816 70
-8.98958 0.510134 70
-19.5723 -20.7728 70
9.03257 10.9804 70
-9.80123 -0.703702 70
-9.75903 -0.449846 70
-0.0820585 8.61665 70
-20.7224 -9.67834 70
-0.255038 10.4954 70
-9.80037 -9.89989 70
-100.65 50.227 70
-10.1507 -0.000897721 70
-31.3187 30.6984 70
-9.81353 8.67555 70
-0.0923031 41.2045 70
-18.5588 -0.276589 70
-11.3085 -0.912781 70
0.436896 9.70653 70
-8.79683 8.73229 70
-10.0035 -0.859219 70
-10.6298 -0.800533 70
9.50205 18.7902 70
10.8445 20.6976 70
-0.749443 8.90522 70
-10.7244 -21.023 70
-9.09327 29.8037 70
-10.6903 9.11248 70
-9.55201 0.74352 70
-30.7722 -10.0556 70
10.9227 -8.66566 70
1.09974 9.10713 70
-8.74816 0.566714 70
-19.2702 8.71029 70
0.0977402 0.883865 70
9.0736 -19.6822 70
-29.2233 8.8817 70
0.834877 10.5785 70
8.84824 38.6562 70
-1.01446 -0.53743 70
-8.88722 0.435544 70
0.386687 9.16255 70
-9.18606 1.38685 70
9.13332 29.7029 70
1.35085 10.3805 70
-20.4148 19.0626 70
-9.2213 8.86997 70
-9.95024 -0.832518 70
1.03201 -10.7049 70
-21.2127 8.57942 70
-9.19489 -10.3553 70
0.0138238 -0.72714 70
20.4054 -38.6875 70
-0.0187761 9.2623 70
-8.92446 9.87639 70
-11.4428 0.0984674 70
8.84722 -1.36643 70
-11.1461 9.0788 70
-9.88389 9.87459 70
-20.7096 -9.21769 70
1.36541 9.61907 70
-40.5044 0.164203 70
-9.21204 0.173321 70
-9.06879 11.1774 70
-9.20001 -0.192067 70
1.49806 9.65946 70
-9.47446 -9.1565 70
-10.4355 -0.469841 70
-9.82579 9.18782 70
-1.04807 -0.404057 70
-9.90988 8.59961 70
9.74848 10.477 70
-1.43766 9.65727 70
0.440313 8.9286 70
1.00298 10.2077 70
-1.39219 0.494776 70
-19.0464 -19.2531 70
-8.53091 20.9477 70
-1.28053 -8.97377 70
18.5322 19.5873 70
1.39284 -0.0881074 70
-8.90332 -19.9981 70
-0.940661 11.3524 70
0.315819 0.442558 70
10.6267 0.0167419 70
-0.696358 -10.0849 70
-8.97824 -19.2367 70
-0.704953 -0.723768 70
-0.583655 -0.860754 70
0.618712 -0.99019 70
-1.43355 10.3306 70
-10.0804 -0.132416 70
1.16024 -1.25317 70
-1.23719 -0.687737 70
-9.12033 10.9047 70
9.43749 9.70905 70
11.3744 20.3962 70
0.545344 -0.130706 70
-29.7995 80.5559 70
-9.33611 9.76767 70
-31.1959 19.9469 70
-31.4269 20.6485 70
58.9079 60.8565 70
0.941403 18.6907 70
0.916764 0.124364 70
-1.03243 -0.0754258 70
1.12179 11.4992 70
21.3617 0.938279 70
0.0853767 9.21439 70
-10.6465 8.61406 70
30.3133 -11.1145 70
1.3434 -10.0301 70
-11.4485 0.914992 70
-20.0531 21.0746 70
0.0366285 11.2654 70
51.294 -0.597861 70
1.20257 0.299792 70
1.42583 9.94455 70
10.8147 0.500884 70
-9.03832 -0.5034 70
-9.67006 1.16872 70
0.795272 -10.7175 70
-0.142906 1.07135 70
-8.71602 0.433566 70
-10.724 8.57689 70
-10.3931 -8.5107 70
29.0515 -21.0375 70
-8.76993 -8.57548 70
-0.832679 9.68266 70
20.2085 19.2973 70
0.695214 9.76307 70
-20.7923 30.7149 70
-0.382297 -0.645144 70
-11.0182 -0.570022 70
-19.1636 20.8794 70
-19.4645 60.2493 70
-10.6609 0.900337 70
10.1029 -0.748819 70
0.578133 0.225962 70
-9.82536 20.9354 70
-28.7926 -1.35717 70
-29.5337 -0.210098 70
-0.913336 0.513907 70
-1.49063 -10.8532 70
-0.325561 0.767953 70
-0.428171 -0.17743 70
-10.4334 9.54389 70
-10.134 -0.512746 70
48.5432 50.1597 70
0.976502 0.0315891 70
-9.319 0.712021 70
1.41363 10.3926 70
-0.771401 0.274069 70
-1.35342 1.27966 70
-9.60336 8.6402 70
1.05012 9.53205 70
-0.0615516 9.30271 70
-1.47407 1.34411 70
0.493852 -0.162075 70
-10.0787 0.958752 70
-11.3652 1.42571 70
-11.2863 9.22063 70
-0.263771 10.4027 70
-0.654986 0.0767203 70
0.679429 11.1736 70
-0.692407 11.4364 70
-0.555488 8.77258 70
0.574849 11.2963 70
-9.0361 -0.589097 70
8.63634 40.1684 70
-0.176803 0.594437 70
-11.2967 0.679258 70
-10.0153 8.86751 70
-10.7793 11.4105 70
9.13653 20.3309 70
-8.50772 0.919323 70
-1.17548 21.1858 70
-0.325283 19.1507 70
-9.20344 -1.2901 70
-9.15813 1.33697 70
-10.2287 1.24242 70
49.8035 -60.552 70
-0.196386 10.3797 70
-11.3242 10.927 70
-10.888 11.0753 70
-10.0155 -21.1092 70
-9.80083 0.749834 70
21.3364 -49.5738 70
8.60112 -0.240997 70
0.380996 8.56929 70
0.0641093 9.12954 70
-10.5047 8.64101 70
-0.450157 19.2963 70
-11.0759 -11.2594 70
-10.4886 -11.0835 70
-18.5864 30.8502 70
1.46887 0.487456 70
0.860823 -0.842012 70
0.816876 10.9251 70
0.365691 1.42495 70
9.98939 -1.19311 70
-11.1787 10.4991 70
-29.3512 -29.406 70
8.59353 -1.00028 70
-8.60606 9.82834 70
39.6022 28.7499 70
31.3697 38.5211 70
0.454412 -1.28414 70
-0.29345 9.68931 70
-0.923816 -0.590145 70
-9.81408 0.719213 70
-11.4914 1.05355 70
0.0500681 8.70867 70
-10.2705 -8.50791 70
-1.23217 -1.2772 70
1.36146 10.7651 70
-8.57388 29.8663 70
50.0017 -9.4243 70
-9.27734 11.2217 70
0.403133 1.22771 70
-19.1133 20.1098 70
-21.2945 20.0194 70
-10.9672 0.321833 70
-1.06888 1.17599 70
0.47867 9.76402 70
-0.69075 -0.41849 70
9.13396 -9.11174 70
-0.910932 -20.5015 70
-21.4537 19.9812 70
20.8661 -20.5805 70
0.0596788 8.50215 70
-0.870531 -0.569388 70
-21.1289 58.8785 70
59.3651 -9.01626 70
-0.0181261 28.7768 70
-9.06694 0.998479 70
-8.76584 -0.770878 70
-0.322739 10.0623 70
-0.863957 -40.9282 70
0.939741 1.41577 70
-0.151488 -0.172148 70
-0.298863 19.0302 70
-29.2851 28.8469 70
-11.1887 0.778555 70
10.6961 -31.2302 70
-10.1914 -1.04918 70
-0.729928 8.52513 70
-19.7698 9.94586 70
-9.26442 -90.2026 70
-28.8068 -0.261016 70
-10.2777 10.8993 70
-19.6307 20.8654 70
-10.073 8.77742 70
-29.1795 21.0046 70
30.2323 40.9048 70
-9.31515 -1.43492 70
-30.8965 20.0825 70
-11.2901 20.4425 70
19.5536 -1.14945 70
-30.0693 -9.84763 70
-0.753829 0.788874 70
-0.904236 30.5641 70
-10.6109 -0.34038 70
-9.54954 1.23415 70
-8.93622 -1.27559 70
20.6794 -31.301 70
1.05455 9.69594 70
-8.66863 28.9267 70
-8.60894 10.0326 70
-9.62583 10.9877 70
-10.2189 0.482372 70
-1.18944 9.08064 70
9.56369 -0.894484 70
-0.388454 9.31589 70
-10.5322 28.614 70
-9.56256 -18.5206 70
-8.65959 1.33392 70
-81.165 31.4732 70
-0.425316 1.16948 70
-9.21488 -0.509629 70
11.435 20.8308 70
1.40686 -10.6808 70
48.6471 -0.945341 70
49.2745 -0.131997 70
-9.06662 9.22482 70
-9.94707 -0.679754 70
-0.862889 0.684702 70
-19.2988 0.385032 70
1.37943 -1.09611 70
0.516075 9.99004 70
0.306585 0.281091 70
0.805561 -0.0163779 70
-19.9403 -18.8187 70
-10.1273 9.46888 70
-0.851487 10.1461 70
1.35688 11.3397 70
19.0557 19.2 70
10.1204 10.994 70
-1.04872 -0.913216 70
11.351 10.5933 70
0.525879 -0.318386 70
-8.59307 -8.83932 70
-8.67702 -0.22987 70
-9.3382 9.86727 70
1.47116 0.968745 70
-10.3999 0.0544417 70
-0.595527 -0.0896115 70
-10.9751 20.7277 70
-20.1766 21.4839 70
50.7596 -79.3449 70
-19.3435 1.38199 70
-20.9138 0.710298 70
-0.375917 0.714177 70
-11.3116 10.3112 70
-9.63154 1.47962 70
-11.3632 1.26931 70
1.03153 10.2059 70
29.5116 29.4037 70
-0.286943 9.72064 70
-9.85717 29.5162 70
11.066 9.26493 70
1.39434 -8.80806 70
-9.62251 9.67865 70
29.0303 9.65199 70
0.0685218 -0.899339 70
-10.65 10.2705 70
-9.6131 8.97014 70
0.760993 0.935371 70
-0.834775 -0.133866 70
20.9339 9.13178 70
9.10689 -9.64955 70
1.22782 9.24968 70
-0.47863 1.30313 70
-1.16198 -1.46262 70
-0.929783 0.142502 70
-50.9126 40.8803 70
70.0153 -48.6831 70
-11.1172 11.474 70
-20.7074 10.0602 70
-19.2848 0.505519 70
-59.1845 81.3991 70
-9.21012 -0.0682163 70
-8.92963 0.126957 70
-0.927033 10.4582 70
-19.4339 10.2431 70
-9.96719 11.2154 70
-0.900098 9.92675 70
-10.1837 -10.773 70
-10.5858 9.98049 70
-31.4096 -59.4382 70
-1.45755 1.08713 70
-10.7202 -9.90688 70
-40.4407 28.8934 70
-0.926133 8.97922 70
9.0757 -41.3697 70
0.866998 -0.161411 70
-9.85122 100.102 70
-11.3843 0.759695 70
8.51615 9.73279 70
-1.19799 1.26156 70
1.3973 -0.941072 70
0.544971 1.40203 70
-9.92266 19.5582 70
-11.4191 -10.8573 70
-8.60337 -10.8451 70
9.64604 19.554 70
1.01524 0.257227 70
-10.7257 0.976464 70
-10.2968 19.2561 70
10.9957 28.6537 70
0.673137 -9.53689 70
0.816848 -9.45723 70
-11.0847 20.7558 70
9.59206 68.5567 70
-19.8445 -0.177252 70
-8.53674 9.95493 70
9.09616 20.5844 70
-9.84883 8.82734 70
-10.8278 -1.27348 70
10.4229 9.99333 70
-8.57449 -8.65885 70
-0.416139 -0.643765 70
-18.6184 9.1135 70
9.05998 -19.7377 70
-8.88391 9.26566 70
-10.2669 11.3463 70
-0.793419 8.69667 70
-18.6555 -8.82969 70
-0.00317564 9.81645 70
-0.149665 -1.05427 70
0.220993 30.5072 70
-0.467295 0.148642 70
-19.1373 -20.887 70
-30.9275 9.33751 70
-8.76142 11.2905 70
-0.804198 20.1394 70
0.720683 -0.453534 70
-39.2453 -30.5095 70
-9.10413 -0.933831 70
-1.3232 -0.830746 70
-9.0317 10.0922 70
-19.7387 30.8891 70
41.2854 100.981 70
1.08335 -1.13932 70
-11.2799 -8.50488 70
-1.21608 -20.665 70
1.21721 11.1522 70
1.47758 -0.186839 70
20.8477 -1.14636 70
-1.40395 10.8869 70
1.46009 -0.466199 70
-8.78292 0.796812 70
1.01715 20.1646 70
-11.411 0.0232911 70
-9.50177 20.5558 70
-0.663453 11.3422 70
-20.8145 41.061 70
-19.8147 40.1821 70
1.11056 10.6834 70
-0.282792 8.96754 70
-1.48088 11.3228 70
-11.3245 -0.649737 70
-0.337064 -9.48934 70
-9.42955 9.70626 70
-9.31996 -9.04306 70
0.179565 -0.363361 70
-11.3837 -10.9843 70
1.36139 90.4744 70
10.7694 0.366961 70
-9.40864 -9.53933 70
10.0887 1.39966 70
-9.57418 -9.65024 70
-0.289579 8.63666 70
-1.32849 8.59938 70
-0.419792 1.18277 70
-1.44341 8.62307 70
-0.961224 -0.642949 70
-0.193036 -0.731763 70
-19.9018 10.4583 70
-0.346268 1.28803 70
-0.658504 -41.1666 70
-10.0906 18.7999 70
30.8731 19.3855 70
1.21482 8.64539 70
40.958 -41.0967 70
-0.545001 -0.591375 70
38.8025 80.9367 70
-9.68422 8.55139 70
1.3295 -1.18199 70
-10.5335 11.4804 70
-8.98399 8.93093 70
-8.95298 19.8553 70
0.316426 -1.27064 70
-0.626547 -0.394394 70
-11.4351 -1.29433 70
1.17333 1.12796 70
-9.96817 -1.08413 70
-91.0898 -30.7998 70
-0.871831 10.1022 70
-0.939878 0.938179 70
-1.07093 -0.554879 70
0.10803 -0.000866723 70
18.6705 18.8394 70
-9.65733 -38.9832 70
-20.7915 -90.9053 70
0.133288 19.5659 70
0.213579 9.66495 70
18.9546 0.328244 70
1.04173 10.7086 70
-9.86059 -0.197183 70
10.7812 -1.06674 70
-9.082 9.66229 70
-8.71991 0.0734604 70
-10.3456 8.79135 70
-9.30206 9.49241 70
-29.8547 19.7082 70
-0.0898452 -10.1378 70
-8.61975 -10.325 70
-0.297448 11.1676 70
40.8377 30.1275 70
0.440145 30.943 70
-20.1386 -10.1147 70
-11.4649 0.0488396 70
-0.175324 11.4696 70
-29.7479 10.9521 70
-18.9924 -1.23439 70
-19.9822 -0.52395 70
-9.17281 11.2068 70
11.2597 9.33314 70
-0.301226 9.57354 70
0.164743 -0.000875249 70
60.1325 -70.8144 70
-9.71497 0.252122 70
0.500785 20.4093 70
-0.685703 0.371647 70
-10.2241 -0.638069 70
-11.1629 9.04854 70
-9.41545 -1.02344 70
0.616498 9.70281 70
-28.9771 -1.39173 70
8.9281 30.965 70
-0.497645 11.0401 70
