-30.5619 -10.8046 70
-18.6089 -9.23277 70
-19.355 -31.4517 70
-1.14791 -0.767163 70
-19.6362 -0.00521866 70
0.251812 -19.5383 70
0.759084 -11.1969 70
1.06091 8.72797 70
-0.0708831 -18.7263 70
-0.158875 -0.997805 70
0.429258 9.06045 70
-51.3361 -10.5552 70
-8.53888 -0.912917 70
-0.845932 0.485473 70
-1.40477 -9.62764 70
-0.144378 -10.6692 70
-39.2248 -19.8863 70
0.231967 -0.493068 70
-10.7728 -0.935414 70
0.0127887 1.25886 70
-10.9176 9.72322 70
-9.82195 -0.456065 70
1.06893 0.476856 70
10.0888 -1.15225 70
1.21405 1.27764 70
-8.86376 0.764224 70
-0.0428085 -18.9021 70
18.9007 -59.5876 70
29.2207 0.41782 70
18.6985 0.207929 70
-1.49631 1.25179 70
0.12078 28.8915 70
-9.76661 0.0866384 70
-9.59106 -1.36952 70
-9.74974 0.496356 70
-1.47561 0.746414 70
9.23206 0.679036 70
0.451027 0.495727 70
21.3009 1.20462 70
-10.4059 -10.0795 70
-11.3189 0.709427 70
-8.98141 -10.7573 70
-9.17725 -0.419231 70
-38.9072 18.7695 70
-0.471466 -0.205897 70
-0.524422 0.762952 70
-8.89167 0.812338 70
1.22394 -10.8288 70
-1.21249 -11.4289 70
-10.7093 0.825316 70
29.6811 11.2006 70
-0.790075 9.7832 70
10.7372 21.4853 70
-18.5069 -8.89172 70
-0.195558 49.4078 70
-0.797424 -0.672808 70
19.5423 -19.5536 70
0.0235093 -0.0691784 70
-1.25079 -1.41547 70
-9.9014 -9.57332 70
-20.6822 29.4617 70
0.0246263 0.856073 70
-10.1269 1.22499 70
0.227497 -1.48703 70
0.616639 0.444902 70
-8.70971 0.41654 70
-0.800479 -0.652228 70
1.41318 9.19256 70
-9.75376 -0.935113 70
-11.1754 -0.561587 70
-1.45973 0.393866 70
-1.1985 -0.679173 70
-10.8745 0.595813 70
0.542447 0.831987 70
0.672178 -10.6437 70
-0.0792365 0.969787 70
89.5584 29.639 70
-10.0182 0.948339 70
-0.833554 -8.89525 70
-0.35954 -0.695136 70
-20.9648 -19.1535 70
11.4507 -0.823684 70
-21.2208 10.7399 70
-20.5 11.2841 70
-11.3897 -1.27306 70
19.9484 0.094847 70
1.06166 1.10661 70
-31.4324 10.2881 70
-9.05574 0.829381 70
-10.4728 -11.3648 70
1.27394 -19.8616 70
0.653805 0.0587919 70
0.4254 1.47463 70
-30.9479 -10.8538 70
-0.58656 -1.32781 70
-9.62124 -1.44842 70
-20.465 -8.67246 70
-10.7089 -0.0487302 70
-11.1218 -1.49743 70
-0.235214 -9.85365 70
0.569438 -1.26679 70
-50.7653 31.3163 70
21.0248 -0.864406 70
-11.0668 -30.5913 70
-9.27694 -29.7119 70
-10.1571 -10.8525 70
-11.1684 -9.26978 70
-9.21651 -8.87834 70
0.70791 11.4671 70
-1.19087 -91.4827 70
-38.5966 -20.3544 70
-9.01514 -10.262 70
-30.6856 48.7853 70
-10.2068 0.831922 70
9.75931 -0.665291 70
18.69 -9.88421 70
18.7279 -10.1809 70
-11.4328 0.842999 70
-10.2629 -0.609231 70
-21.1471 -19.1159 70
-1.16081 0.259765 70
-8.7611 -10.9697 70
0.420946 -0.573144 70
1.24514 0.0601054 70
0.386444 0.834063 70
31.139 -9.22324 70
1.31619 0.185549 70
20.2706 -8.90224 70
1.08691 -29.9002 70
-9.29801 -1.28153 70
-9.87428 -0.756975 70
39.1259 -28.8018 70
8.82344 0.151185 70
0.0407417 -10.5521 70
-1.48762 0.19659 70
-8.55642 1.26577 70
0.329138 -0.721167 70
-9.40233 0.634877 70
-0.575696 -10.5857 70
30.9664 1.44115 70
1.49213 -18.8733 70
-20.0892 0.0116387 70
0.565814 -1.24963 70
0.229415 -21.0763 70
-0.512406 -1.48524 70
-11.4332 -1.43341 70
-10.4191 10.3393 70
-9.16391 30.0871 70
-9.24203 9.2273 70
0.395782 -11.1222 70
10.2181 -70.0654 70
-1.15137 -9.80274 70
-10.6377 0.613758 70
-10.2299 -1.12712 70
11.1196 -9.83418 70
-30.6461 -20.1132 70
-9.68313 0.422729 70
-48.8721 18.7941 70
-9.47394 -8.83366 70
0.657728 -0.402783 70
-9.36514 -0.892889 70
-21.2993 -10.3724 70
-50.7756 -8.72784 70
-0.584801 1.0391 70
-10.0918 10.1251 70
8.58839 -10.6085 70
-9.5368 -20.5331 70
-10.2751 -1.16769 70
0.265219 1.48124 70
-0.0242508 -9.6929 70
21.0459 19.7038 70
-10.8629 9.52761 70
-9.23819 -0.770483 70
0.585325 0.862021 70
-9.47339 -0.578948 70
8.91835 -39.1853 70
0.71912 -8.5853 70
-1.33367 -19.774 70
-0.263037 19.6847 70
-11.4837 -10.0064 70
-19.6156 8.87691 70
-0.863557 0.718109 70
0.424703 0.572615 70
-1.02318 0.156849 70
0.463404 -1.21953 70
29.538 -109.207 70
-1.2953 -1.2477 70
-0.409743 9.41069 70
1.06424 0.544924 70
-10.0779 -0.242664 70
-9.87967 -9.55814 70
-9.31212 -8.79535 70
11.4972 -69.6346 70
-1.13433 -0.0637617 70
-0.558203 -10.5112 70
-8.61194 0.187264 70
-48.5617 1.48187 70
-0.337481 -0.401466 70
0.802433 -0.0942483 70
1.44595 1.05279 70
-0.384113 0.802529 70
-10.3592 0.652318 70
0.389556 0.565052 70
-9.03893 -1.46467 70
0.643593 -0.713848 70
-19.3029 -8.80337 70
9.69315 -19.9474 70
-1.26982 0.713537 70
-30.1579 0.210995 70
-0.329054 -21.2835 70
-10.8733 -1.23064 70
-9.98275 0.539358 70
-28.9825 -28.5148 70
-1.29691 1.20162 70
-1.23901 -0.369899 70
-0.243964 -8.84295 70
-1.03741 0.649601 70
-10.456 0.341798 70
-10.32 0.315788 70
-8.70146 1.25469 70
0.587751 -10.6957 70
-11.2998 0.0866422 70
10.0114 9.39951 70
-58.8678 -8.68942 70
-10.371 -1.02861 70
-90.2931 -1.05237 70
10.7685 0.25409 70
-0.832293 -9.84053 70
-8.77498 -9.80938 70
-11.4885 0.229924 70
-1.26381 -0.478523 70
9.92534 1.07638 70
-8.53189 0.85804 70
-21.455 -11.4399 70
0.848109 -1.08571 70
-9.59909 -20.1239 70
1.13156 0.389511 70
1.09739 0.457395 70
-9.19797 -10.7596 70
8.71918 0.665967 70
19.2687 -8.65965 70
0.271051 -1.47525 70
-10.5095 -29.1484 70
-10.6634 1.33472 70
-8.90048 -0.769382 70
-9.21212 -30.1359 70
-9.60679 20.6205 70
-9.77528 -1.27551 70
1.111 0.757676 70
-1.02371 -0.605905 70
20.6386 -61.2773 70
-9.03142 -8.96765 70
-8.91876 0.17141 70
-0.358104 0.2669 70
-0.898867 -0.696047 70
11.0455 -21.2694 70
50.8368 -30.6009 70
0.354996 0.715148 70
1.29516 0.858735 70
0.747344 -1.18187 70
0.368545 -0.0481057 70
0.107169 0.530304 70
-1.06234 -0.268516 70
-20.9903 -9.63358 70
0.941503 -10.3376 70
1.09318 -10.4371 70
-8.92217 -9.3909 70
-0.378679 -0.79779 70
80.0779 38.6619 70
39.8129 -40.4483 70
-0.315987 -20.1339 70
-11.2839 1.07213 70
-0.815009 11.2009 70
-0.708864 10.4311 70
9.5954 9.78095 70
-11.4758 10.7723 70
-10.8774 -0.0397679 70
-1.42833 -9.746 70
-30.8268 -11.3855 70
0.149454 -8.80813 70
1.01346 21.1974 70
8.69198 -19.3315 70
10.5004 -49.6892 70
1.44435 0.345539 70
0.775102 -0.829054 70
0.398585 -19.9356 70
-10.5992 9.23987 70
-10.0399 -1.08649 70
-11.3975 -9.4739 70
18.5709 -31.1448 70
0.67864 -1.28361 70
11.3006 28.5677 70
-8.58109 1.3592 70
-9.54791 -11.2759 70
9.40413 9.27713 70
-0.939407 -9.6 70
-0.778601 0.889645 70
-0.597896 -28.9478 70
-11.3741 -0.444037 70
11.4358 -19.0948 70
-18.6407 19.4354 70
-69.4544 18.5576 70
1.28733 -0.0546274 70
-8.59003 -0.222761 70
0.162597 -1.43505 70
-10.5971 -9.58947 70
11.386 0.160088 70
-10.7356 -10.663 70
-11.1111 -8.91414 70
-8.98465 -8.91744 70
-0.166455 -10.5254 70
0.74347 -10.4669 70
-20.3961 -10.8416 70
-0.706965 19.9974 70
-18.9771 -9.23863 70
-9.76013 1.17734 70
-9.28947 0.914101 70
-0.186877 -0.107052 70
0.939893 -19.7085 70
-0.349731 -0.233096 70
-1.34388 -0.988849 70
0.407757 -0.107308 70
0.579428 -1.35221 70
-1.36508 -30.5037 70
-40.7606 -0.392208 70
-1.34155 -1.18349 70
-1.44638 -0.356197 70
-9.22111 -28.8769 70
-0.768263 -8.72896 70
-8.60269 10.8372 70
0.712602 11.0049 70
9.62558 -1.20094 70
-10.7061 0.445098 70
-9.19952 -0.543373 70
-8.97504 20.0859 70
1.36081 -11.0907 70
1.43321 1.33506 70
-9.02332 -9.61314 70
-11.2193 -0.122095 70
-0.718816 -8.71218 70
-11.0436 -1.26674 70
-0.455401 9.60418 70
18.7477 10.6961 70
-0.999295 -19.0439 70
10.9227 -1.38043 70
-0.362069 -30.0504 70
-8.68317 -19.5398 70
-20.3929 10.4689 70
-19.3425 10.0366 70
1.43104 11.1531 70
-21.0082 -1.41627 70
9.70144 11.3544 70
-1.15171 -8.84398 70
-11.1012 10.6495 70
-9.50973 9.60557 70
0.176624 0.804302 70
0.641166 0.0920542 70
0.483361 9.31447 70
0.164494 -0.55227 70
-11.3074 19.3435 70
-9.47074 -10.4049 70
-9.32943 10.5955 70
-20.1934 -19.0262 70
-10.8595 -8.55939 70
-28.5059 11.1975 70
0.208231 -1.12339 70
-9.30058 9.07107 70
20.16 10.2271 70
-0.165573 -0.0250509 70
0.347066 -10.6297 70
-0.799257 0.0103791 70
0.625478 -9.66067 70
-1.10881 11.4335 70
0.375709 -0.333004 70
0.706292 -0.644992 70
-9.68555 0.649193 70
0.559912 -10.7736 70
1.1677 0.251789 70
-9.36821 -10.45 70
1.26718 -1.15142 70
-0.426721 0.56651 70
-1.25634 1.13253 70
-10.7436 -9.11488 70
10.39 41.2564 70
-9.15723 -9.72831 70
-9.68351 -1.01943 70
-9.07977 -10.7558 70
-8.6082 -11.1977 70
-8.7665 10.0786 70
-20.3764 41.1159 70
0.261964 -9.52236 70
-11.3367 -1.19238 70
0.466197 -0.889404 70
9.63577 0.0199502 70
-19.7239 -31.1548 70
0.57698 -9.99821 70
0.045582 -0.444947 70
-51.3087 49.1289 70
-21.3789 10.3158 70
-8.7659 10.99 70
-0.387265 -21.266 70
-30.1715 70.5248 70
-1.48978 0.806685 70
-0.784874 -0.279281 70
10.3117 11.4973 70
-11.0251 -9.54524 70
-18.6651 10.2813 70
0.641374 0.934208 70
0.750685 1.3191 70
-9.22401 -10.5236 70
-0.766831 21.3463 70
-11.1424 -0.875912 70
-59.1436 1.427 70
-0.291796 -8.98823 70
1.19632 -0.445761 70
-9.98472 -9.37927 70
-10.6804 10.8557 70
-20.717 -19.2527 70
-0.737629 -19.7272 70
1.0516 -0.442068 70
-0.0492882 -8.93783 70
-19.074 -0.320842 70
0.121478 -0.315041 70
-1.28199 -8.81893 70
-10.1198 -0.693472 70
118.762 -19.8829 70
-0.302822 -11.0131 70
0.991872 1.15842 70
-9.07342 -0.301531 70
0.477223 -0.586409 70
-8.5058 28.7859 70
1.17726 0.912176 70
-0.776516 0.375871 70
-1.1853 0.812156 70
-29.5512 11.0293 70
-9.69924 39.9165 70
-1.23526 -1.30999 70
-79.4284 81.4295 70
-9.80129 -10.5346 70
8.79549 -0.489391 70
-11.0832 -1.06561 70
-0.150729 9.85649 70
-8.83216 -0.279109 70
-8.98516 -1.28887 70
10.1344 -28.6109 70
9.00785 -20.2364 70
-9.13721 -0.475014 70
-0.955529 -1.20791 70
0.549517 -11.2852 70
-10.4133 -0.918058 70
-20.5744 -38.9779 70
-18.888 1.19916 70
-11.3317 0.212128 70
-0.685862 -11.4231 70
0.331308 -0.790232 70
0.913775 8.76513 70
11.4416 19.2829 70
0.299378 -49.2734 70
-20.3052 -0.180704 70
-10.4798 -9.15111 70
1.42367 -0.635217 70
-0.723187 -0.368237 70
-68.8856 29.261 70
0.879406 -18.8136 70
1.17947 -0.0319618 70
10.5507 -79.7648 70
1.1099 0.610082 70
0.972105 -1.41001 70
-19.064 -31.4886 70
-10.8281 -11.3792 70
0.671239 -9.48502 70
0.0774183 -1.42462 70
-0.407872 -0.856127 70
10.9715 -9.30856 70
0.815262 -0.425293 70
-49.1048 88.7627 70
1.36088 -11.2569 70
-0.268792 0.184795 70
1.24026 -11.2146 70
-0.451542 -0.02504 70
-0.957472 0.107805 70
0.871746 -1.01641 70
0.570314 1.10363 70
0.797424 -0.288949 70
-1.18252 0.914209 70
-18.9425 -30.9987 70
-0.669165 -20.3643 70
-0.878197 -18.6002 70
-10.2314 1.35374 70
10.6788 -9.45463 70
-8.73619 1.04812 70
-48.5944 -11.1017 70
-1.19752 -0.231425 70
41.1529 -9.37486 70
-0.0335282 0.112438 70
-0.146809 0.35439 70
-10.3647 -11.155 70
-8.80279 -0.655548 70
0.938404 10.7762 70
-10.4066 0.756123 70
-8.92778 -0.669744 70
-9.41277 8.93863 70
-1.43124 39.5634 70
-0.530937 -11.2935 70
-29.4574 -29.6787 70
-0.730885 -29 70
11.3886 21.0861 70
0.562719 -0.677822 70
-18.6843 11.3114 70
-8.88727 0.0972703 70
-9.53278 1.20504 70
40.1346 -40.3379 70
-8.78724 -0.402867 70
-9.91825 -21.3452 70
20.8617 -8.96702 70
-1.21359 9.26323 70
1.09059 0.200949 70
0.859514 -0.24118 70
18.6961 39.9043 70
-10.4307 -10.5035 70
-1.40624 0.223364 70
-9.02313 -1.12929 70
1.44741 -8.82854 70
39.438 -9.35073 70
-0.261305 -1.17278 70
0.148456 0.0944242 70
-20.4261 -0.477154 70
-9.08986 1.23808 70
0.320973 1.40687 70
-0.590753 0.313877 70
-29.4588 21.3118 70
-1.24632 -0.364376 70
1.20755 21.1814 70
-8.55771 -0.178633 70
-19.4437 -9.53761 70
10.7392 0.823806 70
-11.4458 0.640109 70
1.28145 -10.2908 70
-0.198917 10.3313 70
-20.2416 1.39199 70
-11.0451 -0.31512 70
8.59795 -9.53587 70
10.0757 -0.559835 70
18.9303 -0.230222 70
-10.1993 9.29599 70
-0.367337 -9.87559 70
-20.9095 -8.59885 70
0.480322 -0.632632 70
8.79111 -1.16664 70
-11.0394 1.42517 70
-10.9017 -8.66186 70
0.927095 10.3535 70
1.02435 30.7273 70
-9.84582 20.4467 70
-18.581 1.30722 70
9.89591 29.2811 70
-30.5202 -19.6878 70
-9.8525 -9.20835 70
1.05737 -0.696999 70
0.65936 0.0520293 70
-10.9787 -1.32508 70
-9.66847 -20.0422 70
8.6809 -10.4794 70
-8.9856 -0.697813 70
-9.42333 10.6497 70
-39.8264 10.7964 70
-8.94473 -0.932456 70
-1.36971 -9.91846 70
-9.84166 -10.1575 70
11.4709 -1.41188 70
0.941992 9.58204 70
-10.5209 -11.1219 70
18.8389 18.5485 70
1.48499 -0.513063 70
80.5743 -40.5378 70
78.8105 -39.1237 70
9.12281 -70.1945 70
0.348538 -0.189746 70
-11.1086 0.500847 70
-9.60558 -8.79287 70
-1.08496 11.1629 70
-10.7211 -0.0786764 70
-10.8111 -1.17806 70
40.9515 31.0286 70
-11.0377 -11.0337 70
1.15683 0.0322826 70
0.0922428 -9.89605 70
-0.592247 -20.6408 70
-21.0575 21.3681 70
0.254805 -0.28038 70
-0.908255 -1.15512 70
-11.397 -29.9782 70
0.474639 19.1422 70
-30.2762 -118.995 70
-10.3589 -0.304516 70
19.6628 9.63088 70
-10.2816 -30.106 70
0.12177 -0.960392 70
-0.120608 -9.55094 70
-1.16569 -19.5882 70
-0.512574 0.13734 70
-1.205 -10.4507 70
-0.654894 1.02134 70
0.467309 0.938948 70
1.34735 1.00569 70
-0.22066 -1.4783 70
-9.65846 0.800699 70
-11.1737 1.11184 70
-10.6738 -10.4964 70
0.573738 -10.9542 70
-9.45222 -30.7448 70
-8.80598 -1.35865 70
1.33819 1.12528 70
-0.835691 11.4167 70
9.77196 29.3838 70
10.1563 1.43721 70
-9.04345 -9.17345 70
1.21545 -1.23644 70
-8.71423 -1.22664 70
-0.730375 -0.402327 70
0.491566 -9.06136 70
0.863962 -10.2946 70
-9.79552 -59.8643 70
1.19731 -0.28617 70
40.66 51.1987 70
-0.118105 -0.268243 70
-1.32573 -10.5586 70
-19.6747 -8.81572 70
-8.8987 -9.72923 70
0.244121 -1.38653 70
9.95894 19.5079 70
-10.7777 -11.2843 70
-0.63175 -31.1546 70
-10.5862 -29.2078 70
-8.62447 -1.22028 70
20.0877 -21.1434 70
-29.8411 -11.4629 70
-1.39057 -10.0791 70
0.0401915 8.984 70
-8.58251 -11.1803 70
-10.5168 1.31751 70
49.324 -20.5245 70
30.9183 9.06775 70
1.29302 1.40134 70
19.0841 -9.54449 70
0.461397 -10.964 70
9.82739 -8.95187 70
-8.66516 -41.3491 70
-11.1144 -1.30105 70
-10.1131 1.28197 70
1.38757 1.25041 70
29.8368 100.229 70
-10.2208 -0.123984 70
-0.355104 -1.12135 70
-18.8104 -0.239341 70
-20.1899 -1.1311 70
-0.998879 -0.475193 70
1.00814 1.19797 70
0.184237 -1.02891 70
0.494967 0.750151 70
-1.15821 -0.0804772 70
1.18491 0.0804268 70
0.0161683 1.1292 70
0.371417 -59.2635 70
-19.2838 -19.7251 70
1.21129 -1.3363 70
0.0750126 -10.9213 70
1.21875 1.38629 70
-0.841552 -9.97992 70
-9.12019 10.7369 70
20.0859 -1.27271 70
-0.616816 -10.8144 70
-8.88872 39.8591 70
0.669064 -20.6525 70
1.09412 1.3576 70
1.05827 1.41684 70
-1.34616 1.15609 70
1.14433 -1.45532 70
9.70274 -19.9316 70
-8.99072 0.666303 70
-10.937 9.10423 70
0.322161 -1.13267 70
-1.47449 11.1301 70
-8.95847 -10.4169 70
-8.7908 0.683494 70
-9.06007 -9.17168 70
-0.54004 -0.77325 70
10.5512 -49.9937 70
-20.0778 11.1002 70
-0.21185 -10.6136 70
0.451706 -9.81318 70
1.32452 -11.2456 70
-0.669901 -1.26482 70
-0.841159 9.86576 70
-1.41018 -9.91409 70
-11.4155 0.855204 70
-10.2064 0.27054 70
0.731564 -10.1287 70
0.717066 0.644864 70
1.44002 1.38082 70
-10.6169 10.8411 70
0.592033 -8.50764 70
8.57023 -10.1003 70
10.8309 31.0079 70
-30.1605 -20.0472 70
-8.81949 0.622578 70
1.28393 0.391353 70
-0.225239 -8.57383 70
-8.75914 0.646272 70
19.4126 -0.645394 70
-9.32422 0.648859 70
