0.794904 0.803997 70
-0.443483 0.785451 70
-10.566 -0.505029 70
0.873428 0.709548 70
0.676971 -8.68638 70
10.2162 8.76806 70
0.901994 11.2975 70
-1.27592 -0.650218 70
0.664991 1.07375 70
11.2164 -1.14281 70
-0.989535 1.29141 70
1.49268 0.974912 70
-0.747206 8.93405 70
1.00231 -1.40321 70
0.813837 -1.41958 70
-10.7621 20.1069 70
-18.6692 19.5317 70
0.06305 11.4743 70
-1.16065 9.10815 70
-10.4787 -0.342646 70
-0.119658 -9.20017 70
-1.48878 1.05141 70
0.573537 -1.13222 70
19.0454 -28.9846 70
-1.02349 9.09169 70
-9.97142 1.42798 70
8.83828 -29.9957 70
-11.1446 11.0043 70
-0.353737 0.171172 70
9.37687 -1.35667 70
0.0491069 -0.995513 70
-10.8307 -1.41373 70
-49.3362 20.8056 70
-0.206599 9.11089 70
-1.27646 1.11997 70
19.1626 19.0603 70
10.7145 -0.888117 70
0.447468 -1.24558 70
11.4835 21.4542 70
-10.0832 -1.42161 70
10.7012 -1.1522 70
-0.812191 -0.239153 70
11.3952 20.9828 70
-0.445728 10.9604 70
-8.63158 -0.074371 70
38.6145 9.65807 70
-0.424921 -0.206986 70
39.3482 20.736 70
-28.7815 70.5414 70
-8.51304 -18.7515 70
39.368 -40.8233 70
-9.55357 1.15053 70
-8.71007 -1.35167 70
-11.3172 20.7567 70
-9.46099 9.19712 70
-0.804847 -0.569809 70
-0.327095 -10.2116 70
0.45724 1.15497 70
0.968802 21.4905 70
9.78264 10.0954 70
11.1117 60.3407 70
-20.2517 0.571761 70
-109.089 41.1767 70
-0.614147 9.77785 70
-9.33856 19.4782 70
10.1797 -28.9786 70
31.007 28.9516 70
-19.6453 20.6648 70
0.767922 0.525394 70
10.8602 -10.8063 70
-0.483127 0.83079 70
-11.1535 21.3649 70
-1.13391 -1.36122 70
108.959 -18.7792 70
-0.448073 -0.777135 70
-0.245809 9.48718 70
0.521773 9.05548 70
-10.7198 10.6942 70
-11.155 20.5617 70
1.00424 -9.19957 70
1.20953 9.70082 70
9.71547 11.3983 70
-0.679772 10.1547 70
-0.269087 1.31157 70
-1.1992 -1.04105 70
1.09569 -0.40225 70
8.53975 -10.2999 70
0.997748 11.1907 70
0.442012 -1.47204 70
-1.03465 9.56086 70
-1.08395 11.0304 70
0.979337 0.926691 70
-10.9524 9.32636 70
0.152307 8.54114 70
18.6333 -9.07074 70
-0.141659 10.3108 70
9.5917 -0.405467 70
-0.47814 -0.537038 70
-0.694704 8.95596 70
-11.0617 0.0291951 70
-0.00847419 0.717664 70
-0.0898435 11.0227 70
-8.699 1.10303 70
-11.0009 10.1515 70
10.8546 18.7009 70
-1.25877 10.3887 70
11.038 -0.862218 70
0.198966 -0.623339 70
-11.1915 21.3782 70
-0.393179 9.52185 70
-9.65177 18.5017 70
-20.3706 0.110598 70
1.17431 0.654261 70
-21.2837 18.6835 70
-10.7875 -1.06413 70
-0.941192 10.9412 70
8.5843 -19.2509 70
-0.000112933 1.12837 70
-9.46122 -18.6547 70
0.396213 11.327 70
1.11278 20.1831 70
10.7568 10.2301 70
-0.62221 11.1139 70
-30.8989 19.6622 70
-0.0273161 -0.619917 70
20.9191 9.5606 70
-0.716181 9.01592 70
-8.86503 -20.7615 70
-11.2512 20.041 70
0.964432 20.7473 70
0.468471 -0.65893 70
1.21431 0.178075 70
0.523941 -11.1023 70
-19.9655 18.9702 70
-0.642885 9.15663 70
-29.8036 9.674 70
-10.8816 30.4965 70
-0.615196 19.7165 70
39.3805 -21.3228 70
-28.5546 21.1676 70
-0.500767 1.29682 70
-0.466591 40.7827 70
-11.2514 20.773 70
30.1772 -81.3843 70
-0.237945 0.537383 70
-0.175891 10.0135 70
0.544814 1.17273 70
0.849802 1.0212 70
20.914 10.0009 70
0.857456 31.139 70
0.20383 -1.42377 70
1.20023 -9.84813 70
0.568729 8.82563 70
0.889569 11.4492 70
-10.035 -0.443242 70
-0.109773 1.08265 70
-31.1666 -8.84022 70
-0.678081 8.81577 70
9.86345 -21.3549 70
-10.4899 10.7305 70
0.891223 -1.01999 70
1.24101 10.2857 70
-9.43601 9.34321 70
-61.1961 -0.803711 70
-19.0598 -9.654 70
-0.189195 10.7375 70
0.496276 -18.7143 70
-8.93091 -0.882692 70
0.214901 0.809846 70
-1.29345 11.2282 70
-0.92925 1.48867 70
-9.37952 -1.46732 70
-0.71663 11.4135 70
-8.79495 -1.43646 70
10.0638 9.95533 70
50.1849 29.7438 70
-1.47297 11.3893 70
-18.557 21.3335 70
-0.00247881 20.9819 70
20.6177 -9.46065 70
1.00134 0.642114 70
-1.37132 -0.123449 70
-1.08668 8.59607 70
59.6222 50.2355 70
-10.116 18.7509 70
-10.7622 10.0528 70
-11.4746 10.9675 70
0.913376 10.5836 70
0.191073 10.5855 70
38.5521 9.2471 70
40.5758 10.2416 70
-9.34033 11.2659 70
-10.7997 -0.768892 70
0.301551 10.4926 70
30.52 -19.5798 70
-0.125408 10.0704 70
0.278038 10.3999 70
-20.1284 -0.082998 70
-0.120073 9.96623 70
-0.451507 0.216048 70
-0.523121 0.106371 70
-9.47003 19.65 70
-8.65952 -9.5898 70
-28.6821 -9.53486 70
1.21701 9.70054 70
-9.59998 38.9356 70
-8.98466 1.32555 70
0.995967 9.47812 70
-1.22423 1.08517 70
0.634091 8.85351 70
-1.01229 10.102 70
-1.15265 11.2508 70
1.17764 11.3699 70
-9.59869 19.6583 70
-10.256 -1.47874 70
0.0339153 1.46255 70
1.27678 9.64991 70
-11.2745 -19.1834 70
0.613195 10.6984 70
0.0949137 11.4848 70
21.4496 11.2432 70
29.0846 10.7865 70
0.847348 -0.208445 70
0.499515 9.17513 70
-1.33357 11.0192 70
0.983824 0.894171 70
1.2084 9.18258 70
-0.0852926 8.83404 70
-0.829484 9.6894 70
11.1544 -9.72256 70
-1.0366 -39.4766 70
-8.8317 -1.04872 70
-10.5927 -9.41367 70
10.454 -1.01035 70
19.9448 -9.79386 70
1.30848 9.26577 70
0.966591 11.1889 70
0.265919 -21.3422 70
-0.107962 0.289668 70
1.42823 0.0218834 70
-0.907813 9.77563 70
0.659873 30.8846 70
9.85133 20.5389 70
-8.71561 -0.0416964 70
20.7564 30.816 70
1.40412 0.134156 70
-10.2991 31.1002 70
-39.7736 -29.2989 70
-0.602576 -1.43659 70
-11.3058 -20.2906 70
-11.3072 9.9847 70
19.4093 -9.22854 70
1.13078 11.0357 70
1.23618 11.0523 70
-1.11185 -1.432 70
-1.26665 -0.277275 70
-0.840008 -10.0757 70
0.758986 -0.380271 70
10.1585 -10.7135 70
-0.967449 0.897501 70
-1.01331 -0.960798 70
21.4282 -50.5204 70
-0.555125 1.38273 70
-1.02982 49.425 70
9.87399 11.2878 70
-11.0485 20.5645 70
-0.441944 0.0879618 70
0.854502 9.82603 70
-0.871859 -19.442 70
9.92676 10.1773 70
-1.09856 -0.230096 70
-1.08655 0.828581 70
-11.3885 10.6362 70
1.24063 9.72352 70
-0.00622723 10.3637 70
0.44813 -0.635332 70
0.340868 0.520189 70
-10.4068 8.69305 70
0.159661 11.0446 70
1.23012 9.22685 70
0.481724 1.40943 70
-0.648684 9.18784 70
0.865635 -10.301 70
-29.8524 19.7339 70
-1.24299 1.2369 70
-0.415063 10.3393 70
0.127977 29.1884 70
-18.5454 19.2472 70
-19.1437 21.0359 70
-0.415032 0.401378 70
19.7057 10.092 70
-9.78286 21.4746 70
-0.295506 -0.586769 70
0.236577 -0.116655 70
48.8773 8.71367 70
49.8679 10.0004 70
-9.31633 10.5718 70
1.44065 9.29958 70
0.561473 11.0003 70
-0.0853046 -0.687721 70
-0.241049 9.93655 70
-0.897422 1.02983 70
0.00492724 -0.177624 70
-19.0569 -10.0916 70
-0.0255417 0.622379 70
-0.874167 10.6742 70
21.4157 -10.9969 70
-10.0222 -10.9868 70
-1.05183 11.2308 70
-0.425477 11.3591 70
0.499731 8.6713 70
-9.33102 20.3674 70
-10.3433 18.6778 70
0.442746 0.193321 70
-39.5662 8.63412 70
-0.355117 -0.296281 70
1.07916 9.40207 70
-28.93 11.1868 70
0.209257 -1.13909 70
-1.43893 -0.626258 70
20.7461 31.1808 70
0.775635 10.9339 70
-10.6672 10.0676 70
9.71845 10.0657 70
-10.4969 0.279576 70
10.4719 -18.5712 70
-1.32094 -1.35722 70
18.8671 -9.19941 70
-9.54554 -11.4545 70
-0.363182 19.3829 70
-0.356609 18.903 70
-8.5265 -0.880466 70
0.319572 1.30118 70
0.968319 0.539251 70
41.4892 29.2246 70
9.28234 1.26982 70
-9.36275 9.32518 70
0.455615 11.2689 70
-0.431691 9.71968 70
1.25944 -19.5357 70
9.45525 11.0423 70
0.0602372 -0.763939 70
-30.3561 -39.8752 70
-1.16717 0.959448 70
-0.404998 10.398 70
-20.1942 10.4505 70
-1.19322 -0.57558 70
0.641402 0.034868 70
8.77514 11.4336 70
10.3935 10.0882 70
-39.0254 -1.10828 70
-11.0766 -1.38672 70
-0.968082 0.740974 70
1.19321 11.3199 70
0.7004 9.79522 70
0.90917 1.39814 70
-18.9344 0.00725129 70
11.0882 11.2405 70
0.451894 -0.271101 70
11.2987 11.1979 70
1.36454 9.48606 70
-20.8706 8.79124 70
9.74603 -10.9388 70
9.21676 10.6543 70
-1.45771 -1.02205 70
9.35857 -0.473942 70
-9.98152 -0.132338 70
-9.39086 39.2649 70
1.23366 10.8824 70
-0.355763 10.1179 70
0.645473 1.24347 70
0.116955 31.0928 70
8.8124 10.416 70
0.833626 9.25311 70
-8.85503 -9.95081 70
20.4905 39.6177 70
-1.20647 -1.36002 70
40.8127 0.63402 70
8.82737 0.970961 70
0.652164 0.813004 70
0.377344 9.2665 70
-11.0994 8.84528 70
-29.3337 9.64057 70
0.561471 9.76359 70
-1.24038 9.51055 70
-10.9649 -0.219553 70
19.5028 9.18612 70
0.985177 -1.39728 70
20.9726 1.43935 70
-0.201159 9.67211 70
-0.133247 11.4857 70
-10.9446 10.4924 70
8.68168 29.5562 70
0.765734 0.247158 70
19.4363 9.70034 70
58.7741 -120.386 70
-10.5441 -8.53041 70
-11.1629 -1.36485 70
10.498 29.3016 70
-0.985601 -0.957694 70
0.747817 -1.36349 70
0.876709 9.8943 70
0.814543 9.61326 70
-58.6164 -69.1006 70
-10.6691 -70.2653 70
-0.476699 -0.837617 70
20.9741 90.5628 70
-9.12761 -0.766529 70
-11.4214 -0.590507 70
-0.83636 1.39423 70
-1.04692 -1.29983 70
-0.416402 1.09408 70
-10.5969 -1.20607 70
-8.86721 0.358713 70
1.21655 10.0698 70
10.0611 -0.733578 70
-29.4637 -0.862857 70
1.22323 18.8136 70
-81.0774 71.1809 70
-19.6087 20.992 70
-9.4566 -0.904371 70
1.02766 -0.780472 70
-11.0155 9.69204 70
-0.729186 -1.25337 70
-9.2445 0.234719 70
-10.5013 1.22476 70
11.1495 29.6548 70
8.59132 30.2483 70
-0.605 9.19747 70
9.69132 10.8549 70
-11.2751 8.64901 70
-19.1172 11.3447 70
19.1141 0.511035 70
0.153234 0.479318 70
-1.09681 -0.0393681 70
10.752 0.83409 70
0.690717 -0.767463 70
0.343001 9.08444 70
10.7823 -9.93612 70
10.7105 0.0237796 70
-21.2467 19.3628 70
10.4601 38.9345 70
0.257795 0.0479447 70
-50.4754 70.3999 70
-49.9793 68.9702 70
-90.7282 -90.206 70
-9.3412 1.43006 70
-19.8532 19.0117 70
0.557898 0.379708 70
9.79605 0.0228553 70
0.89167 9.1449 70
-1.09394 10.3313 70
9.82231 0.597038 70
-9.51801 -9.61711 70
0.949426 20.6112 70
9.04896 9.43225 70
30.0722 9.48984 70
1.24187 -0.783147 70
-0.706878 1.44202 70
-9.57786 0.948547 70
-9.9918 -31.1226 70
-1.0007 9.55046 70
1.32305 0.540279 70
-10.0101 0.198661 70
10.6278 29.8814 70
-10.8689 11.3754 70
-0.519649 9.22814 70
-8.7869 11.0465 70
1.13328 8.51003 70
1.42328 19.1031 70
-1.05702 -10.3644 70
19.2605 -20.8384 70
-19.6207 28.5716 70
-0.98768 20.8708 70
10.3869 0.477446 70
-1.17168 -0.585749 70
0.777934 0.299919 70
-9.76479 -1.25638 70
-18.7339 -10.3069 70
19.0239 -9.61112 70
1.25844 -0.264969 70
20.5704 9.11873 70
-0.89158 11.1244 70
-1.33512 9.65727 70
-1.06866 8.68974 70
-8.73217 10.9482 70
-18.5118 81.0979 70
8.68615 -9.09377 70
-8.96354 11.4996 70
-9.22333 -21.3486 70
0.762587 0.739048 70
9.2118 21.4443 70
-19.2544 8.53215 70
-1.31305 -0.57627 70
0.425461 9.01802 70
0.372883 -9.83325 70
10.6035 1.12602 70
0.491791 1.32657 70
9.00958 0.429444 70
-20.7939 -0.136118 70
-0.386963 10.806 70
-8.9437 18.9712 70
29.1974 40.0027 70
0.898298 -0.456074 70
-0.751412 -0.650611 70
-0.801818 9.67702 70
-0.0579768 -0.0780901 70
0.10871 -0.485654 70
-11.0927 11.3374 70
-0.850143 20.8577 70
-11.2867 0.554668 70
-10.6804 -1.46716 70
-9.58703 1.44246 70
-9.77099 -1.45494 70
-29.4473 28.6397 70
-0.679484 10.0067 70
-9.94269 -20.6841 70
1.42382 0.562327 70
0.341847 9.68397 70
9.32972 -20.4099 70
9.153 0.852984 70
1.20055 1.00767 70
31.0655 -40.6489 70
29.2054 -9.64733 70
9.47967 -10.1389 70
-11.1653 9.76337 70
-10.3781 9.91301 70
39.6047 70.2289 70
-1.1803 0.153142 70
-19.9149 -8.90649 70
10.9318 -0.361399 70
11.4154 -1.43509 70
-0.776278 11.246 70
-1.03873 0.94056 70
1.43187 0.242373 70
-49.7121 -41.2173 70
-1.25824 0.561196 70
0.862186 11.2336 70
-0.572275 11.0576 70
-1.09812 9.04321 70
-10.1795 10.0075 70
10.3057 19.2294 70
1.0518 9.25959 70
10.0743 20.0309 70
-0.43906 0.731392 70
-9.86913 9.59237 70
8.90685 8.77534 70
-0.631457 9.74828 70
-0.544272 9.56947 70
19.6158 -48.821 70
-8.91183 -9.93552 70
0.661167 8.8808 70
-0.721377 9.4448 70
-1.3021 11.0427 70
0.538707 20.5297 70
20.7249 -9.0329 70
19.3029 -8.95484 70
-10.4286 0.0853721 70
-11.2429 -0.331341 70
-0.768815 -1.39068 70
-0.898313 10.2743 70
0.365637 11.2986 70
-30.6133 10.7177 70
0.997419 -0.905046 70
1.23926 11.3486 70
-0.509 0.969721 70
0.116927 -1.41988 70
-0.156668 -1.34277 70
0.731182 8.92335 70
-19.8896 20.4453 70
-0.743564 1.36564 70
-9.22703 11.0547 70
-11.3817 41.3027 70
-8.59077 -21.0907 70
-40.6905 20.1956 70
-10.7209 -0.266241 70
-1.30886 -1.24419 70
-69.577 0.406535 70
0.541281 11.1002 70
9.48823 -9.55021 70
-1.26201 0.852947 70
8.63673 -1.06554 70
0.906679 -0.617859 70
0.615419 -1.31673 70
-1.00776 -1.47749 70
-10.5556 -0.91716 70
0.209263 1.12369 70
-10.8822 9.05476 70
-1.37788 10.8897 70
-9.76071 8.78332 70
-11.4454 9.20796 70
0.937432 0.680494 70
41.0376 -19.2619 70
-60.2933 -39.5391 70
1.16686 1.04314 70
41.2081 28.5281 70
-0.858841 0.908363 70
-0.649048 0.86639 70
19.2115 10.1539 70
21.267 10.617 70
19.1895 -0.105223 70
-0.613379 -11.4719 70
0.612434 -19.5118 70
21.4048 20.5085 70
-1.30035 21.0853 70
-0.156397 0.0477755 70
40.2916 -19.7798 70
-0.854435 -10.3437 70
10.6874 -11.3448 70
-1.17443 9.94133 70
10.6781 9.63123 70
-9.87937 9.0755 70
10.6951 -0.454261 70
-1.23862 1.45933 70
-29.4345 0.756612 70
-0.159087 11.4305 70
28.9991 10.7063 70
-1.48284 -1.00551 70
-0.247245 11.0549 70
-9.15291 -20.089 70
-0.978177 0.135768 70
-0.769818 9.84506 70
0.495015 9.56352 70
19.4518 18.9273 70
0.0828404 10.5938 70
-0.71381 9.93549 70
0.792168 -0.400987 70
8.64137 10.0558 70
-0.101126 0.762623 70
-28.9501 1.45516 70
-59.6431 0.642235 70
-109.531 -79.3678 70
20.0971 -9.19795 70
1.33741 10.996 70
0.629582 1.45205 70
0.218152 11.2802 70
20.321 -11.405 70
0.0586763 10.1768 70
-21.1685 -9.79278 70
0.693595 19.1972 70
0.494648 9.41477 70
-8.6785 -0.11511 70
0.654551 1.45996 70
-0.356919 9.31891 70
9.44776 19.6396 70
0.719504 1.39989 70
9.07965 10.746 70
11.3915 -0.669144 70
-8.65508 -9.91993 70
40.8896 -19.8732 70
-0.0523853 -0.385722 70
-0.730975 -1.05107 70
0.367133 0.198126 70
9.77455 1.23923 70
1.45229 0.245717 70
-0.0673232 -1.12918 70
1.32234 9.34538 70
-20.3837 10.5369 70
89.715 40.8759 70
9.72853 9.91436 70
-10.0438 -31.2521 70
-9.33688 -31.0116 70
-0.156223 9.92882 70
-1.42744 10.5886 70
-11.1787 61.0645 70
-10.5991 -40.7276 70
-9.51274 -39.8853 70
9.03361 11.0152 70
9.65791 9.1592 70
21.404 10.6818 70
-10.8316 1.04515 70
8.74647 -10.6088 70
31.4999 11.2447 70
28.5375 -1.11598 70
100.134 19.1721 70
0.668677 0.183834 70
-0.880111 10.6919 70
1.29343 -0.194323 70
-21.281 10.8718 70
-19.8888 10.5191 70
29.4536 9.66923 70
0.786232 -0.444779 70
49.5619 11.0039 70
-9.40132 9.00965 70
0.459063 -0.0690177 70
21.4391 -1.39259 70
-0.770428 -21.3491 70
8.94889 -0.282027 70
9.48545 9.44465 70
-11.2846 -38.8504 70
-0.959247 8.88254 70
0.313129 0.0414226 70
-1.46303 0.998425 70
9.01014 71.4642 70
-19.8535 0.0480206 70
1.00215 1.3519 70
-8.67805 -1.33619 70
-111.458 20.0112 70
1.25418 18.977 70
1.23375 -19.1442 70
-1.29602 -20.4274 70
-0.0769151 11.4156 70
-21.245 -10.5977 70
0.590426 11.4076 70
-0.525362 -19.1666 70
0.378314 -10.3273 70
0.751007 -11.4485 70
-9.18506 -19.9785 70
19.4967 30.9966 70
-9.8914 0.0246456 70
10.8233 9.52441 70
20.0176 19.3766 70
-1.24309 0.0208811 70
