8.96724 10.8653 70
0.203607 -0.359008 70
10.1298 -10.2736 70
0.765186 9.20371 70
39.2887 -120.78 70
59.5373 -50.896 70
1.39846 1.30332 70
1.24078 20.31 70
-58.6178 -31.1259 70
0.360617 -0.991985 70
50.9646 100.583 70
41.3256 21.2164 70
10.2747 -9.36094 70
-50.9034 40.1082 70
20.8035 0.200821 70
9.03056 -10.0264 70
-0.386059 -1.19256 70
-1.36547 0.299447 70
11.157 -0.0376279 70
-11.1936 -0.731333 70
-1.23401 -1.18992 70
9.76924 -1.18488 70
111.3 20.5074 70
10.9115 0.235501 70
0.597832 -0.497159 70
8.60765 0.838189 70
-20.0859 61.4314 70
-10.3038 -8.63786 70
10.8582 -0.64189 70
11.137 10.0908 70
18.5804 19.1429 70
-0.534419 10.9861 70
19.2963 -49.4258 70
10.2073 0.566709 70
10.1447 -1.4436 70
-29.9421 -8.96214 70
0.371093 1.4406 70
19.0334 0.415052 70
9.81146 9.81863 70
30.4371 -0.233416 70
10.4013 -1.11835 70
-0.361678 10.241 70
-0.047616 -0.881398 70
8.94888 0.0862793 70
9.54125 -0.343293 70
9.36174 -0.991593 70
-8.57566 8.58107 70
-0.210997 -0.418685 70
19.6292 -0.441706 70
19.6262 0.456353 70
1.44788 -0.113529 70
0.142132 -9.6176 70
-11.0718 8.94389 70
0.742632 8.80186 70
19.7854 1.11441 70
10.1688 -0.935185 70
9.83774 20.9045 70
10.8271 0.290921 70
21.0091 -10.2531 70
-0.036693 0.0933138 70
9.95649 0.234649 70
-0.6477 0.0930402 70
-0.414428 10.354 70
121.243 -68.9113 70
21.2789 31.1225 70
9.2819 -0.635496 70
-1.41061 -0.795515 70
9.22669 9.99772 70
9.8027 10.3762 70
9.12158 0.492324 70
-1.35824 -0.545765 70
-11.4291 -8.62427 70
-9.85684 21.371 70
-21.2515 19.915 70
0.734337 -1.31136 70
19.8065 -10.5505 70
10.0267 9.63582 70
11.1659 21.3175 70
1.18097 -10.5022 70
0.371972 -10.2312 70
19.6004 0.648627 70
8.75289 20.2537 70
9.08262 -0.740224 70
-1.04741 11.2759 70
10.3624 -20.358 70
-19.7374 -10.6266 70
-0.416643 -10.6623 70
18.978 -21.4169 70
10.1049 11.1246 70
30.7176 30.2977 70
0.568522 -0.115732 70
9.19493 0.566194 70
0.491389 19.1077 70
-30.6883 -90.8482 70
10.8791 21.2045 70
10.2161 0.679792 70
10.918 0.505141 70
9.48498 0.059272 70
-0.311973 -20.3468 70
0.158423 0.27579 70
-0.739622 -11.4694 70
0.367441 21.2046 70
8.60389 1.19231 70
8.50583 9.38808 70
10.3494 10.6464 70
8.64474 1.23005 70
-10.0255 -31.0823 70
11.2256 -1.16369 70
-10.4138 20.3002 70
10.0416 -10.9348 70
0.00383971 9.05476 70
1.19914 1.43237 70
10.2661 0.192499 70
9.09542 -0.192326 70
0.94099 -0.931181 70
11.0798 19.1149 70
-1.11705 0.227512 70
21.3054 19.5268 70
8.52098 8.74347 70
0.474946 -0.21949 70
-0.426553 -9.02454 70
49.0544 -9.66009 70
1.31651 1.13969 70
-1.00579 -1.30296 70
0.590892 9.41382 70
-1.28604 0.785712 70
-0.127353 -0.123113 70
-21.4629 1.43588 70
9.01936 8.74328 70
11.3572 -19.6693 70
58.9782 78.6696 70
0.805777 10.1143 70
0.149196 10.8452 70
11.1971 -9.73336 70
18.8745 9.2764 70
29.2813 -10.6065 70
-19.7169 -18.567 70
-19.2652 -18.942 70
-18.9121 -20.552 70
19.8006 -0.459118 70
0.845976 0.127452 70
-80.5599 29.8801 70
8.56751 -0.392986 70
-0.3708 -11.2982 70
10.3294 9.59281 70
-11.4388 0.63636 70
9.75671 0.00925038 70
10.5766 11.0151 70
-11.484 10.0498 70
0.537769 1.34392 70
-1.07167 0.418798 70
-9.69244 -0.459462 70
-20.1487 69.1467 70
-31.0954 -11.4145 70
20.318 8.88305 70
-0.473734 30.8386 70
0.895759 -19.7336 70
10.6783 0.366561 70
29.485 -21.3762 70
10.367 10.9338 70
10.5686 1.40069 70
8.54565 -11.3434 70
-0.337319 -0.0534618 70
8.90186 -1.01557 70
39.4671 30.1753 70
11.1932 -8.62613 70
10.2133 1.34029 70
10.2535 -0.890296 70
-10.5815 21.4041 70
-9.07584 21.2214 70
8.58708 -19.332 70
-10.1126 9.07728 70
50.4336 21.2345 70
1.41305 -0.452203 70
9.45643 1.0577 70
40.7725 29.027 70
1.06569 0.226636 70
-1.193 0.769523 70
-0.800846 0.722913 70
0.614205 -10.7544 70
-1.00498 -10.2659 70
18.8791 -0.568541 70
19.1983 -69.9637 70
-0.277857 0.530291 70
-0.241706 0.396626 70
1.19837 8.66964 70
0.57709 1.33371 70
0.51121 0.0108584 70
21.4292 10.3972 70
8.60135 11.0544 70
-0.716028 -1.38177 70
-20.9238 50.1715 70
-0.123279 11.0083 70
0.867178 -0.322165 70
29.4312 20.7666 70
9.23487 -8.60597 70
1.14832 0.510914 70
-1.04088 0.229534 70
10.3304 1.03483 70
-0.0275786 -1.34731 70
-11.2261 -10.3652 70
10.0915 -9.21853 70
8.95656 -0.785716 70
-9.79569 -10.9395 70
-0.983236 -0.848953 70
19.6938 0.120576 70
9.48218 -0.714306 70
9.98762 1.25921 70
19.8593 -9.48856 70
1.21954 19.3346 70
10.0825 9.80692 70
-20.2066 -11.0887 70
-0.0886894 -28.7538 70
0.476607 10.2638 70
0.0542496 10.23 70
-21.2487 0.817121 70
0.453725 -11.1693 70
-11.4883 -20.0792 70
-1.48329 -0.681585 70
-31.3228 -8.65036 70
-0.376497 -0.073237 70
-1.35675 1.32794 70
0.891166 -0.391361 70
-0.17981 -0.308711 70
1.16163 9.38474 70
-10.3733 9.64629 70
30.8028 -11.3601 70
-11.3886 8.77199 70
19.7325 -10.7144 70
9.55269 -0.502998 70
1.2215 9.55481 70
0.78695 -0.750079 70
0.0651547 -11.0148 70
-0.126286 0.927133 70
9.82991 9.93676 70
48.5986 121.289 70
-1.08322 -1.0968 70
-0.0197678 -1.21237 70
18.5128 0.757776 70
70.9397 19.8835 70
0.547173 0.242199 70
1.0068 -0.288224 70
11.1444 0.996184 70
9.81517 70.5956 70
0.317638 -11.0533 70
-0.100761 -10.63 70
10.7862 1.15068 70
10.656 19.3438 70
9.9783 19.4057 70
19.4329 10.3546 70
9.10646 -0.195476 70
-0.864434 10.5236 70
8.536 -0.248978 70
10.4356 -0.879036 70
8.63552 -19.8208 70
11.2794 40.7464 70
1.00161 -0.611549 70
19.6265 0.553088 70
8.53918 21.142 70
-0.385825 -0.0157926 70
19.1698 -1.15378 70
19.0244 -0.212507 70
19.5239 18.9735 70
1.47831 20.7671 70
10.7238 30.0475 70
11.0844 30.6641 70
-1.46584 0.400097 70
-20.8517 9.93444 70
-0.205786 -0.450701 70
-0.948706 11.4071 70
10.3935 30.5662 70
-1.03715 -0.386219 70
-29.7429 29.9596 70
-0.916493 -9.25688 70
9.79657 8.62732 70
20.7788 0.930539 70
-31.4369 -50.2509 70
8.67739 28.9865 70
10.4008 -0.477119 70
9.18536 -1.04193 70
-0.327602 1.1407 70
-0.814071 -1.07402 70
11.4405 0.915837 70
11.3317 10.8272 70
0.971995 0.919395 70
1.06893 -0.192324 70
-11.476 0.720648 70
-8.98891 0.107469 70
-9.44736 11.0059 70
-1.45992 -0.255405 70
10.2926 0.972146 70
-10.0731 8.86815 70
-0.52634 -0.924972 70
-0.0846006 -0.274839 70
9.08412 10.3604 70
-9.50567 0.0209236 70
-0.068489 1.19737 70
0.104964 0.912783 70
18.6402 -0.0775675 70
9.00522 0.717307 70
0.398228 9.60388 70
-1.3035 8.66348 70
0.267105 0.412875 70
0.344636 10.9141 70
10.0453 -0.708635 70
-0.909531 -0.0855731 70
10.7204 11.1412 70
-20.1728 20.364 70
0.163255 -9.49896 70
0.641708 -9.51439 70
-80.8723 -101.408 70
20.5745 -9.47091 70
1.34499 -9.8445 70
10.3319 0.560555 70
0.166655 9.25844 70
9.99946 19.2628 70
8.95849 19.8844 70
11.156 -1.45321 70
-11.2638 -1.40988 70
1.33476 10.1738 70
-0.49006 0.164778 70
0.871026 0.149601 70
19.4426 -11.0365 70
-0.293376 -1.48717 70
31.3353 -18.9476 70
-20.7147 20.1278 70
-11.4734 -10.322 70
8.80886 20.5991 70
-9.5618 0.00857067 70
9.95035 1.10097 70
0.0489705 1.21604 70
-19.3615 -9.84563 70
9.32768 9.89656 70
-0.684178 -21.4175 70
10.9549 -0.668724 70
30.2722 88.9379 70
30.114 88.8761 70
9.00648 -1.40974 70
-20.7038 9.30213 70
10.3855 29.4215 70
10.0681 30.0138 70
1.27603 0.859874 70
40.7954 -9.21801 70
10.1632 1.23709 70
8.54693 -19.5361 70
10.7155 -20.734 70
-10.9248 0.587293 70
1.14388 -9.37142 70
10.2142 1.31171 70
10.8149 -0.553201 70
-21.463 9.66704 70
10.562 8.79419 70
-0.77215 -1.27228 70
-0.486067 -1.22013 70
11.0335 10.3116 70
0.315394 -0.0767035 70
-11.0762 19.1973 70
0.719768 -0.589455 70
-20.7133 -10.0475 70
-58.5804 58.9133 70
-10.8966 18.9507 70
-0.660122 20.8078 70
-0.0766966 9.89365 70
-1.32356 10.9167 70
-49.7311 79.6715 70
30.952 19.0244 70
9.6937 -9.373 70
-0.632634 -1.17229 70
21.4663 8.85609 70
-11.4789 0.572859 70
9.39893 11.4837 70
70.4887 11.1367 70
9.22522 9.7733 70
-1.10875 8.77474 70
10.3269 0.814332 70
0.437815 -9.35058 70
9.44064 0.886676 70
9.3475 10.7372 70
-10.5714 1.04859 70
-9.34451 -0.267329 70
28.7999 -29.3336 70
50.8427 -39.8544 70
-1.18614 -0.419244 70
9.77746 11.3139 70
10.8081 0.0497918 70
21.0325 -18.8996 70
21.4777 -19.6461 70
-0.339601 -0.290243 70
-18.5342 30.8905 70
-0.501374 11.2774 70
0.248448 -0.186238 70
21.2032 10.3443 70
10.727 -0.826229 70
10.9016 9.37026 70
11.3858 -1.23403 70
-0.293539 -11.4038 70
-0.30765 -0.930501 70
9.06835 -0.94415 70
-0.813541 0.132873 70
-11.3618 -1.29989 70
-1.23785 -1.32768 70
-0.202843 -1.12886 70
30.1992 0.776787 70
110.298 -101.395 70
10.2046 11.4417 70
9.79202 10.9392 70
8.54493 10.3627 70
11.1434 -0.428348 70
-1.28372 -1.42133 70
-9.81642 11.232 70
0.121203 20.0315 70
-11.223 -11.2409 70
-0.592221 10.5096 70
10.2252 0.205086 70
9.60995 -0.470786 70
-9.1525 31.1921 70
1.25601 18.5033 70
8.79889 -0.570114 70
-0.160664 -20.7877 70
31.3797 -20.6907 70
10.1815 0.656085 70
20.3338 -9.27352 70
-10.9671 30.6907 70
-20.3415 0.400214 70
0.563698 0.962547 70
0.249591 -0.0808544 70
-10.5751 40.7353 70
0.801546 -0.543304 70
-0.879337 -0.849689 70
-8.80054 -11.1699 70
20.4298 0.229131 70
-0.751233 9.39828 70
28.9275 0.216774 70
11.1415 -1.17739 70
-50.6539 -0.0513177 70
-1.06263 8.93453 70
19.9734 11.3578 70
1.19697 -9.60034 70
-0.745163 -19.2952 70
18.9442 11.3708 70
9.89743 10.2101 70
9.03532 0.354375 70
20.1857 19.7687 70
20.7621 0.910147 70
-11.0674 -8.91828 70
-0.827882 0.171764 70
0.266651 1.48855 70
0.497723 20.6241 70
48.8878 58.9142 70
10.3484 -0.785598 70
1.45723 30.1169 70
9.12537 -0.18606 70
0.0171949 -10.6972 70
10.0955 0.772911 70
20.4858 9.40403 70
9.57745 0.255734 70
18.5306 -59.441 70
10.9549 9.19094 70
-8.54447 1.36567 70
1.43083 -9.57389 70
-0.216372 9.96885 70
-1.10494 11.3965 70
19.0542 -0.889025 70
-0.430095 1.05317 70
9.96608 0.360829 70
8.56298 -0.806433 70
10.0427 1.41732 70
-0.830025 -0.605031 70
1.33528 9.27957 70
0.431364 19.1234 70
-59.9785 71.1389 70
0.243023 0.796648 70
-0.842176 1.48619 70
0.246756 -0.225948 70
30.0136 -19.3536 70
-0.671919 -1.09362 70
-1.08203 0.315184 70
9.87356 10.4278 70
10.6369 20.7597 70
1.16877 0.700347 70
10.1255 10.57 70
1.09343 9.93837 70
10.8828 -0.955676 70
0.0121567 -48.9101 70
0.390532 10.908 70
-1.07977 0.172543 70
10.9536 0.491404 70
0.090693 21.1678 70
0.0946792 -1.1786 70
118.935 -19.4763 70
0.690669 -29.4274 70
-1.08513 -0.338052 70
-9.2909 10.3799 70
-19.3159 1.0225 70
-9.14894 -8.55973 70
-0.651631 9.77538 70
0.59359 20.2697 70
0.90094 10.7526 70
10.8011 10.2307 70
-20.6927 -9.29335 70
10.8437 8.62368 70
10.181 11.4237 70
8.67203 11.3574 70
-11.2238 -1.45773 70
-88.7945 -59.6595 70
11.1209 -0.702018 70
8.84155 19.1954 70
10.1524 -0.410265 70
9.06012 -1.28505 70
0.84485 -1.27252 70
-1.28976 10.5679 70
-0.456015 10.584 70
-0.342574 -10.5926 70
20.8373 -8.7752 70
10.3569 -0.958493 70
11.3434 9.16097 70
-1.37379 -0.43597 70
9.87631 -0.221932 70
-9.01578 -9.25849 70
51.3558 9.509 70
8.99877 9.53555 70
10.2672 0.648512 70
-9.06222 -0.0671427 70
-9.03962 -0.00221228 70
0.473815 -20.1847 70
-70.7885 -39.9378 70
1.09608 -1.02 70
-1.45262 1.35942 70
19.5506 -10.0918 70
1.07265 0.226537 70
18.9066 -49.1431 70
11.391 0.869835 70
11.3514 -0.375659 70
8.89156 -0.672113 70
9.11239 -0.0201372 70
-0.23572 10.5756 70
-0.488505 10.711 70
-0.0127387 0.886196 70
1.13134 0.692062 70
-30.5799 19.3679 70
19.1584 9.20038 70
-8.61115 1.27459 70
-9.89977 -29.1969 70
28.902 -1.06422 70
10.9726 0.233185 70
-8.77808 -9.61475 70
0.169189 18.5788 70
-8.99998 31.2563 70
10.7804 0.474887 70
10.4865 1.09328 70
0.223504 -1.35784 70
41.4889 -39.6772 70
0.339637 0.969695 70
29.8456 18.6341 70
11.358 -10.4415 70
-1.24785 -8.99144 70
10.7047 8.86509 70
11.0953 1.42378 70
1.48869 11.4328 70
61.3845 0.194034 70
1.38306 0.711679 70
11.4162 0.178257 70
1.17835 0.187505 70
-1.32439 -0.06024 70
0.0102614 1.16913 70
-0.316676 -0.461384 70
9.88853 -10.6795 70
0.988624 -1.09178 70
-0.691119 -0.0106457 70
9.38393 -9.71254 70
-9.35681 -1.26464 70
0.333943 0.0901354 70
10.0351 -9.53687 70
11.0843 9.59853 70
-1.08706 0.310309 70
119.353 -90.2523 70
-0.530732 1.3995 70
-0.862571 29.5888 70
10.3104 0.747199 70
-0.990183 0.476406 70
-1.38788 0.198007 70
10.6597 0.083147 70
-10.7986 0.950292 70
-0.216033 9.50395 70
0.770731 1.11987 70
8.74441 -0.636825 70
-29.211 -10.4524 70
-20.8367 10.0063 70
10.347 0.7263 70
0.0130137 -8.66511 70
-1.00443 -0.564687 70
-20.6937 10.6781 70
-0.432502 0.394982 70
9.58585 -1.24399 70
-11.1361 48.7664 70
0.351529 -19.5666 70
-1.20374 -18.5138 70
10.9317 8.52681 70
0.553687 0.24082 70
-1.13056 -1.01213 70
19.2136 -101.457 70
0.701444 -0.805537 70
-1.24644 -0.945964 70
1.48659 -0.3445 70
39.4444 1.06774 70
-1.2737 11.4768 70
-1.17599 0.639983 70
50.6811 -50.1251 70
11.3034 0.598663 70
9.27478 11.2303 70
9.41209 1.48936 70
20.2254 -9.25887 70
-68.5045 11.4456 70
-0.893454 8.65598 70
-8.5064 10.4824 70
0.0545566 -1.4889 70
-10.017 9.94599 70
38.5106 0.693854 70
0.839416 0.225944 70
-1.04904 0.274833 70
-0.92855 1.16669 70
-1.26368 0.768933 70
1.49913 -1.48435 70
8.97645 11.0694 70
-0.287159 -0.332145 70
-0.981022 1.44656 70
0.85397 9.38272 70
0.476569 -1.16932 70
8.79282 10.6598 70
9.92564 -0.317632 70
-0.548044 -1.41418 70
10.6215 11.1366 70
8.64013 -9.18665 70
-1.40454 0.0293184 70
-10.7646 9.22386 70
9.41419 -9.38401 70
1.4705 0.0358269 70
-18.79 0.0463902 70
10.0584 -1.38444 70
-1.09419 0.858613 70
1.44004 -1.04676 70
10.3116 8.65983 70
-10.8777 1.47367 70
-10.2985 30.7761 70
-0.444577 -8.94743 70
9.17898 0.980146 70
10.7532 40.2644 70
8.96874 -1.46395 70
-11.3202 -9.71387 70
-0.222306 10.1384 70
10.5607 9.7511 70
0.709264 -10.318 70
8.83144 1.06142 70
8.7337 1.11905 70
8.87036 0.292713 70
28.6209 -18.9125 70
-9.54852 0.750166 70
0.20328 19.5536 70
1.01863 -0.433686 70
0.246906 1.48688 70
8.82119 -20.4921 70
-0.71506 0.519784 70
-8.80662 9.44596 70
11.028 49.5627 70
1.09409 -1.03557 70
1.15701 -0.0206966 70
-0.920015 0.872161 70
1.20923 18.6968 70
20.2381 9.41458 70
19.2926 9.61444 70
9.77528 10.8984 70
9.10463 48.7099 70
0.456948 9.12182 70
-0.45224 19.314 70
11.0799 9.3768 70
8.79038 11.2712 70
-0.834242 -1.36722 70
1.36025 0.819859 70
9.35799 -10.6193 70
-0.472679 -0.199327 70
-0.349026 18.6837 70
10.5221 0.140025 70
-20.8288 -0.534766 70
8.84518 -29.9995 70
-1.35157 -1.32989 70
0.908262 -0.883242 70
10.1873 8.88007 70
1.42665 -0.0949149 70
10.639 0.628342 70
-8.58067 11.454 70
-1.04402 20.033 70
0.245561 1.16448 70
0.342892 0.962233 70
-9.31268 18.9753 70
1.09379 10.4618 70
-20.3347 59.8316 70
-21.4144 60.9464 70
11.0022 11.2896 70
0.026551 -0.308683 70
-1.48687 -9.2586 70
0.722244 21.3885 70
9.82309 -1.00183 70
8.69347 11.3007 70
-29.7522 -20.7003 70
30.6203 -0.205287 70
-10.2319 -0.316246 70
18.7455 10.1757 70
