-9.49077 11.1091 70
1.31223 -0.461993 70
1.18175 0.582002 70
-0.529689 -1.21449 70
-0.329613 0.853561 70
9.10291 11.1205 70
9.51046 -1.27938 70
1.35913 0.671112 70
0.010026 9.38034 70
-0.340395 9.41357 70
0.455322 -9.65851 70
-10.8566 11.3738 70
1.10582 -0.797421 70
9.91845 9.50098 70
-1.29107 0.513099 70
-9.48966 0.250501 70
-0.308762 -0.264265 70
-1.13655 1.04424 70
-0.522069 -1.16086 70
1.48951 -1.17983 70
-20.4153 -11.412 70
10.7765 0.739225 70
0.557545 -1.42248 70
-1.3589 0.880196 70
-0.461108 20.3302 70
-1.1491 -0.00314895 70
-30.3597 -89.9177 70
10.4967 19.0916 70
0.230103 10.64 70
-9.52876 -0.697672 70
-10.8387 0.739087 70
0.151454 -1.41786 70
8.95461 61.1955 70
0.42516 1.27282 70
-0.929136 -1.00529 70
-50.3755 -28.5362 70
-0.477337 0.749983 70
-19.5332 -1.44347 70
-10.8974 9.93107 70
-1.33333 -58.5312 70
-0.921683 1.31779 70
-0.171631 8.94648 70
-9.64734 -70.3776 70
0.0377154 0.832722 70
-28.9903 1.42293 70
0.688569 -31.2501 70
0.745621 9.30616 70
-0.00747971 0.0184579 70
1.30544 11.2088 70
-1.47696 0.343573 70
-1.27958 -9.61623 70
-11.1217 0.906088 70
-9.15943 1.33512 70
0.710782 -1.30984 70
-0.116345 -1.39353 70
-0.789243 0.065604 70
-19.7383 -1.02564 70
0.321213 -0.639439 70
-99.8764 41.1358 70
10.1654 18.5185 70
-20.418 -1.09889 70
-19.8548 39.8094 70
-1.08452 -10.8712 70
0.891206 10.447 70
-0.30218 0.766967 70
0.582771 -0.550349 70
1.39641 -1.42059 70
-1.34746 9.19731 70
0.541399 0.962529 70
1.11155 -1.29861 70
-9.0003 -40.1802 70
-10.7056 9.4902 70
1.25257 0.0742668 70
-0.189416 -0.44605 70
10.3921 10.196 70
0.531644 -0.466572 70
-10.767 -11.0286 70
9.68199 -10.7687 70
-38.6847 -19.8808 70
18.797 -1.24026 70
1.40067 -0.894343 70
9.26372 1.14096 70
-10.3745 10.9961 70
-0.872735 1.07592 70
0.115515 -1.15637 70
0.800434 1.34697 70
-11.4833 -1.10165 70
0.764633 10.0687 70
-1.31588 -0.344114 70
1.48614 0.432997 70
8.62141 -19.8682 70
18.6001 10.1876 70
21.169 11.0752 70
-1.46626 0.20485 70
-0.594167 -1.44218 70
20.9051 0.0160849 70
-0.906956 -0.427782 70
-9.52294 11.0621 70
-0.781696 29.1852 70
9.29747 -11.2413 70
-9.10799 9.80149 70
0.652431 -0.379267 70
10.4839 9.74667 70
10.7753 0.973337 70
0.82587 0.588311 70
0.991286 0.502811 70
-0.635791 0.561262 70
-1.303 -0.342871 70
0.973315 -9.79234 70
0.869899 20.2795 70
0.574858 -20.4642 70
0.61727 -1.47822 70
-0.450394 10.5116 70
-9.77308 19.6664 70
0.248198 -0.590264 70
0.713557 -0.458959 70
1.16367 0.778598 70
-19.7147 -0.355421 70
0.631312 1.1606 70
8.82654 -1.31353 70
19.9013 1.0284 70
0.645286 10.435 70
-20.8416 9.3795 70
-9.22314 -0.668191 70
-8.65125 0.0282659 70
-0.422352 38.6063 70
10.7272 0.925489 70
-0.0254725 0.521756 70
0.340054 1.4202 70
-9.82699 -0.220684 70
0.890846 -1.2458 70
-0.0794407 1.39709 70
-10.0899 0.048741 70
-18.8292 -8.62798 70
18.5002 20.6242 70
19.9873 -40.3108 70
-8.90694 -40.4748 70
-0.39693 0.173767 70
-30.5644 -11.2199 70
-0.217782 1.1104 70
10.5645 1.46295 70
20.0175 1.02189 70
-31.3243 -19.487 70
9.65602 -1.1649 70
-38.9619 -8.69558 70
-0.170425 0.912257 70
10.997 1.47486 70
0.710524 -10.4962 70
8.75673 -0.972139 70
-9.66147 10.7801 70
-11.0627 8.59858 70
0.81513 0.07803 70
0.55518 0.527011 70
-1.27068 0.936376 70
-8.64398 -9.23606 70
1.37743 30.8915 70
0.12583 1.00728 70
0.8932 0.784542 70
-8.58936 -0.478037 70
-1.20346 1.39653 70
-10.7969 -1.39691 70
11.4911 1.47281 70
39.3671 -21.2631 70
9.48636 8.95074 70
9.48666 0.394662 70
0.114381 -0.846667 70
9.28948 -0.233016 70
-10.3205 9.51928 70
1.26834 -0.527878 70
-9.00973 0.00330021 70
-8.71539 -11.4092 70
-10.1393 -10.5613 70
-0.241193 0.533454 70
-19.6427 -11.4375 70
-51.1084 -0.961411 70
-8.63533 -30.9018 70
-1.08176 0.569307 70
-19.4377 -29.9904 70
19.2909 19.967 70
-0.881746 11.0382 70
-1.17022 -9.44177 70
19.5864 0.789934 70
1.41865 1.1159 70
1.20495 1.24831 70
-8.84358 -0.537253 70
0.70512 0.182339 70
-1.20912 9.2975 70
0.223686 -1.3207 70
0.325714 0.0644669 70
21.022 -30.3183 70
38.7114 -58.7798 70
29.7919 8.94669 70
-9.31017 -19.2704 70
-8.87058 -9.87968 70
-0.895095 11.1125 70
-20.3258 -9.11709 70
0.207146 0.950589 70
0.241951 -0.471759 70
-10.5593 9.86271 70
-8.74067 0.801604 70
39.599 0.906807 70
8.92736 -0.410838 70
0.590908 -1.1984 70
-0.666152 -1.44228 70
-1.06592 1.10714 70
-21.4023 8.55218 70
-20.0962 -30.1486 70
1.49317 -1.11598 70
-50.5841 -31.4611 70
-10.3155 -20.0868 70
-0.998366 1.32968 70
-28.6719 -0.726881 70
0.350008 -0.933673 70
-0.42902 1.09672 70
60.2569 0.885812 70
0.760644 0.430146 70
-0.49788 -0.673615 70
19.1264 -0.801454 70
20.3082 -0.881839 70
0.337503 9.3592 70
0.876394 -1.30014 70
-0.55994 -1.00842 70
-1.02495 1.45242 70
-29.2252 8.62191 70
0.842119 -0.209495 70
0.106842 0.188305 70
19.4521 -50.9534 70
0.737771 -1.14029 70
1.27756 -0.389917 70
-30.0993 9.78577 70
0.287142 21.42 70
-9.06698 -0.281271 70
0.367429 -0.991517 70
1.07544 -0.575972 70
31.4456 10.2299 70
-19.8086 -0.090596 70
10.1804 -9.35706 70
-0.0488769 9.57472 70
-19.0673 10.0735 70
-10.676 -1.39998 70
-21.2147 11.4053 70
-0.767663 0.206288 70
-0.331816 -0.194323 70
1.39236 -1.32102 70
39.7831 9.5888 70
9.22568 0.286192 70
-0.259865 0.96933 70
-0.537491 -1.15729 70
8.94755 -1.41983 70
38.71 1.19466 70
10.924 0.465721 70
-10.6583 -1.02017 70
11.2562 -0.506645 70
-28.608 -11.0404 70
-1.17193 -0.543064 70
-41.1815 20.7613 70
0.847362 -0.70118 70
-19.3433 -0.492232 70
0.549461 10.7907 70
-19.105 -0.279609 70
9.52457 10.6945 70
1.28421 -0.373934 70
1.06409 1.00876 70
10.9136 -10.9717 70
30.9534 1.29953 70
9.20238 10.3743 70
1.05759 -1.1967 70
-10.2774 18.8373 70
-0.599123 -0.0710045 70
0.259901 1.0988 70
-0.13403 -0.894472 70
29.4325 0.315432 70
-1.04327 1.27731 70
0.27301 0.262795 70
-10.4854 1.44821 70
-1.40241 0.88443 70
-9.28997 19.8829 70
0.952138 1.22477 70
1.12468 -0.442355 70
-0.939462 -0.631742 70
-18.9404 28.8163 70
11.0302 -0.0393541 70
1.47308 11.1628 70
-11.4348 10.5082 70
0.576225 -20.438 70
-11.4899 -9.48076 70
-40.2767 48.6739 70
0.484675 0.744277 70
0.780847 1.13621 70
-8.65945 -49.4317 70
0.0477342 8.78397 70
8.88664 1.46285 70
0.165989 -9.90986 70
19.9923 -1.37469 70
-10.3077 10.5673 70
-0.552588 -20.7906 70
-30.7403 11.0433 70
29.4401 31.3699 70
-10.3001 -20.5156 70
0.107365 1.47536 70
0.531541 -0.409034 70
1.28153 9.7126 70
0.466201 0.334821 70
0.21185 1.47098 70
0.860855 -19.0998 70
-11.3427 9.25346 70
1.39343 -1.0731 70
19.0151 1.29077 70
-0.686799 1.03891 70
0.343167 -1.45809 70
-11.2832 -1.44186 70
-0.382233 -0.588985 70
19.5218 20.7838 70
0.0605016 -9.87309 70
1.08008 -10.6253 70
19.6778 60.3409 70
-11.0493 9.65958 70
-0.163172 -19.7481 70
19.9872 9.99368 70
1.29761 19.7934 70
-9.41467 18.5099 70
-1.49138 10.3295 70
9.9598 -10.6314 70
-1.34668 -11.4452 70
1.49778 -0.25704 70
-8.54929 0.601499 70
9.98263 1.32645 70
-0.541533 -1.13013 70
-0.575357 21.2999 70
0.32091 1.34896 70
-9.85074 1.07769 70
-1.12037 19.1185 70
0.500012 -0.144537 70
0.899086 -0.10438 70
-0.537371 1.3315 70
48.7882 -0.833082 70
0.36682 -0.876225 70
11.3249 -21.0542 70
-9.15986 0.0039692 70
9.62309 9.89534 70
-19.9961 71.3706 70
-18.6699 71.1233 70
-9.87836 29.4344 70
0.0457663 -19.639 70
1.37496 -1.30724 70
1.27466 -0.973281 70
-1.39746 10.4002 70
0.205137 -0.0679222 70
-8.96453 11.0484 70
-0.862403 0.889185 70
10.0508 0.178539 70
-19.5834 0.746171 70
-10.4756 -0.178111 70
20.9393 -18.9974 70
-1.34565 -0.731688 70
1.02997 0.420149 70
1.46204 -1.23649 70
-19.5033 9.78012 70
-21.3043 29.6039 70
-30.9928 20.1167 70
0.32626 -0.542837 70
1.03839 -0.428111 70
1.34726 0.392006 70
-29.0813 30.0217 70
-0.123991 28.9484 70
-18.6561 29.2814 70
-11.4944 0.744369 70
-21.2498 31.1555 70
-11.3232 0.372954 70
-10.8149 0.897652 70
-9.03116 0.0379473 70
0.972538 0.466151 70
0.0716953 1.2877 70
11.4503 -8.64767 70
-10.947 28.524 70
9.4432 1.18405 70
9.99659 -1.30177 70
19.1295 -8.63123 70
-0.19045 -0.110581 70
-8.96923 0.508078 70
-1.48259 19.8844 70
-18.995 29.1797 70
-1.02173 1.15926 70
-0.878188 10.9537 70
0.694332 8.94848 70
1.4905 1.25925 70
-21.3847 -19.1754 70
1.40028 0.353709 70
-0.975176 1.10793 70
-10.6613 -0.952862 70
-0.842113 -0.266443 70
8.79563 10.0117 70
0.667277 -0.17117 70
-0.829985 1.0258 70
-0.303094 -1.16338 70
-19.3794 -39.1175 70
-11.0899 0.477316 70
-0.0146157 -0.63041 70
0.0016403 -0.749907 70
0.446255 -1.19352 70
-1.31188 -0.408797 70
-8.66904 -0.565795 70
-0.73362 0.642962 70
-1.43953 9.00515 70
0.864436 9.9063 70
0.245976 -0.641619 70
0.32001 10.5402 70
0.894567 -0.441196 70
0.377877 -0.966181 70
9.90658 -8.77806 70
8.63678 -0.722791 70
9.67273 -8.70539 70
0.323296 9.98116 70
29.684 98.5047 70
29.1847 99.8263 70
-9.81023 -1.29019 70
19.1395 -30.2185 70
1.32018 -1.47999 70
-9.55614 9.17384 70
-0.837647 1.4831 70
-9.91127 1.26171 70
1.15716 0.928553 70
-0.423266 8.96135 70
40.0562 -28.637 70
21.3438 -1.36691 70
19.9479 -0.188942 70
1.22674 -0.282998 70
0.982747 -1.44491 70
0.751599 0.7162 70
-49.7934 -29.1872 70
1.14955 0.419379 70
-0.900128 9.30515 70
0.744306 -0.141196 70
0.381083 -0.765424 70
39.8254 -0.721026 70
-10.1385 -19.4646 70
-9.84999 -10.9361 70
11.4559 8.95324 70
-9.95715 -0.448004 70
10.9763 11.0832 70
38.7601 -19.9452 70
-0.377057 8.78833 70
0.398476 -0.0314487 70
1.32709 -1.09654 70
-1.08193 0.187436 70
-8.92416 19.3695 70
-29.9194 -9.01884 70
1.3882 -0.869243 70
-10.2738 0.775306 70
-0.0974963 1.23872 70
-0.973347 10.1654 70
-0.37058 0.20124 70
-11.1431 1.10238 70
8.75274 1.13634 70
11.0806 1.1202 70
-1.04003 0.220487 70
-0.212542 1.18936 70
9.10085 31.0356 70
-0.0404913 -8.97759 70
0.819733 -0.0714659 70
-9.46449 19.1857 70
-1.17792 0.634364 70
-10.0828 -1.20263 70
-0.142467 1.15524 70
0.365845 0.633321 70
-18.6962 31.1552 70
-11.0859 -10.2402 70
0.276471 -0.559546 70
1.09749 -8.6805 70
0.680783 1.40673 70
9.15539 -0.86396 70
19.9518 8.82366 70
-9.48775 -10.1466 70
1.08423 0.747589 70
-20.0652 9.1033 70
1.02697 9.9793 70
-1.02211 0.080126 70
8.90907 0.452364 70
10.56 -9.44283 70
0.888862 10.1684 70
-0.947582 9.82497 70
-1.17792 41.3768 70
-1.07495 0.913955 70
-10.5774 11.3107 70
-11.4559 9.95449 70
-9.49656 10.6723 70
-1.45845 0.605382 70
-0.965212 0.899237 70
0.609872 8.58511 70
0.399766 8.68314 70
0.224916 40.9706 70
0.694964 -0.215704 70
-20.2439 -1.20682 70
-29.0706 29.2749 70
8.96332 10.3442 70
-1.08632 20.5162 70
19.9786 30.2554 70
0.632037 0.320515 70
-40.7919 51.223 70
-0.925333 -1.22712 70
1.39091 30.9473 70
-10.0483 -8.74428 70
0.376794 -10.8292 70
-8.79748 -0.151521 70
-9.77818 -11.2923 70
0.446811 -1.26264 70
-9.73326 -1.4317 70
-21.3782 29.369 70
9.38824 11.2646 70
9.07337 0.209532 70
1.34431 0.232177 70
-0.982282 8.71922 70
-10.9986 1.27019 70
-0.899275 8.77758 70
-0.922092 -0.550271 70
10.0749 -30.6441 70
0.611007 -1.37945 70
-0.0511219 1.27894 70
9.17617 -11.1134 70
8.61184 -10.4149 70
8.53104 10.4104 70
-19.607 -1.00736 70
0.630721 -1.15856 70
0.0484884 11.411 70
8.67349 -0.839746 70
-0.408314 11.4664 70
-40.2635 8.70218 70
-0.623387 1.31753 70
0.993848 -10.8509 70
-0.495726 9.62542 70
19.0994 -8.77116 70
0.214708 -8.9829 70
49.5529 -40.5611 70
-0.293286 10.8723 70
1.44318 11.4614 70
-0.153408 -0.599053 70
-11.3026 -0.443411 70
-0.15914 0.431993 70
-11.4064 30.0492 70
0.212781 0.994544 70
-20.3674 19.0889 70
10.9885 1.00217 70
-29.9553 61.0104 70
0.152074 0.263408 70
-0.014379 -0.893357 70
1.34646 0.312203 70
-1.29179 0.971731 70
-1.33083 8.82977 70
0.257286 0.412648 70
-0.516506 1.29792 70
-10.5085 -0.183179 70
-69.6197 -21.1608 70
-71.1654 -20.0384 70
-1.19027 0.593711 70
39.2302 10.4744 70
0.377298 -0.646641 70
-19.151 10.7573 70
19.2643 -8.81644 70
-0.0840586 -1.25862 70
-1.43996 0.496152 70
-0.862065 -11.4949 70
0.330401 0.886781 70
-0.0391387 10.4594 70
-10.4086 10.8538 70
0.888497 10.0569 70
-1.40329 10.4795 70
-10.568 9.71494 70
1.17856 0.670588 70
-18.6146 18.8078 70
28.6752 20.3138 70
-10.6162 20.8716 70
-0.791306 -9.82267 70
1.12056 9.72755 70
0.570983 -0.888739 70
0.619736 -0.357639 70
-8.84637 0.574225 70
10.0277 0.0519968 70
0.280287 0.680462 70
-0.508684 -1.11228 70
0.513575 0.54313 70
1.36456 -0.530599 70
1.28235 -0.570654 70
-1.08831 8.98267 70
10.547 10.3475 70
20.3439 18.5217 70
18.727 20.5094 70
-1.26781 1.29176 70
-30.544 58.719 70
-20.613 20.5779 70
0.878585 1.4151 70
-0.924893 -1.37658 70
-0.665257 11.1494 70
0.144171 -9.21933 70
-10.676 9.28097 70
-29.4304 9.93478 70
-0.532292 -0.824426 70
0.175254 -1.08873 70
-0.563401 -0.516735 70
20.0625 -11.3473 70
19.2183 -9.79617 70
-0.0289736 -1.1742 70
1.37937 1.11992 70
-10.1454 10.9183 70
-19.4239 -0.62912 70
-9.42551 -0.888927 70
-0.23377 0.573337 70
-1.20753 0.750495 70
-1.25773 -0.338807 70
30.0383 30.9508 70
-0.917982 -10.0623 70
-10.565 -19.8966 70
-1.37562 0.40797 70
-21.4158 21.2086 70
-19.6814 18.7949 70
9.89154 11.3605 70
-0.0374669 -1.23642 70
-21.4131 9.61789 70
10.7924 1.37303 70
-11.3794 19.3659 70
11.2849 20.87 70
10.9494 10.6408 70
-9.42168 19.6858 70
10.8065 -0.347985 70
-0.757825 0.338809 70
9.08661 11.4612 70
-10.2297 -31.493 70
0.497875 1.06556 70
-0.488118 -11.1 70
1.27644 -11.0078 70
-1.3019 -10.2675 70
-61.4077 -11.1877 70
-9.51057 9.12557 70
-11.442 0.554289 70
20.7753 -1.4007 70
1.09803 0.270417 70
-0.149853 1.22101 70
0.979648 -11.3488 70
-0.926405 -0.109307 70
0.101384 1.34731 70
0.098242 -9.89109 70
0.234544 -0.896742 70
1.49931 9.60392 70
1.30631 10.0505 70
-0.594962 0.825556 70
-1.23382 0.0775868 70
-9.31479 -0.708884 70
-10.3064 0.0890351 70
-10.423 9.16319 70
-0.18638 -1.08093 70
-19.6916 0.729231 70
1.41516 11.1149 70
1.38631 1.35279 70
9.84965 9.36088 70
-10.4665 -0.853963 70
-0.936652 0.483629 70
0.413664 -1.12705 70
1.01953 -1.16709 70
-1.066 -0.422198 70
-9.59997 -9.08613 70
-0.756939 8.75522 70
-38.6954 39.6875 70
-0.791699 30.0684 70
-9.93385 0.773608 70
-10.2403 0.706781 70
30.9598 1.05605 70
0.106935 0.70162 70
9.11454 -0.465094 70
9.80336 0.235792 70
10.0063 39.1222 70
1.25357 0.872814 70
-0.891017 9.12007 70
9.52377 -8.95008 70
0.804656 10.3003 70
1.35763 -0.0298581 70
8.85203 -8.5871 70
-0.691179 -0.106585 70
-1.23262 9.48898 70
-19.1558 18.6598 70
0.366216 -0.107966 70
19.8286 11.4629 70
-18.7723 -49.895 70
11.4457 8.97808 70
-0.232152 -10.9004 70
1.35546 -1.21867 70
-0.748287 0.992485 70
1.46144 31.1288 70
-10.5086 -11.1217 70
-1.36496 0.687876 70
10.1895 -41.2704 70
-31.293 10.273 70
21.0086 -38.9622 70
-1.251 -11.1531 70
1.19604 0.319486 70
-19.6797 0.660637 70
-9.85338 11.4917 70
-0.154695 0.458939 70
10.6319 20.3639 70
-1.20649 1.17793 70
-0.133688 0.146422 70
0.893053 10.0199 70
-9.33426 -11.2148 70
10.8985 -1.42708 70
-0.320451 19.1175 70
0.277994 -9.36112 70
1.16369 1.37145 70
-10.1863 0.137572 70
-9.31986 19.7164 70
0.364805 0.635924 70
-19.6589 29.8241 70
0.0857974 10.8653 70
18.6049 -19.9205 70
-0.621101 -9.73798 70
20.3746 10.7288 70
-28.9666 0.515997 70
1.38849 -10.0088 70
0.810741 8.65353 70
0.452003 19.3265 70
-0.774554 21.2831 70
-8.54574 11.2157 70
-0.0900526 -19.0282 70
0.446949 0.909649 70
9.75728 -20.3813 70
8.73209 -19.3599 70
-10.4247 9.5792 70
0.724848 -0.208687 70
20.4869 -90.0047 70
-9.76236 -0.525083 70
-0.269054 -0.607272 70
0.618032 19.331 70
9.6744 -1.32332 70
0.205683 1.19864 70
70.4442 9.58225 70
-0.135996 1.47668 70
1.16034 -0.99762 70
19.9946 -28.9835 70
-0.736527 0.510382 70
-10.0419 -10.7893 70
9.47832 10.5484 70
-0.232307 -1.10643 70
-0.307774 -9.13609 70
-19.259 9.41107 70
0.121066 -0.933533 70
20.4742 9.65293 70
0.647094 -1.24689 70
0.478433 -0.185611 70
39.4404 -29.5829 70
39.9639 -30.7867 70
1.02005 0.00644742 70
-10.2549 -1.11534 70
-0.266244 0.414702 70
50.8451 1.2154 70
0.553196 9.21301 70
-0.309527 8.57879 70
0.421501 -9.87117 70
0.571727 0.714322 70
-8.71207 -8.68908 70
-11.1853 -20.1128 70
9.59271 11.1165 70
0.577493 -9.32798 70
10.4343 0.806863 70
-0.808761 0.663977 70
0.651558 -0.658459 70
-9.71084 9.62124 70
-1.47454 -9.54718 70
-1.27428 0.24167 70
-1.49174 -0.540818 70
1.19507 1.34716 70
10.6014 9.92485 70
0.20169 -0.381231 70
-0.680749 -20.2499 70
9.84522 -80.3249 70
-8.93022 10.2333 70
-1.1656 1.27609 70
0.935462 -1.42518 70
-19.1349 -10.5399 70
8.50348 -10.1985 70
9.75268 -0.482781 70
0.225024 1.40822 70
-0.28131 -10.1042 70
-0.861672 -0.245146 70
10.0208 9.63737 70
11.1728 21.403 70
-0.366573 8.59091 70
8.55524 0.183095 70
1.0504 -0.126833 70
1.45435 1.09468 70
0.32736 21.1491 70
10.4342 10.7526 70
11.4921 -1.05599 70
-9.73924 8.90124 70
0.854989 8.90892 70
29.6744 39.3552 70
9.48858 -1.13851 70
-11.1101 1.14682 70
-0.250697 -0.493727 70
-0.562479 -1.37336 70
-11.2773 30.8671 70
11.4686 0.0509166 70
-0.631747 9.21297 70
0.236558 9.54215 70
-8.52352 0.0710846 70
-9.28731 0.951747 70
0.811114 0.427851 70
-10.8683 19.2562 70
-29.1002 1.3058 70
48.8892 -28.9307 70
-9.45073 8.96025 70
1.32722 -10.7283 70
-8.83836 9.18226 70
-11.2712 -0.958476 70
-10.2922 0.572113 70
8.5267 -1.41414 70
-0.552574 0.897213 70
-21.0466 -40.5176 70
-0.603789 -1.22677 70
-48.6801 -39.2188 70
0.903182 10.0989 70
1.11999 -11.2714 70
-1.45292 10.3164 70
31.3714 40.627 70
28.852 41.3074 70
-10.5526 -19.3201 70
0.58637 -11.4125 70
-0.607138 -9.63422 70
-0.237017 -0.945004 70
-1.1129 1.4502 70
8.50789 8.70527 70
0.807834 18.7301 70
-9.72442 0.0651489 70
-20.6649 0.542837 70
-1.38482 -1.4438 70
9.11462 -10.1024 70
8.77656 9.66316 70
-8.67623 10.3851 70
-0.36646 0.677908 70
0.799108 -0.490856 70
-8.50362 -1.12401 70
-1.1931 0.885592 70
0.901652 1.046 70
60.8553 9.73966 70
-0.923283 0.611498 70
