0.0303535 11.1576 70
-9.37805 -0.452889 70
-0.842346 0.312378 70
0.618718 -1.49195 70
-0.66053 -0.529717 70
11.2393 -10.3175 70
-10.5902 19.98 70
1.15696 -0.0630777 70
-8.64441 9.43161 70
-10.3141 0.835526 70
0.245973 -0.987257 70
-30.8748 -38.8387 70
-1.32838 -0.238555 70
11.0315 -1.16605 70
-10.8937 -30.6605 70
-10.8461 -31.0624 70
21.1164 9.90386 70
51.1619 -9.34654 70
18.8873 -60.8525 70
0.755246 -0.124717 70
-8.5344 -11.3053 70
10.5074 11.2211 70
11.3951 -9.96982 70
-0.585581 -1.34653 70
0.576434 9.23114 70
-9.29329 -8.52274 70
-0.597929 -10.1357 70
11.3534 -11.4901 70
0.177788 9.47517 70
1.41551 10.329 70
-1.07449 10.4106 70
0.762029 -0.0477101 70
-0.180451 1.03279 70
-29.8309 9.29668 70
11.1857 0.873644 70
-10.4988 10.8725 70
-9.61094 10.2315 70
-0.649786 0.748606 70
-1.4899 1.281 70
1.12962 -9.9906 70
-8.64147 -1.08952 70
11.2535 -0.599968 70
10.155 -0.508029 70
-0.697483 0.451718 70
-10.8583 -19.0818 70
-11.3264 -1.39107 70
8.57877 9.48278 70
-1.17284 -0.883529 70
0.5134 -10.085 70
-0.692023 -0.159082 70
-0.422283 0.427941 70
-0.416896 0.0603809 70
-0.0107147 1.29598 70
11.2667 -8.76846 70
-9.59257 10.8563 70
28.9749 9.58577 70
0.731449 -0.74236 70
0.331109 0.709604 70
-0.350426 -0.00875825 70
0.0613624 -0.463403 70
-1.12402 -0.00613148 70
-0.763105 -9.78806 70
1.28216 -11.4781 70
-11.4648 -8.97932 70
0.0195292 -0.647378 70
0.320276 -9.06027 70
1.37007 0.739039 70
0.590122 0.598067 70
10.6483 8.9569 70
-0.863952 0.0843075 70
-1.27969 -0.183234 70
0.374438 0.329905 70
8.72219 -0.642762 70
0.770304 -9.84698 70
-0.496388 -0.0912424 70
-0.395892 0.618492 70
30.5994 69.3022 70
1.16258 0.962225 70
0.189088 0.686687 70
-1.18946 1.15141 70
39.7113 50.3018 70
10.2602 -0.195586 70
30.3148 -11.4055 70
10.0285 -0.625119 70
-31.1611 20.8454 70
-1.35873 1.09239 70
0.299312 -0.283931 70
0.833782 -0.32795 70
-10.1734 80.5172 70
1.08372 -1.30081 70
10.9657 0.40205 70
19.364 19.4444 70
1.38166 -0.684412 70
-8.82496 -78.8087 70
-1.08052 11.4256 70
-99.0672 100.056 70
-1.08746 -11.2704 70
0.385673 1.42688 70
-40.3637 -10.1825 70
40.6237 11.2273 70
-11.4388 10.1056 70
-10.1937 -9.34304 70
10.2047 9.87787 70
-0.564267 -0.225827 70
-1.35672 -0.0457492 70
1.15856 0.429091 70
1.30748 -0.576161 70
-1.47262 -0.671239 70
9.34878 1.12214 70
-18.7977 -9.36567 70
9.57303 10.2184 70
-40.244 79.5249 70
1.44177 -1.10735 70
20.6109 -18.7814 70
39.3406 39.1354 70
0.0512185 -0.565408 70
8.80621 -10.5266 70
9.78108 9.86393 70
-0.802606 -9.82227 70
19.7393 1.0104 70
-10.0939 -9.35828 70
1.0567 -21.461 70
0.0437941 -21.0801 70
0.610038 40.7061 70
-0.491089 39.5064 70
-9.02732 31.2384 70
1.27223 -1.2486 70
-1.07619 -0.45695 70
0.998285 -1.27931 70
1.19617 -9.92379 70
11.1439 1.11919 70
1.3545 0.00120685 70
-0.570585 -8.71127 70
-0.859039 0.478362 70
-0.780741 9.84097 70
49.7247 -40.5231 70
-18.6342 11.1876 70
-1.29852 0.684646 70
-1.14166 -1.44775 70
11.152 -9.29001 70
-20.3033 -19.3126 70
0.0353876 1.30651 70
19.6937 -21.0497 70
-1.04184 0.0102882 70
-9.3969 -1.45451 70
1.47384 -50.7513 70
-0.356147 -29.9878 70
-0.71718 -0.976015 70
-20.1818 31.0617 70
1.47431 1.2201 70
0.80157 -0.0933324 70
0.282728 -0.881859 70
-10.2035 21.1196 70
1.15763 21.3976 70
1.49009 0.143538 70
1.4388 8.94385 70
10.7077 -0.876992 70
8.66381 -1.12523 70
-1.44607 -0.748528 70
-29.7422 9.18835 70
10.6905 20.881 70
-9.72587 21.1145 70
8.53075 -1.31892 70
11.2463 -11.4155 70
1.27905 -0.965461 70
21.2292 -30.9644 70
-1.36859 -0.546287 70
-0.63587 -9.16847 70
9.32223 -11.3194 70
9.17225 10.8144 70
9.73424 -10.3125 70
-0.84124 20.0497 70
1.25902 0.555921 70
0.612149 10.0608 70
-1.17501 -0.980418 70
-19.8108 -10.6879 70
-1.19361 -0.347459 70
0.136119 0.775028 70
-11.131 49.7647 70
-1.13542 -0.742955 70
-30.4721 -10.5826 70
59.6985 10.5767 70
0.217559 -0.173124 70
1.43185 1.26825 70
-1.22185 -1.47546 70
-0.312874 -9.39278 70
11.0949 30.9758 70
-0.91847 -8.69769 70
-0.222157 -11.3146 70
-0.58045 -0.567077 70
-18.6636 -9.81033 70
20.5392 -8.59443 70
0.770566 0.480897 70
-10.6636 19.0254 70
-0.589513 0.0141352 70
-40.7761 30.7249 70
11.2653 -10.0763 70
0.724206 -10.2849 70
-1.30178 -0.539041 70
-8.65595 -1.47947 70
-8.50641 41.1335 70
-0.531157 0.643073 70
18.6016 -9.53806 70
-10.5188 0.909345 70
-1.31533 0.469359 70
-1.25514 0.00454315 70
8.51331 9.78381 70
-1.23527 0.968668 70
-0.510441 0.976876 70
1.49836 -8.64358 70
9.8348 0.925598 70
-10.9662 -0.86851 70
20.5608 -0.499387 70
11.1859 -9.8087 70
9.60823 -10.6513 70
-9.64965 49.0532 70
8.75839 0.0528832 70
-1.2533 -10.3567 70
81.0826 11.2364 70
11.0215 -0.0604011 70
-0.788783 1.37742 70
10.562 0.533145 70
0.795824 1.06554 70
0.681062 -0.983655 70
-60.2334 -50.8384 70
-0.648228 -1.38841 70
-0.969867 -1.11326 70
1.39209 9.1249 70
28.95 -9.79686 70
10.3482 0.0938912 70
0.661827 -11.1733 70
-0.131095 0.675076 70
19.3178 -1.10034 70
-0.861166 -0.416184 70
-0.44064 1.04292 70
0.419496 1.08428 70
-0.291341 0.816744 70
-0.108602 0.414219 70
-0.94756 10.8686 70
40.0821 11.2349 70
-0.191814 0.695115 70
1.05156 -1.10371 70
0.844145 -1.27484 70
-0.404528 -0.772162 70
-1.39074 10.3358 70
0.477763 8.93846 70
9.07478 -1.41282 70
1.02619 -48.5197 70
0.320431 0.21349 70
11.4184 -1.30499 70
30.9661 -0.617104 70
-0.628183 -1.48655 70
-0.473909 -0.444375 70
1.28017 -0.232817 70
10.0322 -1.16154 70
41.3549 79.2482 70
1.10335 -1.01969 70
-1.04731 -9.97578 70
-1.01378 -0.913494 70
0.741798 0.119505 70
0.340428 -1.01133 70
-1.47342 0.691895 70
1.29468 -0.960088 70
18.7997 -28.8298 70
8.83706 0.000711646 70
1.1035 10.9464 70
-0.474025 -20.537 70
-9.47511 -9.1731 70
-49.2564 30.0964 70
-20.6802 40.9744 70
-0.851177 -0.96795 70
19.6996 -10.6425 70
-0.876072 -0.0185408 70
1.22848 1.19136 70
-9.21217 -8.53253 70
9.6982 -10.8069 70
10.5686 -10.7159 70
0.268938 -1.32486 70
1.33092 -11.4852 70
30.0462 1.27569 70
1.33329 -0.779413 70
28.9956 -0.397226 70
-0.455081 0.437818 70
0.176091 -10.5095 70
20.0059 -10.5822 70
0.445793 -1.15651 70
0.677901 0.837054 70
-0.539932 -10.4651 70
-9.51483 1.16231 70
11.1433 9.18381 70
9.25134 -0.621506 70
0.527626 -0.648101 70
-1.37939 0.420931 70
18.5442 -48.7423 70
9.97047 0.144945 70
-20.2143 -0.865696 70
0.651479 -0.743294 70
-1.38703 -0.11586 70
-0.423586 1.17128 70
10.0615 0.506394 70
-10.6882 9.1352 70
-20.2903 -10.4588 70
0.925344 10.8746 70
-0.35206 0.632975 70
-0.992909 1.48382 70
0.525286 -0.555858 70
-21.4526 -10.9544 70
-1.19214 -10.6101 70
-10.6565 0.0310669 70
1.29051 0.0187817 70
-0.866071 -1.39784 70
-0.084324 -11.4919 70
-21.427 -11.0973 70
8.6227 -20.7041 70
8.78187 -10.7847 70
9.26415 -11.4013 70
-28.9252 8.98701 70
-10.0741 19.4274 70
-10.5127 -0.774211 70
10.2902 1.44791 70
0.748697 11.0551 70
39.0382 29.4548 70
40.9842 9.61429 70
0.11955 0.718658 70
1.43948 1.21424 70
-0.450268 0.974625 70
19.1639 -29.587 70
10.8447 0.211926 70
-1.357 0.561772 70
-1.22205 -0.457439 70
-0.587535 0.720273 70
30.3233 10.3915 70
10.6471 -0.985122 70
-1.36646 -0.361117 70
0.995177 0.291051 70
0.895818 1.01765 70
0.809386 -0.978539 70
-0.364883 0.93913 70
-99.7191 -18.5662 70
28.6309 -19.4122 70
-0.474138 0.938256 70
-30.8733 20.9761 70
-9.04812 -0.953948 70
0.580837 -0.964691 70
-11.3139 -10.4204 70
0.634705 1.21446 70
-0.577769 -0.167634 70
0.00675402 -0.361538 70
-0.858259 1.22347 70
10.7426 9.84839 70
-0.466449 0.731179 70
0.900484 -1.21484 70
38.8125 49.7419 70
20.6472 -41.3419 70
9.45099 -10.1931 70
0.978264 -0.360103 70
-0.206506 -1.2243 70
1.39364 -10.8006 70
8.5391 49.3438 70
-10.9689 -0.982065 70
9.88754 11.1254 70
0.848185 -0.123255 70
-0.769886 19.914 70
-1.20221 -0.337113 70
-1.42831 0.442894 70
10.5825 9.06506 70
-11.0315 -10.4885 70
-20.8785 -29.3048 70
-19.949 -28.9416 70
8.55791 41.1958 70
10.5238 -19.2001 70
1.16412 1.45942 70
-0.026367 0.238497 70
1.34649 0.259376 70
29.2223 -1.26817 70
0.305992 -1.48826 70
-9.08198 -0.490317 70
1.42284 -0.387995 70
99.1846 69.3304 70
-0.552964 0.525174 70
10.5432 0.523116 70
0.390219 -0.508417 70
0.215672 -0.732786 70
-0.358128 0.880186 70
-0.890497 -0.756278 70
-0.880844 0.526711 70
9.61798 -0.00449367 70
-1.29637 -0.123449 70
10.1768 19.1366 70
1.16524 -21.0422 70
-0.804874 -1.49057 70
9.33763 0.0749935 70
-0.241798 -9.93705 70
9.4463 -0.228208 70
1.05911 -0.0234515 70
-9.57153 9.94729 70
-41.4355 -19.9233 70
0.659657 -0.62579 70
-8.9697 11.4368 70
-1.21227 0.87154 70
11.3987 -8.76166 70
-19.5214 1.35455 70
0.988699 -0.811936 70
0.965763 8.86421 70
-0.507848 0.205123 70
-0.486995 -0.546274 70
0.240229 8.67877 70
19.2417 9.58142 70
-9.97766 -1.3507 70
0.227659 -0.665285 70
-0.652643 0.64934 70
61.0454 -11.4666 70
1.05641 -9.73921 70
9.42993 0.330464 70
-0.573626 -0.347238 70
-9.86688 10.7484 70
-0.190813 0.518626 70
11.0761 -0.830077 70
8.72199 0.423349 70
9.73893 1.16761 70
-0.0780598 49.3587 70
-0.773431 -1.32985 70
9.19623 9.10319 70
9.09326 11.0137 70
1.25124 -9.29509 70
-1.19916 0.243464 70
-20.0085 11.4759 70
9.47698 0.699284 70
1.41436 0.61275 70
0.784822 -11.4779 70
11.4185 9.93592 70
1.18021 9.56412 70
-1.01969 -1.22515 70
8.56492 0.566768 70
0.422029 0.980496 70
31.4594 -29.5793 70
-9.27777 1.40836 70
-10.8029 0.59648 70
0.570966 -11.2947 70
-0.832504 9.36772 70
0.702235 -0.154777 70
-0.23506 -0.432303 70
0.887373 -0.562132 70
60.3358 -0.984369 70
-11.3895 9.08573 70
-0.249442 0.455329 70
1.03401 10.2491 70
-10.919 30.985 70
-1.19123 -0.239945 70
9.72771 10.2753 70
-9.20701 0.467985 70
-9.29856 -0.010194 70
0.142286 -1.48163 70
9.56305 9.84093 70
-9.09175 -1.31449 70
-20.4198 -1.40228 70
0.293104 -0.976892 70
0.126978 0.825567 70
1.01098 -0.859255 70
-0.805079 0.0405651 70
1.31502 -0.235955 70
0.231953 -0.247806 70
1.25322 9.84057 70
-0.532734 0.887746 70
-1.25351 10.5546 70
-1.46799 -9.16357 70
0.0516641 -0.515794 70
0.392336 0.663721 70
-0.953358 0.669149 70
-19.5655 -10.0568 70
11.1343 1.30345 70
9.9823 9.75355 70
1.21995 9.70309 70
0.394349 -0.48317 70
1.27278 -9.37129 70
-0.607958 1.19287 70
0.243917 20.0822 70
-9.15348 9.10697 70
-0.278061 1.09923 70
-0.794622 -21.1529 70
-11.3804 -11.3568 70
-0.415623 -0.00659802 70
10.2293 -0.709142 70
-41.4832 18.6041 70
10.8227 1.08851 70
-0.991625 1.42198 70
-0.708749 10.9915 70
8.94959 10.2467 70
-1.4948 -8.80887 70
11.1866 0.773778 70
-11.0875 -31.0586 70
-0.976214 -0.461073 70
-1.30626 -0.746167 70
1.4628 -1.012 70
-10.2807 0.228278 70
11.45 -21.041 70
-10.0521 0.954404 70
-19.478 11.4434 70
-79.6575 -8.65422 70
-0.669481 -0.353167 70
-0.184531 0.874651 70
0.198038 -0.242746 70
-40.3358 -81.0568 70
20.0869 29.8433 70
0.334577 0.347054 70
8.63253 -11.4774 70
20.6719 20.43 70
-8.65224 0.287466 70
39.5015 0.563493 70
0.127561 0.392289 70
40.5712 38.8546 70
10.9189 -0.655537 70
49.4509 -98.8716 70
10.6648 -1.44774 70
0.0905429 8.54469 70
19.7912 -21.2088 70
18.9355 -19.2087 70
0.0478954 -1.47127 70
-8.80114 -9.44915 70
-1.44244 9.89116 70
10.355 -29.8348 70
-1.13548 29.5044 70
-0.778903 -0.60098 70
19.637 8.72138 70
-1.48434 9.85657 70
0.0540303 -0.808535 70
10.4089 -18.6399 70
10.7912 0.0960731 70
-20.3643 11.2876 70
11.3879 0.236784 70
8.52731 -9.28692 70
9.38936 -9.77191 70
1.05623 0.310633 70
-1.11755 -0.902644 70
1.41251 -10.5263 70
-8.56988 11.2142 70
-0.435407 -0.165153 70
-9.96031 1.19812 70
0.169594 0.28455 70
-0.345564 -1.44468 70
0.364655 -0.406556 70
0.963542 -0.455121 70
-11.4747 -0.271502 70
0.959231 -1.38439 70
-0.754554 -0.484717 70
-0.283505 -1.40502 70
-0.87389 11.3007 70
-1.35458 1.38644 70
-0.554034 10.6782 70
1.49616 -0.0326266 70
-19.8033 -40.8152 70
9.35559 20.6583 70
-20.89 -10.1938 70
9.18283 -10.471 70
11.1847 -10.1757 70
-0.439864 0.902786 70
-61.3071 -9.12438 70
-0.622634 0.810339 70
1.21296 -1.4088 70
-11.3284 10.2074 70
0.831509 -0.678975 70
-0.634946 -0.884926 70
-0.421389 0.591229 70
-1.27679 -18.5264 70
1.26903 -0.730928 70
1.15512 1.36547 70
0.21257 1.18865 70
9.26076 -10.2678 70
10.888 -11.3323 70
-8.88615 -1.00771 70
0.854848 -0.438192 70
10.2502 -1.29322 70
-10.5382 -1.13247 70
-1.0662 -1.00022 70
10.755 9.43091 70
-1.03043 11.2979 70
0.419563 -8.51382 70
8.75819 -10.8025 70
-0.801315 -0.242257 70
-0.467377 -0.929134 70
-119.453 -9.1174 70
-21.3858 -21.479 70
-0.892833 -1.2446 70
11.3271 -9.61113 70
10.6694 -1.26032 70
9.41536 21.3851 70
0.219811 0.231642 70
-11.0683 11.1276 70
0.32181 0.154528 70
1.22616 -1.4094 70
10.5993 -10.0206 70
-8.75166 99.6799 70
0.629746 0.0192795 70
0.572137 -1.31967 70
19.5176 9.66801 70
-1.48665 -1.25172 70
10.9731 1.34942 70
10.9404 0.939369 70
79.7464 -61.1843 70
0.896434 0.0132338 70
-9.58305 -11.2489 70
1.36238 -1.49714 70
9.36976 -1.01373 70
1.27479 1.3401 70
-0.36215 -9.13869 70
-0.523783 -9.50284 70
-49.3093 -39.3816 70
1.47434 -0.188323 70
-0.344283 1.25011 70
-11.073 -20.2934 70
0.793615 -0.397304 70
39.1164 20.6791 70
11.2533 -10.3478 70
0.170336 0.979616 70
1.31849 10.1182 70
-0.825303 -11.1293 70
-1.22844 0.444169 70
10.2742 20.9473 70
-0.405233 0.531669 70
-0.34235 -1.00663 70
0.58998 11.2367 70
-0.151286 18.5872 70
10.0773 -19.5444 70
-20.7622 10.4092 70
10.2745 -1.27752 70
-1.36361 1.02765 70
-1.42428 9.10815 70
0.422951 1.31151 70
0.0101334 -0.553544 70
0.828103 0.316242 70
0.404882 -8.97749 70
8.65767 9.75152 70
10.206 -0.251428 70
-8.98243 -10.9987 70
-10.2122 -9.06883 70
0.253386 -0.898119 70
-1.40445 0.837999 70
-40.6714 -10.9548 70
-1.07226 -10.3625 70
0.398277 -0.461324 70
20.9809 19.9535 70
1.21138 -1.21476 70
-0.172584 1.18197 70
0.760004 9.2329 70
10.7133 -11.0009 70
1.41586 1.015 70
0.367083 0.82671 70
8.67219 -8.56278 70
0.0755161 1.19284 70
0.940064 -10.4986 70
1.26299 0.173421 70
9.32721 -10.977 70
0.66347 0.415508 70
-8.74751 1.21751 70
9.36373 -19.0733 70
-1.16703 0.731553 70
0.0279074 1.43849 70
-0.246753 0.428862 70
21.3731 0.141455 70
11.2844 8.51312 70
8.75482 0.0657889 70
-0.0582455 -1.16411 70
0.0681913 0.0136771 70
-19.2219 11.4642 70
19.7118 10.57 70
0.20103 -11.2561 70
11.2187 -0.533439 70
1.15354 10.7624 70
-0.487773 -0.559312 70
-41.0025 -18.7516 70
1.23241 1.3291 70
0.917075 1.48422 70
-10.0431 -0.683162 70
-0.673145 0.795216 70
-0.421719 -0.562978 70
1.04047 -0.807963 70
-10.2882 -18.8912 70
-19.3953 0.919514 70
-9.44698 -0.109982 70
9.71518 0.30042 70
0.0554127 -0.759009 70
9.17819 -1.23454 70
-10.2949 40.9868 70
0.855684 -0.86037 70
1.11932 0.854668 70
-0.791756 -0.718402 70
-30.5683 -70.3678 70
-30.3402 -68.9668 70
51.4416 -20.726 70
-9.24399 10.9384 70
-58.871 -60.8418 70
10.9049 11.2506 70
-0.155121 9.71516 70
-0.794975 0.56606 70
10.021 11.0442 70
9.83329 10.397 70
-0.584352 -0.206456 70
-1.12558 -0.700935 70
-9.63251 20.9595 70
-0.688579 -11.4099 70
8.7536 -8.8142 70
-8.85293 -8.65521 70
9.17846 -21.1577 70
1.13717 -0.373206 70
9.37751 0.26781 70
0.620435 0.748392 70
0.658435 1.06399 70
-30.1096 -40.5509 70
-29.3854 -39.7136 70
1.0391 -10.5879 70
21.2483 18.7612 70
1.26928 1.08958 70
-1.09365 1.09827 70
1.33989 1.24546 70
0.325412 -0.841633 70
1.31658 -0.139453 70
10.1356 0.266314 70
-1.41861 -31.1408 70
10.1312 -0.00504752 70
11.2231 9.80087 70
-0.855473 -0.619706 70
-0.29567 -0.330864 70
0.0146358 -0.196228 70
-0.58721 -18.9396 70
-1.46306 30.2887 70
1.31851 0.957343 70
-10.9823 -0.20579 70
0.378487 -0.149121 70
1.30012 1.47992 70
10.8962 0.598247 70
-1.16217 -0.122604 70
0.15581 -0.50132 70
0.885019 -0.570507 70
0.883639 1.32436 70
-1.0353 -0.519698 70
9.65206 0.118577 70
9.79488 -10.399 70
19.5274 20.5065 70
9.8097 21.0956 70
11.2372 9.66862 70
-0.379226 -1.45623 70
1.10304 1.45909 70
19.0694 -8.8353 70
10.8469 1.08591 70
-8.57669 -8.66466 70
-0.810919 -9.66403 70
-19.5251 9.2637 70
-0.420646 -0.792767 70
-0.671122 1.04503 70
1.03511 -11.2446 70
-1.027 -0.581603 70
10.2616 21.4754 70
0.965489 10.3636 70
9.24494 11.4447 70
10.6186 9.32966 70
-0.0897526 -1.15359 70
9.38687 9.70598 70
0.36781 -9.86188 70
-1.27203 1.37007 70
10.7932 -0.186238 70
-9.37672 18.5937 70
-0.646239 0.789738 70
0.391472 -11.1828 70
-1.26265 1.33871 70
11.1567 9.96884 70
8.88859 0.154878 70
0.169059 -10.1366 70
-1.27807 -11.441 70
9.84219 -1.20451 70
90.1768 90.6181 70
-0.897256 18.6595 70
20.5841 19.2799 70
-0.950675 0.908515 70
1.2115 1.25473 70
-0.517039 -0.795466 70
9.32438 -0.347505 70
8.98101 -0.840864 70
1.32303 -10.9452 70
0.777332 -0.0502194 70
11.1171 -10.3205 70
1.42745 -9.87765 70
1.24537 0.194088 70
-0.296998 0.507621 70
-0.915371 11.2585 70
-20.201 -1.49635 70
-0.302824 -0.268572 70
10.8651 -0.858664 70
11.2228 -19.6867 70
1.45444 -0.914322 70
-11.2875 1.18219 70
11.2706 8.70688 70
10.6415 -0.627282 70
-0.9887 10.8061 70
-0.534048 0.80138 70
-0.665597 -1.44739 70
0.547261 -0.177562 70
-0.430432 0.886623 70
0.274976 -1.02315 70
11.4565 -0.153659 70
1.04569 -40.0508 70
1.46058 -0.468758 70
-0.85074 0.42911 70
1.27863 -11.2842 70
0.698996 0.835983 70
10.8438 -1.39566 70
0.556635 0.510649 70
-1.44165 -0.259843 70
1.09352 -21.2384 70
0.79107 0.47033 70
1.31683 9.91081 70
-0.141272 0.514395 70
29.2555 -20.2538 70
-9.27808 9.75064 70
-9.80545 10.7941 70
-8.92774 -9.63608 70
-0.106726 0.90356 70
-1.24719 -1.29597 70
-0.157085 -1.04041 70
1.42756 9.13209 70
51.0428 -29.5885 70
10.1696 -49.1871 70
-11.2059 21.2216 70
39.1459 -59.5344 70
-9.2221 -10.9636 70
0.151784 18.7401 70
9.02723 0.993882 70
-0.421134 -9.64932 70
-0.283361 -1.2767 70
20.1698 -0.681859 70
-9.52303 18.6826 70
0.180456 -9.04853 70
11.1299 -8.79882 70
10.9004 -10.9813 70
1.11342 0.770766 70
-0.167184 -11.487 70
-9.10547 -0.703244 70
0.426642 1.29187 70
10.5345 -1.42602 70
21.1857 -10.2657 70
-0.530098 -1.22801 70
-10.7875 0.187008 70
-0.104207 0.599254 70
1.46204 0.858161 70
1.48904 -0.852292 70
0.148701 -0.761908 70
10.9292 -0.693068 70
59.7719 -71.0885 70
-39.3107 38.7276 70
1.151 0.11885 70
1.41659 -0.619689 70
-1.08858 20.0946 70
0.128248 18.5505 70
10.0227 0.391763 70
-18.7992 -10.7082 70
9.46952 -29.6856 70
-0.0423332 0.708895 70
0.00275787 -0.632402 70
-0.339068 0.885939 70
-0.60743 8.83712 70
-0.664053 -8.88845 70
-0.582296 -1.39742 70
-1.01177 0.873419 70
18.8687 20.6201 70
9.8872 -38.7326 70
9.00922 -40.3411 70
