-101.134 0.720343 70
-0.771445 -0.113726 70
21.2426 -10.8309 70
-1.08178 -1.20812 70
11.2274 -19.3454 70
-0.846367 -1.15013 70
9.36348 0.385844 70
0.521923 8.71834 70
-10.7585 0.661507 70
-49.6825 10.6433 70
-1.34242 -0.235172 70
0.752389 0.827654 70
0.3228 -11.2666 70
0.284058 -40.1954 70
-1.47141 -11.1632 70
0.0834792 10.4094 70
41.2177 11.1722 70
29.8286 9.41742 70
20.3099 30.8106 70
-0.832531 -1.08839 70
-0.791708 -0.280299 70
10.5569 39.0687 70
1.00555 8.5748 70
1.05282 -0.619154 70
-1.14633 1.45161 70
-0.642767 10.3439 70
-1.39714 39.6691 70
0.279346 -0.432273 70
-0.797768 0.174309 70
-1.00545 -1.24529 70
10.3014 -10.8467 70
1.14235 0.596381 70
0.730165 1.27193 70
-0.759669 -0.0855933 70
-8.78216 10.6457 70
-41.3206 9.70175 70
-50.5274 39.6479 70
-10.5579 -11.2867 70
-10.6952 -8.62652 70
-8.77884 -9.91517 70
-1.39283 0.552994 70
0.843075 0.761669 70
-1.31202 0.182772 70
-1.10188 -10.5877 70
0.0800659 -10.3107 70
0.757419 0.689097 70
0.889182 -8.9012 70
-1.34737 -1.34726 70
-10.3273 -0.911686 70
-9.55218 0.000401888 70
0.596773 8.82511 70
-1.09682 -1.05815 70
0.734224 -0.685423 70
-9.38503 0.174027 70
-11.1466 -0.412789 70
0.0853914 0.333005 70
-0.584954 1.1651 70
0.250186 -0.173667 70
-20.283 19.5102 70
-11.2645 1.01044 70
110.764 -20.7872 70
69.6481 41.4012 70
-0.371825 0.496644 70
8.88151 -1.3869 70
-0.0747082 -1.48737 70
0.213737 1.39907 70
0.926552 0.823214 70
-30.822 50.6077 70
-0.217233 1.22504 70
-1.22035 -0.0956553 70
1.4986 0.92599 70
-0.115419 -10.0669 70
9.70543 0.247045 70
-0.173781 0.737517 70
-0.557601 0.653643 70
0.248937 -0.193164 70
-9.05509 81.1823 70
-1.39796 1.31914 70
-0.887908 -10.9367 70
0.25119 1.42292 70
-0.859509 0.742102 70
-1.25467 -0.626731 70
11.3265 -0.736224 70
0.770549 1.33082 70
-0.727866 0.169195 70
1.01822 0.452777 70
1.42057 1.43502 70
1.23621 -1.35451 70
9.8393 -1.23777 70
-9.43244 -0.597416 70
11.426 -9.51523 70
-19.9181 11.2212 70
-0.409891 1.24427 70
10.4766 11.4885 70
0.799649 -8.86904 70
0.979672 1.30662 70
-0.297501 1.10638 70
-0.340907 1.05162 70
9.91747 9.60042 70
0.753494 -1.17367 70
41.4238 -0.149144 70
0.213907 0.0941941 70
0.651386 -1.4389 70
0.763654 0.533805 70
10.866 10.8236 70
-21.0506 -20.4908 70
0.130239 -11.2173 70
30.5402 9.9911 70
11.2187 0.437799 70
1.07356 0.824552 70
-11.0209 -8.53173 70
-0.692415 -1.15214 70
-0.421733 10.3259 70
-0.767837 9.26738 70
1.20387 -0.625354 70
28.7725 9.85619 70
10.1878 -0.0411776 70
9.95869 -1.06001 70
0.430315 0.131078 70
18.8527 -11.1427 70
-9.76758 0.00825837 70
-80.0378 -0.0372316 70
-1.23024 1.16063 70
10.4692 11.0309 70
-18.8589 -9.75826 70
1.35744 29.1526 70
8.53789 10.2635 70
8.54052 9.20301 70
-0.550328 -9.07534 70
-30.4663 -69.7771 70
-0.152466 1.03304 70
-0.733117 0.776764 70
0.281517 -1.41798 70
-10.3011 -21.1416 70
0.317476 0.955258 70
8.98978 8.50181 70
-1.13972 -1.2023 70
0.0411615 -1.05469 70
19.8984 -10.5291 70
-0.143213 0.267985 70
31.1293 8.81223 70
40.6976 -18.9591 70
0.201007 -1.47785 70
-9.5776 -9.39674 70
1.40331 8.81886 70
0.603839 -1.10454 70
31.0484 -1.0582 70
-28.8467 -0.414092 70
0.482666 -40.6586 70
-19.5043 20.1963 70
9.18425 10.9897 70
18.7222 -10.3591 70
10.2522 -8.85466 70
-1.14143 -0.855419 70
1.45567 0.159147 70
9.4825 18.8418 70
-18.9325 9.01526 70
1.12877 9.6821 70
0.25947 -0.264505 70
1.12501 -11.184 70
1.28699 -1.32517 70
-11.29 10.9848 70
1.03219 -0.39002 70
-58.9472 61.2191 70
-0.329106 0.68027 70
-1.16511 11.0752 70
1.3812 -0.143208 70
39.2245 -10.7063 70
41.166 -11.4587 70
-1.20525 -0.892699 70
1.34278 -1.26164 70
-1.08554 1.25655 70
30.2273 48.9948 70
1.19659 -0.952341 70
-61.1419 -8.50922 70
0.975612 -0.0969135 70
-1.07447 -1.44653 70
20.8504 40.5487 70
10.1654 -11.4717 70
18.5214 -19.7025 70
0.160966 0.598038 70
-10.6839 -29.8231 70
-0.807565 0.656825 70
0.641282 0.473025 70
-0.704169 0.958732 70
9.15441 -1.05982 70
20.1405 -19.3479 70
0.286625 0.876844 70
10.7837 -28.852 70
-10.4036 -11.2897 70
-10.3638 -9.77542 70
-10.295 -9.95393 70
10.2007 -0.503796 70
0.734542 10.3869 70
9.35034 -1.49028 70
10.4014 -19.6543 70
-1.19818 -1.23312 70
-0.364198 1.07894 70
29.7947 -19.8067 70
-1.21753 1.22527 70
40.8847 -11.247 70
-0.103038 -39.4377 70
0.382105 -8.85952 70
0.451767 0.424278 70
20.4481 0.359464 70
-0.971039 10.2448 70
19.3117 -9.00696 70
1.37765 1.11754 70
1.05397 1.3916 70
11.0239 -1.353 70
90.1994 -69.922 70
-0.490297 -0.564698 70
19.3389 10.0737 70
-0.0831512 8.57571 70
9.69051 9.93763 70
-40.2032 60.9019 70
-8.6462 -9.04369 70
-0.411797 11.4348 70
11.2161 -11.1952 70
11.0623 -9.86269 70
-8.53523 10.4159 70
0.799291 -1.05623 70
10.3606 -39.1908 70
-1.17545 10.9025 70
31.2086 -0.769878 70
8.77814 -1.32909 70
-11.2858 -0.712865 70
0.0741355 0.0767495 70
-0.194238 -8.74254 70
19.5277 -0.360708 70
-0.112253 10.8394 70
0.485231 0.47501 70
-31.3446 -19.1552 70
-11.155 -1.0957 70
-0.366078 10.0573 70
-1.41429 -0.405481 70
0.869127 10.315 70
20.9075 91.4918 70
-0.619392 -9.05947 70
0.420707 -0.108548 70
0.61854 1.19078 70
10.4285 -0.935126 70
-11.451 -9.06937 70
8.74178 -10.9094 70
-0.165247 -0.207643 70
-0.642148 -0.620879 70
-0.307201 0.812879 70
1.29084 0.184324 70
-9.04273 9.59882 70
-0.620359 -0.657991 70
-0.115309 -0.510028 70
-8.6096 -9.84975 70
1.20273 1.05428 70
0.765716 -1.04971 70
11.3376 -0.558829 70
-1.47424 1.4165 70
-10.2793 -9.41501 70
-9.80805 20.4869 70
9.88688 -9.99774 70
-1.33598 0.303285 70
-0.0115251 -0.193136 70
39.0224 -30.823 70
-1.38638 8.85742 70
0.580298 -0.465056 70
-0.0322723 -0.872646 70
0.423062 1.03524 70
-0.366178 1.13177 70
-29.6568 -20.3125 70
-0.483758 1.48095 70
-0.018514 0.515913 70
19.8228 30.9231 70
1.38781 0.710295 70
9.82347 -0.338013 70
0.0824525 -8.55262 70
0.936929 1.17243 70
-1.10234 -9.08578 70
1.10753 11.2274 70
-19.9491 19.1066 70
-9.98709 10.0511 70
-0.986739 11.3769 70
11.1571 -9.66881 70
-1.43538 0.525129 70
49.7454 10.052 70
0.861854 8.63997 70
-10.998 -1.05162 70
9.96134 9.67951 70
0.541272 -0.321894 70
0.334851 0.698076 70
-9.01378 -9.47966 70
19.3915 -21.2069 70
-0.327728 -0.227719 70
-1.29869 -0.935636 70
-11.0434 -10.7117 70
9.78772 41.1652 70
9.94149 -0.299011 70
0.513771 -0.645157 70
-10.4276 10.7533 70
-10.6422 0.453151 70
11.2186 -10.4592 70
-10.7428 0.669913 70
-21.0977 -30.8601 70
0.112688 0.835194 70
0.941413 1.3941 70
-0.062756 -0.0875379 70
-0.761863 -1.29527 70
-0.199781 -1.1204 70
-30.2656 20.7685 70
1.06927 9.28175 70
1.09651 1.38821 70
-8.87343 0.992212 70
-8.82039 10.4254 70
9.25099 -9.02622 70
10.0158 -9.84263 70
11.3297 1.13256 70
-1.36738 8.90643 70
10.8035 -9.74278 70
10.4508 0.895442 70
-9.75249 10.7686 70
-0.649194 -0.539541 70
11.2551 -1.49769 70
-1.21782 -0.261195 70
1.18607 0.494309 70
-10.006 -19.9258 70
-8.88647 10.3929 70
19.8615 -10.1529 70
-0.106479 -0.829991 70
-29.5751 19.1761 70
-21.192 -0.463038 70
-10.2017 -11.3261 70
-20.567 0.603952 70
-0.319301 -0.438619 70
-0.135843 -1.34974 70
11.4435 21.2924 70
30.9332 11.0153 70
1.38876 11.2891 70
-19.7169 -19.8218 70
0.614735 30.5915 70
-0.237828 -0.715721 70
-0.306694 1.25354 70
-19.257 -20.2392 70
-0.048422 -1.39999 70
30.4006 -11.2876 70
-1.3976 1.10373 70
20.3535 -18.7524 70
10.7938 -0.402047 70
11.2223 -20.682 70
0.27272 0.638684 70
0.81974 9.33583 70
1.30104 0.748035 70
40.6933 -38.7642 70
-0.273448 -0.110242 70
-0.447283 0.991483 70
-9.18255 1.12146 70
-0.80403 -10.75 70
1.09782 -0.970924 70
-10.4506 -0.845204 70
-0.785322 1.26947 70
-1.28117 1.23379 70
0.863768 -0.628657 70
1.39782 -1.06385 70
19.2978 19.0113 70
0.972285 0.0121526 70
-0.042646 -0.874384 70
8.72922 10.8544 70
1.08126 8.64252 70
1.31234 9.25607 70
0.365535 -0.0724193 70
1.3002 -0.181146 70
-1.0205 -10.189 70
20.7364 9.1222 70
0.605017 -10.1966 70
20.8839 69.6789 70
0.407296 0.910704 70
10.0202 0.447601 70
0.149107 -0.993717 70
11.482 30.6724 70
0.758897 -0.619908 70
-1.34385 -0.284443 70
9.40442 0.375867 70
-0.0586557 -0.548466 70
-18.7467 -10.3165 70
0.0675838 0.460539 70
8.76701 11.4142 70
11.3338 10.802 70
-10.9095 -0.243573 70
-19.4339 -1.21468 70
20.0263 8.66049 70
1.10369 1.43889 70
8.5078 9.9214 70
-0.871713 -1.13072 70
9.86658 9.17176 70
-1.09188 0.0873169 70
-1.09237 -1.26733 70
-0.897965 -1.2954 70
-11.4151 29.1901 70
10.2921 10.2174 70
10.7174 -38.6777 70
0.876748 0.168196 70
-1.13866 1.47726 70
-0.106019 0.0486129 70
-0.494784 -0.14548 70
10.1749 -11.3299 70
-0.960508 -10.8866 70
-8.60309 59.9739 70
0.13708 -0.836996 70
-1.17266 -1.48363 70
-1.21427 -0.522095 70
1.22254 0.0954029 70
9.24095 0.107475 70
-1.06359 -1.00849 70
0.721928 -1.12507 70
-0.0498027 9.90915 70
18.5773 9.91402 70
11.3488 1.27825 70
0.937254 0.737236 70
-1.20287 10.8767 70
1.46164 -0.551655 70
0.162107 -0.59493 70
1.30676 1.43263 70
-0.830199 0.446754 70
-11.4666 1.32506 70
0.682425 -10.3387 70
11.4485 9.21249 70
-1.34239 -8.83273 70
0.198146 -0.295635 70
10.6248 0.851004 70
18.8097 -10.8451 70
-0.539613 -0.736999 70
-21.289 -9.80528 70
-20.276 -10.7664 70
0.508561 0.738504 70
-0.0979787 -0.73097 70
8.6048 -30.3674 70
1.42401 -1.4336 70
9.86445 -0.670912 70
-0.507313 0.415283 70
-1.2717 -20.771 70
-1.02559 -20.3652 70
1.4572 -0.643896 70
-21.179 10.9187 70
-0.73443 -28.9849 70
-10.2436 11.0007 70
0.334211 21.2846 70
-1.4511 -0.576369 70
8.97559 0.4314 70
0.614237 1.24597 70
0.579417 0.072049 70
9.38888 -19.3924 70
0.200274 0.439549 70
9.10617 -0.206494 70
-10.6628 10.3831 70
-1.40464 8.98597 70
9.41675 -10.487 70
9.07201 0.0862405 70
-0.114759 0.159731 70
-0.448434 10.3234 70
1.47415 10.7119 70
-0.0810194 -0.0567553 70
19.5905 -20.7905 70
0.612807 0.680047 70
-1.21573 1.43403 70
1.38298 1.13973 70
0.702886 1.38411 70
0.28723 -0.445695 70
1.09188 -0.623178 70
0.831863 1.00935 70
0.50411 -0.942769 70
0.728375 0.198713 70
9.43274 8.91421 70
-19.077 21.3488 70
19.1631 -9.1281 70
-1.47107 0.777444 70
1.23102 -1.26438 70
0.448654 10.503 70
-0.986921 8.95405 70
0.485305 -0.617711 70
-0.234947 0.302041 70
10.4631 0.471929 70
29.6034 50.9875 70
-1.04399 -0.589531 70
0.388507 -0.184833 70
0.442636 0.626809 70
-1.30944 -8.83591 70
0.721334 0.239414 70
-21.2271 -19.6407 70
10.8317 -11.0511 70
19.3918 29.7951 70
-21.0129 9.51342 70
0.232011 -0.978643 70
-0.44465 -0.0979163 70
-48.8088 10.2212 70
-19.7021 -18.6353 70
-0.931879 -0.278877 70
-9.33237 -11.2965 70
28.6045 -79.7925 70
28.8875 8.50531 70
30.5373 9.25536 70
31.2309 9.36514 70
10.3945 -11.1321 70
-0.762029 -0.904349 70
39.2961 -29.3688 70
-1.09334 10.2051 70
1.44199 11.1456 70
-0.924526 -0.711527 70
-0.250477 -0.840269 70
0.653843 0.436584 70
0.496831 -0.28755 70
-19.0934 -1.19132 70
0.165813 1.37994 70
0.431069 -1.03952 70
10.8037 -0.185869 70
8.81889 -30.4147 70
-1.01391 -1.14228 70
9.97648 -19.3212 70
-0.469629 -0.830748 70
1.16101 0.0968302 70
0.266605 0.13294 70
11.0353 11.4293 70
10.0957 -9.31845 70
0.343667 8.66915 70
9.78515 -21.3156 70
-1.04263 0.497997 70
10.3402 -1.39278 70
0.504699 -0.160627 70
-0.882429 -20.4886 70
8.82447 -0.863118 70
-11.2263 0.0573716 70
10.0626 0.951309 70
11.3177 -9.51405 70
-10.6746 10.9922 70
1.13513 10.6659 70
20.8552 -10.2921 70
21.0075 9.91281 70
-8.85431 -18.5882 70
1.08983 -9.62369 70
0.0812592 0.266331 70
-0.895196 0.786003 70
1.48637 -11.1825 70
10.637 -10.3005 70
-18.9403 81.1766 70
-0.615073 -0.921543 70
0.677384 -1.41925 70
40.5948 -0.856373 70
0.286283 1.21357 70
-8.58859 0.85427 70
-10.7247 11.0138 70
-9.75803 10.8279 70
-8.53582 9.59991 70
-29.0445 -19.2049 70
10.2469 -19.8289 70
-0.705618 -0.019792 70
-0.150398 -9.19575 70
8.74026 10.2709 70
0.0737992 -10.7409 70
18.6758 -28.718 70
-1.47663 1.20839 70
-0.887755 1.46788 70
29.749 8.72699 70
-1.25082 10.2114 70
-0.113543 -0.134175 70
-0.928194 0.818235 70
0.304757 1.41089 70
-0.130842 0.150075 70
-0.579035 -10.4463 70
-19.6182 -11.4513 70
-20.5599 -8.63795 70
0.572591 -1.43656 70
-9.92672 10.9992 70
8.79003 -8.78473 70
-1.21554 -0.209076 70
9.93698 11.3436 70
-9.90246 18.8318 70
-10.5234 1.00863 70
-1.3866 8.90141 70
0.355736 -0.316772 70
8.54859 10.8891 70
0.785246 -0.457286 70
0.0897198 -8.98035 70
30.4222 -19.2087 70
-1.09908 -0.160517 70
-29.5034 28.5386 70
-29.5413 31.1615 70
-1.03203 1.37504 70
20.9661 20.5479 70
-1.39396 0.527619 70
0.836506 10.3001 70
0.888675 -9.25474 70
-1.32061 1.47596 70
0.651704 0.969712 70
10.943 0.857177 70
11.4216 0.567736 70
11.1176 -0.362727 70
0.117587 -0.183178 70
-9.92422 11.3847 70
-1.48646 0.971879 70
0.760379 -1.20936 70
-0.303121 -10.9054 70
-1.13202 -0.0374788 70
50.1247 -100.444 70
-8.5957 -20.2364 70
-19.3276 0.771402 70
19.472 -18.9321 70
0.0105867 0.929199 70
-0.572456 -0.467872 70
-0.312967 0.699119 70
-9.44044 9.63205 70
-11.2051 -19.2826 70
0.562462 0.23358 70
9.02605 -0.777527 70
-10.0599 11.295 70
-1.16642 1.35801 70
0.27204 0.599706 70
20.9175 8.5686 70
10.098 -1.13773 70
-0.439854 -0.062173 70
-11.2812 -0.00620408 70
-0.947477 8.95136 70
1.30298 -20.7881 70
-0.618471 10.6544 70
0.532339 -9.975 70
-0.449521 1.40512 70
-21.4135 8.85435 70
-1.33037 1.45487 70
1.12123 1.39665 70
9.35083 -10.3165 70
9.5354 1.01395 70
8.96994 0.740967 70
-10.4103 -0.0124174 70
9.70563 9.96271 70
0.634118 -9.99947 70
10.6244 1.04674 70
0.840456 1.4858 70
-0.760227 -0.438829 70
-0.78582 0.977234 70
-10.2141 0.471318 70
-0.281514 9.32331 70
1.01525 -0.950878 70
-8.94731 19.8874 70
-1.10441 1.45637 70
-8.8239 0.160878 70
-9.09098 0.478565 70
-1.23351 0.884078 70
1.31595 -0.942326 70
0.898583 0.318967 70
-1.36068 0.210158 70
21.0738 18.806 70
-20.8921 29.9351 70
8.65893 -0.123949 70
0.378688 1.49048 70
-1.49805 -0.31183 70
80.4689 -69.2486 70
0.66581 0.134856 70
0.0513377 1.32074 70
0.430482 -1.02648 70
0.504482 -9.83894 70
-0.306386 -1.15494 70
-1.24216 0.00290206 70
-0.0246197 -1.42593 70
0.331768 -1.01252 70
-0.435262 1.0958 70
9.01192 -10.4574 70
20.5567 -50.0414 70
-11.2095 -89.394 70
-0.760279 -1.38573 70
-0.149699 -0.955685 70
-0.999715 0.163901 70
-9.19703 -8.79827 70
51.4936 -10.2725 70
1.37528 0.654595 70
10.7895 -0.936689 70
9.4921 1.25019 70
-0.0113783 1.31526 70
11.0956 -0.385804 70
-8.96383 0.253788 70
-8.64654 -41.4458 70
1.28729 -81.2045 70
0.808434 -1.45022 70
1.41985 -20.8203 70
0.420956 1.10136 70
-19.5171 0.747881 70
0.782448 9.29056 70
9.66934 -10.4265 70
-0.416891 -49.949 70
20.1494 0.360489 70
-0.11548 -1.49306 70
10.9112 -28.6256 70
1.02087 -0.0498312 70
0.632054 0.988937 70
10.5425 0.60546 70
1.24671 -0.257075 70
0.546407 -9.76632 70
21.429 -11.0743 70
0.0354698 0.461804 70
10.7585 -11.4818 70
-20.3413 -10.646 70
-10.2226 19.9376 70
-1.09197 -0.0196596 70
-10.9912 20.9621 70
-0.610665 1.19383 70
0.106473 1.47212 70
-0.998855 1.40031 70
0.303961 1.12161 70
-0.477902 -1.38656 70
19.4051 0.673755 70
8.57559 -8.76987 70
-0.170881 -19.2454 70
-0.201071 -18.6861 70
9.29414 19.914 70
-0.150852 -9.70251 70
0.112614 -1.45625 70
9.16129 -1.23477 70
1.05867 0.143431 70
9.45616 -19.6815 70
-1.46736 -0.519976 70
-1.10959 10.3092 70
-20.8118 9.66764 70
0.309929 -8.7446 70
0.123567 0.115776 70
0.254943 -0.562971 70
9.06557 0.916714 70
-1.35319 0.371972 70
-68.7536 70.9295 70
-10.3075 -9.30933 70
-11.3769 -29.1063 70
0.665709 -1.36952 70
-9.64241 0.153442 70
-11.3936 1.28771 70
109.465 9.20142 70
-88.8572 -60.1886 70
-1.48391 0.269274 70
-1.36129 -0.459486 70
29.779 -0.279859 70
0.825599 -1.07128 70
-20.6381 -11.3384 70
11.3534 -0.965635 70
-0.0951192 1.05446 70
9.08768 1.22419 70
9.72337 -1.21047 70
0.450806 -0.994846 70
0.148204 -1.45767 70
-0.862522 -10.7185 70
-11.2033 10.5929 70
-0.304498 -10.968 70
30.7396 61.1894 70
30.5987 58.6239 70
-0.711734 0.9064 70
-0.108909 -0.717239 70
-10.7421 -29.8204 70
-39.383 -10.4586 70
0.549899 -29.3761 70
1.17955 1.25795 70
-0.219202 -1.07324 70
-0.518849 11.2188 70
-1.2103 -0.189549 70
-0.919821 0.63201 70
29.4899 -88.8828 70
0.511281 11.1611 70
-11.3647 -20.7963 70
1.20505 0.941451 70
0.236541 -9.21264 70
30.5605 20.1326 70
-8.97721 -21.0098 70
0.206215 0.52868 70
30.9705 19.317 70
0.467547 0.0462719 70
0.90047 -0.722402 70
-1.10741 -0.743146 70
0.710468 -0.635345 70
10.4445 0.4202 70
11.3258 0.694453 70
59.1314 0.723321 70
8.9058 -0.779248 70
1.0074 0.825199 70
-0.170159 0.475151 70
0.329678 -0.223002 70
0.192693 1.2248 70
0.0804139 0.506846 70
11.0179 1.23063 70
8.66529 1.14043 70
-61.242 60.5021 70
11.4694 1.05369 70
-0.704753 -0.703978 70
10.641 30.1158 70
21.0601 0.384894 70
10.0074 -1.09666 70
1.22946 -1.11983 70
-9.61762 0.128736 70
-1.46059 -1.33415 70
-10.6081 0.211588 70
1.12891 -31.2026 70
-9.4995 20.0925 70
-10.55 -19.3186 70
0.764815 -1.39604 70
-0.430556 0.479832 70
