-0.685852 0.292394 70
-1.04166 -1.43802 70
-0.178956 0.0863515 70
-1.34378 -18.8857 70
0.537187 -9.36706 70
-0.236624 -1.37891 70
0.220559 1.29201 70
-9.75448 0.0846629 70
1.09443 -1.09563 70
0.689729 0.703159 70
8.51934 -0.404572 70
20.0957 -48.8641 70
-0.809819 10.1832 70
-51.3351 -0.970945 70
-8.75585 0.550165 70
1.32636 -8.85937 70
10.3709 -0.402181 70
0.163414 11.1933 70
11.2952 19.876 70
1.32589 0.948151 70
-9.35339 -0.0989067 70
-1.03751 -0.700733 70
-0.921385 -0.922527 70
-30.9312 -69.0834 70
-30.1742 -68.8675 70
9.95852 -11.0767 70
18.9927 -10.1953 70
-8.83022 -0.582603 70
0.400603 8.93014 70
0.632782 9.87094 70
29.515 0.0331342 70
-9.54795 -9.50025 70
-1.04441 29.134 70
-1.2273 -1.2446 70
-9.0175 10.0348 70
19.3462 20.8898 70
-0.636858 0.162803 70
0.138057 -0.451326 70
-9.60396 20.3028 70
9.33896 -8.71491 70
1.05225 0.170885 70
-0.723126 0.582819 70
-18.839 -8.51526 70
1.2697 -9.82855 70
0.119531 -0.259424 70
10.6178 19.526 70
-0.097178 -0.488806 70
-10.5936 -9.5611 70
0.476266 0.139334 70
1.41024 -10.8673 70
-9.97344 10.4612 70
-1.45367 20.1756 70
0.522256 1.19866 70
0.0111731 -10.2492 70
-0.414994 -0.859383 70
-9.95944 -0.337419 70
-0.557507 0.0548485 70
-0.585229 40.4378 70
-1.35549 -1.24867 70
0.0959393 -0.342947 70
39.9004 18.8684 70
39.379 19.8185 70
-20.2825 -9.01134 70
-1.2546 -9.19341 70
0.871169 -0.580447 70
-41.3785 -20.3542 70
-11.256 -0.157199 70
-10.9645 -50.1824 70
-0.968479 -11.4318 70
-10.1808 -29.0542 70
-9.74897 -9.9729 70
-20.3489 -9.05926 70
0.0218362 -10.7264 70
-18.9938 -9.8454 70
-0.575789 20.4366 70
-8.54806 -0.901892 70
-30.668 -9.74331 70
-1.20142 0.720981 70
-10.7752 -0.0682135 70
-0.442969 1.44709 70
0.538374 -1.46571 70
29.3647 -1.29176 70
-1.34847 -1.46288 70
-0.813907 -0.786772 70
-0.561599 -1.13561 70
-31.1916 -20.1621 70
-1.17498 -11.3645 70
1.15507 1.08835 70
0.284164 0.986825 70
-9.95796 -0.71362 70
-10.1439 -11.2952 70
1.24421 0.698986 70
9.02919 -9.03063 70
-11.4753 -0.114273 70
78.565 -51.3733 70
0.437719 11.1491 70
-9.48592 -9.52661 70
19.0449 -11.4778 70
11.2329 -11.0206 70
-11.3141 10.9251 70
8.97488 -19.5263 70
-0.502034 9.0279 70
0.985873 0.852076 70
-0.0175771 -9.65943 70
10.5383 -9.17513 70
0.474461 0.105403 70
-8.6525 0.393753 70
-1.33219 0.0326388 70
-8.85404 -1.49697 70
10.6031 -9.48237 70
18.7872 8.59896 70
-11.3877 -10.191 70
-11.2408 -9.45258 70
-21.4863 -9.94566 70
-9.83613 0.608848 70
-1.46326 0.648918 70
-0.145196 -1.38602 70
-20.3398 -10.185 70
-21.3875 0.465337 70
-10.0622 -1.04285 70
-10.4467 -10.4043 70
-10.4863 -8.92195 70
-30.0127 -9.28216 70
1.47466 -11.1681 70
-20.8654 10.4046 70
-19.984 10.8699 70
-10.6256 -1.15895 70
9.00709 31.1916 70
0.0705694 0.182308 70
-10.6851 1.2448 70
10.4618 -9.11423 70
10.5401 -9.59967 70
-8.75488 -1.12543 70
50.7113 20.8271 70
-31.0361 109.817 70
-0.313462 -0.932752 70
-8.7342 0.281646 70
9.54821 -1.09964 70
0.0967686 11.39 70
-1.39789 10.4048 70
-10.1118 -1.39879 70
0.554899 0.794222 70
-19.6951 20.0001 70
-1.14354 -1.00325 70
-11.1451 0.513481 70
1.20319 0.657784 70
0.595 -0.834097 70
-1.28663 -0.827409 70
1.47747 -19.2722 70
-9.20617 0.106979 70
0.140166 -1.31429 70
0.664582 -10.7376 70
-19.4755 20.897 70
-8.50025 -18.5943 70
0.412138 0.0176756 70
-9.06907 -0.823666 70
60.1365 20.9664 70
0.323444 -8.56717 70
9.61989 10.4527 70
-19.6591 10.9003 70
1.42867 -0.229235 70
-21.4272 -9.70062 70
-9.56108 -1.34209 70
-8.98728 -0.211724 70
30.9553 -9.59589 70
20.3152 -0.301868 70
19.1888 -0.615675 70
29.295 -0.350224 70
-0.889905 -0.29169 70
1.23792 -1.03926 70
0.91406 -0.170523 70
-9.99178 -0.48689 70
10.2718 -0.603249 70
9.81368 -21.4165 70
-20.7385 -10.0773 70
-19.2368 -10.6213 70
-0.862216 -11.2941 70
-11.0352 1.03967 70
-1.46101 0.376871 70
0.82607 0.261008 70
9.43682 -10.8312 70
-0.57603 -10.1176 70
-30.818 11.2358 70
19.4638 -9.33573 70
1.24383 -0.274151 70
1.4346 -8.69337 70
-8.92219 -0.590162 70
0.37956 -0.793927 70
1.28403 -1.36401 70
-1.28214 -0.727603 70
-0.824952 9.72337 70
0.101029 10.9125 70
0.384305 -1.46834 70
9.35606 18.7057 70
-9.45613 -20.7159 70
19.7796 -11.2362 70
-10.552 -1.05523 70
0.157942 0.518178 70
-0.0332317 -0.739954 70
0.718865 0.986087 70
10.0475 10.7929 70
-0.84273 1.29111 70
-0.433809 0.549772 70
10.0988 -1.4878 70
-0.0276867 -18.6154 70
0.5713 -19.038 70
1.44896 0.758757 70
0.790862 -0.876519 70
-9.72591 8.70044 70
-0.612035 0.63968 70
-9.14506 -10.4795 70
-0.31043 0.0526411 70
-9.7136 1.04467 70
-0.810636 -0.60789 70
-9.40729 -0.404586 70
-8.516 -20.156 70
-0.358423 -0.890085 70
1.47082 0.90325 70
21.0036 39.9559 70
19.7177 40.3771 70
-0.955403 -20.1335 70
-0.201403 -8.79309 70
1.3904 9.45498 70
-0.651788 -0.480901 70
-20.5438 8.87877 70
-9.50657 0.963999 70
10.3249 -30.5087 70
0.345309 1.44779 70
0.720045 -0.836888 70
-9.39878 -10.7966 70
-11.4982 -11.3109 70
-20.2759 0.565301 70
0.689368 -20.4263 70
-20.6835 0.427689 70
-18.9898 -1.20722 70
-9.58279 -9.57418 70
-39.0985 0.653137 70
-10.032 -29.4449 70
-9.32482 19.3545 70
-0.866634 10.7165 70
0.400141 9.5201 70
1.2308 -1.3645 70
0.326155 9.66546 70
-10.3834 -0.771844 70
60.0803 -30.6123 70
60.6092 -30.7739 70
10.774 -0.672627 70
-18.7077 -21.4636 70
-8.99981 9.22753 70
0.909913 0.264267 70
-30.6964 -19.85 70
-0.00995878 0.463604 70
-11.2614 -1.13654 70
-21.0371 10.7242 70
1.44466 -1.04023 70
0.137268 -1.04691 70
9.08201 -58.5057 70
11.2427 -10.308 70
-8.84315 8.79501 70
-20.9445 0.547231 70
0.18076 0.799837 70
-19.027 -28.943 70
-11.4652 -0.906362 70
-0.169973 -0.19929 70
-8.69379 -10.7773 70
-20.9637 -30.0449 70
-0.08488 0.325898 70
-9.5732 -10.4741 70
-8.71154 -1.34061 70
-0.723019 10.4992 70
0.0574128 -9.71022 70
1.49439 -10.3814 70
-19.205 -79.2819 70
-50.429 -119.8 70
-1.4381 -9.52083 70
-11.3797 99.8348 70
-0.823641 0.590413 70
0.0751461 -10.2672 70
10.5832 0.666012 70
-29.8424 -49.3277 70
0.469171 18.5924 70
18.6479 0.233257 70
-50.922 -18.5898 70
-41.2917 49.9126 70
-10.4978 11.1978 70
0.0324297 1.44968 70
-1.39695 0.878777 70
29.7992 10.949 70
-0.30408 -8.88284 70
-0.216921 0.230559 70
0.679386 0.347322 70
-61.0623 -38.9655 70
10.8906 -0.605905 70
-9.74295 -10.9929 70
-1.25711 -10.9125 70
0.0816435 0.793067 70
-51.0064 -18.7042 70
-10.9876 8.94885 70
-21.3297 8.72677 70
-1.30857 0.0790944 70
-10.204 -11.2328 70
0.449597 1.31989 70
28.9765 11.3953 70
9.88224 10.1463 70
-1.47239 0.366657 70
8.55722 -40.1195 70
-10.2593 -1.40203 70
19.123 -9.43176 70
-1.43134 -10.4633 70
0.878214 -10.6015 70
-10.4818 10.4882 70
-108.965 9.93639 70
-20.8666 0.642014 70
-11.3611 8.60399 70
18.9444 40.8007 70
-0.459703 -8.67686 70
-20.4919 20.2814 70
-18.9326 21.498 70
0.326024 0.924616 70
-0.559865 -11.1178 70
-10.8527 9.73073 70
0.305829 -11.2499 70
-0.419359 0.0782619 70
-1.40051 -8.69008 70
-49.5785 79.0413 70
-1.06574 -0.349845 70
-0.851482 -0.654378 70
70.1756 -39.8044 70
-10.377 -1.43917 70
-9.66587 9.65367 70
8.53111 11.077 70
1.4309 30.6295 70
-18.7606 -29.1503 70
-0.155921 -1.08521 70
-18.7146 -30.7409 70
-1.19601 -10.7332 70
0.797685 -0.991895 70
0.534004 -0.475986 70
1.49693 -9.88169 70
11.4713 1.41437 70
-9.01134 -1.2234 70
0.653992 0.604058 70
-0.78815 11.2393 70
1.37137 0.398094 70
9.38169 1.40792 70
-0.794143 10.7097 70
39.4697 -58.9795 70
-9.63946 18.9418 70
-40.4912 -29.9902 70
-8.97769 -8.65454 70
-0.810159 9.48816 70
-9.51489 -21.081 70
1.47145 10.6078 70
-0.963976 0.098376 70
-9.24551 -9.94052 70
0.474477 -0.135011 70
0.16019 -0.572105 70
0.524559 0.527835 70
-10.2895 -0.881481 70
1.09646 -1.02791 70
-20.6321 10.4387 70
-0.750582 0.455318 70
-9.98607 0.318971 70
-0.0765643 -0.0995958 70
-18.7948 -9.74912 70
1.01546 -10.8894 70
0.285812 -1.34567 70
0.861879 0.208382 70
-0.344476 -0.0996675 70
-11.4138 -0.650705 70
-0.901436 -9.28307 70
10.1789 -8.76336 70
-8.6155 0.297493 70
-8.81391 60.9203 70
-49.246 20.4432 70
-9.63532 -30.6624 70
-0.607559 -40.8251 70
10.3579 1.4844 70
9.53838 -9.83763 70
-0.222333 -0.0926696 70
-0.793194 9.31508 70
0.244906 -0.547783 70
-11.2697 -0.395249 70
-19.545 20.9593 70
-10.4748 0.231116 70
-28.9179 -9.93548 70
0.495789 0.670517 70
41.0637 39.0218 70
101.056 -21.4268 70
99.2557 -20.9587 70
0.785519 -0.294771 70
-9.81679 -9.53633 70
1.13717 9.53265 70
-9.97173 10.9082 70
0.532086 10.5191 70
-0.582532 -0.113144 70
-19.3805 -0.39205 70
-0.951475 -18.5411 70
-20.6625 0.179055 70
-0.866786 -11.066 70
-8.79709 -1.13494 70
-9.6909 18.9684 70
-1.47624 -0.274209 70
0.725314 0.323217 70
-0.669509 -11.3572 70
-1.39342 10.5739 70
1.13519 0.557159 70
0.739481 -0.23204 70
-1.36854 -0.721786 70
-1.39517 0.35639 70
-9.6309 -0.569152 70
-9.59929 10.0196 70
1.18653 -0.116172 70
-9.0406 0.204062 70
1.10818 1.45246 70
8.69284 -9.23004 70
10.7603 -8.53447 70
0.480429 -11.4834 70
1.24701 -19.1146 70
9.10097 20.2037 70
-1.36526 -8.53759 70
0.141539 10.6349 70
-9.88284 -0.163644 70
0.461157 1.35049 70
11.3714 9.13565 70
0.145662 -20.6285 70
-8.64119 -0.26461 70
-1.15818 0.486568 70
-11.1216 -1.41873 70
-0.18475 1.21914 70
-0.879156 0.525255 70
-0.272675 -9.03314 70
-9.36673 31.3709 70
-20.3549 31.4207 70
-1.30171 -0.728476 70
0.899391 9.23678 70
-1.34065 0.875556 70
31.3477 9.38975 70
-9.16298 8.73657 70
-1.49802 0.871999 70
18.9307 8.74681 70
-9.55978 1.25978 70
-1.25649 -1.21289 70
-0.425926 20.8267 70
1.15795 -10.9964 70
20.4079 8.93311 70
30.3641 9.13426 70
0.50962 -8.73377 70
-0.804331 1.14722 70
20.7571 9.45568 70
-28.8252 -1.47992 70
-29.4426 -0.826916 70
0.0826188 -0.895515 70
10.5883 -0.144534 70
10.5755 -1.43781 70
-0.199763 0.366375 70
9.86701 29.6434 70
-10.3077 -1.19771 70
0.883688 -10.1443 70
0.0880742 -0.137971 70
20.2191 -19.494 70
10.3311 -8.53423 70
20.0842 -8.68314 70
1.24185 -0.0155363 70
-1.49227 1.05586 70
1.29877 0.573941 70
0.170638 9.69379 70
-10.7787 -0.793233 70
10.5978 -11.0819 70
1.03215 -1.08497 70
1.31595 -19.1569 70
0.688857 -0.269227 70
-9.43123 20.4419 70
-0.371698 0.770031 70
-8.69524 -9.6784 70
-0.164283 0.550089 70
-0.0752981 -1.26161 70
60.5084 -99.3741 70
-0.374102 -0.848627 70
-20.9366 -20.6524 70
9.83264 20.0382 70
40.1502 -30.9251 70
1.26269 10.5072 70
0.785527 1.15419 70
-1.08193 0.554698 70
-30.639 0.968676 70
-0.0671358 -19.2604 70
-0.585033 0.450223 70
-50.424 0.819207 70
-19.7971 10.098 70
-8.79583 -9.70502 70
-18.8901 31.3451 70
-20.3381 1.35993 70
-40.413 -10.8193 70
21.1313 -18.8675 70
1.47619 -8.8798 70
10.7611 -9.73256 70
-11.4866 -8.7298 70
-0.935467 1.47683 70
-0.639763 0.726781 70
-8.72718 -1.25939 70
0.0584379 -1.45009 70
-0.069251 -0.701755 70
-9.30793 -11.49 70
-8.95096 -1.10026 70
0.311123 -1.12906 70
-19.7384 -9.14307 70
-1.31917 9.88446 70
1.28945 1.30303 70
-11.3129 -20.0411 70
-10.8921 -1.26714 70
-8.6952 10.0166 70
0.77036 10.3829 70
-0.0453057 0.669142 70
-10.9647 -11.0004 70
-8.76019 1.37951 70
-1.4205 0.748475 70
29.2425 -59.6849 70
29.0375 -59.7909 70
-30.5966 10.7712 70
10.0882 78.6353 70
0.989341 -11.1198 70
-11.1956 -18.5453 70
-8.71626 -20.6957 70
0.490083 0.901795 70
-20.6194 -10.3566 70
-0.13716 9.68933 70
-9.76925 -11.2547 70
-10.4803 1.04021 70
-49.949 19.1065 70
9.7624 -9.07262 70
0.711472 -1.11207 70
-21.254 -10.2405 70
-0.250564 0.731228 70
51.0592 9.43487 70
-18.6815 1.24641 70
31.3025 -29.2855 70
-11.4018 -11.279 70
-8.93291 -9.24702 70
-9.82764 1.077 70
-8.99722 41.2848 70
-10.3798 39.7543 70
-10.9435 -10.9839 70
-8.83994 0.99941 70
-30.397 0.136783 70
-30.1333 0.790293 70
0.379716 9.49792 70
38.9789 -9.69013 70
-19.0762 -11.3039 70
-1.1583 -0.637241 70
9.57537 1.35836 70
49.8011 79.9117 70
-8.63539 -10.7617 70
0.288735 -9.41057 70
-30.8449 -21.12 70
-20.5638 -0.804255 70
0.440952 -9.68329 70
-8.67741 -10.8061 70
10.9722 -0.140643 70
-39.6449 -0.6825 70
-19.2001 -40.8468 70
19.2247 -59.382 70
-11.1574 -0.945544 70
-39.8203 8.76987 70
-0.667987 0.835497 70
-0.767662 1.05239 70
-1.06477 -21.1002 70
-10.9345 -1.24782 70
0.850525 8.78791 70
-110.836 29.2593 70
19.7452 -10.803 70
0.473415 -0.0146759 70
-1.11646 -1.39578 70
-31.3645 -51.3849 70
21.0238 39.6873 70
-8.72734 0.110399 70
-1.32941 8.93707 70
-1.05335 10.126 70
-30.9893 -48.5736 70
-0.432451 0.308527 70
-8.91757 -30.8257 70
10.218 -20.5092 70
-0.945984 -9.85278 70
-19.223 -0.843625 70
-29.2368 9.67222 70
29.9815 1.43805 70
1.39354 0.637897 70
-10.2777 9.76201 70
-9.42413 11.3267 70
0.526349 -0.717539 70
1.34225 -0.184287 70
1.37416 -1.37561 70
0.670392 -0.677081 70
-28.8341 0.749555 70
-18.87 1.16294 70
1.35486 0.180433 70
1.07801 -9.45708 70
0.407249 -0.805373 70
-10.4371 -10.9341 70
0.216956 1.0609 70
1.47928 1.38671 70
1.07636 1.23303 70
10.8592 -11.4416 70
-11.2292 -0.658734 70
-8.52255 -11.3394 70
-19.0882 8.63125 70
10.404 0.395982 70
1.00273 -8.99864 70
-0.563154 0.694119 70
-0.00770144 1.07324 70
11.0027 1.18319 70
-9.19367 0.815575 70
-10.6925 -0.0130402 70
1.45353 0.796299 70
-10.4482 0.493865 70
-1.18989 -0.467429 70
-10.28 1.05714 70
0.216248 1.07413 70
19.3332 1.01098 70
19.6353 -1.45619 70
-8.92043 9.83468 70
-0.802183 -0.74368 70
1.30025 0.912331 70
-20.7328 -19.0287 70
10.6784 -1.31801 70
0.48311 30.5176 70
0.224364 0.437623 70
0.703712 -0.74954 70
-9.00981 -1.28655 70
30.3307 11.4543 70
-0.30514 1.35573 70
-0.00283031 0.0522371 70
-39.7479 -29.5545 70
0.98708 -0.466117 70
-0.873639 -0.962658 70
9.97512 50.2487 70
-11.3883 -8.68818 70
-10.909 -0.918321 70
-0.972466 -20.0558 70
0.112891 -0.857845 70
38.5222 -59.5095 70
-9.36881 1.17717 70
1.31151 1.18982 70
1.47479 -0.591808 70
-49.088 -21.2173 70
-10.9521 -0.52889 70
0.818815 0.123037 70
10.996 30.1341 70
20.1455 9.84588 70
11.0559 9.83742 70
-10.9775 0.0427317 70
-19.7772 -9.7869 70
-9.75745 0.45711 70
-10.4518 -0.380366 70
31.3758 9.23964 70
-8.67361 -9.61892 70
-8.69853 -8.81243 70
-9.95614 -11.3267 70
0.983777 0.545928 70
-11.4424 -1.435 70
-10.2398 -0.699903 70
-9.77697 -1.26741 70
20.3795 -1.39028 70
19.1675 -10.4599 70
18.6746 -30.0257 70
0.379756 1.02561 70
-0.696411 1.47197 70
0.604507 9.59051 70
0.161207 -0.970411 70
0.0163155 1.13643 70
18.5419 -1.26194 70
-8.69514 0.785947 70
-11.2444 -1.39612 70
9.81242 -10.8834 70
10.4157 -0.989655 70
-28.6169 21.1138 70
0.986224 -11.2342 70
-19.3813 20.9581 70
0.573456 -1.29707 70
1.39437 -0.180776 70
0.340171 -1.02666 70
-0.676302 0.0680206 70
-0.914026 1.00087 70
-19.0867 -19.3932 70
0.701704 -1.32166 70
0.798645 1.12064 70
-10.1003 -0.471939 70
0.667023 0.382919 70
-9.07865 -9.02085 70
-0.993572 0.94558 70
-0.42516 -0.27431 70
-0.258381 -0.132189 70
-10.5813 -0.366825 70
-11.1811 -8.55467 70
0.553918 1.27814 70
-20.2926 -9.23149 70
-20.2712 -9.28572 70
-0.865945 -9.70367 70
-28.9242 9.19029 70
-1.33177 0.818843 70
0.883804 0.129134 70
1.29057 -10.1225 70
-10.9455 8.76791 70
-0.899378 0.534988 70
10.6495 -21.195 70
-1.0296 1.47106 70
-10.5755 -9.7131 70
0.265532 9.71144 70
-18.9795 -20.1147 70
60.5603 11.105 70
0.061591 -0.723275 70
0.17619 -11.4704 70
-0.186721 9.62173 70
10.2929 1.23071 70
-1.22116 -1.14151 70
-1.44033 10.9107 70
-0.0521462 11.2865 70
-11.4809 1.33563 70
-1.23604 1.45738 70
0.699814 1.46113 70
10.2508 -20.9487 70
-8.73135 0.583009 70
-10.1099 0.676888 70
-0.434061 0.105321 70
-0.876719 10.4978 70
19.146 -11.3504 70
-8.9918 -0.137744 70
0.0192114 1.22055 70
-110.091 -88.5301 70
-10.6274 -8.71411 70
-1.0859 -10.7886 70
-0.786564 -9.04548 70
-0.521761 -0.848184 70
1.31258 0.915285 70
-9.80977 -9.08621 70
10.3486 1.09187 70
-10.2413 0.788896 70
-40.9562 -40.6533 70
1.27229 -9.72881 70
0.0590649 -10.912 70
