10.4283 -21.0175 70
0.653506 1.42226 70
10.3722 -0.56421 70
9.62696 -9.39878 70
-0.447025 0.801745 70
0.35981 -10.6584 70
-40.6904 -60.9444 70
8.87512 -10.3919 70
-0.0836579 1.27694 70
-19.0396 -40.342 70
0.704305 19.4321 70
-0.273355 21.2374 70
-0.000554187 19.4547 70
-1.36436 -11.2371 70
40.3642 -39.6847 70
0.892901 -9.61883 70
59.5241 49.7493 70
-49.5949 29.7105 70
-9.9467 -19.1819 70
11.0119 18.8298 70
1.46726 -9.5712 70
0.194188 10.4427 70
-30.0247 1.27985 70
48.6125 -0.227675 70
-0.868216 -10.0648 70
29.2409 -51.0715 70
10.243 -9.98733 70
9.29783 -9.16639 70
8.60058 -10.7246 70
9.65829 11.0609 70
0.635316 -20.9323 70
-9.74543 -20.9857 70
0.804858 -9.3162 70
9.37899 -11.4077 70
0.78835 0.0981163 70
10.7308 -11.4849 70
19.2132 -0.695252 70
-9.51904 -10.5601 70
-0.415935 -1.24599 70
30.6861 -49.8045 70
39.456 -0.0948174 70
-11.2477 -11.3603 70
0.37209 -1.21332 70
9.07806 0.265445 70
29.2186 -29.1968 70
11.0282 0.478683 70
18.6963 -19.1102 70
-0.860046 -11.2815 70
-1.45706 -9.6847 70
-10.123 -18.7885 70
9.80252 -20.6889 70
10.1859 -20.5313 70
9.80985 -11.3309 70
-1.40316 -10.6966 70
-1.02863 -0.274748 70
9.95435 -28.8891 70
10.7548 -0.942668 70
10.7613 -1.01124 70
10.3241 40.108 70
8.71767 0.085868 70
0.439671 -11.4769 70
11.2875 -0.508009 70
-29.6784 -29.3095 70
9.30618 -0.748203 70
-0.101677 10.2977 70
-11.2445 -9.22871 70
-0.666831 -0.912974 70
-0.522204 0.00167983 70
20.6293 -19.3762 70
9.47949 -9.23888 70
9.03381 -21.3651 70
8.70913 -0.931868 70
11.0776 0.539396 70
9.78386 0.397543 70
59.4022 -19.158 70
-1.16486 20.7975 70
1.02367 -8.77102 70
-9.3286 -61.2801 70
9.38595 -11.0473 70
8.7716 -9.24436 70
8.6013 -9.76164 70
9.4782 -11.1596 70
-0.450417 -10.2031 70
-0.410366 0.921696 70
-0.376462 -0.719496 70
20.6638 -9.91869 70
-9.75902 40.8684 70
-0.362864 -9.1962 70
1.39932 -10.927 70
40.3871 8.57595 70
21.0196 -11.3182 70
1.21983 0.552734 70
8.91973 -9.27321 70
0.289559 -9.60306 70
21.3923 -1.16292 70
1.29425 -9.49175 70
-0.730864 10.2191 70
0.747931 -0.576901 70
1.19619 0.833728 70
1.34132 -10.8856 70
0.544488 -0.443232 70
9.25422 0.667658 70
-9.39562 -38.6119 70
-38.6937 -9.69658 70
20.4977 -11.4807 70
-0.683567 -19.7069 70
11.093 -10.1426 70
0.594106 -10.0223 70
20.5517 -31.0118 70
-1.49455 -9.51012 70
-19.7627 11.1973 70
-1.46317 -11.0018 70
0.838715 -0.470635 70
1.05334 1.3162 70
10.1545 0.148208 70
21.0586 -41.4299 70
11.4878 18.7954 70
18.8309 -8.8187 70
-31.3874 -79.4361 70
-0.747551 -0.377904 70
-10.0301 1.2793 70
8.54711 -1.22703 70
10.7116 -20.9557 70
49.7083 -20.0901 70
-8.89332 -1.48167 70
8.99345 -10.93 70
1.14297 0.612813 70
0.529774 9.68377 70
-1.18642 1.09901 70
0.934977 -1.20317 70
-0.355971 0.0865256 70
-9.09349 -8.87546 70
10.9641 0.236193 70
8.78575 -10.2765 70
10.543 -9.345 70
20.2659 -19.4001 70
-1.39154 0.291685 70
9.28129 1.31479 70
10.5943 -9.85262 70
9.05653 -10.4448 70
-1.1172 1.39032 70
29.8552 -9.49682 70
-1.21351 -10.7426 70
1.19365 -1.45758 70
8.63636 8.90087 70
-29.6383 -8.5106 70
-70.1223 -10.6189 70
20.6631 -10.2647 70
9.34354 -0.568413 70
-0.139561 -1.14904 70
20.1681 1.16647 70
-8.8902 0.815829 70
1.28357 -1.03948 70
9.08767 -39.6291 70
-18.5356 21.1574 70
-0.931981 0.362946 70
-0.564833 -19.809 70
-1.00681 0.45321 70
-10.9856 -9.34698 70
1.40013 0.519411 70
9.63234 1.17984 70
8.85044 0.574073 70
31.3587 -8.79343 70
-20.3469 -30.4059 70
-1.09553 1.4008 70
0.325053 -9.55418 70
-20.8623 -31.3042 70
19.6682 10.735 70
11.4909 0.22038 70
-30.965 -11.2567 70
-0.737434 -10.1475 70
-0.499325 -0.0919231 70
-0.414507 -10.8933 70
20.3551 -10.1039 70
0.206206 0.75568 70
-0.560943 -0.861833 70
10.9965 -8.73385 70
-10.1661 -0.137441 70
29.4312 -30.1719 70
-10.8837 -29.5407 70
-0.0788534 -0.502849 70
-0.837033 -9.70272 70
10.2312 -18.8915 70
-0.0799833 -11.4407 70
-21.2569 0.326415 70
-10.0153 10.5217 70
-10.9924 0.592973 70
0.873278 -10.3964 70
30.1365 -1.29718 70
11.1746 -19.9359 70
-10.9392 -20.6455 70
-31.4859 20.2441 70
-0.722436 -10.1109 70
10.1949 -8.89379 70
8.95582 -9.13848 70
-51.1831 18.8138 70
9.1108 -0.230641 70
9.44158 -8.58051 70
-11.4921 -11.1861 70
29.183 -0.538617 70
-9.21115 -9.33982 70
10.1222 -11.1277 70
-0.0417314 -0.946909 70
9.23955 -9.35099 70
-21.4228 28.9389 70
-0.479403 0.809448 70
-0.0217737 -11.1034 70
9.93552 -11.1178 70
19.9505 -31.3617 70
1.2041 -10.3112 70
20.2361 0.360809 70
-10.6909 9.6828 70
-89.6738 28.6682 70
0.568284 -0.576861 70
10.5661 0.259425 70
-11.3073 8.95928 70
1.228 -10.9809 70
10.5818 -11.3187 70
-1.2951 -8.5638 70
10.0784 -9.28699 70
11.4381 -10.9311 70
-9.4246 -10.3261 70
-8.54323 -10.2294 70
1.09527 0.708905 70
11.3597 0.059882 70
8.89462 -0.236654 70
38.8762 -9.01771 70
-1.30133 -11.0944 70
-9.77779 -9.14675 70
0.962775 10.5492 70
-1.36038 -0.516735 70
-8.71512 -8.81641 70
10.3988 0.822309 70
-0.355744 -10.9471 70
-0.163105 -20.7149 70
9.08391 -1.22063 70
9.27756 -10.5636 70
10.2989 -11.413 70
-1.17081 -11.3394 70
10.755 0.185528 70
10.0553 0.042254 70
1.14834 -9.81784 70
9.78865 -1.09175 70
-0.26954 1.32933 70
9.84202 -10.2181 70
-9.83257 19.6096 70
-40.1698 -11.0496 70
29.1871 11.4251 70
90.3817 0.195796 70
29.49 18.6177 70
-0.230485 0.889217 70
119.865 -30.4001 70
-0.0470094 -8.55683 70
-10.5933 -9.85629 70
-11.0878 -10.0158 70
0.177332 -0.497262 70
-8.59703 11.12 70
9.00878 -8.98277 70
-0.496293 -0.624178 70
-1.21153 9.76606 70
10.4911 19.7469 70
20.3985 -9.63741 70
10.3652 -9.4368 70
-1.39296 -9.1828 70
-0.494217 -0.286214 70
-1.2461 -11.2277 70
-11.212 0.112206 70
9.34949 -8.63229 70
38.8573 1.45357 70
0.237997 0.298044 70
-0.499354 -0.205295 70
9.16583 0.193696 70
9.80292 -11.3736 70
10.6138 -10.3615 70
10.3084 1.2709 70
9.81942 -9.89887 70
-0.0932611 -11.1774 70
0.526728 -11.4276 70
-1.00565 -10.1288 70
29.6718 10.4212 70
0.353036 -9.90617 70
9.63567 10.6749 70
-0.714117 -0.147614 70
0.0340151 -0.338858 70
9.73915 -10.6419 70
10.169 0.676709 70
0.790381 8.55009 70
9.58486 -19.6687 70
9.164 -18.6168 70
0.879256 11.2152 70
30.088 9.5407 70
-0.975866 -10.9484 70
19.5116 -20.3519 70
-0.793786 0.898645 70
0.567649 -21.3508 70
10.5631 0.293622 70
10.6244 1.11055 70
-31.3503 10.9955 70
38.6028 100.132 70
0.197875 -0.0973598 70
-20.1986 -11.2193 70
-1.20264 -8.87549 70
0.931527 0.483581 70
-8.58067 -9.44442 70
-0.77069 -9.65358 70
-9.52096 0.557939 70
9.8264 -0.660343 70
1.38535 -18.5462 70
20.7502 -30.8642 70
-0.800644 -11.4247 70
-10.0615 31.0096 70
-0.294736 -8.68059 70
1.15213 10.3864 70
-0.301366 1.0918 70
-9.1402 -11.2389 70
0.627108 0.830821 70
-1.45612 -11.1826 70
-9.04351 -0.519735 70
8.76618 -19.2915 70
9.29429 -9.51268 70
-51.1205 19.3471 70
21.2032 70.9183 70
59.0784 -9.2391 70
0.773381 -10.2249 70
19.9271 -9.25744 70
-0.197957 -0.389238 70
-0.477279 18.5844 70
1.35802 -0.296509 70
9.82785 21.3178 70
-30.4898 10.2966 70
39.5962 -0.0952913 70
18.6937 -8.59125 70
-59.118 -19.4738 70
-1.45383 -10.3759 70
-0.630841 0.391347 70
-0.951762 0.065698 70
0.796691 -10.7406 70
11.2421 -11.0629 70
-18.76 -20.9148 70
10.8728 -0.425615 70
10.5892 8.85773 70
10.9594 0.162414 70
10.6234 -9.24518 70
1.17855 -9.625 70
-9.23116 -20.6422 70
0.182421 -21.221 70
-11.4899 21.4413 70
-0.976739 -8.51472 70
-1.42727 -9.6219 70
11.1426 21.294 70
-11.0254 1.40043 70
30.1251 31.1882 70
19.1313 -8.96663 70
21.4013 -10.4463 70
-9.37108 -1.40292 70
1.33602 -1.01582 70
28.8904 0.415601 70
1.22038 -10.829 70
10.2489 -10.1677 70
1.1321 -10.4076 70
21.4302 0.676028 70
-1.31901 -0.47341 70
10.1776 0.620614 70
-0.308535 -8.70196 70
11.1879 -10.644 70
50.1134 -48.641 70
-30.9934 -9.91412 70
119.259 48.6884 70
-9.15583 -20.201 70
-1.3807 -9.03133 70
-1.0552 -1.43918 70
-40.1272 -0.523391 70
10.8679 -20.1195 70
9.03377 -20.2429 70
11.1412 -10.3108 70
-28.5315 -58.8833 70
10.9203 -18.5878 70
21.393 -10.6048 70
18.5029 99.4278 70
41.4269 29.3134 70
0.0395385 -1.02764 70
0.215723 -0.0476762 70
28.8768 -19.961 70
11.3699 11.0883 70
11.4025 0.819135 70
11.1423 -8.71863 70
9.1209 -10.2608 70
-21.1364 0.269003 70
-19.2354 -0.899358 70
0.894085 0.432611 70
-1.46413 -40.3539 70
10.3014 -18.6944 70
0.533999 -0.780704 70
31.4308 1.36287 70
0.59425 20.2474 70
11.254 -8.51353 70
-39.3047 21.2048 70
-0.556691 -0.0332688 70
-1.41639 1.06759 70
-9.32351 -19.1275 70
10.97 -9.57769 70
0.196721 -29.7535 70
-1.45329 9.5073 70
9.86935 -0.777794 70
20.2212 20.6604 70
-0.846283 -1.46931 70
0.2246 -10.2376 70
10.8834 0.411605 70
-1.08935 -30.7861 70
-0.531734 -19.7715 70
-1.34259 0.696385 70
-30.5577 -19.0459 70
30.7314 -1.09265 70
-0.712229 -8.5206 70
11.2099 -11.2444 70
-11.4343 -9.89541 70
-20.5624 9.53721 70
-0.684076 -0.657376 70
0.286796 -10.1617 70
11.1575 -10.6869 70
10.7538 -9.36336 70
0.465769 -20.5644 70
21.3159 -0.275506 70
20.8994 0.627808 70
-0.73294 1.00745 70
10.4592 0.144775 70
30.6853 -21.1889 70
11.4939 -9.85795 70
58.5518 -20.9982 70
0.923518 0.0560234 70
-11.2515 1.0531 70
-1.14428 -9.58846 70
10.0803 -0.200531 70
19.8489 -29.9572 70
19.5791 1.48895 70
-1.33027 0.901204 70
-9.20428 -0.796332 70
-9.2398 -0.552937 70
9.44686 -11.3896 70
10.2192 -8.97752 70
-1.32467 -19.7069 70
0.755258 -19.322 70
9.60363 -1.16909 70
0.389034 -18.901 70
-0.180396 0.038548 70
29.9006 28.6131 70
8.61695 -1.32375 70
-0.16093 -0.919466 70
0.591256 -10.1543 70
-11.392 -10.3892 70
10.29 -11.0777 70
11.0465 -8.56864 70
-0.0347963 8.91854 70
-0.542988 10.2231 70
10.7713 -9.8919 70
0.365004 -10.2006 70
-1.36804 -0.88026 70
-1.13463 -8.74482 70
19.1179 -1.26469 70
10.5267 0.645744 70
-1.36837 -1.2728 70
0.756984 -10.5161 70
1.01198 -9.33819 70
-1.2337 -1.44638 70
1.45642 -8.68446 70
80.2083 1.24434 70
9.03954 -0.271785 70
8.64429 10.0441 70
-0.0395158 -31.1991 70
-9.35083 -40.0007 70
-1.21198 -11.1235 70
-1.02832 -8.69594 70
21.3503 -29.2055 70
11.4274 0.20539 70
8.51875 -21.4147 70
-0.0774763 -11.0374 70
-0.639743 -11.4106 70
40.2275 -58.649 70
9.66528 -9.56548 70
-0.502483 -8.69103 70
0.0596623 -8.94096 70
8.95835 0.517151 70
0.535093 -10.5459 70
-1.06663 -9.98979 70
1.46129 -1.29154 70
9.70241 -0.258636 70
20.6275 -1.02544 70
1.45736 -0.0806966 70
-8.95548 21.1549 70
-10.4776 -10.2426 70
29.77 118.598 70
0.661576 1.40994 70
9.64227 -30.6547 70
1.21184 -1.04173 70
31.3601 10.5331 70
9.39795 0.231779 70
19.2198 -20.1036 70
1.3605 0.244477 70
-20.5245 20.2446 70
9.16717 -10.5904 70
20.3265 21.2736 70
1.40721 -8.82128 70
18.8227 -39.4663 70
20.1879 -40.2264 70
21.1245 -8.88705 70
19.8552 -18.712 70
11.1544 -18.6768 70
20.3949 0.516516 70
10.7875 9.15776 70
-0.347898 -10.3827 70
10.6558 -8.7761 70
0.90652 -10.3489 70
-0.26809 10.8104 70
-1.44198 -8.90488 70
9.55708 -1.33928 70
11.0448 0.361448 70
-1.17443 -8.75945 70
0.66124 -11.0806 70
20.9706 -10.5517 70
10.0974 -9.36075 70
19.539 -31.0276 70
19.3734 -30.3638 70
-0.948924 -10.5893 70
0.180739 20.1739 70
10.1434 -0.657506 70
-19.8785 11.3867 70
-18.6864 11.2936 70
11.2719 -9.31734 70
10.1548 -1.12585 70
-1.3434 1.0605 70
-0.941527 -9.82921 70
-0.361198 -9.47888 70
0.232793 -49.1973 70
-59.3318 -11.0913 70
20.5186 -19.5454 70
19.969 -8.81172 70
0.928347 1.47413 70
-40.9258 -30.3504 70
0.143577 -0.361561 70
-20.2864 9.09775 70
-1.10825 0.50836 70
0.170324 1.34215 70
9.64205 0.868464 70
1.22412 0.551538 70
-1.19055 -20.0066 70
-0.268247 -11.0292 70
-0.236046 -10.6838 70
10.0717 0.0836872 70
-79.0162 -90.308 70
10.5148 -21.0974 70
29.0688 0.869691 70
-8.56323 -9.02344 70
-0.798067 -11.4915 70
-10.4321 39.4959 70
11.3997 -0.0559444 70
1.16316 0.67836 70
-10.4649 -78.8974 70
18.9166 -11.4841 70
-1.41243 -20.8429 70
40.9548 -11.2725 70
11.0507 -10.1154 70
0.397792 1.37263 70
-9.06035 -0.973998 70
-18.6148 9.59776 70
-20.4521 -11.1543 70
0.34161 -0.141439 70
40.9888 -70.7492 70
0.656329 -0.548208 70
-20.0922 41.1165 70
-18.8488 40.9694 70
-1.46649 0.792097 70
-19.7901 9.30481 70
10.5948 -9.66015 70
10.1842 -9.434 70
-0.398608 -30.6173 70
0.401431 -30.3066 70
-19.6113 -40.6484 70
0.025482 -10.4195 70
-8.62603 -9.99265 70
-1.00456 -0.365206 70
11.3134 9.99706 70
10.1726 -1.27212 70
9.89575 -10.6044 70
9.21395 -11.4431 70
28.906 -8.63079 70
-0.86647 -10.6443 70
10.5718 -9.23298 70
-0.0798519 -11.0311 70
0.934914 -9.63704 70
1.39373 0.3673 70
-0.882078 -11.3583 70
1.22075 1.25765 70
0.853299 -1.30406 70
0.130002 -9.43671 70
0.118424 -1.295 70
-8.9093 20.3008 70
-0.453426 -20.1098 70
-8.94802 -10.5464 70
9.65024 0.288392 70
10.7778 -11.1713 70
0.470436 -9.19893 70
-0.0642609 10.7445 70
-8.70922 -1.29715 70
-0.841238 -8.70889 70
9.21518 1.47406 70
-1.07301 0.289587 70
8.73743 -0.350062 70
18.8748 -0.864729 70
-21.3875 11.1737 70
-0.0514123 -0.0471134 70
29.8468 -8.92782 70
50.9761 9.18203 70
10.4241 -0.865932 70
-78.8762 -60.8168 70
8.51195 40.998 70
0.0781694 -0.526331 70
-0.787893 0.962929 70
10.3634 -20.0355 70
0.938111 -9.79382 70
-0.584318 -20.8253 70
-0.580358 -0.0434934 70
1.40644 -9.79426 70
1.12898 -10.1217 70
-31.2791 -19.1993 70
9.04378 20.8722 70
20.5239 -0.610763 70
8.94331 -9.07122 70
8.84859 -18.6999 70
-9.02572 0.921905 70
11.0249 29.3477 70
-78.5061 -61.3896 70
-1.15352 -9.42754 70
9.80189 1.1621 70
48.5916 -101.472 70
9.53736 -21.1766 70
19.4732 39.0529 70
10.5793 1.46787 70
0.732019 -1.23114 70
0.808747 -19.0014 70
1.13549 -9.11384 70
-11.4578 1.14808 70
8.65236 -9.26356 70
-10.4558 9.35196 70
10.7863 -0.691296 70
-19.9136 9.92044 70
10.9162 -30.1304 70
0.152952 -10.5016 70
-0.487502 -9.16658 70
29.5751 1.27401 70
0.708456 0.17587 70
-0.454783 -0.512204 70
19.2644 -59.261 70
1.05994 0.298137 70
9.0648 0.486124 70
9.80777 -39.6276 70
-0.779336 -9.2996 70
11.1296 -8.92243 70
69.7028 10.7253 70
-19.3754 -19.7302 70
-1.01669 -8.92828 70
0.196796 -18.7986 70
-0.939751 -19.1976 70
11.3942 -10.1743 70
10.1184 -0.248308 70
10.5692 -0.491194 70
-0.0722004 -0.594156 70
10.7564 8.56714 70
0.502724 -0.88465 70
-1.12822 1.2903 70
29.8517 9.47637 70
8.61157 0.354891 70
9.41311 -0.810857 70
19.2847 1.30365 70
-9.36317 0.771472 70
11.3782 -19.6459 70
-0.240338 -10.2672 70
0.54597 -9.67062 70
10.8292 -0.636796 70
-9.94692 -10.2114 70
-19.7712 1.11113 70
11.2784 -8.64717 70
29.5394 18.8061 70
0.375288 0.75813 70
-0.230752 -1.21939 70
19.3616 -0.943176 70
20.227 18.9452 70
1.42553 -11.0277 70
-0.790155 -9.37348 70
-0.102267 -10.0437 70
10.5365 1.16787 70
10.6768 -9.04036 70
-19.6164 -29.2836 70
-40.7512 -18.5325 70
-1.1334 -20.6808 70
0.912114 -11.1744 70
10.4592 -20.9182 70
21.2427 11.2481 70
-9.46042 -1.04377 70
-28.7378 10.0629 70
-9.62442 -10.9154 70
19.4673 -9.02194 70
1.41392 -1.12214 70
39.7483 8.55084 70
30.927 0.611496 70
10.9279 11.0242 70
11.3695 9.07822 70
11.4959 -0.687063 70
-1.16798 0.598087 70
0.343531 -9.85649 70
-1.17431 -11.1525 70
-19.6547 -19.3947 70
19.2354 -8.61676 70
10.7164 -39.1769 70
9.93483 -40.0912 70
-0.139585 -9.55716 70
-1.30839 0.368635 70
-10.8686 0.962346 70
-0.701546 -1.01233 70
0.251815 -9.55306 70
8.93598 -11.3759 70
0.357817 -10.0195 70
-0.46054 -11.0594 70
-0.496697 0.317175 70
