89.1643 -10.319 70
-1.05714 -1.41 70
-10.6798 -9.75249 70
-0.745277 11.0202 70
-100.533 19.4122 70
0.511001 1.3391 70
-0.605734 -0.702461 70
1.30233 0.568535 70
-0.0110999 -1.22899 70
0.0909582 -1.394 70
70.8185 -49.0459 70
-10.1815 20.0017 70
-30.9551 0.661154 70
-58.6134 -0.829744 70
0.701864 0.603431 70
-38.9694 -0.557739 70
-39.3148 -1.16674 70
-1.02225 -1.22057 70
0.360942 10.4991 70
-1.22087 -1.20808 70
9.05883 9.27302 70
0.699657 -1.39934 70
0.954862 18.7739 70
9.55749 20.3842 70
-0.163225 -8.86705 70
-1.26789 9.41869 70
9.64076 0.984112 70
9.07022 69.4615 70
-9.02548 -0.632152 70
-0.239157 20.8446 70
0.202243 -1.02546 70
-20.4479 0.413252 70
-9.04149 0.219729 70
-19.6239 1.31457 70
-9.71488 20.3478 70
21.2378 18.6905 70
-0.0757656 10.271 70
0.188108 -0.957897 70
0.66311 0.535933 70
1.40982 0.627857 70
0.0776797 1.49363 70
-11.008 0.307437 70
-11.1267 0.0860807 70
-51.2544 90.2397 70
9.95108 1.2911 70
-0.923576 8.99458 70
0.117055 10.265 70
0.783009 10.524 70
-1.29093 0.5155 70
0.524378 10.7971 70
1.19833 -1.02565 70
0.57883 10.5356 70
0.300094 10.9503 70
11.1148 0.604359 70
-19.4314 -19.6589 70
-9.65075 -20.2186 70
-0.517776 -0.782303 70
-8.90888 9.89536 70
-11.3276 10.536 70
1.42379 -0.854095 70
9.28189 49.0959 70
10.4178 -0.518185 70
-41.2947 39.2456 70
-0.0943767 11.4086 70
-1.43548 -0.188352 70
0.893205 9.79176 70
8.99238 -1.4386 70
10.9919 -21.3661 70
-1.42646 11.1325 70
-10.0683 10.4169 70
-10.55 -10.3126 70
-11.4775 -10.0564 70
0.432013 10.1807 70
-0.648233 9.28322 70
-0.908956 0.836877 70
9.70854 8.65098 70
8.68628 9.35941 70
1.41175 -0.650534 70
-0.949371 -0.779246 70
-0.259341 10.4621 70
20.7713 0.649078 70
-10.6222 1.03705 70
-1.09025 9.30273 70
40.6013 18.6429 70
-0.169477 -0.107993 70
-1.30929 1.29111 70
-1.12576 1.08959 70
10.4598 10.7441 70
9.67571 8.84627 70
10.8326 8.78562 70
-0.584092 10.5944 70
-9.99162 -1.49798 70
10.6176 -10.8041 70
11.4973 10.4747 70
-0.422225 -9.91459 70
0.371559 -1.16726 70
-0.806225 9.17144 70
0.483684 0.983488 70
-0.923823 -0.389675 70
-19.9579 39.259 70
0.933851 10.1681 70
-39.4741 -8.93734 70
-109.397 -19.9035 70
-0.504959 -0.444196 70
1.3449 9.10603 70
-19.0585 20.8804 70
-10.2124 9.4621 70
-11.1787 9.38731 70
0.611904 -8.76201 70
0.9185 1.32615 70
-0.197096 -0.0247754 70
-9.58427 -0.690001 70
-0.314635 10.0119 70
-21.0972 0.116546 70
-40.1126 10.0203 70
1.16763 10.2303 70
0.211625 -1.44465 70
1.49293 0.447234 70
11.1714 -9.07633 70
0.768783 1.18631 70
11.0655 9.77462 70
-9.78124 -11.0072 70
-9.32803 11.307 70
-1.0448 -9.22596 70
38.8669 18.8806 70
1.05692 -0.552984 70
1.07539 9.43562 70
-11.1629 20.5737 70
-0.999925 1.0754 70
-31.1135 48.6697 70
9.41654 0.423347 70
-10.402 -0.954532 70
0.75555 0.0801476 70
-1.04765 0.306748 70
-9.80281 -0.532122 70
-0.273885 8.59507 70
-18.8727 -29.7891 70
-9.137 0.772728 70
11.3035 -8.85678 70
0.590225 -0.73394 70
-1.30519 0.459967 70
0.315784 0.647206 70
-0.996148 -1.23482 70
0.792139 0.94614 70
10.5715 -0.0374636 70
-0.512544 0.249289 70
0.734018 1.31124 70
1.46667 10.3938 70
-9.99767 11.0357 70
-0.240601 -1.3208 70
-1.07637 -8.84283 70
0.758682 0.221039 70
-9.50836 -0.989884 70
-9.90814 -0.782166 70
-9.78563 -10.4062 70
1.25545 -1.13697 70
-9.06452 1.24009 70
1.27232 -0.694333 70
-31.2014 -30.3025 70
0.863078 -1.15427 70
-20.111 9.27502 70
-0.256049 8.69422 70
8.80108 -1.47068 70
11.2236 1.13365 70
-8.65033 -1.04198 70
-0.59246 -1.11076 70
-8.83153 0.374856 70
0.247603 9.0334 70
21.1188 10.9076 70
48.9879 -8.95736 70
50.9477 -11.0972 70
-29.3553 -9.55706 70
-8.86929 20.0881 70
9.41683 1.44522 70
18.6908 1.12437 70
0.1972 -0.254815 70
-9.76193 -18.7853 70
-1.48226 11.3484 70
-79.7339 38.878 70
9.50985 -11.3973 70
10.764 11.4879 70
10.8494 8.75655 70
8.53162 11.2112 70
-1.17674 1.35661 70
-0.173049 1.03011 70
9.39698 -20.0912 70
-1.18717 -0.43342 70
-0.893564 -0.468282 70
0.2203 10.8774 70
0.013524 -19.8198 70
9.86274 -0.303171 70
9.47957 -0.834921 70
0.376198 -0.70301 70
0.769919 0.671443 70
1.26609 -1.47973 70
1.04866 -0.986801 70
-10.6189 9.19799 70
9.18282 19.9673 70
-0.844096 10.8712 70
-8.95704 29.4003 70
10.1517 10.7397 70
20.0974 31.1932 70
-1.39528 10.89 70
10.1925 -21.0889 70
0.607569 8.59304 70
40.9271 19.1679 70
10.7059 9.86824 70
-0.354206 9.81288 70
0.388882 -1.45577 70
-10.5282 10.0724 70
20.5333 -39.0148 70
20.6303 -41.413 70
-0.292802 0.251907 70
-0.0861292 -0.924646 70
-30.6345 10.2437 70
-9.61458 30.7923 70
-11.3297 1.41666 70
90.7944 40.7903 70
-0.085884 -1.24319 70
0.142448 9.52351 70
-41.4836 -100.092 70
0.746563 11.0034 70
60.0919 -10.2241 70
1.22473 10.3125 70
11.0528 9.34876 70
-10.8844 9.45065 70
-69.9455 89.8783 70
-31.3542 11.2537 70
1.13323 -0.353585 70
-1.16296 19.7388 70
-0.816838 10.0582 70
-19.1338 -0.0917548 70
-9.2695 0.141638 70
-9.93064 1.10234 70
-28.7583 18.589 70
0.125943 -0.665238 70
-0.19811 1.26591 70
0.563553 10.7312 70
-9.70859 11.1883 70
0.267413 20.7957 70
8.72602 -19.6487 70
0.93607 -1.43311 70
-0.880119 0.712457 70
-9.66082 -1.09115 70
0.302321 0.256969 70
20.201 -1.06609 70
0.568069 -20.6531 70
0.182126 1.1348 70
8.91479 0.900651 70
-1.02804 -0.470725 70
-0.738094 -19.3394 70
-0.525664 8.92516 70
-0.582836 -1.48794 70
8.52006 28.7147 70
29.6701 -0.0401945 70
11.3674 -1.42979 70
9.31612 1.33438 70
-9.42319 9.49058 70
48.5753 8.61707 70
10.8661 9.89552 70
-79.7098 60.8612 70
-78.7372 58.6109 70
1.13922 -0.150625 70
-11.1007 9.73358 70
-0.15354 0.0475002 70
0.946556 10.0855 70
-1.41562 10.2164 70
-0.390987 1.47323 70
19.123 29.0022 70
-1.41905 9.55758 70
1.30782 30.1057 70
-0.195175 -0.64678 70
0.262142 -10.2275 70
1.07448 -0.628736 70
-0.577971 0.732148 70
-0.768192 -9.17518 70
-9.10428 1.06758 70
-21.0729 69.0537 70
-10.8044 18.5818 70
20.6436 -9.12593 70
0.0463638 9.24643 70
-1.35179 -0.81066 70
-0.884544 0.963476 70
-1.04389 10.0696 70
-1.3975 -1.22696 70
-0.836448 -0.0809705 70
0.509345 1.23987 70
9.24081 20.1778 70
-19.7452 -1.17023 70
-1.339 0.82345 70
10.8704 21.3713 70
1.22303 -0.50785 70
-0.843878 -18.8251 70
-10.1773 9.87023 70
-0.277753 10.9904 70
-20.8587 -21.4928 70
10.7154 1.30978 70
0.862113 1.2981 70
10.2956 -20.6355 70
-29.8174 10.8587 70
0.0160536 -0.671763 70
-10.5122 9.54514 70
-30.4626 20.2905 70
-8.54437 -0.426918 70
90.0988 -10.0427 70
19.5563 -10.3877 70
-0.653856 18.9324 70
-11.3412 21.2573 70
-0.0340864 11.2506 70
-0.554146 0.49613 70
-1.49196 9.26414 70
-0.538813 9.3041 70
1.35702 -0.560255 70
10.147 8.86594 70
21.1023 -10.1829 70
-1.35342 8.89772 70
0.820309 9.20614 70
-10.418 -49.7828 70
21.1186 -10.782 70
0.780204 -0.899271 70
8.82484 1.21055 70
-0.178273 9.84209 70
0.361483 0.49613 70
1.37396 19.2178 70
10.3477 9.07724 70
-19.6356 -9.89265 70
-8.62059 -19.7154 70
0.677352 -0.729246 70
9.27112 0.68438 70
-10.8319 -8.84491 70
0.119475 0.389768 70
-0.235579 0.672199 70
-8.65129 -19.7388 70
-58.7648 -0.431893 70
-28.5732 -18.5395 70
-11.4295 9.93464 70
0.943594 0.113942 70
1.39097 -1.01463 70
10.3724 -9.32471 70
0.291945 29.0129 70
1.08051 11.4893 70
-0.954227 -1.49154 70
-1.29224 10.5884 70
-11.4565 -0.369691 70
19.7381 20.7065 70
0.271859 -18.6725 70
-0.261014 -1.0033 70
10.8986 19.4506 70
8.8523 20.5806 70
0.0154497 0.786033 70
-9.92459 11.1593 70
19.3105 9.63989 70
9.93675 1.10353 70
1.29675 -20.7572 70
-19.3022 11.1033 70
-1.13017 8.65838 70
-10.1092 0.412098 70
-11.2235 -0.80431 70
1.2019 1.47 70
-0.538191 10.6708 70
-20.2329 -9.482 70
-0.471357 -0.351625 70
-20.2942 -28.9196 70
-1.10373 -1.44767 70
0.369047 9.16724 70
11.3211 -8.75342 70
-0.310118 -1.27563 70
-0.33357 19.9177 70
0.1566 0.841029 70
-1.11821 11.2653 70
-10.819 -11.0227 70
21.1456 -28.9758 70
0.340748 11.4785 70
-28.7529 -10.7341 70
-1.11665 10.0848 70
-0.442776 0.532336 70
1.46064 20.6393 70
-20.862 11.3831 70
-29.4812 9.26394 70
0.472974 18.529 70
9.52571 9.44252 70
9.06117 9.68027 70
1.20265 0.0655002 70
0.0197866 -1.21711 70
-9.16817 70.0489 70
-38.5194 30.6562 70
-1.4333 11.1935 70
-21.4081 9.8262 70
19.9915 19.6434 70
8.71208 9.20079 70
9.54933 -10.7583 70
10.9896 -9.51379 70
9.14856 -11.334 70
0.284065 -0.851621 70
0.182064 11.178 70
1.16616 10.4761 70
59.5558 69.7114 70
30.7451 -30.7265 70
0.931389 0.639998 70
40.7491 -19.3181 70
-0.705343 0.399675 70
1.09184 -19.3329 70
-0.845193 0.486095 70
20.9903 20.2089 70
19.6073 19.1699 70
-0.201177 -1.28604 70
-0.0851635 0.627923 70
-18.5108 20.5518 70
-1.07301 11.371 70
0.217663 -0.409098 70
-10.1298 -10.1315 70
1.43642 10.2707 70
-0.465451 0.153924 70
9.63257 0.777013 70
38.894 -49.6766 70
-21.4221 -11.4843 70
0.682655 -0.666236 70
0.136979 18.9255 70
0.628512 -0.562837 70
-10.7651 9.19514 70
-1.45719 10.1068 70
11.2551 -21.0943 70
1.20506 -0.00265353 70
21.3675 30.906 70
-10.3635 11.3481 70
9.91285 9.39869 70
-41.4776 -0.550673 70
-1.3737 21.4806 70
0.581465 0.163117 70
-10.5044 -10.1989 70
-0.606791 -0.0691085 70
-10.3313 0.962593 70
-1.27898 -0.110376 70
1.31423 1.00124 70
-9.61598 28.9338 70
1.15475 30.3199 70
10.4528 0.688695 70
9.26116 18.634 70
1.15607 0.293636 70
-18.8221 9.90441 70
0.0997546 -1.20735 70
-0.579468 0.731904 70
0.934025 9.36779 70
20.6143 21.4671 70
-9.8715 -18.9734 70
0.705825 -0.610945 70
0.246527 0.972654 70
0.398478 -0.19891 70
-0.502576 0.444691 70
10.4689 -0.352822 70
-18.6125 10.6005 70
1.43294 10.825 70
-0.033235 20.7431 70
1.35202 -9.49895 70
-0.295496 -10.9787 70
-21.1026 -0.231423 70
0.993369 10.1567 70
-0.857695 21.4645 70
8.86153 -9.41607 70
-9.48775 10.4126 70
0.612595 8.97285 70
29.476 8.53015 70
-10.3627 -60.7267 70
-11.3787 1.44111 70
-8.78995 -29.6257 70
30.7 -1.03724 70
-0.632843 0.204489 70
1.20569 9.8541 70
-0.574702 1.08484 70
8.80728 10.3135 70
-0.88525 41.1461 70
-0.292552 -0.677057 70
-9.94235 8.63621 70
-0.42217 -1.28082 70
-29.2423 11.4555 70
11.4767 19.7431 70
-0.528824 20.7653 70
-0.484009 0.761467 70
-9.87917 -11.4346 70
-0.414828 1.10896 70
9.5245 9.83988 70
-1.14142 -0.763052 70
-0.308644 8.93679 70
10.5582 8.92818 70
21.2279 11.3662 70
10.5475 0.375706 70
0.756162 0.0594918 70
-9.83865 -19.1726 70
29.4068 8.57699 70
-9.7605 -1.05315 70
1.44247 -0.270144 70
-10.0733 -0.999812 70
-21.0406 0.11573 70
99.9339 51.4981 70
-19.3895 -11.3607 70
8.91426 -21.4265 70
-1.3288 -9.7342 70
-10.0202 9.53777 70
0.704631 8.83416 70
-10.2746 0.0264475 70
-0.0585826 -41.277 70
10.7948 1.23676 70
-10.9504 10.5469 70
-0.815242 9.90324 70
0.515818 8.88584 70
0.432808 -1.17378 70
-0.313761 10.7252 70
-20.7032 28.5776 70
0.80515 -1.18375 70
31.46 40.7201 70
-0.543913 -11.1618 70
-9.84515 9.72161 70
-0.702485 0.498707 70
0.988969 -0.865111 70
0.566786 0.83954 70
20.9758 61.2555 70
9.40541 0.378821 70
19.5509 29.0243 70
9.67037 -0.641057 70
-0.596926 1.4752 70
-80.7432 -109.109 70
60.1461 -9.82719 70
1.2141 -1.19384 70
-8.56578 -1.17942 70
-0.531 -0.184624 70
-1.01496 1.47265 70
-9.8202 18.5061 70
8.72601 0.443692 70
1.34023 0.982045 70
-0.0380432 -0.692456 70
-69.6835 30.6809 70
1.01913 10.3031 70
-9.37186 0.565638 70
-10.0023 9.55923 70
0.15297 10.6732 70
9.73862 49.5028 70
-0.442788 9.50015 70
0.932489 1.48183 70
-19.4528 -0.418528 70
-9.29029 19.6724 70
-58.9884 -0.520584 70
-0.612063 10.0223 70
-0.704514 8.59629 70
10.4225 -9.29774 70
-11.1015 10.4033 70
-18.8709 10.3746 70
0.600764 8.76628 70
-1.17227 1.17026 70
-39.5907 -9.01181 70
9.92281 29.0778 70
9.7139 28.5787 70
10.1796 0.372538 70
9.99275 -1.27201 70
-0.397104 9.46451 70
8.845 8.98354 70
20.3283 8.50223 70
-11.1467 9.63836 70
-0.755308 8.88437 70
-1.10206 -1.11539 70
40.8489 21.3516 70
-8.97711 9.01497 70
-8.82167 10.2887 70
-30.8266 9.56549 70
0.907351 8.57147 70
11.1345 -0.459378 70
-0.619799 -0.202772 70
-9.92132 -0.755614 70
-1.31305 38.9924 70
10.1826 0.501287 70
-0.0415814 -1.48813 70
-30.4637 -21.2471 70
9.74773 -1.1944 70
-10.3411 1.08555 70
0.679338 0.752713 70
-0.915613 10.7693 70
-50.9613 39.6289 70
0.109569 8.908 70
-1.10561 1.29817 70
-1.06608 10.4461 70
-40.652 -1.33745 70
30.1187 18.5131 70
-51.1989 -31.0746 70
-0.0335063 -0.254812 70
1.20141 9.57282 70
-9.82867 0.543244 70
-9.52236 1.15619 70
9.12935 -8.8582 70
0.43139 -0.27985 70
0.268649 10.596 70
-0.450711 9.02256 70
-11.0129 -9.86145 70
-1.25806 28.6047 70
0.816491 -0.965866 70
-10.729 1.03167 70
-0.767353 0.0723483 70
79.0107 -20.918 70
-10.2925 0.922413 70
-8.63206 -0.701107 70
29.5853 20.7068 70
-0.564183 10.945 70
0.690271 8.66964 70
-1.15534 -1.04872 70
1.04275 20.1993 70
9.61456 8.62366 70
-1.3795 -1.11743 70
9.61471 -1.03892 70
-0.635536 -10.5518 70
-1.01599 9.63002 70
-1.03435 9.04792 70
30.9263 9.59048 70
69.459 -40.9141 70
1.02973 9.13343 70
0.673108 19.2129 70
-40.4905 -41.3199 70
0.997043 0.533502 70
-20.7955 0.716701 70
-1.19522 -0.651031 70
-8.79848 1.36438 70
0.550558 -9.12392 70
10.0033 -31.4223 70
0.668087 10.798 70
-19.7786 -19.2825 70
-0.459251 0.543698 70
28.6296 -0.246207 70
59.6072 -18.8871 70
-1.43363 9.93275 70
19.6689 30.0754 70
-19.2546 -39.9225 70
-20.9461 -38.8726 70
0.707132 8.92835 70
-9.17919 9.67015 70
-1.48511 18.6374 70
0.485248 10.8446 70
0.164162 10.0289 70
9.60594 -9.68714 70
10.834 1.29025 70
-9.96493 0.519881 70
11.3287 0.361787 70
-0.184326 -18.7091 70
-10.9689 0.48989 70
-10.5097 0.689006 70
-9.07272 20.8079 70
31.2207 -0.891546 70
49.2843 1.06424 70
1.49533 -20.3081 70
40.774 30.0039 70
0.893788 -9.8656 70
-1.13524 -11.0025 70
-1.47814 10.8077 70
-91.1745 59.1576 70
38.9788 61.1789 70
-9.91713 -11.217 70
8.59091 11.3992 70
-9.19937 -0.40799 70
-10.9956 -10.3774 70
19.7026 0.652291 70
8.69687 8.86556 70
-1.06109 -0.0328914 70
-0.635519 8.91625 70
0.992734 0.716376 70
-9.48043 -10.6137 70
50.931 8.70852 70
40.3892 -121.491 70
-0.323637 -9.00837 70
-1.42027 0.885606 70
0.457474 9.12471 70
10.2056 0.604059 70
0.334235 0.824708 70
-11.2632 8.61886 70
10.582 -1.37588 70
-38.7387 -91.4868 70
-0.371101 -1.47052 70
-10.5297 10.2107 70
-19.705 0.105363 70
0.508799 0.817714 70
0.376473 1.0374 70
-9.03413 0.835198 70
-0.508577 -8.73456 70
10.4246 -8.69486 70
-0.00375101 9.84884 70
-0.853652 -1.40298 70
11.2032 -1.21092 70
-0.549452 -0.912659 70
11.1313 0.347204 70
-0.87037 30.6731 70
0.956798 30.6959 70
-0.656292 -0.481809 70
10.5436 1.04316 70
0.0218433 -1.34992 70
-19.4546 -49.6939 70
0.0565866 0.499741 70
0.863582 -0.0885712 70
19.9436 -20.8656 70
0.393123 -9.05256 70
-40.8859 -9.42929 70
1.16347 1.27343 70
10.3751 1.34 70
11.3821 10.4712 70
-0.892109 18.8698 70
-1.22517 9.30239 70
0.635445 1.15305 70
1.11651 10.0486 70
-8.54343 20.3049 70
-0.778879 9.56456 70
29.7523 8.973 70
-9.75599 0.940786 70
-8.75745 -0.165141 70
-9.20424 -0.819397 70
-29.5372 20.8556 70
-0.390525 -0.575831 70
-9.36382 0.536449 70
-1.3105 -8.71816 70
-0.300008 -0.130165 70
-9.86547 0.422828 70
0.379905 -0.679055 70
-10.7504 -11.3553 70
-0.386087 0.603795 70
