11.3679 -1.43065 70
9.76647 -1.24879 70
-8.80033 29.7426 70
19.4617 -19.8544 70
21.2875 -0.0551462 70
20.9001 -1.44348 70
0.064758 0.985268 70
9.46695 0.760948 70
-0.924062 1.10841 70
10.2913 -10.4259 70
0.77203 1.38645 70
8.91639 -1.48252 70
20.3736 -0.979674 70
-0.787541 1.33493 70
-0.584501 -0.632551 70
49.7287 19.3558 70
1.1676 10.9995 70
9.78869 8.85627 70
9.41421 0.643003 70
11.0829 -1.0534 70
1.2227 0.576697 70
48.6378 -29.9692 70
11.1224 -0.720614 70
-1.19857 0.607794 70
11.0366 -10.9978 70
1.05738 -1.49035 70
39.73 -101.261 70
-1.39043 -0.664246 70
0.748504 9.54397 70
0.120928 0.272554 70
10.1459 21.1669 70
-0.0666549 0.567362 70
-0.0418666 0.13538 70
9.58199 -0.541181 70
40.1716 29.0534 70
19.2955 30.132 70
-9.1025 -9.79691 70
0.132581 -9.93146 70
10.37 -0.303039 70
-9.44423 -10.2967 70
-0.162165 -9.1315 70
0.0861047 -1.19497 70
-9.76352 9.86131 70
11.4272 -89.6433 70
11.4418 -90.4174 70
-1.04878 0.548363 70
-31.2734 -10.1134 70
-0.182503 0.457155 70
9.58954 10.2605 70
9.79241 0.666523 70
1.43474 1.05244 70
50.7347 29.7348 70
9.74534 1.21607 70
-0.837395 -0.219234 70
68.6734 29.3848 70
100.393 -10.651 70
-19.9009 -18.7681 70
21.3645 1.40921 70
1.14085 -11.3976 70
9.99031 -10.7985 70
50.6781 8.55154 70
9.85274 1.04824 70
9.28224 -10.496 70
9.29483 10.3867 70
29.2762 -30.175 70
10.6395 0.195661 70
-0.776865 -8.52733 70
-1.09546 10.4521 70
9.02671 -1.21659 70
10.774 -0.79505 70
8.75113 0.880867 70
0.815889 -18.7345 70
18.6907 0.322367 70
-0.931861 -1.37091 70
39.5022 49.3188 70
10.6272 -10.3101 70
8.9983 0.385699 70
-0.170633 -10.1158 70
9.04575 9.35432 70
-1.35387 -0.294088 70
-1.02514 9.06346 70
19.9722 21.3331 70
10.6951 -9.65235 70
-0.864214 0.884665 70
30.1338 30.9101 70
-0.675576 -19.8299 70
21.3756 -29.8895 70
1.39862 8.71006 70
10.338 0.822035 70
10.734 -1.21197 70
-0.944765 9.08062 70
19.3167 20.6052 70
0.203494 11.3478 70
11.3622 0.548256 70
8.80818 0.218947 70
-19.2718 8.75953 70
-20.0349 9.30112 70
-8.52166 0.307409 70
19.504 10.5027 70
19.0456 9.74165 70
19.9952 0.146962 70
-0.891903 10.1683 70
1.16682 20.0245 70
50.169 -19.0114 70
21.3313 -29.0154 70
-0.0356748 11.3072 70
-1.09489 -9.35303 70
-0.611755 -11.3235 70
8.98912 -19.1521 70
11.0502 -20.4882 70
-8.72468 -0.0700627 70
9.08435 30.2557 70
-11.0471 8.83498 70
1.45866 -9.6062 70
-0.225973 0.697459 70
0.0876819 -1.4539 70
11.405 9.20503 70
-19.3004 -0.791476 70
8.97309 -0.363864 70
21.4551 -10.2123 70
10.0507 -0.420707 70
30.3409 -10.6313 70
29.7929 -10.4054 70
9.89772 0.0372622 70
8.79659 -0.829947 70
0.159467 -9.68371 70
9.7436 1.27835 70
11.3999 -1.1419 70
-1.10508 -0.612772 70
-0.190739 10.2146 70
21.3072 48.5417 70
21.4531 -9.71627 70
1.13265 0.759767 70
-0.367254 0.780996 70
-0.103871 1.08676 70
11.3168 -9.07123 70
-0.105191 -39.0818 70
10.935 -31.0596 70
-20.6411 9.32723 70
-20.0493 9.82735 70
-0.863175 -1.17968 70
1.46074 -21.097 70
-10.9273 -119.748 70
18.9758 0.520779 70
8.94818 10.6606 70
-70.3108 -31.4788 70
-70.5006 -30.1429 70
21.0076 -9.60589 70
8.50125 -11.1079 70
10.9477 9.37627 70
-1.23442 -1.29082 70
11.1213 -8.87039 70
9.97262 -0.736422 70
-19.4482 -1.38972 70
-10.3478 -19.0275 70
9.28233 10.0166 70
0.146145 -0.577468 70
19.344 -20.2257 70
29.6483 21.4904 70
41.0986 -18.7219 70
1.31672 18.6449 70
8.61533 1.43665 70
-11.0885 21.2302 70
41.2459 19.5156 70
21.1262 8.60418 70
9.50414 -0.42126 70
-11.4944 -9.74256 70
10.7867 -9.62691 70
0.995063 -0.820489 70
-0.545552 -70.0412 70
-0.174492 1.37337 70
-10.7468 19.2811 70
-9.52044 -0.935818 70
11.0033 -9.60616 70
0.0418592 0.242677 70
10.8314 -1.33056 70
-8.77014 10.571 70
19.842 8.81738 70
8.71247 -0.459184 70
8.96053 -11.3348 70
9.53271 -9.8683 70
8.83013 -0.680591 70
8.5766 -9.45822 70
-9.60584 8.50148 70
-0.0680508 1.43961 70
0.161336 0.111793 70
-8.87774 1.41334 70
0.99214 -10.6181 70
-1.2177 -0.0895681 70
9.2776 8.64114 70
-9.01578 21.1784 70
-10.0749 19.0703 70
0.314164 -0.267462 70
19.3193 -1.34116 70
-11.1324 1.45273 70
-0.298365 -0.610271 70
-1.41569 8.62627 70
10.0432 -8.94796 70
-0.328266 -11.1418 70
10.7401 -1.20973 70
0.852355 -1.41865 70
9.38425 0.302374 70
-0.181038 21.1422 70
-1.48031 1.48424 70
10.8852 -0.743584 70
0.227279 -11.0775 70
-11.1456 1.04862 70
-9.88067 -0.499477 70
11.3482 -40.8466 70
8.66405 30.6375 70
9.84612 0.560864 70
0.286625 -0.455938 70
0.0453834 0.165595 70
-0.624014 1.13079 70
-1.22496 -1.20573 70
111.187 120.239 70
-0.312537 -10.3069 70
-0.598055 -10.9695 70
0.412126 0.0862108 70
0.208903 -0.398415 70
18.6807 0.371341 70
0.247855 0.735597 70
1.22111 8.56916 70
29.6147 -109.731 70
39.5431 -40.8913 70
-1.34672 31.2047 70
0.00401326 1.09666 70
11.0166 0.12039 70
8.73722 9.93196 70
9.00909 9.51502 70
20.7599 20.629 70
0.330783 -1.22105 70
11.0133 -19.991 70
-10.3449 1.28079 70
-1.32955 -9.66331 70
-21.2725 11.0435 70
8.53695 9.66785 70
20.0445 21.4651 70
-0.480695 -9.14261 70
1.06206 1.24662 70
1.36776 18.7725 70
-0.344672 10.6933 70
8.62785 20.7179 70
49.5348 11.1386 70
0.830827 1.29266 70
-28.6502 -20.6624 70
21.2436 -21.0163 70
-9.34557 0.958425 70
-21.4165 -19.43 70
20.6786 -1.04981 70
10.6661 -8.87516 70
-31.289 -28.6057 70
10.5182 -11.4596 70
0.00680169 -0.75063 70
10.1807 1.34303 70
-19.9133 30.2763 70
0.417274 -18.8429 70
-68.8705 -0.880405 70
-31.4986 21.2445 70
-1.19067 -0.0185148 70
-0.760034 1.03774 70
-18.658 0.99074 70
51.2961 38.8731 70
-48.5286 68.8729 70
0.271065 -0.212565 70
0.533397 0.711459 70
11.2014 -1.29864 70
9.30049 -0.28055 70
-1.3394 -1.31017 70
10.5703 -9.49161 70
9.80802 0.788571 70
-0.827067 -1.45011 70
-0.613058 0.0976283 70
19.8653 19.6473 70
-8.52094 -41.1091 70
11.4423 10.2026 70
9.01273 10.4711 70
8.67971 0.888355 70
-20.6166 31.3005 70
-1.16238 -19.1019 70
-0.788148 -20.6828 70
1.29705 1.17296 70
9.05554 10.3727 70
0.955266 1.12324 70
-9.96121 10.0059 70
9.24377 9.57481 70
-1.26318 18.6063 70
-0.802794 10.7072 70
119.634 -30.9168 70
1.35179 0.360371 70
10.4478 19.0066 70
10.5367 20.2639 70
11.2666 9.97471 70
8.64012 -1.15339 70
-1.00883 -1.12089 70
39.3835 -9.39072 70
0.76447 -0.254943 70
61.1799 29.062 70
9.75843 -11.4834 70
10.1949 -0.0713707 70
40.6428 30.3761 70
-49.2111 21.2071 70
-0.625802 0.164633 70
11.0863 -10.4854 70
11.4813 -0.734901 70
10.4939 9.77561 70
10.6225 0.996759 70
0.301197 11.0489 70
-0.301886 10.8513 70
10.4482 0.641235 70
10.482 -9.82001 70
9.96758 -0.488985 70
-0.0205003 -0.258862 70
11.265 0.846884 70
-0.399773 39.4814 70
10.4556 10.8753 70
0.365159 -0.158284 70
19.8825 0.55573 70
1.48635 -10.3817 70
-10.6659 -1.29695 70
-9.51515 -19.0129 70
10.2973 1.49953 70
-1.45652 -9.53282 70
8.51946 -0.575542 70
-28.757 48.9715 70
20.9846 11.4856 70
9.02077 -9.20365 70
10.4195 8.99935 70
-80.8102 1.46293 70
1.21805 -0.709392 70
1.33308 1.33553 70
10.1377 -10.771 70
0.671403 -0.173742 70
1.22532 -1.1944 70
1.10977 -20.5465 70
11.3014 -0.912495 70
10.8659 -10.2157 70
-9.64883 -10.9426 70
-8.89738 10.1927 70
-0.442535 -8.78197 70
-0.54441 -0.341381 70
1.27591 0.201524 70
-1.36041 9.5724 70
9.08276 0.943549 70
11.1074 1.04647 70
8.9639 -1.20318 70
-10.4849 19.3059 70
10.6565 -1.24409 70
0.988247 0.133617 70
10.9188 9.68743 70
9.6172 1.2699 70
-20.2229 -10.573 70
1.06483 10.896 70
10.8594 -21.2616 70
20.8463 8.87021 70
28.8574 -0.83412 70
0.822413 -0.501092 70
0.359743 1.45309 70
9.31523 1.22772 70
8.89604 -10.8394 70
21.3915 -10.5571 70
21.2781 -10.6595 70
-0.760193 9.62377 70
-21.3335 -1.46729 70
-9.66819 -20.2297 70
20.2498 -18.8534 70
9.58359 1.3576 70
-1.10782 -9.07444 70
-9.44779 -0.919709 70
10.2652 8.8679 70
-0.28798 0.693112 70
9.38029 0.408962 70
11.2499 -0.616119 70
-1.44264 -1.34308 70
38.7975 -30.7137 70
10.2227 -0.726082 70
-1.40075 -11.354 70
10.1219 -11.2902 70
1.09444 11.4218 70
9.90763 28.6831 70
39.5164 -68.7451 70
8.79333 0.80297 70
20.2438 -1.01432 70
-21.0896 -9.7749 70
-0.78875 0.450704 70
9.72245 -10.4942 70
0.654882 -0.864663 70
-10.1528 0.281527 70
1.2714 10.8189 70
1.27094 0.0852219 70
9.33345 -11.2544 70
0.145379 11.0667 70
10.9643 0.977771 70
-11.3173 0.515087 70
-20.9144 10.0054 70
-20.3316 8.69263 70
-0.0363337 0.576613 70
20.9192 0.17854 70
11.4042 30.9996 70
19.7766 0.803858 70
21.0249 10.9356 70
1.32769 9.24424 70
1.44607 -10.2894 70
11.3744 -1.20819 70
-20.0736 -20.401 70
0.655665 1.41303 70
31.2719 68.8016 70
29.7954 -1.10903 70
10.6312 9.88162 70
11.3405 1.19039 70
11.1863 1.03141 70
-0.976212 0.821731 70
-10.8209 0.726782 70
58.7596 -69.4387 70
0.580151 -0.169135 70
-0.534469 0.436043 70
21.1998 0.111531 70
9.40278 0.674393 70
-1.21153 8.79606 70
11.4463 1.25722 70
49.5216 59.4007 70
20.0072 10.0468 70
20.0744 18.9938 70
10.1189 8.66603 70
-0.249718 1.09288 70
-0.350762 9.08958 70
19.9912 -9.74769 70
-1.28144 0.87625 70
9.14342 -0.898602 70
28.6564 -10.3874 70
9.23601 -0.25062 70
18.7687 -18.6182 70
39.9705 -9.78064 70
-1.48161 9.04857 70
-1.42655 10.3433 70
11.0662 1.08256 70
9.22723 0.800044 70
0.259399 10.7911 70
-20.7467 0.0224216 70
0.271457 10.0225 70
11.4638 -1.41786 70
-1.2725 8.56875 70
9.85419 -0.367305 70
1.06409 10.7911 70
1.39787 -0.144897 70
50.3763 70.5389 70
-99.7857 -78.5013 70
0.541243 -1.02197 70
0.587948 -0.164022 70
-8.95321 1.09019 70
-0.274528 -0.71301 70
9.79129 -1.04803 70
-1.1627 9.39752 70
10.3682 -0.934025 70
0.0395502 -1.15521 70
10.7555 19.1018 70
11.409 0.452196 70
50.1798 49.7875 70
0.0540821 1.29971 70
-1.44723 0.615033 70
9.54571 8.56725 70
-10.8462 1.08259 70
-9.93865 -1.38868 70
1.36113 1.47712 70
8.80219 -1.19998 70
-10.689 0.437336 70
8.84848 -0.864963 70
1.14157 -0.0157273 70
11.174 9.92798 70
20.6461 -0.236411 70
-9.25794 9.60372 70
-11.1038 30.9882 70
-0.470035 0.862934 70
0.303332 0.776537 70
20.09 -0.248435 70
9.35319 0.954751 70
0.363841 -0.288418 70
-0.373561 10.4103 70
9.62919 20.639 70
-0.846649 9.79756 70
0.972721 9.76583 70
-0.665395 -0.348985 70
9.53092 0.456095 70
10.7353 8.65241 70
1.21792 0.623497 70
-0.505064 10.8428 70
-19.198 -11.4241 70
-18.5914 -8.86276 70
10.5655 10.65 70
10.2096 -1.497 70
-0.536491 1.15019 70
10.1593 -10.2791 70
-0.925292 9.55773 70
11.0394 9.06484 70
0.99236 1.05684 70
-1.2421 -9.64367 70
-0.149289 -8.54995 70
9.36312 -70.8308 70
-10.7934 -10.1478 70
10.8857 -0.283082 70
9.79015 11.0747 70
-20.0825 -8.79179 70
11.1956 -19.5398 70
-9.77225 -10.2518 70
1.1958 -18.9439 70
-41.0859 -29.546 70
-1.19657 -0.334537 70
20.2955 1.46047 70
9.87677 0.181161 70
-0.888928 0.165458 70
-20.6244 61.1418 70
0.163867 0.679339 70
-9.02554 -18.6479 70
1.00648 1.04389 70
-10.1923 -9.99966 70
-29.3863 -10.6402 70
9.05417 -8.64087 70
40.569 -19.3667 70
-20.121 18.5037 70
10.9857 -11.0007 70
0.213338 29.5556 70
-0.736355 -0.764547 70
-10.7749 0.692197 70
9.67683 -0.373679 70
-1.25918 -0.742277 70
0.163505 10.7876 70
9.62321 -10.9202 70
-0.261684 0.704086 70
38.5899 -19.8912 70
0.276693 -20.2797 70
0.0949689 11.2914 70
-10.4941 20.7823 70
-9.12217 -9.53355 70
10.3571 0.731075 70
9.28202 8.70546 70
20.63 -10.1514 70
0.236976 -10.3241 70
11.2053 -10.0962 70
11.4557 0.576129 70
9.93801 10.5729 70
9.32869 8.98588 70
0.162485 10.5666 70
11.485 0.396711 70
-1.23016 -11.4626 70
-0.814954 0.814267 70
-9.091 -19.7357 70
-20.6074 -8.89393 70
-0.34927 1.35825 70
-10.5466 -1.49265 70
-11.1247 28.6796 70
19.274 1.20541 70
80.0327 50.6522 70
1.08052 9.90787 70
10.8471 0.838647 70
0.676665 -9.09977 70
20.3529 -0.804622 70
-10.6307 -1.37712 70
-9.00945 9.03533 70
-20.414 -10.1568 70
9.93523 0.470488 70
9.16376 0.301794 70
9.90278 11.2132 70
8.87453 -9.5147 70
0.607515 9.78122 70
8.69543 29.9631 70
-1.43233 0.115268 70
9.94242 -1.07645 70
9.93133 -39.795 70
31.1652 11.3521 70
-0.564034 -1.32528 70
10.4601 -1.04017 70
0.696897 -10.3834 70
1.34214 0.543783 70
39.1672 30.56 70
9.53041 -1.03029 70
0.583965 0.842825 70
-18.8631 -1.30918 70
-0.51449 -0.627022 70
-0.154084 -0.539194 70
9.02542 0.4125 70
11.3556 -91.4689 70
20.6615 -21.2635 70
0.052549 -20.9668 70
-10.8153 -0.489651 70
-9.23245 -0.0932348 70
-0.611645 -9.92586 70
9.30578 9.96528 70
10.582 -1.41737 70
-0.769319 19.4334 70
-10.6863 21.3441 70
10.0131 -0.953763 70
11.2306 1.40698 70
-1.42137 -0.81467 70
10.116 1.2179 70
8.95191 8.69748 70
1.4105 9.11991 70
20.9631 -10.333 70
10.3859 -0.167683 70
-0.755536 -1.16793 70
-30.8623 -10.939 70
8.82684 0.757601 70
-0.00113702 0.434612 70
-0.835301 -10.6151 70
19.7063 -0.556805 70
-11.3823 19.6659 70
-1.04596 -0.553114 70
10.7482 -0.118488 70
10.0455 11.4815 70
-60.1707 99.9879 70
10.2083 0.0663607 70
9.94364 1.09018 70
10.1046 -11.171 70
9.2301 -0.98791 70
9.4675 -9.78568 70
29.528 8.91734 70
9.44551 0.522806 70
11.2861 -0.487741 70
-10.0779 -1.0706 70
8.91607 1.36924 70
-9.52549 0.47063 70
11.2538 -0.187284 70
9.38075 -1.40764 70
-60.3018 -100.492 70
-0.569983 0.257801 70
0.108436 -0.630416 70
-0.381244 10.0931 70
-1.17663 10.6546 70
20.5953 -0.479609 70
9.05529 -19.6766 70
10.2723 0.233347 70
-0.890812 1.30849 70
-0.907317 0.980703 70
1.44297 0.715798 70
40.3183 -9.04646 70
10.9362 -9.2743 70
-0.682598 20.2744 70
-10.1719 -9.19836 70
11.1096 -19.6405 70
11.1069 -0.00128329 70
38.5727 9.97409 70
9.02691 1.06363 70
8.54332 0.599745 70
8.90349 0.644621 70
-0.995203 0.559791 70
-0.295127 -1.46645 70
-0.11166 29.817 70
11.2808 1.02714 70
8.97346 0.0206517 70
-28.6609 -11.0493 70
9.39789 0.31675 70
10.1612 -30.4986 70
10.9778 -0.180906 70
-0.363934 8.94957 70
0.519355 0.357888 70
18.8625 -1.27049 70
9.58266 8.74494 70
-10.0248 1.46531 70
21.0091 1.22085 70
1.46179 -0.811962 70
1.37309 -0.513206 70
41.1661 28.6702 70
38.9385 9.71854 70
0.689465 1.3291 70
21.149 1.12549 70
18.5223 -1.33935 70
9.94827 1.27806 70
-0.996667 10.4101 70
9.24406 20.9776 70
0.522532 9.89198 70
10.6088 0.0558454 70
10.2839 -0.343513 70
-8.90047 -19.9043 70
-11.2366 30.1771 70
1.29544 0.882811 70
1.45032 0.0364963 70
11.491 -0.687313 70
9.65723 10.6059 70
8.60565 0.396641 70
21.3501 10.9269 70
10.0585 1.41291 70
-0.0495248 0.806925 70
11.0193 -0.0285064 70
9.37353 -0.150963 70
10.3762 11.2463 70
8.54515 10.2219 70
19.2535 -20.0534 70
1.37332 -18.9026 70
-28.5934 -0.182466 70
-30.6047 1.45881 70
9.90973 -20.1149 70
9.42863 11.1507 70
11.2208 0.674851 70
1.12873 0.0507441 70
-10.5576 -18.9995 70
1.46961 -9.71923 70
0.148013 20.0301 70
-1.22161 21.2588 70
-9.59215 -10.7255 70
9.5395 8.61545 70
9.40992 9.23157 70
0.757284 0.999424 70
9.76986 -10.7714 70
11.0501 -0.97703 70
1.05776 -0.648975 70
-10.7079 -20.0832 70
10.3785 -0.43338 70
-0.741604 -9.83431 70
-8.77935 -0.28862 70
11.4229 -0.534494 70
-0.0221542 -9.19228 70
10.6737 1.28173 70
-0.626996 -1.30389 70
-20.097 19.3808 70
10.9569 20.7005 70
0.0581076 0.251754 70
60.5608 10.2261 70
