-28.584 30.6163 70
0.834229 -1.37989 70
0.0641607 0.475276 70
-0.0267533 -0.217949 70
-1.11664 -9.21349 70
9.4917 -0.737628 70
-11.3109 -19.4106 70
1.37768 0.0320507 70
10.7592 0.343947 70
-19.2515 10.9953 70
8.94031 10.6059 70
29.4792 -19.7583 70
-31.0408 -40.1518 70
-29.849 -9.26772 70
-0.798781 -21.4002 70
-0.323111 9.70207 70
1.46254 0.593487 70
0.691221 -0.786118 70
28.6587 -20.3565 70
20.1242 -1.03218 70
-0.973674 1.44485 70
8.6226 9.76175 70
-0.943567 -0.752356 70
10.5387 -1.47864 70
0.686871 0.64738 70
-39.2127 10.0566 70
29.7229 -0.785008 70
11.2296 1.01477 70
10.6053 -0.719141 70
11.2872 1.49998 70
9.80344 0.305633 70
19.1963 -29.5716 70
0.0200795 -8.88229 70
1.21453 -0.591149 70
10.5514 -0.126573 70
-0.663368 -0.988451 70
9.54839 31.152 70
-10.8257 -19.8281 70
0.878388 0.699103 70
1.06429 1.17659 70
9.50563 0.629811 70
8.99528 0.812905 70
9.0038 0.650227 70
20.0142 9.83594 70
0.30819 -1.28601 70
8.88176 -1.10486 70
-1.28649 -1.25657 70
-9.90206 9.78268 70
1.46168 0.891561 70
-8.57653 9.63092 70
1.06023 0.542363 70
-0.92663 -11.281 70
-0.948105 0.917869 70
8.69523 10.8304 70
1.22758 0.0777747 70
18.5825 -0.937804 70
-0.864875 0.694286 70
-0.221088 0.131603 70
1.46224 -0.316664 70
8.72194 -10.05 70
-0.96273 -21.042 70
0.389221 -8.89742 70
0.534288 -11.2542 70
10.1849 0.333772 70
0.406745 -0.186872 70
10.9712 1.42955 70
-0.413709 10.0663 70
11.2343 -0.875904 70
9.19083 -0.966736 70
1.41774 -0.159317 70
1.35276 -11.4601 70
9.23982 -1.45832 70
9.7811 0.451669 70
-10.7863 -11.0331 70
-28.6072 11.0441 70
-31.0492 9.38141 70
21.3216 10.9082 70
0.18118 -0.24148 70
9.83825 1.10936 70
-10.6103 0.983321 70
10.8991 -0.445051 70
21.1966 -0.92712 70
0.496805 11.0538 70
-9.30157 9.15449 70
19.4765 -29.0212 70
19.3675 -29.9714 70
-0.828423 -0.926827 70
10.4386 9.36518 70
0.594855 0.294148 70
10.1375 1.1407 70
29.1647 0.641342 70
9.03589 -9.16476 70
-0.868526 0.23173 70
0.766714 1.33705 70
0.0516489 1.15026 70
0.289263 0.127359 70
10.5615 -9.74357 70
0.621198 -30.5017 70
19.7019 18.911 70
1.19823 10.019 70
1.38605 10.6847 70
0.623956 -1.03591 70
9.49517 -1.12658 70
-8.79256 -29.9577 70
-31.4154 11.1447 70
-29.3518 8.8592 70
-19.1766 -9.20865 70
-0.302164 -1.05301 70
11.2404 11.0096 70
0.540484 -11.1227 70
-10.1699 -8.56211 70
-1.02508 1.40166 70
0.479751 -0.75791 70
0.389982 0.622864 70
-20.5713 29.3064 70
10.6297 10.5117 70
21.1943 -41.2215 70
-0.309208 -0.0798605 70
-0.92153 0.197753 70
0.212804 0.0853155 70
-38.9044 -90.5131 70
11.3794 -0.27284 70
-8.58886 0.722751 70
-10.9127 0.258901 70
-0.389288 -11.3781 70
0.685889 -10.5153 70
-9.02166 -20.5384 70
-0.295783 0.561418 70
1.33696 -19.1497 70
9.25762 1.32367 70
-1.29995 1.26157 70
-0.64252 -0.927588 70
10.6441 0.0821574 70
9.68954 9.63184 70
-0.981482 1.48662 70
-19.5171 -10.3027 70
9.73483 -0.480594 70
0.741168 1.16938 70
1.10041 0.0509152 70
9.85917 1.21053 70
20.6696 9.39599 70
-0.808526 0.894693 70
-29.5559 -8.66539 70
-29.715 20.8172 70
9.16861 0.712814 70
-0.301743 -0.734093 70
0.297599 -8.87283 70
-0.809608 -9.65557 70
-1.19301 -0.495054 70
1.23419 -0.797911 70
11.3979 -1.3991 70
-0.271768 -9.80659 70
-30.3159 -49.0494 70
0.226051 0.552608 70
9.01217 0.843922 70
0.308865 19.9893 70
9.63686 -0.234376 70
-1.07434 -0.0281905 70
-10.4772 30.9143 70
20.0377 20.7474 70
9.50809 11.0592 70
0.54719 -0.158619 70
0.272119 0.340808 70
101.477 -61.147 70
9.27018 1.18635 70
20.5338 39.7855 70
10.6985 1.42727 70
10.2573 10.0574 70
20.7286 0.106065 70
0.745982 0.0149921 70
0.560271 -0.122558 70
8.71595 -0.855192 70
-0.546714 -10.4589 70
-9.54136 -20.0908 70
1.01009 -1.0475 70
10.6272 -0.917757 70
-1.26239 1.31838 70
-9.69578 1.23906 70
-1.13762 -1.04631 70
-9.85443 -10.3943 70
-0.263314 9.66319 70
0.753677 -0.419662 70
-60.8199 0.693525 70
19.2707 -0.338393 70
0.699874 -30.089 70
9.9295 -1.35514 70
10.9588 -0.397486 70
-10.6356 -1.21102 70
68.5783 21.1559 70
-0.197352 10.3255 70
11.2939 0.953947 70
-10.4936 -19.4233 70
10.1972 1.46234 70
-11.0001 -9.19278 70
11.0425 -0.761327 70
0.529371 1.01491 70
9.14565 0.638598 70
-0.0947765 -21.1648 70
0.646797 -1.12533 70
9.751 0.829693 70
10.3412 9.01425 70
-0.781066 -1.45077 70
9.99922 -0.281605 70
18.5871 -9.48925 70
19.4457 -9.89317 70
9.04945 9.76659 70
1.45643 -19.1363 70
11.0891 0.808522 70
-0.847561 21.3722 70
-0.692639 11.4655 70
8.77656 0.115565 70
0.287363 0.758062 70
10.355 1.3517 70
0.582622 10.273 70
11.2278 8.90822 70
20.7755 1.35092 70
9.91285 -0.646075 70
10.3833 0.670578 70
-10.9267 -1.49693 70
-1.0943 -0.100132 70
8.99581 0.743805 70
-1.26862 0.0644429 70
9.28102 -10.4914 70
0.329249 0.489514 70
30.9848 60.3467 70
0.111379 -9.7153 70
-0.264001 -1.02021 70
8.92746 1.0742 70
-0.831274 -10.5446 70
29.8031 1.47734 70
0.422096 -1.39407 70
0.151163 0.151774 70
21.1426 -9.51427 70
8.56874 10.2267 70
-0.351162 10.6367 70
10.5186 -1.27485 70
-11.1698 1.16276 70
-0.0427329 -20.2088 70
8.75648 20.9574 70
11.2406 -9.7085 70
0.585567 0.985702 70
-18.9519 11.3881 70
11.4571 1.06648 70
-1.17178 -0.321501 70
10.1621 10.3917 70
19.6837 0.127137 70
-10.4895 0.609438 70
1.26556 0.545714 70
-0.82554 0.963997 70
9.91984 0.207134 70
-0.33062 1.4334 70
9.64059 0.817176 70
69.6338 -30.1637 70
20.3653 -1.03974 70
0.837767 10.1535 70
-0.404723 10.9116 70
0.188759 1.02598 70
-10.4863 -0.999202 70
30.1459 29.3089 70
-0.701857 -1.45953 70
-0.580462 -1.1423 70
-20.3796 -10.7302 70
-41.4678 -0.822971 70
-1.27356 18.7632 70
0.319221 0.902658 70
-1.49742 -0.488633 70
10.5756 -0.833482 70
-1.17193 0.483258 70
-0.422234 0.792158 70
-0.0123922 -0.285941 70
9.13938 9.29446 70
1.10955 0.437496 70
0.34504 8.68767 70
11.2146 -0.773704 70
1.41879 9.02901 70
9.40913 -10.4325 70
9.76406 -0.685355 70
9.21423 1.21705 70
10.0896 -1.12739 70
8.62789 -0.500917 70
19.4256 9.18726 70
30.0814 -10.9602 70
1.48645 19.3772 70
-9.54605 18.932 70
8.70007 9.76249 70
-0.754981 -39.4271 70
19.084 10.4507 70
10.9815 9.40467 70
8.53266 -11.1864 70
1.217 -0.762603 70
11.3005 20.9383 70
0.530998 -0.952521 70
-9.0276 50.9991 70
0.502154 0.29073 70
8.7614 -0.77298 70
0.530161 0.677645 70
8.9057 -18.6136 70
9.35292 28.7231 70
19.316 -11.0313 70
9.98482 31.1591 70
9.81781 -10.1439 70
-0.530363 -8.69813 70
11.3297 -20.7757 70
1.04152 1.07755 70
-0.157841 -11.4617 70
61.4218 -30.828 70
-1.22948 -1.06981 70
-11.3303 0.608376 70
-8.72754 0.609527 70
8.92931 -10.8752 70
18.6934 19.86 70
8.72969 -8.82607 70
-40.8566 101.29 70
9.42823 -19.997 70
-1.41693 10.0192 70
-18.9775 29.6106 70
11.2508 -1.33265 70
-9.19409 9.5552 70
-18.9646 0.466111 70
-1.17939 1.15613 70
10.1256 -1.40255 70
9.23875 0.981832 70
10.8607 -0.0471391 70
-0.0360099 0.188515 70
19.1732 0.863441 70
1.15638 0.320741 70
30.312 -8.78149 70
-0.888144 -0.803767 70
0.159082 0.880925 70
-0.747099 0.872745 70
1.18205 -0.292147 70
-0.383262 18.7253 70
-0.736502 0.984935 70
1.46062 -0.738429 70
20.5356 -21.343 70
-1.49965 -1.26642 70
-0.357527 -1.07001 70
11.0206 1.08872 70
-10.1792 -30.9021 70
-0.990845 -0.501528 70
-0.0858112 -0.982979 70
-20.2794 -19.0547 70
9.18726 -0.808119 70
18.6955 -10.1154 70
10.1711 0.250546 70
11.1561 -20.7363 70
0.141985 1.34541 70
19.4118 19.3046 70
-0.121552 -20.9775 70
8.58043 0.418116 70
10.2021 -8.62745 70
9.53318 -0.838629 70
10.2939 -10.9025 70
0.94924 -0.142873 70
-31.2313 0.435791 70
0.994444 -0.0793924 70
-1.13857 1.14034 70
-1.0528 -11.0221 70
11.2806 0.3531 70
-19.0815 -10.8232 70
-0.990868 -0.00689137 70
1.00487 0.121713 70
9.67215 11.1563 70
39.0785 -8.85676 70
1.22838 -11.4243 70
20.6989 -1.47894 70
58.5965 -39.8173 70
10.2868 0.264436 70
9.49503 1.02307 70
0.879678 -0.299997 70
-1.03687 9.46589 70
0.194004 -11.0549 70
-0.594135 -8.8805 70
-0.0672717 -1.26107 70
10.5589 -0.316867 70
10.4211 -11.4453 70
9.86159 10.1077 70
10.5889 -0.262947 70
9.10983 -1.1484 70
-11.1849 -0.97501 70
9.38174 -10.141 70
-1.1327 -8.61515 70
21.1391 -21.343 70
10.9792 -0.414598 70
10.8569 -9.4582 70
0.925323 -10.4693 70
-0.151289 -9.71637 70
10.9856 0.265134 70
20.1857 -10.3461 70
21.3955 -1.31594 70
-1.00266 -1.28599 70
0.0241632 -0.0817966 70
9.87047 0.0449701 70
-1.39807 0.943307 70
-0.386425 -8.86041 70
0.772443 10.2713 70
0.256427 11.1532 70
8.75542 11.3015 70
89.8392 -39.8989 70
88.768 -39.6379 70
-20.8906 -48.5049 70
-19.6172 -48.7813 70
-0.782088 -0.754487 70
-10.6422 19.0973 70
-10.7818 19.7649 70
21.4387 10.597 70
-0.916226 -1.35656 70
1.39645 0.371293 70
-9.34269 11.0127 70
-49.8118 -8.98156 70
1.12961 9.21754 70
10.8077 1.09427 70
-0.63937 8.78377 70
11.122 -0.432448 70
8.83797 0.151826 70
20.9499 9.90208 70
-10.3616 9.19514 70
11.4997 1.24464 70
-9.14409 8.75544 70
0.947357 1.05806 70
8.90215 -9.20852 70
-0.418207 -1.43121 70
-0.214127 -0.7933 70
19.8279 1.21427 70
20.5281 -1.14011 70
-1.02245 0.773764 70
1.49731 -0.551779 70
-0.763093 -10.5733 70
-1.44046 -0.814426 70
-10.2352 9.81146 70
8.65549 1.25031 70
10.3171 9.13122 70
-9.16736 -59.1918 70
9.69678 0.918922 70
11.1695 0.91538 70
8.70161 -0.566331 70
-11.496 -9.06198 70
-10.9611 9.41395 70
20.6948 1.34296 70
30.3539 -39.1732 70
28.9385 19.7205 70
10.2259 1.26827 70
-8.94269 21.322 70
20.399 19.3139 70
10.8555 -21.0956 70
-20.4323 -20.4564 70
0.79139 -0.0943978 70
19.1559 -10.1366 70
1.10104 0.738284 70
-9.83004 -9.58971 70
-21.1553 -11.3036 70
-1.10648 0.961433 70
11.4159 9.53891 70
-0.531368 -10.925 70
1.07517 -0.216706 70
11.3169 11.0318 70
-1.00194 11.2538 70
-30.0659 19.2607 70
9.85942 8.9957 70
-0.364228 8.52021 70
-10.0674 -1.25215 70
9.32281 -0.125397 70
-30.9266 8.79253 70
10.3761 -21.2623 70
10.0305 21.0676 70
18.5752 9.95648 70
11.2924 1.4396 70
-69.3105 20.7188 70
-70.7978 21.179 70
10.8316 0.49151 70
-29.9344 -109.2 70
-0.906865 -0.263604 70
9.45511 19.2574 70
20.8132 20.0195 70
-9.71169 31.0507 70
-10.8343 -11.4918 70
-0.900599 -1.08838 70
1.24346 1.31462 70
-10.4195 -8.72742 70
-1.41994 -0.233751 70
-9.84222 -99.5368 70
0.816834 1.29293 70
9.18544 1.23745 70
0.52976 -0.132455 70
9.81885 1.32363 70
0.390063 8.82723 70
10.3124 0.0893252 70
-1.41007 9.23573 70
0.217489 -8.8349 70
-0.378002 -1.21705 70
0.00668537 1.28008 70
9.35307 -0.972022 70
10.566 0.032077 70
8.92956 21.0736 70
10.4247 0.233368 70
-0.643463 -0.458284 70
-0.208406 -1.3321 70
-20.1086 -1.19257 70
-19.9234 21.3521 70
-1.14769 -0.168231 70
8.99183 -0.984889 70
9.39053 9.86058 70
9.63871 0.180499 70
9.11423 19.657 70
-79.0675 11.4051 70
-19.7829 8.89611 70
0.961045 -1.40588 70
0.965604 -0.554064 70
-0.844132 -0.997793 70
-0.918256 -9.19526 70
-31.0733 41.2799 70
-11.2339 31.1128 70
-58.8953 20.0226 70
-0.299852 29.4528 70
40.2013 -10.2532 70
1.20606 0.534189 70
0.0712593 -0.858504 70
10.1485 10.9712 70
41.2665 -0.615595 70
1.14544 -0.171771 70
-30.0014 11.4918 70
-0.123233 -9.19656 70
-0.495645 -18.6595 70
-21.0193 0.744673 70
-0.822496 -19.6736 70
1.10147 0.1455 70
20.6033 11.0926 70
0.283872 1.27689 70
11.0283 -9.32066 70
9.44567 1.21852 70
1.42666 -0.617748 70
-1.41137 11.3699 70
0.315198 -0.751787 70
-0.436615 0.556897 70
-0.632746 0.722672 70
-1.06864 -1.45876 70
10.1151 -1.4283 70
-8.99428 -8.85232 70
-0.631958 -0.371051 70
8.83195 0.839376 70
-1.20428 -11.4943 70
31.2411 19.5816 70
-1.14053 10.8213 70
-11.36 38.9901 70
9.71593 10.803 70
10.7159 9.30048 70
18.808 -11.155 70
18.8138 -0.530762 70
9.23146 -1.30642 70
-19.1541 11.1586 70
19.3227 101.095 70
-0.123068 10.2505 70
9.73526 8.59869 70
0.724237 -1.46514 70
-0.878994 0.162002 70
8.90992 -11.3717 70
-0.645026 -1.30518 70
9.26759 38.7132 70
-10.0287 1.03084 70
10.3577 -0.669883 70
9.56247 8.67095 70
-0.20369 8.53384 70
-0.458628 -0.565658 70
9.4636 -1.23691 70
-30.3481 0.309461 70
10.5033 0.0403178 70
9.21583 10.1671 70
0.602549 9.16757 70
1.19829 -8.91904 70
-1.34173 11.1716 70
10.4575 0.502291 70
0.534678 10.6669 70
-1.11968 -0.507558 70
-0.958515 -0.956485 70
11.1167 -0.735822 70
0.0218208 -0.840633 70
-0.481062 -10.0811 70
-8.71424 1.05442 70
8.69727 20.099 70
-0.120067 1.34834 70
10.6826 10.7577 70
19.4098 30.9354 70
-49.428 78.5341 70
-28.8017 -40.2031 70
9.71729 -11.3248 70
0.90367 -0.938331 70
19.3472 -1.36584 70
-1.10404 -10.0437 70
-31.3372 8.58645 70
11.0327 9.64706 70
0.784271 9.62774 70
-9.07282 -28.5036 70
-10.1286 19.6859 70
-0.319312 10.8536 70
-1.21696 10.3096 70
9.45743 -0.572683 70
9.98939 9.42923 70
-21.1374 21.1298 70
0.259343 9.48183 70
50.6942 -11.2304 70
0.655138 -9.61549 70
-11.3209 -1.45673 70
119.607 11.448 70
1.06289 -39.0202 70
-0.0277289 1.20575 70
-9.14309 19.1167 70
9.68358 -10.2436 70
10.5833 1.3055 70
0.404761 9.55314 70
9.12591 -1.32855 70
29.8751 -9.45346 70
-1.11604 0.545726 70
-10.7035 1.36727 70
-9.01662 -9.30429 70
1.3688 10.1019 70
0.52317 -11.0052 70
19.4621 -11.4054 70
0.565104 -0.418049 70
-8.60319 0.743606 70
-0.21858 0.484068 70
0.976971 9.43732 70
-20.7236 19.2295 70
1.42696 0.583238 70
-0.687911 0.326575 70
11.336 0.695291 70
-30.2785 29.291 70
19.1324 9.41606 70
-0.385576 -9.30219 70
-0.0101732 0.728321 70
9.01876 -1.03338 70
9.35781 0.963058 70
0.571787 -9.94835 70
-0.107385 8.57813 70
-29.3036 19.3231 70
-0.437307 21.2502 70
8.75253 -0.684494 70
9.21775 0.396657 70
-19.6572 -10.4571 70
31.1079 -0.103851 70
0.0946375 0.911173 70
9.05283 -20.8964 70
0.48336 9.89331 70
10.4368 -1.30108 70
-0.85549 -0.413341 70
-0.763783 -0.125093 70
9.23215 -0.660167 70
0.12206 0.0402747 70
-29.4529 9.10885 70
-1.02321 1.41987 70
0.762234 0.974638 70
0.445917 -30.6448 70
0.652143 0.47937 70
10.696 -18.7233 70
0.722304 -0.197435 70
1.16265 1.24129 70
9.56615 -9.19643 70
-0.653548 0.453894 70
-9.31408 -8.90078 70
20.5914 20.4139 70
-41.3459 21.1703 70
-9.32342 -0.311426 70
-0.407602 -0.00461235 70
0.737384 1.32314 70
10.5748 -30.4034 70
11.2457 -11.2494 70
-69.4535 61.2646 70
9.96584 -10.6419 70
-19.7532 -41.1561 70
10.4349 -10.817 70
-20.5842 8.61725 70
0.301923 9.15874 70
8.61301 8.86003 70
0.324414 0.236574 70
0.908267 1.1611 70
-0.516245 -9.02553 70
10.9735 0.257707 70
-8.62229 -0.217192 70
38.7423 0.326587 70
30.9611 20.2952 70
10.6698 -0.405203 70
-29.3611 -0.746756 70
-0.197808 0.464664 70
-1.04016 -0.589577 70
-1.15683 1.23764 70
-0.463085 1.38135 70
-19.4311 -31.271 70
-10.5637 30.7364 70
8.63852 -0.839551 70
9.91699 -0.379639 70
10.8519 0.636657 70
29.5539 -10.7483 70
-8.90347 0.235326 70
-9.28818 -0.698876 70
-19.0215 8.97154 70
-0.846906 -0.104177 70
0.702125 -8.68114 70
19.7345 -10.2778 70
19.3905 -9.40012 70
8.80195 0.925888 70
19.5601 0.706963 70
18.9232 -1.16906 70
20.1794 -9.71564 70
8.66942 -0.643266 70
-0.459745 10.3811 70
1.32159 -1.45834 70
-1.35195 0.0307244 70
9.39057 -0.0607912 70
21.2581 9.57931 70
18.5021 9.37042 70
10.9361 20.5881 70
11.408 -19.3127 70
0.150754 -0.154058 70
0.137969 0.718922 70
-1.35437 0.459457 70
-0.779015 0.431776 70
10.6211 9.44706 70
-0.298124 11.474 70
-9.41301 -30.6876 70
-1.45977 1.34689 70
-0.34041 -1.00696 70
9.74925 21.2695 70
19.844 9.72924 70
-0.685608 9.7489 70
11.2597 -8.88669 70
-9.49278 8.96621 70
10.0214 -9.52868 70
51.2936 -28.9349 70
-8.60391 -0.0177989 70
-29.5481 39.9895 70
-1.39644 1.42621 70
10.2126 10.4242 70
8.75505 1.39094 70
19.3312 58.8976 70
10.0069 19.6557 70
0.207326 -10.2985 70
11.3369 39.7729 70
10.5118 0.441912 70
9.89924 -8.50312 70
