-0.800929 -1.45998 70
50.7011 -100.857 70
-0.46855 -0.569681 70
-0.500169 -0.451956 70
-0.437313 -0.312169 70
0.97546 -0.127361 70
-18.9493 19.3115 70
-0.0950151 -0.325467 70
1.45332 0.105724 70
-0.617249 0.0307589 70
0.120903 -1.40738 70
-9.51325 21.1718 70
10.2946 9.02256 70
-0.17938 -1.40578 70
0.189779 -0.618014 70
0.51106 0.403272 70
0.14709 0.127209 70
-20.4824 20.9072 70
0.65711 1.39665 70
20.4884 -10.1912 70
0.11759 -10.2083 70
-10.756 0.0541797 70
-10.486 0.260828 70
-0.0168453 31.1797 70
1.31309 -0.615745 70
20.0218 21.4933 70
-11.0362 -1.1673 70
0.706332 0.694669 70
1.36251 10.9583 70
1.28223 -0.128026 70
-1.25425 0.0324571 70
-8.59189 1.27947 70
9.91505 -19.7839 70
-0.319438 1.19564 70
-0.769584 10.9629 70
-0.849007 0.45789 70
1.00395 -0.037924 70
0.883575 -1.12157 70
-11.1908 -1.29673 70
-19.7056 51.0572 70
-1.0507 0.92593 70
58.9588 29.0824 70
0.140563 -10.8822 70
-10.3555 -0.153177 70
0.484786 9.46527 70
-50.9612 -49.5491 70
0.388334 1.1732 70
10.679 18.8469 70
0.671707 0.63854 70
0.647817 19.4765 70
8.89794 0.27172 70
-28.713 -9.39744 70
1.21501 0.714777 70
-1.47731 0.248239 70
1.43026 -1.06172 70
0.575894 -10.6458 70
-10.004 10.8861 70
0.564664 0.576575 70
0.554195 11.2632 70
-41.0602 9.45913 70
0.126739 -0.323674 70
-0.621756 8.78695 70
-1.36599 10.4622 70
29.7396 -10.4648 70
20.8754 -11.3702 70
0.160259 -0.734211 70
-10.9757 11.4922 70
8.89746 -0.709383 70
0.172403 -0.552635 70
-40.6205 -0.67009 70
0.28349 -0.917342 70
0.551038 1.46975 70
-0.765436 -0.91683 70
-0.943356 0.549604 70
0.414993 -0.938982 70
0.736434 1.33916 70
0.492697 0.49278 70
-9.16376 -9.83852 70
80.0153 -19.4087 70
0.403924 9.11526 70
-9.60741 -10.4952 70
21.1585 8.76127 70
-1.00836 -8.59679 70
9.07653 21.4814 70
-0.0920992 -0.351754 70
-8.95633 41.4579 70
9.042 10.9891 70
10.7685 -0.803465 70
-11.2204 -8.79613 70
-9.52962 -8.64379 70
0.155653 20.3086 70
-1.18419 0.281752 70
10.2673 -9.50204 70
-0.914528 -8.77075 70
0.319454 1.3041 70
20.2774 21.1038 70
-10.4396 0.00996279 70
0.849482 -0.163911 70
-1.26937 -0.405229 70
-1.06187 1.21001 70
-9.09605 -1.23371 70
1.10367 -0.500293 70
-40.504 9.96965 70
-38.9004 10.3701 70
0.327558 -0.770811 70
0.610795 -0.470648 70
10.782 0.627334 70
0.90367 11.4658 70
-1.25838 -1.39066 70
-1.37302 1.28596 70
1.30634 1.08415 70
90.4171 29.9552 70
89.273 29.6309 70
-1.14434 0.815553 70
-21.0623 11.2437 70
-20.4198 10.636 70
-0.285079 -10.9973 70
-9.75905 -8.59868 70
0.796143 -1.31027 70
1.49765 21.4513 70
1.2422 -0.890505 70
9.87717 1.03184 70
-11.0562 -21.353 70
1.46391 1.16661 70
-8.71603 0.21468 70
1.44567 -0.325958 70
0.806233 0.538167 70
10.9056 0.959742 70
0.738395 0.218653 70
-9.78199 1.2799 70
29.191 -10.0574 70
-29.7213 -10.9116 70
-0.0444645 20.4215 70
0.696721 0.843677 70
1.46204 -1.48284 70
-9.19954 10.6374 70
-9.82237 -0.957531 70
11.2527 9.25439 70
-11.4057 -19.3649 70
1.38737 -0.344128 70
-8.94717 -0.992785 70
-21.0809 10.7657 70
-0.177863 -1.25342 70
29.8256 -21.4595 70
0.350311 -0.673437 70
0.642308 10.4276 70
-0.681362 -1.24788 70
-0.296583 9.82352 70
-10.5784 21.0141 70
9.65961 -0.41554 70
-1.04725 1.43723 70
0.105459 -1.34151 70
0.467495 10.2687 70
9.58028 28.6587 70
9.09962 30.9349 70
-1.00623 0.801303 70
-11.3467 8.91175 70
-1.11449 -1.06166 70
-0.0478734 0.413017 70
0.517752 -0.134555 70
0.652858 -19.2069 70
0.386593 -0.619889 70
-1.04715 -1.40148 70
-0.991263 1.15767 70
9.94122 1.42809 70
0.674871 79.3102 70
-11.2529 1.29524 70
11.3946 -1.03026 70
11.3367 8.87716 70
0.967792 0.800089 70
0.620974 -1.36679 70
0.917328 9.26007 70
-21.33 -31.1121 70
-1.24276 11.1266 70
-18.8841 -0.61662 70
10.2518 -0.448699 70
1.4224 9.20919 70
19.9505 -0.00206483 70
-0.509922 9.5588 70
-0.650425 -1.35331 70
30.0553 -20.1429 70
0.950874 0.991643 70
1.18899 1.11044 70
9.82919 0.425689 70
-0.868738 9.62197 70
-19.382 20.5012 70
-20.8609 18.8317 70
0.670569 1.42027 70
-0.103661 -0.514865 70
20.6495 29.0594 70
-1.48674 1.49947 70
0.735361 10.7229 70
21.0747 -10.8512 70
-9.2539 0.182114 70
20.6132 -0.0822102 70
0.786893 0.940059 70
1.19057 9.80087 70
-8.83653 10.1181 70
-9.25882 8.81528 70
-0.129813 -0.932946 70
0.56795 -0.47163 70
-11.4714 9.89687 70
18.8917 -18.7664 70
1.09203 -0.0799001 70
-10.263 -19.3417 70
10.2898 10.7812 70
0.622781 -0.231807 70
21.2483 -20.9593 70
-1.02456 0.41015 70
-39.2877 -8.57091 70
9.69669 -28.5159 70
19.8382 9.40831 70
-1.22683 -1.40604 70
-10.6367 -1.36542 70
0.332815 -39.584 70
9.39927 1.48066 70
0.148711 -9.00401 70
-9.64111 10.4937 70
-9.70177 -10.931 70
9.58817 -19.4455 70
1.09034 9.50435 70
1.22172 1.42775 70
9.5273 -11.3436 70
-0.786073 -0.890653 70
8.72295 10.7926 70
0.870894 0.0241756 70
-0.368404 1.29917 70
0.343857 -0.766318 70
-0.489245 0.798913 70
-1.44431 -0.0871689 70
1.11012 -0.19169 70
-9.94788 -10.7707 70
-0.686344 0.112964 70
10.6854 29.5019 70
1.25129 1.01563 70
9.69183 -10.759 70
0.781682 29.6883 70
-1.12658 0.620951 70
0.308964 0.546052 70
1.09921 -10.1943 70
8.78916 -0.985336 70
19.7817 -30.6867 70
-51.0185 -9.98405 70
-1.14623 -0.82081 70
-1.47104 0.231451 70
-0.464113 -9.6993 70
-1.03122 0.365232 70
-0.881697 0.428375 70
1.14656 9.60592 70
1.0934 -10.2204 70
0.615468 20.5412 70
0.0653055 -1.44622 70
-19.239 -1.12259 70
-9.56268 -0.301909 70
1.23966 1.05928 70
-0.562667 -1.45473 70
-1.26992 -1.06436 70
0.702604 0.261999 70
-0.586447 -30.188 70
-0.802263 0.580484 70
0.00711427 -0.227421 70
0.636787 -0.985172 70
20.6149 70.47 70
-10.6217 0.200864 70
-10.0162 0.674247 70
-9.01654 -0.059333 70
0.0377614 -0.845856 70
1.2037 -0.101167 70
-9.33771 1.46219 70
30.6117 10.6242 70
-1.12932 -0.175799 70
-0.610388 -0.578588 70
-0.191078 0.77678 70
-0.0181034 1.25265 70
-1.36176 1.06755 70
1.36127 -0.828608 70
-0.450904 -0.891928 70
-10.5048 9.62013 70
-1.45721 0.593949 70
0.93059 0.346325 70
-0.724433 -29.8294 70
-20.1272 -39.6112 70
29.2789 19.5778 70
-0.768112 -0.779399 70
-0.799164 1.2304 70
1.08243 -0.0604643 70
0.0354387 0.013109 70
-8.95116 0.048524 70
1.34141 -0.361877 70
-0.510049 0.545678 70
19.3963 -9.55273 70
-1.02378 -1.07181 70
-8.90782 0.00566416 70
-30.1069 -0.376289 70
0.508515 9.57883 70
-21.0466 18.895 70
-1.00882 -1.24659 70
9.82825 -21.3836 70
9.61392 -20.3488 70
0.935962 19.2772 70
-0.335261 -1.10262 70
0.680704 10.7711 70
-41.2294 -0.294681 70
-11.1848 0.359334 70
1.31906 -9.13885 70
-0.917773 0.365968 70
-20.3174 -9.4313 70
1.47864 -10.0645 70
-0.715665 0.157726 70
-9.23306 -1.2351 70
1.16206 -0.940347 70
0.310662 0.833954 70
-0.267255 -1.06893 70
-20.6533 0.226558 70
-1.15992 -0.688458 70
-20.2763 9.08525 70
-9.61451 -21.432 70
19.7499 19.7704 70
1.18298 8.69057 70
-40.5688 -40.5386 70
0.399578 0.423766 70
-1.04279 -1.05529 70
-0.0461486 -0.00287378 70
0.187791 1.19256 70
-29.5587 8.65503 70
-29.4633 10.6014 70
11.3709 -0.750408 70
-1.39704 1.13269 70
1.18725 -0.569244 70
1.05808 -1.25473 70
0.117081 8.60586 70
-21.2941 0.600271 70
-10.1215 -10.3726 70
-0.868912 10.0527 70
8.71964 11.3543 70
0.694115 -1.10306 70
-0.894075 0.856271 70
0.583179 0.27693 70
9.2979 -0.00385413 70
20.3814 -9.58387 70
21.0841 -10.5333 70
-20.4387 -30.1539 70
-10.4204 -19.3146 70
-1.46312 8.55385 70
-10.3944 -10.0366 70
-1.40156 0.704872 70
0.276992 1.08545 70
-10.9974 -40.1074 70
1.118 -8.90289 70
1.49084 -0.0570791 70
-0.643579 9.96715 70
-0.90761 0.0675913 70
1.14714 -18.5037 70
-29.6599 19.3263 70
-0.787754 -0.852256 70
0.985834 -20.7709 70
0.850703 10.3932 70
-31.474 20.5426 70
0.0347464 -1.10168 70
-8.5339 8.57201 70
-79.2366 -48.7469 70
-0.15287 -0.250197 70
-0.174472 -1.26232 70
19.8165 1.12891 70
-1.13919 1.48419 70
-0.333587 20.2751 70
-11.1883 11.1923 70
1.43136 -0.396534 70
-18.8104 -0.927127 70
1.33744 9.36568 70
0.700324 0.224363 70
0.40187 -0.478455 70
1.38831 8.52894 70
0.11086 -9.58665 70
0.0753415 -0.903438 70
38.9542 -8.72616 70
10.2287 10.4021 70
11.417 9.84993 70
10.2368 10.9029 70
-11.282 11.1334 70
21.1559 21.005 70
-9.39654 10.1488 70
-1.0042 21.4144 70
-20.4794 59.366 70
9.69039 -11.0859 70
10.3126 -10.9365 70
19.7163 0.1187 70
0.838525 -0.490097 70
-0.868643 0.843965 70
-19.9393 9.0063 70
1.39856 0.488959 70
1.41963 0.108811 70
0.735631 20.7428 70
-10.5415 21.076 70
0.402742 -1.33714 70
1.32397 19.145 70
51.0846 30.3219 70
1.39132 10.8317 70
-0.420521 -0.980257 70
-9.93136 10.2043 70
-10.6703 0.850032 70
8.83562 -0.127742 70
20.768 30.9293 70
19.564 31.1946 70
-0.64868 -0.873973 70
9.82036 9.0909 70
10.8486 -0.0341362 70
9.24054 89.7447 70
-70.3372 69.2877 70
9.06419 -21.2901 70
30.0501 -18.5159 70
1.21656 11.3939 70
1.24352 0.089001 70
-9.26117 10.649 70
0.135794 -1.11074 70
0.702543 0.55798 70
-0.726212 -0.376515 70
-0.823938 0.881109 70
0.266183 -0.505293 70
-20.452 11.1028 70
-0.418589 0.16303 70
-0.963151 0.195281 70
1.32451 0.752221 70
-1.17373 -0.962043 70
-1.21072 -19.8384 70
0.387337 20.4273 70
-30.9036 -21.2953 70
-0.225063 1.08516 70
0.140227 0.213536 70
-10.4357 11.148 70
0.784049 -11.4697 70
-0.114552 -0.958369 70
8.5017 0.906776 70
-8.78429 -0.0964852 70
-11.2706 -0.359882 70
0.0308181 0.918236 70
1.07923 9.44899 70
1.16372 10.2663 70
-10.5416 -0.643449 70
-8.63017 -69.9745 70
10.166 -29.7556 70
-1.13197 0.384777 70
-11.0593 20.2322 70
-0.616241 11.0417 70
8.79523 10.2573 70
-0.16038 20.6981 70
1.32724 30.0245 70
1.15468 -10.0066 70
-20.5869 9.03638 70
0.607584 21.2046 70
-0.219033 0.832804 70
0.815628 -0.71978 70
0.872283 1.27155 70
9.0322 -0.336573 70
-10.1094 -19.3166 70
0.988963 9.49009 70
-1.22807 1.31813 70
0.511667 0.213159 70
0.844958 -1.28608 70
-0.0310679 1.08619 70
-1.14997 -1.30422 70
11.1221 -20.987 70
0.345563 0.0777711 70
0.244861 1.03535 70
-40.6704 -1.19308 70
1.19889 0.272388 70
-10.1324 -1.32329 70
38.887 21.3535 70
-20.9895 0.368122 70
9.42813 11.4737 70
-11.3117 -8.81383 70
11.3941 -0.472311 70
-1.40448 1.35139 70
0.122737 1.15128 70
-0.80072 -1.45583 70
-18.829 19.1311 70
-30.0354 -10.9652 70
0.0564381 -0.633063 70
9.58735 1.41858 70
-0.254137 -0.873651 70
71.0344 0.435246 70
-10.8398 19.8094 70
-9.17521 8.70436 70
8.83563 10.8651 70
-19.4733 -50.5919 70
21.0276 1.19085 70
9.08513 18.5139 70
1.29646 0.341405 70
-1.20253 9.06845 70
0.79261 -0.368813 70
1.49979 -0.727754 70
-19.3946 49.3851 70
9.13645 -10.2462 70
9.21025 -11.4028 70
0.333935 -0.0527334 70
-19.8597 0.218075 70
-9.17089 8.77403 70
1.42471 -1.49352 70
0.784917 0.422569 70
10.9089 10.4757 70
0.733199 -0.933741 70
10.4899 -1.22704 70
0.344914 1.26151 70
-0.181084 -0.547437 70
-9.50904 11.4443 70
0.340943 -0.355122 70
-1.22199 -0.844966 70
0.427685 -1.06431 70
-0.780015 -0.592091 70
10.2994 10.5929 70
0.203018 18.8319 70
-8.67653 -19.2009 70
1.07702 -1.02851 70
9.29114 -0.403319 70
0.624194 -0.455171 70
-1.07976 8.93357 70
39.0311 10.8718 70
-0.0100203 9.88282 70
8.9258 11.3032 70
0.168597 0.129482 70
1.40517 -0.689227 70
1.17752 0.868885 70
8.88924 0.460174 70
-10.4696 -1.04387 70
-8.67258 -0.381796 70
1.04025 -9.50603 70
0.481762 -1.32933 70
-0.427275 -1.10177 70
0.378016 0.658291 70
0.909961 0.338443 70
20.3136 -0.145668 70
-9.61096 -1.07166 70
21.1961 -29.2756 70
1.3761 9.17308 70
-1.08282 -0.847659 70
1.4687 0.497484 70
-1.33547 -1.41004 70
-0.345655 1.25066 70
0.41938 -1.22879 70
0.559027 -1.30661 70
9.82146 1.17387 70
-1.23789 -9.11721 70
1.3718 -0.632466 70
28.5987 -9.40971 70
0.37382 -0.224562 70
-0.941981 -9.66362 70
-0.439412 -9.71876 70
-8.8539 -0.941057 70
-0.53211 0.0326661 70
-10.4886 18.9996 70
-18.5189 1.47388 70
30.5286 -30.9026 70
1.07852 -0.605135 70
-1.29398 0.959176 70
-21.0185 0.973145 70
1.0794 -10.2112 70
-0.378679 1.19415 70
-20.188 -8.69675 70
-8.53884 10.7148 70
-18.541 19.0672 70
1.10365 10.2917 70
0.0202057 0.0418911 70
0.802264 -0.503722 70
1.07731 1.26766 70
-11.2275 -8.77484 70
-1.26803 1.18384 70
20.3119 20.2685 70
20.0651 19.785 70
38.8249 9.50094 70
10.9701 21.2467 70
11.4737 20.2595 70
0.774154 -1.05197 70
-0.929635 0.675743 70
1.42717 1.43069 70
8.87396 10.3462 70
-11.4138 11.4274 70
1.11741 -0.0288085 70
-20.3809 -1.25925 70
-0.307495 -1.49043 70
-0.622614 -0.514331 70
-9.30834 -9.15089 70
-8.74696 -0.0719613 70
-30.9628 0.839489 70
-8.76335 20.656 70
-1.27024 31.3594 70
-0.808783 31.4996 70
-0.636772 29.3836 70
-9.62301 -18.7949 70
1.07501 -0.576029 70
49.0275 40.586 70
1.46232 1.24429 70
51.3929 21.1008 70
0.0975416 0.241572 70
-10.8089 9.14937 70
0.593103 -0.619741 70
-0.528082 -0.883129 70
8.98125 1.19872 70
0.0330026 1.29419 70
-29.5688 -19.146 70
0.184814 1.35623 70
-11.3915 0.587401 70
-1.49601 0.292588 70
1.26649 0.714782 70
-0.977902 11.3065 70
9.0827 10.4096 70
0.650644 0.306762 70
-10.7724 -9.54381 70
20.5287 10.5971 70
19.028 10.6516 70
-1.46277 9.34895 70
-1.07475 -0.587225 70
-19.8323 1.25921 70
9.70328 0.817522 70
-40.4245 -19.5243 70
31.0218 9.14891 70
91.042 99.3883 70
59.7554 -0.277575 70
0.44662 0.23266 70
1.00005 -0.733757 70
10.0316 -10.4856 70
-39.4233 -9.65294 70
-18.6884 29.0236 70
-0.744261 0.832956 70
-0.742047 0.516652 70
-19.7745 9.00613 70
31.0966 51.2698 70
-39.4646 29.9049 70
-1.44909 0.0216232 70
1.27229 -11.0078 70
0.280127 -0.849986 70
0.211907 -0.417232 70
-0.906101 19.4941 70
30.7406 -31.0247 70
-19.2436 -18.5292 70
-0.223665 0.607056 70
-1.41809 1.45869 70
-0.499602 0.770134 70
-0.578658 11.3421 70
-9.51475 8.72083 70
-40.9836 -40.8169 70
-11.0546 -1.43555 70
69.9945 79.4866 70
10.048 -11.1875 70
-19.5441 9.18297 70
29.7567 30.8679 70
-11.2389 1.40401 70
-29.8736 -11.4015 70
-1.15304 9.08826 70
-10.7644 -9.80764 70
18.6168 -19.4741 70
21.0922 58.8766 70
0.229817 -0.501392 70
-0.654193 10.538 70
0.730419 -0.710665 70
-19.209 11.1387 70
-1.37847 -1.11901 70
40.182 30.5279 70
0.19418 0.866472 70
0.876676 -1.35638 70
-0.770324 -9.23193 70
0.645595 -0.171763 70
-18.7138 20.1603 70
9.45375 -1.16064 70
0.101811 -1.49724 70
0.386953 -1.26003 70
-0.188275 0.0432895 70
1.20762 0.179567 70
-0.912754 -0.468608 70
9.85395 -10.9849 70
-29.0863 -11.0397 70
-8.60744 -1.10364 70
-8.91822 -1.48365 70
1.37786 -1.32287 70
30.4076 0.0718215 70
1.15491 11.4009 70
-9.79408 20.5701 70
0.78253 -1.11168 70
1.3356 -1.23036 70
0.287366 9.81846 70
29.7772 -29.6406 70
20.2129 -9.9438 70
-8.95721 0.016068 70
0.889828 1.0529 70
-1.36813 -1.3254 70
-9.69025 -10.2698 70
9.96815 10.9952 70
-1.04196 0.949199 70
1.31326 -1.04386 70
-1.16585 -0.701281 70
-39.4328 8.55788 70
21.3942 10.8149 70
-10.6662 -39.97 70
0.000526688 -11.3912 70
1.35292 -9.36754 70
0.980054 -0.332282 70
-0.112346 -0.10348 70
-0.907286 0.404729 70
-1.19815 9.7743 70
-11.1547 11.2317 70
50.8986 -50.4181 70
-0.558448 -8.57572 70
-0.756877 1.31219 70
-19.6918 0.429334 70
0.0176381 -10.4543 70
29.3573 30.6199 70
21.3708 -0.314381 70
-1.20119 -0.448391 70
0.261965 0.574294 70
-1.46768 0.290356 70
-0.996011 1.19751 70
1.48144 11.2476 70
-0.512238 -9.34739 70
20.6866 9.91625 70
9.11325 10.952 70
-0.327263 1.20236 70
-0.0839158 1.33117 70
1.29486 -1.04338 70
0.411519 -1.09736 70
-0.622748 1.25309 70
-0.118662 1.24201 70
-0.00663081 -1.0612 70
1.15915 0.821961 70
0.850768 10.2413 70
-9.82522 9.68619 70
0.256971 1.00893 70
-19.3225 -19.1224 70
-1.15537 9.00865 70
1.35835 -0.215063 70
0.609108 0.0723486 70
0.662403 -1.14002 70
-1.05793 0.243759 70
-0.671441 0.367077 70
11.0757 -0.671412 70
0.659325 -1.08876 70
-0.716775 9.75723 70
-8.65779 -0.676535 70
-20.242 -29.792 70
-0.357627 20.5152 70
10.0977 10.1531 70
0.0255531 1.23133 70
1.20397 9.70181 70
-9.89517 10.6709 70
-0.41119 11.102 70
-1.03018 0.0735221 70
-1.42381 -0.548213 70
19.2995 -9.52696 70
-31.234 -10.6049 70
-9.07064 0.496599 70
8.69051 0.881099 70
9.05882 -0.488559 70
-31.3653 8.7809 70
-9.77 11.4713 70
0.0674059 -0.855399 70
-0.951316 -0.743601 70
70.9395 -1.33842 70
20.1109 -10.0739 70
0.0929248 1.14576 70
59.4423 40.1498 70
-0.165267 10.6655 70
-39.9656 11.4994 70
-9.89173 18.6747 70
-0.528499 -1.37195 70
1.33586 1.28831 70
0.0214229 1.00219 70
0.944117 -1.45989 70
-0.671463 -1.16381 70
-0.704192 -1.25007 70
-9.21433 0.0640268 70
-11.2372 0.923114 70
0.00877142 -0.90972 70
-0.131877 0.657959 70
-1.04539 -9.16583 70
0.471321 -0.11761 70
10.3193 9.74918 70
1.17417 -9.15114 70
1.11383 0.392517 70
-18.9188 -8.61387 70
-10.7492 18.7198 70
1.34554 0.126026 70
8.92666 0.207489 70
-20.8949 -8.66694 70
-8.56695 0.967585 70
0.0950044 0.0407038 70
0.0965804 0.0886482 70
-1.29596 -9.6116 70
-0.912444 -20.0902 70
10.0746 19.8499 70
-0.0671238 -0.5959 70
-9.1705 -11.4042 70
0.971412 0.896791 70
0.757654 0.302337 70
-0.830472 0.733201 70
0.0361889 9.27944 70
-0.63803 11.284 70
0.950732 -1.26634 70
-0.99253 -0.371624 70
-10.8224 0.569469 70
0.544589 21.1586 70
-9.5279 -9.38716 70
-18.982 -49.5274 70
8.52493 -0.213724 70
-1.10438 -0.879352 70
-0.577513 -0.746144 70
10.4469 -1.06195 70
0.833487 1.44093 70
1.34623 -0.817962 70
-0.143139 0.832331 70
-10.3806 10.2946 70
0.711922 1.11452 70
0.101147 0.900966 70
1.29984 -0.704905 70
-21.3958 10.6072 70
-21.1698 -1.06223 70
-0.796804 -0.180337 70
1.27891 1.23757 70
0.647338 -1.26034 70
1.08046 10.4102 70
11.3707 0.788889 70
1.2097 10.1672 70
50.2732 -0.267711 70
1.23938 0.961595 70
10.6382 0.815343 70
11.0653 -0.382258 70
1.40993 39.0403 70
0.273362 8.98675 70
-1.46697 -0.624387 70
0.124211 -0.700713 70
-0.99456 0.515977 70
-1.32176 0.752237 70
-0.863093 0.0318721 70
-30.6202 19.6877 70
1.14945 9.60507 70
0.345419 10.3802 70
-19.6452 -19.5304 70
-11.1275 0.0652924 70
1.24599 29.3049 70
-0.70822 -0.364246 70
-1.3397 -1.41513 70
-59.7884 -51.4118 70
-30.1409 38.8536 70
-1.48392 -0.78196 70
0.463877 -1.30325 70
99.4731 -9.68736 70
-11.1089 9.09075 70
-49.9533 0.0690215 70
-1.05298 0.804316 70
-1.26977 0.349604 70
0.0453843 -0.490305 70
-1.32292 -1.20328 70
-0.830059 0.474349 70
8.55848 10.5602 70
-0.711999 -0.0908808 70
-1.29407 -90.1151 70
-41.2202 9.75047 70
-1.24307 -0.190976 70
-0.405579 -9.14989 70
-10.8822 1.20721 70
0.206474 0.465672 70
-10.5631 1.02752 70
18.6719 -1.15537 70
10.9556 9.32923 70
1.45516 0.58095 70
0.137834 -8.53846 70
1.29268 1.07694 70
-1.45783 0.214305 70
1.32821 1.08496 70
-0.881432 0.93936 70
-0.664927 1.33225 70
29.4494 21.3365 70
-28.902 20.3239 70
9.03786 51.0631 70
-0.671029 0.313816 70
-0.636063 -1.46795 70
11.3978 -10.6657 70
18.5319 -9.41726 70
19.0808 -8.80682 70
-19.9926 11.3525 70
-0.732147 -1.32834 70
0.869303 0.426104 70
0.539056 1.07132 70
19.225 29.9934 70
-41.3009 60.2503 70
-0.0056059 10.9014 70
-8.62957 -1.22604 70
