9.77141 -9.17623 70
0.552255 0.650998 70
-0.945816 -1.42381 70
-0.803443 0.643572 70
10.9239 -38.5584 70
19.746 -39.3849 70
9.25834 1.05924 70
10.4689 10.9845 70
0.875252 11.1862 70
0.309967 -10.5252 70
-9.93997 9.35824 70
-0.685314 -0.401793 70
-0.605524 -0.0253463 70
-0.574952 8.85984 70
0.290364 0.636211 70
-0.929633 -0.479902 70
-0.169496 0.253713 70
28.752 -29.2571 70
9.02577 10.9509 70
-9.82714 1.23011 70
-10.401 -0.289856 70
-61.3741 58.8796 70
-21.4866 21.1876 70
10.7186 0.413216 70
-1.32122 -1.17013 70
-19.7269 1.41595 70
8.56605 -0.763403 70
0.612437 10.6294 70
-0.212786 1.28297 70
-11.4143 -0.143823 70
-20.6868 -0.47706 70
-11.2121 -1.39705 70
-9.91729 -0.820708 70
0.923025 8.81213 70
-1.43634 -0.893664 70
-1.43371 11.1344 70
-1.36682 1.09236 70
8.65622 -10.4735 70
9.03652 8.7367 70
-10.9416 -9.89049 70
-38.6269 20.5318 70
-20.746 -8.54771 70
-0.922263 10.4279 70
8.78883 20.4121 70
11.3812 -8.83719 70
-9.61334 1.42989 70
19.0627 0.16458 70
19.5727 -1.25745 70
-10.0827 10.8153 70
1.01589 0.9106 70
18.8707 -9.06464 70
-10.2337 -1.27956 70
-19.8189 9.68597 70
-9.73484 8.60439 70
0.970749 -9.09731 70
-10.4488 -0.860374 70
-20.8966 9.63266 70
-1.37998 10.8886 70
-19.2568 -19.1321 70
29.0247 29.5971 70
31.0496 -21.0467 70
-0.0798646 0.142179 70
-11.362 0.642854 70
-0.659236 8.56535 70
-8.81649 -0.658468 70
-11.4024 0.328222 70
-9.59974 10.0763 70
-0.364926 11.3828 70
-0.0549995 9.15334 70
-9.40705 10.3305 70
1.24619 -41.0818 70
0.499289 -1.08429 70
-11.1584 -9.36581 70
-8.80094 9.92594 70
9.18882 -0.865023 70
-41.0746 -20.6465 70
-39.1753 19.7913 70
0.514236 10.1018 70
0.543215 -0.861988 70
0.869284 -1.29347 70
-9.54587 29.1947 70
-9.83174 28.7159 70
-48.7443 50.5388 70
-20.1701 10.3887 70
-20.6375 9.27788 70
19.1939 -8.79673 70
19.6245 19.2146 70
0.557386 31.0984 70
-30.5562 -0.213145 70
0.429378 -1.04684 70
-0.193253 -0.150837 70
0.521444 -0.695534 70
-20.4084 10.0844 70
-10.0181 10.799 70
19.6654 39.8018 70
1.17018 -9.61899 70
20.9923 10.6452 70
-9.2355 -0.531547 70
-11.1988 0.327504 70
-11.157 -30.8354 70
-0.280612 1.35951 70
-1.08309 -0.97088 70
0.855638 0.359561 70
-0.572354 20.1527 70
0.479447 8.5504 70
-29.7891 -18.7137 70
-0.663242 0.114899 70
-1.40698 9.85099 70
-20.7942 -10.2994 70
0.474134 -9.89446 70
-18.5493 0.129404 70
-0.559714 -0.101557 70
0.0952462 8.87216 70
48.781 19.7422 70
8.68298 -0.787897 70
8.53835 10.2476 70
-0.128499 0.584889 70
1.35269 8.77671 70
-10.3534 10.4782 70
1.39014 10.1065 70
-11.4213 -11.4799 70
9.68924 1.06003 70
18.5028 -11.0206 70
19.9952 -61.3705 70
9.1123 0.210951 70
-0.0920025 -0.767746 70
-10.9767 31.0657 70
-20.8102 10.7079 70
0.150467 -0.571719 70
-49.1474 -40.902 70
-0.695041 -1.32138 70
-0.510942 -0.963709 70
-10.2462 60.2357 70
19.027 10.3049 70
0.174971 11.3655 70
-0.156766 -0.966476 70
1.10741 -0.731041 70
99.7244 48.8738 70
21.088 -0.456239 70
-0.945105 -29.1876 70
-1.19552 -1.37131 70
0.8179 9.73537 70
91.0019 20.568 70
-101.034 20.7924 70
-1.06791 11.413 70
-39.5875 -1.22795 70
-20.8435 9.87953 70
-1.44874 -0.78734 70
-9.03483 0.787211 70
10.5802 -31.4771 70
0.716794 9.18749 70
11.4581 10.4966 70
0.0254499 10.9009 70
-9.94662 -20.0293 70
-9.34728 10.7319 70
0.976365 30.8927 70
1.41969 0.998088 70
-11.1328 -1.19011 70
-9.90743 -0.419769 70
-9.17417 -1.41953 70
-8.74155 -1.09372 70
-0.42273 10.4559 70
-8.59314 -8.66543 70
-20.8026 9.30737 70
-10.1742 -9.81657 70
-9.24339 19.899 70
-9.4338 18.683 70
9.95536 -0.278919 70
1.03447 10.7718 70
-9.30101 0.114177 70
-18.7091 -0.805752 70
21.2092 8.89559 70
-0.194073 -0.372576 70
9.44838 -0.574553 70
-9.40413 20.9565 70
-0.989976 11.1421 70
30.3496 -20.6391 70
0.200197 1.08084 70
-1.17384 -0.192566 70
38.6456 -11.2254 70
-8.62288 20.1717 70
-19.3548 -19.8156 70
-9.2907 1.0778 70
-0.394709 0.998443 70
-1.08605 0.0193229 70
-0.746668 8.74468 70
0.880949 0.99371 70
21.3704 9.42873 70
-1.49081 10.9995 70
-10.9611 -0.545988 70
-9.39312 10.9291 70
9.10436 9.65197 70
10.5192 10.9369 70
1.22445 10.8663 70
-9.36183 39.8771 70
0.910844 10.7769 70
-10.2473 0.431414 70
-19.9424 20.3135 70
-0.495516 -0.199517 70
20.4298 0.999628 70
0.0872545 -11.4649 70
39.802 -10.1314 70
0.994203 -0.618742 70
11.3301 10.9791 70
40.2289 19.7388 70
-20.8302 -1.449 70
38.6785 18.9728 70
39.3986 19.3102 70
-10.5908 21.2739 70
-8.91106 1.4976 70
-0.537989 9.16757 70
0.0908321 11.0246 70
9.89184 -30.7484 70
-0.770337 1.2421 70
0.522687 21.0286 70
-0.332144 20.7877 70
-20.4483 11.4835 70
0.780949 9.28752 70
-39.5532 68.9112 70
1.46338 10.0951 70
0.598766 -0.977422 70
0.650514 -18.6486 70
-31.4005 8.64134 70
-38.9271 -29.0274 70
-71.2586 -40.3362 70
-0.312528 10.3951 70
-1.21119 1.31429 70
-0.280879 0.238406 70
-11.3378 11.151 70
-20.8234 20.5679 70
-39.825 10.9352 70
-10.2042 10.332 70
-1.10072 9.01814 70
0.794587 -1.1443 70
-11.174 -0.400354 70
-19.6351 -11.1447 70
-21.46 -10.0932 70
-59.2711 -10.0134 70
-0.960697 9.6666 70
18.774 1.0078 70
-0.612145 11.3577 70
0.569151 0.943721 70
-0.961413 0.862779 70
-8.94878 28.7452 70
-20.9583 8.84733 70
-21.0274 10.9331 70
0.99642 10.046 70
-0.540706 9.14954 70
0.288269 0.520875 70
-11.2973 -10.4436 70
-11.3635 -0.936863 70
-20.3575 10.5728 70
0.995689 10.8871 70
20.6943 0.305588 70
11.0999 -9.84742 70
-10.5041 -1.0221 70
-8.90491 -0.711556 70
-11.2819 11.1706 70
1.46758 11.322 70
8.53178 10.1015 70
-0.878945 -0.426777 70
-0.0392921 -1.28273 70
-1.00429 0.441355 70
10.5918 0.0383242 70
0.821601 9.80684 70
-1.45559 -0.131971 70
-9.1949 49.3311 70
29.1199 28.6177 70
-11.0053 -0.291957 70
-8.77183 1.48491 70
-8.72926 10.3724 70
-0.672207 9.95446 70
-0.31235 0.720686 70
-0.834987 0.831395 70
10.267 38.807 70
1.18304 -10.5576 70
-1.39428 8.88148 70
11.2882 0.672467 70
0.901805 0.303282 70
-1.31094 0.764341 70
-29.8198 -10.5426 70
-1.24068 -0.0443464 70
-9.08282 18.814 70
10.9553 -1.3356 70
-9.582 -1.45309 70
39.8847 90.5612 70
-9.41358 -9.46464 70
-49.8924 18.6219 70
-9.39526 19.5005 70
-10.7911 51.2547 70
0.279143 -0.698813 70
58.8582 20.3036 70
19.7893 -0.6311 70
1.242 19.586 70
0.32362 1.24078 70
-0.53493 10.5459 70
0.0268614 9.45566 70
-0.213282 -9.3929 70
0.0524379 -0.0745421 70
-0.655711 -0.739928 70
-9.09167 0.732079 70
-10.6822 -0.154915 70
0.369671 1.43529 70
-9.09176 0.453902 70
-18.7593 19.6404 70
0.0387088 -0.462567 70
-18.838 -8.69396 70
8.75298 -10.6957 70
10.6376 10.6501 70
-10.6899 11.1116 70
20.6448 31.204 70
-0.792548 9.41732 70
1.25727 9.6849 70
18.7678 1.10642 70
-58.6232 40.3248 70
-1.10105 10.4007 70
-1.12444 21.3873 70
-50.6838 -58.736 70
0.0413323 -8.75118 70
10.1035 -30.5022 70
-0.0629335 9.97799 70
-68.7984 -31.468 70
28.972 -31.408 70
30.4205 -30.2349 70
0.610773 9.03792 70
-9.79208 10.8473 70
1.46702 19.5057 70
-0.423551 10.3548 70
0.490553 -11.2489 70
31.2695 -39.4538 70
-9.37138 20.5354 70
-11.0803 10.0337 70
0.0998966 9.91736 70
0.506243 10.4432 70
1.19708 0.958517 70
-9.73631 0.71112 70
20.6176 -11.1137 70
-11.2625 21.3552 70
0.606552 0.898691 70
-19.6905 -9.06777 70
-50.8815 41.4261 70
-10.3859 10.9864 70
-0.94754 -9.74108 70
-1.1005 20.7887 70
0.879297 8.505 70
-1.17283 -28.7873 70
0.996594 -1.43578 70
-11.4403 1.27934 70
0.912015 10.2924 70
1.13922 9.67416 70
-50.1886 -70.6928 70
0.673876 -1.43353 70
-0.6399 0.847153 70
9.53859 -0.198911 70
-1.15238 1.39359 70
1.41842 11.3305 70
0.921498 8.61192 70
9.70522 29.9786 70
-1.01287 0.50664 70
0.446775 1.08881 70
-0.946696 19.2098 70
29.9299 31.0036 70
61.0185 50.654 70
29.353 -19.2236 70
0.0141 -70.7899 70
-1.39469 41.0719 70
-0.18128 0.587507 70
10.2294 0.260953 70
-0.648191 19.7929 70
0.863021 10.5207 70
-11.1815 8.51661 70
-50.5334 30.0999 70
0.0082783 1.39657 70
8.5475 10.281 70
-10.3732 -0.646503 70
-0.209219 11.1583 70
-1.10029 0.305535 70
-50.2164 40.3999 70
-1.2664 0.369711 70
-9.99675 10.9842 70
1.09444 -0.590954 70
18.7495 -10.4772 70
-0.132216 -1.12708 70
0.453242 0.245717 70
20.0084 19.4009 70
30.441 -20.3499 70
-10.7202 -20.793 70
-1.42081 8.88466 70
-0.754336 10.3685 70
1.21915 8.61072 70
-0.264431 -0.898264 70
9.4887 8.58348 70
-0.439487 1.2548 70
-19.3529 0.312438 70
-0.944656 -1.44029 70
-31.3249 9.78569 70
1.10771 -1.13835 70
-8.99629 10.9451 70
-0.719578 9.17638 70
-1.4481 10.8814 70
-10.2727 11.4838 70
-0.777197 1.25693 70
0.325463 -0.353607 70
-21.2518 -11.2045 70
-0.501238 0.0860726 70
-1.12628 -1.45841 70
0.553245 10.8745 70
10.9841 1.11175 70
-0.405156 0.808944 70
-0.910717 1.2533 70
-29.4412 21.2706 70
-1.18318 0.637714 70
-9.84135 -8.9703 70
-8.61041 9.95853 70
-9.42504 -0.173636 70
-1.13874 -1.02394 70
0.828679 -0.100679 70
0.874191 0.287721 70
-11.3379 10.3529 70
10.093 -10.2568 70
-19.0699 -9.41632 70
10.7277 -0.289166 70
0.520574 8.66336 70
-0.189351 30.4707 70
1.0992 -0.228522 70
0.460789 10.6761 70
0.075352 11.1635 70
0.695105 0.079014 70
8.51974 -9.54798 70
1.3045 1.10051 70
0.0856999 0.0438251 70
-1.48425 -0.0448 70
-1.24043 1.4955 70
-10.2864 -0.114582 70
-11.2219 10.4772 70
-11.4708 0.598291 70
29.1638 20.2369 70
10.5515 0.695582 70
0.0837737 10.8971 70
0.651889 8.94623 70
-0.592021 20.6997 70
-0.788514 0.315519 70
-10.0468 1.07591 70
-1.27182 0.0605764 70
0.178065 -10.6753 70
40.7195 -10.3812 70
-9.57656 10.5768 70
18.5005 -21.1386 70
-10.7261 9.56605 70
0.189164 -1.21885 70
1.36246 0.102416 70
0.376321 -0.872257 70
8.89185 29.2142 70
-1.10733 -1.15172 70
-0.383009 -0.566991 70
-0.740044 10.5845 70
-11.1052 -18.8993 70
1.44942 -0.843746 70
1.24443 -0.0471501 70
0.230384 -1.18342 70
-1.30639 -0.854755 70
1.29126 -1.37457 70
-8.72092 1.18084 70
-11.3306 21.075 70
0.185277 -1.35254 70
10.8428 9.47513 70
-0.185133 9.29579 70
-10.5491 -19.7442 70
-20.3707 -0.473458 70
-20.0795 1.40004 70
-8.83603 0.887098 70
-11.3799 20.7952 70
-9.29769 10.8381 70
-8.95094 0.432894 70
-0.420121 9.64636 70
1.45943 0.107264 70
-10.5234 -0.87572 70
0.244672 10.1605 70
0.449783 0.678567 70
-10.0587 -20.5411 70
-0.881704 9.80153 70
-9.92702 -0.404432 70
-9.5917 8.74291 70
-8.56368 10.5201 70
9.13857 8.69758 70
-8.57973 10.2741 70
-0.0784286 20.5045 70
-0.942219 1.02835 70
9.48877 -10.1661 70
0.48 10.5118 70
-29.3339 39.8208 70
1.08219 -0.129858 70
-11.263 20.2555 70
-19.0094 20.2294 70
-0.127009 19.7578 70
1.25456 0.423061 70
19.4919 9.5057 70
-0.500081 -1.22987 70
-10.4907 -1.32639 70
-19.4923 -11.4316 70
1.49656 1.25135 70
-1.27901 0.570248 70
71.2225 -29.4507 70
1.24369 -9.46013 70
-19.7339 31.1717 70
11.4084 10.4233 70
-10.1532 10.7872 70
-10.0635 0.87727 70
-0.260286 0.914901 70
-9.81658 -0.0461665 70
-11.0558 10.5095 70
-0.119798 1.02237 70
0.29717 0.828211 70
0.709787 11.2736 70
-11.1649 20.9973 70
11.3722 21.1446 70
39.3029 21.4679 70
11.1367 10.3474 70
-18.6831 8.9789 70
-91.273 20.1097 70
0.373908 1.33927 70
-1.31785 20.0807 70
10.8604 10.825 70
-9.40678 -0.317111 70
-8.90057 11.451 70
-10.8893 -10.6332 70
-8.6335 -0.0392239 70
-20.7475 10.4075 70
-10.8299 -0.00347784 70
-10.2925 -0.00802781 70
-0.779846 -0.0798141 70
-0.425023 0.90889 70
-9.19158 -1.20788 70
0.926009 11.0196 70
-11.2427 9.09616 70
0.524966 9.99685 70
9.28943 30.2574 70
-8.61154 0.756708 70
-19.3735 11.2559 70
0.991167 38.728 70
0.469655 0.0153487 70
-0.459428 -29.9769 70
-10.6356 8.5612 70
-18.881 31.3481 70
21.2693 -0.85547 70
-9.16295 19.6004 70
-30.5137 49.3391 70
-0.618756 10.9151 70
0.351284 -1.42054 70
-39.7966 49.4699 70
-28.7805 21.347 70
-20.2962 19.9772 70
30.9116 9.70944 70
-1.49531 -0.540668 70
0.177881 0.553311 70
9.31867 -30.1286 70
9.6779 -31.1128 70
9.04554 9.34615 70
10.4057 -19.3292 70
1.22248 9.45159 70
-1.11978 -0.601672 70
10.3067 -1.09837 70
1.14558 -8.71818 70
-0.134633 -11.4648 70
-0.144098 1.19016 70
0.827892 10.4321 70
19.7472 10.1914 70
-10.57 9.14383 70
0.917966 11.1229 70
-9.78402 0.854448 70
111.364 38.5072 70
-9.17017 1.42502 70
10.166 -1.25133 70
-39.4118 -20.9945 70
1.44876 -9.57279 70
9.69494 11.0656 70
-9.34228 1.2404 70
-20.2575 18.8909 70
-11.2836 18.9926 70
-18.6485 -0.573857 70
1.39326 0.261167 70
41.1167 60.6649 70
-1.45236 50.5664 70
-0.579179 10.5597 70
-19.3228 -11.1429 70
1.30128 10.1625 70
-11.2075 9.70145 70
-0.182888 20.5078 70
-9.49649 1.16029 70
-1.03558 8.6329 70
-8.52844 -1.10045 70
0.308366 -0.753086 70
-1.28944 9.59227 70
0.583817 0.223627 70
0.292827 9.96706 70
0.127517 10.4752 70
-1.41744 0.620024 70
-0.132499 20.9946 70
1.07443 9.8209 70
0.114745 0.21123 70
-29.0873 -9.50624 70
-1.30482 9.84098 70
1.07166 11.0092 70
80.6929 20.8796 70
-28.6379 40.4932 70
1.4995 -0.692985 70
1.40794 10.6139 70
0.941447 0.643463 70
20.1949 10.5961 70
0.542115 -0.714864 70
-10.415 1.40981 70
-11.3038 0.00809136 70
0.56079 1.07906 70
-0.504571 8.9143 70
-19.5807 -10.0155 70
1.14534 -19.8264 70
-1.1531 -1.32838 70
-19.2492 10.9707 70
-10.3114 1.19281 70
-70.442 69.5937 70
-9.93805 48.8358 70
0.671039 -1.27168 70
0.37134 9.9947 70
-0.252287 29.7887 70
11.4468 1.11385 70
-20.3295 9.40632 70
8.81234 8.65628 70
0.721809 -39.843 70
31.4657 -18.7917 70
-11.4948 -60.9551 70
10.3037 -20.3382 70
20.9243 9.78714 70
-10.6124 -9.19837 70
10.1709 -0.553761 70
11.0025 -1.42596 70
-0.861645 -8.74469 70
10.8608 10.3806 70
9.48869 0.775366 70
-0.314321 0.992478 70
-8.8723 0.405632 70
-9.59712 -1.31865 70
-0.819667 -19.6974 70
-0.704546 10.9208 70
-10.9915 10.1888 70
0.958747 1.35878 70
-28.8257 41.0257 70
-8.50634 28.9447 70
-8.987 1.49959 70
-9.85771 -0.596847 70
0.12484 1.33492 70
0.495786 8.78896 70
-9.52027 20.0277 70
11.0462 0.714258 70
8.71525 0.983303 70
41.4985 28.7828 70
-20.0288 29.5386 70
-0.400118 9.28701 70
0.898772 8.95128 70
-0.638999 -0.439815 70
0.205169 -0.950957 70
8.8339 1.3659 70
10.901 -0.286098 70
-19.6481 -1.13205 70
-10.9406 -0.103792 70
0.853886 -19.2442 70
1.30033 -19.8878 70
0.434816 1.25391 70
-1.21426 -0.855178 70
-10.8791 -29.1759 70
-9.19257 8.91572 70
-9.77019 -0.55389 70
-0.572979 8.53831 70
-1.48696 10.8977 70
-20.6753 10.9838 70
-0.597851 0.0268836 70
1.06761 9.27157 70
0.520183 -1.12317 70
0.412715 30.0952 70
1.4094 0.807837 70
20.9307 -10.7357 70
9.26112 20.7339 70
-10.3863 -8.98205 70
29.9852 1.32539 70
1.01335 -0.324303 70
0.461206 -0.927796 70
-0.425065 8.63768 70
-9.04583 10.3963 70
10.7538 41.2829 70
-0.450982 9.75434 70
11.4747 1.31662 70
11.1644 0.244072 70
10.9911 10.0207 70
0.740336 20.0473 70
-9.10575 0.988715 70
-0.405714 -39.164 70
-0.907072 11.1721 70
1.30666 19.6573 70
-9.55612 29.1812 70
0.0604936 -1.29005 70
-1.39322 -1.07997 70
-1.47369 -0.877071 70
0.309248 10.4921 70
-0.770094 1.10454 70
-8.68624 -90.6304 70
9.35123 19.1504 70
-10.3234 1.06711 70
-0.505222 1.18312 70
-8.51755 -0.266814 70
-9.1974 0.84478 70
29.8776 -9.8812 70
0.804784 1.01385 70
28.535 30.8424 70
-0.493503 -0.299453 70
-1.29218 1.34739 70
-0.550296 10.3153 70
-11.4252 -1.20975 70
-20.3123 -9.33349 70
0.720036 -0.720211 70
10.3749 1.21048 70
-0.849812 9.88122 70
10.9745 -10.4402 70
-10.7929 -0.344376 70
-8.62295 20.3403 70
-1.03537 -10.49 70
-0.372287 0.15239 70
1.42601 -0.444785 70
-10.0347 1.12295 70
-1.28971 -9.30925 70
-0.775793 91.1126 70
9.88914 9.43535 70
9.14711 11.3317 70
