-11.2668 -0.118152 70
-0.12292 0.284287 70
-0.771904 0.662233 70
20.4971 11.2677 70
1.46579 1.42201 70
8.97562 8.68703 70
0.812281 0.655715 70
-0.830655 -0.507027 70
41.4673 1.31426 70
-50.6073 30.4805 70
20.323 0.293512 70
-1.35547 -0.842306 70
1.29248 0.651995 70
-1.18981 -0.0519294 70
20.644 -0.989382 70
9.88575 0.852741 70
1.39191 -0.252615 70
0.137524 0.50804 70
-0.418458 -19.422 70
9.85185 10.9789 70
-9.35884 -11.187 70
-0.626098 0.326766 70
-0.0940958 1.42178 70
-20.6637 -19.1857 70
0.0761295 -1.2911 70
-31.3027 39.8936 70
-0.378113 1.22733 70
10.973 8.81629 70
18.7951 19.8392 70
19.4703 41.1979 70
1.2446 8.7572 70
0.350653 -0.571685 70
18.9228 -20.8686 70
-1.14922 -0.93598 70
0.829021 0.381596 70
1.29177 8.7971 70
-0.705598 -1.44266 70
-0.319225 -9.20573 70
-10.7154 -0.879823 70
-81.1014 -51.2487 70
11.0451 -9.05459 70
-0.299542 0.564693 70
0.959408 -0.115033 70
-19.8063 0.682632 70
-1.30634 0.84622 70
9.88456 -0.135871 70
8.50199 -20.2174 70
-1.2749 1.05042 70
1.10095 -1.16953 70
1.16947 -10.306 70
-10.117 28.9342 70
1.32571 -19.8609 70
9.85192 -11.1824 70
11.4413 -1.2872 70
0.396066 49.8582 70
-8.53271 -19.0945 70
9.72004 -0.201232 70
0.638315 -0.393339 70
-0.272685 -20.5775 70
-0.241998 1.05579 70
9.38323 1.19534 70
0.46528 0.181102 70
10.7288 -0.241232 70
-0.516909 0.78999 70
28.5733 1.29511 70
-1.17012 1.16837 70
-39.6656 -9.5069 70
0.784075 1.39245 70
0.407586 0.22664 70
-1.11623 -1.48631 70
-9.83664 1.19845 70
-10.3353 9.86267 70
-9.14165 -9.32569 70
0.624858 0.354695 70
-29.4023 9.83269 70
-30.0378 8.95121 70
10.6694 1.25749 70
8.97041 1.3584 70
1.337 0.931775 70
1.31082 -0.13485 70
-0.842159 -0.826583 70
-8.74324 -0.0371126 70
8.80757 -1.31599 70
10.7328 -0.576201 70
0.0247657 -18.9845 70
-0.401853 -0.916615 70
-18.6852 -9.64388 70
-1.09074 -0.0494242 70
-20.6012 -10.5245 70
-1.22291 -1.44881 70
-9.35745 10.156 70
8.77041 -60.1576 70
18.7725 -1.36562 70
-1.22284 -0.437863 70
-0.462078 30.3602 70
-0.968104 0.678145 70
11.4613 -11.4067 70
11.0118 -9.9814 70
9.41158 -11.2134 70
1.03552 -0.264999 70
-10.329 -0.842928 70
-0.881256 -11.1777 70
-1.46684 -10.9977 70
70.9537 -10.2947 70
0.711394 -9.20847 70
-10.2227 -19.8635 70
9.86477 -0.841006 70
-10.6777 50.9063 70
10.6477 -0.149533 70
-11.153 -88.5135 70
-1.16092 -0.0846161 70
8.81137 -10.6148 70
-0.332265 -38.8924 70
1.25307 -0.62217 70
11.4878 -28.9903 70
10.0713 10.4463 70
0.325407 -8.69167 70
10.1782 -38.577 70
0.154502 -0.331088 70
0.992692 -1.06101 70
9.74146 0.355532 70
9.4721 -9.90759 70
9.67633 21.0089 70
-0.520528 0.174675 70
0.809348 0.60554 70
1.44558 1.05976 70
-9.24898 0.469731 70
-31.3105 30.4441 70
-31.2267 29.4625 70
21.4271 8.78231 70
-11.2443 0.488948 70
10.9915 0.190212 70
-9.161 10.1644 70
0.178681 0.757169 70
0.718295 -1.19359 70
-0.751769 8.94837 70
-1.16755 21.0275 70
-28.9239 -0.551749 70
-10.4886 -18.7704 70
39.0495 1.44271 70
-11.2492 -20.7393 70
0.711812 -0.41339 70
0.41378 -0.435122 70
-1.41311 -0.967005 70
-0.24101 -0.240523 70
0.802572 1.19481 70
-38.72 -48.8318 70
-1.1548 8.97189 70
1.43273 -1.39755 70
-1.08006 0.441142 70
-1.3348 -0.395207 70
-11.2294 0.335144 70
11.4658 -0.352696 70
-18.8357 8.95011 70
-10.4312 -0.313116 70
-0.383436 0.739817 70
1.45376 0.401897 70
10.7785 -9.4663 70
-0.817784 9.40965 70
1.39395 11.3235 70
21.2187 -1.20216 70
-0.99289 -0.672433 70
0.317206 -0.296506 70
-10.583 -10.573 70
-10.8759 -8.68899 70
-0.106817 -0.0303902 70
-0.341119 0.660714 70
1.03182 -0.480681 70
-0.75223 0.0494066 70
-0.751204 19.2466 70
-0.120394 0.449339 70
-0.90433 -0.346975 70
10.8338 -10.9044 70
0.272564 9.84114 70
0.569918 -1.33895 70
1.44241 -20.6694 70
9.91597 0.923542 70
0.592426 -10.8245 70
-1.4473 -10.9874 70
-20.4135 -31.3605 70
-9.39251 19.3345 70
19.1838 -9.85058 70
1.17406 -8.59456 70
8.83972 -10.5445 70
-0.71377 1.21388 70
-0.885165 -0.343995 70
-10.0063 1.18955 70
9.51371 10.5573 70
0.979905 -0.436754 70
0.251835 1.27922 70
-0.855985 0.95549 70
0.855609 -11.2969 70
1.31239 -10.029 70
1.35127 9.64182 70
1.315 -1.01122 70
-0.0336593 0.657057 70
1.37008 1.20056 70
-0.104961 0.948591 70
-0.627741 0.590879 70
-9.49942 -0.41911 70
-19.8549 -20.4875 70
28.7007 9.52427 70
0.888046 9.2204 70
0.415456 9.98759 70
19.4436 -20.2797 70
9.24429 -9.84542 70
0.772943 -0.704682 70
0.597922 0.569078 70
-0.450702 1.44043 70
-0.526454 1.02279 70
-9.04528 -10.2236 70
-0.580195 -0.189174 70
29.4117 -9.82516 70
-10.7442 20.9634 70
10.1737 -11.36 70
1.34515 -0.565217 70
1.22974 0.015535 70
81.2868 28.6609 70
0.571265 0.958018 70
0.825237 1.41919 70
-10.5777 11.0375 70
10.1959 -9.21893 70
-9.22132 0.465647 70
-9.48432 0.805119 70
-0.0706503 0.883603 70
1.00732 9.52066 70
-10.3674 -9.27032 70
10.1501 -10.2148 70
0.19859 0.899291 70
-0.867956 -1.20933 70
9.40783 0.154704 70
-0.142638 -9.67997 70
0.739712 0.332031 70
-11.2116 10.2129 70
30.6632 -49.3196 70
0.541473 0.857275 70
-10.286 -9.53851 70
-0.343384 1.24757 70
-28.7693 39.5611 70
58.5036 -0.776391 70
-9.55978 -10.879 70
0.080987 -0.968979 70
-19.5053 11.2248 70
-10.2316 20.8172 70
-70.0718 89.7044 70
0.0634806 -1.49484 70
-9.94632 8.83583 70
0.472782 1.24042 70
-0.988959 0.363629 70
0.79832 -9.56393 70
0.142567 -8.94521 70
-11.3744 1.30037 70
-11.3979 -19.348 70
0.00770031 0.601761 70
-1.0045 -10.3931 70
-10.895 -9.97595 70
-0.449894 0.199224 70
-0.828049 1.44996 70
-31.4171 48.6374 70
-9.20825 18.5534 70
21.4286 0.94695 70
10.2935 -10.1806 70
8.89154 8.87079 70
1.43156 -0.960797 70
-0.264232 0.679521 70
10.2423 -0.0559471 70
9.40656 -19.7802 70
8.98777 -18.8866 70
-0.494339 -0.38122 70
-1.17378 -11.1422 70
-0.732835 -9.99781 70
9.82972 9.46166 70
40.7998 21.3058 70
1.20539 -1.45242 70
-1.03596 1.26592 70
9.52118 -0.0313136 70
-10.7408 -0.685018 70
-1.07278 0.679719 70
1.19573 -1.0426 70
-1.00238 11.118 70
-1.12015 0.0690134 70
9.10787 -11.3011 70
-19.7949 -10.4718 70
9.20003 -8.78999 70
-29.8034 1.06626 70
-31.4061 -0.913032 70
-0.467871 -10.261 70
-0.0108879 -9.78427 70
0.397015 -0.0962196 70
-20.9722 41.0787 70
-9.92519 -0.159315 70
1.1476 -0.106903 70
8.66731 9.48866 70
-1.002 1.49469 70
20.4723 -19.8962 70
-0.963656 -11.3449 70
40.3915 51.1955 70
-0.274493 0.893867 70
-0.368342 1.00469 70
0.444141 0.747216 70
-29.7783 9.64774 70
10.6121 0.75709 70
0.391945 -0.255997 70
59.4171 28.9474 70
10.4229 0.586327 70
21.3311 -31.3506 70
-20.9091 0.987333 70
-61.3077 -28.9756 70
-1.03283 -1.05993 70
0.111844 10.0376 70
-0.00134288 1.26498 70
9.06202 -41.2143 70
11.325 -8.91456 70
-0.609471 -1.37254 70
-0.491088 1.00062 70
1.05143 -28.9951 70
20.5492 -0.359613 70
-0.9358 -1.05434 70
-1.34304 1.3221 70
0.139869 -1.34283 70
18.5176 1.01999 70
-0.774533 -1.47265 70
1.4151 -1.28888 70
-0.808216 -8.7888 70
0.592488 -1.30889 70
18.5587 -21.2028 70
0.911624 -1.10364 70
0.140983 -0.758322 70
11.4026 -1.04959 70
9.65258 1.42716 70
0.850544 0.864012 70
0.611026 0.387677 70
-0.69057 -0.758731 70
1.26455 1.12808 70
-1.3562 20.8558 70
-1.41253 0.73684 70
-11.4844 1.4572 70
0.525295 0.270294 70
-0.0818871 -1.27248 70
8.99723 0.296625 70
0.125519 0.99502 70
-10.8339 -19.5574 70
20.7812 8.90932 70
1.30593 -0.158026 70
20.8629 1.41433 70
-1.36599 -0.925461 70
9.27505 -10.4345 70
0.736073 0.214732 70
1.41626 0.462795 70
1.2795 1.08252 70
19.75 20.6696 70
-0.503909 -1.03356 70
-9.88953 -1.3897 70
19.8363 -8.69737 70
19.3522 8.9985 70
-1.34894 -1.21023 70
-0.494393 0.665762 70
-0.450373 1.17376 70
0.721575 -10.2182 70
-20.6719 38.5122 70
8.63653 -8.60589 70
8.89266 8.57816 70
-0.645549 0.0420248 70
-1.37101 1.18204 70
-0.209809 -1.08457 70
0.734109 -11.0319 70
-0.745221 0.777877 70
-9.58147 19.5729 70
-11.0728 10.8743 70
-0.262639 -0.594623 70
1.34723 -10.3862 70
50.6375 -39.0416 70
-0.455266 0.0630441 70
21.3456 31.1511 70
1.19446 20.6042 70
-1.28035 19.8834 70
-0.512605 -1.21993 70
0.283151 0.735473 70
-0.0931519 -0.645684 70
1.26943 -0.0689864 70
-0.947828 -1.05613 70
1.15102 -1.43923 70
-0.440459 0.675472 70
9.65221 -0.0780114 70
-31.2601 10.7272 70
-29.7643 19.0671 70
10.9998 1.02612 70
91.094 -31.2628 70
11.4546 -8.82324 70
-9.56719 10.0309 70
-10.0589 -9.26269 70
-28.5753 -18.9271 70
-10.2587 20.0952 70
-0.425381 1.49442 70
-0.103421 1.35229 70
-1.26167 -8.79623 70
1.00518 -0.309966 70
1.48849 -0.313435 70
0.774642 1.26136 70
-18.5543 18.6674 70
-0.510475 1.00534 70
0.126119 -0.00167055 70
1.48171 1.36537 70
10.7426 -10.428 70
-0.202098 -0.936144 70
0.874812 -11.4293 70
-1.42086 9.70565 70
0.508114 1.30804 70
-10.0068 -10.6536 70
-19.5746 -18.8214 70
-20.043 10.1687 70
-0.331819 1.25108 70
0.368856 10.6202 70
-0.15565 -0.486413 70
-0.988489 -0.412958 70
11.2038 0.391302 70
0.339321 -1.17562 70
-21.2275 11.108 70
-21.3582 8.89077 70
0.816312 1.16015 70
9.46264 -1.09394 70
0.927885 -19.9174 70
-11.4667 -8.76157 70
0.343244 0.64011 70
-0.247827 -0.346442 70
-0.137072 -1.28085 70
1.35858 1.17144 70
1.20474 -0.807546 70
8.92787 0.501856 70
8.67401 -9.15891 70
1.33241 0.10217 70
-9.95652 1.04902 70
1.2155 -0.248628 70
1.4121 -1.38849 70
-1.15324 1.10048 70
0.893816 -0.938282 70
-0.3593 1.41926 70
10.2093 -11.2776 70
-0.15862 -10.5244 70
1.26601 -1.36455 70
-9.14848 -0.744099 70
9.45443 -9.99517 70
-0.460153 0.625657 70
0.310665 0.501892 70
-59.18 39.391 70
-0.278 1.41179 70
-0.149669 -0.108425 70
0.198229 0.747318 70
-9.41514 -9.47886 70
0.27858 0.433057 70
0.930701 -0.374584 70
1.36067 1.0233 70
-10.5219 -21.2805 70
0.879401 -0.663486 70
-1.42079 1.45518 70
-10.0522 49.4257 70
-8.58297 -9.50121 70
-0.976322 20.2817 70
30.3872 8.65966 70
-0.18776 -1.39945 70
-0.989918 0.455934 70
9.26956 10.5799 70
-1.36806 0.388042 70
-9.08753 -10.4044 70
0.83291 0.647251 70
10.0131 -8.92765 70
1.16237 0.671526 70
-1.44014 0.193431 70
-1.07473 8.99665 70
-0.596516 -1.33077 70
-1.049 -0.534235 70
0.168277 -0.870446 70
9.80166 -9.10429 70
10.401 -40.1605 70
0.116909 0.40387 70
-31.3558 0.0354264 70
-8.5814 -10.0466 70
-9.37132 -20.8692 70
9.19114 -1.26586 70
-1.29614 -0.579931 70
-29.2272 -21.2983 70
0.814241 8.85522 70
10.2963 -0.641633 70
-69.5864 -39.8032 70
-0.601556 -0.792468 70
0.59408 1.34582 70
0.0938577 1.45557 70
-10.9305 -11.0848 70
8.54627 10.3254 70
0.876495 1.40742 70
1.27779 -1.11542 70
0.781127 0.17207 70
-40.4651 -10.0222 70
-0.880037 0.475414 70
-0.570057 -0.964909 70
0.0946954 0.386497 70
-0.16589 0.94842 70
18.7326 -11.4239 70
0.946366 1.45693 70
-9.33359 -1.14308 70
-0.968643 0.902995 70
11.0198 0.0737665 70
-11.4249 -10.2535 70
10.2174 -0.317919 70
-1.12521 -9.6081 70
-10.1824 -28.548 70
-0.532148 -0.744656 70
-11.2606 18.976 70
-0.528044 -19.0036 70
-8.66481 -0.223452 70
-0.139067 -0.517241 70
0.323683 1.10138 70
-1.43343 -0.0970466 70
1.10032 -1.05776 70
-19.6096 0.285404 70
1.47038 9.76483 70
-0.147788 10.571 70
-1.10039 11.4858 70
0.180854 -10.8679 70
-20.6596 -9.00545 70
-28.5275 39.3701 70
21.1615 -31.2495 70
-1.42542 0.69589 70
0.846152 -20.7504 70
-1.20444 10.4837 70
-0.942041 9.08678 70
9.3739 10.3307 70
-19.1688 8.68188 70
0.608891 -0.618562 70
20.7858 0.327268 70
1.32806 -0.0199957 70
-29.8152 -0.629585 70
1.42179 -1.01208 70
-0.000805236 -0.195977 70
19.8054 1.05118 70
0.257235 1.32494 70
-19.5508 59.6561 70
-0.399551 0.695717 70
-19.4066 9.45045 70
-19.9117 8.61992 70
1.46278 -9.10528 70
19.4147 0.860782 70
-0.335432 0.977649 70
1.10288 0.76744 70
0.667376 0.437721 70
-9.96324 1.05825 70
21.2206 -80.4519 70
10.8953 8.79992 70
0.250439 0.111236 70
10.8723 9.94374 70
0.994236 0.629974 70
0.129191 -0.997421 70
8.98982 -0.718549 70
-0.70929 -0.883654 70
0.631825 -9.80842 70
0.425096 0.781781 70
1.24865 -1.16179 70
-1.48792 -0.704146 70
-8.92464 1.47496 70
-0.943136 -11.2248 70
-0.640879 1.42514 70
10.246 20.3877 70
9.28644 -29.6831 70
-41.3896 59.7473 70
10.1218 10.1157 70
-0.225671 0.53564 70
-11.1489 9.10116 70
-1.08326 -0.0637797 70
1.40104 -1.2757 70
1.02479 0.831768 70
-0.461322 -0.140302 70
-9.21557 -0.753119 70
-0.792253 0.0149697 70
9.37985 -28.9359 70
-0.840587 1.38656 70
0.316741 1.22321 70
-0.668881 -0.685859 70
0.905913 1.26176 70
-1.37227 0.940475 70
-1.07978 1.09436 70
-0.013112 1.1334 70
-1.49578 0.695299 70
9.92047 -18.9628 70
-1.27079 -1.27899 70
-0.817104 -0.245335 70
-0.0717716 1.08353 70
-20.6742 -10.9137 70
-0.206888 0.115002 70
-0.480967 -1.00836 70
-0.743479 -0.27977 70
1.21817 0.371614 70
1.20752 -1.47828 70
-1.09545 0.0544082 70
-1.36041 9.48661 70
-1.28465 0.339036 70
0.992627 9.03413 70
50.9355 29.1141 70
-9.45218 -0.808148 70
1.38743 -0.430424 70
-0.0564387 1.17278 70
0.399764 20.5505 70
-1.21829 -0.810122 70
11.1625 8.83388 70
1.29478 -10.6774 70
-0.324975 0.280519 70
30.7444 -20.5073 70
-10.3633 -11.3396 70
-1.01542 -1.11872 70
-1.45171 0.394837 70
9.35595 -19.7782 70
0.318398 -0.18782 70
-1.36142 -9.04157 70
-39.9099 -10.2855 70
20.2481 -38.8369 70
-0.318062 -0.673638 70
-11.2016 -8.72589 70
-0.411157 -10.798 70
-1.46546 -1.07526 70
-1.01209 0.814851 70
9.53998 -1.10022 70
-68.6787 -120.221 70
-68.8915 -120.963 70
-8.62905 10.5302 70
1.46981 -18.8679 70
-1.02686 -9.53956 70
-20.7778 9.78318 70
8.89608 1.01857 70
1.15974 -0.841331 70
9.97275 -18.7973 70
-10.5207 0.0424827 70
-0.46274 -0.657989 70
1.25458 0.636378 70
0.939266 -1.49407 70
-1.10362 -0.488578 70
-1.02963 -0.283701 70
0.0190027 -0.949287 70
0.0186987 9.86939 70
0.771705 0.463267 70
-1.33956 -1.10114 70
-1.1014 -1.48331 70
9.05997 -9.28972 70
-1.41947 -10.2569 70
-0.590605 -9.92693 70
0.0917144 19.1031 70
1.24906 -0.827699 70
9.98525 9.05477 70
-11.2473 -9.51601 70
-1.35992 -1.03825 70
0.411669 -1.08912 70
0.61547 -0.30574 70
1.18301 0.77891 70
8.6182 -9.05437 70
9.57336 -1.3179 70
-0.321188 0.798262 70
28.633 20.3294 70
-40.0288 -49.0658 70
-0.444017 -1.40962 70
0.101914 0.592927 70
-10.3872 -10.128 70
-28.9622 -9.75722 70
-10.505 19.0639 70
-11.4677 0.464258 70
20.1195 -10.6098 70
-50.5824 70.4043 70
11.0193 30.2359 70
0.967989 0.288257 70
-0.698534 -0.772085 70
1.18237 -0.20082 70
-9.09325 -0.144791 70
9.25635 8.87187 70
-31.4537 -1.30203 70
-29.0248 1.43389 70
0.31581 -0.0690837 70
-11.1678 9.07643 70
28.698 -59.6716 70
-30.1462 1.05454 70
0.159382 0.658236 70
-0.287563 0.144244 70
-11.0084 9.9908 70
39.5918 -40.9247 70
-0.0686359 0.711096 70
8.86288 -10.7369 70
-0.887923 1.366 70
-0.943623 0.586529 70
0.452548 1.2793 70
-1.1831 -1.12092 70
0.785942 -0.57792 70
0.682111 -1.11041 70
69.5951 -20.0371 70
0.170409 -29.58 70
-8.89046 8.94749 70
-8.93291 49.2332 70
-0.741239 0.864831 70
-0.615944 1.11231 70
-0.0930816 -0.262238 70
10.75 -9.82677 70
58.857 -31.4991 70
-1.23492 -0.0695299 70
-1.44457 -0.797472 70
-0.658552 0.434059 70
1.46985 -1.45078 70
-1.17115 -1.38371 70
-0.821572 0.668521 70
0.56851 -0.475125 70
-0.398795 1.09658 70
0.964384 -0.671906 70
-10.1784 -11.0243 70
0.394001 -1.10262 70
21.1945 -18.9423 70
-1.48489 1.29732 70
1.30794 -0.434829 70
-1.12412 -0.803483 70
-0.537791 -0.685567 70
-9.71011 -10.343 70
-19.1148 -0.700978 70
1.28916 -19.0039 70
-0.777429 1.42987 70
29.7626 11.4359 70
-11.1844 -0.725911 70
-0.31305 0.368381 70
-9.19094 -0.847405 70
0.212665 -1.32284 70
0.916147 -9.59945 70
9.05789 0.755188 70
-21.2815 30.249 70
8.80312 -0.322931 70
0.771925 8.59451 70
18.6336 11.2739 70
9.98505 0.692482 70
-11.325 10.5725 70
-1.48961 -1.31556 70
10.8242 -28.9044 70
-0.0124079 -19.0009 70
-20.6722 18.6786 70
-8.70128 -11.473 70
-8.66802 -1.0012 70
9.92514 -0.0634491 70
0.809703 1.25764 70
-0.65745 -0.896422 70
-0.25386 1.49907 70
-0.933189 -1.15118 70
-0.294949 -10.9154 70
10.6569 -20.3586 70
9.1742 -20.9022 70
0.388018 0.162745 70
10.9368 -10.7316 70
-1.17652 1.27683 70
8.7717 -39.0961 70
-0.667452 0.993774 70
0.751602 -1.26335 70
0.826953 1.18021 70
-0.173763 0.993043 70
-0.583546 1.31201 70
1.1665 -1.06134 70
10.4087 -39.3141 70
-1.13345 0.436046 70
90.4965 29.4006 70
-0.498859 -20.1553 70
1.28517 11.0117 70
8.78752 0.620728 70
-0.937589 -1.09369 70
0.0881398 -0.89137 70
-1.47845 10.6095 70
-1.03962 1.09707 70
-81.1761 91.1878 70
0.732525 -0.0584836 70
1.47639 -0.98141 70
-9.76216 -0.068972 70
0.0899415 0.672474 70
-9.25675 8.92302 70
-9.50775 -1.48711 70
0.324393 -0.957381 70
0.829939 0.387741 70
10.2228 -9.71911 70
-39.969 20.8346 70
-41.3659 19.9426 70
0.317071 0.113245 70
-69.1199 19.709 70
-69.8915 20.7563 70
-1.49771 -0.940767 70
-0.10234 -0.212504 70
-9.11927 0.517352 70
9.1478 -9.3433 70
0.503281 -0.685435 70
20.3518 -30.1008 70
39.4596 11.4639 70
-38.8393 9.17177 70
-39.5355 10.3497 70
-1.32579 -0.298332 70
0.409503 1.17656 70
1.49936 -1.35633 70
-1.24227 -9.47747 70
0.445199 0.124706 70
8.54385 -8.75262 70
10.9808 -31.2918 70
8.73004 39.0818 70
-1.29616 10.4134 70
-10.3566 9.61867 70
0.823448 -0.422838 70
-0.598548 0.679538 70
9.79131 -9.26054 70
-0.368972 -1.3254 70
11.1923 -0.584815 70
8.53559 -30.2625 70
11.0567 -28.9654 70
0.726073 -8.74728 70
0.125668 11.3626 70
-20.836 -0.690173 70
-1.49749 -10.2927 70
10.9999 19.7539 70
11.1666 -1.12868 70
19.7427 -1.46886 70
0.713263 -0.716826 70
-28.5877 19.1602 70
-1.13668 10.5437 70
-1.10649 1.32698 70
10.894 -9.13024 70
-0.77995 0.777435 70
9.84216 -9.31793 70
-9.45039 -20.9017 70
-0.641537 -0.102888 70
1.21296 -0.347163 70
1.47962 -1.05907 70
-1.29404 -0.69165 70
1.36185 -1.39349 70
0.831347 -0.830836 70
0.940747 19.809 70
-0.506738 8.6147 70
0.364737 -10.9745 70
-0.211779 -10.462 70
11.248 0.0199549 70
-0.78822 10.3917 70
-9.08608 9.59611 70
