8.63156 -0.792308 70
11.0896 1.11577 70
10.7231 -19.1216 70
-0.0623772 8.64391 70
0.975409 -1.00248 70
-0.119621 0.277725 70
18.572 -38.8463 70
8.96862 21.149 70
9.41337 9.59927 70
0.367305 11.306 70
11.3886 10.3809 70
-11.1406 50.938 70
9.68215 -0.00339684 70
-0.959252 -1.28982 70
9.45813 0.66423 70
-0.651837 0.786671 70
8.59546 -0.547498 70
-10.0545 -21.4837 70
11.2563 1.05527 70
10.6555 0.489271 70
-0.343764 0.318174 70
9.37246 0.287058 70
11.2109 -10.8567 70
11.2008 0.475788 70
8.77622 -11.1692 70
-0.905012 0.873782 70
-0.27924 -10.9151 70
11.037 -1.14971 70
-8.85271 11.4927 70
-0.716806 9.50509 70
-11.3563 0.991201 70
10.0436 -0.431971 70
-1.34112 -1.37224 70
20.9677 -39.776 70
0.198112 -1.18393 70
18.9579 20.3854 70
11.421 -60.4781 70
1.13139 0.0158675 70
-0.194406 -0.998621 70
-1.06303 9.40663 70
-1.20632 10.7312 70
10.2211 0.121216 70
8.50692 0.649867 70
9.57069 9.52981 70
0.607369 9.38308 70
-21.4261 -30.246 70
-20.1319 8.78396 70
-1.02042 10.6727 70
0.511121 -0.793404 70
-0.893344 0.957158 70
-0.297037 1.19582 70
0.311036 -10.1918 70
-0.510218 -9.29992 70
40.4467 1.29071 70
9.49547 -9.75216 70
10.8061 9.2296 70
30.6438 20.6369 70
-21.49 19.5479 70
70.8531 39.578 70
9.30317 -0.275947 70
11.1416 -0.0661598 70
1.09904 -0.280721 70
0.327877 0.31845 70
19.6613 8.75857 70
10.5948 0.0793356 70
-1.41658 -0.342077 70
-0.273648 -0.984615 70
11.3158 -1.02855 70
10.1148 0.355898 70
-20.8596 -30.1047 70
0.478786 -20.6676 70
-1.35045 0.523048 70
-8.58372 20.0624 70
-1.04241 11.1335 70
-0.26468 9.19922 70
1.40294 -1.47328 70
59.565 -20.3986 70
-1.31612 0.10222 70
-31.2241 -8.65674 70
-19.876 -19.7668 70
-10.7971 8.68119 70
10.9906 -11.4097 70
10.023 -59.2523 70
0.267621 1.46328 70
8.8717 -9.68627 70
31.1364 -9.60343 70
-10.0102 -8.86624 70
10.6711 30.9146 70
0.191073 9.34201 70
-0.279851 1.2009 70
0.236458 0.832258 70
9.50897 -0.0252272 70
9.90027 1.1687 70
-0.79956 -0.750037 70
1.32631 -1.16272 70
71.2613 11.4952 70
19.6145 8.78364 70
8.93444 1.41177 70
19.3205 -0.244674 70
-0.147562 29.6536 70
10.0804 -10.8549 70
-1.15167 -1.43485 70
1.29576 9.41321 70
8.81729 9.0392 70
9.91338 0.509663 70
9.9455 9.80884 70
28.9405 -10.9597 70
-0.884956 0.0942648 70
39.7935 0.865601 70
41.3458 21.3875 70
10.2703 -1.28124 70
-0.998462 -0.713315 70
9.01213 -19.1274 70
-1.22694 -8.81262 70
-0.869104 -0.103258 70
-0.492049 -0.430576 70
10.7398 10.2214 70
-10.2993 30.3915 70
-10.2501 0.625566 70
-10.294 -9.21862 70
29.0927 -41.1006 70
-10.9877 60.8224 70
10.676 -9.06001 70
-19.0722 20.666 70
-0.823937 -1.15318 70
-9.24911 11.2691 70
0.350024 8.70172 70
41.1624 9.45103 70
39.2077 9.93849 70
-1.03199 -9.20824 70
9.51203 1.28361 70
1.08695 19.9625 70
0.392066 -9.79926 70
0.728576 9.67288 70
-1.06883 1.11419 70
0.539755 -11.1538 70
-10.8599 -18.9394 70
9.78918 10.5322 70
-19.2077 9.40374 70
61.2104 -10.4165 70
0.750371 9.6493 70
10.4352 -1.08254 70
19.4112 10.7866 70
-1.01706 -1.23826 70
0.158648 0.301055 70
48.7707 18.7014 70
-0.244381 -9.60953 70
39.6399 -9.87021 70
-0.0492197 0.952948 70
-9.17331 1.07577 70
-1.04915 -0.601262 70
1.49307 11.1 70
9.68963 -10.1007 70
-0.191446 0.220794 70
0.166026 10.5222 70
-0.48891 -10.716 70
1.2555 1.28826 70
-0.583468 0.240585 70
9.39489 -10.8656 70
-1.32764 8.99774 70
-8.89406 -0.46892 70
9.23392 10.6995 70
-20.8091 -18.8264 70
18.5478 0.947165 70
9.05208 19.4951 70
0.00113102 -0.777189 70
20.8544 -0.117144 70
-0.0349874 -1.13684 70
-10.9488 9.87773 70
0.397467 -1.04838 70
9.263 -10.7069 70
8.73768 0.832967 70
10.3025 20.2473 70
9.37011 -0.84123 70
0.970088 -1.26633 70
8.81418 -11.4548 70
0.117889 1.05319 70
11.4219 19.9551 70
11.4117 -20.898 70
9.90964 -0.874016 70
-0.102255 19.8057 70
-0.228207 -60.295 70
-0.855005 -10.0601 70
19.1782 -0.231037 70
9.68145 0.363176 70
11.1743 0.0100212 70
29.0062 9.04071 70
9.21539 1.07706 70
-0.223683 1.3995 70
10.0884 11.2152 70
9.26646 8.97214 70
8.7299 -0.323451 70
9.34634 -0.0774652 70
31.0882 9.48725 70
10.6538 -0.343613 70
-0.647996 18.6727 70
9.35293 11.0393 70
10.7392 11.3953 70
-0.278903 10.9165 70
11.1321 -10.2825 70
8.81803 -10.0189 70
1.3319 -9.8222 70
11.3761 -21.4698 70
20.4158 -9.52978 70
0.672605 10.602 70
-0.990864 1.21968 70
-1.04768 -39.8132 70
-1.26214 -1.22132 70
30.6429 9.09461 70
9.77266 20.666 70
10.6381 1.03355 70
10.6223 0.239013 70
-0.270974 9.58094 70
-0.710041 0.782835 70
-0.878722 -0.25098 70
-0.752045 -9.80913 70
-1.0527 -0.518077 70
90.5507 120.768 70
-0.932359 -10.1465 70
-0.22312 1.42486 70
10.2828 0.732696 70
10.0543 -0.315491 70
0.395506 0.801513 70
0.866676 -1.45533 70
-0.97513 -8.77907 70
-30.2869 19.2166 70
-1.21084 9.70436 70
8.56995 -1.45865 70
-9.38999 -18.5666 70
8.87392 8.97803 70
20.1948 10.836 70
0.862593 -1.07998 70
9.03801 8.93763 70
79.4552 -39.1189 70
-1.28504 -8.89343 70
8.91207 0.821761 70
-78.515 -10.9464 70
30.6416 38.9675 70
11.4985 0.943974 70
-18.5338 -10.3792 70
8.96918 -8.9821 70
9.12228 20.2827 70
9.76753 0.473946 70
11.2328 1.16036 70
21.2306 21.2711 70
10.7745 -60.2846 70
19.6339 0.241154 70
1.11045 10.5045 70
21.2203 -29.004 70
0.717549 -11.488 70
9.12602 -0.789441 70
9.91387 10.4867 70
-10.0977 19.0158 70
9.15991 -19.6031 70
10.0342 -1.45385 70
9.39448 0.204995 70
-8.50063 -30.7691 70
20.669 -10.1312 70
-9.57826 9.93539 70
-0.0417221 1.30974 70
-21.4041 -1.45274 70
-40.5034 -1.2698 70
-1.45676 -1.11577 70
-18.7361 19.3227 70
-0.541166 1.12753 70
0.774732 10.6931 70
-11.1762 -11.4838 70
10.9968 1.33502 70
38.6004 79.8545 70
69.4493 -11.4324 70
8.57677 -0.608826 70
10.0444 -0.104924 70
60.2795 -10.4962 70
10.1873 -9.37676 70
-9.80252 -8.50456 70
0.00892657 0.781692 70
-1.17378 -0.044284 70
9.93567 29.1437 70
49.6731 39.1033 70
-1.39459 -9.92844 70
-0.0843636 -0.958425 70
-0.0232877 9.59834 70
-0.174708 0.316596 70
49.8067 10.6758 70
11.3392 -11.022 70
-9.16428 0.313246 70
30.1051 9.84003 70
9.87633 8.65048 70
20.1398 -0.351859 70
19.5823 -0.177054 70
10.9195 -0.848913 70
10.0553 1.08538 70
-0.347608 1.16773 70
9.60561 -9.17946 70
-0.29091 1.22663 70
10.2201 20.0546 70
28.8354 -9.04133 70
-0.127654 -1.29721 70
-20.0125 9.02112 70
0.297334 -0.613492 70
10.3027 -1.29415 70
0.499336 -11.1381 70
61.4327 9.59813 70
9.99392 -0.679133 70
9.67516 -0.720532 70
9.12833 9.19574 70
9.97887 -0.571076 70
-0.0539549 -1.302 70
-0.663787 -0.956942 70
38.9017 -8.85816 70
1.07497 -0.430633 70
-0.45112 9.77153 70
29.7503 8.94499 70
8.83593 -0.261915 70
0.288361 -11.2753 70
0.193988 0.0533375 70
19.5059 -19.6416 70
0.301905 9.20044 70
1.08146 9.65069 70
-1.34432 40.5033 70
9.93479 0.961994 70
-0.763394 10.4241 70
1.35104 0.748223 70
1.37721 19.938 70
50.8481 -19.2318 70
9.64459 10.7839 70
31.2011 10.8841 70
11.0164 0.100807 70
-1.0282 -11.3276 70
8.85617 51.3372 70
-19.6679 1.24142 70
0.930788 0.64818 70
89.9129 -8.56072 70
-1.28428 11.2532 70
-20.9145 18.6262 70
11.4871 8.6581 70
-11.2324 -18.6047 70
-0.335489 9.95166 70
0.257414 10.7484 70
9.5205 10.5783 70
11.193 -1.25246 70
-0.267572 -1.38401 70
-0.511448 -0.973846 70
-1.33773 1.00905 70
21.2062 30.6666 70
39.6077 1.09543 70
-10.9919 -0.599251 70
-11.178 1.0144 70
-0.607898 41.2479 70
-21.1116 30.5405 70
10.9896 0.814988 70
28.5272 -10.339 70
-10.4973 1.1474 70
-9.87262 1.45954 70
9.66203 -31.4697 70
-9.13534 -1.0965 70
10.7094 9.64099 70
-0.423322 10.94 70
11.06 -0.933643 70
0.393552 9.51048 70
1.08257 30.4052 70
30.0913 -1.27977 70
-41.2663 -88.951 70
10.1385 -0.155264 70
9.22739 -1.15744 70
-0.630411 0.26489 70
8.81916 9.05621 70
1.4125 0.487574 70
20.7051 0.0366172 70
31.095 0.214221 70
-20.1988 -18.8353 70
-20.562 19.2409 70
9.42892 0.696088 70
-1.20463 0.599147 70
11.3338 -0.835868 70
0.293892 0.505268 70
0.205078 0.155375 70
0.674575 -1.2107 70
-9.42875 -0.548388 70
9.45237 0.84345 70
-9.23098 11.3122 70
9.88176 -9.06075 70
9.97978 21.0757 70
-8.57576 10.7156 70
1.05757 -1.1154 70
-0.87309 0.585177 70
-29.722 -31.0342 70
0.926315 0.973654 70
29.401 -40.9522 70
-0.477122 21.4543 70
0.702388 -1.33556 70
1.04789 1.0038 70
-21.4969 -8.55679 70
11.1238 1.24191 70
9.90942 -10.1899 70
11.174 19.765 70
0.160949 8.63693 70
9.3563 0.546638 70
8.91144 9.52844 70
-11.4473 9.8722 70
-0.0312901 0.686832 70
59.8253 30.4742 70
-19.7932 -20.0545 70
-19.2521 -19.6985 70
8.51756 1.49657 70
9.87488 -1.01761 70
10.1493 -0.12909 70
10.1854 9.67656 70
9.01265 -1.17032 70
-11.0919 29.4287 70
9.00298 -0.807245 70
-0.62017 1.32983 70
-0.285503 20.9488 70
-0.305095 -10.5036 70
0.163631 0.475768 70
-81.3149 49.5465 70
9.98975 0.189717 70
0.574495 1.05377 70
0.689288 0.290159 70
0.304269 -19.391 70
1.47222 0.183234 70
0.126434 -0.68636 70
-0.264962 -1.49121 70
1.3114 -1.09057 70
38.8397 40.8499 70
1.31145 1.09359 70
9.02419 -0.708307 70
-0.881791 -0.187008 70
11.2735 10.4231 70
20.3702 -19.0113 70
-0.311056 1.1561 70
89.3129 -59.427 70
30.1124 -18.9496 70
18.9435 30.1028 70
0.285664 -0.443495 70
0.431644 -0.197882 70
10.1061 11.2434 70
0.0150026 1.01637 70
0.545883 0.913548 70
10.7376 0.0214398 70
-0.0513273 39.2413 70
-8.97172 -0.383462 70
-11.4936 -0.659786 70
-0.225498 1.10653 70
-51.1157 -30.0011 70
9.59068 -9.60264 70
10.4416 -18.7749 70
48.8592 -10.1061 70
50.246 -11.0544 70
-1.17445 10.9899 70
-1.31248 -0.951382 70
1.48363 8.69821 70
0.0277903 -1.09814 70
10.2749 1.15333 70
9.23945 -0.935449 70
1.00554 9.73752 70
-11.376 -1.39251 70
-8.77863 0.388394 70
1.30444 0.820662 70
-0.706092 8.65495 70
-18.8815 -11.0193 70
10.0546 8.73961 70
59.6278 -31.2411 70
18.8404 9.16639 70
10.1655 0.00524456 70
-10.0521 -1.14077 70
-9.11699 18.7125 70
-0.768811 -1.03976 70
1.08859 0.783482 70
-0.0571863 8.63837 70
11.3246 -10.1703 70
-0.757731 -9.83594 70
11.2647 0.522889 70
18.762 10.9904 70
-21.3305 10.5988 70
0.89517 20.6038 70
11.1994 -1.47046 70
-0.820481 9.71782 70
0.314595 0.496287 70
0.146946 -1.17772 70
0.447359 -0.528631 70
9.92652 10.0359 70
-1.15121 9.12272 70
0.733085 10.614 70
8.62941 0.519663 70
20.0561 -30.1547 70
30.3809 19.3386 70
19.1884 -0.188895 70
0.578333 -0.281709 70
20.3923 -1.43078 70
-0.902456 0.596583 70
19.5167 0.126619 70
21.2142 1.25933 70
-11.0659 10.7994 70
9.67187 1.24454 70
1.16274 -1.45348 70
19.092 9.62941 70
49.3912 -28.7633 70
-0.0861598 -40.3412 70
31.0853 -1.36917 70
0.0376761 -9.12902 70
9.88494 -21.4362 70
0.720024 0.97339 70
20.7409 30.2241 70
20.2501 31.4898 70
0.726194 -1.05929 70
-0.783099 0.0929323 70
0.597965 0.86398 70
1.08079 -11.3603 70
-11.4748 -8.86683 70
-9.06926 10.2701 70
10.7417 0.370725 70
9.35174 -9.04158 70
-8.58655 -39.1413 70
-9.28544 0.124028 70
10.6528 8.61631 70
11.2443 1.23913 70
9.0409 11.4295 70
9.03194 0.233476 70
0.0381976 -0.240646 70
8.8891 0.31484 70
8.81693 9.58881 70
8.53508 9.08604 70
-1.35648 10.2687 70
11.1354 31.4216 70
10.761 -10.2492 70
0.170381 11.3123 70
0.089218 -1.41146 70
-1.07019 9.23494 70
-1.1704 -10.6029 70
1.03483 -0.745553 70
-9.96706 -10.6562 70
-10.063 -9.22101 70
18.7221 0.0912695 70
9.13888 -9.29783 70
-48.7666 40.9531 70
19.6288 -9.5766 70
1.20689 11.3424 70
21.0274 10.1721 70
-0.958743 9.71191 70
10.8009 -20.9803 70
9.32869 0.252355 70
11.4462 30.2936 70
-10.3244 -19.371 70
20.0774 -0.237112 70
11.4607 -10.0866 70
69.0369 88.5816 70
-10.3667 1.13295 70
-1.34262 30.3329 70
1.41093 -9.52729 70
-39.0452 18.8695 70
0.52399 -1.39082 70
8.60638 -10.42 70
21.2934 20.0477 70
-10.771 11.0925 70
-0.427197 1.12864 70
-0.432506 -0.716864 70
-0.0806617 1.0315 70
30.2308 10.5602 70
18.7821 -10.9399 70
-0.658432 -0.334532 70
0.118176 10.4287 70
-0.551674 8.75983 70
8.93461 1.38278 70
10.1182 8.80966 70
0.925399 -0.163831 70
-9.19134 19.9501 70
-1.06574 -9.81968 70
-0.676989 9.15499 70
10.4671 29.7074 70
10.527 -1.36571 70
-0.42962 -10.9616 70
51.4225 -28.7527 70
49.869 -30.6918 70
10.3928 1.37036 70
1.39186 1.07707 70
11.3299 1.40201 70
8.69946 10.8156 70
8.73412 8.99072 70
-1.4257 0.409403 70
-0.04846 0.449508 70
-1.32858 -0.670716 70
-0.174327 -0.719159 70
-0.089271 0.35846 70
9.53351 -10.0407 70
8.5192 -0.302976 70
-0.239028 10.4719 70
-0.402686 0.264161 70
-9.81661 9.15415 70
30.6793 -0.688989 70
9.19098 0.545529 70
9.86903 8.5518 70
9.7002 9.30107 70
0.536446 -0.710737 70
-11.4222 19.3887 70
71.1165 50.1133 70
69.7236 50.8583 70
19.59 8.96869 70
20.2665 10.4237 70
-9.18813 29.2742 70
10.9453 -0.548682 70
1.38926 11.2909 70
-0.329789 19.3681 70
10.1907 11.0797 70
19.2509 -10.8849 70
11.0685 0.423419 70
-10.6759 -0.0564324 70
18.9572 10.5417 70
19.9235 8.66972 70
9.84537 -11.0699 70
0.374122 -29.8293 70
0.678536 20.5861 70
9.60186 -9.34781 70
-0.569341 -20.4502 70
-10.8393 39.3322 70
10.7617 0.0939918 70
1.40081 -9.85246 70
0.578758 -0.94772 70
60.1985 -40.6196 70
9.99303 18.5765 70
-0.510564 -9.70904 70
-70.3363 -51.3399 70
10.912 11.3795 70
18.9727 -10.0979 70
-1.20606 -0.740424 70
0.52152 -10.315 70
10.4081 -0.519675 70
10.9801 -0.830452 70
10.08 1.23455 70
-21.0476 0.708978 70
-1.04426 1.40115 70
-0.636496 9.71001 70
9.88705 0.429874 70
10.7411 10.6528 70
1.42595 18.5995 70
-9.7069 -1.39573 70
20.9466 10.8922 70
1.39319 0.840947 70
-0.740012 -0.297104 70
-11.152 -0.821857 70
-9.67035 21.1713 70
-1.06899 0.357197 70
19.7094 -40.7365 70
11.3301 -21.496 70
-1.23564 -1.00963 70
-1.48361 -9.44154 70
-0.770892 -51.4831 70
9.786 1.04787 70
10.7822 -0.308318 70
-0.159409 -1.41239 70
20.1262 -10.2355 70
-0.846966 0.813356 70
-9.61905 10.0231 70
20.841 0.129101 70
10.9169 -0.239118 70
0.312913 1.12205 70
9.41642 0.0523761 70
-0.140195 -1.33402 70
-111.035 120.061 70
9.43693 -1.39047 70
-0.163113 -1.08394 70
9.21122 -0.717327 70
-0.162046 10.5363 70
-20.3105 -70.4244 70
-0.690742 -0.534121 70
-0.230253 -0.481078 70
0.182866 -1.23958 70
0.974257 0.428113 70
-1.23678 0.497506 70
28.8679 40.7744 70
40.7183 20.7572 70
-21.4915 9.98195 70
20.5357 -8.53958 70
11.4523 0.957968 70
9.64026 0.506812 70
0.266192 11.4349 70
-0.784911 10.1653 70
10.6419 0.485011 70
18.8897 8.94475 70
-9.80032 -10.0143 70
-21.0528 -19.6168 70
-18.9661 -9.50275 70
-11.0378 0.965746 70
10.6878 19.5794 70
40.8198 -20.2833 70
-20.3006 48.7562 70
-0.851618 -29.2705 70
-19.8263 -10.4592 70
-9.78947 0.595086 70
-8.68043 0.0409662 70
-0.547501 -10.4837 70
90.1837 18.9405 70
9.23552 -0.633547 70
0.952655 0.55414 70
10.6083 -9.50321 70
-0.0784246 68.7111 70
8.86481 8.68195 70
0.099046 9.57635 70
18.8066 -9.12358 70
11.0118 1.14364 70
19.6552 10.7389 70
20.7714 -28.8186 70
-8.99363 9.61178 70
-0.123025 -1.43539 70
-11.4282 -10.0361 70
-10.1709 40.2533 70
11.2544 0.590491 70
10.6915 -1.09012 70
9.90725 18.6067 70
21.1568 -21.4163 70
10.1565 -1.42265 70
1.2061 1.48705 70
19.1977 1.25134 70
-0.273015 -9.306 70
9.01369 0.78672 70
19.7611 -20.3692 70
21.3503 0.882805 70
29.0302 -0.887354 70
20.3603 0.862639 70
8.67711 -0.934717 70
28.8964 -0.68377 70
-0.633081 0.791114 70
0.526258 0.917803 70
11.2942 -0.0257893 70
11.3873 0.690888 70
-1.0212 11.0628 70
20.0771 -10.4739 70
1.18783 0.244519 70
9.08383 -0.995335 70
-10.1968 0.540597 70
-29.6876 18.7472 70
-1.39452 -0.305429 70
-0.80379 -10.5967 70
-10.8491 30.0441 70
19.8889 -28.9854 70
-0.594115 0.276598 70
9.36722 10.2056 70
10.4987 -10.4604 70
-0.0852824 -1.25833 70
0.097485 1.27825 70
1.37209 10.1894 70
9.01782 -9.11508 70
0.534223 -10.4753 70
19.7496 9.19067 70
-0.437893 10.3877 70
-0.805077 -0.449992 70
-0.748003 -19.8917 70
10.4303 -0.20874 70
10.1997 -10.6783 70
-0.949774 -0.0263095 70
10.0872 -0.243693 70
-8.86871 -1.07904 70
9.1361 -10.5904 70
10.4338 1.23037 70
8.50066 -10.023 70
10.9039 0.720127 70
9.20768 0.460117 70
9.21743 8.98202 70
-0.0959231 -0.0358871 70
-0.680648 0.0821592 70
10.3843 -0.531519 70
