-0.0716756 -0.841654 70
1.32444 -0.806053 70
0.127117 10.8563 70
0.746221 1.35481 70
1.35476 -0.828436 70
-0.0217531 0.116842 70
9.50591 -8.68997 70
-29.4335 -19.0737 70
8.74785 -0.190005 70
0.869128 1.21415 70
9.0895 11.1223 70
9.99167 8.83034 70
11.088 0.405638 70
1.43111 0.892781 70
19.8809 -0.0293858 70
-0.178523 -0.311526 70
-9.50769 10.2103 70
30.6869 -10.6456 70
-0.109915 -1.29286 70
0.669183 -1.43425 70
1.24198 -0.437221 70
0.971813 -0.655836 70
-49.6511 0.870968 70
-0.324806 -11.2215 70
-0.672449 -0.999698 70
28.5062 50.7838 70
-1.43987 -19.2875 70
-0.533469 10.0793 70
-19.5263 30.7818 70
-18.808 1.02834 70
-0.252747 -30.7873 70
0.291124 -0.785251 70
-0.747404 -1.12833 70
1.10452 -0.60126 70
-0.638091 -1.13822 70
-10.2045 -9.12817 70
-11.3951 -11.2269 70
0.997775 -1.19419 70
1.00844 0.462343 70
0.329641 -1.28695 70
8.86028 11.2583 70
-90.3373 38.8328 70
-10.6898 11.3456 70
-11.4719 10.1055 70
9.03196 -11.1888 70
-0.240242 -0.416378 70
-21.258 10.2415 70
-9.93192 1.36344 70
10.4347 -29.1844 70
-9.71944 -1.47906 70
-0.240183 9.62028 70
1.42506 1.05991 70
-1.10668 -9.38051 70
-1.13478 0.0968811 70
-1.2787 0.897252 70
11.0367 -19.0391 70
0.0493975 -0.480583 70
-0.656509 -9.04462 70
1.24769 -0.727114 70
-0.414487 1.31073 70
21.2208 8.75409 70
0.565622 -9.57886 70
-8.98937 10.5753 70
0.268735 0.0447829 70
0.862427 1.00501 70
0.366266 9.17756 70
-11.1515 -9.53625 70
-0.0760599 0.736068 70
-1.07878 -0.40768 70
-21.0575 10.9739 70
-0.450006 -9.13658 70
-9.31117 -1.28927 70
-9.56116 -1.43346 70
30.4713 11.4467 70
0.406416 10.9412 70
-1.04771 0.48016 70
9.99624 -9.47086 70
0.10932 -20.8016 70
11.065 29.3271 70
0.0453091 -8.78922 70
-0.12992 -31.4109 70
-9.09267 0.392153 70
0.833854 1.06168 70
9.19918 18.8259 70
-0.287117 10.3606 70
39.4992 -20.6395 70
-20.6995 -11.3429 70
-10.6093 0.907677 70
-9.42612 0.0217398 70
10.2535 -10.0172 70
10.2225 -9.64235 70
0.839219 -9.67963 70
10.2382 -11.0118 70
-9.80475 0.497234 70
-11.2508 1.08806 70
-1.42244 0.918201 70
-0.814348 0.325932 70
-9.20319 -0.081109 70
-10.8977 0.687457 70
1.15418 1.15141 70
10.4435 50.5877 70
1.26185 0.154092 70
-1.23655 -1.17275 70
-20.3961 0.870744 70
-41.4726 -8.84219 70
1.1578 0.474237 70
0.551639 10.0917 70
11.4178 -20.5474 70
-39.2225 10.5445 70
-1.22577 -21.2366 70
-20.6296 -18.7514 70
-0.701514 0.162951 70
9.59865 10.3233 70
8.82324 -9.64852 70
0.74616 -1.00164 70
0.50679 8.81148 70
-0.0156812 8.6405 70
1.09714 -0.541485 70
-30.1187 -11.3772 70
-1.40022 10.8318 70
-9.03701 -1.1257 70
0.780503 -0.133125 70
0.730724 -1.44143 70
-1.36655 -0.528299 70
0.728958 0.898459 70
11.1067 -10.5239 70
-0.404744 -9.63479 70
10.833 -9.29539 70
-1.322 0.90072 70
1.49176 1.4062 70
19.3028 -9.60202 70
1.1246 0.708402 70
-10.6339 -21.0946 70
10.6031 -39.6418 70
8.98206 0.165253 70
-10.6132 0.466788 70
1.10219 -0.811716 70
1.46202 8.91835 70
1.46438 9.40281 70
-10.8249 -11.0008 70
-9.94039 -0.570934 70
-10.76 0.266708 70
-10.086 -0.221087 70
-0.228195 -0.511703 70
39.8877 -9.21984 70
-0.905239 1.08772 70
8.51677 11.1236 70
0.422071 -0.500959 70
0.0217594 0.195656 70
0.906547 0.661969 70
10.8384 -9.78211 70
-59.6644 -29.963 70
0.800557 -9.31454 70
9.08773 -10.1563 70
1.19878 0.72081 70
0.743339 0.824605 70
-21.492 11.0582 70
9.60247 -19.7248 70
1.23406 -0.0750252 70
-21.4459 -1.08562 70
0.252897 1.08223 70
-11.288 -0.958852 70
0.940313 -0.569169 70
-8.63154 -9.15232 70
9.97613 -9.93303 70
-10.2939 -0.29676 70
-0.791988 0.0397189 70
-9.46572 0.0553558 70
-19.7456 -0.791865 70
0.21448 -1.37354 70
-1.31263 0.840386 70
-1.02823 -38.7194 70
1.3954 1.18179 70
11.4704 -1.48431 70
0.406771 11.2531 70
-18.7132 -1.1811 70
-9.1047 0.746226 70
8.69108 -0.295704 70
0.948273 -0.538719 70
0.572077 -9.64471 70
1.34805 8.74585 70
19.2534 -0.928918 70
21.3555 -0.0430743 70
-0.17491 -0.885672 70
-30.4465 18.6823 70
39.3482 -11.2669 70
-10.5902 41.1925 70
-9.99368 0.281469 70
0.0146339 0.538179 70
-1.26258 -0.356511 70
-1.3982 -0.421918 70
-0.730736 9.95025 70
-0.121989 9.45659 70
-0.748176 -0.231677 70
-10.6839 0.597035 70
-11.4085 -20.4722 70
-0.521811 0.167513 70
8.94306 0.761509 70
-0.0153863 0.000240091 70
-29.2434 -31.2544 70
-10.6354 -9.46798 70
11.4651 0.586353 70
19.531 10.8731 70
-11.0785 -9.09725 70
9.38938 10.831 70
-0.246409 1.0102 70
-0.482583 9.9277 70
0.0533325 -1.34151 70
8.94116 0.603952 70
10.3396 -0.581536 70
30.7633 -10.9656 70
-41.0817 79.0073 70
-28.5454 9.5002 70
0.656693 -9.76586 70
0.796402 -10.7637 70
1.2369 0.852891 70
31.2874 -11.4063 70
-29.0701 10.9561 70
-9.20631 -10.3728 70
-0.497584 0.286751 70
0.59484 9.00097 70
0.343704 0.687006 70
-0.499016 -0.0523506 70
9.78226 -9.14191 70
9.8196 -0.0743123 70
-9.96249 1.07875 70
-1.02227 -9.11537 70
10.3663 0.414377 70
-19.624 -11.2867 70
-9.65224 -9.87923 70
-9.75085 9.0123 70
21.3572 -0.772979 70
-19.8932 -1.17037 70
0.197768 -0.081265 70
-8.65972 1.09926 70
-1.32299 10.9305 70
19.446 0.584129 70
1.26849 -9.73746 70
-0.805447 1.17557 70
-40.0018 -39.9475 70
8.92863 -20.3028 70
1.33826 -0.730931 70
-29.1597 -10.0166 70
0.133265 11.0533 70
-0.46982 -0.263814 70
0.812105 0.923834 70
0.256641 -1.25526 70
0.0851542 0.877292 70
-1.48546 -28.9384 70
-10.2916 -0.131768 70
1.25744 -1.42805 70
-0.699073 1.34699 70
9.91651 1.20664 70
-9.91066 1.0483 70
19.9569 -0.868153 70
-0.917265 -1.11581 70
-20.6411 -18.5566 70
-0.343234 8.81523 70
-40.0653 19.9943 70
20.4323 -0.0557955 70
20.1088 9.49963 70
19.015 10.4563 70
-9.51633 -30.422 70
-10.9323 0.676808 70
-0.264222 0.379904 70
-9.30658 0.293105 70
0.720419 -8.99132 70
21.3237 9.61564 70
-69.8036 -0.181587 70
9.32404 9.44587 70
-0.512615 1.30717 70
-89.8495 -100.225 70
0.837252 0.581967 70
-1.04115 19.8558 70
1.22911 0.484502 70
0.810723 0.206675 70
-21.2459 -0.959759 70
0.143947 0.314329 70
-29.9432 -0.752751 70
39.6474 -9.37765 70
0.902567 41.0949 70
1.44739 0.883104 70
-1.18406 11.2621 70
-0.788196 0.279568 70
-9.17836 -0.858303 70
11.2803 -1.28149 70
-9.79096 -1.16761 70
0.712834 0.616923 70
-9.78 0.926414 70
8.66213 -0.648332 70
0.259797 19.3678 70
0.955856 0.399262 70
-10.6922 10.6765 70
0.0519781 0.827446 70
49.6837 31.0381 70
50.2093 28.7113 70
-29.676 -9.38549 70
11.0204 -10.1829 70
-28.7448 -21.1842 70
0.949946 11.1698 70
0.223692 0.125455 70
50.324 -21.3079 70
-11.3599 -0.533477 70
-0.824496 11.2158 70
0.899337 11.323 70
19.9646 -1.01831 70
-0.768581 0.0979241 70
-9.34326 0.38144 70
-0.57675 -10.403 70
21.3408 -0.51183 70
8.67504 1.1703 70
0.95709 0.386966 70
1.26194 10.7679 70
-28.5104 -20.2083 70
-1.215 -0.429542 70
-20.1645 0.333559 70
-9.67082 9.98501 70
0.012049 -1.45881 70
-9.45095 0.431952 70
-8.90634 1.25116 70
-9.35629 -1.09265 70
0.591375 -1.48383 70
-30.8226 11.371 70
0.658756 -10.9444 70
0.528766 -11.3981 70
0.648579 0.672675 70
-1.23347 1.00198 70
-0.929329 -1.24158 70
0.605638 0.84157 70
-31.2684 -8.63527 70
10.2242 0.914855 70
-0.57581 0.889284 70
0.0369435 -0.457457 70
-1.33583 -1.29757 70
-1.14899 -11.178 70
-0.543836 0.937565 70
-1.20155 -1.44866 70
0.207753 0.081352 70
18.9184 -69.511 70
40.4021 -19.12 70
-1.47944 -1.45873 70
-0.645004 0.320005 70
10.2293 -9.47805 70
-20.674 -8.85558 70
-0.879145 -0.623985 70
-9.62477 -9.07221 70
9.41919 -0.429856 70
11.4835 1.30602 70
-11.446 -20.9966 70
-9.30545 -21.128 70
1.11213 -0.836378 70
-19.4844 -21.2267 70
-29.9305 70.7153 70
-1.42131 0.678064 70
-11.2629 -0.746206 70
20.0981 20.0431 70
10.9341 -1.47947 70
-0.67767 0.453698 70
9.26631 -30.7246 70
10.8841 1.29998 70
1.39139 0.651851 70
-0.293052 -29.0247 70
9.54073 -0.953043 70
-0.609127 1.04239 70
1.35102 -0.522784 70
-1.23405 8.78141 70
-0.982367 10.7788 70
0.772213 -9.24361 70
10.4293 -0.225011 70
-10.8145 11.3581 70
-1.21878 11.4149 70
0.825664 10.9357 70
0.568497 -18.7615 70
-1.40538 9.23436 70
-20.8765 -10.7251 70
-1.2925 -10.0682 70
-0.655762 -28.9539 70
0.234263 0.738281 70
31.0579 -1.31501 70
0.334282 9.34507 70
30.531 -10.3314 70
-0.0214049 -0.968627 70
-18.5305 18.9492 70
-0.125891 0.145645 70
0.921195 -0.0854001 70
-0.829694 -1.39009 70
18.713 21.2049 70
-0.988834 0.317974 70
1.40259 -1.14872 70
-9.65444 -9.04885 70
-0.358294 1.38628 70
-0.320155 -0.552159 70
19.1399 -9.64408 70
-10.4223 -9.39769 70
-39.0044 -30.9934 70
-1.07698 9.45651 70
-8.58819 -0.619039 70
-30.0998 -78.5573 70
11.4734 -18.8851 70
-1.4005 -1.04297 70
20.0459 -30.943 70
20.9796 -20.0595 70
10.4027 1.20813 70
-10.937 -20.59 70
-11.2559 11.2864 70
-11.1148 -0.0237793 70
-0.0849737 -9.12661 70
1.4822 -9.88425 70
-0.0802533 1.16898 70
0.669152 1.21956 70
-1.37813 -18.9423 70
-1.26275 0.568089 70
-9.94978 1.2804 70
100.987 19.7352 70
-1.10513 -30.3962 70
-0.717918 0.217794 70
-9.42833 -11.0449 70
-0.883175 18.7778 70
-0.815747 -9.99367 70
1.30424 -11.2657 70
-0.946065 0.807812 70
1.18033 1.48444 70
-1.04564 -9.85253 70
0.176882 -0.323621 70
10.2008 10.0173 70
-1.1674 -11.4808 70
-0.556451 0.961972 70
11.1977 -0.883249 70
-0.199271 -1.07164 70
0.736477 1.0442 70
10.1119 1.36347 70
-1.01419 1.36448 70
-29.0263 20.1255 70
-1.01871 19.4644 70
-0.75424 18.9881 70
28.7189 8.8072 70
1.05268 -1.25907 70
1.07453 0.855524 70
0.571826 0.586036 70
-10.2409 1.28149 70
60.5442 40.2074 70
-0.405174 1.27003 70
-8.88693 -0.500368 70
1.26147 10.5737 70
-1.11315 -1.44243 70
-0.632456 -1.19143 70
0.226812 -11.2877 70
39.6924 31.0911 70
-8.88103 9.01641 70
-20.433 10.8711 70
0.526628 1.00235 70
0.354851 -1.38165 70
-1.3977 1.3359 70
-0.112393 -1.04297 70
8.94466 -19.0961 70
9.1187 -50.3308 70
-10.2915 -0.0994668 70
-0.0769729 10.2147 70
0.636273 -0.00511947 70
-0.167738 20.067 70
-1.32592 -19.6721 70
10.3301 -0.315901 70
-21.1981 0.231343 70
1.01474 -8.73735 70
-29.5363 8.69913 70
0.933298 -10.5571 70
90.1716 38.9965 70
-9.64388 -28.6945 70
-0.877287 1.12661 70
0.287412 -10.4927 70
0.211837 -9.56065 70
0.500621 -0.204166 70
0.985461 -0.792861 70
-10.8173 10.4207 70
19.918 19.5201 70
0.00372119 0.0861523 70
10.5067 0.166133 70
-0.921588 0.195671 70
-10.778 10.629 70
-120.93 50.9615 70
-119.278 49.696 70
-8.71482 10.9109 70
0.32598 -0.322743 70
1.31694 -0.813709 70
-0.935367 0.0533636 70
-0.856788 9.14321 70
0.719708 -0.842766 70
-0.302067 0.161509 70
-19.4904 9.98288 70
1.37809 -0.368114 70
-100.242 -120.593 70
-0.714785 -10.0802 70
19.538 9.68437 70
-19.536 18.8461 70
11.0563 -29.8058 70
-1.00046 -18.6789 70
-10.2604 -1.37894 70
-10.8268 9.94141 70
8.77879 -1.00483 70
-0.233638 -0.937081 70
-10.7607 -28.7715 70
-0.490885 1.21908 70
1.18836 1.28923 70
-11.035 0.720358 70
1.45046 1.43072 70
20.8996 18.7152 70
9.41391 -10.9274 70
-0.0789192 -9.57173 70
-30.3175 -29.0929 70
-0.803113 -0.917031 70
-0.997719 -10.1732 70
-0.891907 9.895 70
-1.48469 1.01458 70
-1.32947 -1.14519 70
-21.4781 30.3233 70
-8.67959 -19.4275 70
0.305555 -10.0093 70
0.101091 -9.35427 70
0.865867 1.41194 70
-0.0727078 -10.4814 70
0.827066 -1.33689 70
-1.45782 1.1722 70
9.14857 0.530039 70
-0.028048 -9.77789 70
8.57765 -11.3013 70
0.373468 0.419774 70
10.1391 -19.594 70
8.9831 -10.8272 70
11.3038 -10.2741 70
-9.49126 -0.441058 70
-10.9072 -71.3699 70
-19.9339 50.2636 70
39.6367 11.4687 70
-1.16358 -11.1196 70
0.715772 -0.247771 70
-0.644692 8.99249 70
-21.0154 -9.03403 70
10.951 -8.90413 70
-10.806 -28.957 70
0.554414 -19.5034 70
-8.74989 -9.21106 70
-9.02359 -10.9162 70
38.7315 69.5701 70
10.3792 10.2872 70
1.03138 1.02956 70
-29.0086 38.579 70
10.0408 -1.44919 70
11.0619 0.455098 70
-10.8503 -11.238 70
21.4594 -8.52047 70
8.50563 -0.955998 70
-0.433286 1.03179 70
1.36032 -21.185 70
-0.623491 -1.31559 70
-0.143764 10.4137 70
-8.561 -0.33414 70
-0.966521 1.00613 70
1.32314 1.27371 70
-79.2491 40.8784 70
-1.45464 -11.4511 70
-1.26086 0.989411 70
-21.4957 -9.24978 70
0.566522 1.47758 70
-0.752931 0.225091 70
0.415718 -0.417246 70
-8.54813 -40.5512 70
0.204236 0.774683 70
8.98527 0.839995 70
-19.4575 0.29849 70
8.85817 -1.07364 70
-0.760062 0.990665 70
-8.98855 1.13444 70
1.39812 1.14162 70
50.1335 30.5529 70
1.4248 19.1188 70
0.634067 -8.6984 70
-0.288323 -9.66368 70
-0.612092 -0.24683 70
-1.12694 -0.311828 70
-0.961362 -1.17416 70
18.8118 10.0614 70
0.993403 -0.997507 70
-9.47052 -20.8245 70
-0.283832 -1.09402 70
-1.26961 21.3576 70
0.56525 -1.00583 70
0.138164 -0.753518 70
-19.3399 -29.3703 70
-20.1768 -29.2982 70
-10.6327 -0.922572 70
-0.639399 -1.30093 70
0.868814 41.0487 70
19.2224 20.5982 70
8.52072 28.8285 70
11.3825 28.5843 70
8.76971 -0.341259 70
-1.05257 -0.739024 70
1.29494 -1.31244 70
11.0095 30.9216 70
-9.99346 11.4708 70
0.912571 -10.6206 70
-11.4605 1.23454 70
69.185 -111.092 70
-8.76264 -0.626021 70
-1.4522 1.12202 70
1.17825 -8.90104 70
11.2481 -11.0484 70
10.1522 -10.5798 70
-0.615768 -0.520841 70
-0.737643 -10.9354 70
0.149591 -10.6271 70
-0.11496 -0.70264 70
-49.4413 49.9965 70
10.5644 -19.6819 70
0.479906 8.63901 70
0.0755529 -1.0278 70
0.375657 0.120901 70
1.37051 9.25877 70
11.456 -11.1431 70
-0.218473 10.2251 70
9.11727 0.205341 70
-10.2648 0.0664992 70
18.7513 -1.06066 70
-1.20163 0.587227 70
-20.5919 -49.1254 70
-9.58021 -0.195649 70
-0.767738 -30.9419 70
-31.2244 -20.69 70
1.14982 -0.866697 70
-1.16889 -0.698422 70
10.3051 18.9035 70
-40.6752 110.145 70
0.15212 0.961962 70
-0.1178 0.283686 70
-0.132202 0.285681 70
-0.0240092 -0.289487 70
-0.0137459 1.21482 70
39.2524 -18.521 70
-11.3098 0.171895 70
-9.19073 0.980206 70
-0.620039 10.5781 70
-10.0566 -10.2499 70
0.47551 -1.25777 70
-0.564787 -8.83439 70
-29.6282 9.90189 70
-1.47213 20.9598 70
-1.23472 0.9307 70
-0.611025 10.4639 70
-0.918035 0.771228 70
0.17226 -19.6677 70
0.109663 9.62223 70
-9.57137 -10.0915 70
1.11331 -1.26628 70
1.23027 -19.2419 70
1.20167 19.5684 70
0.54769 20.3476 70
0.29896 -1.42947 70
20.1247 -8.84712 70
-1.34833 -0.440055 70
0.131155 1.28765 70
-1.20752 21.1404 70
29.6845 10.1088 70
10.5503 0.918582 70
-9.55579 1.47795 70
20.6408 -20.3423 70
-0.172831 -11.422 70
-1.09775 9.13232 70
1.219 8.74458 70
20.1548 -9.45567 70
8.8369 -1.16475 70
-30.1707 -9.91906 70
-1.27834 1.44387 70
-0.593511 -9.50111 70
10.2635 -10.9495 70
0.766986 -9.63222 70
-20.299 -10.4151 70
-19.4203 -11.1557 70
-30.9353 10.842 70
2.51818e-05 1.25454 70
-8.84419 19.4995 70
-0.623533 9.59195 70
0.408656 8.86742 70
-11.3778 -0.789075 70
-10.6451 -0.615449 70
0.547644 -1.00483 70
39.2336 -20.4046 70
-0.851957 1.1257 70
0.521974 -0.57023 70
-10.4906 0.0409906 70
-8.71741 10.6919 70
-0.437014 11.3596 70
1.33523 0.0704814 70
9.38003 10.2224 70
-1.12962 -1.38158 70
-39.7791 90.6576 70
-1.18879 -0.131423 70
-10.3606 -0.119253 70
-9.42829 -0.423487 70
1.2419 1.35165 70
-0.0691368 -0.422114 70
9.67995 0.0620033 70
-0.0199193 -0.320307 70
-0.12831 -8.92423 70
-10.421 -9.10148 70
-1.3036 -10.8006 70
-8.55253 -0.865339 70
8.70365 8.922 70
-0.292003 1.15762 70
0.942337 0.534471 70
0.465487 0.159552 70
-9.70474 -1.21809 70
-8.72992 21.2954 70
-0.235882 -0.890352 70
0.207252 1.17298 70
39.1602 -0.044361 70
0.22764 -0.386368 70
-9.56227 -1.33003 70
20.0747 -10.1608 70
10.599 -8.65972 70
-48.8755 -69.9675 70
-1.43836 0.210835 70
0.994924 -1.0446 70
1.30771 0.189679 70
0.883416 -11.2911 70
-0.348946 19.6987 70
0.258791 -0.8922 70
-0.364671 -1.2876 70
0.994789 -1.149 70
0.781808 10.0803 70
-9.91358 9.43791 70
-21.2539 81.4534 70
-1.32673 -0.00150758 70
1.38217 -1.06648 70
-1.09489 -0.48148 70
60.458 -10.9119 70
-11.3833 9.87396 70
-10.741 -0.84355 70
-0.10372 0.416236 70
-58.6189 1.24982 70
-0.7293 -0.286674 70
-0.225966 -0.403522 70
-0.590639 1.21853 70
1.37728 8.57231 70
0.972006 0.194231 70
-0.0131515 0.743908 70
0.843346 21.124 70
0.407802 20.632 70
20.9934 -19.0765 70
0.866871 -0.460246 70
-20.5007 51.2683 70
0.312465 8.6992 70
0.380167 0.152851 70
1.48036 -9.4897 70
-8.85204 -0.191464 70
60.6266 -40.4645 70
-29.579 -70.643 70
28.6648 10.4146 70
-20.1593 8.50529 70
1.22048 1.32926 70
0.191412 -18.7481 70
0.207586 -19.9559 70
0.428624 1.18641 70
-1.05162 1.09171 70
-0.0677811 10.7973 70
-9.84397 1.0915 70
-0.822738 -0.722114 70
-8.52434 1.00989 70
1.42882 -1.30873 70
10.1217 -0.144572 70
-0.296985 21.1257 70
-0.0923032 20.5178 70
0.231462 -9.67894 70
-10.3591 10.5273 70
-0.160368 -0.448689 70
0.721538 1.47425 70
29.3838 -19.9734 70
-10.0809 -0.104573 70
-11.2574 10.1281 70
-11.295 10.7075 70
-18.8961 0.703989 70
0.808483 1.46861 70
1.30197 1.03343 70
-0.774104 1.42245 70
-60.3793 -31.0786 70
-29.7888 8.96512 70
-30.623 0.242688 70
-9.2081 -1.1991 70
10.005 19.7097 70
0.728012 0.348174 70
10.1406 -0.656088 70
-10.4349 -0.71958 70
-1.09914 10.2241 70
48.8926 39.9106 70
-0.81277 -0.286494 70
1.15782 1.40108 70
0.940678 0.777883 70
-0.29385 -11.3331 70
-9.78932 1.49811 70
-30.5806 -0.470941 70
-28.5426 0.919694 70
-10.0256 -0.292279 70
0.152092 0.312667 70
0.48674 0.40913 70
0.605235 0.78008 70
-8.57715 -0.195692 70
0.576544 -10.0512 70
0.868747 -1.39092 70
-11.0633 -10.0011 70
-0.842411 9.61243 70
-0.282118 19.1951 70
-19.2496 0.364475 70
-0.592041 0.169745 70
-0.35117 -10.1881 70
-0.775588 -9.39703 70
-11.1432 -0.282841 70
10.0827 -0.989518 70
0.914359 0.366797 70
-1.14206 0.0808385 70
1.21982 0.300433 70
-9.56719 1.16647 70
10.1612 1.01022 70
-1.44146 0.18633 70
1.47447 0.352989 70
-9.71198 1.25024 70
-1.17895 0.0132177 70
0.550053 -1.44156 70
0.303314 -1.33007 70
-0.497948 19.5299 70
-51.3436 11.3418 70
-21.1898 -10.2865 70
-1.20862 0.931753 70
-0.0234217 -0.0777071 70
19.9867 0.878403 70
-0.540448 0.992885 70
-0.250413 1.48458 70
0.475858 1.32885 70
-20.9398 1.08377 70
-10.2257 -9.81476 70
21.3868 30.944 70
-10.3054 8.5748 70
8.59721 -1.45546 70
1.47817 1.29078 70
0.739072 -1.47884 70
19.3568 20.4663 70
-1.2313 -9.99103 70
-10.5145 1.42968 70
-0.787952 -0.14688 70
0.515111 -0.123998 70
-10.4791 0.934538 70
-1.14247 1.31062 70
-1.19614 0.957742 70
0.893905 0.687324 70
-11.2456 -18.7333 70
1.29662 -10.9416 70
-0.384487 0.703716 70
18.758 -0.684117 70
-1.15535 -11.2092 70
8.92765 9.36615 70
10.9978 1.29653 70
0.5551 10.1106 70
18.5029 0.101169 70
0.758545 -1.30914 70
-1.3853 -1.16543 70
-69.0904 11.4485 70
1.07457 -1.35382 70
-0.905556 -0.787054 70
11.4019 0.280325 70
8.73772 -20.9993 70
-1.17067 -0.873261 70
1.25269 -0.843601 70
-0.601548 8.99342 70
0.999033 9.09481 70
0.270734 -0.753841 70
-0.123024 50.2817 70
-9.50949 11.4282 70
1.09918 11.0282 70
