9.7721 9.38863 70
10.1235 11.039 70
-10.3613 0.0329239 70
-10.3683 -1.08431 70
0.905864 0.122782 70
10.2406 -10.1555 70
0.449943 10.2451 70
-21.2932 9.25541 70
-20.3322 20.6579 70
0.960796 -0.238659 70
-0.49622 1.27507 70
-1.02154 8.53434 70
-0.617485 9.45175 70
-1.46875 -0.283443 70
-40.8942 48.721 70
8.54147 -0.663325 70
-10.66 -0.809942 70
48.5258 -60.601 70
-1.49364 10.8006 70
1.47484 0.0417086 70
-0.186732 0.72378 70
-10.0523 1.09994 70
20.7956 18.9762 70
-19.7963 19.2678 70
-1.14255 -9.58782 70
8.88919 -0.0213009 70
30.067 29.5607 70
10.7208 0.343272 70
0.835265 -1.48202 70
0.509611 0.0623385 70
50.7731 -0.00955148 70
-29.8186 10.8463 70
10.0514 -0.0347942 70
-8.98838 -0.731144 70
-29.3145 0.512398 70
-0.695109 18.9634 70
-30.2452 -10.9899 70
-0.186501 8.5736 70
1.47689 -1.13157 70
-10.1082 -9.41423 70
0.278121 -10.9506 70
-38.9627 -9.36123 70
-10.8256 19.571 70
-9.19576 -0.708662 70
-39.2616 10.1385 70
0.507719 10.2845 70
-30.503 -11.1486 70
11.4008 10.1107 70
40.4492 -8.90942 70
69.2343 109.186 70
0.157736 9.66201 70
-0.593714 10.8419 70
0.00741656 1.011 70
-10.2368 -0.350189 70
-20.0911 11.0535 70
20.7573 18.5338 70
18.8521 -20.5926 70
20.7058 -19.9325 70
40.1822 -41.1762 70
-1.16134 9.76701 70
-1.11873 -20.2076 70
-10.6582 9.96671 70
0.173293 1.34183 70
-10.2691 -119.144 70
-0.246256 19.4453 70
-8.83148 10.8661 70
1.26184 1.22165 70
20.7502 9.10164 70
10.8724 -0.23458 70
-0.57053 -0.723436 70
0.1536 20.2623 70
-0.684319 19.3463 70
-20.4818 21.0364 70
1.23544 9.52739 70
11.3962 0.254056 70
-0.851581 -10.2689 70
-0.662104 9.80384 70
30.2427 10.7785 70
-1.09157 -40.2402 70
10.6083 10.5621 70
-18.9335 -9.406 70
9.83482 1.47112 70
11.092 10.9766 70
9.48188 19.7605 70
11.4987 -8.73759 70
29.3853 19.73 70
-0.407794 -0.97777 70
-0.523587 10.6332 70
-20.0254 -79.7927 70
-9.28264 9.4073 70
-11.0909 -11.4279 70
-1.08042 0.352737 70
0.655206 -9.27897 70
9.55447 0.961709 70
-0.292996 -0.80561 70
0.415702 9.69654 70
0.0674836 10.6638 70
-18.5726 49.7476 70
11.4334 -0.759328 70
-29.8333 11.0388 70
0.64528 -0.656874 70
-0.555276 0.0946937 70
-1.3944 10.4685 70
-0.177722 8.75353 70
-0.282714 -1.05286 70
0.895583 10.0319 70
-0.98407 10.2218 70
-9.20693 -9.30437 70
-1.19249 9.1668 70
0.927654 20.8881 70
-0.0197694 0.781949 70
-9.02107 -9.8989 70
-19.7775 10.2614 70
0.0267849 9.59789 70
0.584142 1.38383 70
10.3365 21.1612 70
-21.1004 -11.0417 70
-0.35506 9.11749 70
-0.702937 9.63843 70
0.578534 11.1797 70
-0.983087 8.93758 70
-9.8586 0.614975 70
119.903 8.6855 70
1.203 1.22138 70
-29.9223 -19.3774 70
-29.2719 8.9167 70
0.713405 9.89099 70
9.92946 -1.28604 70
-29.5288 -0.514184 70
-10.1534 19.9368 70
-0.11445 9.45723 70
-0.308147 -0.0116503 70
1.36442 0.648305 70
10.8189 30.9536 70
-19.5765 -21.4528 70
-0.0549313 8.88761 70
0.674992 8.80808 70
1.31679 0.117887 70
-19.335 10.8234 70
29.3155 1.46919 70
28.7637 -0.0214402 70
-29.8945 20.3423 70
8.79747 -0.712361 70
1.12586 11.1943 70
8.92927 10.8735 70
0.782121 -8.78202 70
58.726 -18.8882 70
1.19688 0.951203 70
0.0234293 0.112725 70
-10.0158 1.23649 70
-9.2976 -0.132026 70
1.09706 10.0256 70
-0.210402 1.33875 70
0.0414631 10.186 70
8.63573 10.4922 70
11.4981 -0.539682 70
-11.1359 11.2531 70
1.19638 1.05209 70
-1.11615 -10.5847 70
-19.4536 11.1728 70
1.35449 11.1623 70
-21.0115 -48.8375 70
-0.641197 -1.15597 70
9.15398 19.6925 70
-10.4118 9.57268 70
0.252401 9.18434 70
-20.7916 -0.0314005 70
-1.07753 10.56 70
-9.08622 -0.929858 70
-9.16162 0.0556805 70
28.7717 -9.32694 70
-1.05227 10.0365 70
1.35127 10.6054 70
0.424232 0.244028 70
-0.958801 -0.680168 70
-18.7077 -1.38246 70
0.538738 -0.501974 70
-1.1921 20.0583 70
0.502003 -0.964145 70
-0.816516 -0.273175 70
-0.701462 10.9847 70
-8.69349 18.8039 70
48.6099 70.7258 70
0.574231 9.43755 70
31.1675 -11.084 70
39.5049 -8.65652 70
-0.0898642 31.3676 70
0.180411 -9.6432 70
1.36518 9.51629 70
11.109 -20.836 70
11.4222 11.2477 70
-1.3066 -9.79023 70
1.446 -0.240493 70
-29.805 19.9758 70
10.9823 -1.01264 70
-11.4473 1.4038 70
0.741647 19.1335 70
-1.16745 9.16611 70
0.987573 -1.08667 70
-11.3565 0.0903384 70
10.8831 -0.817723 70
-50.7825 -9.45457 70
0.548178 8.98476 70
0.773061 -1.178 70
-30.8713 0.802778 70
9.60066 -0.248389 70
0.886609 9.26649 70
0.299421 1.00694 70
-0.985343 0.644697 70
-1.35044 9.12049 70
-9.53928 -0.264161 70
0.191312 9.46056 70
-10.9016 19.1325 70
9.40515 0.896368 70
-0.25314 -20.5433 70
-11.2365 -28.6293 70
-11.3266 -28.5999 70
-11.1693 0.337996 70
0.109287 10.8509 70
-0.81648 0.416237 70
-0.677911 -1.02665 70
0.769305 29.9288 70
-31.4105 -9.54531 70
-0.267923 -49.2567 70
0.804563 0.826404 70
-9.79334 -1.24086 70
-11.1016 -10.3609 70
-0.209223 8.6513 70
-0.927479 11.146 70
30.2772 -0.753576 70
-10.6126 18.5652 70
-30.5807 0.63503 70
0.871212 -0.560903 70
-11.1537 -9.39295 70
-10.412 18.8887 70
-0.816368 -1.40354 70
28.7982 11.0217 70
-1.18797 10.1676 70
11.4608 9.14174 70
9.31057 30.2878 70
0.4246 11.1012 70
1.34042 -0.291389 70
10.9581 -0.115011 70
0.413538 10.6464 70
-8.67485 109.424 70
38.837 -0.945827 70
0.513762 -0.872379 70
0.231568 1.24634 70
11.0075 11.1777 70
19.7741 11.2686 70
18.5098 10.3023 70
10.1065 -30.5167 70
-50.5596 -8.91542 70
0.919557 1.23681 70
-20.6214 -0.687406 70
0.00399637 1.23145 70
-19.5557 8.64591 70
-70.5757 -10.4533 70
-8.78243 11.1924 70
8.75641 -8.72115 70
19.534 21.0682 70
11.4732 -10.9826 70
8.50345 8.59268 70
-10.0001 -0.451355 70
-0.927006 9.86001 70
-30.9266 -8.90052 70
-10.3665 -0.594246 70
-1.29081 -0.483256 70
8.72115 8.62587 70
-8.53548 1.12554 70
-0.301376 10.426 70
-0.461322 10.7736 70
-0.689612 11.3949 70
1.10292 9.07686 70
-0.0900296 10.6767 70
-20.5417 -1.03243 70
10.678 -0.737816 70
40.2529 -1.07435 70
0.375837 -40.6762 70
9.42348 9.28441 70
-8.63542 -11.0638 70
50.3599 -41.0694 70
-0.943827 10.9131 70
-0.193034 10.1123 70
1.11423 1.31666 70
-50.0976 -39.9784 70
0.803823 -20.618 70
-18.8795 8.56362 70
-19.4433 -9.12242 70
-19.5288 -10.8788 70
-10.9548 1.32143 70
9.9692 31.1473 70
1.16377 -1.09284 70
-18.7736 29.0249 70
0.600419 8.75935 70
-10.3153 11.3052 70
-0.999875 -0.70518 70
1.11374 0.642086 70
9.12364 19.1583 70
0.420352 11.0813 70
-0.420461 9.00377 70
-39.4994 29.4702 70
0.929435 0.642799 70
-1.4764 9.9111 70
-10.842 0.34953 70
-19.0845 -20.8936 70
-0.512133 10.7298 70
8.93677 8.72662 70
-0.874571 0.12159 70
-9.23325 29.959 70
-19.0459 30.8804 70
0.842225 10.1789 70
0.729221 1.36971 70
-1.29447 -1.44622 70
1.42292 11.0041 70
-9.83296 -10.4465 70
11.0468 10.7084 70
1.31098 0.93123 70
1.164 9.7347 70
0.347769 9.61343 70
0.559751 11.2633 70
10.7605 -0.7925 70
10.4031 20.1226 70
1.4383 0.614428 70
0.131111 9.38109 70
-1.14179 0.123592 70
-0.696517 10.2164 70
-30.6229 -39.2918 70
-9.98338 11.0024 70
-0.933702 20.9121 70
-40.9067 0.57388 70
0.0318428 0.967901 70
1.32658 -1.36603 70
-1.27718 -0.783646 70
10.4158 0.699372 70
-9.09061 10.6348 70
30.7979 10.4472 70
28.5822 8.86859 70
0.957362 9.26252 70
119.097 -79.4423 70
-28.7676 29.1856 70
19.0339 1.08789 70
18.758 -1.18618 70
10.5159 -10.5343 70
0.0804275 1.18773 70
0.0397951 -0.0969087 70
0.664913 -0.605292 70
-0.943741 -0.0971826 70
0.369349 10.0876 70
-9.3952 -49.6289 70
-30.8357 39.7155 70
-11.2749 8.83283 70
-20.9878 -10.7448 70
-10.4924 -88.7073 70
-10.7379 10.4786 70
-1.12006 -0.958746 70
20.1614 1.0723 70
11.2676 10.354 70
0.198595 10.9525 70
0.770386 11.0287 70
0.857051 11.2019 70
-0.164603 9.2981 70
10.947 -0.267019 70
-0.973967 -0.0140981 70
8.90111 -0.595563 70
1.49065 0.502253 70
1.37091 0.128024 70
0.369001 -0.635276 70
-11.1161 -9.69734 70
20.2793 19.0151 70
20.0558 19.0931 70
-1.14315 -0.785446 70
1.10471 -1.29765 70
-0.889149 -1.43945 70
-1.43337 -0.457129 70
0.351993 9.19582 70
10.4445 -0.401731 70
19.663 20.8 70
10.2842 10.4888 70
-0.263524 1.30795 70
31.115 -20.5843 70
10.4113 -10.8953 70
-0.188851 18.5221 70
-0.096162 21.4361 70
0.840697 29.4321 70
0.798211 0.288557 70
-40.1478 -10.5136 70
-0.993878 21.067 70
-10.4902 10.1078 70
9.19842 10.5298 70
-10.6047 20.6269 70
20.0068 -10.4859 70
0.465065 -1.39229 70
-0.473104 10.6694 70
-0.964081 0.576664 70
0.8759 11.0956 70
0.253883 -10.973 70
-0.066535 -0.527244 70
-8.85525 -0.234931 70
0.641389 0.633934 70
-8.92994 1.28028 70
-1.26244 9.65359 70
9.32966 -20.1562 70
-1.38693 10.1481 70
-1.10656 50.8194 70
0.132735 -1.07646 70
-1.18139 -0.888548 70
0.718854 0.376505 70
30.6668 11.3229 70
-0.106817 10.885 70
0.923331 10.0234 70
-10.312 -0.69616 70
-1.48751 -79.4385 70
0.714378 18.9844 70
0.276137 -1.36706 70
-1.44303 10.4501 70
-0.942847 -1.14908 70
-0.290199 -0.341794 70
-28.6359 30.0921 70
31.2535 -88.7209 70
1.28103 -29.9935 70
1.26669 -0.0383061 70
-20.7656 0.648611 70
-10.9103 19.1856 70
-0.657475 8.84642 70
-8.94852 -8.689 70
-0.754632 0.095555 70
90.0882 91.2712 70
0.113534 9.72055 70
-21.1476 -10.5295 70
-1.33483 10.5478 70
9.06096 10.5367 70
-10.1904 -10.6069 70
-18.7006 10.4501 70
-0.9004 31.4638 70
-1.07376 1.0231 70
-21.1078 -1.02626 70
-29.1064 10.5155 70
-0.473487 -1.11262 70
1.22671 9.92023 70
0.49307 0.466709 70
0.656468 1.45298 70
1.30162 1.46497 70
0.674859 -0.299946 70
0.673706 0.645934 70
-49.4909 -69.3958 70
40.2107 9.70015 70
11.3067 0.180771 70
-9.3852 19.4421 70
10.825 1.22035 70
0.987102 -20.5223 70
-0.2484 10.1985 70
-59.4348 -10.4915 70
11.4052 -10.9928 70
-9.63771 20.8498 70
-8.72224 10.3114 70
-41.2834 -18.8003 70
-10.7479 9.69173 70
-19.9144 19.4941 70
-0.399999 1.25458 70
-69.5446 10.6009 70
-9.60899 -9.3705 70
0.974891 1.34284 70
8.93893 8.93986 70
0.73593 9.07431 70
-1.32293 11.0645 70
10.5289 -0.414651 70
-0.21036 -0.33076 70
0.901917 11.1569 70
-0.9039 -1.12956 70
-8.84164 1.24993 70
-9.2334 -1.36279 70
-10.384 11.3795 70
-0.993699 10.4558 70
-0.144442 19.5517 70
-0.905059 0.880502 70
50.624 -79.9771 70
-19.5702 28.5961 70
8.96304 -50.2423 70
-8.98929 -1.27794 70
-1.02363 9.46832 70
-9.65307 0.587642 70
-0.36341 -0.0783635 70
0.883528 1.40598 70
-9.49933 -0.72335 70
8.59677 9.55284 70
-9.99382 11.1442 70
-0.58288 9.96708 70
1.36162 21.1713 70
-11.2955 -1.2666 70
-11.3521 9.94977 70
10.3628 10.1683 70
-1.0432 -0.438527 70
0.943619 10.3473 70
10.8297 -1.37784 70
0.632149 9.56849 70
-11.3026 30.3359 70
8.96353 -11.1038 70
-8.95451 11.149 70
9.31324 -28.7935 70
1.20084 10.7514 70
18.6232 -10.8772 70
-0.243882 1.2816 70
81.1638 40.6129 70
-51.2926 -38.6434 70
-1.06519 1.31609 70
-10.4276 20.3267 70
10.8934 10.9776 70
8.65238 11.1952 70
-1.18119 -0.537433 70
1.46331 0.999855 70
-9.51744 -0.103062 70
-10.2322 -1.47383 70
0.306531 1.0033 70
-99.0285 50.6213 70
-9.97171 0.643349 70
0.208922 0.804847 70
0.759182 -0.384964 70
-0.00198445 1.1444 70
-11.1493 -0.455645 70
-1.05498 1.25504 70
-8.82566 0.437991 70
-9.90055 21.0022 70
-10.17 9.30365 70
0.525043 11.006 70
68.928 -1.25595 70
-0.0769685 10.9161 70
-0.289628 -1.29674 70
0.528122 10.4476 70
-30.7817 39.0492 70
-10.3049 -59.5505 70
-0.431917 -0.0625003 70
-10.8407 41.2383 70
8.92815 0.41852 70
-20.468 29.8953 70
-19.4517 0.895759 70
-20.9833 -0.461851 70
-9.54855 10.9365 70
0.471076 -0.805937 70
-0.0991727 -0.457925 70
-8.98585 10.9328 70
0.424893 -0.587055 70
0.186088 -0.999153 70
-9.0738 -0.61972 70
-8.66285 -8.78558 70
0.493259 9.14046 70
-0.510913 -19.8788 70
1.03971 10.695 70
-9.84185 -0.101719 70
1.17161 10.6202 70
1.46318 -0.918268 70
1.05833 -1.13655 70
-1.16521 -0.814074 70
0.164209 20.2526 70
0.271563 9.77389 70
9.71816 0.726318 70
31.0596 28.6299 70
-29.8217 89.9388 70
-0.654697 8.82823 70
1.36679 8.88465 70
-0.718285 0.137469 70
9.62246 -8.57522 70
29.7571 -30.3736 70
-0.0596602 -0.368189 70
48.5258 -8.77953 70
-11.2018 19.8779 70
-9.84251 20.5128 70
-9.07795 -1.29959 70
-8.60048 -1.39646 70
-1.13159 9.66438 70
-18.7168 9.63002 70
-1.13067 -10.739 70
-0.793424 9.62573 70
11.326 -1.47693 70
-0.757859 0.326266 70
-0.910921 8.54049 70
9.01115 -1.06998 70
0.129567 -0.288522 70
1.11957 -0.29293 70
-0.42587 -0.602206 70
-1.06278 20.1114 70
0.231591 -19.3524 70
10.521 -1.01813 70
0.447348 0.74722 70
-8.82675 -9.03631 70
19.1268 0.81835 70
-0.146353 -0.947782 70
-11.1473 8.94993 70
-0.349903 8.93367 70
-9.01673 9.32263 70
10.6899 11.4215 70
1.20306 10.4096 70
0.542941 -0.758188 70
-1.06151 -1.23924 70
-1.07808 9.36866 70
-0.914277 11.172 70
0.933807 18.9568 70
-0.0996298 10.6167 70
0.044563 11.4522 70
1.43119 0.130864 70
-51.1734 0.926592 70
9.9821 -10.6565 70
-8.7667 10.0206 70
-10.6106 9.50976 70
10.506 61.1958 70
-9.32106 -0.526421 70
0.343731 10.0165 70
-1.10698 0.667517 70
-11.0027 0.364413 70
10.1054 -29.3408 70
10.4536 9.71933 70
-9.34257 10.8772 70
-0.0796451 -0.832132 70
19.2441 -0.289701 70
20.7732 0.779602 70
0.974654 -8.88051 70
60.8511 -20.8589 70
-1.42304 18.7306 70
-20.7508 110.246 70
-20.3418 -19.7547 70
-10.3084 8.53153 70
-9.38444 1.49945 70
-0.197105 10.1749 70
0.993343 10.7031 70
-0.779275 -1.38049 70
1.29504 1.15632 70
9.38097 0.881977 70
0.646302 11.1862 70
68.6512 0.606012 70
10.7769 -8.53012 70
9.35394 -10.1991 70
11.3986 10.1474 70
20.0808 -20.6448 70
11.1268 10.1201 70
-9.11584 8.96344 70
-0.92984 -10.8722 70
9.50748 -11.0335 70
8.93403 -9.26578 70
-10.181 1.21663 70
-9.97162 19.0159 70
0.984858 10.7707 70
-10.1066 9.85634 70
-11.1834 -0.535297 70
10.2445 -0.0414655 70
-9.01757 1.17759 70
-8.53292 10.12 70
9.96773 -9.61713 70
-30.3105 1.45088 70
0.61035 10.6362 70
69.9604 -18.6512 70
-0.487138 0.882438 70
-11.1444 -9.62672 70
-0.0490375 -0.0883783 70
10.1954 29.0741 70
0.11179 0.243719 70
-0.0184061 -0.432611 70
-0.400247 -1.12544 70
39.6477 1.0102 70
9.89909 1.11916 70
-0.612211 1.13253 70
-11.3764 0.440133 70
11.0612 10.7091 70
10.1058 10.4646 70
-8.89682 -0.392871 70
-0.459571 0.441521 70
0.590493 -0.999065 70
0.762625 11.4287 70
-0.573048 10.338 70
-1.01035 -10.3735 70
10.9944 8.7519 70
9.10972 10.2156 70
1.1841 0.0857496 70
8.90537 0.581858 70
-11.0291 11.4347 70
20.599 -0.435454 70
-11.1256 39.9244 70
-9.81846 38.7702 70
0.438148 9.38937 70
-20.5418 -1.26926 70
-9.25722 9.71926 70
-1.10602 -1.03297 70
0.51183 1.08953 70
0.182895 -0.823648 70
10.6244 0.741234 70
-9.63641 9.56763 70
-10.3779 21.2003 70
-0.0273059 0.51063 70
31.1135 19.2214 70
-0.035454 9.88558 70
1.23102 11.1133 70
0.730327 9.38229 70
-0.924041 10.2463 70
0.874083 1.46578 70
-0.971956 9.17573 70
-8.57052 10.5063 70
-0.985634 21.3826 70
-11.1429 -9.39361 70
-9.24606 19.3206 70
-10.5323 0.458928 70
-8.79112 11.3009 70
1.40879 -1.04181 70
-1.0013 9.32102 70
0.751878 10.6267 70
-10.5414 -9.33907 70
9.11403 -1.34278 70
-1.3867 -0.807339 70
1.39695 29.0041 70
30.704 20.1313 70
0.386415 -0.790836 70
-39.0655 110.947 70
0.685669 1.31253 70
-0.432709 10.3383 70
1.15083 11.0673 70
9.73562 -0.309399 70
0.7574 20.0614 70
-8.8669 10.6212 70
-0.256854 0.660831 70
-10.5063 -10.8533 70
-10.1887 10.2151 70
-9.75831 9.72848 70
-0.694716 -0.376876 70
11.0327 10.1356 70
-20.6264 8.64925 70
31.427 50.094 70
10.7249 10.6108 70
8.96617 8.68711 70
0.110021 -10.2971 70
-39.9719 -8.60468 70
-39.8787 -8.54876 70
-0.173722 10.318 70
-0.754925 -1.21255 70
-0.218723 10.5064 70
0.895951 11.1088 70
0.616528 -0.595785 70
-0.888787 -0.414379 70
-31.3182 -8.53074 70
-11.378 -11.3424 70
21.2657 0.942751 70
8.8466 -9.68094 70
0.310405 10.5465 70
0.44472 -0.898778 70
-10.7284 -9.24415 70
0.807229 -1.45796 70
11.1315 -0.974603 70
-41.4888 78.5218 70
-9.17764 9.93842 70
0.560502 -0.759305 70
21.3589 20.9087 70
1.25471 10.4114 70
10.0951 8.99784 70
-21.0861 30.3763 70
-18.9307 31.2509 70
-20.1211 0.78859 70
11.3843 1.17185 70
-0.103628 9.28746 70
9.86098 -1.2765 70
-10.862 -0.318582 70
0.27569 -9.88321 70
