-19.1389 9.07561 70
-0.111038 1.03724 70
20.4218 -0.709332 70
-0.432124 -1.26414 70
9.50097 9.48024 70
-10.4471 0.435541 70
-0.121695 9.32931 70
-1.02946 0.905007 70
1.23598 -0.653108 70
10.5431 1.30189 70
9.35138 -1.17884 70
10.2659 9.09059 70
9.04176 -10.2575 70
-9.42004 -9.60777 70
11.1108 0.489879 70
-20.4873 0.289812 70
-8.80612 20.3817 70
0.319244 0.938951 70
1.1053 0.941448 70
0.546315 9.04665 70
-9.45356 -0.587918 70
-0.168705 11.3455 70
0.53378 8.74704 70
8.83809 0.778086 70
0.793561 11.0646 70
1.02514 -0.482099 70
10.56 -9.49356 70
-11.1094 -0.403794 70
-1.33192 9.8946 70
-0.249139 -1.09085 70
8.7876 0.388338 70
-0.460404 10.4605 70
0.789018 0.288848 70
8.85788 -8.91736 70
21.1032 -19.5727 70
10.1296 0.671294 70
0.885164 9.11154 70
-8.86828 -38.5413 70
0.542012 -0.207236 70
19.9356 9.68961 70
28.7784 8.98847 70
8.869 0.843768 70
-1.09728 9.66033 70
-1.01885 -0.361383 70
0.279274 -10.5943 70
-0.823526 9.80531 70
-0.501556 10.3565 70
10.381 1.04276 70
9.97078 0.246612 70
1.127 9.07521 70
0.0920185 -0.107886 70
-1.35894 1.17909 70
-1.03029 1.047 70
-20.9308 -70.8841 70
8.7172 -9.02415 70
-0.466125 -9.34454 70
-1.35425 0.0769186 70
-1.03441 0.26649 70
-9.35898 -8.6201 70
10.5015 9.72465 70
9.4362 8.63238 70
8.52872 -0.00268542 70
8.98435 9.55739 70
-18.9984 29.7467 70
-29.3122 1.36734 70
-21.1114 -0.782025 70
9.72573 0.148337 70
18.8169 -19.801 70
0.862443 0.906785 70
20.2743 1.10762 70
-0.558428 11.3349 70
9.93422 40.5741 70
10.2584 0.862035 70
10.2576 10.5784 70
9.25602 18.7277 70
-1.2444 9.72993 70
8.69405 0.391673 70
19.4405 30.413 70
1.09337 10.0528 70
41.4856 -10.4341 70
9.70515 1.42516 70
20.1215 -1.12621 70
-10.9055 -21.3186 70
0.139052 11.0937 70
8.87854 1.45876 70
9.89839 -0.353737 70
-0.996996 9.56414 70
-10.9302 9.4397 70
-9.83284 -1.2585 70
1.24227 0.749595 70
-10.8672 9.18934 70
9.40415 9.09383 70
-0.824623 -0.669643 70
0.967815 -0.953443 70
0.840616 10.8309 70
-31.2836 -40.5762 70
11.0544 9.50419 70
-10.8997 -0.338341 70
-60.1362 29.4601 70
-0.921986 29.3197 70
70.16 -18.8373 70
-0.555034 10.2234 70
0.502597 9.11481 70
8.79497 -1.39491 70
0.067936 0.651746 70
-29.7124 70.2303 70
-80.8129 80.1959 70
28.6335 -1.12017 70
29.6809 0.386475 70
-0.838891 9.81346 70
0.99028 -0.834054 70
-10.1721 19.7606 70
-1.20125 10.1213 70
0.650629 9.27562 70
11.1442 9.72363 70
8.82617 11.3655 70
20.4343 10.2489 70
8.82511 0.919107 70
10.3738 0.150328 70
9.08322 -0.849933 70
49.4726 -10.0718 70
0.98588 11.3946 70
39.8297 -11.3921 70
8.60157 -0.329098 70
11.4081 28.5722 70
21.0087 -0.962684 70
0.35708 110.233 70
-8.62864 -0.659788 70
1.04632 0.0276299 70
40.4259 -9.41333 70
1.16492 9.1496 70
8.70281 -31.2904 70
-29.0019 19.8951 70
1.35346 -20.9261 70
21.2596 20.5288 70
0.22436 -19.8837 70
39.758 31.1178 70
0.153263 -0.721257 70
8.94086 0.385983 70
10.8078 1.46713 70
-20.4818 -0.011779 70
10.6117 1.17569 70
-0.910676 -0.082587 70
9.5239 1.44467 70
40.0211 80.6412 70
10.4884 10.6722 70
0.382096 88.5848 70
18.9662 9.31491 70
1.1522 0.387618 70
18.5444 10.3258 70
-18.6255 0.530176 70
20.0227 30.1707 70
-78.8298 21.4485 70
21.3513 -10.3357 70
-0.438436 -1.3134 70
-1.18928 18.6832 70
-10.4809 -9.94514 70
21.369 -1.18454 70
19.7427 -1.20343 70
-1.00828 -0.738617 70
11.0761 11.0905 70
-0.525954 10.7725 70
-1.44181 9.03223 70
-1.13075 1.28006 70
-1.01896 -1.38848 70
11.1072 1.05898 70
9.67134 -1.31312 70
-0.587784 9.31928 70
10.599 11.3972 70
20.8259 -0.781199 70
-41.0056 -9.86854 70
0.152437 10.0719 70
0.678402 0.0500159 70
-41.2972 -40.1922 70
99.4163 90.2342 70
99.8653 90.1511 70
-10.4586 -19.2552 70
9.1143 18.8197 70
0.0790881 10.5227 70
0.333974 0.379188 70
11.1881 8.79227 70
9.68802 9.8494 70
0.671131 11.2818 70
-20.9804 9.44642 70
-0.94041 10.6656 70
10.9933 18.8539 70
9.68529 -50.5874 70
10.1117 -0.977387 70
58.95 -21.0251 70
11.3052 20.659 70
-0.652428 0.184437 70
0.279746 -11.2553 70
-11.2378 11.3846 70
1.2032 -0.605838 70
-0.606116 11.1577 70
9.02114 0.296956 70
11.3313 -18.5024 70
0.214936 1.05842 70
0.295832 0.352297 70
-10.8584 -0.393616 70
-11.3217 0.287459 70
0.129726 10.9242 70
11.1614 8.83228 70
0.915266 -1.28422 70
19.0961 -11.2892 70
0.974347 -0.781461 70
10.5493 20.9619 70
9.44292 19.2743 70
-9.92975 -9.06815 70
0.0760531 -8.62362 70
-29.2132 30.1988 70
-8.75187 -20.2524 70
-1.44065 -0.929591 70
-1.41427 18.5915 70
10.0466 -1.46764 70
9.20456 -9.37852 70
-0.127787 -1.19171 70
-1.18062 -11.4896 70
-0.461197 19.1931 70
-0.564063 11.0178 70
-1.49823 9.78497 70
9.16632 10.5371 70
11.0427 38.5916 70
-19.9804 -10.8348 70
39.4158 20.6349 70
1.17208 9.76008 70
-9.49611 -30.7751 70
0.837736 -20.5205 70
-1.13347 11.3306 70
10.7757 8.59556 70
0.106108 -0.102276 70
10.7012 10.5647 70
9.41481 -20.6835 70
10.2669 10.965 70
10.0387 10.6374 70
9.0528 0.246984 70
-9.98816 11.036 70
-0.818209 -0.585158 70
-0.453895 -0.178515 70
-0.765935 -1.24714 70
11.1721 11.0772 70
59.4444 -0.863089 70
1.18305 8.89666 70
31.2029 -10.1666 70
0.767113 0.341707 70
1.01753 -0.718835 70
9.61998 -20.5309 70
-90.8765 -20.8232 70
0.490639 9.83952 70
1.30867 10.2585 70
-49.7666 -21.4654 70
9.39975 -49.2152 70
-11.1966 -0.459798 70
0.572962 9.42614 70
19.3931 9.08188 70
-0.385472 8.85603 70
-0.163551 9.85987 70
-18.7879 -19.0179 70
0.0574363 10.5894 70
1.2311 9.51855 70
10.4612 21.0423 70
9.6252 0.302277 70
-1.10412 -0.939759 70
-0.848645 1.34009 70
20.0502 19.3267 70
1.49056 10.6912 70
40.1986 11.3807 70
1.30234 8.7496 70
-0.154914 0.947509 70
30.7119 -8.98142 70
9.39013 20.4514 70
10.4516 21.4608 70
-0.135902 -1.37636 70
0.613528 -9.96788 70
-0.991493 -10.6889 70
-0.567449 1.20543 70
-19.3327 -9.8072 70
-9.84457 -1.2805 70
10.1139 18.9398 70
8.97541 18.8717 70
10.7069 21.1708 70
10.1505 10.758 70
0.661054 10.2159 70
8.81062 -10.9977 70
-21.1843 -60.2838 70
21.4217 -1.08475 70
21.073 0.60326 70
-8.5446 -19.9147 70
-21.1368 8.9719 70
-1.47415 11.29 70
8.75248 10.4235 70
0.230297 -0.681702 70
-0.521693 0.508666 70
-11.0678 1.42951 70
-19.9603 1.02659 70
0.913451 10.0819 70
10.0966 8.6195 70
21.0497 -0.143299 70
10.4665 -0.142223 70
9.17449 0.535044 70
-1.45785 -1.13294 70
19.2759 -9.1682 70
8.85717 0.548332 70
9.9679 0.279887 70
9.91248 1.45673 70
-0.915415 1.23828 70
-9.82742 -0.878904 70
-10.8856 8.88407 70
11.0584 -11.4999 70
10.1125 -0.693591 70
0.809125 10.2547 70
10.7468 0.835834 70
8.88899 -9.01766 70
0.568272 10.3034 70
10.474 20.9785 70
-19.3214 -9.88071 70
0.0766134 0.779938 70
21.4599 10.3357 70
-21.4492 31.2964 70
-19.2548 31.456 70
-0.513507 -0.960951 70
30.8628 -0.228946 70
-19.0655 1.41058 70
0.109991 -20.4512 70
-1.36971 0.927664 70
-0.00982265 -0.568208 70
-41.1124 -9.84286 70
-30.7404 -9.75663 70
-1.14437 19.2438 70
0.0350424 8.90344 70
0.867108 0.745714 70
-0.346186 9.99496 70
-11.1115 -39.8064 70
-1.24489 -10.2895 70
-1.16282 0.866379 70
-0.678953 10.8043 70
11.0245 9.99157 70
-30.5798 10.9195 70
59.4651 89.358 70
0.538365 9.85054 70
-1.38634 -1.03883 70
9.14961 29.4187 70
0.598722 0.169032 70
0.264356 29.4578 70
0.0113453 -8.97785 70
-19.1976 8.506 70
11.1374 -1.31729 70
-0.318818 -0.768064 70
-0.0482517 0.707448 70
9.04447 -9.22413 70
1.06879 0.215442 70
29.4481 -11.295 70
21.4585 -0.0177345 70
1.23433 0.659828 70
-8.9034 -1.39852 70
8.81573 0.13388 70
19.9632 40.92 70
1.13372 11.4303 70
-0.124919 9.7272 70
1.09497 1.33906 70
0.214986 -1.15953 70
8.98669 -8.84833 70
10.4349 -8.74914 70
11.0695 -9.79367 70
-10.923 -31.0149 70
8.80569 9.9972 70
8.86296 1.02342 70
0.425956 -0.644234 70
91.3438 80.0348 70
9.04437 8.87826 70
-0.0418139 31.0432 70
0.740812 29.9161 70
0.100151 1.34438 70
-20.9148 20.0426 70
1.20132 9.70337 70
-8.51881 0.932419 70
1.2036 20.8561 70
-0.947947 19.242 70
1.0407 9.55278 70
18.8091 -0.977011 70
20.092 0.726008 70
-8.59054 19.3818 70
0.533127 11.3599 70
-0.935767 -0.566023 70
-9.10822 10.8863 70
11.1165 1.31375 70
-0.704111 -0.374567 70
1.03612 0.759848 70
30.5334 49.9776 70
-0.771827 9.93611 70
-0.836686 10.4279 70
10.5325 8.68724 70
0.798057 10.087 70
0.208 -0.136472 70
29.61 31.0567 70
-21.3571 -109.947 70
-19.0806 -110.077 70
9.59552 0.130297 70
30.7046 -10.9113 70
9.08882 1.19538 70
-0.180725 9.80953 70
0.0680945 -29.5992 70
1.31226 -0.747845 70
0.683484 -18.7817 70
20.8838 -20.8854 70
-0.291298 9.12009 70
-8.65042 20.9416 70
-0.951094 -1.31233 70
10.0749 9.66859 70
99.4149 69.8078 70
8.78095 10.7477 70
-41.4819 -50.73 70
1.35554 10.2966 70
10.6289 8.94875 70
-19.5257 20.6468 70
0.701104 -0.0354391 70
19.3129 18.7298 70
-9.73772 0.607184 70
-9.6347 0.360251 70
0.505736 -0.32066 70
1.45075 -9.58544 70
9.48466 10.2941 70
10.69 -1.0249 70
10.8467 0.880659 70
9.88757 -1.21065 70
-10.1439 1.49824 70
0.91098 8.79436 70
0.528514 -0.827563 70
8.65558 0.0627949 70
19.8674 1.43991 70
10.9354 -11.1493 70
0.670558 0.775431 70
-31.2458 30.0428 70
0.933169 -10.2518 70
-1.07904 10.3002 70
0.0125427 9.10924 70
20.1368 -19.3018 70
-11.0577 9.34228 70
1.4942 0.204195 70
11.4008 9.35704 70
9.61375 0.0475785 70
-59.4162 29.1778 70
49.6079 -0.0462217 70
0.965811 0.418823 70
60.9822 -40.8711 70
59.0424 -40.9942 70
30.819 -0.356618 70
-0.206398 19.5319 70
100.828 -88.859 70
-1.3687 1.12052 70
8.91999 -20.9968 70
10.8209 11.004 70
-18.617 9.67462 70
-0.165923 -9.39164 70
0.969961 0.417302 70
-1.30876 10.4861 70
60.0038 41.244 70
0.680585 18.5945 70
69.0766 -90.2746 70
10.2677 -10.8452 70
0.0387893 10.0764 70
-9.92396 20.6423 70
20.794 -19.2935 70
-0.541393 -0.353577 70
0.0690767 -1.25852 70
-39.824 -51.4815 70
19.1309 -19.7995 70
18.5688 9.0816 70
10.3019 -9.85518 70
-9.28568 11.2741 70
-0.351539 30.8953 70
30.0034 -20.7177 70
-9.80699 -8.86335 70
10.9722 0.153766 70
9.90053 19.9069 70
9.67894 8.60814 70
-0.0232219 -1.42723 70
-11.3185 -11.3786 70
9.31327 0.66378 70
9.82456 -0.893163 70
40.9212 30.0339 70
19.5708 19.4441 70
10.0616 0.684112 70
-29.6376 9.84313 70
1.1392 -9.67497 70
-0.490775 9.80706 70
18.7506 -19.958 70
-10.6201 21.4345 70
-20.619 30.5462 70
0.377548 -1.40429 70
-1.12026 38.615 70
-0.0618578 10.6506 70
-0.355091 1.4135 70
10.5312 -0.890631 70
-0.0213204 0.651175 70
30.6179 -31.2595 70
10.3318 -11.1978 70
0.500369 0.828356 70
-1.14585 21.1422 70
-19.2351 19.5897 70
19.7259 38.798 70
1.08223 -21.3021 70
9.99257 1.4776 70
0.111131 9.20968 70
0.930911 9.63074 70
9.59396 9.31073 70
9.60452 10.3578 70
18.6165 38.6691 70
8.80348 9.43415 70
9.61748 10.5934 70
9.89169 10.6371 70
-0.88953 9.69247 70
11.2683 -9.94262 70
-8.65608 -9.69103 70
8.55399 9.62681 70
1.31191 -18.9806 70
-30.0876 -0.70092 70
1.37655 10.1366 70
-0.623081 1.12317 70
-29.5705 -29.1507 70
8.78256 -1.43083 70
0.526809 21.3761 70
-1.04574 -1.26295 70
0.482512 0.285553 70
9.2393 1.49086 70
8.50377 0.889701 70
-0.25315 9.43647 70
10.5728 0.193307 70
-9.97319 -9.6431 70
9.62001 20.9395 70
10.6771 -0.780269 70
18.5239 0.514991 70
9.29504 10.1126 70
10.1177 -1.26304 70
20.062 18.9291 70
-1.2337 10.1011 70
9.00734 -1.38499 70
-0.643489 -1.02774 70
1.16646 9.17191 70
-0.0672633 0.688172 70
-0.551097 8.86354 70
18.7848 -0.778429 70
21.2662 0.0154914 70
-39.8763 30.6363 70
-20.4766 10.7722 70
-10.735 9.55738 70
-0.353576 -1.38639 70
-0.532848 -0.803177 70
-29.0364 11.1001 70
-50.5265 79.3788 70
40.7673 -30.6291 70
9.51212 -0.344348 70
20.6731 21.4041 70
10.1822 -0.865878 70
-0.601527 0.759546 70
-50.0371 11.0583 70
8.85318 1.09925 70
0.73612 10.8697 70
0.320137 9.29808 70
11.376 -1.41985 70
10.6935 -19.8875 70
-9.22051 -1.11289 70
11.4002 9.15188 70
-21.1715 10.0832 70
10.9146 -10.0735 70
1.12528 -1.23751 70
-31.2405 19.2948 70
10.9936 -0.955116 70
11.0031 10.9203 70
8.65325 8.5527 70
9.79511 -10.5517 70
-30.2615 0.00108402 70
-8.77348 -0.230968 70
0.318862 -1.2205 70
-9.16484 10.5828 70
-50.3938 -39.563 70
1.48352 -0.323602 70
1.48881 -1.18533 70
-9.49192 -1.25857 70
-98.5716 -0.450498 70
21.2057 0.883245 70
-0.420938 -0.056879 70
-10.8252 -1.28381 70
9.58827 0.198984 70
-8.69106 8.85131 70
-9.08075 1.47621 70
-29.4134 1.40211 70
-0.866281 10.9999 70
8.86048 -11.3367 70
9.73211 10.0316 70
8.69194 -19.1652 70
-0.783243 -30.1768 70
0.737021 1.12072 70
0.564649 0.998498 70
0.886096 -1.26313 70
10.1646 0.938424 70
0.76404 8.92857 70
1.09243 10.9094 70
0.722309 0.751224 70
9.71943 9.74497 70
11.4009 -0.324193 70
-8.58067 -10.8416 70
10.0157 9.87626 70
9.98009 -1.13439 70
9.3321 21.2314 70
-20.1815 -20.7113 70
9.79018 -71.2387 70
-10.1233 19.522 70
-0.850935 8.94056 70
-0.211048 1.37566 70
-0.0617532 10.2122 70
20.603 -0.586264 70
-8.61946 -9.82448 70
-8.74076 20.0782 70
11.0081 -9.91337 70
-9.00552 -10.0584 70
10.1189 20.2175 70
49.9908 31.4801 70
9.53578 10.4936 70
-10.7666 8.54535 70
0.999208 0.514484 70
1.33301 10.1377 70
-0.168455 9.54951 70
21.0705 41.2444 70
0.905441 1.42471 70
10.2367 -0.972277 70
10.8091 8.83279 70
10.0319 8.73996 70
11.3029 1.07608 70
-10.5936 0.434967 70
-0.429787 9.89054 70
0.0848505 10.7428 70
1.0849 21.4354 70
-1.28132 9.29978 70
49.0731 -39.4732 70
10.9625 10.9782 70
-0.588969 -1.27945 70
-11.0713 -1.49884 70
0.99526 18.7535 70
8.8986 -1.3223 70
0.910638 10.3586 70
10.6222 -0.683413 70
8.66486 11.1308 70
9.08381 -11.1577 70
-1.26105 -0.445022 70
-20.3825 -1.37921 70
-0.788826 -1.1452 70
8.89931 8.97587 70
-10.847 19.9826 70
29.2505 9.63736 70
-1.4808 -1.25817 70
-11.0716 11.2632 70
20.5776 -8.91844 70
1.09913 9.48084 70
-10.8108 -1.31221 70
-9.69946 0.954573 70
21.4965 -0.250248 70
1.00669 0.287967 70
-1.19067 -1.40265 70
-0.511182 20.4646 70
-0.273482 10.6165 70
-1.20155 -0.637001 70
0.854512 10.5487 70
0.995582 10.2686 70
0.770155 9.02393 70
-10.9272 10.4676 70
1.16303 9.12637 70
9.81722 -10.5902 70
10.0739 11.0111 70
0.156559 21.2578 70
9.85041 9.08493 70
9.39903 -0.966826 70
-0.660857 -10.628 70
10.5798 -8.6231 70
0.62133 10.5511 70
0.412335 38.6705 70
-31.1463 -49.7675 70
0.155958 9.61149 70
-0.534108 0.467666 70
8.69149 8.69945 70
-8.58561 10.3256 70
-10.1486 9.05334 70
-29.2672 38.7393 70
-9.16784 -30.0733 70
-0.532077 69.1899 70
-10.7969 0.201974 70
10.1841 0.172621 70
29.5797 -20.5352 70
29.4142 -19.3526 70
10.5617 1.12799 70
0.0261258 -0.840543 70
10.5338 -0.120026 70
-0.926896 -10.7304 70
-1.37293 0.955909 70
0.496815 -1.08518 70
-0.300832 1.40143 70
20.7119 -1.28933 70
0.245893 -0.6628 70
10.0702 19.6333 70
9.94406 9.32469 70
9.98656 11.1616 70
-9.7456 10.5503 70
28.7076 30.4193 70
29.8772 -8.91499 70
1.49425 0.852185 70
0.843349 11.472 70
19.951 -11.2353 70
-0.258107 -1.19079 70
-10.3297 -9.8272 70
11.3479 1.32826 70
8.93987 -1.08215 70
10.4201 -0.559226 70
11.2126 8.88371 70
-1.25773 -0.570845 70
