8.85845 9.51844 70
-0.791394 -1.3474 70
1.47247 0.490391 70
-10.489 9.54768 70
-1.48409 -0.943644 70
-9.53494 -0.986275 70
-1.29924 1.3979 70
-1.0115 0.0772276 70
1.15679 9.02794 70
-11.0957 -0.953709 70
0.83516 8.92441 70
-9.81392 8.54641 70
0.444052 8.75463 70
-1.3481 11.1477 70
1.34134 0.329019 70
-9.29242 0.680371 70
-10.7059 -11.0116 70
-0.247318 10.3834 70
9.8254 1.32528 70
29.7948 -19.0376 70
1.26748 -0.870123 70
0.802802 -1.23087 70
19.3731 0.846522 70
-8.79543 -0.000802605 70
-0.416888 1.3508 70
9.69651 -28.868 70
-8.99611 0.155248 70
-10.9096 -0.537442 70
-0.574998 -0.0947236 70
-0.230335 11.1304 70
1.22026 -9.69466 70
0.731832 -0.726926 70
1.46726 1.49298 70
-9.90498 1.078 70
1.176 -1.3752 70
1.19755 -0.561472 70
-1.03284 -0.511442 70
0.69789 0.850405 70
-1.07134 19.4824 70
-1.31693 -1.15771 70
1.0384 -0.332406 70
11.2307 10.7519 70
-9.5183 -0.557571 70
-0.312563 -0.868383 70
-0.305758 0.687691 70
-0.929689 0.245379 70
0.346918 -1.44328 70
-0.914788 1.09941 70
-9.70522 -0.401483 70
-1.10413 -1.2958 70
1.20486 0.567653 70
0.747154 0.632185 70
-0.777252 -1.04583 70
-10.0548 -9.61265 70
9.33894 -48.7302 70
-0.184154 0.916269 70
1.35011 -21.3806 70
30.3133 -18.6783 70
0.717272 19.1563 70
-9.45002 -10.1841 70
30.9211 -29.7621 70
10.473 -9.67635 70
-0.685458 0.492367 70
9.49559 0.347694 70
-10.5328 -10.445 70
-9.71424 -0.201931 70
-10.7218 10.318 70
-10.8441 -0.425959 70
1.03062 -0.0288969 70
-61.0287 -11.3013 70
-9.34222 0.637074 70
-11.138 1.26385 70
-0.874245 0.172183 70
0.304778 -0.763321 70
-9.92669 1.29115 70
1.47066 1.08159 70
-11.3363 1.39764 70
-0.794706 0.371392 70
1.20508 -0.921384 70
9.21928 0.00754288 70
29.0591 -50.0128 70
9.97942 -9.85323 70
-19.0265 0.874562 70
-8.74117 -0.237533 70
-0.970276 11.4954 70
18.902 11.0065 70
19.2677 10.9165 70
-1.42493 -1.27178 70
-1.03574 -1.18261 70
-10.5335 -1.21599 70
-11.3069 -8.97851 70
10.047 0.254712 70
21.4941 1.08651 70
-19.6689 -20.9155 70
-9.58456 -0.751634 70
-0.56181 -0.0806601 70
-31.3241 -10.5699 70
1.33022 -1.1317 70
-1.09867 -10.2542 70
40.8421 90.6903 70
-0.426437 -11.3598 70
70.2311 40.9229 70
9.73907 -8.52757 70
9.78136 10.5948 70
-9.07892 -101.388 70
-9.52378 -98.589 70
-18.5473 -39.3033 70
19.8704 -11.2427 70
0.886063 20.2645 70
0.488796 0.309056 70
-0.48358 -0.772191 70
0.0723069 -31.2116 70
0.618956 1.06485 70
-10.6586 0.29281 70
-0.00982764 -0.365737 70
1.05482 0.498721 70
-9.0955 0.144897 70
-9.18298 -1.43569 70
-0.955903 0.215763 70
1.27485 -1.31719 70
31.1781 -10.8734 70
-9.90193 -11.0339 70
-0.733229 -1.25052 70
10.7525 1.11276 70
-0.261215 -0.225276 70
0.894103 1.18572 70
-0.720774 -0.649531 70
1.4004 -20.8868 70
-18.8778 19.2472 70
-21.3212 10.6153 70
-20.7095 -0.146074 70
0.231118 -0.0353634 70
1.38735 -9.27681 70
-9.98861 -0.493648 70
0.333797 1.00799 70
-10.2018 -1.26275 70
-21.1351 20.0675 70
-1.37448 9.53086 70
-1.41664 9.54143 70
-50.9999 20.1791 70
-11.1576 -30.9362 70
-0.691239 -31.0598 70
21.3424 29.5193 70
-11.4454 10.9051 70
49.9522 19.8413 70
-0.553878 1.14092 70
-0.986436 0.837751 70
20.7823 1.39967 70
-10.0286 -0.073133 70
11.3706 -10.7411 70
-1.05215 40.3172 70
-8.72961 -18.9515 70
-18.923 0.462604 70
-8.85141 -10.509 70
50.5593 -79.3502 70
8.88486 -0.29042 70
-9.62412 0.553834 70
-10.17 -1.36147 70
-11.1451 -0.132337 70
-10.5603 18.7203 70
0.140169 19.0129 70
9.31244 0.348007 70
1.17076 -0.0264096 70
0.187406 -0.892666 70
0.0275638 -10.1385 70
-10.3568 21.1008 70
0.0230398 -0.77493 70
-10.3996 0.492998 70
0.153126 9.66243 70
19.2844 -60.4298 70
-9.83781 0.403047 70
10.6604 0.59443 70
0.698021 -19.271 70
-9.44361 18.6763 70
-1.10522 -10.6759 70
10.6086 -11.4086 70
-10.2182 -0.175103 70
1.30917 -0.607465 70
-11.4211 -10.903 70
-10.6801 -1.23404 70
-9.86694 -0.293746 70
0.990234 -20.2503 70
-0.282143 -19.3792 70
-0.61898 -0.488585 70
-0.458588 -0.259137 70
-1.19282 -1.37859 70
-8.50909 -0.23949 70
-1.24245 0.888405 70
-0.317424 8.93382 70
1.48665 11.4083 70
11.067 -0.997274 70
9.23972 11.0351 70
10.6338 10.3459 70
-19.803 19.0771 70
-10.776 -0.169936 70
-9.39947 9.32687 70
-40.1188 1.22796 70
-31.0439 18.7177 70
-1.21405 -0.326328 70
-11.2346 -28.8327 70
-0.0283394 1.45604 70
-19.2023 -9.42582 70
1.36567 1.18227 70
20.2994 19.5603 70
-0.350432 -10.3435 70
-1.36456 1.12304 70
-108.973 39.9546 70
-10.6504 -9.11813 70
-9.91578 1.43952 70
-10.534 1.40127 70
-8.93343 -0.184175 70
-0.660986 1.37005 70
-0.914228 1.17725 70
-9.09559 -9.66948 70
-0.775106 -10.832 70
-59.3682 28.8536 70
-10.5153 -8.88448 70
-0.449033 -0.954204 70
-10.7065 1.15661 70
-10.2697 -10.328 70
10.8652 20.4214 70
8.7488 -19.1813 70
-11.4645 21.2323 70
-1.12279 -30.715 70
0.123971 -10.6989 70
-9.22306 -0.431915 70
10.566 -9.71499 70
-0.0975488 -0.869856 70
1.33191 -9.15926 70
-20.3084 -0.392784 70
-11.2658 -9.11797 70
0.0150869 0.232022 70
-10.0597 -0.90594 70
18.5729 10.9081 70
-0.737147 -20.452 70
0.226133 -9.96469 70
0.840068 1.23363 70
-19.9014 29.6592 70
0.913087 0.295075 70
-10.472 30.4024 70
-0.371028 -0.532985 70
-11.2785 -11.3464 70
-10.5481 1.16527 70
-9.88659 -1.05495 70
-10.3204 1.35758 70
-1.27822 0.328316 70
10.6688 -1.48236 70
-20.6155 40.6228 70
-20.3734 1.40112 70
1.22235 -20.3373 70
-8.93206 11.4158 70
-1.38895 8.6594 70
11.1396 1.08028 70
-0.652172 -1.42785 70
-8.75589 0.792616 70
10.0673 18.9923 70
-1.39033 18.6257 70
9.91457 -1.38509 70
28.5773 -1.12804 70
-10.0689 -9.21351 70
-29.8193 11.0203 70
-10.144 0.0843006 70
-0.0395874 -1.17861 70
0.817175 -1.34713 70
-1.30926 -0.954718 70
-9.97994 -0.524893 70
0.608371 -0.390512 70
-10.7786 1.3227 70
-8.57742 1.4038 70
-11.3833 -0.490526 70
-0.105609 0.469044 70
-1.15504 1.09872 70
-31.0321 -8.55614 70
-19.1025 -30.8026 70
0.628973 -11.0959 70
0.00551301 11.2403 70
-19.6357 -10.788 70
-0.665968 18.9405 70
-0.253824 -9.55244 70
10.3482 -0.630278 70
1.17276 9.95562 70
-0.722471 9.83751 70
30.5537 -21.2008 70
-0.571246 8.56256 70
-1.1344 -0.323257 70
-1.39275 19.0668 70
21.4409 1.02767 70
1.45614 -0.158246 70
8.76312 1.47711 70
-1.19394 -0.305277 70
-29.3682 -0.120304 70
0.182601 -0.869289 70
-9.78288 8.52122 70
-9.1693 -9.67866 70
-28.6171 -0.245448 70
-9.07441 -9.41292 70
10.0053 -9.92304 70
0.467055 -1.1608 70
-0.603388 -10.9587 70
-1.26744 -1.26612 70
1.48342 0.737273 70
0.498804 1.1125 70
0.387951 -19.7363 70
-0.305986 -0.866006 70
-0.00645973 10.9617 70
-9.719 -10.0002 70
1.12425 0.636317 70
-9.10211 8.76958 70
-10.3436 -8.62284 70
-8.80833 0.26182 70
-1.28852 1.38115 70
0.945327 -8.9367 70
-11.4709 10.0234 70
9.10266 28.6136 70
0.453156 -21.2636 70
-9.5886 0.846132 70
-21.3717 -10.7953 70
-1.04877 -0.480496 70
1.37156 -0.730716 70
0.930655 0.410208 70
19.4297 10.7399 70
0.00292769 -9.61043 70
0.0523304 9.89806 70
21.2885 1.3762 70
-19.7864 1.03386 70
-10.492 -0.26811 70
-10.8087 1.25412 70
-0.719645 -9.50947 70
10.0094 -21.1813 70
-0.0581242 -9.16799 70
-21.0305 -39.5457 70
-8.53136 -31.3497 70
-9.77543 -1.41916 70
20.6127 -19.2496 70
0.269293 -0.853752 70
9.76708 -0.60953 70
-8.66405 0.876397 70
-10.1082 -8.77731 70
-11.0689 -11.2527 70
-9.52949 8.8797 70
0.48386 0.923422 70
0.23894 -9.6836 70
-9.96179 10.7324 70
-1.41092 1.24657 70
10.7898 0.347581 70
-1.00005 0.361589 70
1.17822 18.8441 70
-21.1365 40.3835 70
-20.4453 39.6728 70
-10.6113 1.44799 70
-0.868385 0.842507 70
1.44037 -1.23743 70
-1.22082 8.90789 70
-0.954804 10.7656 70
0.835882 -0.455793 70
-1.11491 21.2495 70
-0.350588 0.816867 70
0.370806 0.314743 70
-11.3348 0.450923 70
-30.3992 -8.511 70
0.486225 9.21954 70
9.84819 -29.0519 70
-0.300196 0.681702 70
10.258 10.5118 70
-40.7828 9.36731 70
8.93996 11.0952 70
18.6114 -29.9417 70
-8.69081 -9.62517 70
0.844069 -0.489573 70
0.0246336 -8.7954 70
-0.199185 0.0886997 70
-8.64054 9.23607 70
0.609569 -0.496992 70
-9.36673 -10.4533 70
1.3577 -0.249792 70
-10.7698 -8.89499 70
-9.28514 -8.70209 70
-8.73119 -10.083 70
-31.1295 -10.8377 70
-8.82699 -11.4794 70
-1.06073 -0.01845 70
0.846012 -1.24417 70
-9.54493 -28.6523 70
-0.390663 0.555591 70
0.302452 1.44759 70
0.576284 1.10767 70
-29.5846 0.239384 70
-59.7624 -29.1161 70
-10.5582 -9.43718 70
-10.3269 -9.15148 70
-40.5884 79.3588 70
-9.5814 -29.4189 70
-9.66522 -29.4481 70
-0.491365 -0.483701 70
99.6673 18.9792 70
-31.2681 10.0133 70
11.105 -1.16568 70
19.181 30.1064 70
-8.84814 0.23991 70
38.7982 -81.3275 70
39.5521 -79.5423 70
-0.929035 -0.669551 70
0.0363259 0.496962 70
-30.5534 109.31 70
0.107617 -8.58537 70
-10.9512 21.1045 70
1.40303 10.5787 70
-0.501714 19.555 70
71.1609 -68.7045 70
50.601 -40.6157 70
-9.59568 -9.3032 70
-1.22005 -1.26021 70
-20.0979 19.6876 70
-11.2627 1.10232 70
0.760176 -1.18291 70
-1.09185 20.9008 70
-19.7842 -9.83324 70
-0.357416 -30.2437 70
-29.6669 -19.6862 70
-0.922964 -0.361812 70
-11.0913 11.4546 70
-8.57297 -1.38872 70
1.41707 -9.38256 70
-0.402945 -0.582149 70
-10.6756 0.430957 70
10.3243 -48.6825 70
10.8494 -20.2998 70
-0.416004 30.5512 70
-1.20659 0.133335 70
-0.79739 -0.396119 70
-1.48809 21.4805 70
0.0667888 0.812493 70
-31.2061 -10.1516 70
-1.39956 0.698821 70
-1.27596 1.43285 70
-9.03922 1.28631 70
-8.72372 -1.38731 70
-9.56628 1.34389 70
-0.142476 -0.645369 70
9.67637 0.859814 70
-0.181889 0.648469 70
-10.2444 0.647622 70
18.9101 -8.89567 70
-9.49723 -8.99877 70
-10.0381 0.387355 70
-10.164 1.46578 70
-8.87637 -9.393 70
-9.91304 1.48141 70
0.921735 -10.1446 70
20.4479 29.3904 70
-20.8917 18.6148 70
-11.4447 1.29262 70
-8.65069 -0.523818 70
-1.29902 -1.25992 70
-8.57421 8.69087 70
18.8171 -9.03046 70
28.8838 21.4433 70
-1.33181 0.627879 70
18.6894 -0.558537 70
-10.1156 -20.3938 70
1.30393 0.931942 70
-8.82964 0.132585 70
-10.7291 50.4347 70
1.16653 9.50913 70
-10.5323 -0.527944 70
0.269273 -0.765509 70
-11.4403 0.893482 70
-19.6727 -30.4163 70
-0.274388 1.03803 70
-9.49103 -1.34956 70
1.10789 0.582025 70
-20.7646 -0.788156 70
-1.15346 1.4441 70
11.4758 -1.07412 70
1.4049 18.7451 70
0.408769 -11.2613 70
-9.33751 -0.889672 70
10.5314 -40.4863 70
1.12034 -0.527161 70
-29.7283 38.7507 70
-10.4181 0.910331 70
-69.4885 9.50014 70
-10.2633 -0.220094 70
-11.1669 -0.273997 70
-1.26404 10.9108 70
-10.1457 9.75719 70
-1.43233 -1.14081 70
-11.4797 0.552555 70
0.0914621 1.14667 70
-10.4667 -19.1837 70
-0.46148 -1.18945 70
-0.431056 -1.36647 70
-1.47002 -0.616636 70
-0.0299254 0.67757 70
-9.37483 -0.268411 70
0.622572 -9.1141 70
-1.12614 -1.00347 70
-10.5934 20.4956 70
0.815674 1.28657 70
0.418366 0.721948 70
1.14924 -1.44169 70
-0.849064 -1.48745 70
-9.85743 8.91841 70
0.629106 69.5402 70
1.36434 0.486686 70
-11.0139 -9.92508 70
-10.2579 -8.50755 70
29.478 11.2288 70
-9.63642 -0.0308734 70
-8.66323 -0.326285 70
1.29318 0.63123 70
1.21423 61.2194 70
-10.5638 -0.836279 70
-1.23542 -10.3301 70
-0.0550202 0.833446 70
-9.45005 10.182 70
9.58494 0.548185 70
-0.784823 -0.175466 70
-1.35371 10.1219 70
-11.2286 9.21442 70
-0.995437 0.665243 70
-20.325 -0.817684 70
20.6893 39.9612 70
-10.1807 -0.332057 70
9.0806 1.23526 70
0.517035 0.0789723 70
9.97473 -9.11503 70
-8.61537 0.753178 70
-9.23887 -1.40698 70
-1.29522 -1.37605 70
10.5287 11.1817 70
0.737765 -0.830299 70
-9.37816 -0.533631 70
0.327162 -0.443596 70
0.657566 -9.67406 70
-1.47443 -0.864786 70
-10.7166 11.3479 70
0.962088 1.3403 70
-20.8272 19.1666 70
-19.763 31.0917 70
-8.6077 -1.14614 70
0.0793188 0.648688 70
1.00218 0.336959 70
-18.8534 -21.1241 70
28.8989 -28.8886 70
-10.0374 -0.283006 70
71.4691 -59.0795 70
10.9547 -9.59687 70
9.29213 -11.0349 70
-18.7485 -9.43733 70
-0.90339 -61.1324 70
-9.92432 0.315233 70
-1.48452 -19.4838 70
-29.6835 19.9767 70
10.2658 -19.6398 70
-0.288162 0.655619 70
1.08401 9.51731 70
-9.83843 -0.0225345 70
60.0502 98.8728 70
-0.924064 -0.199769 70
1.14283 -10.7772 70
-20.098 59.9729 70
-10.1009 -1.32901 70
-10.6966 18.6932 70
0.915944 -0.965662 70
0.794541 -8.75585 70
-19.8929 9.91237 70
8.72453 -10.3134 70
-8.83085 0.245208 70
9.81192 19.3134 70
0.427181 -8.84882 70
-0.410154 1.29428 70
-19.3994 19.1625 70
-9.31421 0.644199 70
9.9862 -1.01831 70
0.618499 -88.7713 70
-29.1393 -9.39245 70
0.0483379 0.660387 70
-19.6689 0.85471 70
8.57025 9.4318 70
-31.2475 11.395 70
1.30311 -0.933748 70
-10.3562 -0.879814 70
1.1832 10.7241 70
-8.79521 0.719408 70
0.847864 -11.0392 70
-9.13258 -1.19317 70
-19.3226 -9.39124 70
-19.9816 -10.4109 70
-0.399901 1.29878 70
19.7117 -10.9747 70
0.715051 1.27805 70
-8.76557 -19.3913 70
-39.4844 -50.8881 70
-0.805636 -0.963636 70
-9.56368 0.388472 70
-0.322695 20.0516 70
8.88485 -30.3248 70
-0.619594 1.44095 70
0.207043 10.2962 70
-0.763848 0.477462 70
-0.344924 -1.4162 70
0.0325848 -0.615344 70
-0.67666 -10.504 70
19.982 8.82501 70
-9.86823 9.69482 70
-9.98227 -1.08298 70
1.32521 1.46056 70
0.24108 0.563475 70
0.0705517 -10.5991 70
0.335816 -1.09057 70
-0.490463 38.7717 70
10.1832 -9.75113 70
0.379418 -0.711565 70
1.30588 -1.02571 70
-0.8078 0.121132 70
10.5888 -20.3712 70
-9.85127 20.5992 70
-11.1176 19.3962 70
-9.48762 80.0334 70
11.1985 -0.73175 70
-8.98473 -0.147872 70
-20.1705 0.154437 70
10.1194 0.966827 70
-1.05961 1.3715 70
-0.83878 41.2032 70
28.6557 -1.33787 70
0.729169 10.8442 70
-9.48393 10.9308 70
0.504321 19.6662 70
0.847234 -1.06457 70
0.308685 10.2554 70
0.676823 -39.2599 70
-10.9311 -11.214 70
8.59161 -29.3129 70
59.6736 -19.2411 70
0.138066 -10.6334 70
-1.48871 -0.735674 70
0.71219 1.2569 70
-0.296661 -0.433535 70
0.632409 -8.77455 70
-19.9287 -61.2954 70
-0.176561 0.575158 70
-0.771289 1.48848 70
-20.6043 10.1372 70
-11.1686 -1.28594 70
1.41239 -29.3388 70
-11.0188 10.2997 70
0.276398 0.262553 70
49.6884 -0.625909 70
-0.910051 -51.0825 70
0.835136 -0.00528192 70
-0.450219 -0.834985 70
9.237 10.5606 70
-10.3859 -10.0794 70
-0.272045 9.84157 70
-0.952974 0.605349 70
-0.0824462 -0.239335 70
-11.1625 1.16264 70
31.0765 -8.8582 70
-18.6814 9.56585 70
-19.1135 -0.649893 70
-20.0273 -0.603499 70
31.4637 -9.51198 70
-9.61071 21.0629 70
20.4081 0.995625 70
1.05819 1.46537 70
9.15356 20.0353 70
-0.965011 19.3478 70
0.705629 -1.07518 70
-21.1459 9.42694 70
-0.769658 -0.851173 70
11.3073 31.0768 70
-11.2889 -19.7995 70
-11.1753 -0.733504 70
-9.53729 10.0804 70
-19.7738 8.89786 70
10.3921 -20.7183 70
-1.14832 -0.256916 70
-18.7093 29.7874 70
-30.5718 -59.9876 70
-30.4802 1.03939 70
1.1309 -19.7472 70
18.8868 10.3427 70
-10.7091 -70.4237 70
-10.8217 -10.3689 70
-30.5582 -19.8864 70
1.28959 28.8697 70
-10.9769 0.460708 70
10.3564 -10.4783 70
-10.3388 1.06314 70
-11.4793 -0.365907 70
-11.143 -1.00053 70
-0.961174 8.92361 70
39.729 -9.45815 70
-10.1981 -10.214 70
-0.219218 -10.2843 70
10.8996 -19.7292 70
0.564841 -1.12306 70
-11.4244 -1.26837 70
0.212917 -0.646928 70
30.6921 -9.49489 70
0.168836 -1.07706 70
-0.831218 -0.661953 70
-10.9139 11.1999 70
10.5906 -1.37158 70
1.07924 -0.229882 70
0.542754 0.778562 70
21.0909 -9.6255 70
-0.698776 -0.824271 70
8.63916 0.84592 70
-0.750731 -0.73591 70
-30.4847 11.1004 70
-0.178779 -20.2835 70
31.4957 19.9295 70
0.711799 -10.7655 70
-9.81646 -1.43045 70
-0.507896 -11.1599 70
-11.0018 9.70025 70
-1.17797 1.20097 70
0.704101 10.6406 70
-0.188916 -0.695629 70
10.8548 -20.4508 70
-1.40529 0.546015 70
-9.06534 -0.326324 70
10.5851 -10.0031 70
0.0351236 -1.42368 70
-10.3175 -0.974662 70
0.478499 -8.5543 70
-8.96898 0.0793025 70
-8.78007 -0.29266 70
0.11363 1.45803 70
18.7159 20.3704 70
