-10.9008 -19.1525 70
-8.66503 -1.18515 70
-9.63623 0.404807 70
-0.24574 -1.4288 70
-9.79159 0.638187 70
-10.3797 0.00821649 70
-40.3602 -9.86814 70
-0.0761423 -0.406327 70
-11.2792 0.273893 70
-8.56056 -9.10615 70
-11.1563 21.3484 70
-10.9904 19.6352 70
-10.4544 8.60491 70
-10.6444 9.46376 70
0.598886 -11.2203 70
-11.3342 -18.8691 70
18.8512 -21.2895 70
-11.1867 0.370833 70
-11.0324 -0.416028 70
-11.3382 -8.89098 70
-0.618682 -1.32249 70
9.00274 -20.2545 70
-9.4135 -0.367946 70
8.61473 -9.26884 70
-9.8501 18.8272 70
-0.848077 -10.9893 70
-11.4673 -0.639082 70
-9.61937 -1.11138 70
-9.70172 0.744649 70
-41.3312 -8.73075 70
-9.74956 -40.9922 70
0.621093 0.410791 70
-0.916703 1.06954 70
20.8981 -31.4201 70
-19.2899 10.9645 70
0.522268 -10.0913 70
-8.64615 -10.1333 70
-0.787242 -61.0104 70
0.746503 0.980015 70
20.6512 1.28666 70
-10.1434 10.8646 70
-0.124208 -0.965364 70
-29.0717 39.6345 70
-9.21866 0.866779 70
-9.6961 -1.28174 70
1.26916 1.40018 70
10.9344 -1.402 70
0.334111 -9.21776 70
99.3786 -31.272 70
40.8741 21.2222 70
-9.01826 1.10965 70
-9.91039 -10.1846 70
0.157172 0.483252 70
-1.0964 10.6906 70
10.7687 31.3 70
-0.0490103 0.345456 70
-10.6438 1.18473 70
-0.266372 -31.4265 70
20.7265 -21.4553 70
20.9593 -10.0853 70
-1.28029 -19.7202 70
-59.2069 -0.690167 70
10.3413 11.3663 70
-20.1743 100.313 70
-9.65229 -10.7798 70
-10.1034 9.48474 70
9.7515 -8.74665 70
0.611929 0.356574 70
-11.0734 -9.84182 70
-8.81067 10.1031 70
-0.803426 -0.304102 70
1.05046 -0.15986 70
0.621499 1.23391 70
-1.12821 -9.46727 70
-10.1517 -19.0607 70
-1.07801 0.359397 70
-38.5532 -10.8437 70
-10.2011 -9.0283 70
-9.14932 1.4393 70
-9.18046 -0.127005 70
49.8001 10.0142 70
11.3591 9.54337 70
-9.8085 29.2321 70
-10.7632 -0.225002 70
-1.26373 -0.264905 70
0.56701 1.24693 70
-19.7221 -20.2067 70
-10.9044 1.45729 70
-10.535 1.22857 70
9.40639 -1.22075 70
-11.2353 108.575 70
-40.2504 10.7245 70
39.0018 -39.9324 70
40.9 -40.9153 70
-30.9586 -8.55158 70
-10.7817 -30.2437 70
0.173457 -0.583979 70
1.29604 -58.7376 70
-20.6207 0.681038 70
-9.98965 9.67552 70
-0.45169 -0.629504 70
-9.65704 8.71784 70
1.35911 -0.296987 70
-9.17705 -21.0886 70
-1.21093 -10.4539 70
-18.893 -11.4204 70
0.615615 0.430672 70
-10.0168 48.7067 70
-10.7375 49.9129 70
-9.34899 9.29316 70
9.33553 -19.0253 70
-9.38261 9.22734 70
-48.9393 -10.3542 70
0.465786 0.100847 70
-0.960909 -0.438255 70
0.922187 0.967878 70
0.753412 -0.92165 70
-29.6076 10.4684 70
39.2378 -10.4378 70
-9.00678 0.414594 70
18.576 -0.0298956 70
-0.986315 -0.216399 70
-0.841188 -1.37822 70
-0.163065 -0.598346 70
-0.0555747 10.0992 70
-0.106792 1.32826 70
11.2208 -1.42701 70
28.61 30.2267 70
-9.5062 -10.1517 70
-1.00672 0.602351 70
-0.732481 -1.04611 70
-1.32902 9.71494 70
-0.641903 -0.916388 70
-18.8213 -9.48997 70
0.528851 1.09824 70
-11.0828 -11.2084 70
-10.5021 -11.4518 70
0.534184 1.04189 70
-1.44089 9.32333 70
8.78449 10.8746 70
-18.5408 -18.626 70
-18.6131 -18.5525 70
-19.5852 -11.0108 70
-8.63599 10.7502 70
-8.67245 9.33356 70
-10.8323 1.30534 70
-1.24064 -9.38125 70
-10.3866 38.556 70
-8.76303 0.547708 70
-19.0286 0.580769 70
0.0944287 9.69748 70
1.09787 -11.1207 70
-0.539483 18.7009 70
29.616 -0.263855 70
-39.1392 -10.3496 70
-9.80596 -0.471796 70
40.7756 -11.3514 70
-19.5998 30.0176 70
1.03333 0.200753 70
0.918312 -19.6924 70
20.2568 9.26989 70
21.3371 10.916 70
-11.1041 -0.237305 70
-9.88613 0.74937 70
-8.66749 31.3882 70
-8.56549 -0.18692 70
-11.3482 1.292 70
-0.193754 9.76952 70
21.3039 -0.858285 70
0.505198 -10.7463 70
0.717436 -0.463201 70
41.2317 20.395 70
-10.7906 -39.202 70
-10.5653 9.58788 70
-9.1682 9.7667 70
-10.9057 0.290309 70
-19.4882 9.42166 70
-0.44005 -30.6766 70
1.27358 -0.111778 70
1.46856 -29.9432 70
-39.7526 70.1995 70
20.9608 -0.997361 70
-10.2574 21.1814 70
-8.90332 0.570239 70
-0.68146 -0.863632 70
-10.8562 10.3749 70
0.42209 0.0270407 70
-8.78125 -9.22174 70
0.82115 1.00789 70
-9.67404 -0.92054 70
0.356516 -9.50157 70
19.0172 19.3239 70
-9.98026 -1.40519 70
-0.62169 -0.452992 70
10.4588 0.707188 70
-0.462879 10.8188 70
1.38719 -0.214767 70
29.8365 -9.62678 70
29.2576 -18.9017 70
-20.7569 0.0836408 70
-18.8619 -0.656646 70
-19.4887 -0.173665 70
-9.99539 -0.334373 70
0.66264 19.9792 70
-0.369768 -0.283116 70
-11.3512 -0.417312 70
-11.2717 11.3936 70
-9.01079 0.100516 70
0.728712 9.7207 70
0.212338 19.8496 70
-10.8225 -0.673771 70
0.0146412 -9.21671 70
-11.3967 -0.44458 70
11.1173 -9.58704 70
-0.845436 19.1808 70
-0.63559 1.22425 70
-11.1666 1.15538 70
-9.18089 30.5676 70
-0.848255 1.47851 70
-0.414743 -1.18776 70
-1.25124 -0.84812 70
1.38384 0.748923 70
-19.0743 11.2903 70
-19.641 -1.04488 70
-109.574 -21.2067 70
-8.84516 -10.9774 70
10.192 11.2095 70
-39.3306 -19.4322 70
-10.3737 0.640674 70
-10.048 0.738434 70
-10.5308 -10.7647 70
-28.8807 20.1875 70
-10.57 0.418177 70
10.781 -1.22682 70
0.365666 1.01254 70
-9.87419 -0.138451 70
-8.86274 -11.4084 70
1.35292 9.03696 70
0.859791 0.47729 70
-19.3214 9.33025 70
-28.7162 9.83004 70
-0.143383 0.00290435 70
-21.2136 -10.4822 70
-1.25426 -0.903314 70
-18.9112 -8.94412 70
10.6751 11.0898 70
-0.403801 0.913455 70
-10.9596 10.2616 70
-10.232 -1.39641 70
-0.905498 -1.09678 70
-19.9312 -19.0145 70
-0.0425486 0.498686 70
1.40046 -9.71451 70
-10.1372 10.7132 70
0.935076 -0.17572 70
1.22425 -0.112613 70
-0.140284 -0.884312 70
-0.465324 1.32588 70
-20.5633 10.836 70
-0.27117 9.24005 70
0.14088 10.5886 70
1.09279 9.56134 70
-20.1026 -0.604538 70
-1.42926 -0.877991 70
0.616429 -11.3371 70
-8.89291 -10.9505 70
-9.46438 20.0271 70
-1.3258 0.4258 70
-8.64662 -11.0955 70
-11.201 10.8717 70
10.7259 -19.7345 70
10.8888 -18.6692 70
1.10072 9.34849 70
-20.5441 8.57144 70
39.5758 -90.6374 70
-11.2676 -0.911171 70
-8.72612 0.66642 70
-0.213152 8.59045 70
-10.8961 11.2504 70
10.2351 -69.4568 70
-9.17628 -0.327213 70
39.495 -10.7886 70
50.454 -10.5711 70
-8.70938 -0.647124 70
-0.626979 -0.805164 70
-30.6357 -31.1455 70
9.50564 9.07997 70
-1.49137 9.44938 70
39.1931 20.3672 70
-11.0751 -0.497746 70
-30.7341 -9.64182 70
19.6481 20.6562 70
-8.79595 0.51676 70
8.82374 11.1054 70
-59.8645 19.7797 70
-9.17023 -1.03135 70
-49.4277 -21.2853 70
10.0473 8.97837 70
-10.8109 -1.04423 70
-29.6079 1.05245 70
-9.37644 0.593669 70
-0.33608 -0.717952 70
-11.041 -10.2658 70
-0.461209 9.78739 70
-10.8404 -0.00498282 70
1.37567 0.144565 70
-0.876094 8.75383 70
0.933575 1.37901 70
-9.89279 9.90066 70
-9.4656 -11.3314 70
-10.4998 10.8711 70
-10.6922 -0.874044 70
-20.4931 10.5844 70
-0.872838 -9.44008 70
-9.3543 -0.521096 70
-1.41879 -0.149731 70
11.4368 -0.497224 70
-90.0519 29.4399 70
-9.01309 0.927841 70
28.5598 -11.3194 70
-10.2067 -0.694734 70
-10.9328 0.266288 70
0.0768886 0.0338669 70
-40.6277 11.1139 70
-0.680475 -31.2717 70
9.53997 19.1598 70
19.6242 11.1882 70
-10.3269 -0.164084 70
0.953469 -21.2398 70
-9.19775 1.15406 70
-10.3741 1.33759 70
10.5432 9.7692 70
-8.88037 20.1113 70
-59.0472 -39.0033 70
0.633361 20.6932 70
0.525369 -9.69371 70
-0.432333 -11.3841 70
-10.7291 9.77259 70
-0.676995 18.766 70
0.328246 -1.24276 70
-21.3365 -0.645058 70
-9.09229 0.719349 70
-0.365586 0.683462 70
0.624157 -0.917601 70
-10.742 1.06509 70
0.258927 8.63812 70
-9.76918 0.875468 70
-11.3219 8.77271 70
-11.1147 8.77447 70
0.348414 -1.33006 70
-9.49305 0.324571 70
29.1615 -20.1529 70
-9.57942 0.655955 70
10.6839 39.0397 70
10.6144 39.6689 70
-19.3015 -51.2609 70
-0.407839 -0.478745 70
0.575189 -10.0118 70
-8.54619 11.1448 70
-0.439613 -1.46743 70
0.446637 1.35007 70
-11.0706 -0.217711 70
-10.0155 1.43603 70
-10.4427 -8.90042 70
-10.3669 -10.3952 70
1.1455 19.8416 70
-10.5551 -1.29906 70
-0.496725 -11.1384 70
-10.4717 0.224693 70
-9.88548 -1.28627 70
20.9647 -11.2466 70
-31.1148 -19.1143 70
-18.9863 -0.884987 70
-9.62547 -10.1441 70
-11.4177 -10.6539 70
-10.9894 -10.612 70
9.52279 21.259 70
-20.5607 40.3763 70
-1.13307 -1.44996 70
10.1314 -30.6526 70
1.39054 0.542184 70
20.7947 0.519993 70
-9.80016 0.687023 70
-9.10703 -0.726065 70
-18.7841 18.6196 70
10.8177 -10.3166 70
-0.722686 -8.50692 70
-0.122238 -0.785484 70
1.38213 1.38066 70
-8.5839 8.67089 70
49.8512 -0.984916 70
-10.6228 0.452376 70
-0.254046 0.756272 70
-0.920659 -1.46839 70
-0.953976 -21.1995 70
-49.2834 8.75614 70
0.757693 20.9254 70
0.914513 19.8434 70
-10.7815 30.1563 70
0.551245 1.08113 70
-49.8943 9.37726 70
-20.0264 48.6778 70
-20.3807 49.6821 70
21.1821 -9.44296 70
-10.2504 -0.416357 70
-0.579972 -11.3093 70
-29.474 -1.38494 70
-9.57443 10.1375 70
-0.554603 9.83032 70
-0.302844 -21.208 70
-10.6314 -0.0111915 70
-11.0451 -18.9658 70
0.386329 -30.8519 70
1.05362 9.84157 70
0.314501 38.6684 70
-8.99326 -21.2792 70
-0.395281 1.07603 70
0.639948 -20.2835 70
1.08859 0.100186 70
-38.8296 0.434145 70
-8.63374 40.8746 70
9.99645 48.7593 70
-9.80386 -1.41968 70
80.9481 -20.2703 70
10.4336 20.49 70
-10.6573 -1.26621 70
-0.331958 -9.90842 70
-1.04536 -10.665 70
0.300461 -9.34677 70
40.9294 39.504 70
-11.3777 0.853827 70
-1.33291 1.44853 70
9.52885 0.0346889 70
-9.96709 1.22641 70
20.6471 -21.1665 70
-9.67186 9.34058 70
-0.382124 0.857474 70
-8.54351 -28.7995 70
-39.1608 -30.497 70
-79.4472 19.2181 70
-20.3439 -41.0067 70
-10.5847 8.92293 70
0.1008 -10.7873 70
0.105807 -0.941485 70
-30.491 29.8556 70
20.7206 -9.05256 70
-10.5217 -1.33085 70
-9.91974 10.7468 70
-0.909844 -10.9771 70
-19.0075 -9.28702 70
-9.77488 -0.462816 70
-1.0075 1.22107 70
-9.93385 1.04173 70
-0.849459 0.986222 70
-0.156799 -0.728171 70
-9.90965 -9.27873 70
-11.3597 -8.71864 70
0.612809 -10.4406 70
-9.01703 1.43574 70
-9.29256 -1.10008 70
-1.08325 0.413987 70
40.1233 39.2639 70
-10.9947 -1.40696 70
1.35069 -1.07546 70
-11.069 8.94239 70
-10.5331 -0.335836 70
-10.5452 9.8146 70
-28.8116 -11.0309 70
0.340356 0.491331 70
9.8379 -19.7977 70
-9.922 -18.7279 70
-9.64505 -1.03574 70
-19.2084 -10.3531 70
-18.7495 -9.37584 70
-11.1702 -1.02977 70
1.0829 0.540529 70
1.18945 -10.5688 70
-10.5137 10.9944 70
1.12234 1.01229 70
-9.77756 -9.15017 70
-10.7223 -11.1274 70
-0.0477199 -10.0517 70
0.117119 -0.149306 70
-60.4789 -19.7812 70
-1.36929 -20.4851 70
10.8338 -1.09357 70
-21.2158 -1.49799 70
-18.7366 -11.0304 70
11.0546 0.953656 70
-10.7172 1.27475 70
-19.4824 1.41986 70
-0.870058 8.90416 70
0.942973 -11.0645 70
-11.4888 -0.33387 70
-9.9297 -0.610198 70
-10.4167 9.18522 70
-9.82882 -1.02976 70
-60.2484 -119.384 70
-11.4379 -0.183464 70
-0.847837 8.52891 70
-10.8471 0.163526 70
10.3023 18.8059 70
1.17044 -1.29365 70
1.46231 -10.0493 70
-20.2166 -0.881699 70
-20.8593 -0.370921 70
-19.8705 0.815081 70
1.05073 18.621 70
-9.98205 0.607954 70
8.57832 11.0106 70
0.884277 0.785118 70
0.750198 -1.29322 70
48.7102 19.9337 70
48.7199 -109.832 70
0.538823 -0.655416 70
1.18591 8.61848 70
-10.1119 0.870877 70
-20.0141 -8.72324 70
-11.1108 -10.5755 70
0.70987 -0.730658 70
20.6956 -10.1568 70
-10.3749 -30.3377 70
10.3929 1.05863 70
0.970074 -9.40994 70
0.610318 -1.41642 70
8.86374 11.4777 70
0.509462 0.702239 70
0.21842 -1.43285 70
-1.36578 -1.12309 70
-9.73616 -0.812471 70
-10.8527 -1.35267 70
0.695245 20.4569 70
-9.82437 -1.35105 70
-9.63075 -9.06496 70
-11.2221 -10.7734 70
-21.0978 -10.7297 70
-28.5263 30.0627 70
-10.0942 -11.282 70
-9.79128 -10.036 70
30.4558 -11.2577 70
10.9979 -21.2209 70
9.25154 -20.1891 70
-40.0343 -40.1968 70
-10.4771 0.342337 70
-0.904274 -0.73615 70
-9.85217 -10.3468 70
-10.5137 -8.94209 70
-19.1225 -8.74577 70
-9.02521 0.842638 70
-9.56231 11.058 70
-10.4653 -28.663 70
-10.8801 1.01229 70
-50.6861 41.329 70
-8.84562 0.849107 70
-0.896496 -9.25272 70
-1.01931 0.953419 70
-1.30255 -0.917063 70
-9.40943 -0.255105 70
-10.5748 -8.80243 70
-0.246461 -8.55257 70
-20.1391 9.80875 70
1.13216 1.09996 70
-0.0237339 -1.45208 70
-11.1772 -1.3054 70
-9.6735 18.7526 70
-0.354222 1.0802 70
-39.0544 -29.8263 70
-10.7005 -10.7423 70
1.30349 -11.2934 70
-10.6251 1.37076 70
-8.56852 -18.6642 70
-0.484947 -0.197604 70
-9.46786 -1.12532 70
-9.67782 0.419148 70
-10.0164 -0.836468 70
0.137105 0.648795 70
0.189551 -9.2708 70
0.0379754 0.125284 70
1.07264 1.38533 70
-0.613855 -0.346397 70
-0.531494 10.3708 70
0.900599 1.24661 70
-9.27215 -0.366792 70
-9.57828 11.4608 70
-10.1641 -10.8481 70
-19.1179 1.49849 70
0.292883 9.82829 70
11.4274 10.6157 70
-9.97132 1.18493 70
-1.32656 -9.99603 70
-0.997162 11.3596 70
-19.73 11.2908 70
11.1239 10.7844 70
39.2542 -9.6339 70
8.74878 -29.2824 70
-9.61369 -1.22436 70
0.543113 1.43544 70
-9.14937 -10.2723 70
-9.41407 0.681138 70
-10.5919 -20.7133 70
-19.2244 20.0973 70
-11.3094 -0.826332 70
-1.39194 0.929925 70
-9.03421 -1.12868 70
20.8418 -10.0323 70
0.211921 -0.349155 70
-9.6106 -0.460939 70
-0.00409837 0.201784 70
41.253 58.5911 70
-0.760461 -9.27827 70
0.25025 -0.496666 70
0.74162 -51.1892 70
-9.54971 1.45771 70
-11.2702 -1.14937 70
-8.68533 10.5171 70
-10.9077 0.779182 70
0.392835 -0.94938 70
-10.3617 0.605701 70
-10.9671 -18.8964 70
0.94712 20.0176 70
0.859327 20.2065 70
-1.47714 -0.948375 70
-11.3818 0.0224604 70
-28.8855 10.3102 70
-9.2815 18.6773 70
-39.3328 41.2777 70
10.2046 0.574726 70
-9.81228 -0.408019 70
1.20953 -10.3999 70
1.27753 -0.662542 70
1.02142 -9.99539 70
-9.48016 -0.0237735 70
-8.63363 0.29366 70
10.837 -0.866695 70
-8.65223 -10.9489 70
-10.1375 -8.98494 70
-81.4834 -100.81 70
-10.8495 8.88114 70
-0.0344775 -0.00705994 70
-0.196428 -9.83812 70
-0.5122 0.196707 70
-0.156829 0.327583 70
-0.59419 -0.701061 70
-0.454837 -8.7514 70
-9.19932 -1.35654 70
10.14 -8.59473 70
9.78103 -0.171007 70
-10.7176 -29.7169 70
0.645154 -11.0721 70
-0.678629 -0.668304 70
18.8169 -8.93241 70
-39.6325 -11.1429 70
-21.0813 20.526 70
-9.8662 9.65471 70
-10.0715 0.832514 70
0.285099 -9.74035 70
-10.0019 -11.2516 70
-1.24507 0.351768 70
18.6883 0.304164 70
-10.0814 -11.2485 70
-10.6077 -20.8221 70
-21.0132 -10.0688 70
-60.1752 -39.4779 70
-11.3655 -0.105317 70
-0.781979 -1.18048 70
-9.6254 -9.14603 70
-9.04921 -11.0303 70
-10.4264 9.24329 70
-38.5379 10.9822 70
-10.9251 10.7312 70
9.00034 -0.527313 70
-0.504556 9.06546 70
-0.121414 0.1053 70
8.6687 0.180184 70
0.614614 -1.17861 70
-0.989174 0.552796 70
