9.50656 11.4022 70
8.57804 0.483977 70
9.38789 0.299991 70
-0.0634258 10.204 70
-1.00104 10.6128 70
-0.476199 10.6797 70
-9.59039 10.4791 70
-10.4463 39.2604 70
0.67941 1.42796 70
-0.82007 0.521369 70
-0.0498251 9.33382 70
-1.25773 1.11892 70
10.5104 18.8672 70
0.391269 0.216366 70
10.3911 10.3815 70
10.1481 9.7399 70
0.219699 -0.248183 70
0.484865 8.78057 70
10.7241 0.691626 70
-1.0549 -0.76613 70
-0.392399 10.4298 70
1.02521 10.1415 70
-10.7452 20.7699 70
-58.5097 10.2005 70
-60.9991 9.81326 70
-1.05852 1.24238 70
0.67777 9.94974 70
-0.851684 10.4857 70
1.25897 0.445355 70
-1.02465 9.32686 70
-0.141613 10.1823 70
10.4473 30.3912 70
9.69354 30.4457 70
-51.0055 -8.64449 70
-0.731774 1.23235 70
-9.50219 19.0998 70
11.2801 -10.8077 70
-1.40968 -0.878043 70
9.40963 40.7516 70
-1.14436 1.02135 70
1.45007 -1.25155 70
-11.4482 8.64599 70
-9.33165 9.23322 70
11.3105 0.888039 70
-9.35636 9.52169 70
-9.54014 -0.710824 70
-1.34104 10.1953 70
-39.8641 -28.8789 70
0.027019 0.187333 70
-8.85977 0.607271 70
11.368 28.9221 70
11.4516 -0.57347 70
10.6007 0.246351 70
-1.27626 -19.424 70
0.957438 -18.9929 70
10.9641 1.3052 70
-20.1994 11.4268 70
11.1432 18.9624 70
-0.35545 -1.43916 70
0.806833 8.94516 70
-9.30718 9.76402 70
11.2762 41.1012 70
-8.54864 61.0698 70
39.1718 -9.70014 70
-0.230045 1.11797 70
-1.10272 8.66934 70
-9.52047 30.8914 70
-21.2503 21.3099 70
9.14036 -0.197746 70
8.72287 -11.2461 70
-0.34056 0.883855 70
0.499233 8.64352 70
1.04389 10.4339 70
18.5692 9.13193 70
-40.2757 -9.83298 70
49.9037 -29.8827 70
0.214747 -0.59242 70
8.89557 8.6311 70
-0.183343 -0.115182 70
-59.6034 8.59556 70
10.1202 10.1613 70
-9.93175 9.20823 70
11.4955 10.4095 70
-1.31678 9.20435 70
-9.89741 8.58152 70
-10.7951 9.88903 70
-0.59161 0.962205 70
-19.2602 -31.4707 70
9.24652 0.370615 70
-1.22908 -0.59321 70
11.2 -1.36791 70
0.368547 -10.764 70
0.545323 -50.6033 70
1.25729 -0.838501 70
-18.8098 -19.295 70
0.473201 -1.09616 70
-1.1166 10.1467 70
10.3784 -0.669813 70
-1.11715 -1.00452 70
0.894883 0.844418 70
1.32954 8.70455 70
0.288163 10.9747 70
-20.7453 28.8634 70
1.31589 -0.737834 70
-10.9717 -9.72339 70
1.35208 8.53864 70
-1.05869 1.40326 70
-19.1864 21.1911 70
-1.43435 -9.55203 70
-0.759303 -11.0469 70
11.2858 0.023368 70
-11.0745 -29.9108 70
-1.20796 -0.901622 70
-0.992833 0.281033 70
-0.134544 0.57073 70
1.12356 0.233043 70
11.055 0.0301282 70
-10.2005 9.14227 70
38.7488 50.9277 70
-0.156159 9.13573 70
-9.59805 -0.13857 70
1.38074 8.72311 70
-0.363562 11.2735 70
0.991895 0.915009 70
-10.4455 -0.871413 70
9.00524 9.95488 70
10.6697 10.9023 70
10.7445 -10.3677 70
8.51216 -11.0542 70
-9.8794 -9.42789 70
-20.2927 -10.102 70
19.8634 -9.00683 70
10.0456 -9.43486 70
-0.470513 10.5916 70
11.4772 10.1637 70
9.59505 -1.43344 70
-9.06255 11.4267 70
-10.2174 10.3167 70
1.01345 21.3317 70
20.2603 31.0647 70
0.122911 -11.3513 70
0.175618 0.736072 70
-18.8652 -0.111092 70
-0.597898 -0.754608 70
-9.8223 -18.6293 70
28.9 20.4164 70
1.33692 0.122432 70
-1.14322 1.24232 70
0.315639 9.2134 70
18.7932 -1.19074 70
0.386475 0.83781 70
-30.1983 -0.723213 70
0.612784 -0.45689 70
1.07674 10.5966 70
-1.19188 11.2152 70
-11.3997 9.88704 70
-0.119985 9.32839 70
0.792823 0.636623 70
-9.71948 -1.23667 70
-0.197885 9.73458 70
-11.1616 -18.5242 70
-10.8364 10.9181 70
-1.16982 20.5874 70
19.5988 -0.344618 70
-0.293669 10.1279 70
0.725734 -0.348116 70
-10.2985 10.7826 70
-0.310691 11.1979 70
0.762422 11.3877 70
-0.0406625 8.80375 70
-10.4848 21.2171 70
9.77545 -19.985 70
-0.55113 9.88704 70
-0.782516 10.5808 70
69.2157 -21.1265 70
-0.305384 11.3586 70
9.18207 41.466 70
-0.206274 1.32303 70
-0.726332 19.3986 70
0.416069 1.05337 70
0.178818 -0.702213 70
8.55737 11.007 70
21.2213 -20.452 70
19.8433 -19.188 70
-1.49074 20.0829 70
0.624179 1.31865 70
-20.5473 21.3493 70
0.772281 -0.433396 70
9.0201 11.259 70
11.3124 1.09296 70
-10.7579 -10.7088 70
8.71158 0.928962 70
8.73756 -0.206071 70
9.08965 0.268578 70
1.30279 0.406281 70
-0.102962 -11.4887 70
-1.18794 0.610582 70
0.0963044 10.0958 70
1.30914 9.46996 70
-11.2075 8.92169 70
-18.9781 -10.6739 70
-10.7847 -0.848331 70
-90.3971 -29.0464 70
-8.73973 1.45316 70
-0.578275 -20.6258 70
0.857387 -0.447472 70
9.49029 0.82469 70
11.0557 11.3915 70
-9.30028 -20.8354 70
10.9406 10.8836 70
10.0956 9.038 70
41.2411 -29.7063 70
28.6099 9.17322 70
19.6827 39.2625 70
29.3695 50.3149 70
0.67978 0.275867 70
-11.4637 30.5246 70
10.0868 1.15314 70
20.585 -8.57561 70
-0.802364 10.4638 70
-10.3397 10.9513 70
-0.814211 1.32522 70
0.881854 0.864911 70
-0.222242 -0.0709342 70
-50.533 -90.8166 70
20.083 29.5702 70
0.0290351 -1.21781 70
-0.486264 9.86383 70
21.0627 19.4652 70
0.12582 10.2753 70
9.36549 -18.867 70
11.4621 -18.5659 70
19.3645 -0.0684811 70
10.7522 8.90446 70
-0.479485 -0.356769 70
-0.528282 -8.85442 70
10.4872 -1.20962 70
1.45913 9.0482 70
18.6458 9.07396 70
-0.415796 11.2125 70
-19.9725 30.2259 70
10.9952 20.7766 70
0.712469 0.819718 70
-1.29938 1.13895 70
9.064 20.7964 70
-0.486429 19.207 70
1.25185 -0.584948 70
19.0223 -9.78423 70
-20.5402 10.9164 70
-9.55259 1.04041 70
-19.854 0.794527 70
-9.76422 -0.453461 70
-8.95881 10.5931 70
29.3499 -10.0613 70
11.4614 -0.0732362 70
0.309906 -0.382735 70
11.1918 9.46609 70
-19.0727 19.9859 70
-20.8826 19.5607 70
8.75792 0.5427 70
20.9692 18.9247 70
1.14821 1.1432 70
-0.540208 11.2571 70
-30.7252 9.21913 70
-29.4925 8.63159 70
19.0952 0.546381 70
9.10759 -1.21926 70
0.335136 29.2377 70
0.432513 11.1571 70
9.75931 9.28115 70
-1.33141 1.17265 70
0.887502 -0.43109 70
-0.452959 19.7908 70
-30.8337 11.2621 70
-31.4049 9.00609 70
0.316177 8.54686 70
-10.2238 0.294969 70
-11.1003 9.64813 70
-0.533796 0.908686 70
-0.85115 9.09093 70
-1.2522 11.4593 70
9.93507 0.741971 70
-0.780017 -1.45133 70
9.61476 -40.3467 70
-0.168728 10.2731 70
-8.7246 20.9628 70
-40.2739 -18.754 70
10.8026 1.02308 70
-0.245579 -0.0944536 70
-30.8246 -0.898778 70
0.986323 -1.35982 70
-0.0227531 21.2671 70
1.07469 10.9427 70
0.80853 0.271988 70
-0.947189 9.9055 70
0.78892 10.406 70
11.0308 10.0945 70
-1.2178 9.29352 70
-29.226 -9.22998 70
-8.80808 21.0746 70
19.8497 9.84455 70
9.40667 -9.6523 70
0.341643 9.16268 70
-0.277486 -0.685616 70
0.365167 -0.057271 70
-0.230181 -1.49691 70
-11.2287 1.041 70
-20.4614 30.2168 70
21.2477 -20.7431 70
-1.16695 10.3235 70
-1.27398 1.39624 70
-0.641569 -0.00229448 70
0.76746 0.80785 70
-11.4833 11.0655 70
10.5457 -0.384611 70
10.5224 -0.709368 70
-38.9621 -10.1751 70
10.7221 10.9813 70
18.8547 -0.284683 70
0.492895 0.258595 70
0.247848 9.18099 70
29.1598 -41.2657 70
-18.8027 21.306 70
0.838703 -0.161304 70
21.4716 -31.1593 70
30.4236 0.411913 70
0.144008 -1.49449 70
9.79021 -0.742424 70
-51.0931 -50.1416 70
-10.908 1.00958 70
-1.44726 8.85642 70
8.84209 -0.903512 70
8.70213 10.9462 70
-1.46148 10.6872 70
0.388772 9.1611 70
19.0979 10.563 70
20.2736 -0.499788 70
19.8244 0.17537 70
9.61267 0.288158 70
0.437621 -0.937561 70
9.88686 9.21855 70
0.776893 1.04942 70
20.3333 0.0362049 70
-1.00551 -0.446014 70
-0.761987 1.36815 70
0.379042 -0.0909713 70
-0.438788 -0.498203 70
-1.47942 9.02813 70
-8.52903 11.3462 70
-1.3795 8.91646 70
20.7164 -19.3682 70
-0.801018 10.4637 70
9.70359 0.262996 70
0.3861 -0.66587 70
9.16334 19.3347 70
-0.161809 -0.950763 70
-9.54096 18.734 70
9.86152 -9.59371 70
0.999114 -9.96935 70
18.7954 0.88676 70
-0.487051 -1.12718 70
0.688245 9.30558 70
30.4839 1.34675 70
21.0654 -0.384594 70
9.66609 -1.14722 70
-0.348898 -0.902058 70
39.4687 -10.6048 70
0.808286 0.00037213 70
-11.3968 29.2011 70
8.70296 -9.39874 70
-89.5923 40.9061 70
20.1045 31.0427 70
41.2353 39.5129 70
-0.820872 0.575221 70
10.1547 1.10193 70
-0.21579 21.1247 70
0.178026 -1.16224 70
10.3378 10.2588 70
9.32713 -10.3203 70
-0.993045 8.81693 70
11.34 -10.0508 70
0.881538 30.6033 70
-1.21229 1.30435 70
18.5033 -9.13457 70
0.72885 -1.16536 70
11.4154 0.0751751 70
9.75564 19.0546 70
-0.0366403 0.222276 70
-31.3946 38.6221 70
-0.831377 10.0252 70
-1.32257 -9.02176 70
10.1808 -19.0954 70
0.408806 -0.300905 70
-0.711472 9.35515 70
-0.258318 -10.063 70
-0.0324551 0.304488 70
-10.2519 88.7302 70
-11.2276 91.0044 70
-18.8165 -8.83031 70
8.76902 0.716431 70
0.148771 10.4685 70
0.146307 10.446 70
10.606 -10.3217 70
-0.55024 10.0636 70
-0.520473 0.402779 70
-20.7984 -1.18124 70
9.52003 -8.5401 70
9.92913 -0.0348475 70
-8.59017 80.2947 70
-19.7646 10.3144 70
-0.379425 0.593525 70
0.390515 -10.6642 70
-0.819741 10.1562 70
0.00439212 -21.1747 70
0.443492 -20.7875 70
0.715097 0.540771 70
-0.164998 1.1022 70
1.47681 10.7073 70
1.05896 9.9066 70
-8.90124 21.349 70
0.425495 0.0744751 70
-8.77514 8.91043 70
-1.29891 -0.823078 70
-0.816617 8.54948 70
0.909203 8.75687 70
0.455839 -0.286088 70
-9.24065 -0.407343 70
-1.11576 1.25815 70
-8.63434 -8.81068 70
11.0054 -0.738728 70
9.27884 -10.1851 70
-80.8532 39.9577 70
-0.104446 -0.4459 70
121.104 9.88357 70
-10.0697 0.0614191 70
-0.401024 20.4214 70
-1.00678 -80.0561 70
1.06235 9.30174 70
-19.4335 0.933815 70
0.956951 11.0569 70
1.44581 8.86609 70
51.1622 9.42349 70
8.68692 0.656954 70
-0.0937488 0.772131 70
-1.21952 0.894126 70
-1.3318 1.38397 70
-9.21651 -1.01985 70
-19.7326 10.5115 70
0.257228 -0.187642 70
10.0716 0.298867 70
1.14348 -9.61104 70
-1.05933 0.731549 70
9.9923 -0.055738 70
-0.736663 0.454252 70
10.1889 1.33133 70
-0.256879 9.79617 70
10.112 0.706916 70
-0.659761 8.72375 70
10.8478 9.84217 70
-0.728706 8.58002 70
11.4725 -10.8935 70
-11.2103 1.12866 70
0.741154 9.60129 70
-30.5075 28.521 70
-0.152249 -0.206466 70
1.31214 -1.47484 70
8.86814 -10.9992 70
-11.1378 -0.740354 70
9.27488 10.5941 70
10.4901 8.70096 70
18.5093 10.0239 70
41.1058 -10.9274 70
0.068932 -0.906725 70
-18.8686 -20.4436 70
1.47592 -18.7384 70
-0.973176 1.18967 70
19.2745 18.7689 70
18.5395 18.9814 70
-20.6912 9.28952 70
-0.859145 10.7674 70
0.913421 -9.77608 70
-1.46871 0.29567 70
-8.58973 1.413 70
-0.384861 -9.21136 70
-20.2304 9.62435 70
0.742564 10.5807 70
-0.887843 9.56121 70
0.90632 11.2163 70
20.303 79.3587 70
-0.0944468 8.81717 70
-21.3212 28.8961 70
20.6949 0.314048 70
0.241422 9.39637 70
9.18371 20.2487 70
9.87598 20.519 70
-9.13404 8.56992 70
-20.8638 0.898914 70
-0.619624 9.99351 70
0.736126 11.2037 70
0.732754 9.45659 70
28.7597 1.05703 70
0.501296 0.496734 70
10.1265 30.8694 70
0.578808 1.23924 70
20.6891 -28.7423 70
8.67355 10.4147 70
11.4694 0.841366 70
9.11406 9.10875 70
-8.85936 -10.153 70
9.16465 9.1857 70
9.34865 -10.9981 70
0.0157163 -11.3774 70
0.803283 9.74869 70
0.705021 10.3467 70
0.128682 -0.885964 70
-31.1811 39.4208 70
-1.05034 40.4663 70
0.0522012 18.7643 70
11.2658 8.78802 70
-10.9705 9.5918 70
-9.44754 9.48649 70
-0.494634 0.513979 70
9.72486 11.1759 70
0.760249 11.1104 70
-0.193965 0.661939 70
0.258076 0.211846 70
1.18803 10.8105 70
0.536591 9.65385 70
-1.25404 0.646659 70
-0.117751 -0.082873 70
-10.2722 -0.0947705 70
11.3835 -48.7989 70
-89.3683 8.54092 70
-9.39004 49.2769 70
-0.574163 8.61348 70
0.452919 -8.98785 70
1.36986 -0.658514 70
9.06588 -19.0668 70
0.796012 8.83395 70
0.719255 9.47223 70
9.74982 -10.6856 70
-0.28593 11.356 70
1.33198 9.54765 70
-11.273 -9.09362 70
0.630113 10.9359 70
9.83205 -1.17245 70
8.63496 0.730997 70
-0.326844 9.10793 70
58.603 -38.5717 70
59.7473 -39.8541 70
-0.814958 -8.93748 70
9.36792 10.173 70
-0.484376 -0.567835 70
-0.806854 10.5265 70
10.9101 10.5737 70
-0.720339 -9.92527 70
10.8467 9.90315 70
-0.828367 9.41815 70
0.303255 -0.580626 70
-79.0882 10.7719 70
-19.0905 1.10873 70
0.209114 -1.2672 70
9.65276 0.993196 70
9.11849 -0.504863 70
10.0545 -0.812093 70
18.5012 39.9143 70
-19.9264 18.6048 70
0.258707 20.6988 70
0.445417 -11.0348 70
0.0134982 -0.260545 70
10.8497 10.6139 70
10.0104 10.0543 70
-8.55113 0.432301 70
0.644421 -10.3179 70
-1.40777 8.75127 70
-31.0484 20.5808 70
-0.735824 10.9421 70
-0.282807 -1.48842 70
-0.466796 11.2987 70
-0.408951 10.708 70
-0.466198 0.299726 70
39.0187 -1.19281 70
11.464 1.15324 70
11.4193 -18.653 70
9.97528 -11.085 70
9.76877 9.47564 70
11.2459 79.033 70
9.30569 8.84463 70
-1.27035 0.703677 70
11.4108 -1.32214 70
9.55593 1.04899 70
0.192702 11.2838 70
-0.265412 0.631146 70
10.5922 0.308951 70
29.2213 79.1073 70
1.05613 -0.836896 70
19.5697 20.519 70
10.7839 0.669972 70
-0.579834 0.720953 70
0.806949 20.7207 70
18.7567 -10.5763 70
-1.41424 0.621968 70
19.0272 9.57415 70
19.9349 11.081 70
20.3936 -9.39167 70
10.0854 30.8255 70
-20.0279 -9.68015 70
1.29104 -0.688897 70
-1.16354 9.58852 70
19.3853 21.1504 70
1.08188 10.0056 70
29.8259 -11.1269 70
39.672 -28.8792 70
-0.998053 -10.3963 70
-20.2998 19.4236 70
0.408846 9.51983 70
-1.21042 -0.562794 70
-10.8391 18.9706 70
0.672162 0.839463 70
-1.01731 9.75394 70
9.95854 0.518512 70
10.2606 39.4018 70
-28.6822 40.4499 70
-0.600565 -1.47933 70
9.41193 -0.2166 70
10.3549 41.0918 70
11.4857 -0.445403 70
-1.4417 20.4242 70
-0.466156 -1.32658 70
-1.09485 8.65872 70
0.539792 10.8783 70
10.976 19.6079 70
28.6872 10.6255 70
1.13302 -1.34262 70
-1.07212 8.67799 70
-8.90313 0.0136999 70
11.2536 10.6454 70
1.03361 -1.45658 70
-0.538769 0.979175 70
0.136388 1.28721 70
-1.38812 9.35377 70
8.58738 21.2648 70
10.4358 19.717 70
50.5274 10.8653 70
-19.5974 -10.3237 70
-31.4761 8.82226 70
10.6774 30.6285 70
9.10426 18.7019 70
1.03332 9.69915 70
1.37892 8.91417 70
-120.48 38.7673 70
-0.176747 0.570422 70
10.6448 10.1543 70
1.43275 -19.0928 70
-0.465706 9.78273 70
10.1367 -1.36495 70
-20 59.8402 70
-0.914708 -1.4882 70
-1.12965 21.3506 70
-0.820002 10.2784 70
-0.113867 9.40765 70
-20.5914 -31.4152 70
0.994449 9.10428 70
-10.3755 0.864612 70
9.03294 -29.3849 70
-0.583321 9.63725 70
-19.7151 9.97023 70
-10.6515 9.73022 70
0.0744237 -1.46683 70
11.2564 -11.2607 70
0.880554 -1.41174 70
-0.14767 -8.68289 70
-11.149 -8.734 70
31.2774 -19.6041 70
11.1613 -11.0147 70
0.816983 -0.699329 70
-80.6531 30.7719 70
11.249 0.961726 70
-11.4201 11.459 70
29.4322 0.183576 70
-1.05338 1.12772 70
-28.5343 0.351874 70
9.36344 0.383676 70
-0.157644 20.8262 70
-10.354 9.15835 70
8.71221 1.45234 70
-70.3209 19.2289 70
0.35194 10.2696 70
-1.0358 -0.549218 70
-19.5444 28.8476 70
1.14657 10.0464 70
20.7334 1.47393 70
1.02709 10.5534 70
-0.726191 -9.99348 70
-50.0448 20.9105 70
0.231048 -0.388153 70
1.15751 0.728624 70
-0.293058 10.7412 70
-10.3997 -0.969686 70
1.49485 8.70793 70
0.89697 -1.4021 70
10.0683 19.6549 70
-0.926295 8.5739 70
-41.3233 -19.467 70
20.6297 39.7801 70
10.1864 1.4303 70
-0.894022 0.266366 70
10.4616 1.4084 70
11.3152 9.98979 70
19.9177 10.7058 70
-10.7147 10.0469 70
-9.53393 9.18766 70
-1.47875 0.349094 70
1.42874 9.59383 70
-8.59507 1.48281 70
-0.210098 -1.30473 70
-0.547568 11.4212 70
