-9.82524 -11.2274 70
-28.8363 -19.1768 70
-69.0636 40.5758 70
-68.5449 41.3835 70
-88.829 -60.7739 70
9.44535 -20.6907 70
1.0003 -8.72382 70
-10.3004 -19.3961 70
0.324305 0.324528 70
-0.194116 -10.6155 70
-21.1712 -21.0944 70
-20.5393 -19.3284 70
-0.61073 8.58474 70
0.19291 -10.5364 70
-0.498792 -0.0277404 70
-9.14169 0.247438 70
-19.3313 9.57003 70
0.562444 -1.0803 70
-1.24213 -10.1672 70
9.32656 -11.2085 70
-10.07 21.1441 70
8.78811 -1.32691 70
-10.9822 -0.66317 70
-0.170454 -1.10605 70
-1.35374 -0.032705 70
10.6045 0.405425 70
-29.344 -29.7116 70
-1.12381 0.72521 70
-10.9769 1.29758 70
-9.88567 9.60069 70
-9.41612 -0.665897 70
0.00325939 -11.3596 70
-0.0963028 0.311763 70
19.2708 -0.783983 70
1.11966 1.42806 70
0.855581 1.07139 70
100.065 20.8036 70
10.3986 -8.83332 70
9.9706 -8.75014 70
0.308234 9.30335 70
-110.248 -30.9745 70
-9.28276 10.1321 70
0.264846 1.3222 70
-0.95537 0.589853 70
-8.62197 -0.0483415 70
60.1336 -51.1553 70
0.104537 -10.6211 70
0.620658 -1.41065 70
0.648005 1.43252 70
11.0944 -1.3973 70
-0.413757 0.517799 70
1.46002 1.04224 70
-0.187462 -11.297 70
-31.2907 90.1395 70
-1.26534 -9.32131 70
1.2848 -10.3184 70
-19.1508 -40.5087 70
-8.73627 -0.152076 70
-21.0335 119.421 70
0.230308 -0.185516 70
0.128441 -10.0886 70
-11.2881 0.731352 70
-0.247995 -0.484318 70
-30.9049 -20.9878 70
11.2027 10.1406 70
-18.9034 -8.5243 70
8.9642 -20.983 70
-10.05 -0.693319 70
1.23433 30.894 70
8.85043 -19.2595 70
0.517149 -11.2744 70
-0.261203 -9.46719 70
-9.1846 8.64329 70
-11.2892 10.0694 70
-0.351151 -0.406642 70
-11.4246 -1.34308 70
-0.886952 10.0776 70
-0.664879 -0.618146 70
-1.49284 0.00320239 70
0.993882 1.31785 70
89.277 20.0992 70
90.3559 20.8275 70
0.424851 -0.185396 70
-9.32698 -29.1692 70
21.3766 10.314 70
-8.61483 -8.80958 70
1.26091 -1.26589 70
-0.636666 0.367968 70
-101.105 -90.1112 70
-11.3775 0.378189 70
8.67413 9.26989 70
-0.0734797 -21.3802 70
-11.2982 -11.0949 70
-0.540897 -11.36 70
-9.95532 -11.1017 70
-9.16322 -0.279267 70
8.70247 0.903701 70
0.52056 -0.594982 70
10.0661 -10.726 70
9.86092 -11.177 70
-20.3019 20.138 70
0.520501 -19.4254 70
0.17138 -9.12224 70
-9.74734 0.673708 70
-9.65834 0.599116 70
-30.1685 -41.4223 70
-38.8724 -31.3107 70
-10.9004 0.595567 70
0.0204945 -1.29861 70
-1.28316 -20.3481 70
-9.14712 -10.5234 70
-1.34218 -10.5724 70
-0.694829 -30.0197 70
10.8179 0.424456 70
-68.8904 -49.191 70
-0.195612 -0.308717 70
0.680039 0.579072 70
-19.0852 -10.2655 70
-10.0013 -10.0936 70
-0.0853086 -9.79758 70
0.577235 -9.66161 70
20.3292 -10.2113 70
-20.2124 20.2769 70
-1.49185 -9.5022 70
-9.44449 0.619639 70
50.5798 -58.9177 70
-10.5687 -0.508097 70
-1.15741 -20.3095 70
-8.71161 -10.3968 70
-0.589539 -10.4924 70
0.0837138 -0.808305 70
51.1977 -11.2486 70
8.65389 -40.9633 70
21.3799 -9.27953 70
0.398057 0.759399 70
9.3375 1.33883 70
89.2451 49.6487 70
-10.3805 -10.7733 70
19.4973 -9.70668 70
-10.052 -10.06 70
-0.0978476 68.8812 70
-9.1237 1.21759 70
-11.3403 -8.60242 70
0.0212168 -0.972643 70
-41.0599 49.4938 70
38.8721 31.4224 70
-0.436829 -0.91678 70
0.223104 -0.89268 70
-10.1341 -1.06418 70
-1.2415 31.2928 70
0.557769 -9.67171 70
0.89162 1.41578 70
-0.249257 -8.89851 70
0.204663 -10.0053 70
0.821182 -19.6691 70
1.25287 -10.1001 70
-21.3498 1.02625 70
-28.7259 -49.222 70
0.835709 18.9138 70
-8.79528 -1.45498 70
-21.4644 30.7704 70
-0.202842 -0.069357 70
-0.964533 -10.9484 70
-0.0874726 -0.699314 70
-10.3959 -8.51406 70
-0.811129 -1.4398 70
10.868 -8.59624 70
29.4936 8.88311 70
10.5239 -0.393853 70
-1.18842 -0.290366 70
10.4354 0.966295 70
8.555 9.0697 70
-1.14881 -18.5342 70
-0.599913 10.019 70
10.086 0.159512 70
-20.8094 -8.78993 70
-11.152 1.43256 70
-1.41208 -0.435366 70
-1.13987 -0.982283 70
-1.17367 -1.19807 70
18.8976 -18.6812 70
19.3718 -19.7825 70
18.8754 -19.5998 70
0.981317 -11.2792 70
0.523621 -0.156072 70
21.1661 9.72647 70
-19.5747 -20.8076 70
71.4716 -1.14348 70
-0.519688 1.03876 70
8.7669 10.5266 70
9.13861 10.2125 70
20.6689 -1.14094 70
-0.596492 -10.2081 70
1.44075 -10.8411 70
40.7861 30.1862 70
-11.0678 1.05051 70
-8.90222 -8.6387 70
19.1245 -10.1618 70
0.904006 -0.247734 70
-70.7537 -28.8991 70
-71.042 -29.7268 70
10.2665 9.11469 70
-11.2006 -20.1665 70
0.0662238 0.359722 70
-1.21708 -0.79071 70
-0.775846 1.1703 70
9.96319 0.252634 70
-0.202342 -10.9704 70
-0.484667 -0.828132 70
0.89637 -1.28315 70
0.022291 -19.1448 70
-0.971283 -0.47359 70
-1.33605 -10.4667 70
-0.889609 1.46291 70
-70.0971 20.6807 70
-9.66842 -0.943652 70
0.616139 -11.2634 70
-29.6227 21.0113 70
20.3685 -11.0287 70
-0.949673 -8.81699 70
-0.983155 -31.454 70
-81.312 -29.9703 70
-0.985816 0.746804 70
1.26099 1.40755 70
1.08957 -9.40583 70
-121.402 30.3831 70
18.6258 -11.1339 70
-20.805 9.26001 70
-10.8613 20.3274 70
8.64488 1.28357 70
10.049 0.114673 70
-9.91215 9.34402 70
-0.884656 -10.0322 70
0.905196 -0.808234 70
0.427131 9.4057 70
-50.5852 1.07857 70
1.29973 -0.507126 70
1.3775 1.11344 70
-59.4659 -20.2592 70
11.4361 -9.03079 70
0.819417 -9.88338 70
-0.0177717 -10.1436 70
-10.8727 -18.7096 70
21.3494 -0.0522329 70
-30.242 9.06643 70
10.5565 -0.0730818 70
0.577338 -0.836694 70
0.165331 9.89798 70
0.549356 -11.3648 70
31.3081 21.4989 70
0.0903352 9.81237 70
78.938 -49.0458 70
9.31333 -10.8602 70
-30.6089 0.750341 70
-9.3766 -10.4466 70
9.18718 -8.925 70
21.0117 8.74968 70
-1.29816 -10.2954 70
-59.504 20.3806 70
-0.761953 0.0476826 70
0.123275 -9.94133 70
-9.39051 -20.8768 70
-8.71731 -19.0257 70
-9.26392 -21.0131 70
0.91884 -10.8662 70
-0.440054 -1.17665 70
8.66561 30.8518 70
-10.754 -11.049 70
-8.97214 -10.1573 70
0.262006 -1.34047 70
-19.5668 0.494458 70
30.3358 -18.5374 70
11.4252 -19.4095 70
9.62767 29.3381 70
-1.07487 -1.31452 70
-0.771324 -0.912158 70
8.52499 -10.6342 70
-1.14263 -29.8726 70
-0.671664 -19.2724 70
-0.0309963 -11.4281 70
30.3687 -20.6416 70
40.767 -0.964381 70
9.87979 -0.44593 70
10.0995 -19.2937 70
-9.02546 0.182471 70
69.2052 -18.8294 70
71.4892 -21.1183 70
0.98993 -10.1738 70
10.1782 1.48942 70
0.0874444 -0.214803 70
0.289062 0.191278 70
-10.37 11.1812 70
-9.92498 10.6316 70
9.00148 -11.2004 70
-19.7294 21.2115 70
-0.737306 -10.7152 70
9.90827 -9.91136 70
0.942102 11.12 70
0.063342 0.850593 70
8.62896 -0.341128 70
49.2084 19.9473 70
-0.388664 -0.0428583 70
-10.283 -9.50942 70
-0.687487 0.950029 70
0.373356 0.207567 70
1.43978 0.940745 70
-1.33705 0.365912 70
30.5117 0.533677 70
30.2747 0.608121 70
-0.794151 11.0299 70
8.73978 -1.30108 70
-0.238054 -29.5486 70
-11.2767 -1.44546 70
-11.2443 -11.0098 70
-0.840848 -20.1806 70
-0.194831 1.26952 70
10.0558 -8.64937 70
39.698 -30.5079 70
20.6682 38.7241 70
-0.666298 -0.0506446 70
-8.84811 10.5759 70
-10.1567 -9.73605 70
-0.429092 -10.5385 70
59.0247 41.3118 70
-20.4804 8.78518 70
-0.369453 -9.37426 70
11.4263 0.514806 70
-9.82445 0.448145 70
19.991 10.0164 70
9.74524 -0.989448 70
-1.167 -9.19916 70
29.4717 -19.2103 70
-11.4872 -10.1401 70
-9.8634 -1.18033 70
10.3335 -0.918899 70
8.9958 -10.1964 70
9.75115 -0.758704 70
-0.529481 -0.442814 70
-59.0442 -58.768 70
0.257988 -9.38456 70
1.45011 0.556276 70
-10.8667 -9.69297 70
1.41489 -1.04583 70
10.3656 -19.6112 70
-1.07234 41.3504 70
-8.91192 -19.3438 70
0.711425 9.82164 70
9.98688 -9.6152 70
-40.4272 119.703 70
-0.0639107 -9.23732 70
-10.2914 -8.83736 70
0.052926 -9.84179 70
-1.2321 0.0146569 70
0.198188 -1.06565 70
-0.301223 0.583229 70
-30.1703 19.4529 70
-8.81062 -0.0978777 70
-10.5156 8.6265 70
-11.2198 11.3661 70
-20.3025 -39.9434 70
-40.7003 9.30543 70
11.3435 -21.369 70
9.67461 -11.2477 70
-9.41591 -18.7508 70
-9.82022 -20.8466 70
-10.3761 18.5727 70
-1.20297 -1.28988 70
-0.0529798 9.28836 70
-9.47139 -0.912377 70
-0.292387 -9.37756 70
-30.9317 -8.89318 70
10.3338 0.98364 70
-10.9036 9.85432 70
-9.78739 -11.3087 70
-0.617562 1.04163 70
0.589126 -10.3735 70
-8.55522 -20.6658 70
10.1695 -90.4549 70
-0.533899 -9.87181 70
-8.85431 -0.49632 70
-9.60608 -10.1652 70
10.9973 18.81 70
-19.1335 20.121 70
-0.334782 -19.9271 70
-28.8507 -9.00297 70
-0.273005 0.317233 70
10.2184 8.79724 70
-0.286789 0.943467 70
-0.899138 -28.6532 70
-9.71228 -9.29916 70
0.532317 -11.3446 70
-0.584689 -9.92429 70
-1.03197 -0.0120636 70
-1.24798 1.11517 70
-10.1978 -1.27748 70
-8.81672 20.0822 70
-21.3365 -19.8725 70
-19.8665 -19.706 70
-10.9729 -11.0078 70
-19.2431 -18.8127 70
1.34032 -0.741132 70
11.3095 -10.6147 70
1.46715 -10.739 70
10.1552 -11.4916 70
10.33 -9.58285 70
1.25018 -21.4528 70
-9.08538 -0.511569 70
1.10465 -19.9459 70
-30.1954 -1.3218 70
-1.45071 0.197061 70
-10.361 -11.3547 70
9.36891 -11.2551 70
-1.20451 -8.99209 70
0.285176 -11.252 70
-11.2147 -8.88785 70
-9.8839 -0.563186 70
0.160989 1.11888 70
-8.76658 0.372435 70
21.3017 10.5832 70
-1.04188 9.34464 70
-1.14274 -9.28384 70
-1.06284 1.38476 70
-98.8539 79.7085 70
0.559823 -9.47862 70
-10.7612 0.426819 70
0.648572 -40.7342 70
-1.19634 -10.4834 70
1.42721 -9.37068 70
-10.0771 -10.1852 70
1.1324 -10.5149 70
1.1862 -1.08037 70
-21.1749 28.5484 70
-8.74549 -10.6621 70
-0.64237 30.9845 70
-0.022792 -10.9885 70
10.2566 -1.07764 70
-21.2352 -0.616156 70
-19.7232 1.47375 70
-8.67078 -10.6993 70
11.3771 -10.199 70
0.486478 0.514058 70
-8.92415 0.556497 70
-10.2203 10.3829 70
1.26211 1.23325 70
11.1541 -10.8234 70
0.638126 -1.33328 70
-0.0341455 0.728536 70
1.11777 0.37244 70
-8.76442 -8.70893 70
-0.976409 -0.18543 70
-1.13776 0.837049 70
31.3315 -9.77225 70
-1.42394 -9.97219 70
-11.02 -0.593535 70
-0.72192 -0.216405 70
-1.10638 1.40119 70
1.00839 -41.0021 70
-10.5288 0.665976 70
-48.5071 50.6281 70
-19.8589 -19.2116 70
-10.9392 1.20604 70
-11.1396 -9.34973 70
78.9734 -90.8487 70
-0.615813 -0.0186865 70
1.19741 -1.48907 70
1.36239 -8.79283 70
-0.50706 0.631242 70
8.6683 -30.326 70
9.4242 -31.2809 70
-9.58111 -10.1944 70
9.37736 -0.816128 70
-38.7663 9.54054 70
-70.8809 9.53369 70
-20.0882 21.2558 70
-0.53992 1.0933 70
-0.514866 11.2357 70
11.3294 -10.6638 70
0.130934 -0.910245 70
30.6851 -0.10579 70
-0.477966 -0.86138 70
-0.719927 -1.43685 70
1.45016 -0.978199 70
-1.39561 0.110378 70
18.9464 -1.12763 70
1.03622 -11.2704 70
-1.44115 -10.7956 70
-0.324642 0.046247 70
-1.21219 0.67644 70
-20.7378 -50.912 70
-30.1634 -0.972648 70
-69.4737 31.4997 70
-0.0357021 -31.4147 70
30.5738 -88.7809 70
20.9891 -10.7027 70
19.3366 -10.3137 70
11.2318 -18.817 70
-8.63157 -0.929274 70
-9.57254 -1.33956 70
-0.343617 0.604587 70
9.06244 -58.6615 70
-9.18778 -9.04167 70
1.45869 -0.145524 70
-1.18268 -0.469913 70
-0.537794 -1.42694 70
-39.0664 -19.3004 70
-10.4381 1.28066 70
-10.5966 -9.64302 70
-110.658 -79.8635 70
-111.318 -80.8826 70
0.71381 0.149627 70
9.6241 1.2414 70
0.154918 -1.06177 70
-9.13917 -9.53746 70
0.353947 -0.202134 70
1.33276 -0.577915 70
-10.0637 9.87371 70
-11.2615 -0.477017 70
0.400472 -10.4683 70
-1.24266 0.516506 70
-59.2364 -59.1205 70
-0.0407433 -10.6533 70
19.4499 -30.5849 70
-0.268089 29.3187 70
-0.311289 -9.25643 70
-11.2533 -30.6715 70
9.16449 -11.0188 70
0.641733 -8.63775 70
-28.9459 -51.0118 70
0.851442 -11.3201 70
40.1773 19.9099 70
1.00325 -11.3224 70
-10.3763 -10.5635 70
-9.66453 -10.7187 70
0.326315 -10.4555 70
0.58321 -18.7478 70
-0.301886 -10.7551 70
-1.00314 -11.471 70
29.0617 11.3723 70
-1.36759 19.8595 70
19.2683 9.99313 70
0.900252 -1.1751 70
1.09603 -0.0552392 70
-11.4401 -20.2759 70
-28.522 -1.0472 70
-1.21792 -11.3965 70
-1.12517 10.9375 70
-9.93935 11.2586 70
-0.603107 -18.9745 70
0.388625 0.322397 70
30.2196 -9.15031 70
9.95041 1.18436 70
-78.8786 -79.5568 70
-21.1952 -1.22853 70
-0.0966478 -18.5245 70
-71.4928 48.8015 70
-1.44288 1.14552 70
0.957333 -0.708405 70
0.840825 -1.18523 70
-19.5177 -0.456856 70
10.6497 -9.97783 70
10.6703 -9.60454 70
-0.243666 -0.235372 70
0.833918 0.858596 70
-10.0022 -10.902 70
-0.281392 -9.03729 70
-0.954939 -11.2818 70
-10.0945 -0.494736 70
-0.107186 -20.7896 70
-9.73623 -10.2212 70
10.2719 10.2149 70
-9.72094 -9.86029 70
-8.63087 -11.3078 70
-9.98773 -10.009 70
0.696003 -10.1756 70
-1.33741 0.666096 70
-0.166621 -1.401 70
0.761014 -9.55537 70
-0.51186 -9.5167 70
-0.836977 -0.822265 70
-10.5708 -10.6395 70
-9.33396 -9.98171 70
10.8599 20.1972 70
10.4694 -10.4553 70
10.0593 10.4029 70
0.97802 -20.3447 70
0.362008 -9.17053 70
-11.0456 0.461853 70
-39.7892 -1.07762 70
-20.2575 29.8737 70
-10.9191 -10.5488 70
0.397741 -0.72444 70
0.23574 0.126231 70
1.37288 0.170577 70
-11.3191 -10.981 70
-0.953394 -30.1495 70
11.0925 11.3507 70
-0.199082 -10.5987 70
8.86658 -0.311151 70
-0.730038 -9.77355 70
-10.3154 0.0144084 70
-11.0599 -18.9152 70
-0.244866 -10.3863 70
-1.03433 11.3147 70
11.3723 -0.0583833 70
-1.10258 -1.02909 70
-9.38599 28.6292 70
-0.292043 -9.22536 70
28.8608 -51.3497 70
-1.05439 1.13063 70
20.362 -10.9977 70
0.839473 -10.2015 70
0.589554 1.30536 70
-0.223951 -10.4838 70
10.8327 -19.8692 70
20.2747 -1.16929 70
-100.569 -29.2888 70
9.61171 -10.5009 70
-8.54164 1.49484 70
-18.7512 -0.0140535 70
-18.5762 0.495507 70
-1.12393 1.20896 70
-19.1696 -8.89001 70
0.150149 -0.802283 70
0.818734 -8.7573 70
-9.90133 -10.7319 70
-11.0411 -29.2029 70
11.3442 -8.99863 70
68.7998 -30.755 70
19.5223 -28.7531 70
-0.809169 -18.6734 70
-9.76282 -10.2456 70
-30.6354 -50.6094 70
-11.0549 18.7576 70
-9.1827 0.473757 70
-1.00689 -20.6358 70
21.0394 29.9396 70
-0.415199 -1.09981 70
-0.0183456 -0.76203 70
9.85741 -10.8944 70
-21.4414 -0.439176 70
-8.67008 -11.0147 70
0.534262 0.67891 70
0.751437 1.08127 70
-11.4978 -8.59234 70
-0.592116 -8.70519 70
-29.8444 1.49482 70
-1.03287 0.728166 70
10.7565 -9.72411 70
0.27988 -30.7798 70
-19.6915 -50.1505 70
-20.6021 -50.082 70
1.14883 -1.10163 70
-0.754274 10.536 70
-18.8027 -9.77639 70
1.04135 -11.1343 70
-30.8194 8.60815 70
8.96305 -1.38596 70
11.3312 -0.841715 70
9.70917 -11.2743 70
-41.0376 -18.8282 70
-0.141259 -0.928338 70
9.25216 0.021664 70
-20.734 -9.13696 70
9.67262 8.86441 70
-0.65185 0.43203 70
0.027712 0.529454 70
-0.729543 -1.12581 70
-0.864805 1.47512 70
10.2204 -0.836379 70
-10.6377 -0.976927 70
-10.5528 -1.09254 70
-9.02 10.6701 70
-1.13627 10.2327 70
18.6007 9.29596 70
0.90212 -10.8429 70
-0.173501 -9.33836 70
9.79112 10.6834 70
-0.528673 0.205109 70
-20.3679 -8.69137 70
-0.526674 8.65587 70
0.547173 -10.2337 70
8.67366 19.8387 70
-11.1301 0.76234 70
-1.15366 -0.777836 70
10.603 -49.7562 70
-20.1788 -1.09872 70
59.5198 -40.7208 70
1.47269 -9.7743 70
-9.59619 0.799598 70
-11.2585 -28.8323 70
10.2341 0.615755 70
-9.4223 19.7946 70
-0.339976 -10.7885 70
-10.58 -9.21374 70
-9.35598 10.1316 70
51.4315 89.3008 70
-9.26156 0.46589 70
18.7458 0.2536 70
20.4402 9.84492 70
-1.04327 -9.88531 70
-10.0817 0.806061 70
1.46684 -11.0726 70
-8.98235 21.1223 70
20.0554 1.08336 70
9.33176 -100.568 70
0.174254 10.3714 70
0.935691 0.429695 70
10.6703 -18.9178 70
-10.3322 -0.695244 70
39.7316 9.67957 70
-0.456077 -0.327566 70
8.56604 9.5521 70
-8.75476 -9.11125 70
10.9957 0.703841 70
-10.3941 9.22703 70
11.0039 -8.59054 70
-9.23354 -10.1283 70
18.9148 -11.2768 70
