-19.6536 10.2169 70
0.415326 -0.135615 70
-8.97831 -19.8711 70
0.97663 1.18251 70
10.1659 10.5737 70
0.298643 -1.25038 70
-10.9182 9.43071 70
8.50621 -0.920168 70
-30.4599 -30.7861 70
0.547237 -0.511741 70
-31.4976 30.769 70
-0.9021 -1.36713 70
-9.78603 -0.623951 70
10.7019 9.02664 70
-0.840626 -1.31831 70
1.06291 -1.43248 70
-1.15561 0.465854 70
-0.127941 11.0449 70
-10.3646 -10.5675 70
0.259852 -8.70075 70
-19.8695 -0.0757978 70
1.40709 0.575663 70
0.950164 -1.02767 70
-10.684 -9.19583 70
10.5918 -8.5071 70
0.039316 1.03908 70
0.0695116 0.807992 70
-40.2529 30.8423 70
10.2696 0.155352 70
-20.3905 40.2604 70
1.39888 -9.09341 70
21.1045 -9.14316 70
8.50615 -1.17402 70
-21.0278 0.915467 70
0.675884 -0.246858 70
-0.0129824 1.18598 70
-0.389078 -1.37171 70
-1.38332 0.710721 70
1.43762 9.45702 70
38.87 -28.8502 70
9.00935 10.6972 70
9.34697 10.5391 70
-0.654352 -0.528281 70
-21.4582 -1.26217 70
-20.3402 -1.30659 70
-10.8219 -9.61236 70
0.75998 0.296818 70
-1.15706 -0.880012 70
-19.4384 -41.3783 70
1.40746 0.74929 70
9.33559 -10.9769 70
0.728598 -9.74654 70
-10.2061 1.48123 70
-0.310773 0.349554 70
0.376654 -0.41274 70
-1.22472 -1.06532 70
48.5707 -10.5537 70
-0.355613 -0.700073 70
-20.3327 -121.222 70
0.604117 1.35901 70
9.34253 0.538222 70
-0.695613 -0.44778 70
0.417959 -1.2406 70
-9.06022 -11.4234 70
9.93494 9.8119 70
8.76929 10.5914 70
0.436663 -28.7231 70
-18.5915 9.46328 70
-0.750363 -0.336884 70
-0.315523 0.571498 70
-11.3336 -0.672353 70
-8.84519 -8.84141 70
-8.90001 8.56557 70
1.48649 -0.582332 70
-11.0136 29.2148 70
1.4113 -0.0203499 70
0.734549 1.1405 70
0.424806 -0.25683 70
-0.928337 -0.667772 70
-119.929 120.488 70
1.26219 8.61679 70
-1.38093 9.11589 70
-8.89455 -10.4831 70
-1.23024 -0.409298 70
10.9287 -0.256986 70
20.844 8.89882 70
-8.79436 10.5358 70
-30.7162 -28.8549 70
9.98623 -10.4943 70
50.1061 10.2717 70
8.60434 -0.0635564 70
0.482824 0.988953 70
-0.632369 -0.403321 70
-0.69127 -0.647431 70
9.95124 -0.35731 70
1.20384 9.61995 70
-8.55329 -9.14467 70
-20.0174 -10.2922 70
0.851928 1.10247 70
1.16555 -1.45705 70
8.86542 -0.188422 70
-10.8311 -1.33693 70
-0.00205414 0.873147 70
-8.5161 1.07677 70
-0.411866 -0.977593 70
-10.4122 -31.0293 70
0.540836 -0.177321 70
-0.376194 0.477905 70
0.932489 -1.24599 70
-0.649806 1.4218 70
-0.0926381 0.0910609 70
-1.47976 0.794278 70
10.564 -8.91421 70
1.23898 0.104044 70
9.54585 -9.26849 70
0.830748 -1.16402 70
1.48767 -20.2379 70
1.27183 -0.978331 70
9.12354 10.8919 70
10.1796 -30.7484 70
-0.647047 -0.80066 70
-0.719812 -8.64158 70
1.27421 0.797461 70
0.858475 -0.782048 70
1.17061 0.60885 70
1.15003 -1.01365 70
0.199105 -0.816436 70
0.510863 1.23224 70
-0.909708 -0.531439 70
1.19332 -0.683195 70
-0.458269 1.49403 70
8.86513 -20.2037 70
-0.0118544 28.5402 70
-0.30168 1.00566 70
11.0794 10.8952 70
-11.3029 -1.35537 70
20.3737 8.51933 70
-1.12637 0.545913 70
9.42191 0.521158 70
-0.823792 -11.3566 70
-0.879045 -0.0303922 70
-18.5816 -10.3124 70
-0.554926 0.00765271 70
-1.22179 0.552813 70
-19.8078 -0.539729 70
-8.74493 11.374 70
9.02368 -10.893 70
10.6307 -8.5118 70
-0.801729 -1.07789 70
-0.479663 -0.102868 70
-1.11958 49.4609 70
0.117928 0.341521 70
1.16457 0.551702 70
0.197435 -0.890434 70
-1.16207 0.396338 70
0.136035 -1.40252 70
-11.295 -0.222264 70
51.3208 50.5219 70
0.97475 -0.525242 70
9.80234 -18.5484 70
1.14264 -1.1723 70
0.0279244 1.45831 70
-0.0583623 0.0706929 70
-0.515609 8.74494 70
49.1992 -38.8693 70
-10.3301 18.5647 70
-0.8448 -0.998332 70
-10.1962 -10.7072 70
-119.424 108.585 70
1.22161 1.13071 70
40.5657 -1.02876 70
-21.2689 -0.278917 70
0.00460383 1.08099 70
-1.32246 0.167727 70
-19.1092 -49.8602 70
-40.0974 1.34257 70
-58.6012 -1.4053 70
1.29645 -1.23006 70
-1.20775 -10.9683 70
1.17507 10.8572 70
0.402908 1.36634 70
1.4309 -9.30138 70
8.91318 0.611468 70
-9.75066 -0.351347 70
28.8038 10.4655 70
1.3965 -0.485197 70
-10.1277 9.63751 70
0.0303584 -0.13299 70
0.825588 1.03536 70
-9.05351 -10.4505 70
-8.90846 31.3441 70
-0.588365 0.430539 70
-29.7624 21.4857 70
-9.5733 0.933096 70
-1.487 8.93083 70
10.5498 -19.8888 70
-10.9604 -10.8877 70
1.37047 -10.3711 70
-61.1087 -31.4667 70
0.33585 -0.169112 70
9.29217 -1.14071 70
8.60716 0.689142 70
0.74165 31.4652 70
10.2817 -9.45416 70
8.83877 9.82427 70
0.970684 -9.14811 70
-0.213495 0.935548 70
21.3115 9.0051 70
-1.24969 -18.691 70
0.437446 -20.8879 70
10.9093 9.68735 70
1.25349 -1.06943 70
0.317738 41.1927 70
28.8612 -19.3528 70
-39.4479 -21.019 70
0.00439594 -0.425215 70
19.9263 -10.1767 70
-0.236637 0.507144 70
-0.480298 -11.3783 70
-10.5482 0.564672 70
-9.77518 8.66626 70
0.673421 1.17419 70
-1.34816 1.4075 70
-21.2909 8.9538 70
-9.29719 -10.1063 70
0.184978 0.392308 70
-0.343194 19.8533 70
29.247 9.36778 70
-1.00031 -10.8783 70
11.2945 -0.577953 70
1.30953 0.295055 70
8.84478 -0.465255 70
-10.237 -0.791031 70
-10.4294 -0.399544 70
19.1868 9.24695 70
0.559863 0.690478 70
0.152861 -21.3706 70
1.36202 -10.2345 70
-0.0313338 9.35993 70
-0.198729 -31.2055 70
9.8926 0.738392 70
0.966643 1.26368 70
-9.5741 -9.77244 70
1.20754 -0.382173 70
-0.35524 0.336794 70
10.6871 -0.00954332 70
-0.592435 0.228294 70
0.853797 10.5137 70
-1.18248 -1.12161 70
-8.61285 -11.1905 70
-19.2405 -20.9195 70
0.107326 0.257522 70
-40.1675 9.37555 70
18.7559 -9.38889 70
-0.11428 20.207 70
-9.99686 -30.874 70
-0.89397 -0.673656 70
9.84817 -9.49687 70
-1.04787 -0.821169 70
-9.93829 11.1819 70
-1.10177 0.3103 70
-18.8827 -41.4788 70
-21.288 -39.7587 70
20.3649 -29.1452 70
0.93398 1.38199 70
10.8739 0.9781 70
-1.09972 0.332503 70
9.21814 1.30498 70
-1.45114 -1.17224 70
1.04861 10.7358 70
-0.765468 -8.7184 70
-19.6298 9.78105 70
-0.409483 -0.0829628 70
-9.15205 0.0272872 70
0.598019 -1.12453 70
-1.39483 -0.959797 70
-0.109296 48.8814 70
-10.6782 -10.4439 70
-0.85346 -10.7965 70
0.622436 10.3732 70
-0.189769 0.916423 70
-8.80816 0.740252 70
-0.739274 0.0229037 70
-10.1476 -1.38604 70
-0.676206 0.21318 70
9.97665 0.283786 70
-0.595887 0.27244 70
-0.34963 11.1754 70
1.28865 -0.00257594 70
-8.93323 1.13067 70
0.991656 -0.000226015 70
-0.99866 -9.03152 70
-0.536712 0.47265 70
1.08429 0.896419 70
19.9267 -18.5018 70
0.95317 -0.436197 70
0.763299 0.14906 70
-1.12947 -9.33991 70
-1.10347 -0.56536 70
-8.62696 9.46854 70
-29.0934 81.2802 70
-9.82527 -0.906952 70
-0.668071 10.809 70
8.76981 0.626416 70
-9.75583 10.6979 70
0.710448 1.01478 70
-0.117386 0.800568 70
0.681266 0.800061 70
1.20037 1.2225 70
0.254134 -0.866536 70
-0.852805 9.20376 70
0.853258 9.41726 70
-31.2731 -20.1763 70
9.49453 10.5686 70
-1.34418 -0.623695 70
11.1517 1.20872 70
-1.43002 1.20619 70
-1.11448 0.228376 70
-0.845148 -1.04196 70
0.866632 0.552867 70
-0.870772 11.1743 70
-88.9473 89.2168 70
10.123 11.0166 70
-0.47355 9.80441 70
-0.900183 9.49095 70
-0.209576 8.66465 70
0.972453 -0.561934 70
-0.900331 -18.7372 70
0.0234752 -0.607348 70
-9.9765 0.711224 70
-0.621053 0.221511 70
0.418094 -0.293083 70
1.11069 -19.1423 70
0.8284 0.867254 70
9.3045 -0.170092 70
-0.62946 0.217034 70
-10.1652 -19.6234 70
0.0353827 -0.236252 70
-0.721766 0.264801 70
9.42216 -10.7832 70
10.7506 -9.14932 70
-1.43772 -1.18681 70
0.301313 0.807436 70
-0.0677229 -0.205744 70
-21.4251 20.205 70
-0.492521 -8.91147 70
-0.226441 -0.220522 70
0.610655 0.813453 70
18.5316 10.7692 70
-0.988599 0.399196 70
-0.621396 -0.611433 70
-0.870315 1.41584 70
-10.3668 -20.6922 70
20.697 0.602294 70
-0.879953 -9.86815 70
-10.9002 19.4713 70
9.92605 29.1865 70
19.1317 1.32351 70
59.6231 28.5959 70
0.324417 -0.965335 70
-9.37805 -10.8554 70
10.9951 -9.93568 70
-0.479844 8.97374 70
0.138428 1.11866 70
0.566196 1.09414 70
0.808922 -1.24345 70
10.5811 -0.710061 70
-0.582543 1.48215 70
9.25299 9.49842 70
-19.3308 39.9345 70
-8.8815 -19.8945 70
1.17705 1.25238 70
-0.0320168 -10.6398 70
-0.859743 -1.13541 70
1.00713 0.459503 70
10.7519 1.10686 70
28.5995 -29.2028 70
29.7087 -10.9954 70
0.892525 0.535312 70
-0.897286 0.447121 70
0.215336 0.319752 70
41.1736 19.373 70
-0.526302 9.80821 70
0.355057 8.69677 70
-1.32309 0.287422 70
8.91754 -9.29793 70
-0.182072 9.86729 70
-0.920152 10.3502 70
0.227228 -1.07293 70
-9.57276 0.58635 70
9.11074 40.9734 70
0.509508 -1.12108 70
-19.754 -8.72517 70
0.0320859 19.5141 70
0.607316 -10.0559 70
-0.509859 -1.3918 70
-11.2008 18.6694 70
-0.429809 0.773497 70
0.923255 0.66444 70
-40.4933 8.9564 70
-40.6824 18.8159 70
-1.15727 1.20342 70
60.0941 1.24892 70
-0.778091 -11.4555 70
-79.7347 69.2845 70
-30.7772 -10.1864 70
21.1635 28.9429 70
0.45794 0.985654 70
9.90689 -10.9599 70
-9.82843 -20.1926 70
-8.81228 -9.58582 70
1.28646 -0.15529 70
-18.8976 8.73728 70
1.47011 -8.69807 70
0.0966652 -1.48641 70
-28.8097 -31.156 70
9.11861 -8.8764 70
-0.710172 -9.2144 70
0.130653 11.423 70
-0.600867 0.0532152 70
1.08759 -0.0817269 70
-0.913435 1.39553 70
1.00299 -19.4105 70
10.2647 18.5418 70
0.0175955 -1.49362 70
-0.839038 -0.585489 70
78.674 -30.7465 70
1.44862 -0.377595 70
-0.280223 -28.6963 70
-10.9315 30.171 70
9.19949 0.174906 70
-10.5509 -11.2451 70
-1.48976 -9.39483 70
-51.0592 29.4986 70
0.546289 0.843068 70
-1.43289 10.189 70
-1.26799 -1.25493 70
1.10935 -0.849457 70
0.853639 -0.765358 70
9.98504 -10.3406 70
-9.93902 -11.2654 70
-1.038 -10.7933 70
0.337464 10.8007 70
9.78165 -21.2657 70
-0.431818 0.297728 70
-10.9273 1.43913 70
19.1027 -20.8781 70
11.2197 11.1864 70
-0.0435857 -0.17128 70
0.760158 -0.938242 70
10.923 0.578797 70
-0.8494 -1.09835 70
-9.9233 80.8832 70
9.60017 0.990684 70
-10.9227 -10.9119 70
-0.188476 9.88881 70
1.30213 -0.400457 70
0.0645063 -0.0389076 70
10.7381 40.9472 70
0.263651 18.773 70
9.26804 -19.5042 70
1.40478 -0.313206 70
-0.625553 -1.096 70
-20.5025 1.3693 70
11.2056 -0.95688 70
10.9507 0.133801 70
1.08097 0.261579 70
-9.2886 -11.3516 70
-8.70094 29.5209 70
-38.8803 -30.3076 70
-1.01829 29.0289 70
-9.87413 -9.17793 70
-9.04717 -9.13152 70
9.25622 -9.51949 70
8.74428 -9.82158 70
9.11354 -11.3863 70
11.0088 0.681155 70
0.383356 -0.189424 70
-1.18929 -8.5865 70
0.659008 -1.41415 70
1.01465 0.979274 70
1.27603 0.55296 70
8.91919 0.0711731 70
9.89797 0.579753 70
0.865405 -1.48996 70
-1.01395 0.10306 70
0.899037 0.50277 70
-10.4279 18.9447 70
0.456625 21.0094 70
10.2546 -1.03083 70
-0.466205 9.42138 70
50.3314 50.7032 70
11.4732 11.452 70
-0.080062 -0.418051 70
-1.46576 -0.166939 70
1.45841 0.825316 70
1.34118 0.0741152 70
8.57178 -0.885305 70
1.31194 0.128846 70
-10.3937 19.7705 70
0.247443 0.528372 70
-1.27259 1.24939 70
-0.655316 -0.473071 70
-0.238512 -30.7857 70
-0.818798 0.456616 70
-41.0221 48.9441 70
10.0518 -0.514586 70
-9.82073 -8.97611 70
0.9768 0.413389 70
9.14514 10.0469 70
-1.34407 0.00094682 70
0.238141 0.603706 70
0.306562 -0.878475 70
8.50263 -10.282 70
9.12096 9.52797 70
-1.0847 -1.04718 70
-10.9195 -8.73468 70
-8.7523 -11.1497 70
1.27916 1.11901 70
1.41889 -1.08396 70
-0.432387 0.362606 70
-1.01086 1.00159 70
0.81596 -1.36441 70
-0.449697 -0.355426 70
-0.720578 0.712455 70
1.20839 -1.09666 70
19.386 0.592643 70
1.22904 1.21885 70
-0.926101 1.14099 70
-0.569846 0.260791 70
-0.714792 0.0842135 70
-11.2031 -8.58429 70
10.2118 -8.90711 70
9.55373 -8.52141 70
-1.19225 -0.344247 70
-0.771829 -1.02543 70
10.6571 9.1913 70
-11.0488 11.0285 70
-0.388309 -1.07363 70
-0.666419 1.09887 70
9.96633 -10.2773 70
-0.893082 -1.05597 70
-0.971255 -0.894677 70
0.0122015 -10.7606 70
-8.68715 -1.14752 70
10.9339 10.531 70
0.0129281 0.57344 70
-0.75433 -1.49539 70
0.325946 11.2397 70
0.971152 -0.700463 70
10.9071 10.9207 70
-0.851999 0.99549 70
0.524257 11.2846 70
-1.38592 -0.831536 70
1.10419 1.38914 70
-11.2032 -1.47181 70
1.01063 0.26575 70
-0.933503 10.6756 70
0.764503 11.4041 70
-0.940649 -8.64353 70
-0.425312 -0.173971 70
0.205963 -0.0326366 70
20.3305 0.316808 70
10.1144 1.01685 70
0.393985 -0.998562 70
0.528715 21.3909 70
-10.9408 10.3526 70
0.139745 1.44048 70
-10.9568 11.1387 70
-0.629621 -8.76291 70
-0.936826 -0.264615 70
-30.6992 30.985 70
-10.6913 -0.804566 70
-0.585756 9.02323 70
-10.4725 -10.8765 70
1.24466 0.895848 70
0.938435 0.613418 70
-0.960771 -0.140194 70
-9.9214 19.983 70
1.31719 9.38984 70
11.1828 11.4201 70
19.2515 0.906575 70
-10.8118 0.786583 70
-9.24716 -0.0778369 70
-1.1781 -0.332714 70
-0.497278 0.328797 70
19.2433 20.7197 70
-0.469647 8.59275 70
11.2665 -1.27922 70
10.9409 0.254319 70
0.608067 0.00140596 70
0.285475 -1.12585 70
9.942 -1.33605 70
-8.71971 -0.950139 70
20.5176 -28.8682 70
9.09048 11.3358 70
1.34731 -0.290465 70
-1.37675 0.696523 70
-20.1132 1.00854 70
-8.50289 -30.0029 70
9.80736 0.436535 70
-18.5075 10.3927 70
0.685619 -1.2233 70
-0.641147 -1.06447 70
10.9231 -10.0562 70
1.21118 0.654041 70
0.000663646 1.2407 70
-1.22469 1.46091 70
21.3804 8.96928 70
0.668234 -1.25999 70
-0.0385528 -0.427047 70
1.14183 -9.93217 70
1.44483 -0.527361 70
-0.0332824 -1.1894 70
-19.0825 9.19842 70
-1.39133 -31.1741 70
-0.434965 -0.273496 70
0.801452 1.06001 70
0.223891 -0.44584 70
-9.43597 -1.49444 70
-11.0871 10.0727 70
18.7399 -79.8645 70
0.0190762 9.17726 70
-18.8095 -11.2877 70
1.12683 0.90101 70
9.44717 -1.09681 70
9.38154 0.395233 70
19.6271 -8.71139 70
-9.6183 30.5898 70
1.26032 -1.19805 70
0.603174 1.04308 70
0.526288 -0.432567 70
10.0626 -11.0044 70
10.3505 1.22957 70
-8.87977 9.58782 70
1.46353 0.10426 70
-18.9837 -28.6801 70
0.228819 1.24716 70
-1.21615 -0.369766 70
-10.7086 10.9015 70
1.13869 0.988744 70
-0.00183762 11.1169 70
9.78237 8.88504 70
-0.217676 -0.847929 70
-1.28978 -0.539314 70
-9.19056 -0.268431 70
0.263314 -0.0321537 70
-31.0464 -89.3163 70
10.9106 9.17689 70
1.1036 -0.43477 70
0.64423 -0.978768 70
-11.4401 0.578966 70
-0.737405 -1.28444 70
0.204753 1.20793 70
8.72191 -11.0635 70
1.36129 -1.02134 70
0.761717 1.01425 70
-1.02829 -0.391718 70
-0.172333 -1.47412 70
-0.694202 -9.87713 70
-0.130349 -10.0365 70
9.69948 0.0677858 70
-0.777481 -1.26615 70
-0.290279 0.912393 70
9.95029 -1.39278 70
-11.1626 -1.43097 70
-19.799 20.8983 70
40.3293 49.7655 70
39.7581 50.045 70
0.501865 -10.0025 70
0.121421 0.8131 70
-1.33165 -1.43307 70
20.0536 0.00571232 70
-1.19401 -0.426809 70
-10.8119 0.9497 70
-8.6118 20.1532 70
18.6363 -38.6179 70
-1.34184 0.649557 70
-8.55486 -0.141807 70
-0.126329 9.87392 70
-29.5263 20.3274 70
-19.4108 -0.0121074 70
1.41792 8.57311 70
-9.72212 -10.168 70
-18.916 -0.763954 70
21.2018 0.35683 70
-0.375576 0.575617 70
1.42223 0.64798 70
18.7383 9.80779 70
21.2704 30.7945 70
10.5644 19.24 70
0.857646 9.08852 70
0.52982 -10.7314 70
-9.17691 -0.851128 70
1.10953 0.453683 70
-10.4453 -0.729144 70
0.584014 1.23244 70
0.929922 1.3045 70
-0.224636 10.956 70
-9.41166 19.5069 70
-41.3217 -49.4534 70
-0.581523 -0.608944 70
-0.868446 0.86734 70
10.3947 19.7911 70
-0.985906 11.4655 70
0.939652 9.27058 70
-21.4339 -0.661647 70
19.7622 -20.5301 70
-1.00146 -0.396427 70
10.2485 10.7233 70
10.4962 -9.21286 70
-0.791893 -1.17636 70
8.89433 30.5327 70
-10.2748 0.98143 70
-0.295025 0.708303 70
1.24619 -1.21813 70
-9.69615 -0.365339 70
1.09543 -0.880292 70
-1.38056 -1.26119 70
-0.929784 0.799342 70
-1.33248 0.778934 70
29.4221 -21.2605 70
1.41903 -0.629012 70
-1.30045 -0.0907875 70
20.1509 -11.1075 70
0.525485 -0.64673 70
0.20828 -0.63958 70
-1.49347 0.0750926 70
-18.7523 -19.1392 70
-20.6674 9.62859 70
-1.21387 10.6942 70
-10.33 -1.17785 70
29.8357 38.9076 70
0.620956 1.08996 70
10.9238 -1.42892 70
-0.392648 -1.10081 70
-29.2168 -8.53765 70
1.39933 9.98117 70
21.1114 -0.0768762 70
-0.269735 0.0394381 70
29.2181 70.0841 70
1.49895 1.45268 70
-0.979398 -9.92076 70
-0.696683 -1.42349 70
8.86085 -0.975431 70
19.7601 -1.24783 70
-0.965705 -1.3086 70
-20.8783 18.9814 70
-78.6667 -10.9133 70
-9.4627 0.916627 70
9.72893 -10.4238 70
-1.27307 1.35586 70
-0.822488 -1.00398 70
-21.2291 -9.35304 70
10.5205 -0.0264321 70
8.9649 -0.801626 70
1.35681 8.99152 70
0.417366 -1.43097 70
0.180936 1.06911 70
10.2177 0.59209 70
-1.17046 1.35444 70
-0.712804 -0.313753 70
9.51515 0.770188 70
9.27851 0.129676 70
1.39242 1.45835 70
29.5753 -70.9338 70
0.4162 -0.0608257 70
0.180535 -1.33926 70
-70.1255 31.2677 70
-9.26347 -11.4838 70
-1.42 -0.930993 70
40.2117 49.8337 70
9.43267 -10.8155 70
10.7379 -8.72514 70
0.510517 -0.595287 70
-1.16877 -1.21006 70
-21.3512 20.5409 70
-20.9598 19.203 70
1.36076 20.5855 70
-0.532559 -0.548283 70
0.106065 -21.1543 70
1.13744 0.653537 70
8.69661 -1.38074 70
-19.5429 0.119098 70
-1.39602 -0.828729 70
1.29982 -1.2234 70
10.7597 -0.0903716 70
10.1972 -0.481065 70
0.500629 -30.8046 70
-1.40187 0.833941 70
-0.702755 1.37976 70
60.8345 20.65 70
9.69221 10.7089 70
-0.759287 1.15596 70
21.4983 20.9005 70
-0.256637 0.837014 70
-19.4195 -9.79464 70
-9.25748 9.87249 70
-1.22281 -1.22553 70
1.1463 -0.639426 70
-1.12923 -1.22547 70
-1.28597 8.7831 70
-0.800562 10.3013 70
0.770592 0.431226 70
0.869542 -0.444017 70
-0.757636 0.760538 70
0.586832 0.774794 70
-0.517644 -1.08393 70
1.06113 -0.218814 70
1.00704 0.602913 70
-0.203728 -0.0496142 70
-0.900541 -1.06357 70
-0.351891 1.04767 70
9.97001 -1.35024 70
0.562564 0.464322 70
79.5755 -60.1808 70
1.43553 0.619694 70
-0.917468 0.374767 70
0.379036 -1.43293 70
-0.218342 -8.87835 70
1.07104 0.368345 70
-1.11242 -0.928728 70
0.834722 0.0560814 70
-0.00569217 1.45265 70
0.437904 20.0854 70
40.1117 -31.4779 70
1.38805 0.080141 70
-0.335993 0.904262 70
-1.26632 -0.680689 70
0.482384 -0.792565 70
1.2084 10.0534 70
-19.3174 28.5098 70
-1.39062 -1.11273 70
0.285236 -9.72646 70
0.693434 0.901253 70
21.0793 11.4116 70
9.58756 8.76176 70
-0.97253 0.864525 70
8.74227 -0.899721 70
19.3792 -1.22621 70
11.1741 -10.3251 70
1.37216 0.59433 70
49.4831 8.88717 70
