-0.125407 0.981983 70
-1.32723 -0.723561 70
-1.25187 8.64853 70
-0.171112 -0.858059 70
11.2171 8.55086 70
11.4526 11.0994 70
1.0865 0.747268 70
1.28544 -40.3041 70
9.30479 9.66454 70
0.648088 58.8211 70
1.34404 59.3689 70
-0.679793 -1.14652 70
8.85031 9.73735 70
-8.65398 9.48392 70
0.926269 0.66773 70
9.33594 -0.667425 70
18.8813 -9.13271 70
20.2039 -10.7586 70
-18.7437 -10.7984 70
38.8648 -1.2574 70
10.8284 10.3406 70
-1.10006 8.65493 70
-0.766151 8.72593 70
0.125603 1.13743 70
19.3492 9.04986 70
0.375624 0.580762 70
0.627627 0.629158 70
-0.930686 11.1948 70
-0.125198 9.17574 70
0.719373 -1.00869 70
0.783586 -1.02199 70
-1.47976 -8.68878 70
10.736 -8.9694 70
-10.7938 -9.17244 70
0.526748 0.810469 70
-1.37531 -0.883918 70
-29.2657 -50.7532 70
-0.947388 -0.0128313 70
0.614857 18.6905 70
-1.07077 0.719101 70
-9.69504 8.53847 70
0.178535 -1.06717 70
10.8677 0.0408284 70
-1.203 -0.794245 70
20.6011 -10.5164 70
10.4764 29.9871 70
-0.376518 -1.13428 70
-8.83144 20.108 70
8.64125 -9.84643 70
-0.847244 9.41048 70
-1.44289 -0.648423 70
-0.31222 1.38797 70
-30.7807 -1.08981 70
-0.838947 -11.0134 70
-1.19743 1.26979 70
10.6795 0.407828 70
0.00498924 -0.705434 70
-0.463222 -10.8807 70
10.0438 8.87275 70
9.66308 0.595798 70
-18.7678 1.24993 70
8.52103 10.7248 70
1.04461 -20.5283 70
0.977633 -18.9212 70
0.310207 -0.163938 70
-1.30787 0.606055 70
1.14335 -0.80764 70
1.0836 0.910143 70
1.30294 -0.309743 70
10.4841 -9.2525 70
1.10552 -10.9564 70
1.23911 -9.53241 70
-0.980086 0.39167 70
-0.471054 -0.043749 70
-0.77526 0.298496 70
18.7372 9.8909 70
21.1789 10.5003 70
10.5588 -0.019686 70
11.0506 0.0701999 70
1.35338 -0.887635 70
1.03165 1.42022 70
58.797 -119.488 70
-50.2537 11.4263 70
11.4579 -0.263567 70
-0.485809 -9.36366 70
0.438254 -1.20521 70
-9.34024 -8.99253 70
0.459012 38.7746 70
0.173074 -0.977631 70
-11.4384 49.6996 70
20.9931 -1.24238 70
11.0428 -0.656931 70
-0.34108 0.938021 70
-18.5062 11.3398 70
8.75221 10.2062 70
-29.1827 -1.19083 70
-10.8545 8.6877 70
-30.5237 0.0156322 70
-1.1076 -0.553467 70
1.39247 1.14914 70
0.610357 9.87523 70
0.887908 -1.48663 70
0.816102 -1.3148 70
-20.1406 0.995617 70
9.02841 1.39808 70
11.3172 -0.856555 70
-60.0354 9.4806 70
11.3553 -0.310508 70
8.97869 1.28059 70
0.637711 9.90331 70
-10.7012 0.831816 70
-0.943256 0.832925 70
28.9207 -68.5728 70
1.12971 -0.505904 70
-29.6137 -11.0901 70
19.2331 0.855803 70
0.933371 -0.468981 70
8.58312 -0.758171 70
1.29666 0.544758 70
0.084158 11.1414 70
1.07039 30.4979 70
-1.12376 -1.21986 70
1.26733 -1.25063 70
-10.7462 11.2905 70
-21.1375 19.1304 70
1.23331 8.58888 70
10.2554 -11.2796 70
0.881807 10.114 70
-9.6908 -0.978375 70
-1.32294 -0.63371 70
28.5644 58.5239 70
9.14537 -11.0526 70
1.43187 11.2451 70
0.906603 -0.492981 70
10.0343 9.72513 70
8.52359 -29.4206 70
-10.3452 -0.544121 70
1.22977 -20.2012 70
-9.5198 -1.30902 70
1.28619 0.843493 70
11.0333 9.43396 70
1.17276 21.0356 70
-11.4045 -1.46709 70
-1.21391 -1.40461 70
-8.98041 -19.4748 70
10.6845 -0.39105 70
9.69543 -9.7379 70
21.033 10.0051 70
10.5142 -0.216198 70
1.24508 -1.13314 70
-0.219792 0.801262 70
48.9248 20.8686 70
-0.56865 -0.0794001 70
-1.27872 -30.1981 70
9.14155 30.8531 70
21.0268 -29.1269 70
9.92931 10.7579 70
-49.5869 100.9 70
8.73813 30.0225 70
-8.96603 -10.2877 70
1.31621 20.5106 70
-20.6912 -8.86053 70
-10.4568 10.2765 70
-0.118048 -9.50891 70
-0.242435 -9.01259 70
18.6396 10.0373 70
-18.7451 19.5 70
29.7105 -9.6912 70
0.0837943 -11.4833 70
11.3583 -10.1768 70
-0.222623 1.41562 70
-0.454145 0.376796 70
19.1916 -9.52007 70
1.31329 0.20659 70
1.01721 -1.34936 70
9.22215 9.09097 70
-1.25228 -9.61222 70
9.84194 10.9937 70
8.63846 8.52924 70
9.87794 1.49463 70
10.4316 1.1223 70
-8.9454 -9.91607 70
10.3905 -0.679901 70
10.4319 -0.51227 70
0.353674 48.8498 70
-9.85733 10.6139 70
11.4226 1.26221 70
9.15829 10.8926 70
9.75323 9.14118 70
0.154723 -0.757902 70
19.5333 19.4689 70
18.8067 18.7372 70
-50.7536 69.7884 70
9.35548 0.165979 70
0.488801 8.59264 70
1.43047 -0.222381 70
29.4574 20.6487 70
0.941333 0.0796799 70
99.6096 109.675 70
-9.93743 9.67076 70
9.3743 0.145243 70
-0.80146 0.954042 70
0.195944 1.24954 70
0.651454 -0.256632 70
11.3001 0.410286 70
1.45272 -0.798286 70
-1.25967 10.4378 70
9.49188 -0.957371 70
89.8178 -99.7248 70
-19.7192 18.9806 70
-49.7717 -31.0851 70
-0.784103 -1.41521 70
1.29354 10.4185 70
-9.27371 -11.1249 70
8.51062 1.42623 70
9.16181 30.7105 70
-0.757767 9.89719 70
-9.10931 -19.2961 70
-0.734267 -1.15931 70
9.21855 11.4324 70
0.687371 1.13399 70
-20.5191 11.2833 70
-0.995413 -0.252794 70
9.8477 -10.7471 70
-10.2939 10.5297 70
-9.52248 9.06422 70
19.674 -1.40319 70
-18.5642 9.87235 70
1.25469 -0.172827 70
9.20469 0.591092 70
-0.831316 9.05709 70
39.6414 -9.12083 70
10.9095 -30.6684 70
-0.00578744 48.7311 70
-9.46862 1.05304 70
0.962929 8.88128 70
-1.03983 9.33419 70
-9.90036 10.9708 70
-39.3608 29.791 70
0.910523 9.94952 70
-0.81416 0.63525 70
-0.682945 0.346116 70
-0.277798 -0.417065 70
8.83154 1.03898 70
-10.8355 10.5028 70
20.0263 20.1018 70
1.00566 -0.34327 70
-0.152355 1.24591 70
20.6981 19.0023 70
0.0619043 0.254854 70
0.256249 50.8967 70
0.0738865 48.9707 70
8.65879 -9.94464 70
1.23584 0.937932 70
9.37969 9.42295 70
11.3093 20.4831 70
1.27652 -0.598513 70
0.127805 8.77916 70
21.0272 0.917471 70
-0.134697 -0.0133038 70
-0.829351 -1.26752 70
9.99704 0.0247539 70
1.06558 8.83387 70
20.3755 0.17369 70
-31.1926 1.43114 70
-1.32741 39.7459 70
80.3154 59.9607 70
10.9929 10.4798 70
-100.005 -9.89572 70
9.69017 -1.1671 70
-0.101482 -0.481895 70
10.4183 -21.1241 70
10.475 -18.9198 70
19.4173 29.3241 70
1.34587 -8.52135 70
-0.0931078 10.0116 70
9.73907 9.8686 70
-1.18847 -0.65946 70
29.9934 8.97121 70
-10.7727 -0.824169 70
20.6062 39.4736 70
-8.88126 -19.8916 70
0.962878 1.05107 70
-0.191782 8.83168 70
20.6655 8.80958 70
-0.484399 0.411124 70
0.405597 -0.477781 70
9.88885 0.222967 70
-0.60991 -0.838583 70
-10.3159 8.55735 70
-0.210217 10.1841 70
-10.1183 -0.185308 70
-0.0634124 -10.4981 70
-20.4865 28.9526 70
-0.914493 0.138538 70
-0.887988 -0.313537 70
-9.85458 -0.184705 70
-10.646 28.9965 70
1.35953 10.5989 70
-0.609952 9.62239 70
-0.855553 -1.0416 70
1.347 -1.45163 70
1.3924 -0.932938 70
-11.0276 -0.594197 70
0.763527 1.23995 70
8.85317 0.658043 70
1.32623 -0.264382 70
-10.9243 -0.330063 70
-0.122905 11.0233 70
-0.0707959 -0.326425 70
-9.64579 -9.85192 70
9.12446 -11.007 70
1.40822 0.0407273 70
0.627671 -0.247154 70
9.55521 8.94756 70
9.38575 -0.873098 70
-11.1758 1.31582 70
0.68752 -0.520268 70
0.807746 9.13096 70
-10.0946 -10.6067 70
21.3442 0.200776 70
0.51796 11.1478 70
8.87057 9.39467 70
0.15736 11.2002 70
21.0459 -59.7669 70
-9.64675 9.84365 70
-8.77045 -1.38635 70
-9.79818 -0.10865 70
0.920683 10.9293 70
1.31725 -0.588602 70
-1.26911 -0.609944 70
-0.816206 -0.348994 70
-0.749366 -0.345701 70
19.3227 0.624554 70
-10.8686 -0.415587 70
-8.58833 48.5221 70
0.209462 -8.55378 70
0.417398 1.0471 70
41.4103 -9.94142 70
0.926855 10.7263 70
-0.431625 -0.876741 70
40.117 20.5237 70
1.44075 -0.658501 70
-0.368423 -9.65727 70
31.0145 -21.434 70
8.92852 -40.0655 70
-18.9228 -0.481692 70
0.920059 -0.286251 70
10.0568 1.38192 70
1.0742 -21.1227 70
-1.04497 0.279974 70
8.91595 68.5758 70
1.49432 0.789864 70
1.3825 -0.287492 70
-0.559328 -10.5316 70
9.67116 -0.667817 70
0.700509 -0.83644 70
9.87912 0.875147 70
-0.0262416 10.8241 70
-0.749106 1.30253 70
-0.86696 11.2421 70
-0.4877 -0.137101 70
0.288992 1.15593 70
-0.71509 -0.150378 70
19.6824 19.899 70
0.486869 0.438208 70
-8.83226 -0.970847 70
10.6988 20.8413 70
-21.1491 -59.37 70
0.274372 -0.310409 70
11.2164 -0.635254 70
1.33718 0.525549 70
31.0184 -29.5305 70
1.33901 9.22085 70
1.47024 21.0536 70
0.339046 0.995602 70
1.40938 11.0702 70
20.703 -0.118347 70
-11.0445 41.0603 70
61.3047 19.6572 70
20.724 -0.17828 70
-10.7991 18.9419 70
-18.5919 -10.1907 70
-9.24484 18.8324 70
-0.897671 10.835 70
9.34482 0.794434 70
0.35991 -1.19311 70
11.4714 8.69592 70
11.1889 28.9672 70
1.49841 0.0673071 70
10.2039 9.45203 70
29.5198 10.0658 70
-41.0263 -9.00128 70
-0.010496 9.88645 70
-0.152624 10.2185 70
9.16911 0.799944 70
-61.2257 69.4165 70
1.08237 11.2 70
-11.2484 -0.768237 70
-1.10837 -0.4673 70
-11.0888 -8.66107 70
10.5946 -1.42679 70
9.80317 -20.3568 70
0.927718 0.763301 70
10.1219 -10.0214 70
20.0515 50.5424 70
0.714922 -0.579462 70
0.787904 31.3308 70
-1.02031 -0.0913461 70
-1.08595 -1.18613 70
9.04779 29.56 70
-11.0685 -31.1273 70
-0.106111 1.05364 70
0.858892 0.825721 70
-10.3765 10.5689 70
20.2377 -28.6332 70
31.4772 11.2258 70
29.3003 -9.81621 70
-0.733467 -0.637543 70
0.748632 -0.44773 70
1.36896 -0.710455 70
10.6497 -21.1118 70
8.90234 19.4066 70
9.00969 -8.79546 70
8.59965 -9.52744 70
1.18516 -0.204364 70
-0.664044 -31.1386 70
-11.3881 -41.4413 70
9.13969 10.2379 70
-1.44443 0.630597 70
-8.96644 20.3013 70
29.638 -38.9896 70
10.023 -0.335664 70
-0.769698 1.02732 70
-1.0466 0.260416 70
10.5565 0.365083 70
11.0525 10.6599 70
-20.6847 60.5526 70
0.433875 9.8026 70
20.6483 -0.821445 70
-8.58898 -0.402041 70
-100.262 -11.2128 70
9.34752 -9.43612 70
0.933329 -1.27112 70
0.868651 -0.163585 70
0.785245 9.6932 70
-1.27475 10.487 70
0.326769 10.2285 70
8.97805 0.998981 70
-0.650673 0.830668 70
20.2376 10.3883 70
-0.506527 0.816653 70
9.36961 10.4126 70
1.05938 30.1176 70
-20.2863 -11.171 70
10.9051 1.25051 70
-1.37306 10.4447 70
-0.399301 0.953114 70
0.495024 1.49378 70
49.9343 38.8585 70
9.52438 -20.5552 70
10.5035 1.04858 70
0.728815 8.69502 70
10.5609 1.28081 70
1.1261 -1.23309 70
0.794614 0.15943 70
-0.91741 0.615514 70
0.723339 -8.94918 70
-0.929817 -1.0653 70
8.72814 20.1933 70
11.491 0.16724 70
21.0894 0.921428 70
0.566545 10.1301 70
-49.1854 -28.8495 70
9.43213 1.3545 70
11.0358 -0.591848 70
11.1186 -0.104256 70
1.21138 0.330162 70
0.274937 -0.972111 70
1.00956 -1.06664 70
40.9813 29.926 70
-9.44707 -0.387281 70
-8.54432 -0.51905 70
0.626492 -0.407638 70
0.847934 1.32715 70
10.2404 -31.2054 70
11.2049 -31.2079 70
-0.197581 -10.3179 70
10.794 -1.43054 70
-30.1527 19.1842 70
-1.46403 1.23778 70
-70.9905 81.2306 70
-0.618915 -0.88884 70
-9.69864 11.1527 70
-0.438775 0.579146 70
-1.18533 -0.525588 70
0.240468 10.2719 70
51.4008 -91.3423 70
-10.2295 8.77567 70
-9.50197 -10.4452 70
1.35171 -1.14864 70
-61.3128 59.7448 70
-0.353845 1.47576 70
-8.61764 -0.658168 70
20.7429 -0.0303504 70
-0.136965 -0.730469 70
0.820922 1.35163 70
-9.46335 -0.825565 70
9.85931 -9.639 70
-10.6702 -10.5276 70
0.205365 9.79626 70
-1.334 11.396 70
-49.5611 20.2853 70
11.0791 9.77298 70
-0.00264205 0.462343 70
38.5744 -10.9779 70
-0.668727 -1.40809 70
-0.200617 1.41801 70
-10.9184 -9.89304 70
-8.55392 -11.336 70
100.959 50.7828 70
9.17802 0.503181 70
9.07565 9.6027 70
-10.5325 -0.63949 70
-0.456598 1.13252 70
-0.257431 -0.0381321 70
39.2525 1.1131 70
-0.558728 -10.4835 70
0.110202 -10.4128 70
0.936861 -11.2428 70
-0.0800283 0.932131 70
-0.364752 10.7286 70
-0.0678278 -0.908336 70
-9.9458 -1.48903 70
8.70301 -88.6869 70
-0.551637 0.677637 70
-18.5319 19.2575 70
1.27082 1.09132 70
10.2872 41.0147 70
-0.817778 -0.603922 70
0.756763 1.2089 70
-0.530045 -0.531168 70
-0.633975 -1.4766 70
-1.47342 8.60315 70
1.28416 9.37773 70
-8.97751 0.979673 70
-1.04452 0.261513 70
-1.4062 -0.977903 70
-0.784046 0.0553348 70
9.55752 -0.0364707 70
-1.01848 0.317233 70
-0.00265864 0.217269 70
-1.36317 -9.2546 70
-28.5085 8.52674 70
-9.99633 -20.585 70
-8.5748 -20.4895 70
-0.416977 21.2752 70
-0.903487 -0.769244 70
11.101 -8.60196 70
-9.48214 -0.922964 70
-70.8343 -70.1381 70
1.26961 9.65218 70
-0.633938 30.5895 70
-0.530101 -20.3856 70
0.410488 -1.4557 70
0.367043 -1.47882 70
0.617034 -0.967992 70
11.1317 1.15174 70
-1.12225 0.0867138 70
0.159936 1.17827 70
-20.0018 28.9609 70
0.359427 8.53011 70
-0.81108 28.746 70
10.1226 11.3438 70
0.510068 10.8718 70
10.8662 -9.30636 70
-1.44531 -0.893004 70
-9.1689 -1.00431 70
-69.769 -0.755366 70
8.63066 -1.04086 70
9.59666 -0.363452 70
10.721 -10.2396 70
10.8081 -10.0719 70
-1.36223 0.18822 70
0.390874 0.0169285 70
-89.8575 -1.04732 70
10.2401 8.66525 70
78.6246 -31.1073 70
9.57474 10.8704 70
0.848277 -0.313377 70
20.1633 11.0217 70
0.443336 0.978026 70
-9.31298 -41.0993 70
-9.13817 60.376 70
9.6039 10.2473 70
0.621676 -0.148998 70
8.82974 0.26069 70
-0.0508054 -11.0108 70
9.59513 -0.40797 70
-1.34537 1.14256 70
-0.10167 9.64424 70
-20.0131 0.502591 70
-0.695395 1.08594 70
-10.1293 -20.2351 70
-21.3793 9.03336 70
-0.835121 -11.3552 70
-0.753096 0.885513 70
-0.048316 -0.789501 70
10.9127 -0.145036 70
11.2421 -1.48651 70
1.43298 -1.44287 70
-1.38894 -9.14995 70
0.123947 8.462e-05 70
19.3423 21.3535 70
-1.31557 10.63 70
30.243 -0.42416 70
-11.4019 -19.826 70
0.0974678 -0.680529 70
-9.20883 -29.2066 70
20.7068 9.4406 70
19.6967 1.28279 70
19.4248 -1.31386 70
8.99813 -19.5244 70
0.963256 -0.855195 70
9.45489 20.618 70
0.689783 -8.90182 70
0.162531 1.26709 70
-11.4446 -40.713 70
-21.3884 9.28297 70
0.343753 8.91852 70
-1.12668 -0.651375 70
48.6249 -20.1336 70
-20.2052 -60.5409 70
0.701713 8.95674 70
9.3255 0.757942 70
80.0458 -59.2101 70
51.3969 -30.0296 70
11.0421 19.7435 70
1.08485 -0.247312 70
0.0559346 9.4234 70
-1.38441 0.134553 70
-9.19952 0.140072 70
-9.44006 -1.33276 70
-1.21917 70.9439 70
-0.38669 0.27347 70
8.78354 0.869651 70
0.355642 8.51608 70
8.66402 -0.427695 70
-18.8906 8.63893 70
29.7364 -28.5547 70
-1.29297 -0.576685 70
0.383817 1.17539 70
0.425195 0.457521 70
-0.731583 0.114148 70
0.341386 10.2947 70
-0.656912 -31.3131 70
0.171647 9.14447 70
0.118564 1.34786 70
30.6487 -29.3672 70
-20.3309 10.1286 70
20.2589 19.7874 70
0.862108 9.10665 70
8.70797 -9.26765 70
9.75898 -0.112955 70
-29.8633 -109.713 70
0.125808 0.517767 70
20.0974 -19.489 70
0.449988 -30.7807 70
-1.2092 -9.96296 70
20.6322 -0.0834455 70
20.3459 20.8829 70
1.07896 0.69986 70
0.462234 1.30106 70
-21.3792 -51.4178 70
1.27143 -11.3406 70
-0.994804 -10.3223 70
0.488326 11.4443 70
0.0325203 1.28091 70
0.120542 -0.130003 70
-1.40982 -1.11542 70
0.597656 0.215652 70
8.5263 0.415864 70
-1.43885 1.06211 70
-1.36589 -8.57359 70
11.1528 -9.17174 70
-0.549265 0.111618 70
-1.09253 19.2731 70
-9.60846 11.2501 70
-9.51488 0.0180418 70
-0.829971 -1.44988 70
9.91807 -0.1304 70
10.4116 10.5292 70
-0.868783 -0.189792 70
-0.240431 -20.6981 70
0.205915 -0.611336 70
-0.977596 -20.3706 70
0.876454 -0.265015 70
1.04925 -1.11873 70
8.90843 1.06444 70
-11.3981 -1.28215 70
10.9004 -10.924 70
-1.09839 0.393937 70
-0.0548056 0.856359 70
-1.03982 -0.156286 70
9.12404 0.447046 70
9.72589 19.777 70
0.234428 10.9893 70
0.0143863 1.33939 70
10.2577 11.4495 70
10.3131 31.2557 70
19.7864 -10.6621 70
-1.2616 19.5883 70
21.2653 -0.128152 70
9.22914 -10.0898 70
-0.712267 9.83084 70
-0.192347 9.73262 70
-0.925159 0.654384 70
0.983726 1.15757 70
-10.5195 -1.33029 70
0.157015 -0.081223 70
9.43822 21.4098 70
-0.0948197 -1.41995 70
10.926 -0.0384125 70
0.821455 20.5332 70
-1.11414 0.499027 70
-0.0458702 0.7347 70
0.000597854 -0.0574411 70
0.992805 -1.18686 70
-10.3569 -9.99593 70
30.8107 -30.4593 70
-0.225428 10.1653 70
8.76063 -1.49525 70
8.62964 -9.86636 70
39.4625 0.593725 70
31.3591 -1.15311 70
-8.72736 -10.9181 70
0.0774144 -21.235 70
9.86241 -10.393 70
0.224388 8.55275 70
-9.13484 9.89734 70
-0.396107 -0.0479586 70
91.0215 0.829175 70
1.02362 -0.114531 70
10.8065 0.477561 70
-0.0273041 -20.1467 70
0.221309 0.811508 70
-1.30052 -0.895463 70
0.631264 39.1791 70
0.771658 -39.4681 70
-0.400809 0.433076 70
19.9277 1.41388 70
0.849108 19.6673 70
9.48667 8.99521 70
9.84182 0.680443 70
1.17001 -0.559425 70
0.31738 11.2831 70
19.1579 30.7485 70
11.2961 -0.911539 70
-9.59242 -0.247039 70
-8.96692 -30.9973 70
-0.578726 9.05965 70
1.02166 8.8337 70
-8.81788 11.4723 70
9.80142 9.34459 70
0.98265 20.7669 70
