-9.36387 1.42505 70
0.900195 0.410092 70
1.47873 39.4196 70
0.0359454 -0.0160089 70
-0.146369 -1.38015 70
-1.06198 -0.319788 70
10.3944 10.9103 70
1.24034 -9.39787 70
-19.6396 -38.55 70
48.6623 -9.52256 70
0.609164 -0.00616555 70
0.830657 -0.846952 70
0.204162 -0.543057 70
0.746875 1.05128 70
-1.15969 1.2879 70
0.0977883 -0.188053 70
-21.1705 -21.0424 70
18.5134 -9.33116 70
10.0907 -9.35538 70
-0.445485 1.39167 70
0.0208631 0.35891 70
-20.9054 -0.218245 70
10.9313 1.19461 70
0.852679 11.2152 70
-0.22014 -0.883761 70
0.307649 10.6328 70
-0.111868 0.280219 70
10.5777 -8.54114 70
-0.589076 -0.86516 70
-0.00680434 0.784553 70
-8.95941 9.44336 70
1.20032 -0.597918 70
11.4196 -10.5953 70
0.0996188 -1.46719 70
0.330196 1.35938 70
-9.32192 9.90074 70
-0.260418 -0.0715189 70
-0.72141 1.39522 70
21.1512 30.5988 70
0.893659 -10.5597 70
0.269813 1.28636 70
-0.00951891 -1.25932 70
-60.1209 -28.7103 70
-60.9396 -30.266 70
1.15633 -1.21764 70
0.653877 -19.1931 70
69.8544 -10.2593 70
20.2155 10.9853 70
-10.4735 -0.168221 70
-10.9207 0.920963 70
0.588236 1.43234 70
0.708676 -29.4532 70
1.01297 1.33312 70
-40.3162 -80.5405 70
-1.07733 0.0291359 70
9.67557 -9.39115 70
1.27188 -9.88025 70
71.1833 11.2396 70
30.5766 8.83622 70
0.469534 1.43859 70
0.571929 -0.699978 70
-19.8948 -10.0728 70
0.125813 -1.45083 70
-0.375984 -9.46666 70
10.2059 -1.2706 70
9.565 -1.26108 70
8.88303 -21.2338 70
-9.72141 10.1405 70
1.4297 0.979742 70
-0.928177 0.0330695 70
1.2247 0.427857 70
-1.42299 9.10913 70
0.22901 -0.718088 70
-0.239785 0.378741 70
-8.66453 -9.43592 70
1.48392 1.02551 70
0.95812 1.16226 70
0.657101 -1.17725 70
-1.42315 -0.875574 70
-0.27449 -0.641737 70
28.5335 58.9188 70
0.650892 -20.2973 70
0.562155 0.268377 70
-1.20348 0.436538 70
0.906344 0.987615 70
0.151148 0.0549481 70
-0.525706 0.414286 70
9.84285 0.797155 70
-0.916271 -0.0647031 70
-60.9808 -0.159574 70
10.444 18.5878 70
9.13559 21.0721 70
-1.49361 0.185874 70
-21.4384 39.555 70
0.634626 0.133364 70
-9.18774 0.540655 70
-9.34908 -19.8189 70
9.66346 -39.0974 70
11.0057 -30.2077 70
11.3655 -31.3543 70
29.284 -30.1832 70
20.2916 28.8295 70
-0.378817 -1.29895 70
-1.18403 1.49009 70
0.908635 18.6411 70
10.3185 0.48202 70
-1.03879 -1.30766 70
1.35982 -0.485078 70
-1.21342 -1.17135 70
-18.5433 11.3159 70
-9.20897 0.354195 70
0.0640936 -1.29469 70
0.66566 -0.825117 70
-1.38683 -1.14597 70
8.50386 11.4855 70
-0.128548 -0.0293853 70
9.80211 -9.76726 70
9.37345 -9.08549 70
-9.2313 19.6208 70
9.41438 -0.470217 70
1.03241 0.370972 70
-0.306657 20.3624 70
0.234984 19.67 70
-78.516 28.7618 70
29.3861 -29.1398 70
-20.7024 10.4449 70
-0.105982 0.37201 70
10.8731 -10.8976 70
9.54996 -10.3598 70
-19.9576 -10.3633 70
-0.293471 0.178387 70
0.524326 1.3734 70
0.409789 -0.655681 70
11.4358 -0.0308231 70
-0.815997 -1.1501 70
1.15723 -0.00224791 70
41.0203 -28.5283 70
-9.27912 28.548 70
-20.9487 8.5451 70
11.1901 9.39074 70
-11.4678 11.121 70
9.67062 0.778986 70
10.5448 18.6128 70
9.42263 -9.7591 70
-1.2363 0.703614 70
-0.113197 -0.560088 70
0.414282 11.2614 70
10.4287 0.847918 70
-1.18849 -0.175462 70
-8.77706 -1.32469 70
-10.688 10.4907 70
-9.21767 -10.761 70
-0.693316 1.35334 70
10.5096 -9.20674 70
0.725884 -0.765864 70
-8.87998 11.4046 70
9.98202 -20.2089 70
-0.572209 -0.804707 70
0.89217 -11.4889 70
-10.867 8.71829 70
20.4166 -11.3534 70
0.584705 -0.25835 70
-0.32173 -18.9759 70
-0.3241 -0.00722178 70
9.9326 18.5107 70
19.8584 -19.2097 70
-11.2027 -0.0384407 70
0.411131 10.3283 70
8.92326 9.73024 70
-30.8102 -9.94687 70
-31.2532 -9.02212 70
-41.427 -58.9144 70
9.62059 -20.8077 70
10.6779 21.4104 70
-0.55084 0.778374 70
0.680466 0.600662 70
8.63813 1.1567 70
10.9684 -10.751 70
-10.9527 30.3708 70
20.0644 -0.449117 70
0.509692 -21.2525 70
9.75783 -0.431974 70
1.2898 0.763417 70
0.166269 0.132336 70
-19.3088 -1.07003 70
1.34736 -9.83264 70
-0.725175 0.251088 70
31.1068 1.49616 70
-21.1328 -78.9096 70
9.77471 -19.1699 70
-1.27587 1.16415 70
9.44132 21.0057 70
-0.996657 0.613201 70
0.486524 -1.39526 70
-0.52714 -0.800565 70
10.562 -10.8161 70
-0.441797 0.155766 70
0.930481 1.45866 70
-0.0544696 0.498884 70
0.48308 -0.0640176 70
-0.147392 1.10896 70
-1.3038 -1.16004 70
1.35123 -10.76 70
-0.154808 0.968893 70
60.9043 9.98959 70
61.3246 11.4591 70
59.5351 10.4109 70
0.574573 9.85823 70
-9.14109 10.0391 70
20.1659 19.6743 70
-9.44373 -9.26479 70
1.08293 -20.8233 70
-1.42074 0.0569116 70
0.0916378 -0.80865 70
9.26694 0.414094 70
9.70508 10.351 70
11.2822 10.247 70
-0.227351 -0.677113 70
-0.828188 -1.23997 70
-0.427244 0.980405 70
0.854075 21.1345 70
10.7085 -31.43 70
-0.115173 1.01659 70
-1.1628 1.02338 70
1.23587 -0.109886 70
1.44299 -0.576948 70
0.569191 0.68945 70
-0.0794943 -1.38758 70
0.931636 1.17996 70
-0.599196 1.20929 70
-11.0889 18.9409 70
-1.36891 0.768727 70
0.126524 -0.445584 70
9.94419 -20.0777 70
0.69676 0.681616 70
-0.132148 0.384605 70
-1.15201 10.9185 70
0.693885 0.187202 70
1.47285 -20.5617 70
21.4734 0.795393 70
-11.4974 10.8703 70
8.75902 -9.74629 70
-1.18288 0.804925 70
0.0134324 1.19863 70
-0.00142894 -0.0191436 70
-19.2443 -20.3378 70
0.0546155 9.65936 70
-10.1076 8.84117 70
0.444481 -0.0898054 70
1.44726 0.942625 70
0.273916 0.296975 70
21.2084 19.3209 70
0.802236 -0.554927 70
11.0701 18.9277 70
10.2847 -0.157896 70
0.0385152 -31.2867 70
8.56481 8.58141 70
-0.664051 1.25418 70
10.8406 -0.838462 70
1.39751 10.3363 70
0.737629 10.4414 70
0.991419 -20.5437 70
-0.662786 -20.016 70
-0.936687 -0.429226 70
9.70282 1.08248 70
0.145248 -1.18877 70
-0.337506 -0.875324 70
-9.74402 60.3941 70
-0.255164 -0.235425 70
10.9369 1.47969 70
-0.0821868 -9.49043 70
1.40711 -1.4685 70
-0.867405 -0.459414 70
9.29412 -19.2815 70
10.2121 -20.3379 70
10.002 8.92824 70
-0.823487 -10.5724 70
9.50548 0.506427 70
8.9307 -9.74022 70
-29.516 -19.1871 70
10.1035 21.0685 70
0.870407 -0.842553 70
9.04045 -19.558 70
9.64747 30.7137 70
0.422094 0.574515 70
10.4111 -10.7472 70
-1.41093 0.599302 70
-8.74839 1.01193 70
-0.30874 -50.9314 70
-0.277228 -0.503056 70
0.515215 1.41948 70
-0.41872 0.267763 70
-0.841217 -11.0877 70
-0.54332 10.3776 70
9.72421 0.372536 70
0.0705158 -1.44882 70
0.835122 0.71563 70
0.786008 -1.46696 70
-0.334104 9.06826 70
-19.643 -31.4689 70
0.459968 0.733634 70
20.0597 1.06274 70
-60.6579 18.5652 70
-59.7978 20.4781 70
-0.195724 -1.03116 70
-9.56133 -0.572286 70
-69.3416 -20.5267 70
-1.43737 9.74073 70
10.4351 -0.746629 70
10.949 9.84165 70
19.4074 -9.21964 70
-1.12011 10.8605 70
-0.809805 -0.404787 70
0.207173 0.663682 70
1.43362 1.04868 70
-0.294699 0.420577 70
-0.126743 0.00519944 70
39.3672 11.2382 70
9.97825 10.0046 70
0.607227 -0.468601 70
20.6658 -11.4663 70
-0.838562 0.61634 70
-10.6036 20.0349 70
21.4339 -0.467257 70
-9.01812 19.9017 70
11.1716 0.150136 70
1.27704 -0.687803 70
11.0022 -0.983739 70
0.188696 -0.234905 70
1.47149 0.642159 70
-0.86974 -0.225658 70
-0.650471 0.18484 70
-1.35459 1.06123 70
19.7111 -9.88661 70
-19.0973 0.794734 70
-1.47767 10.6054 70
-0.0424466 0.147496 70
1.12704 -30.24 70
38.5493 19.5191 70
-0.949991 9.48937 70
-9.29543 -0.425814 70
-1.31784 8.57459 70
0.944697 11.3245 70
10.2148 9.74768 70
0.195526 0.789215 70
-1.35678 0.996074 70
-0.297568 19.957 70
-10.7402 -10.2701 70
0.802621 0.530051 70
10.3649 20.1537 70
9.24892 -21.4717 70
-10.4019 11.2436 70
-0.594904 1.11766 70
-1.42359 -1.27549 70
0.896236 1.47621 70
-0.528087 -0.105893 70
-0.602557 -0.13778 70
0.289671 0.0184523 70
-0.486466 -0.495639 70
9.44572 -0.589586 70
-0.934408 -1.45415 70
-8.51498 8.61354 70
0.470211 1.01052 70
1.2185 9.94429 70
9.04213 0.935931 70
-9.57712 -9.53999 70
-0.357893 1.4973 70
-0.611208 -0.520551 70
-0.1581 -0.1447 70
0.0540971 -10.8381 70
9.57506 -0.753716 70
-10.4927 9.46108 70
-0.529837 -1.25476 70
-0.693028 -0.0382199 70
-10.5467 9.74561 70
-0.825473 -1.45822 70
-0.592732 -0.180401 70
0.844978 -8.75358 70
-0.971558 -0.973756 70
0.394692 -0.928253 70
-0.349425 -0.850426 70
-11.3944 30.9284 70
-9.82255 30.1719 70
9.2871 -10.671 70
-1.22505 -10.9868 70
-10.996 -8.85964 70
8.87697 -0.408221 70
-0.800921 -9.97596 70
-10.4641 -1.44579 70
-19.8686 -28.576 70
1.06819 20.1825 70
10.7678 0.985702 70
28.8481 -39.4203 70
0.0420965 1.02646 70
-19.4949 -10.8336 70
10.2326 1.11285 70
10.2598 -18.9251 70
11.4674 1.35545 70
10.0716 31.071 70
-10.9483 -11.21 70
0.269831 0.363427 70
-1.39257 0.13407 70
-0.711642 10.7703 70
0.295341 -10.7106 70
10.9244 -10.3961 70
0.769395 -1.33764 70
-1.24316 1.3557 70
-8.52834 9.57388 70
0.262778 -8.57077 70
9.64695 0.172958 70
-0.0885655 -1.1701 70
-0.319709 0.336916 70
9.37762 0.582194 70
20.6472 -0.375739 70
-9.34854 -0.0447056 70
0.547924 9.80087 70
-0.532308 -0.990552 70
18.8304 11.4289 70
19.3838 -11.0437 70
-0.187229 19.0982 70
-1.23916 -19.6813 70
0.507935 -20.2005 70
0.201306 -1.43762 70
0.766897 -1.2424 70
0.0822436 1.17135 70
0.814265 19.8467 70
-0.142001 -10.9726 70
0.0760525 0.446644 70
0.136351 1.21696 70
-0.617429 -0.484201 70
-20.5671 -31.0259 70
0.117331 20.2073 70
19.9471 0.495168 70
-9.1349 19.6731 70
1.19972 -0.560394 70
0.761003 0.904731 70
0.311181 -0.721733 70
-1.04466 -0.737651 70
-0.731331 18.551 70
10.9553 -61.4488 70
28.705 -9.8764 70
0.31037 -9.59618 70
-0.377902 0.471608 70
-0.767807 -1.07292 70
8.76786 11.3756 70
0.889144 -0.0298614 70
39.9911 39.8641 70
-1.23281 0.652343 70
-1.31329 -1.16648 70
-0.514465 -0.278941 70
0.389999 -0.113099 70
-30.4667 -0.0680524 70
-1.36597 -0.563295 70
-0.403153 0.907073 70
10.8943 10.8923 70
0.563114 -0.571744 70
-1.43024 0.889401 70
-10.3855 39.6083 70
0.153425 -1.40632 70
19.0477 0.0604551 70
10.6272 -1.24844 70
11.3493 20.4465 70
-0.697745 -0.904625 70
-28.9875 28.7141 70
-0.204943 -9.21718 70
11.2261 -0.736217 70
0.610864 -0.921843 70
-11.4619 30.758 70
-0.666708 1.31008 70
-0.389872 -0.0966872 70
21.123 -8.56115 70
1.18165 0.317917 70
9.96707 10.216 70
-8.69575 9.10203 70
9.87275 9.20812 70
-110.118 -18.6801 70
-0.193472 11.1405 70
0.40271 -10.713 70
10.496 8.5958 70
10.0468 0.848825 70
-0.0159227 -0.0242576 70
-1.18369 0.32988 70
-0.691459 0.0654104 70
-10.541 9.37965 70
0.465449 -9.52808 70
9.27578 -0.520009 70
29.4414 -48.5916 70
-0.0154656 -30.3646 70
-1.3764 1.32487 70
-8.83507 0.602188 70
1.20176 1.14071 70
-10.391 0.650844 70
21.0051 20.8309 70
-1.15665 8.53991 70
1.06961 -0.427258 70
-9.27233 -0.0829812 70
-1.37756 8.61494 70
-1.37582 0.16125 70
-0.818881 -0.891484 70
-1.26278 0.668975 70
1.48107 -0.236096 70
-0.43943 1.15003 70
0.92255 -0.504404 70
0.0767052 1.24046 70
1.45282 -8.7425 70
-8.63924 -0.74054 70
-0.677698 -19.4539 70
10.5721 -10.5873 70
1.16391 -1.11059 70
1.34329 11.2012 70
-1.446 1.46017 70
19.7207 20.332 70
-0.901071 -1.00968 70
0.857592 11.3335 70
91.2647 40.2919 70
-10.5948 -10.7259 70
8.99834 -10.1266 70
0.774648 -20.4223 70
-1.40511 1.02968 70
-18.9299 10.2819 70
40.7498 -21.1464 70
9.42239 0.847147 70
9.51189 -1.24757 70
0.507109 -9.21572 70
-1.09796 19.8418 70
-11.3668 -9.86277 70
0.155946 -19.3969 70
-0.220712 -1.19077 70
1.08789 -0.784799 70
1.4947 0.134019 70
-31.1193 -21.0564 70
-20.3467 -50.5237 70
1.18523 -0.739241 70
0.9877 1.36316 70
0.00337848 -10.1644 70
-0.95492 0.67468 70
20.7355 -18.7062 70
0.141498 0.256158 70
-11.3361 -11.4862 70
19.3091 69.5391 70
-1.33086 -8.79738 70
10.2245 -10.2159 70
0.257633 0.331381 70
8.53311 0.417032 70
-19.261 31.0604 70
-8.87205 -11.0683 70
-9.63511 21.4318 70
0.750709 -0.664647 70
-1.08688 0.340533 70
-9.68577 9.98828 70
10.2748 -19.3017 70
-10.0451 -1.14987 70
-0.469514 -0.769409 70
-0.914069 -1.41165 70
10.0393 -10.5446 70
1.38175 1.21496 70
-1.4796 0.924249 70
21.3234 9.50143 70
1.40903 -8.76259 70
1.40499 -8.52856 70
0.435528 -0.597781 70
0.157459 0.531422 70
11.4337 -10.1396 70
-10.4732 -0.947599 70
-1.37094 0.543444 70
8.67209 1.0136 70
-1.25585 48.6073 70
-0.906993 50.6615 70
9.01085 0.203473 70
0.63486 -0.086005 70
-0.255689 0.241983 70
1.33856 -0.892731 70
-78.7822 -1.07556 70
-0.292455 0.47462 70
0.498576 1.41581 70
19.3754 20.7022 70
40.8039 -0.329844 70
-1.43701 1.28293 70
30.9769 20.7849 70
-1.45956 1.02824 70
20.0663 11.2811 70
-10.292 -0.400457 70
-1.39961 -9.85458 70
8.61496 -0.859458 70
0.764438 -1.44052 70
0.62629 -19.7222 70
0.63375 -10.0611 70
9.24813 -1.14821 70
-9.42841 70.7853 70
-0.681882 -11.0991 70
10.0604 1.21496 70
0.10739 -0.841829 70
1.44114 -1.44552 70
21.0127 10.9042 70
-1.10698 11.4689 70
9.19981 8.76473 70
0.869134 1.46494 70
-8.5981 8.6031 70
9.03299 -0.107496 70
30.1756 -20.7935 70
21.4965 -0.844773 70
19.8943 1.32171 70
-0.617224 -1.35004 70
0.28387 -0.517571 70
0.502456 10.9058 70
29.4362 18.5627 70
-0.790413 -10.6542 70
0.0487421 0.0962957 70
0.786021 -0.260696 70
-0.990875 9.51435 70
20.1409 -19.3246 70
1.23667 19.0945 70
1.40045 0.586368 70
-0.965201 19.3647 70
10.9509 19.2672 70
-9.8112 -9.72771 70
0.424751 -0.971358 70
1.26582 0.180061 70
1.48965 1.01152 70
-0.849584 -1.44185 70
-21.1825 -9.78334 70
1.33681 10.4275 70
1.48784 -9.25039 70
0.323354 -0.240131 70
9.73253 -9.65964 70
-1.0049 1.09913 70
-10.2863 0.999353 70
-0.992171 -0.211742 70
9.8202 10.9723 70
-1.13662 -1.44979 70
0.192496 10.0802 70
8.92548 30.0491 70
-0.550241 1.41436 70
49.8599 -9.31377 70
18.5105 0.629345 70
1.35504 0.426977 70
40.5462 18.9896 70
9.21261 -9.62188 70
-0.705162 0.334593 70
-11.2187 -1.23799 70
-9.0671 0.774363 70
0.639054 0.316915 70
-0.342651 0.161794 70
11.3228 -10.3804 70
0.398465 0.196678 70
-1.32336 -1.47899 70
-0.912535 -0.619186 70
-0.436115 -0.305895 70
8.74252 11.1464 70
0.676405 -0.876478 70
1.20447 0.307845 70
11.1727 0.58502 70
11.2605 0.0801006 70
-10.5938 -0.0910623 70
1.19377 0.222725 70
0.842007 -19.7566 70
-19.6697 8.86278 70
-9.96314 -0.311991 70
-10.9406 -0.392842 70
1.32825 0.370703 70
-1.3685 8.70372 70
1.44936 11.2721 70
0.615942 0.741014 70
-0.310098 10.4418 70
19.6062 38.9761 70
-9.17337 -10.9776 70
1.09049 1.42764 70
-19.8544 -20.0971 70
-9.87145 -0.15958 70
-0.830558 0.512618 70
-1.31993 -1.0849 70
-0.434088 -10.7316 70
0.987009 0.993584 70
-0.222273 1.37996 70
-0.617765 19.025 70
-1.20726 -1.32071 70
0.997603 0.831343 70
-10.8158 -1.0473 70
-9.82216 -9.28991 70
-1.00128 -0.895886 70
-1.46661 -0.496301 70
0.0703937 11.0291 70
-0.0398299 10.8934 70
0.243677 -11.4082 70
-1.37617 -0.709642 70
0.508316 1.15907 70
0.135478 -10.3 70
-9.07681 41.2426 70
-0.577198 0.461242 70
-0.066298 -9.48914 70
0.191023 -0.392002 70
10.574 -0.0682202 70
0.353939 19.4049 70
-0.910854 9.46611 70
0.393873 -0.357812 70
1.32904 -1.41832 70
0.0728708 -39.7417 70
9.86711 -11.1678 70
-1.30549 1.40284 70
1.46273 -1.09362 70
0.613384 -0.647908 70
-0.770347 1.37073 70
0.932418 -11.2126 70
9.18694 0.923387 70
0.730452 0.637213 70
-0.810808 -0.878321 70
10.7734 0.629063 70
21.1694 -8.55554 70
-8.82217 -19.0991 70
-8.67333 -20.3955 70
-0.793027 9.96133 70
-19.6251 0.211621 70
10.596 0.868536 70
-9.40083 -0.56033 70
11.2135 0.52105 70
-1.05829 0.238267 70
-10.6256 1.41744 70
1.11078 -10.8874 70
8.80651 9.99378 70
0.706467 0.450162 70
10.0705 -0.183858 70
11.4513 -11.312 70
0.621835 20.9261 70
0.187802 -0.366766 70
9.47047 31.3745 70
10.2455 9.05492 70
-0.638248 0.676988 70
20.7126 8.70137 70
0.531023 1.14984 70
0.445197 -0.538869 70
-9.95967 19.2178 70
-29.3531 10.4901 70
-0.0918882 1.07865 70
0.818473 1.2631 70
0.302585 0.973197 70
9.31876 -0.04483 70
-20.9571 -9.46122 70
-20.422 -9.90443 70
-0.825229 10.8986 70
0.953835 -1.11937 70
-1.17715 0.454318 70
-0.131451 -0.652427 70
-9.39571 0.153149 70
28.8484 -30.0394 70
21.0798 -1.01693 70
19.7955 19.0566 70
-0.282546 -0.877511 70
19.1203 9.94101 70
8.90939 -10.207 70
0.666182 0.138141 70
11.0187 -0.684261 70
31.4997 0.378165 70
20.7952 19.9636 70
-0.682247 -0.249284 70
51.1878 20.314 70
9.43841 0.0896854 70
-11.4904 -1.23943 70
-0.528787 -0.949262 70
-28.9991 -51.0019 70
-0.571579 1.26276 70
-0.830283 -0.616583 70
0.405691 18.8772 70
0.90267 0.917022 70
0.641377 19.0915 70
-1.43033 -0.937726 70
-0.78104 -0.31406 70
0.112793 1.39937 70
0.734921 1.19531 70
-1.16198 -0.420505 70
-0.173929 0.459236 70
-10.8159 10.8485 70
-28.6517 -9.54449 70
-19.0424 0.237818 70
-11.2451 -1.45293 70
9.82757 9.53819 70
-19.0956 20.7526 70
-0.221107 -1.32597 70
19.5157 9.30908 70
10.5534 -0.80246 70
-1.30642 0.998068 70
0.771497 -9.35507 70
19.8123 9.15455 70
20.9782 10.0187 70
9.50505 -1.4775 70
9.91448 21.2045 70
10.4296 19.1881 70
-9.92535 -1.19624 70
-0.976676 21.449 70
0.0824945 -10.1025 70
1.21985 -0.0949982 70
-0.777703 0.259232 70
-39.1694 -20.9174 70
1.05444 0.0271492 70
-0.172985 0.838232 70
-19.5799 0.156152 70
1.28446 -10.4488 70
10.4016 -0.0460512 70
8.72427 10.1549 70
-18.9817 0.975791 70
0.958609 1.35442 70
-1.19915 0.91128 70
0.147136 9.8121 70
0.463172 9.13891 70
-1.29918 0.705198 70
0.76771 -10.1079 70
-1.42601 -1.20976 70
1.46428 1.02587 70
1.04026 0.911921 70
-1.23243 -0.437197 70
19.5728 40.6155 70
-9.13353 1.19164 70
9.64809 28.8719 70
-20.316 8.99053 70
-19.3509 -0.970449 70
19.4369 20.0267 70
0.905482 1.46634 70
20.8236 38.549 70
-19.2902 89.9962 70
-20.9322 91.1876 70
-0.200904 0.383874 70
31.0049 19.0552 70
10.8999 11.1097 70
-10.3863 0.377701 70
-10.2857 1.45004 70
-8.63434 -9.25516 70
0.119711 1.33988 70
-11.3887 0.634842 70
0.633263 -1.21396 70
-1.33691 -0.830472 70
1.23404 -0.687582 70
0.450307 0.890795 70
1.19392 -1.40172 70
0.528257 0.767506 70
1.06084 1.07607 70
10.6608 10.2323 70
-0.210436 0.617218 70
0.982009 0.483938 70
8.82659 0.562234 70
-20.9749 0.0695847 70
1.22584 -0.462526 70
0.731501 1.40216 70
-10.934 10.6742 70
1.34304 -0.655635 70
0.803021 -1.30292 70
1.06121 0.0156631 70
-1.45391 -1.3144 70
1.09303 -1.35389 70
-0.266267 0.753536 70
-0.784287 -0.012732 70
0.116675 -49.4531 70
-30.4775 1.08457 70
-0.981199 -11.0025 70
-9.57161 -9.5567 70
0.320324 -11.4604 70
1.15638 0.939922 70
1.3548 10.5968 70
-0.993682 69.7791 70
-1.00044 0.86608 70
-0.31249 -0.0545931 70
-0.50675 9.09949 70
0.884881 -0.202158 70
40.146 11.0433 70
38.6878 10.337 70
-18.6261 0.27117 70
-1.47797 0.940921 70
0.404022 -0.144201 70
-0.0392585 -19.9595 70
1.22472 -0.170809 70
0.925774 -0.643855 70
-0.89487 -1.13214 70
0.366777 -0.716606 70
11.3764 0.741341 70
-0.137957 -1.26517 70
1.23607 -0.0115607 70
11.3008 -0.752925 70
-0.576732 -0.816738 70
8.86119 -0.476252 70
-1.14232 -1.38569 70
10.5188 0.0177668 70
-9.23591 1.47071 70
0.173537 0.023298 70
-29.0926 -20.9041 70
