-9.92712 9.34854 70
0.411883 10.7837 70
-1.14918 10.4025 70
9.69089 20.0857 70
-9.65407 0.33858 70
-0.0431846 0.295869 70
-19.7409 -30.595 70
0.819416 -1.28482 70
1.17882 18.6153 70
11.28 -10.9037 70
10.4986 -0.961739 70
10.8556 18.9492 70
-59.8434 -19.3074 70
-0.547759 -8.90083 70
-0.568539 -8.94997 70
-0.503191 -0.579898 70
8.66233 20.0095 70
10.3542 -9.02854 70
-38.9965 -31.4922 70
-1.43418 9.82117 70
0.210897 9.11639 70
10.66 8.81431 70
-9.821 -0.0199833 70
-8.60283 -0.803015 70
0.616886 1.13213 70
1.48575 -0.1479 70
0.243678 8.64763 70
-18.5652 -9.91462 70
1.27937 1.49653 70
0.0570682 20.011 70
-0.933926 19.131 70
-0.0873839 -1.494 70
9.74018 1.08072 70
-0.550943 -1.41866 70
10.3049 1.46689 70
-0.452616 0.851274 70
31.4432 10.5164 70
0.918848 -0.915155 70
-59.6624 -9.48766 70
-10.0512 -1.11133 70
21.3029 -0.550283 70
-0.125562 -0.349557 70
10.9678 -8.86065 70
8.9271 -10.587 70
20.3849 9.55782 70
20.9667 -20.4264 70
-21.4621 8.83094 70
-0.772045 -8.53598 70
11.0921 1.40863 70
11.2776 -29.0802 70
-0.525088 10.0936 70
1.28934 -1.15518 70
11.3297 19.6743 70
-0.27042 9.22504 70
19.2009 -9.07916 70
10.9894 0.174885 70
-0.297426 9.537 70
-19.9978 -10.2308 70
-0.443817 9.37409 70
-0.391787 40.0703 70
-1.28379 9.64068 70
-49.8237 -50.6514 70
-8.83212 9.22765 70
0.0307801 0.485732 70
0.871151 9.66989 70
10.3401 -10.5496 70
-0.316136 -9.82606 70
-0.142685 1.26233 70
-1.24477 -0.112137 70
-0.797061 -0.157842 70
10.2485 28.6187 70
0.911325 10.5874 70
1.42853 9.87382 70
-0.709354 10.1363 70
-9.20029 10.6507 70
-9.07526 -9.17148 70
-0.200906 19.0569 70
9.90557 -0.492453 70
10.393 10.09 70
0.147475 -18.5301 70
0.767762 -0.848382 70
-19.9945 40.2362 70
0.101362 11.4654 70
-0.533585 10.3744 70
0.0483823 10.7468 70
1.26183 9.0596 70
-38.6116 -19.3846 70
-0.772379 -1.49802 70
10.6746 0.302417 70
1.20522 10.4462 70
-40.3 -40.4832 70
9.25254 11.2693 70
-0.351617 -1.09794 70
-1.10326 0.00164881 70
10.6906 9.98983 70
18.7643 29.62 70
18.6092 29.5786 70
-20.4518 10.2975 70
8.87187 -10.0676 70
10.5626 -0.120294 70
-0.10276 -0.772532 70
0.134228 -0.426806 70
-8.55897 30.206 70
-0.786209 1.2387 70
-1.13578 -10.9442 70
11.3772 11.1242 70
19.7067 19.3579 70
0.521272 -21.0883 70
-29.9802 41.2866 70
-10.8358 0.983218 70
10.6782 9.71365 70
8.51873 29.6042 70
9.34928 9.76596 70
-8.77985 -0.83571 70
-8.93136 19.3149 70
-8.55287 -11.2563 70
-0.00339429 10.8254 70
-0.48366 1.40545 70
-1.19694 10.997 70
-20.8712 -9.9171 70
39.9246 0.428126 70
-38.897 29.1351 70
1.14901 9.4431 70
-0.868103 10.2838 70
-10.7664 10.0335 70
8.6592 10.5281 70
8.80837 9.33699 70
-0.589338 9.42693 70
0.454211 -1.12871 70
-10.2924 9.63884 70
0.862744 9.32413 70
-11.36 10.994 70
-11.4045 -0.749754 70
-19.1478 18.766 70
0.135537 11.4477 70
0.175913 11.0182 70
9.43383 8.66245 70
0.723603 1.4437 70
1.23804 11.0571 70
0.711235 8.85538 70
1.43804 1.45727 70
10.2813 -9.91171 70
1.17907 11.1515 70
10.7717 8.62349 70
1.28233 -20.1593 70
1.07482 -0.882869 70
-0.494854 -1.30103 70
0.938557 -0.50093 70
0.86668 -0.574916 70
11.2905 9.7653 70
-1.32614 -0.547015 70
10.1031 10.5655 70
10.8714 10.8733 70
-20.4105 11.2131 70
-1.12593 1.01691 70
0.0800279 10.2059 70
-10.9807 10.0517 70
9.50316 -11.2966 70
0.784915 10.277 70
11.0775 10.0697 70
1.07069 19.7002 70
19.537 8.77687 70
-10.7642 20.2541 70
0.855842 -9.84242 70
-40.215 -8.85973 70
0.000623266 10.6844 70
0.578812 10.6017 70
-0.882936 8.58321 70
-0.445876 8.89353 70
-10.2657 1.09472 70
-1.28821 -1.2767 70
-1.02284 -1.26611 70
-9.18338 0.948911 70
-0.30757 8.73105 70
-1.4846 20.4332 70
0.411154 8.6339 70
-10.1471 0.390058 70
19.1607 -11.4671 70
-1.08613 -10.9505 70
1.26911 -1.32172 70
-20.7074 -11.0696 70
0.326228 -10.2475 70
0.0405803 0.791468 70
0.744865 41.4125 70
41.244 41.3232 70
-0.914779 -1.16709 70
-0.171405 9.69694 70
-8.51413 -19.9362 70
-9.7057 18.9979 70
-1.32849 -1.49462 70
0.0327052 9.36824 70
-60.6291 20.3199 70
0.696462 10.5444 70
9.89437 9.68109 70
8.81762 9.59246 70
1.06268 10.3548 70
-0.632382 -9.77187 70
20.0225 8.56865 70
-18.5055 -0.984036 70
-20.4334 1.29694 70
9.12875 0.336575 70
10.9806 11.434 70
10.5419 10.27 70
-28.9005 -39.6577 70
-1.49494 1.13732 70
0.212075 -1.4569 70
-0.27116 -20.6374 70
-0.21217 -20.0629 70
1.19385 -0.29861 70
-20.3951 9.73383 70
1.23618 -9.82741 70
-110.286 -30.2497 70
-10.0819 81.3382 70
-1.0743 9.63681 70
-0.351923 10.5486 70
-29.3259 20.3709 70
41.491 -9.649 70
0.0680484 10.1377 70
-0.660276 -1.0591 70
-8.61112 20.992 70
0.0502646 19.7751 70
19.3379 -41.1676 70
0.689966 -1.36866 70
9.05534 0.642741 70
9.14448 9.45786 70
9.48256 -1.07397 70
10.2427 -9.38837 70
81.2607 -1.39838 70
-20.567 80.079 70
11.1432 -0.439232 70
-11.1841 -11.4238 70
0.942157 21.4343 70
-0.133062 9.25219 70
0.391516 11.4808 70
11.351 10.3487 70
-20.0992 -9.29263 70
-20.9036 11.3165 70
-20.453 11.401 70
1.35108 9.61201 70
10.6182 9.87645 70
8.71175 1.44757 70
40.4386 0.799252 70
51.0278 10.8598 70
1.10934 9.61345 70
-1.21321 10.6937 70
-10.1288 -10.8455 70
9.67321 8.95616 70
-20.7023 -8.6953 70
11.378 -0.992898 70
-8.68527 8.72393 70
10.7819 -1.00753 70
40.3187 -0.33938 70
-11.4169 -0.214626 70
-11.2177 -10.1038 70
-21.3604 10.338 70
-1.14697 8.92847 70
-0.810694 20.8176 70
0.566544 -11.4575 70
-1.38933 9.79548 70
10.5511 -0.463167 70
10.6223 19.0206 70
-9.31634 11.4146 70
-9.89592 11.4319 70
-0.00107727 10.7063 70
0.692652 0.240127 70
-0.572985 8.7652 70
-0.695427 9.37561 70
-9.88025 -0.68722 70
-0.373987 0.664488 70
0.535534 -0.841646 70
-10.5859 20.6695 70
0.199049 9.89401 70
0.153939 -0.806937 70
0.164619 -19.1456 70
-1.10477 0.836671 70
1.27246 8.64989 70
-11.3644 1.06266 70
-9.37527 0.935479 70
10.4212 30.5185 70
-8.58643 0.496243 70
30.7702 10.9125 70
0.588211 -10.7075 70
19.9555 0.609868 70
20.2593 10.4802 70
-19.6884 99.351 70
0.0492686 9.19188 70
-0.995055 0.0597704 70
10.4383 -1.30599 70
-30.2856 8.54121 70
0.620455 -9.86168 70
11.369 -0.255543 70
-8.70106 29.9434 70
29.4449 -0.013915 70
-10.9437 79.5535 70
1.14 0.861664 70
19.6825 -18.7888 70
-9.0181 20.0957 70
1.03978 11.0242 70
18.972 -9.71038 70
-31.2361 41.1069 70
-10.8533 -31.495 70
-21.1159 101.037 70
10.4733 21.4416 70
-0.397371 1.07884 70
-21.1318 29.7593 70
1.03029 -9.43359 70
10.9585 -1.38029 70
-18.6451 -0.86111 70
-8.62065 9.08479 70
11.3684 -0.26482 70
18.9814 -0.622019 70
-11.1774 -11.3058 70
-0.797362 -9.51041 70
1.29688 -8.53002 70
-10.2701 9.06184 70
9.17376 11.3258 70
0.499089 10.8459 70
-0.37659 9.01342 70
0.411743 9.15877 70
29.8449 -20.5674 70
-19.718 9.967 70
10.4824 10.856 70
-20.4252 19.9812 70
-21.3766 -8.52338 70
-11.3042 10.6245 70
-0.732005 -10.1173 70
0.056806 10.5122 70
31.4881 -19.9234 70
30.8961 -20.4165 70
9.33241 51.0255 70
9.28932 -11.365 70
-49.6127 20.7207 70
1.00741 9.33069 70
11.2875 11.4572 70
-0.056511 9.43789 70
10.1644 10.6723 70
1.03789 -1.08073 70
-0.59966 39.8926 70
29.9233 29.8838 70
-0.255978 20.0868 70
11.0799 -1.22763 70
1.04996 1.07823 70
1.23418 9.82232 70
-0.291416 10.534 70
10.7906 -9.56152 70
-11.2576 9.7805 70
-9.9304 1.23854 70
-0.826839 10.3049 70
1.09325 -0.379857 70
-19.5969 10.658 70
-18.822 10.1115 70
0.562703 1.43564 70
0.748501 -1.46301 70
-0.88582 -11.4585 70
0.516154 0.807578 70
-10.7507 0.587058 70
0.551874 19.1753 70
8.626 -9.00133 70
-61.102 38.5627 70
0.51665 10.0752 70
10.0754 -20.4439 70
-50.9151 -30.528 70
10.0353 10.201 70
-0.459285 20.5556 70
8.61668 1.14481 70
-18.9257 0.904916 70
0.506697 1.07604 70
-51.2178 -20.8687 70
0.491172 10.9994 70
-0.0198762 0.763227 70
20.7614 0.192099 70
-1.35605 10.884 70
0.00369895 0.972577 70
19.939 0.301082 70
10.113 19.9353 70
0.7051 9.84224 70
-0.908064 10.0135 70
9.9636 21.2256 70
-11.314 0.692445 70
19.3285 21.0051 70
21.0095 1.44108 70
10.6069 -0.662804 70
1.12366 -0.836911 70
20.1943 18.7234 70
0.700775 -0.902285 70
-50.2627 -11.484 70
-0.0544732 -0.392576 70
-10.7482 -19.619 70
19.1401 28.5752 70
-0.633787 8.57116 70
51.3571 50.751 70
-0.00858834 11.3652 70
0.652313 -0.685862 70
-20.2706 40.3918 70
-0.661352 19.2404 70
30.8713 -40.6948 70
9.83259 8.9455 70
-88.9564 -9.28915 70
1.11755 11.2194 70
8.84519 -0.799112 70
1.45356 10.0168 70
-10.1221 -0.952748 70
-19.2599 -0.928156 70
-8.53037 -10.9273 70
19.107 -8.57704 70
20.3932 -8.91856 70
9.49333 9.72226 70
10.6237 -9.27403 70
-0.500289 19.148 70
-9.90441 10.2164 70
-0.23166 0.315151 70
-0.400186 -0.993333 70
-0.422118 -1.09722 70
8.89948 11.3381 70
-9.3199 9.27066 70
0.199954 11.4266 70
-9.29836 0.48247 70
11.3639 8.86057 70
0.849198 0.633456 70
-9.71757 10.9667 70
0.941038 10.4499 70
-0.472688 -0.189854 70
0.0821129 1.13047 70
-0.416913 9.13713 70
0.438764 0.301712 70
0.570021 1.08886 70
-10.5642 -8.97325 70
19.0323 18.6757 70
0.240202 10.5064 70
9.96696 -0.912029 70
-20.9149 21.002 70
-0.288841 9.99183 70
-0.0440819 -0.771152 70
10.9434 20.6533 70
-0.908569 9.15173 70
-11.4056 -9.77482 70
-10.6191 9.8516 70
0.203242 10.1982 70
-10.975 -10.1 70
48.7953 31.0887 70
20.1737 10.4101 70
1.05976 9.70755 70
-10.6679 1.35942 70
-70.7149 28.8823 70
-0.809949 9.62011 70
-0.175969 9.958 70
0.808715 -0.740204 70
9.35532 -0.186523 70
-10.9406 9.29059 70
-0.01853 9.84069 70
-10.625 30.928 70
-9.39596 9.85608 70
-1.34899 20.6768 70
-29.992 1.24063 70
1.12717 0.407105 70
40.5456 -8.63167 70
-0.238799 1.18034 70
-0.274685 10.4463 70
-1.33795 -0.201148 70
-0.702788 0.356924 70
0.426668 0.990883 70
-30.2186 20.452 70
21.0699 -30.4047 70
29.4674 -39.2943 70
-0.939655 8.89108 70
-1.33984 -0.198316 70
1.26276 8.90684 70
-51.3635 38.9985 70
19.6678 9.16043 70
-1.49595 -1.39105 70
1.20249 -0.416724 70
29.8875 9.90845 70
-0.0312961 -0.342825 70
-19.7905 30.0239 70
-10.8433 9.18622 70
-1.48138 -0.332285 70
1.03024 21.1449 70
1.04003 10.6962 70
-18.5309 9.96362 70
19.9626 8.9703 70
40.3041 41.2315 70
0.160388 1.22168 70
-49.6667 -79.0525 70
0.977447 8.88296 70
-1.24399 8.56513 70
-0.398247 -0.226249 70
0.195611 0.789297 70
1.19417 10.2709 70
-59.3987 40.428 70
-0.312858 11.3908 70
-39.4519 20.587 70
-0.859294 9.45982 70
-60.7196 30.929 70
-9.825 -0.555811 70
9.55959 -0.888371 70
-18.6563 -18.634 70
11.2943 -9.17397 70
49.5641 21.1682 70
11.4378 11.0038 70
-0.627327 9.00142 70
-1.44215 -20.5573 70
-1.23813 8.8091 70
-1.20808 9.90368 70
-1.05995 0.135662 70
-0.444199 1.00064 70
20.9317 20.5519 70
70.4355 39.8868 70
9.69847 -18.7078 70
-0.925165 -0.0550693 70
0.750263 -1.29483 70
-0.307264 1.39056 70
-0.689888 9.05705 70
-0.490197 1.42979 70
-0.785499 0.247617 70
1.15566 -29.7326 70
19.1704 20.323 70
0.518069 0.667031 70
8.82661 -0.859888 70
-10.8903 10.204 70
10.4467 0.390385 70
-0.0498442 11.0371 70
-0.0791185 8.85608 70
0.551308 0.739151 70
-10.4427 9.3731 70
0.429607 -0.297746 70
9.73272 38.6845 70
30.6915 -8.77861 70
0.857546 11.223 70
-0.125392 10.0432 70
1.24779 10.4359 70
1.43723 0.917201 70
-0.462769 -0.424715 70
11.22 0.279896 70
-49.3814 28.5729 70
-1.43474 18.613 70
-69.9852 -71.3774 70
21.1628 -1.02961 70
11.3195 1.1166 70
11.4845 9.4963 70
-1.40213 -11.1511 70
0.546625 -11.1304 70
-0.520358 10.2522 70
-1.05101 9.87797 70
11.3691 1.1656 70
0.510858 9.66296 70
-9.72228 -10.0721 70
-0.487854 9.19775 70
9.62379 -0.439514 70
9.89024 11.3898 70
-0.764587 9.22189 70
10.7354 0.406093 70
-11.0513 -9.82232 70
-0.26613 1.49299 70
8.95736 0.150351 70
20.8757 1.37775 70
-0.72554 11.0986 70
-1.27892 9.86546 70
-1.18857 10.0614 70
9.19122 -1.133 70
-9.24818 -10.9524 70
20.0068 20.8366 70
-0.109808 0.75299 70
-1.27016 -0.264762 70
-10.1287 -11.1858 70
10.3355 1.03808 70
10.9212 18.713 70
-0.466969 1.14623 70
20.7322 8.72747 70
0.805334 11.1849 70
-0.321279 -0.137325 70
-1.48158 -1.11833 70
-49.9538 30.9649 70
9.85747 10.275 70
-11.3224 -9.22169 70
-11.3678 -30.1128 70
9.26523 -0.335622 70
10.3703 -9.3577 70
10.9185 -8.55931 70
-0.378809 8.74533 70
-9.91205 1.36343 70
-10.1842 1.31869 70
-1.39067 9.18436 70
11.4668 -9.07654 70
-1.30625 1.46998 70
-20.0224 -11.2858 70
1.21504 0.222469 70
9.44538 -1.47591 70
-0.471512 -0.554902 70
-0.639047 1.05746 70
-0.0763978 -0.216165 70
0.171005 0.689774 70
-1.32383 -0.946113 70
-9.18172 68.5797 70
-0.0164056 9.67084 70
-0.580509 -9.1872 70
-9.98977 -69.7627 70
-0.154738 1.08239 70
10.567 10.1049 70
-0.653525 1.19594 70
-29.402 9.78021 70
-10.4554 0.260565 70
0.0350515 0.749285 70
0.359824 -0.61279 70
10.5498 0.0167311 70
-0.980578 1.31421 70
0.336795 11.1087 70
1.04532 -1.34184 70
11.1345 10.0894 70
0.581419 10.7328 70
-0.716662 0.102508 70
10.4305 1.06003 70
8.87572 0.074547 70
-10.362 21.451 70
-11.072 -9.99301 70
8.91559 -10.8326 70
9.7255 20.4853 70
0.194261 11.1393 70
-1.40422 0.578767 70
-0.554651 -0.788801 70
-10.7338 21.1311 70
-1.45435 1.36621 70
0.54365 10.779 70
-0.876162 9.60923 70
11.4372 10.9438 70
-0.522701 9.43244 70
1.38336 9.32138 70
1.36211 0.409277 70
0.345266 19.5995 70
-1.41027 8.80279 70
11.0732 -0.485523 70
-0.271042 11.1442 70
9.01785 0.340214 70
1.12823 -0.869887 70
-1.022 -1.18584 70
1.28947 -0.428528 70
0.940486 19.3531 70
1.40189 19.0847 70
0.646266 0.672584 70
28.8117 -10.355 70
-40.1259 21.0178 70
-20.0213 11.4319 70
10.1709 20.4824 70
9.3499 10.0997 70
9.12025 19.0534 70
-9.83091 -19.6765 70
-40.5635 80.0699 70
-10.4551 -9.95102 70
-1.48965 21.028 70
9.73954 0.829925 70
19.0194 -9.85513 70
-0.323542 49.6878 70
8.88963 0.808884 70
9.33646 1.12116 70
8.93967 11.4417 70
21.3443 -20.1132 70
1.25 9.30526 70
-18.9915 9.28724 70
10.1423 -30.3988 70
8.56483 8.62464 70
-21.404 9.02549 70
-20.2038 11.3699 70
-0.110315 9.10258 70
-0.196501 -0.594216 70
-18.7411 9.77677 70
-0.936944 9.9633 70
-0.844702 -1.22088 70
10.9221 -11.1266 70
-20.7967 31.1053 70
-0.69857 0.773064 70
-70.9551 -1.30298 70
11.4034 9.83811 70
-1.23529 0.740423 70
-8.93691 -0.611887 70
-1.27577 10.2428 70
-8.98347 -1.24678 70
-9.39635 -1.38703 70
10.3762 18.9233 70
-0.611318 0.209359 70
-0.589368 8.9492 70
-0.147907 10.6302 70
-10.1392 -30.2094 70
-10.4698 9.95249 70
10.5353 -0.094753 70
9.82718 1.41319 70
1.41116 10.9697 70
1.2586 -0.997151 70
1.13115 9.94517 70
-1.25115 -0.963908 70
-1.01871 -0.658522 70
-11.1994 -28.9833 70
10.2087 -0.667213 70
21.3817 -19.83 70
10.0695 -0.253548 70
-1.49822 10.6351 70
10.9483 8.54878 70
1.21351 -10.1716 70
1.10364 9.80305 70
-0.360099 9.18457 70
-11.3466 20.5887 70
-11.1956 20.1221 70
-30.8143 0.725181 70
9.70092 9.26596 70
10.6341 -0.567801 70
1.28519 0.211005 70
8.64075 -9.18317 70
19.3772 -0.464302 70
9.17631 11.4228 70
10.5357 8.52451 70
-0.297158 20.9191 70
-0.518163 10.6047 70
-1.22727 8.93623 70
1.19706 10.8707 70
1.09718 10.0273 70
30.9823 -0.483555 70
-0.710528 0.495238 70
10.1985 0.161777 70
-0.507613 9.52408 70
0.0091383 8.79203 70
10.5407 1.14925 70
-0.92716 10.8146 70
9.67233 -0.928776 70
10.5738 9.76635 70
38.7259 48.9485 70
1.15254 10.2395 70
-1.20698 11.2079 70
-1.4693 9.69045 70
1.46066 10.3533 70
19.1053 21.0807 70
11.4013 0.65867 70
11.1212 -0.469118 70
-20.6902 -1.18149 70
0.511693 8.8823 70
-0.189014 0.765168 70
-8.63591 8.68255 70
