10.1217 -1.45406 70
10.1776 -9.49743 70
11.1331 29.5653 70
0.499218 1.02293 70
-10.007 10.5709 70
40.4013 1.10028 70
1.39821 9.89167 70
0.0917647 9.20027 70
10.0564 -0.238942 70
-0.806932 0.405537 70
-0.82081 -20.0175 70
18.8144 0.605578 70
-0.917057 -0.902923 70
-1.42661 -19.0743 70
0.891867 10.2844 70
0.248743 1.35106 70
10.666 -0.33161 70
19.1815 -10.4583 70
-21.4789 10.6543 70
11.0183 10.2069 70
0.496607 9.50529 70
-9.24873 0.0509605 70
1.03044 9.22791 70
-0.596456 -0.287792 70
-0.273858 -10.5983 70
10.9749 10.4591 70
0.459944 9.89907 70
9.06575 -0.325438 70
-1.13927 8.65014 70
40.5322 21.2644 70
10.0393 -0.0294454 70
-1.41139 -0.959291 70
-1.285 9.15036 70
0.924117 0.923353 70
-11.2595 -9.0496 70
-0.546191 0.456937 70
0.758951 1.24621 70
0.258548 10.1898 70
1.46831 0.564535 70
8.86721 20.9649 70
0.36872 -1.16669 70
-10.2296 0.634704 70
80.275 59.2349 70
-9.52234 38.7114 70
1.06413 81.2275 70
1.46023 9.59215 70
8.51178 10.0887 70
9.44393 10.6632 70
9.77964 -30.2496 70
9.14383 8.73365 70
10.0153 -0.773185 70
8.89174 9.22724 70
-0.832485 0.0627664 70
0.729632 -0.507024 70
-1.32834 0.638723 70
-1.1748 -9.42311 70
19.1426 11.4492 70
-0.783675 11.2676 70
49.2754 -20.2258 70
-0.448463 10.6272 70
21.492 -0.930454 70
-1.43203 -0.108778 70
-10.5074 -0.518316 70
-10.4366 9.18617 70
9.34868 -10.509 70
-0.670478 -10.1323 70
9.82053 9.05718 70
10.8151 9.46267 70
9.58181 20.3113 70
1.45965 9.62237 70
10.512 10.5162 70
-0.367261 8.9917 70
11.0557 19.5912 70
-1.19051 0.747245 70
-9.34226 -11.1211 70
9.8669 -1.16941 70
1.22171 0.765895 70
0.0686528 1.42863 70
-0.718808 -8.64741 70
-0.450557 -0.832548 70
-11.4418 -0.643471 70
-9.40417 20.8306 70
0.377407 -8.8546 70
-0.780057 -0.151383 70
0.26301 -0.285074 70
-19.9022 11.2369 70
-1.32127 18.52 70
10.7018 9.08063 70
-0.107524 11.2683 70
-0.381527 -1.03969 70
28.9688 0.586885 70
10.3854 9.01761 70
-11.2667 11.3045 70
0.832048 1.03553 70
0.852376 0.335603 70
0.170798 11.4091 70
8.52361 -28.7836 70
9.40741 -0.739047 70
1.42666 -0.0667703 70
8.84098 -31.0967 70
1.37267 0.375889 70
0.382403 0.83997 70
-1.34918 -10.8411 70
-0.122589 11.0551 70
-0.502401 9.70747 70
0.425933 9.62964 70
-109.469 -111.037 70
-1.45043 0.262759 70
0.0596023 0.74579 70
9.70107 0.218989 70
-0.557409 0.556969 70
-9.34629 -20.8242 70
-9.32737 -21.3115 70
59.5552 -19.8609 70
28.7741 10.1737 70
10.4389 20.7627 70
-9.99841 -39.9325 70
28.9326 20.1478 70
-1.44749 9.37929 70
11.3695 10.6299 70
-1.17499 10.0626 70
10.667 0.757508 70
29.8727 -20.4534 70
-11.2428 -0.58704 70
-10.3959 0.792356 70
-0.441051 10.8272 70
1.02348 -0.266118 70
9.15226 -0.717249 70
1.16895 10.9682 70
10.3189 -30.7162 70
-11.4684 0.519328 70
0.495174 0.3671 70
11.1824 30.6779 70
-21.0351 1.49851 70
9.63158 11.1638 70
-1.40026 0.268782 70
19.0099 10.0917 70
-10.5247 -1.27827 70
10.0925 28.5299 70
0.342652 -0.454416 70
-10.1422 -29.2977 70
30.4882 -40.5648 70
70.9462 31.4169 70
0.505299 -0.642722 70
-10.0397 1.28346 70
-10.1681 -0.5227 70
-1.09802 0.888484 70
9.49574 -1.205 70
19.9454 -8.55814 70
11.4195 -1.2659 70
10.9524 10.5037 70
1.09176 -10.0845 70
-9.76998 -0.783076 70
-0.999365 11.0875 70
-8.85877 1.3469 70
1.351 0.46935 70
10.8512 10.0678 70
-21.3467 -1.1377 70
-21.3083 -0.330265 70
-0.72783 19.0139 70
0.600305 8.86747 70
-40.3696 -19.1364 70
-91.3507 89.6327 70
18.9434 31.2196 70
-10.8718 1.43004 70
1.24077 0.152395 70
-1.30737 -0.972505 70
11.1751 8.53203 70
11.2475 9.50872 70
0.56842 -0.375618 70
0.201237 -0.935167 70
-21.1518 8.94885 70
-0.854513 0.223171 70
-1.39589 10.0357 70
-1.13548 -11.3293 70
-0.371313 18.9934 70
0.899712 11.1907 70
-58.942 108.697 70
-9.24782 8.84875 70
-0.676635 -0.181057 70
-20.1648 -90.0101 70
-0.43497 10.9301 70
0.147556 0.810995 70
-1.32207 -0.472104 70
-0.820425 -0.130205 70
-8.99769 -10.8048 70
20.0372 9.49182 70
0.129526 -0.251925 70
-1.39472 -69.7559 70
10.6852 28.6448 70
1.43998 10.944 70
10.4998 -10.1874 70
-20.4515 30.5405 70
10.4582 0.633878 70
-8.51129 -1.40404 70
11.4919 -1.00075 70
0.192543 1.0061 70
20.878 -10.0172 70
-0.599368 -0.165455 70
9.94878 9.96293 70
1.39272 -0.365993 70
-11.1808 0.811616 70
10.4913 21.4162 70
9.91878 30.7463 70
10.4444 29.5917 70
1.34886 10.0987 70
50.8745 21.0127 70
-0.0032028 -1.15384 70
-10.5739 20.9559 70
-1.49715 0.256739 70
10.5953 9.54901 70
20.243 18.8995 70
-1.49073 0.863466 70
20.2417 -9.44607 70
10.7015 9.28412 70
-20.8328 -29.3957 70
-10.2635 30.9032 70
-0.332802 11.2445 70
28.6237 -11.0288 70
30.3227 -10.1009 70
8.70709 -0.581456 70
-1.18981 1.39177 70
9.74217 20.7658 70
0.00645663 0.619519 70
11.4862 0.215671 70
-0.156239 -0.339512 70
-10.9671 0.953339 70
19.6003 9.84812 70
21.0701 10.782 70
-0.968407 -0.299707 70
-0.0780098 9.38678 70
0.569998 0.309626 70
-18.898 -30.8277 70
10.1616 8.94504 70
-21.3313 39.6188 70
-11.1733 -0.901083 70
8.8868 -0.724546 70
-10.2331 -0.445831 70
-0.661615 1.42269 70
-49.8842 -81.0973 70
-0.578283 -0.290752 70
10.72 1.23256 70
10.4942 -9.33742 70
-0.0500225 -10.4785 70
-0.540205 0.669689 70
0.754645 9.39176 70
0.77885 19.8772 70
-11.4962 -10.4556 70
60.3201 -39.0827 70
-10.5288 8.85373 70
11.0153 0.59595 70
10.2665 -10.6683 70
11.2122 9.34069 70
-0.636869 10.8444 70
1.24229 -0.272766 70
-0.168204 10.3637 70
-0.340503 9.42236 70
8.53039 0.140313 70
0.637432 9.25815 70
-1.45563 -1.14864 70
-0.90168 -1.33319 70
1.4415 0.20814 70
19.4597 -10.8738 70
9.12496 -0.023896 70
0.155625 -1.06092 70
10.8782 -28.9509 70
9.67547 29.0871 70
10.9027 11.2102 70
20.5648 21.041 70
-0.173513 -9.17082 70
8.79899 11.3663 70
18.7183 10.1184 70
21.0342 -0.666815 70
9.52095 0.410487 70
-50.7862 19.9598 70
-1.46773 10.9652 70
-9.81607 10.1257 70
-8.91026 -20.833 70
19.9872 -1.38491 70
0.0193353 -1.40307 70
60.8007 1.1286 70
31.2341 20.1338 70
-0.77577 -0.772568 70
-1.11807 9.01293 70
10.6386 10.8063 70
8.6399 0.595551 70
9.43725 -0.716002 70
9.57713 8.5751 70
-21.2506 -40.2702 70
-9.78769 9.43764 70
-8.87095 1.1147 70
9.5912 -0.685351 70
0.729919 -0.20936 70
1.13176 0.642749 70
1.02478 10.1437 70
0.527986 11.4569 70
9.06653 19.3167 70
0.534161 0.758295 70
-60.5522 -21.1252 70
0.859029 1.33434 70
-40.1773 9.73834 70
-0.480199 -10.2937 70
10.1143 -10.4655 70
0.142673 9.82786 70
-0.994172 9.93153 70
-9.24912 9.31643 70
-20.8884 -1.14372 70
21.4517 -10.6329 70
39.1889 -19.4947 70
38.9763 -9.21351 70
-21.2278 30.8 70
-1.41314 -10.8635 70
19.1765 11.098 70
59.4777 41.3509 70
11.2808 10.318 70
9.69412 -0.800329 70
0.191847 9.78111 70
-18.7835 1.14607 70
8.79893 9.73252 70
-0.511786 8.90192 70
89.6974 -49.104 70
11.3128 -0.265454 70
-8.82408 -19.8363 70
10.4836 10.4605 70
0.881012 10.8459 70
-1.27916 21.3954 70
10.6941 1.01934 70
-0.175994 10.7346 70
-0.941344 9.00572 70
-0.280712 1.09568 70
-9.43169 18.9275 70
18.8577 -10.1922 70
0.224832 -1.01515 70
-1.38177 9.91122 70
-0.323421 0.860749 70
8.94197 21.2042 70
41.1415 -19.4531 70
-30.0368 -49.7627 70
-0.130163 -1.04099 70
1.27407 -10.7113 70
-19.2175 1.19016 70
1.32597 0.759818 70
10.4853 -1.40231 70
1.38712 -0.945912 70
0.0185854 9.07343 70
-0.733126 -0.788847 70
-1.49591 1.29493 70
0.884836 9.63746 70
-1.311 0.256857 70
10.3406 -10.8941 70
0.52608 -0.249028 70
-1.07127 11.3094 70
29.9937 20.3871 70
-39.906 0.670829 70
9.44803 -11.2827 70
0.506156 0.763686 70
0.0750083 1.12445 70
-10.5973 -0.140766 70
0.548894 0.245413 70
20.6194 0.737638 70
9.3914 0.255418 70
11.2994 10.1383 70
9.53941 -0.223916 70
0.383678 -0.926779 70
9.1231 8.5469 70
9.45977 -19.5178 70
-0.2838 1.11421 70
-0.423217 0.0419061 70
-10.5687 8.51734 70
10.4021 11.0457 70
-11.3113 11.0513 70
8.76911 8.67695 70
0.0164737 1.39173 70
-30.7775 -10.9764 70
10.9027 -0.487049 70
0.933152 -10.187 70
19.7353 18.5856 70
20.6946 19.6283 70
1.12171 1.39535 70
-11.4548 -11.1295 70
1.11554 1.34086 70
-11.3108 8.89059 70
11.347 9.37468 70
-10.7775 1.12559 70
1.14226 10.453 70
-1.2383 9.857 70
9.86416 -0.0924014 70
-10.8798 -0.900912 70
-0.964238 9.2785 70
-0.785664 9.44309 70
0.961913 -20.8556 70
0.328516 -0.987859 70
-8.66029 69.9812 70
-10.6958 48.5313 70
-0.364263 0.508531 70
-30.7393 -101.292 70
-10.4695 11.0084 70
30.6458 -18.547 70
-1.00621 1.052 70
-10.1962 20.4185 70
11.1796 -0.464705 70
-0.121526 0.23586 70
-10.3811 -1.31779 70
-0.759399 0.679281 70
-0.684282 0.528495 70
30.2774 -20.9165 70
60.0426 -30.6998 70
-18.9102 0.485165 70
20.0277 10.0297 70
-0.385312 0.2086 70
48.5291 11.3599 70
1.01304 9.25769 70
-9.32347 0.474074 70
-9.05524 30.8827 70
0.0894035 -0.597647 70
-20.4257 -11.2817 70
11.2702 20.2035 70
-69.8114 49.9637 70
9.42198 20.8698 70
20.3885 11.0953 70
9.12839 10.2602 70
-1.46997 0.256921 70
0.342952 -0.795756 70
20.2214 -11.1416 70
11.2715 10.6455 70
19.7482 8.59741 70
9.44211 9.79764 70
0.37744 0.705657 70
1.1747 -1.30287 70
-10.077 20.1339 70
-8.8951 21.1593 70
10.0445 1.05867 70
-1.30217 8.73406 70
9.90109 19.4693 70
-40.1467 99.2167 70
1.41087 0.599856 70
-0.0601507 0.762828 70
0.180547 0.655166 70
-10.1592 11.0687 70
10.3498 0.00817979 70
21.4943 -9.59557 70
-1.46561 1.02728 70
-0.18921 1.48323 70
9.9549 10.9612 70
-21.0524 -1.48088 70
10.6108 8.77619 70
0.0061189 -0.955958 70
0.389277 10.9436 70
-0.896544 11.0094 70
-1.47695 0.525394 70
0.333496 0.0856828 70
0.173371 0.345666 70
0.0148427 10.8771 70
-0.968718 10.165 70
0.940755 -0.947158 70
-0.454409 1.40989 70
-1.28034 -20.3453 70
-1.39521 9.2749 70
-10.7762 -8.89847 70
61.0216 60.4704 70
-1.00422 8.77268 70
0.00874689 0.481249 70
-0.541277 0.732861 70
1.49784 10.9778 70
11.4219 8.98785 70
0.79486 -20.935 70
0.542637 0.36932 70
1.375 8.72781 70
-10.6797 9.3259 70
-0.406663 -0.557001 70
0.0800309 9.00315 70
0.591378 11.22 70
-29.56 19.0176 70
-30.3552 -70.3495 70
0.707267 0.42398 70
0.474419 0.831716 70
10.2075 9.44081 70
9.91033 0.368135 70
0.666868 -9.15863 70
0.899778 -8.59361 70
29.4869 40.1307 70
9.53857 10.6707 70
-0.0132104 -0.0661415 70
19.2921 10.2648 70
-39.5187 -18.6901 70
1.28911 1.34767 70
-1.38585 1.02987 70
-11.0943 -28.5227 70
-10.4305 -0.900161 70
1.02566 -1.27905 70
-11.4503 20.4675 70
9.76063 10.0764 70
-48.7469 11.1688 70
-21.0453 -9.55166 70
0.82279 10.8466 70
11.1677 29.0695 70
9.21769 8.87792 70
-10.7271 60.1219 70
-1.20863 0.634156 70
0.0324109 -0.789248 70
20.8389 -10.67 70
-29.5508 99.4269 70
-18.9954 20.3085 70
20.9262 8.76768 70
-0.777501 30.5566 70
10.9486 11.3907 70
11.1801 19.0243 70
49.9806 -9.18088 70
51.419 -8.54953 70
10.5924 10.7829 70
9.45579 8.76748 70
9.91782 -10.6286 70
-1.30429 -9.27368 70
11.0753 -10.7982 70
100.863 60.9511 70
8.60809 0.281128 70
0.959275 9.37597 70
1.04478 -0.445838 70
-9.82395 39.4501 70
9.41398 -0.431278 70
8.95562 1.15964 70
8.85322 -10.8954 70
10.7825 0.464346 70
10.456 8.62712 70
0.809961 8.53798 70
-0.850988 0.128367 70
8.90791 -11.0696 70
18.5277 9.90119 70
-10.2321 8.89447 70
-18.932 1.29415 70
0.842551 0.729549 70
0.776218 0.521356 70
-49.9622 70.6221 70
-19.5999 8.82962 70
0.778495 10.1915 70
-1.49993 -9.27015 70
0.92798 -9.60363 70
-70.922 29.4901 70
9.03662 0.558552 70
1.25676 1.38495 70
-20.4 19.6361 70
20.7493 19.6265 70
-21.0348 39.0453 70
18.7814 9.2304 70
0.609645 -0.0601776 70
-0.631725 8.50387 70
20.6996 10.4678 70
-20.0331 79.3529 70
10.291 10.9585 70
-9.38504 10.6681 70
20.3933 -1.03048 70
1.42112 11.3927 70
-0.270715 9.74404 70
1.03561 -1.2055 70
-21.4418 11.0293 70
9.5772 -20.7067 70
9.81787 -9.79424 70
1.33074 9.40653 70
8.72544 -10.5799 70
10.1978 -18.9043 70
10.9189 -0.841114 70
20.1585 1.01587 70
-1.01578 19.6369 70
39.5741 -20.4036 70
1.24813 0.614014 70
19.5312 1.23634 70
0.41252 1.27736 70
31.2495 21.3082 70
-0.242977 10.5793 70
10.3227 -9.32778 70
-0.0757679 0.993608 70
-10.8201 20.1256 70
1.00524 -40.0333 70
-1.20842 0.430821 70
29.4381 11.2443 70
-51.3229 20.5539 70
20.0059 19.2247 70
-18.5487 20.0807 70
-8.66388 10.7627 70
-0.122613 10.6293 70
-0.274338 10.8555 70
10.0857 -0.459055 70
-1.04383 -0.139311 70
0.261041 1.16065 70
1.11957 -10.7238 70
0.867035 0.412626 70
29.3924 10.556 70
-0.973426 9.52964 70
19.2752 -0.83622 70
10.1871 9.72172 70
-39.7834 -19.5666 70
30.9826 10.3532 70
1.22279 0.716485 70
-11.4504 -0.683163 70
51.4138 21.3055 70
48.8716 20.5061 70
-0.737665 -0.625745 70
1.45313 10.6781 70
-0.807971 0.885746 70
19.0185 -1.22008 70
10.5597 19.4441 70
1.09594 -1.22757 70
-9.16375 -9.27138 70
21.4159 1.45546 70
30.2962 -1.32119 70
0.241484 -1.03589 70
0.83655 8.58891 70
8.7951 -9.07766 70
10.5859 8.75159 70
9.15514 -10.9991 70
10.1774 -11.1698 70
-1.38782 1.42896 70
-0.616748 -0.599159 70
20.5877 -1.01069 70
0.130125 9.54304 70
-0.932693 10.845 70
-0.752742 -0.976524 70
10.9373 -10.8646 70
21.2796 -0.764249 70
9.88937 -9.31799 70
121.142 20.3148 70
-0.689619 9.11635 70
-1.18939 10.2196 70
8.78517 -0.671418 70
11.0497 -10.9674 70
-0.21857 0.325085 70
-29.4591 10.9695 70
10.884 -10.4304 70
10.9242 20.7457 70
0.286655 18.6557 70
9.81292 10.3172 70
-1.00025 0.792328 70
11.1605 11.3559 70
20.3285 40.4335 70
49.7819 -0.138712 70
31.3027 39.8554 70
30.2284 41.378 70
1.2259 -0.220918 70
-30.0169 -20.7649 70
10.3713 20.1706 70
0.625137 0.738941 70
19.0468 11.3127 70
20.0971 -0.870302 70
-0.890063 -1.49365 70
10.154 11.0644 70
9.61084 10.9602 70
0.665278 9.74954 70
0.491178 0.329061 70
-0.341561 -1.06138 70
-40.4746 19.0367 70
-8.90995 10.0955 70
-20.2082 21.0241 70
1.3224 8.50838 70
-0.75203 1.06969 70
10.3074 -28.5318 70
-1.42213 -0.151221 70
-9.82695 -1.07049 70
-0.288196 10.8658 70
0.109612 -29.2367 70
-8.62688 -0.485614 70
10.446 11.1094 70
1.01539 0.0537861 70
20.0787 11.1407 70
-20.3908 19.7303 70
-41.4958 -0.431314 70
-0.902744 -1.27904 70
10.8414 1.17288 70
-1.32422 10.7948 70
-1.16561 11.0788 70
-0.815264 11.2779 70
10.8142 18.9574 70
98.7643 8.75956 70
-0.0373917 9.88861 70
-0.556979 -9.02985 70
-1.30405 9.64618 70
18.8345 8.82209 70
0.173046 11.1778 70
0.402366 -0.686105 70
9.24675 10.9547 70
9.95707 -0.299759 70
-1.14393 9.46358 70
31.078 -8.68667 70
-0.60092 -1.16984 70
8.8083 0.85915 70
0.435711 8.89035 70
-21.3266 18.9361 70
-1.38332 -18.9689 70
0.935373 11.0867 70
79.5933 -31.3815 70
81.2167 -29.8772 70
-0.799109 10.2576 70
10.0813 -20.4608 70
-0.644441 9.33537 70
39.0218 28.9118 70
40.4293 29.5211 70
48.7416 0.78869 70
0.570294 0.421929 70
