10.3489 -1.08787 70
-9.64682 -9.66337 70
70.1194 10.4787 70
0.514139 9.36182 70
18.7465 1.40316 70
-9.70467 -10.2492 70
9.93612 -21.3859 70
9.19244 -0.142091 70
10.5811 -1.06498 70
8.71865 9.3229 70
9.52267 11.0312 70
11.0023 -0.949881 70
-0.817575 0.397634 70
-0.0211042 -1.12081 70
0.638245 0.805769 70
-0.0297074 1.28506 70
1.30102 -0.993415 70
21.2242 -1.42085 70
9.05755 10.8151 70
-9.98834 -20.5352 70
-0.585834 -19.2422 70
-0.781328 10.8838 70
0.676057 9.56072 70
-0.457859 18.7065 70
-10.2784 -11.4238 70
-9.58569 -18.9623 70
28.7212 28.8987 70
8.95455 -11.1866 70
-0.00512231 -1.11709 70
9.15617 10.5921 70
8.96766 1.22986 70
10.5395 0.372118 70
9.17791 0.720489 70
0.0270646 0.698831 70
19.9243 0.255743 70
-0.593623 -9.28662 70
10.0318 60.1543 70
18.5837 -20.0564 70
-1.39266 -10.6219 70
9.0014 -0.68176 70
-40.3598 -0.90103 70
9.74453 -10.7852 70
48.553 9.3071 70
10.046 -0.156411 70
10.1334 0.713884 70
9.28882 -0.595241 70
8.95307 -21.2998 70
-0.417678 -1.24711 70
19.7226 18.724 70
-1.14414 -1.40992 70
30.3364 -21.0538 70
-9.72121 -1.38205 70
1.21276 8.76307 70
-8.50603 19.9647 70
-10.4103 21.4142 70
10.9817 1.14365 70
9.86639 1.27337 70
9.73047 0.118529 70
-50.2959 -29.4742 70
-1.29893 -0.510756 70
-30.6309 -1.31625 70
1.28334 31.4425 70
10.6708 10.4096 70
1.49347 29.6338 70
8.64021 -8.91423 70
0.804958 9.84543 70
-39.3549 -78.5111 70
-9.29703 -11.3276 70
10.3561 -21.4781 70
0.0619915 -0.4537 70
0.837791 10.4856 70
0.401654 -31.3112 70
-1.47683 21.1594 70
1.26671 1.06099 70
-0.0130999 -0.89456 70
-30.1032 -1.0741 70
-20.1435 19.4593 70
21.1066 -10.878 70
89.309 -68.7835 70
51.2746 50.8007 70
8.66173 8.66519 70
0.569905 10.595 70
11.4024 -9.48024 70
11.2235 -0.295586 70
9.85019 0.997983 70
0.457153 1.26868 70
1.2706 10.4278 70
-10.5761 9.7049 70
-0.350974 -0.995016 70
9.29128 -0.216603 70
10.3888 20.0321 70
-10.4094 -10.7482 70
-28.5907 1.09551 70
1.42008 -9.54346 70
0.656027 0.841481 70
-31.3276 -18.6382 70
-0.935407 -0.158202 70
-58.9527 59.6828 70
20.7279 -0.26328 70
1.3257 21.1222 70
-0.91832 9.32972 70
-0.416175 1.04662 70
11.4486 10.7809 70
10.4508 11.3308 70
11.1027 0.721838 70
0.969295 -0.580576 70
-0.657444 0.0629722 70
11.3378 -9.34863 70
9.19462 0.770422 70
8.63241 9.81137 70
19.5872 -0.230931 70
-0.0742805 -1.25225 70
-0.649213 49.3952 70
-10.1639 1.40515 70
0.671085 10.2096 70
0.991093 -1.01845 70
0.980137 -0.772524 70
10.9128 0.916488 70
9.81519 0.487939 70
10.8392 10.3334 70
-1.11644 0.445406 70
10.5269 8.96337 70
30.5633 -0.939842 70
9.76245 9.28897 70
-9.98016 19.7952 70
-10.1212 1.10147 70
19.1808 20.1202 70
8.68331 9.58308 70
1.30558 -0.760853 70
10.1039 9.94292 70
8.79811 -31.4562 70
-1.17427 18.9058 70
1.33455 0.543147 70
1.07536 39.013 70
0.877336 0.566126 70
-9.28926 9.46155 70
10.724 -0.219194 70
1.22379 -18.7357 70
20.5967 0.912092 70
9.20168 -9.92274 70
-8.78641 1.29824 70
0.886244 0.103452 70
1.13419 11.0209 70
18.9121 1.03491 70
9.30776 -9.9742 70
9.95999 0.153679 70
9.47112 0.317172 70
-29.1913 -30.6249 70
-0.289658 1.19441 70
1.44931 0.477777 70
-0.0449355 1.03768 70
11.2487 11.4349 70
0.218817 1.1765 70
-19.9081 10.6963 70
1.1837 0.174783 70
8.69716 1.1094 70
9.49104 0.982835 70
-19.9072 -0.773831 70
-0.163174 19.9847 70
29.6103 -30.0051 70
29.4882 -31.0087 70
10.8433 0.253636 70
-8.59842 11.4674 70
9.53021 8.82422 70
-1.48238 0.208515 70
1.02992 10.0592 70
19.3169 -8.64185 70
59.5732 28.5716 70
20.7453 0.400015 70
9.27047 1.31929 70
-0.999777 9.60831 70
19.0973 10.0125 70
1.0476 -0.545542 70
-10.7499 -0.607177 70
-11.4103 -1.03573 70
-18.8184 19.2989 70
8.51839 -9.86766 70
1.31837 -1.00373 70
8.70291 11.4321 70
-29.5913 -19.1416 70
0.700787 -0.308362 70
0.587831 1.44795 70
9.12166 0.499196 70
-19.6317 21.0588 70
9.32104 0.150134 70
8.71375 8.86541 70
-1.45953 -0.11824 70
1.20693 21.4118 70
-8.5245 -0.084665 70
1.2341 -39.0858 70
9.18982 -1.05281 70
11.222 18.7305 70
0.736031 -0.676474 70
10.9747 19.705 70
19.5644 -0.975082 70
1.0832 -1.18001 70
10.5092 9.38851 70
1.09038 0.700333 70
-118.533 -100.792 70
60.2152 48.7451 70
10.2255 9.78048 70
10.0551 8.54786 70
0.80463 1.155 70
9.59357 -9.68987 70
9.48228 -10.7586 70
0.799449 1.15299 70
1.29046 9.35498 70
1.43976 -39.5708 70
9.51653 -0.702531 70
9.74323 21.0343 70
-0.0784449 -8.86668 70
-0.428021 29.3883 70
10.7788 9.79233 70
1.10464 0.481983 70
1.15028 20.0485 70
1.02113 9.38908 70
-0.0655369 19.7387 70
9.0549 0.942395 70
-0.820354 10.7471 70
-48.6807 -58.62 70
11.4947 0.259228 70
10.6035 -0.600427 70
79.9064 59.086 70
11.4334 8.72637 70
21.1282 1.36947 70
1.22856 -1.3171 70
-1.11724 1.27494 70
-10.6706 0.988345 70
19.523 -29.4816 70
-18.6832 19.5703 70
1.16166 0.973145 70
-11.4939 -10.6895 70
-0.540109 -10.1402 70
-0.980809 9.18652 70
1.45138 -9.37585 70
8.72121 -0.9344 70
8.78306 0.231299 70
39.8941 -40.5952 70
-21.017 -11.1824 70
-19.7151 -9.08153 70
1.4948 11.1149 70
8.71442 9.2435 70
-10.9112 -1.34574 70
8.95896 1.35564 70
9.2353 0.332064 70
31.1792 -0.222366 70
-8.50569 10.6116 70
-9.25523 9.0303 70
9.11877 -0.250349 70
-0.429131 8.53374 70
19.4893 30.5426 70
0.241645 10.4537 70
9.26022 0.360286 70
0.481771 -0.0482703 70
0.213618 9.31809 70
0.685374 9.28791 70
0.948681 0.798049 70
10.847 8.76988 70
0.625198 -0.231017 70
11.0234 11.2066 70
8.50315 29.5273 70
10.8929 -0.954226 70
-9.60849 9.44189 70
-0.840657 10.7441 70
79.6759 -78.8365 70
10.6166 -10.0564 70
8.9849 19.8774 70
0.666895 0.268327 70
-10.6246 10.1992 70
10.9135 11.1376 70
49.233 20.5527 70
0.4158 9.65985 70
10.1676 9.02671 70
58.9585 39.865 70
9.83315 0.987509 70
1.12311 1.13158 70
28.5198 50.763 70
40.6009 70.1872 70
-10.3804 -21.4764 70
-0.844923 9.26844 70
21.3371 0.59839 70
1.22273 9.8524 70
20.9154 29.5861 70
9.52878 9.28428 70
0.653155 -0.0390978 70
-19.2964 -18.5685 70
-10.4625 90.3354 70
-1.32993 -0.745953 70
21.4211 20.0216 70
-18.7304 -40.7995 70
0.086705 -0.113117 70
0.332949 -0.0537309 70
-9.96059 0.427589 70
-0.95917 8.74592 70
-20.7422 9.34787 70
1.46809 0.872533 70
-0.643052 -0.641 70
10.3851 -10.5389 70
20.9824 -0.755697 70
-0.412109 11.2027 70
8.65878 9.50903 70
1.30539 0.794125 70
1.42243 9.8176 70
-10.5968 29.8277 70
10.9024 -0.191673 70
0.884898 9.81506 70
8.65574 1.11923 70
-0.840785 1.30321 70
-0.0381668 -0.827382 70
9.64426 1.41528 70
-21.4818 1.09586 70
0.0887231 9.96985 70
41.4726 10.6064 70
10.8158 -0.226969 70
9.3941 -11.4684 70
0.74011 0.688298 70
10.2046 11.1302 70
9.80817 -0.78055 70
-10.3068 29.2445 70
9.43076 29.2295 70
11.3694 30.6896 70
-39.2556 31.4946 70
0.97485 10.1345 70
-0.475073 8.77883 70
-0.699554 -0.64692 70
-10.5751 11.1282 70
-1.14905 0.0459674 70
11.2585 0.140515 70
-1.05373 20.0341 70
1.09298 -1.44209 70
8.52473 21.4838 70
0.838971 0.194302 70
20.0427 -9.67657 70
8.71995 10.4067 70
-19.4193 41.1994 70
-0.885915 31.2064 70
30.6205 0.882666 70
9.74516 21.1794 70
1.43063 -1.24144 70
-0.927183 0.427102 70
10.1268 -1.40155 70
-8.73541 9.13356 70
-10.135 8.98277 70
-0.942262 9.56134 70
81.2609 59.6816 70
8.97229 -0.457311 70
-0.426962 9.21835 70
10.0167 -0.797901 70
8.64334 31.1915 70
1.2741 -10.2298 70
29.1933 -0.856537 70
-0.00291791 -0.473439 70
0.0761504 -0.298857 70
19.0988 -10.9185 70
8.82774 8.94102 70
-0.308072 -1.23586 70
-51.3089 90.8485 70
-0.738591 -20.8445 70
10.3633 8.84034 70
-29.4749 -10.7603 70
9.46245 9.3246 70
11.106 1.23922 70
0.710038 -8.80044 70
0.210292 -9.56521 70
10.2619 1.20869 70
-1.34143 10.6954 70
-0.435892 8.8817 70
-1.20391 -1.24993 70
1.49453 -19.7646 70
8.90521 -1.41519 70
11.2545 19.0386 70
1.3062 9.67741 70
8.79513 -9.95378 70
1.21422 0.665409 70
11.2917 19.9455 70
20.0189 0.236562 70
-40.3544 -0.589018 70
10.2209 11.1245 70
-0.272605 11.2799 70
9.1097 19.8749 70
8.89692 -10.983 70
-28.6745 -0.033286 70
9.37883 10.4737 70
-0.627046 9.06995 70
8.61479 0.0158252 70
10.9724 8.90154 70
-1.16974 9.1573 70
1.17476 -11.245 70
-9.06688 19.0049 70
-1.24141 -61.3182 70
-59.8167 -70.9015 70
19.5262 10.058 70
11.4784 -0.50681 70
-0.813755 19.9563 70
-0.868033 -20.4378 70
-29.8546 -9.86594 70
8.95522 0.0162244 70
0.793918 0.497429 70
10.9716 -0.816297 70
-10.0633 20.7982 70
-10.076 19.5007 70
-21.3359 -10.1352 70
-0.816711 0.213956 70
1.33524 29.8447 70
1.29107 0.995959 70
-0.461476 9.32444 70
-0.910078 1.46592 70
10.6522 10.317 70
-10.9599 1.48066 70
9.11173 0.292061 70
20.2415 -1.16021 70
18.5726 9.96039 70
-10.3912 -11.102 70
0.743474 -9.7908 70
-0.91588 -1.41766 70
8.82159 -0.2004 70
0.646776 0.515398 70
-10.3653 -10.9764 70
1.41517 -0.142005 70
0.14532 0.563985 70
11.4935 -30.8087 70
-1.09107 0.421184 70
11.1868 1.33737 70
21.2635 20.4249 70
-0.952132 10.0456 70
49.9801 -59.1257 70
8.84272 0.586585 70
10.0859 -0.977032 70
9.03878 9.7718 70
1.02823 -1.00327 70
0.681865 -0.656676 70
9.80667 9.60784 70
-9.02069 20.828 70
1.29127 9.6539 70
0.494695 19.8482 70
-1.2845 11.4471 70
-11.2429 1.23522 70
-0.930362 -0.0335735 70
0.202835 1.01228 70
21.3733 39.6037 70
0.568219 10.5352 70
-0.359798 49.2492 70
-30.6792 1.28142 70
-10.2139 10.5126 70
9.16277 -9.42361 70
-0.422228 30.3715 70
10.9018 -0.536431 70
-10.084 11.3417 70
-1.44887 -0.0684201 70
11.0306 -0.544188 70
10.5519 10.0009 70
8.54642 -1.3115 70
51.1162 69.4979 70
19.2435 0.473695 70
18.5324 0.815913 70
8.98007 11.0917 70
9.98934 -9.28842 70
10.539 -8.85177 70
-19.4758 30.2938 70
11.2783 1.47405 70
18.9035 -0.863476 70
0.785454 0.498204 70
8.52993 1.42828 70
-0.272676 19.0856 70
-1.19759 -1.42447 70
19.7456 0.686469 70
-18.8874 -1.16532 70
0.172202 0.135295 70
20.0744 -0.722323 70
1.12794 -1.41767 70
79.6319 60.3445 70
38.9564 60.5548 70
9.66154 -1.15289 70
-0.216867 10.1735 70
11.1202 48.922 70
0.523435 9.91179 70
-9.80202 0.896319 70
-28.5869 -11.1011 70
-9.59936 -10.78 70
9.17457 9.02092 70
-0.556441 -0.893579 70
11.0966 0.828797 70
28.5609 9.09286 70
0.939006 9.97594 70
0.358291 1.37469 70
0.577233 -1.15564 70
-1.33695 0.995689 70
0.747968 -79.1212 70
1.07626 0.845639 70
11.2289 0.825638 70
-59.4769 20.9185 70
20.2942 -49.8399 70
-0.405996 -1.24552 70
-0.0404498 1.04289 70
-0.333756 90.1239 70
10.9036 -0.660047 70
10.5882 10.2007 70
20.3406 0.875167 70
-11.3531 8.84309 70
-10.6652 10.9389 70
-0.238677 11.1461 70
0.18671 9.1041 70
-9.63162 9.13506 70
29.7332 -20.0992 70
-0.447076 1.41266 70
-8.59196 48.9081 70
0.656682 -11.1186 70
-0.116671 9.7705 70
11.4132 -9.39435 70
28.9531 10.0529 70
-10.0287 1.30072 70
-0.549053 1.35799 70
10.0284 -1.36102 70
10.7549 0.803891 70
-18.7931 10.3156 70
8.66143 -0.235292 70
10.1792 -10.6071 70
19.8964 0.638495 70
1.16749 -1.35053 70
0.353498 0.134837 70
9.01189 11.2214 70
10.332 20.8478 70
-29.9606 21.2682 70
0.0519985 -11.092 70
-9.68825 10.348 70
21.1307 9.16777 70
8.96794 10.3472 70
-8.51231 10.9475 70
-9.76098 -0.519322 70
11.0188 10.3194 70
9.89032 1.3534 70
9.6195 -20.1987 70
1.03153 10.3681 70
-19.3351 -19.2326 70
0.30612 -0.540915 70
-11.4427 9.15978 70
-28.7295 8.79685 70
11.4449 10.154 70
0.504315 -1.14038 70
-0.44768 29.0584 70
28.9726 -9.33989 70
-9.33294 10.3416 70
0.0866774 9.08274 70
-20.8447 9.69759 70
11.3942 -0.374229 70
0.806809 0.156094 70
-1.05351 0.90597 70
0.805297 -0.338156 70
1.1799 0.947229 70
0.0183327 51.1948 70
20.9906 19.3698 70
-0.69595 30.1667 70
-1.32031 19.707 70
10.3246 -1.48135 70
20.9293 -1.07211 70
-11.2443 -0.571037 70
9.71204 -1.20016 70
20.0508 9.45364 70
9.23676 -10.8802 70
0.36866 -1.43629 70
1.19861 -1.06245 70
0.42274 8.95668 70
-80.638 50.4426 70
11.2798 11.449 70
-0.166961 10.4761 70
-48.9111 10.3316 70
-1.43887 -0.131667 70
-9.80788 -8.54484 70
-11.4741 -9.03687 70
10.8848 0.713523 70
-0.153313 10.2579 70
-10.9191 9.86632 70
9.17346 0.850222 70
-11.2271 10.1721 70
9.51924 11.2021 70
20.0632 -10.8236 70
8.74892 -0.996458 70
-11.1703 -19.7034 70
1.07307 9.29526 70
19.2946 -10.5766 70
10.6907 -31.4969 70
10.0935 -29.6161 70
0.498446 10.4424 70
10.134 11.1604 70
31.3292 29.5247 70
0.318646 1.35138 70
-0.31761 1.42339 70
-11.4861 39.9035 70
-0.469528 -0.340478 70
0.887579 -0.938341 70
29.9894 28.9864 70
1.33694 -21.2717 70
-19.3813 20.1673 70
10.4773 21.4476 70
10.4579 -11.3489 70
10.4098 -11.4809 70
0.42517 8.87453 70
0.614295 1.06491 70
0.109554 -0.108109 70
18.8842 69.3288 70
30.7397 10.3564 70
-0.534406 0.0845958 70
-0.520809 -1.1785 70
41.3457 0.551969 70
18.8891 -0.611124 70
-0.0279426 9.543 70
8.62218 9.72672 70
-11.413 -0.0179043 70
11.1503 -1.04332 70
-29.9025 39.4247 70
-9.13181 -18.6162 70
-30.0333 -51.4773 70
-9.21461 10.318 70
0.4924 0.338646 70
10.6044 0.414056 70
50.3766 -19.2092 70
-49.5294 -29.4668 70
1.44984 0.64856 70
9.85419 -1.17219 70
10.9039 -0.617697 70
20.4274 50.0809 70
-30.9726 10.2011 70
-49.647 10.963 70
-0.159807 -0.804752 70
-9.7332 -9.51756 70
-9.91072 9.76632 70
-1.36407 -1.30193 70
-1.24725 0.208929 70
10.4884 -1.05002 70
9.03586 0.413057 70
-1.2378 -9.08157 70
0.831547 -21.287 70
-0.865064 -19.568 70
0.960434 0.61198 70
30.6985 -19.0544 70
-0.834001 10.1869 70
79.983 -39.4814 70
8.96613 10.5771 70
-29.8534 -0.618633 70
-1.17508 8.58575 70
-10.9122 10.773 70
10.7276 21.2596 70
10.4722 1.42018 70
11.0573 10.3245 70
1.47762 -9.8616 70
-8.77468 -10.6694 70
-31.4965 -1.15335 70
-9.99581 10.1478 70
9.42401 0.0513547 70
9.56456 -0.859716 70
-0.934565 1.46378 70
-0.0672526 -90.3733 70
8.96368 -0.73443 70
-0.0966262 -1.24928 70
1.29918 0.361912 70
0.620873 -8.76072 70
1.2354 -1.06548 70
-0.734457 9.65055 70
10.8143 -8.76005 70
0.455998 -0.581042 70
-0.113208 0.351093 70
10.0166 9.76558 70
18.7785 -1.17807 70
-11.027 0.725221 70
-38.5849 -30.9473 70
-1.17567 -0.487424 70
-20.17 -0.0428328 70
10.9779 -10.5165 70
-1.31159 9.87854 70
0.560565 8.81413 70
-1.32221 11.2858 70
19.662 -10.2712 70
39.9022 18.72 70
0.222211 18.5652 70
-9.84484 20.75 70
-49.1345 29.2329 70
10.5633 -0.53791 70
9.26338 -1.48857 70
-9.25941 -10.57 70
0.960097 11.0327 70
19.524 8.99461 70
-0.118194 -0.584146 70
1.3632 -0.623963 70
39.1933 -40.6478 70
