-10.7082 -11.1557 70
-9.99679 11.1443 70
-30.9111 -10.3973 70
0.468733 -0.677999 70
-9.3509 0.0420261 70
-9.47503 -1.26106 70
10.7312 19.1763 70
-11.3923 -1.38883 70
-10.7669 0.0531467 70
-9.15828 -1.43631 70
-9.85434 10.385 70
-10.386 -1.44967 70
1.46809 10.6913 70
-9.47436 -20.5398 70
-9.40327 9.10013 70
-10.8234 10.0949 70
-1.37307 -0.222632 70
-18.6271 -0.972847 70
-9.34204 -10.8236 70
-11.0118 9.92807 70
-10.6876 10.4957 70
1.18339 9.19249 70
21.2245 -10.9268 70
-10.5661 1.3001 70
-0.639919 1.05187 70
-11.1072 0.802053 70
-31.1629 -11.0417 70
-0.39261 -0.260624 70
-9.81855 10.5535 70
-10.9633 8.63922 70
-21.1695 -9.33142 70
-9.76716 -10.1669 70
-48.7964 31.4344 70
1.4588 -10.0871 70
-11.0157 0.726338 70
1.02834 -0.808206 70
0.706861 30.3068 70
-9.02495 -0.845554 70
-20.2218 20.1579 70
1.07942 1.04913 70
9.53024 0.699426 70
-38.5538 20.2134 70
11.365 9.65295 70
79.3048 -10.6239 70
-9.88266 0.186408 70
-9.8136 -10.0076 70
-0.271105 0.141494 70
1.47221 10.6757 70
-11.0529 1.23543 70
48.9401 0.267136 70
10.3831 -49.1088 70
-0.639572 11.0479 70
10.8941 10.5665 70
-1.40253 0.631493 70
8.80385 10.2945 70
-9.42721 -1.42976 70
1.19715 8.68897 70
0.573095 0.835383 70
0.726881 10.0075 70
-11.1348 0.930233 70
-20.7001 -0.0964589 70
18.5501 21.0755 70
-8.56533 -9.51279 70
-10.7715 -11.405 70
-19.1112 9.26158 70
-1.30467 10.8204 70
0.0783005 10.6898 70
-10.233 9.34295 70
1.10363 -0.382585 70
-1.10539 41.096 70
-11.256 -10.6537 70
-0.810624 10.6944 70
-0.696609 9.59147 70
1.12713 0.115049 70
-10.549 0.17507 70
-9.21067 8.93154 70
-0.386825 29.1749 70
-39.1647 -11.2454 70
-38.7665 -11.3788 70
-18.9278 -0.314089 70
1.0484 0.567998 70
-9.52845 -1.16373 70
8.56941 -1.49913 70
-11.2454 1.31209 70
-30.4497 -10.6433 70
-10.2053 18.7844 70
-10.4116 -0.506378 70
-19.2799 20.9422 70
-0.392713 1.01924 70
-29.7312 -10.3436 70
-0.29871 9.91376 70
-10.0444 -1.44898 70
20.4612 0.188863 70
-0.472224 -0.67788 70
-0.0687199 -0.0717802 70
1.07753 -1.06517 70
0.0651456 10.5835 70
0.116252 -0.684041 70
-10.752 0.163094 70
0.357858 -18.5146 70
-0.619906 0.734941 70
-11.2018 -0.498592 70
9.32883 11.326 70
1.16713 -0.909461 70
19.3927 39.7176 70
-1.29149 9.1546 70
-1.11982 -28.5981 70
40.0788 1.13694 70
1.48867 8.821 70
-0.26013 9.02776 70
-11.4223 20.6581 70
-9.61489 -9.79346 70
-0.727267 -8.93831 70
-8.56328 21.1363 70
1.15997 1.2569 70
10.2956 -19.7808 70
41.1897 -71.2583 70
-10.2751 9.41086 70
-9.74547 -0.943532 70
0.0302265 9.73021 70
-1.13247 1.16663 70
0.285899 9.25398 70
89.0984 -59.018 70
-1.36632 9.06635 70
-8.878 -10.6735 70
38.701 31.2505 70
0.510107 9.4006 70
-19.8549 -0.920918 70
-19.4014 -0.240218 70
-19.6962 -8.86376 70
0.0766143 19.882 70
-11.155 1.28766 70
-20.8956 60.6616 70
-9.92047 -9.02832 70
8.94281 18.9569 70
-39.3106 10.219 70
18.5698 10.5785 70
-19.7889 -10.5815 70
-9.91955 0.547469 70
-1.04508 -0.797654 70
-0.959718 11.4452 70
-8.84494 10.3798 70
-9.15225 -0.966034 70
-10.5678 1.05026 70
9.25992 -1.21089 70
-0.134098 0.794934 70
-0.177698 1.05281 70
-0.295359 10.3103 70
0.6637 11.3497 70
-0.231041 10.5042 70
-9.32087 50.0872 70
10.1715 -0.213227 70
-11.0927 -11.1695 70
48.8051 -10.4711 70
9.5589 11.0146 70
10.4547 1.06162 70
0.890957 10.6944 70
0.522621 9.87442 70
-20.4559 20.9285 70
1.22048 10.9817 70
-1.34175 1.13921 70
0.603267 10.0683 70
-10.0226 1.48625 70
11.3542 40.8152 70
-0.119178 -1.4769 70
-31.0065 21.4444 70
10.2252 -10.9586 70
8.65248 20.5154 70
21.0078 10.077 70
0.32793 11.3445 70
-20.1537 -38.5381 70
-19.1245 -40.4858 70
-1.18139 9.24821 70
0.659719 29.2254 70
-0.579061 8.69455 70
-9.83635 -0.558327 70
-0.973773 -1.46454 70
-11.2504 -30.9278 70
0.464285 18.8735 70
0.529125 18.7693 70
-20.6449 -19.1331 70
-9.2864 1.01609 70
-1.0392 11.1256 70
10.3369 0.480547 70
-0.304122 10.1388 70
70.6041 9.84819 70
-10.4897 0.486611 70
-0.729228 10.1916 70
-0.133571 0.651606 70
-18.9425 0.957765 70
-9.96503 0.840892 70
-11.0376 1.31138 70
11.4961 -21.0008 70
-9.56253 -9.67109 70
-21.3028 8.5719 70
-21.3166 -1.12108 70
-21.208 1.26737 70
10.0341 -0.728587 70
-0.932193 11.1595 70
31.489 1.19464 70
-9.71139 8.76409 70
0.753878 -1.46505 70
1.35984 9.46924 70
-31.3594 -10.6464 70
1.0728 10.1596 70
1.01008 -0.812602 70
10.467 -0.145313 70
1.06036 -1.4692 70
-11.4079 0.979982 70
0.875657 9.48553 70
-1.24721 -0.86476 70
-19.3061 9.92093 70
-0.530709 1.05032 70
0.237845 100.521 70
-10.3995 -0.639717 70
-10.0861 39.364 70
-1.16007 11.0867 70
-10.1837 1.00416 70
-0.595191 0.531026 70
-9.73089 11.2686 70
-10.2258 -10.3525 70
-10.2478 20.2568 70
-10.3775 10.7571 70
-9.55215 -1.45006 70
39.9413 20.3249 70
1.05347 1.43182 70
29.5301 -9.92723 70
-1.06162 -1.22208 70
-11.1126 -10.6401 70
-10.2258 18.9084 70
-0.69545 -0.169355 70
-1.33271 -1.46532 70
-9.61369 10.0471 70
1.05824 -19.5119 70
-0.251866 -1.21584 70
-0.193619 1.07394 70
-20.8255 10.3302 70
-20.1028 -10.3555 70
-0.0744091 10.0077 70
29.5054 -40.9399 70
29.2435 -39.538 70
19.9205 49.5387 70
-8.7353 20.7135 70
19.2085 -10.2877 70
10.9723 1.22739 70
10.9848 19.5866 70
1.1867 10.0952 70
0.142644 1.48764 70
-10.2593 1.2071 70
1.1171 0.682463 70
0.148742 1.19791 70
-40.4006 40.7567 70
-9.71619 -0.957945 70
-10.8961 -0.791355 70
-0.300205 -40.9804 70
0.440636 -0.14573 70
-10.8205 29.1238 70
-11.2929 -1.05181 70
9.37062 30.4672 70
-0.117326 -9.13029 70
19.8845 60.2269 70
9.4317 0.0614764 70
-88.6568 -21.4361 70
-1.05742 -0.0720536 70
-10.4347 1.25968 70
-1.3665 10.6706 70
-8.67783 9.52652 70
-1.1977 -1.38296 70
10.0673 -20.3366 70
-0.380691 10.491 70
0.432461 10.1012 70
-40.6826 19.9375 70
-11.0673 -11.0179 70
-20.4301 -10.8495 70
-10.0771 -29.0069 70
-0.243111 -1.03612 70
1.12099 0.916611 70
18.8827 11.2031 70
-1.26208 9.59442 70
-9.48897 21.4531 70
-9.29394 -0.723147 70
-0.544806 1.05004 70
11.1437 30.6361 70
0.332557 -19.4762 70
1.39733 0.456909 70
1.30387 8.99726 70
1.45031 8.87926 70
-0.0918099 11.4852 70
29.041 -0.935025 70
-9.42929 9.22226 70
-1.17569 -0.0288073 70
-58.5219 40.4629 70
-10.4938 -0.620794 70
-0.0714673 10.8662 70
-1.38888 11.0164 70
1.31626 11.0086 70
-8.92516 -1.06901 70
-9.7709 0.672966 70
-10.7114 -1.31526 70
-19.9777 9.11556 70
-1.2665 9.81497 70
0.207845 -0.817535 70
0.549717 10.8058 70
49.3594 9.26059 70
-0.416937 1.33558 70
-11.3698 -1.10419 70
109.595 -81.0981 70
-10.0527 -1.23893 70
1.3489 19.6442 70
-19.1362 9.85071 70
-19.2915 39.309 70
-0.683062 -0.718816 70
-1.13888 20.884 70
0.683988 -11.2541 70
-8.63617 1.29988 70
-10.843 10.4423 70
41.2774 -11.4335 70
0.661454 0.556591 70
1.06188 10.829 70
0.943632 -41.4036 70
10.6651 -0.698514 70
-10.1285 19.5795 70
-0.861716 11.023 70
0.299042 9.95926 70
0.582762 0.239493 70
-0.340567 -0.0387233 70
0.687276 10.1939 70
1.23415 0.355516 70
0.880917 0.708769 70
-0.761964 -10.5864 70
-79.1177 1.10482 70
-80.6834 -0.660051 70
28.9313 31.4266 70
-0.433406 9.53847 70
-8.93346 10.6502 70
-11.1244 10.7174 70
19.1345 -89.8288 70
9.03054 21.1278 70
10.9159 -1.13076 70
0.750497 -0.54894 70
1.07562 10.3417 70
-19.1459 -9.7791 70
50.032 -59.852 70
-1.18088 9.33427 70
-30.0276 1.34034 70
-1.37251 1.2468 70
-0.457494 0.281729 70
-29.9784 -9.3593 70
-29.255 50.9545 70
0.633851 10.8707 70
-9.70008 10.9913 70
1.32847 9.37891 70
-9.79999 -10.2843 70
9.51149 -10.0997 70
0.623159 9.22504 70
0.148373 -0.698939 70
-9.67705 10.172 70
-29.4167 -100.463 70
1.18217 9.29603 70
-19.7532 28.8981 70
-9.31664 0.733955 70
18.564 9.84832 70
40.0852 28.54 70
-8.8052 0.968816 70
-1.07971 10.157 70
9.80484 8.6905 70
-10.0794 8.5694 70
1.37976 -1.20122 70
-10.6832 -0.560693 70
-8.70455 0.426038 70
-1.26219 0.0761152 70
1.0435 9.35775 70
-10.4612 10.5447 70
0.577151 9.31033 70
1.29561 -0.840939 70
-9.73313 10.4088 70
0.363955 0.752912 70
-1.14829 19.1145 70
-0.743645 -0.999227 70
1.04479 -1.03857 70
1.24268 9.03124 70
-9.54435 20.1271 70
-20.5937 -10.5804 70
-1.05128 -9.80179 70
-18.9974 10.5905 70
0.228972 1.48456 70
0.202304 10.956 70
-19.8894 0.495448 70
0.761767 0.702135 70
-0.518164 -9.81782 70
0.797008 -10.9948 70
10.7698 0.934794 70
20.25 81.4923 70
8.8417 -19.1747 70
-9.61662 -10.5809 70
0.54153 -9.30838 70
9.16952 18.5056 70
10.2734 19.916 70
-0.0255683 -0.670985 70
-1.47543 0.894319 70
-0.742316 10.6953 70
-9.22028 9.56845 70
-8.80588 8.68879 70
-1.42232 20.8689 70
-20.7825 10.4795 70
10.1963 9.908 70
31.451 -10.5526 70
10.0827 -21.2353 70
10.1744 -0.0545758 70
0.224026 -0.785359 70
-1.46577 -1.04849 70
1.19801 9.93151 70
1.3638 -1.34591 70
-9.61878 0.935576 70
-19.6593 19.6178 70
-9.5538 8.56558 70
-1.35259 0.714277 70
9.92829 -69.355 70
20.9932 20.1761 70
58.7111 -9.06512 70
-21.2106 8.89028 70
1.14507 -0.720145 70
0.826647 8.7382 70
1.42017 -61.3788 70
10.0918 -9.10324 70
-38.5708 -60.5263 70
29.5733 21.404 70
-0.186652 1.3031 70
-9.84195 0.916607 70
8.86769 -1.44068 70
-0.0147222 -1.37287 70
0.994258 8.76283 70
-8.55162 -1.32071 70
-0.281539 39.311 70
0.296791 -1.25342 70
0.800915 1.16151 70
-0.846591 18.76 70
-69.9499 -51.165 70
-1.34101 -10.1341 70
-0.690401 9.35024 70
10.0493 -21.3372 70
-11.4695 10.5668 70
0.0307697 10.6871 70
-9.7645 10.7869 70
-10.9381 -8.6061 70
-10.1774 -20.0329 70
-0.604352 8.98691 70
30.7005 28.5406 70
0.108449 -0.326468 70
9.517 10.8455 70
0.212956 21.1115 70
0.868115 19.132 70
40.6866 -29.9932 70
40.692 -28.5458 70
-10.2634 0.307316 70
0.434043 10.5855 70
-11.2228 10.1933 70
-0.108172 -0.869546 70
9.43932 9.2129 70
0.759556 11.3342 70
-11.2685 -9.5731 70
0.679862 0.624769 70
-11.2386 8.72829 70
-0.974508 0.699684 70
-10.4365 0.179096 70
-10.4694 -0.0959908 70
0.805443 10.1387 70
1.3776 -0.215748 70
-9.63674 0.304487 70
80.4208 81.3529 70
0.586959 1.35565 70
-10.6914 0.612288 70
-18.5005 -21.4157 70
1.25394 18.7771 70
-20.6047 -21.0245 70
-70.2108 -79.2317 70
-69.8196 -81.1415 70
-8.80355 9.16322 70
1.49203 -1.3518 70
-0.369297 0.458575 70
1.40129 9.02494 70
1.16207 9.85807 70
-9.30283 0.454069 70
-51.3499 51.0033 70
-21.3437 30.8868 70
-11.1593 9.10357 70
-10.3267 -11.1354 70
-9.86289 -0.843347 70
121.442 0.742711 70
9.53576 9.50847 70
-0.566211 -0.278489 70
-10.7317 0.280804 70
-0.533927 10.974 70
-19.4691 19.9521 70
-19.0889 20.4944 70
-0.539545 11.4027 70
-1.22164 8.97583 70
39.0136 69.8572 70
-10.9088 11.3385 70
-8.73349 9.60899 70
0.327293 10.8242 70
-0.272905 -1.07992 70
-9.99131 -11.0022 70
0.987228 8.66409 70
-8.56186 29.9065 70
-9.51413 -9.4726 70
1.4484 1.30607 70
-0.203854 -0.227524 70
-1.33971 0.116842 70
-39.532 8.71522 70
10.2789 21.1724 70
31.0373 -11.1937 70
-8.80432 10.8501 70
-0.00837789 -0.737648 70
-9.74046 10.983 70
10.7429 9.70897 70
-18.648 -31.4784 70
38.7206 -20.0493 70
20.8298 9.9297 70
-0.449125 29.1103 70
10.9735 19.7767 70
0.974784 10.8657 70
-0.562297 10.4447 70
0.668365 21.0381 70
1.27254 1.40975 70
-0.767926 9.9285 70
-9.10575 20.7597 70
30.2621 -1.44934 70
0.72836 8.92736 70
-20.4096 0.914787 70
-9.49818 0.501659 70
-0.223888 -10.1358 70
-9.84836 -10.4462 70
1.12636 20.8939 70
-8.86946 -10.204 70
1.46849 10.2012 70
-10.6031 21.3274 70
-19.077 -0.853822 70
-10.7753 -0.0315959 70
-9.96846 11.1766 70
-11.4466 10.0698 70
-19.6184 -0.0314029 70
20.7875 10.4211 70
-20.6615 -1.04964 70
-19.6157 -8.98659 70
30.1709 0.932539 70
10.8751 10.7267 70
0.180909 -0.0276524 70
9.22825 -0.818575 70
8.79349 30.2054 70
28.6477 59.0588 70
-19.5867 9.79091 70
-9.1709 10.2385 70
0.939365 0.0376754 70
-10.0995 11.0984 70
10.9792 -0.378974 70
-21.0306 10.6543 70
-0.286618 0.748672 70
-10.4674 20.8824 70
-10.8251 8.5194 70
-11.4799 10.8738 70
-9.72324 -0.317604 70
-8.82588 0.168689 70
-20.1357 19.3685 70
-59.375 8.52294 70
-11.4826 1.11582 70
31.4495 -19.4444 70
10.5242 -38.6413 70
-10.1718 0.38751 70
0.896356 1.42912 70
1.46317 31.4054 70
0.251421 31.2886 70
-40.9327 -90.0826 70
19.481 10.3276 70
-41.4184 20.8039 70
0.920652 -8.65747 70
20.164 -9.13447 70
-11.4912 11.3262 70
-0.944189 8.64688 70
-10.3654 -10.5933 70
-8.59474 71.1419 70
-0.504088 -40.8687 70
0.76847 8.67448 70
18.7059 20.0155 70
11.2752 9.33718 70
39.6051 9.15004 70
39.4846 9.79948 70
-9.30108 9.59417 70
-0.23019 10.3388 70
9.13999 -0.245501 70
-30.4594 48.7473 70
-18.6585 -10.6733 70
-9.20326 -0.286096 70
-10.5395 0.00586904 70
-0.07253 21.0978 70
-0.330128 18.5354 70
0.306687 -0.856435 70
0.639809 0.871229 70
-9.25499 11.0389 70
-10.7576 0.389296 70
10.4149 -8.58875 70
-1.16546 -8.5784 70
-1.19045 0.969904 70
-20.4642 -0.540205 70
-11.3026 -0.0296268 70
0.699493 -11.4806 70
-19.0321 9.73238 70
19.1092 -1.08099 70
-19.8001 38.5814 70
-21.0499 0.236599 70
-11.2327 30.8523 70
0.89018 10.8396 70
0.759153 9.0093 70
-10.6693 -8.88649 70
59.2981 -91.1583 70
9.79461 0.730949 70
60.3383 21.1841 70
11.1186 11.3066 70
-9.8807 10.3888 70
-10.0099 -0.448283 70
-39.7911 0.580014 70
-9.06831 0.992934 70
-1.29067 18.8645 70
-109.303 88.84 70
0.0696404 -1.23342 70
-41.0717 19.2163 70
61.1652 8.87955 70
-40.5629 -8.51986 70
-30.2717 -8.7687 70
-0.306766 -11.0613 70
-11.0552 -0.655153 70
9.86447 20.0235 70
9.67757 -10.8656 70
29.1931 1.42559 70
-69.0029 8.99615 70
0.105428 20.5447 70
20.8841 20.7285 70
-38.6762 9.14512 70
-9.56378 1.22492 70
-8.7237 -10.0408 70
-9.36114 1.34032 70
-0.249143 1.17029 70
9.84247 9.67056 70
-9.74651 10.1217 70
-11.0035 9.68889 70
-21.3382 10.3124 70
-9.31248 10.6037 70
29.6785 21.304 70
-18.9446 -1.41074 70
9.35018 10.8977 70
-31.0569 -19.1787 70
0.786395 -8.9285 70
0.883022 1.46516 70
-0.971175 -8.91663 70
0.894697 -0.936465 70
-9.55715 1.31505 70
1.00683 20.7859 70
-0.695682 11.0398 70
-0.414095 9.79472 70
-9.10615 11.3258 70
60.3109 41.2297 70
61.3765 40.702 70
-0.956722 -10.6232 70
0.847392 10.5178 70
0.668099 -21.2734 70
-1.07939 31.0595 70
-21.0384 18.7309 70
-40.1515 -21.1232 70
-39.9159 -21.0219 70
-10.9979 9.00667 70
-30.6346 -8.61606 70
-9.3692 0.305914 70
-1.08475 -0.207947 70
-10.117 10.274 70
-10.1712 9.78334 70
-8.56004 -1.25118 70
-30.681 -10.1938 70
-1.37167 30.0681 70
-0.286906 9.746 70
-9.50542 10.4637 70
-10.9977 9.16197 70
-10.5888 10.9921 70
0.324578 10.8498 70
-9.66958 -1.31159 70
-9.36288 0.790137 70
30.2577 8.6572 70
-0.972779 1.42904 70
-1.0168 1.28574 70
-10.8131 1.04326 70
0.85573 -1.43381 70
1.13818 -1.45146 70
-30.3393 9.31792 70
8.98657 8.70886 70
-9.26073 0.515326 70
1.20441 -1.21363 70
1.01471 -1.10435 70
-9.08534 21.2954 70
10.9793 10.0464 70
0.687886 0.823598 70
0.345716 9.53137 70
-0.559318 0.098429 70
-0.580903 -1.24959 70
1.28156 -21.0166 70
-11.115 0.315538 70
-30.2602 -1.06587 70
-1.36486 30.6811 70
-18.83 30.5019 70
-9.00711 -8.54101 70
1.04767 9.49763 70
-20.7871 -9.9563 70
