20.0036 10.6443 70
10.9803 -0.789331 70
-20.1942 10.1331 70
0.420171 -1.49723 70
-10.1307 31.4706 70
-0.0211517 -0.870889 70
-9.23822 11.2003 70
-8.79444 -0.225301 70
-0.734365 0.639143 70
0.416024 1.05555 70
0.762429 0.184432 70
-1.25095 0.0645092 70
70.8909 49.6786 70
0.643081 11.3236 70
0.654719 20.5658 70
0.512567 9.15231 70
28.6073 -10.6446 70
1.48127 -0.0317141 70
11.3953 -19.3101 70
10.6568 -19.0158 70
-0.876942 -1.36784 70
0.328712 10.1296 70
0.0515221 0.645545 70
10.9908 9.46352 70
9.18563 11.2498 70
-1.17862 -0.610921 70
-9.53502 0.730896 70
1.31293 8.76363 70
0.331878 0.817862 70
-1.49589 -0.0943771 70
0.399051 -0.0938758 70
0.368453 -0.361134 70
0.985318 1.42914 70
0.939255 1.48092 70
49.2732 -20.6257 70
1.3646 9.28761 70
-0.133154 0.235178 70
-10.0155 1.44534 70
10.8277 51.4162 70
-0.863634 29.0218 70
-18.542 10.2352 70
-8.74566 -1.33866 70
10.4375 98.5612 70
0.0427277 -0.733573 70
0.82044 -0.651905 70
1.15384 -0.280427 70
11.1213 18.9541 70
-78.7604 70.1732 70
-31.0705 -21.1661 70
-39.9317 51.344 70
-41.2663 10.9307 70
10.852 11.3178 70
-8.84769 1.45122 70
-10.8626 -1.37197 70
-21.2948 -29.5594 70
-1.38366 -1.13348 70
-0.123847 -0.745707 70
-0.175467 -0.0684715 70
18.5445 11.4584 70
-1.21883 10.4406 70
-11.0355 0.409652 70
-0.820349 10.2305 70
-39.4053 -20.6269 70
-40.1866 -19.454 70
20.7996 48.7274 70
-31.0165 0.745289 70
0.155811 -0.800704 70
0.213308 1.42245 70
-39.3789 -21.0567 70
20.7191 -39.5882 70
-40.6005 -41.4771 70
0.213944 11.1349 70
10.5546 -48.5936 70
20.8015 -38.9776 70
19.3736 -10.3741 70
0.199578 20.568 70
8.94915 39.8534 70
0.649941 19.7522 70
-11.2467 -1.0835 70
1.44368 0.714261 70
-99.0714 -38.8648 70
28.9984 10.0404 70
-9.5435 9.95263 70
-21.0873 29.7988 70
0.0979676 -0.38272 70
19.1396 -11.2506 70
-0.519398 -10.8483 70
-1.09678 9.82577 70
-9.86277 -10.9781 70
-21.0267 -9.52934 70
-1.23483 -1.29742 70
-38.5844 59.8102 70
-80.2318 110.809 70
-11.0324 -0.0429069 70
-9.06685 9.17806 70
-10.1891 -0.968575 70
-8.82646 0.321309 70
-1.03991 -0.944088 70
-21.3418 10.4758 70
9.72563 9.12407 70
-10.0432 -8.93908 70
28.5651 -21.3396 70
1.21613 0.62722 70
-20.2329 -11.4571 70
-11.3207 -0.131013 70
-29.0294 40.1345 70
-0.556524 0.231645 70
1.1841 0.797321 70
-10.5371 10.3473 70
-18.6643 -0.0259551 70
-9.58641 0.953083 70
-0.313315 10.7624 70
-69.6001 -40.7272 70
11.087 -11.3953 70
-9.47057 -0.194829 70
-11.2012 8.74133 70
-10.6534 0.99035 70
-9.15373 11.1356 70
-9.42449 -0.218062 70
-0.397801 10.7502 70
-8.71645 9.34077 70
-10.6914 8.76137 70
1.04126 0.273932 70
0.228197 -0.841339 70
80.8274 -19.921 70
10.2927 19.8846 70
0.806383 0.328118 70
21.3838 0.205781 70
-20.6484 10.7201 70
-11.0032 11.0371 70
-11.178 0.341913 70
20.8175 39.3865 70
1.45834 10.5578 70
-31.3534 20.5828 70
0.995241 9.17374 70
-8.79592 0.408743 70
-9.34031 -0.71981 70
-1.32448 0.686989 70
0.275516 -0.0102795 70
1.39307 10.8584 70
0.887667 0.734128 70
-0.65625 -1.38396 70
-1.17385 10.3197 70
-0.661173 -0.866869 70
-10.9533 9.39043 70
-0.369313 -0.332632 70
-10.2401 0.765015 70
-10.3284 9.41542 70
0.030138 0.674167 70
-19.9666 11.1071 70
-0.870928 0.399609 70
39.4616 -10.1754 70
0.450796 10.1079 70
-31.1347 -10.524 70
-20.8469 9.94649 70
-20.7599 -20.4619 70
-0.438289 -0.215899 70
0.210242 9.89691 70
10.9728 28.7693 70
0.654064 -10.2438 70
-11.1422 -8.6533 70
-0.282729 -10.8893 70
-9.06561 11.3611 70
-18.6713 1.29079 70
0.619708 0.320369 70
-8.91761 0.768556 70
-18.9093 0.534582 70
-1.166 0.44887 70
-11.1311 8.92373 70
-0.332348 11.2477 70
-10.4187 10.7935 70
20.3602 19.2801 70
-11.4931 10.8867 70
21.0487 9.57048 70
-11.0493 -0.505136 70
0.918483 -9.20698 70
-10.7419 1.4198 70
29.4368 -90.531 70
-0.77504 9.27906 70
-0.702038 11.4467 70
9.96256 10.5181 70
-11.3894 -9.64911 70
-20.0391 -1.03348 70
1.39709 -1.02803 70
10.576 10.5497 70
10.1916 20.8692 70
1.22662 20.0531 70
-0.319107 0.325241 70
-10.5624 -0.433331 70
-8.92612 10.8225 70
0.510327 0.731263 70
10.5272 -8.66581 70
-10.4996 10.7841 70
0.962261 10.5722 70
20.3994 -60.1402 70
18.6658 -60.0404 70
-9.75167 8.90316 70
0.285235 10.9365 70
-10.5486 -0.119803 70
-9.58265 0.498699 70
-31.3661 -30.5228 70
-0.0849243 -0.105909 70
-39.2071 79.2627 70
-30.7212 39.183 70
1.48295 -0.308119 70
0.445206 20.9198 70
-0.564222 19.9147 70
0.372446 -0.758255 70
-1.35905 0.529734 70
-0.910234 0.0594319 70
-9.60116 10.7345 70
20.3004 -18.5758 70
-1.14006 9.44303 70
11.0105 -50.7778 70
-1.1412 0.901785 70
-0.399735 9.06576 70
-30.5342 20.9927 70
-0.186197 9.05097 70
-11.3564 10.0863 70
-0.307342 1.19194 70
10.1313 -19.8768 70
-10.4593 -0.0301707 70
-9.11623 -0.510421 70
0.527161 -20.4595 70
-1.20066 -0.503007 70
-0.881141 -1.14418 70
-0.2974 11.3501 70
0.788676 10.0869 70
-38.8144 40.6639 70
-10.0485 8.60477 70
41.1285 20.5752 70
-10.6868 1.37753 70
-1.19926 20.544 70
-9.29286 9.45631 70
-29.0173 10.4066 70
-11.4287 -0.525442 70
1.23481 30.2505 70
-0.317233 10.7055 70
-8.83118 -1.41574 70
-0.591114 -0.966454 70
21.4277 -49.9384 70
10.3838 0.651493 70
8.61925 -0.628605 70
19.4053 40.6484 70
0.361583 0.858471 70
-8.69432 10.9881 70
8.84259 -40.0573 70
9.33398 -8.90136 70
-0.0118293 0.530205 70
10.4275 11.1567 70
0.290568 0.401731 70
0.32246 11.0942 70
9.9569 11.081 70
-10.6694 9.91468 70
10.1256 1.10447 70
9.23289 -1.16963 70
-0.798482 9.76012 70
-0.644761 10.3712 70
-11.0306 -1.34769 70
-19.5996 0.212537 70
20.5319 20.2986 70
-1.23042 10.4655 70
-9.76054 0.262621 70
10.8375 1.36067 70
-0.294668 11.457 70
0.0163265 9.18253 70
8.65557 19.5896 70
0.0203944 -0.117226 70
0.314389 1.27886 70
-90.9939 20.5253 70
-10.5753 -1.32174 70
20.358 -49.4573 70
-0.359478 -1.44221 70
-9.30895 10.4922 70
-9.09204 9.46009 70
30.2344 8.59959 70
-30.0431 21.3381 70
-20.4832 -11.0451 70
-0.208102 8.58121 70
-8.97398 -1.26487 70
-9.93755 -1.16707 70
-10.3787 -0.558165 70
-0.360128 9.61089 70
20.0685 -20.9525 70
-0.750442 0.309068 70
-0.60179 0.455597 70
-9.69531 20.4988 70
50.3529 30.6321 70
-98.8784 11.2828 70
-0.189232 18.8696 70
-10.7136 -0.932217 70
-11.0024 11.458 70
0.099121 11.2258 70
-0.237725 20.5738 70
-8.77994 18.968 70
0.389957 -11.0101 70
-0.694917 -1.38954 70
1.47399 0.0465292 70
10.6305 -20.6366 70
-20.0151 39.4642 70
0.530667 0.50718 70
-9.39485 10.0132 70
-9.62728 -10.7663 70
-0.214026 -0.698051 70
-0.0276572 -0.172312 70
-11.1636 9.71641 70
1.24276 11.1847 70
19.3584 28.7057 70
-10.8722 -9.17372 70
-9.8154 -11.123 70
0.232583 -10.0367 70
-0.87708 -0.975341 70
-21.393 -1.44793 70
1.08931 -9.75653 70
-0.970489 -9.55353 70
-20.929 1.26419 70
1.00602 0.985822 70
10.2597 -28.5366 70
-0.545723 0.576107 70
-0.603019 9.05691 70
11.0784 10.8418 70
-1.3499 1.01507 70
0.89042 1.27567 70
-10.3522 0.609609 70
120.908 -58.753 70
-10.9418 0.72777 70
-0.25526 -9.83946 70
-20.0633 -120.747 70
0.704146 -0.507586 70
-39.2294 -19.0157 70
-10.9913 -1.03918 70
-0.861959 -1.11697 70
1.15117 -0.501893 70
1.1595 8.69484 70
-18.8002 0.580947 70
19.3055 41.0109 70
20.0978 -18.8911 70
-1.10601 11.1242 70
40.7827 -19.1575 70
1.3941 -8.67015 70
0.104202 0.626529 70
-0.978831 -29.2515 70
-8.97278 8.74417 70
-0.0705879 20.7221 70
1.35051 1.34695 70
-10.5386 9.98028 70
11.2751 0.452871 70
-9.26601 -9.34424 70
-10.4932 -0.43326 70
-10.7593 -0.273812 70
-20.5496 0.904011 70
49.6633 -8.55096 70
-9.91779 10.4264 70
-11.2182 48.7661 70
-0.353044 -0.916145 70
-0.168862 -0.465091 70
10.0624 41.2825 70
18.8422 -20.3102 70
-1.314 39.2304 70
9.01581 -30.6298 70
-0.614005 11.3371 70
1.4095 10.458 70
-0.608242 1.03152 70
-30.106 8.50756 70
0.394746 0.84906 70
-21.4581 20.2473 70
-0.24806 -19.8098 70
-8.64891 1.44258 70
0.383378 11.0521 70
-9.73107 0.251308 70
58.609 31.1936 70
-11.3592 0.913614 70
1.13757 9.88962 70
-0.25201 -0.290082 70
-21.2408 20.2251 70
10.9412 31.1363 70
-9.01943 10.9825 70
30.4874 -9.89237 70
9.7635 8.85487 70
20.5296 9.50932 70
9.59368 1.11919 70
-29.7519 -50.0373 70
-9.40772 -0.37793 70
20.2977 0.0375116 70
1.19074 0.768631 70
20.3447 80.5125 70
-10.8223 29.9315 70
11.2727 50.208 70
-8.89678 -0.272036 70
0.969287 -0.33597 70
-0.24592 -30.3643 70
11.3127 18.6731 70
-9.65669 39.1933 70
0.320713 -9.66828 70
10.0511 28.7303 70
19.7287 9.0711 70
-19.568 0.897707 70
-9.00612 9.14226 70
1.43464 -21.1307 70
-21.1144 -18.6622 70
-0.327311 0.81253 70
-9.35847 -20.7706 70
-21.3889 -0.018008 70
8.5083 -0.84798 70
-9.43169 -1.34508 70
-0.612497 -0.270819 70
-11.4674 -1.14798 70
-0.808258 0.64025 70
-1.26256 -0.955984 70
-8.72002 11.36 70
-8.55074 10.9471 70
-19.9449 21.0104 70
0.694842 9.94666 70
0.167655 30.6152 70
10.2617 -11.1174 70
-0.648454 1.13073 70
1.25038 -10.8068 70
0.0016539 0.263722 70
1.24138 -1.49909 70
-8.75158 11.3784 70
-9.48912 8.70358 70
-11.4149 9.88279 70
0.612338 11.2374 70
0.160024 39.3929 70
-9.94093 -10.2811 70
1.01806 11.2695 70
0.635207 10.5231 70
0.493105 0.841157 70
19.4341 -0.69318 70
0.00366499 -9.37495 70
-1.37864 -9.92871 70
-1.356 -10.5757 70
1.46748 -0.561467 70
0.560533 -0.271412 70
-0.427965 9.93275 70
-19.8956 9.37795 70
-9.86717 1.30021 70
8.93651 -49.117 70
-30.1058 -10.997 70
-0.441376 11.3878 70
-10.8928 -20.5302 70
11.088 10.7644 70
1.23817 -0.335365 70
0.305115 -0.646786 70
11.4233 -10.8918 70
9.97267 -9.84494 70
-0.535885 -31.2306 70
-1.49335 -0.348879 70
-49.9621 30.329 70
10.7918 -1.35934 70
-1.00522 11.4007 70
-1.25038 1.1801 70
-20.5675 -9.65734 70
-18.7886 -20.2718 70
-0.430224 -9.26297 70
-10.3498 1.10611 70
-0.880235 9.79271 70
-29.8255 59.0199 70
-11.0418 -0.426802 70
9.93433 20.1498 70
-8.68307 0.413217 70
-0.0236361 10.0213 70
21.1915 -11.4407 70
9.40096 21.2056 70
-10.3805 11.2397 70
-29.3023 9.59028 70
-29.9825 9.04694 70
-49.89 -10.1133 70
1.24609 -0.522588 70
-8.86151 60.6253 70
-9.80003 -9.9203 70
-1.34451 -0.369979 70
-9.38441 -9.46354 70
-20.4069 -29.8254 70
1.03131 1.20419 70
-0.673655 0.581706 70
-0.349892 -9.93319 70
9.22198 -8.54884 70
-0.0722172 0.662278 70
-10.8422 -0.315741 70
29.5968 21.1406 70
-8.5163 -0.382233 70
-58.6862 -49.5199 70
-20.5101 -1.21129 70
-11.224 -41.1576 70
20.6223 11.3773 70
0.0102332 9.14698 70
-1.43168 -1.45857 70
31.4626 8.94783 70
-9.51227 28.5312 70
-10.9402 -9.26777 70
0.564163 28.6948 70
-8.71547 -1.26834 70
-1.11401 -9.26095 70
0.951106 8.67006 70
10.1082 28.6597 70
-1.37219 9.76128 70
10.976 -29.8273 70
18.7161 -9.62055 70
-8.99536 -0.461691 70
9.00077 -1.37989 70
-9.03533 0.855482 70
40.3375 -20.3186 70
10.8966 21.3443 70
60.3803 -10.4928 70
0.855326 9.48187 70
-0.490109 -0.250594 70
-0.563558 1.05346 70
-30.6102 -9.01621 70
-8.88072 0.914726 70
-10.2846 0.959001 70
20.3967 -10.1717 70
0.275592 -9.02938 70
10.2254 20.5384 70
-21.2505 51.1518 70
0.559116 0.532247 70
-0.278487 0.10783 70
0.123355 8.59067 70
-0.379857 -8.56038 70
-10.4404 9.17747 70
-20.5502 -9.20825 70
-1.08228 11.4112 70
-0.0135211 1.32042 70
-0.743783 -11.4481 70
-18.5097 19.0701 70
-1.33749 -1.40268 70
-10.4051 10.4778 70
-11.2953 -1.45468 70
-61.4076 21.4944 70
1.37279 19.1806 70
20.0148 61.3665 70
8.5434 -0.691684 70
9.35622 -0.323944 70
0.305257 -1.26845 70
31.2388 11.0329 70
29.262 9.12198 70
-10.9457 -8.79179 70
-0.976681 11.4867 70
-20.1938 8.56266 70
-0.836281 1.32247 70
0.702821 9.57143 70
0.679719 9.48255 70
-9.37068 9.22949 70
-11.3332 10.1254 70
-8.71691 10.4528 70
0.515051 9.15277 70
-0.779811 -1.47201 70
-9.94638 -0.829272 70
-0.309083 -1.29199 70
-10.0766 0.953426 70
-0.598711 -1.22899 70
-8.55239 -10.1344 70
0.559284 0.288807 70
-11.0358 21.0359 70
-28.9249 -21.2194 70
-41.0602 10.4051 70
0.522286 -8.77609 70
59.7871 -10.8271 70
60.3565 -9.40496 70
-9.52413 -0.754785 70
10.8035 29.0112 70
-9.59698 -1.14664 70
-1.12878 -0.351904 70
0.831145 10.3505 70
0.368558 11.3579 70
60.5024 -29.4392 70
-9.11553 11.3087 70
30.1143 19.5856 70
-11.1072 -9.65863 70
-19.8657 -8.64448 70
1.28129 10.4248 70
-0.143015 0.422987 70
-8.70792 20.0304 70
9.68398 30.4067 70
-9.25954 0.4907 70
-48.9122 0.275722 70
-19.1434 -10.7553 70
10.5393 0.754166 70
70.863 -19.854 70
9.16652 0.195568 70
0.747373 -1.12993 70
-9.22722 9.89453 70
-8.94174 10.462 70
1.30947 0.274145 70
-19.8774 -0.517149 70
-0.432029 1.49937 70
20.4243 -11.4968 70
-19.4124 -0.77288 70
-19.1681 0.264365 70
9.27302 -0.444096 70
10.6359 -0.930937 70
30.4147 -21.4621 70
-9.8121 -0.0819463 70
0.870868 -0.0851479 70
-0.0522034 -30.848 70
-1.2797 -0.328545 70
-0.56843 -1.24991 70
-0.32818 -1.01398 70
-9.77228 -0.977272 70
11.0977 -1.08107 70
-11.0668 8.9363 70
1.32544 9.92651 70
-11.0426 -0.837852 70
39.7104 28.9271 70
-10.1255 10.9344 70
-18.7925 -1.27497 70
10.3704 1.38136 70
18.8864 10.2437 70
-10.9564 1.39571 70
-9.46688 9.78983 70
-9.78089 10.0384 70
-19.6949 20.2556 70
-9.46123 -9.46102 70
10.4065 40.8129 70
19.6077 19.1651 70
-18.6133 -9.39473 70
0.567645 10.485 70
0.433631 9.61336 70
0.356625 20.9696 70
-31.0178 9.95418 70
-8.87251 -9.8839 70
-9.08086 -0.37895 70
-9.62474 -0.914428 70
-19.3905 -1.3809 70
-20.1714 0.699353 70
59.2961 -80.0746 70
19.1395 -0.636601 70
29.4579 18.9789 70
9.79916 -1.09261 70
-11.0854 1.06905 70
-0.229246 10.2633 70
-1.00135 8.59922 70
-20.3104 38.8951 70
-21.0129 9.73715 70
39.5232 -10.7279 70
-8.63685 19.3723 70
-11.3677 -1.31823 70
19.9455 1.13676 70
-0.150234 -0.369841 70
-0.443778 9.90621 70
-10.0884 0.504589 70
19.8178 9.68715 70
-9.67511 0.00678018 70
0.985448 0.813486 70
-8.96737 9.98592 70
-11.3567 1.48719 70
-21.3039 -18.8448 70
-11.4753 9.04237 70
-1.15527 0.176324 70
-11.2695 0.311627 70
-0.350097 -1.12342 70
0.771921 -48.9953 70
-19.0078 -21.3548 70
9.39547 20.2272 70
-8.82175 10.3071 70
0.601658 1.00696 70
11.4706 1.35884 70
-11.0596 -0.216114 70
0.294132 0.00753746 70
0.0619146 0.488678 70
0.269453 8.79355 70
9.94692 0.404543 70
8.96647 19.0086 70
-0.180682 -0.060272 70
-9.25964 -19.1218 70
10.6161 -19.6225 70
9.12083 0.12235 70
9.57815 -0.71202 70
0.229611 -0.221832 70
20.8673 -10.5939 70
-8.6118 -10.2709 70
0.33208 1.23192 70
19.6056 30.5604 70
-8.87547 30.3 70
-11.4059 -1.33883 70
0.569211 -1.20732 70
-1.15263 1.21552 70
1.46475 1.30397 70
29.4164 49.466 70
-11.1185 9.08481 70
-8.81322 10.8255 70
-10.7404 -0.273058 70
-11.1416 -8.98852 70
-0.753666 0.348319 70
-10.7356 -0.0432545 70
-1.20166 8.78974 70
19.9716 -1.02923 70
-8.68846 -10.031 70
-0.387544 -10.1292 70
0.829537 0.161096 70
0.00894237 -0.0117405 70
48.6101 -40.0875 70
-0.771499 -21.0722 70
-9.6733 1.16295 70
0.0425207 1.16202 70
-19.2797 -0.728389 70
-40.8963 61.4071 70
-30.4246 -9.87547 70
-0.257195 10.4324 70
1.10443 10.4441 70
-11.3212 -1.34249 70
19.4976 1.16521 70
-19.6243 69.637 70
-9.84578 1.47288 70
-0.00160649 -0.66473 70
10.9779 20.1375 70
18.8502 8.83272 70
-10.4351 0.540499 70
-8.60778 -0.16732 70
10.912 10.2545 70
8.50395 8.85962 70
10.6016 0.808788 70
-0.641728 -19.0148 70
-10.8324 -0.304834 70
-30.5806 -9.0983 70
9.90345 31.0128 70
