-0.563755 -0.752218 70
0.91267 11.3768 70
10.3536 0.688726 70
11.4153 -1.22335 70
29.3226 -30.5714 70
19.4126 21.4664 70
1.46509 -10.8721 70
-9.09319 -9.85105 70
-9.0501 -10.5626 70
-20.3624 19.1466 70
-9.62293 0.802351 70
-0.300095 0.112353 70
20.3795 0.870673 70
0.998644 0.852157 70
-0.561624 -1.33928 70
19.3938 50.8341 70
-20.4635 19.7824 70
-1.05072 -9.81674 70
-0.226581 -1.04562 70
-0.171511 -11.1261 70
-1.44369 11.2364 70
9.39847 -8.97088 70
1.22697 -0.932242 70
-10.0542 1.05907 70
58.9865 -29.2284 70
-10.7115 -11.1911 70
10.3567 -10.4276 70
0.83312 -1.38946 70
29.9761 -11.2768 70
-10.9602 0.325662 70
-9.39071 0.836908 70
-10.8042 0.955005 70
31.1351 11.4431 70
-30.2393 19.411 70
8.58209 0.0756988 70
-31.0376 40.4904 70
-0.982384 9.625 70
-19.0581 -20.999 70
-0.376436 0.844932 70
-0.224068 -10.5086 70
-8.63765 -29.3366 70
-9.29637 11.3225 70
-10.0576 -0.829693 70
-9.57454 1.06901 70
-8.91304 0.767194 70
-10.6865 -19.5916 70
11.2248 29.1166 70
8.76042 1.18661 70
-1.46626 0.120871 70
0.48557 -11.446 70
-0.485213 -9.65874 70
9.74918 0.540727 70
-10.9224 10.5913 70
-41.1385 -0.469087 70
-39.4873 -0.597601 70
0.0413895 21.0002 70
0.172961 -9.8168 70
-21.1919 19.8416 70
-10.0547 -10.3872 70
-0.954404 10.2937 70
-11.1778 -0.201389 70
-8.93957 -10.371 70
-0.748415 1.46492 70
-10.3821 9.67559 70
-1.48476 0.109258 70
-9.59479 8.73508 70
-0.475942 0.00208506 70
0.643809 -0.42902 70
0.402779 10.7274 70
11.4856 8.71238 70
-11.4455 -0.927605 70
0.529531 -0.514697 70
8.65082 11.0674 70
20.419 -41.3094 70
-9.28799 0.159969 70
-21.355 21.0059 70
-9.32664 1.24665 70
0.0468976 1.41035 70
21.1777 0.664329 70
-8.75697 -0.559129 70
1.30571 -19.7877 70
-0.498949 0.102817 70
0.561124 -0.0166325 70
1.08085 59.1351 70
-9.1303 -20.0316 70
-0.804958 -0.902742 70
-0.553734 18.5335 70
-0.896016 0.262016 70
1.47388 0.237125 70
29.2829 -49.6467 70
8.68608 11.3818 70
-0.531454 -1.38028 70
-1.17774 -11.1022 70
-0.93826 0.749045 70
1.48338 0.697465 70
-21.4195 11.4056 70
0.355558 0.662547 70
-10.0316 21.1908 70
-9.84821 -9.84143 70
11.116 11.463 70
9.51553 9.24034 70
-9.79204 8.9729 70
-9.82959 -8.62542 70
-9.69828 1.14635 70
-11.0398 1.37103 70
0.510406 0.0337358 70
-0.99877 8.87055 70
-1.3815 -0.654297 70
0.295462 -0.314116 70
0.0240629 -1.48115 70
30.1223 9.58338 70
-10.9715 10.0759 70
-0.854008 10.4375 70
20.9528 -0.552311 70
-0.374791 0.238441 70
-0.917787 0.343002 70
-9.98215 -9.0503 70
1.49925 -0.23704 70
-8.86893 -21.3224 70
-0.307293 -1.31204 70
-9.20641 -9.24283 70
-0.150302 0.578685 70
-10.5631 0.897803 70
-0.363839 1.15176 70
-10.5927 -10.0497 70
0.500006 -1.41977 70
9.52453 -49.4236 70
10.8124 0.462205 70
-29.9525 -29.5892 70
-31.1065 -28.572 70
30.3352 -18.7593 70
-0.130358 0.559197 70
29.0342 19.9359 70
-11.19 11.0613 70
-9.98286 8.69086 70
-10.5286 -0.798665 70
-20.918 -19.782 70
-19.0783 -20.9802 70
19.3828 -0.68815 70
-8.63288 11.2508 70
-70.1759 -8.99526 70
-0.379271 -0.033232 70
0.459608 0.215777 70
-20.2409 50.4143 70
-10.4763 78.8365 70
-19.5546 -0.261934 70
-1.01382 -1.18743 70
9.25349 -11.4202 70
0.775828 -1.26659 70
-0.132407 0.117573 70
-8.71608 -0.222153 70
1.18743 10.4108 70
0.0247112 0.882158 70
0.252678 0.376482 70
-8.83777 -9.01926 70
-0.58118 0.9712 70
0.144471 -1.4017 70
-0.449045 -0.604248 70
-19.4392 -9.55264 70
-0.161782 -9.86072 70
-108.826 -31.4806 70
-11.4027 0.362848 70
0.391339 -10.2971 70
-9.74782 -10.1153 70
-0.0549436 -9.36834 70
-10.9834 -1.32165 70
20.6123 0.0376132 70
-10.5395 1.12733 70
-10.8318 0.572964 70
0.959348 -11.2948 70
-0.806837 -0.22937 70
-0.53886 -9.19362 70
-9.1744 -10.7333 70
10.9702 0.876531 70
9.73086 0.0190266 70
10.8618 0.246516 70
-19.3976 1.10926 70
-0.558205 1.03998 70
-9.6104 -29.8233 70
-10.9313 -30.85 70
-10.4004 8.54039 70
80.9519 -110.521 70
-90.8566 -20.7304 70
0.910148 -1.35002 70
-20.9191 1.28733 70
-10.8579 0.585912 70
-11.0969 1.17605 70
-1.47277 -0.407874 70
0.925509 0.431046 70
11.1238 -9.58926 70
8.85897 -0.0898753 70
9.9694 9.45868 70
0.158922 1.21821 70
1.06936 0.393593 70
0.136712 -11.3568 70
-10.6656 0.73394 70
-1.11737 29.0611 70
-11.3474 40.2288 70
-39.295 50.5534 70
-1.11348 0.2195 70
0.877409 0.899045 70
-20.4892 -10.915 70
0.492623 0.354537 70
1.04153 0.19681 70
0.941973 0.658222 70
-20.5265 -19.7573 70
1.32528 0.0127899 70
-8.72544 29.1782 70
-10.442 -0.454654 70
1.36006 -0.147767 70
11.0329 -19.1377 70
-0.509294 -0.107552 70
-9.28819 0.568067 70
-20.1193 -0.585413 70
19.5883 20.9438 70
1.3855 -100.764 70
-11.0055 -11.411 70
11.0255 31.0284 70
10.6449 19.2976 70
-0.976176 10.8008 70
-0.550756 -0.565215 70
-10.9426 9.5353 70
0.410879 1.24677 70
-9.06988 0.53847 70
-10.224 10.7603 70
-0.549133 -0.275261 70
-0.892732 0.635606 70
-10.0051 1.44167 70
0.964586 1.28358 70
0.369852 1.3248 70
-0.891363 0.589392 70
1.25361 -10.2339 70
0.254916 -0.809975 70
-10.5165 -10.7108 70
-8.5926 0.404781 70
-1.23999 -1.07903 70
9.69776 -0.613053 70
1.35426 -1.0895 70
-10.6296 -0.842489 70
-1.24094 -1.37061 70
10.4751 1.29893 70
-49.3199 -9.12138 70
20.835 0.33935 70
-9.77783 10.674 70
-0.989053 1.12316 70
0.528259 0.69231 70
40.1636 -19.8933 70
0.621652 11.4132 70
20.5686 -0.773472 70
-9.98172 1.18592 70
-30.5711 -1.46134 70
-0.642777 -30.4775 70
-8.87735 10.6726 70
0.186089 -1.19024 70
-9.43261 1.21441 70
1.42377 8.96685 70
0.342414 10.8385 70
0.92565 -0.234425 70
0.875944 -10.6789 70
-9.2367 -8.60014 70
9.00499 10.6555 70
8.51183 9.35211 70
0.907733 0.367052 70
8.74072 -9.65856 70
0.421002 -1.05839 70
-8.88722 -1.22093 70
-39.2663 9.08843 70
-19.7965 -10.0404 70
-31.1698 30.2841 70
1.29987 0.618556 70
-10.7962 -20.988 70
0.601074 28.7478 70
8.64226 1.45878 70
-0.625045 -0.0284118 70
-8.90525 -20.5621 70
-1.03861 -20.9636 70
0.648872 -9.67558 70
-1.49758 -0.689851 70
-0.509162 9.58211 70
0.373772 0.37716 70
20.1247 39.1319 70
-0.305125 -0.140257 70
0.811841 -1.21999 70
8.87835 0.74649 70
-11.207 -0.784929 70
-0.508238 -0.0387895 70
-10.4982 -0.916169 70
1.17919 -0.372184 70
-8.72582 0.714735 70
-0.879198 8.50764 70
-10.9475 1.06974 70
50.8876 9.32877 70
-9.23969 0.0873547 70
8.64726 9.91233 70
-10.6728 -0.440037 70
-0.493088 -10.7744 70
8.53425 -19.7894 70
-20.6848 -19.582 70
-1.39309 -9.3505 70
-1.42279 -0.540507 70
1.15787 -9.54576 70
0.641569 9.77778 70
-10.6933 -1.37393 70
0.314082 -10.6138 70
38.5625 -0.359767 70
-10.8414 -10.172 70
9.64816 0.609745 70
-9.48089 -1.23019 70
20.2956 -99.2291 70
-19.887 29.4617 70
-9.03315 0.101717 70
-0.426377 0.204231 70
0.968292 0.670302 70
-9.09566 0.125656 70
-9.26965 10.6964 70
30.2082 9.28287 70
1.2864 0.727661 70
-28.8025 -10.0816 70
11.1128 -9.1991 70
-39.0582 70.285 70
1.42156 0.281456 70
10.2669 8.69953 70
-9.47922 -9.07736 70
0.706454 11.114 70
0.317055 -10.6616 70
-11.3995 -0.953846 70
1.29204 9.11173 70
1.3041 11.1954 70
-30.8378 -11.1697 70
0.291718 -0.69058 70
8.51025 10.0631 70
-0.58793 -0.0206144 70
-10.3984 -0.249623 70
-11.1517 0.522462 70
0.407918 -8.73992 70
-1.05748 -10.0354 70
-18.6352 -30.5998 70
11.46 -0.177024 70
-0.104931 -0.8123 70
-11.0195 -8.572 70
-1.38993 0.114776 70
18.9901 1.47944 70
-9.81275 -8.77298 70
-1.46001 -0.829324 70
-19.3556 -1.17325 70
-0.889119 -0.0573646 70
8.50853 -11.0315 70
-9.4307 -11.0842 70
1.42885 -1.36138 70
10.1589 -9.51442 70
9.51457 -49.5968 70
-0.598584 -39.6988 70
0.820078 40.8052 70
8.70036 0.299622 70
9.27932 0.672411 70
-10.8175 -10.6977 70
0.281962 -0.461289 70
10.5336 20.4505 70
-8.90569 9.61143 70
-0.556199 0.144124 70
-10.7109 -20.7306 70
-20.0595 -39.6224 70
-9.9477 0.908035 70
1.32958 -10.3797 70
-1.15813 1.40352 70
0.52344 0.298197 70
-1.42384 -1.17893 70
-0.860929 -0.345658 70
10.7478 -0.88546 70
49.2953 -81.0528 70
48.9806 -79.9246 70
-0.523627 -1.21904 70
-0.96995 -1.08468 70
-0.731898 8.91045 70
-1.21099 -0.824732 70
-0.485882 1.34878 70
0.639961 -1.12097 70
28.5605 40.6926 70
0.0197093 1.03574 70
-0.531947 0.824108 70
-0.0691414 10.1593 70
-1.24992 -0.0950655 70
-10.5462 -8.63872 70
-51.1532 -19.2309 70
-10.2041 9.56221 70
-1.20053 0.871182 70
-0.185554 -0.827991 70
-19.9631 20.363 70
-19.1637 19.7849 70
-8.83551 -10.7888 70
9.57975 -0.811252 70
0.829221 -1.06974 70
49.2975 19.9707 70
-38.8835 19.6206 70
-8.59174 -8.89876 70
-1.44743 -0.0903241 70
18.6398 -11.3039 70
10.6797 9.54309 70
-1.32296 -19.578 70
-9.8099 -10.7568 70
-28.5645 30.5667 70
-30.081 0.599906 70
40.9785 59.7818 70
9.57787 31.2532 70
-21.4562 -1.38025 70
-10.5753 -19.1828 70
-0.906351 0.330777 70
-0.781277 -1.21943 70
-0.40671 -0.523634 70
-0.513868 -8.59899 70
-0.615463 -11.1023 70
-9.55899 -8.66187 70
-0.876599 1.42146 70
30.8547 -8.64358 70
-58.5277 68.7683 70
-11.1059 -9.85523 70
1.49148 19.4872 70
-1.03449 9.76112 70
-1.49983 -0.29308 70
-9.45352 0.855605 70
-0.505947 0.896772 70
-50.7136 -100.916 70
0.869343 -20.6322 70
0.600911 -19.0962 70
-9.17964 0.33858 70
1.1924 -8.89045 70
-9.46671 0.958527 70
-0.949469 -11.3727 70
-0.739896 0.535743 70
-0.507103 0.283067 70
-1.4879 -10.085 70
-29.2414 50.035 70
1.29634 -0.00635115 70
-0.274723 -1.3166 70
-1.30867 -11.3865 70
-0.365229 -0.619047 70
1.27101 -0.247032 70
11.4024 -9.8928 70
-20.9127 -10.747 70
-20.9928 -9.58871 70
10.0113 -1.06794 70
0.0189355 1.09244 70
-31.1609 -0.674448 70
-31.2523 -0.0673365 70
-9.78394 0.228945 70
10.3407 -21.0242 70
-11.1321 1.16486 70
1.47163 -0.0857842 70
-0.951303 8.89926 70
-1.49942 1.13865 70
-0.538739 -0.972315 70
-1.23197 -11.2359 70
1.26467 -29.6252 70
0.497195 0.863023 70
-1.41498 0.314521 70
11.3028 -1.46264 70
9.35917 19.3021 70
-9.02968 10.7372 70
-20.4191 -11.358 70
-10.1982 19.8337 70
11.2051 9.83906 70
-0.253299 10.1789 70
-38.5193 39.7187 70
0.858451 -11.2355 70
-28.8607 8.96217 70
-20.072 -0.717028 70
-10.3703 9.50749 70
-0.0680478 8.96832 70
0.689412 8.53265 70
-1.21295 -9.13767 70
10.1404 21.3033 70
0.178077 -0.629785 70
-20.7237 0.722538 70
-20.9695 9.28268 70
-0.813949 1.0547 70
-1.4498 -1.44881 70
-9.19822 -8.58718 70
39.7971 20.3385 70
-19.2408 8.73107 70
-19.1347 8.84147 70
-0.818533 0.639798 70
-0.71858 0.998772 70
0.962028 -0.0653355 70
-11.1018 0.563547 70
-0.431426 -0.106084 70
-20.3637 0.630663 70
-11.243 18.9754 70
-19.7074 1.4653 70
0.73403 0.0195196 70
-19.4953 11.1835 70
1.47434 0.0479825 70
39.3957 -9.42656 70
-10.445 1.04756 70
-19.7402 39.5556 70
0.219824 -9.47988 70
-1.393 78.8991 70
-0.195402 80.4413 70
10.0763 -10.6825 70
-8.97325 9.83416 70
9.40246 -29.2388 70
-8.62122 0.12235 70
0.537301 40.5709 70
1.42227 41.0829 70
8.73986 0.558269 70
-1.46129 -1.49651 70
-9.19339 0.525532 70
-0.186309 1.07576 70
-10.1872 -10.4896 70
70.8165 98.5285 70
-10.1024 0.0354185 70
-1.22912 1.32601 70
19.8846 30.164 70
19.3558 30.3795 70
-0.578908 10.9131 70
-21.1083 0.156631 70
-11.3636 -1.3571 70
1.01924 -1.05604 70
0.031284 1.24059 70
-1.01645 9.0804 70
9.33763 11.0144 70
-10.5963 0.618156 70
-0.372125 -1.11473 70
-10.0051 0.610702 70
-10.7101 0.140366 70
-11.3525 0.863157 70
-8.57347 0.115597 70
-10.5893 0.870981 70
8.68199 0.0999739 70
8.59479 0.947518 70
-8.66374 1.41955 70
-0.907914 -0.520132 70
0.234397 30.8759 70
-39.3333 -10.0393 70
-0.331441 -10.686 70
-1.15079 8.68717 70
40.9236 -90.7452 70
-9.18652 1.32886 70
-0.0601937 10.9143 70
20.7566 -31.4822 70
1.30391 -1.34111 70
0.873912 11.2939 70
29.9241 9.90704 70
-20.8858 11.1294 70
1.49484 -9.53414 70
0.752915 -0.489747 70
-10.337 29.7387 70
0.161567 11.4604 70
8.78448 1.34087 70
-0.50034 0.931005 70
-19.4229 0.0349528 70
9.26563 18.8923 70
29.5949 -0.146612 70
-19.7733 -49.4124 70
0.453483 1.15883 70
0.379301 0.167966 70
-9.102 -0.195302 70
-9.86005 -1.05854 70
-0.552062 -0.191827 70
-10.7403 -9.55914 70
-9.30409 9.83474 70
-10.5388 0.966877 70
-0.207524 1.3748 70
-9.67515 0.734949 70
-9.18878 0.270871 70
-1.17416 11.2071 70
-0.666027 -0.393983 70
39.4312 -9.15176 70
-0.177022 -0.489033 70
-31.0171 1.44114 70
0.738691 1.33993 70
-0.444105 -9.33637 70
10.7243 11.4414 70
10.0114 11.323 70
-10.1921 1.30585 70
0.728928 10.3937 70
-11.0087 -0.375124 70
9.5302 10.3225 70
-9.79563 1.417 70
0.730632 -9.30308 70
0.0820801 1.39662 70
0.243478 -11.0278 70
-1.47653 -8.96114 70
-9.06753 -11.4137 70
-10.5972 11.0844 70
1.33478 0.670283 70
-0.0415267 0.757425 70
-1.27886 1.24848 70
0.317127 -1.2822 70
8.56391 0.741301 70
9.40532 31.407 70
0.156684 -10.4821 70
-10.3724 -0.811382 70
29.9184 30.3707 70
10.1424 -9.10292 70
-0.250818 -9.07389 70
-0.72836 -1.46147 70
-10.1543 41.2729 70
-38.8846 11.2544 70
-1.47257 10.1073 70
0.367142 -19.4092 70
-18.9245 20.2742 70
-1.07982 -1.36481 70
10.2084 -0.785167 70
8.81864 0.439769 70
9.49266 -0.483496 70
-9.11615 1.29107 70
-20.4802 1.18932 70
1.20598 -9.39039 70
-0.245677 9.53487 70
-9.2466 -0.475259 70
-1.16566 0.0523952 70
-1.10285 9.13934 70
-10.5204 0.0228658 70
-19.34 -69.3453 70
1.02931 -0.67397 70
-9.54233 31.3991 70
-0.864402 0.355568 70
-9.63317 -9.76504 70
0.832062 0.790889 70
-8.58507 1.18877 70
-19.3166 -1.01975 70
0.903085 1.13184 70
-19.5178 0.314421 70
-10.2349 0.706889 70
-0.905665 -0.1018 70
30.3054 -0.890581 70
-10.4896 0.831669 70
-0.375326 -0.0925762 70
-1.21924 -9.88817 70
11.3321 -20.3184 70
-1.27049 -1.23767 70
1.42523 -0.452579 70
-1.19949 -0.843514 70
-80.317 50.9554 70
20.1515 29.3916 70
-0.0852858 -0.768802 70
1.35712 -1.48908 70
-29.6213 9.58316 70
-11.383 -0.0796402 70
0.425376 0.775442 70
1.11573 -0.676501 70
0.494112 -1.35653 70
-30.4839 29.8196 70
-19.2323 -18.869 70
-10.0098 -9.85896 70
0.623979 -0.928799 70
-1.05458 -0.557034 70
-0.541947 20.7432 70
-18.9415 29.7715 70
8.92122 41.1422 70
-19.3913 0.0916133 70
-19.4849 18.6529 70
-19.2295 20.121 70
-0.917129 10.1295 70
0.388895 -70.7563 70
0.063949 10.3556 70
-9.15844 10.7105 70
1.06902 9.87366 70
1.43584 1.37515 70
-1.06703 1.26829 70
-0.070842 0.0475081 70
-0.669521 0.143002 70
68.7806 -70.0981 70
0.308593 51.3789 70
-9.30553 -0.988996 70
0.0780513 1.35785 70
1.00156 -8.88005 70
10.5021 -9.37917 70
1.45457 -1.46239 70
-19.3985 -1.36031 70
-8.52508 -19.4059 70
0.646155 -1.39194 70
0.551853 0.164716 70
0.346476 -0.260802 70
0.164321 9.05068 70
-50.1045 49.6632 70
10.3088 -1.28548 70
-0.392866 -0.395456 70
-9.1354 -0.426345 70
-59.9501 0.336747 70
-9.52797 -1.15468 70
1.3259 1.20162 70
0.909072 0.418733 70
1.24272 40.4222 70
8.56383 8.52341 70
8.67623 -0.279145 70
-11.295 -20.8274 70
0.537635 -0.979272 70
-10.101 -1.46885 70
-9.59547 -9.07413 70
-8.89489 9.96808 70
0.960613 -21.1933 70
28.5779 18.6453 70
-20.5264 -0.210387 70
-0.016336 -8.64297 70
-10.2976 11.33 70
-11.0082 1.14736 70
8.62516 9.96333 70
21.1533 29.4922 70
0.373701 -10.3973 70
1.00414 10.8752 70
0.942656 8.61973 70
-0.950344 -0.312236 70
-1.02454 8.65394 70
-20.4943 -18.6522 70
-1.47914 -0.402542 70
-9.52068 0.814427 70
-0.304774 -0.275267 70
-11.4836 -1.30838 70
-9.27204 -0.741881 70
-0.689755 -1.25632 70
-0.268327 -1.43662 70
-0.359136 -0.753457 70
19.7527 10.6872 70
-9.31171 -9.01916 70
-10.4635 8.89407 70
-1.24003 0.357189 70
-1.48024 -0.352283 70
-0.974511 8.55131 70
9.77497 29.5604 70
-0.724182 -0.840479 70
1.28584 1.1237 70
9.95422 0.304 70
21.2905 10.5055 70
0.631563 8.92536 70
0.28795 -0.243656 70
-9.94633 -0.0435159 70
0.3256 -0.574838 70
-11.2803 -9.2526 70
0.724137 -0.103465 70
-1.1151 -0.0519433 70
9.59102 11.3607 70
11.4551 9.63654 70
8.91759 10.4796 70
-48.7493 28.9285 70
-29.3558 -10.0972 70
0.258395 -11.3917 70
10.2886 -10.0429 70
0.777611 -1.24547 70
79.6358 -31.3862 70
1.4479 -1.24156 70
-0.441261 -0.927427 70
1.47466 -0.740544 70
8.61572 21.1914 70
9.90568 0.420287 70
-1.14941 -0.586856 70
-9.47244 -10.6443 70
-8.79204 10.9368 70
-10.7949 -30.5934 70
0.293821 0.0676095 70
1.38824 -0.853236 70
-10.4287 -1.42351 70
-20.8921 11.418 70
-1.12618 -1.19718 70
1.47187 8.59736 70
-19.4651 10.7972 70
0.339551 -49.9482 70
1.36301 0.192204 70
0.0121718 0.262501 70
9.30573 -0.630627 70
-8.89831 -8.93149 70
1.051 -9.15908 70
-10.8294 -1.37217 70
-30.5851 -21.2097 70
-0.915422 0.447965 70
1.10042 -0.636867 70
-10.9402 -1.49883 70
-11.1469 10.8741 70
19.2668 -10.6097 70
-0.932682 -9.29399 70
-0.628248 -9.14521 70
0.903084 -1.49348 70
-1.2789 10.1207 70
-20.2578 -19.4215 70
-0.290511 11.0211 70
19.8005 -20.1065 70
-10.1246 0.615891 70
-9.34767 -0.475587 70
-1.38514 -9.71918 70
-9.06135 -0.363584 70
0.85355 -1.05698 70
-9.97823 10.1269 70
-11.4818 -21.4902 70
10.016 -0.361462 70
-0.321415 -0.278886 70
-10.8665 21.4577 70
-1.22837 -1.10763 70
-10.3218 0.331868 70
1.15012 -1.23776 70
-1.07293 -10.3853 70
10.6525 10.2713 70
-10.3578 -20.9523 70
-8.80255 0.227366 70
-0.113226 0.744633 70
0.807055 -1.25673 70
0.645033 8.94998 70
0.225032 0.855641 70
-8.58941 -9.67706 70
8.53708 10.0764 70
1.03569 19.8338 70
-0.240698 0.230957 70
