-8.52312 1.12266 70
-9.86971 -0.178363 70
0.983037 0.617158 70
30.1715 -0.0665837 70
-0.510351 1.10343 70
0.480914 -1.40833 70
-0.825614 -49.2484 70
0.206089 -1.26217 70
0.526928 -9.33826 70
-49.1394 -38.6859 70
1.47284 -9.31973 70
-1.23676 9.33751 70
0.106793 -30.0063 70
-1.04957 0.0148498 70
0.169885 -8.84069 70
-20.1462 30.8249 70
0.0297136 -19.6034 70
0.229624 -11.2214 70
1.04269 -9.59465 70
1.0682 -11.0011 70
1.30757 -10.833 70
-10.6004 1.10402 70
9.76757 0.987396 70
-10.132 -20.6639 70
0.753658 -10.3723 70
-9.02197 -8.9087 70
-1.0137 -0.506608 70
-0.534615 -0.635133 70
1.14273 -1.01838 70
-1.17535 0.531738 70
31.3058 21.1096 70
31.3257 18.674 70
0.639592 0.251239 70
31.0988 -19.1152 70
0.801042 -9.45654 70
-0.162193 -9.02732 70
1.02231 -90.9678 70
20.6567 -9.72001 70
21.4863 -10.405 70
-9.07669 -0.343788 70
-0.37702 0.836757 70
-9.02134 -10.7139 70
-11.2418 -0.736016 70
-9.09059 1.14683 70
-0.188841 11.1823 70
-8.91912 -1.16499 70
-10.9363 -9.74028 70
-0.956453 10.4487 70
-19.7327 -8.95954 70
-1.3483 -0.493699 70
-0.0385343 -8.60427 70
-1.09509 -49.1104 70
0.517598 -9.31345 70
0.895903 -11.0708 70
21.0318 -11.4471 70
1.06669 -10.5361 70
0.963069 -9.66756 70
-9.72714 -0.648525 70
11.2934 0.939591 70
-0.0513474 0.969858 70
21.3818 0.984006 70
8.72888 -0.18868 70
-38.7424 20.795 70
0.43899 -21.3805 70
11.1483 0.952778 70
-0.698852 1.33704 70
9.13835 0.413001 70
31.4798 29.3311 70
-9.07781 -9.87167 70
0.0664413 0.305783 70
-8.71175 -1.24071 70
21.0669 1.01961 70
9.0714 11.3808 70
1.12337 -1.40298 70
-0.23946 0.124032 70
-9.61762 -9.63256 70
-10.0422 0.743555 70
-1.32672 1.14659 70
-9.27477 -8.70753 70
-0.232766 0.542223 70
-9.76663 -0.733222 70
-10.0974 0.365139 70
8.99642 -9.52816 70
-0.7362 -11.1993 70
-110.733 -109.246 70
-11.1038 -1.3345 70
-0.0145376 10.5637 70
-29.2541 -59.7567 70
1.20671 -9.82572 70
-8.58406 -29.1739 70
1.39323 -8.70824 70
-0.127185 -10.5084 70
-20.839 0.63088 70
0.0686125 -1.025 70
1.05284 -0.86557 70
10.8841 0.166124 70
1.11558 -10.3307 70
18.618 -8.85856 70
9.54249 -1.26045 70
0.0747581 -1.25132 70
-0.573309 0.045984 70
-0.733326 0.716236 70
-10.853 -1.16485 70
-0.111219 0.802911 70
-19.8965 -29.0922 70
-11.4272 -19.392 70
9.09379 -8.87989 70
-20.9305 -69.6535 70
-1.34004 -11.4654 70
-0.243993 -10.199 70
-0.4568 -0.397754 70
-9.71313 -9.83224 70
18.6415 -10.0938 70
0.86708 -9.56923 70
-0.437623 -0.0242242 70
-0.222367 -9.66722 70
20.1786 -9.11262 70
20.8622 -11.4134 70
-1.17072 -9.57167 70
9.89722 9.78757 70
-1.30501 -8.62145 70
-11.4332 11.0006 70
9.79154 39.4886 70
-0.762385 -9.49522 70
-28.9603 -39.3912 70
10.322 31.4928 70
-1.3199 -11.0595 70
-10.1609 20.013 70
61.3557 8.86349 70
-9.95526 0.764792 70
-0.915463 -8.9161 70
-11.1627 -1.18666 70
11.3105 -10.0948 70
-8.62606 -9.18153 70
0.643504 9.68008 70
10.332 -8.81272 70
1.37595 -11.2088 70
-0.966051 -0.259765 70
19.18 11.3883 70
-8.7855 -19.2673 70
0.851898 10.5206 70
11.261 -0.7194 70
1.19573 -0.314946 70
-8.67553 -1.23586 70
0.925252 1.08315 70
-10.3952 -9.73212 70
-79.2513 -50.6909 70
-78.6653 -50.4776 70
-1.14994 -10.7592 70
-39.2491 -8.54483 70
0.451455 -1.331 70
20.9394 -19.9953 70
0.840555 -0.554364 70
0.128217 -9.27051 70
-0.176663 -9.00015 70
-29.0981 29.9529 70
-0.627904 0.385977 70
10.6289 11.2958 70
-21.0287 0.929412 70
0.189754 -10.458 70
71.2331 10.9381 70
-8.86689 -0.98145 70
11.3228 9.80398 70
-11.4549 0.151953 70
18.8202 -1.03994 70
-8.97196 -11.3907 70
0.0695574 -20.4983 70
-8.63165 -11.221 70
-9.53084 -8.79636 70
0.737399 -9.41218 70
-20.0294 -40.3444 70
-10.8289 0.970029 70
-9.53455 -8.60753 70
1.38687 -8.57452 70
40.7167 -10.4672 70
0.112333 10.9661 70
9.97459 30.6282 70
8.71948 29.771 70
1.48602 20.5634 70
-0.832157 -21.4938 70
-78.6931 -10.3848 70
1.24631 -11.4814 70
-0.24813 -28.7274 70
-10.3421 -20.7008 70
-21.2327 9.72589 70
-0.966099 -10.703 70
0.554945 -0.44998 70
0.91171 -0.391945 70
-1.08192 -21.2421 70
-10.2233 -0.123925 70
9.89538 -29.7474 70
-20.687 0.909783 70
-0.69893 -20.2203 70
-1.21775 -18.6544 70
-11.1227 31.2077 70
-10.3263 -10.0862 70
-8.92556 -10.208 70
-0.133735 0.10451 70
-0.6879 -10.7527 70
-20.4488 51.3012 70
-18.6077 0.532449 70
1.19828 -0.28932 70
-10.1023 -0.75695 70
-0.524837 -10.7889 70
-1.41629 -9.3711 70
-0.347689 -9.90177 70
-0.791548 -8.82615 70
21.0726 -8.67777 70
1.42616 10.4838 70
-9.08758 -1.36617 70
-0.0488148 0.229867 70
21.1584 -21.1491 70
0.491123 0.283766 70
-20.7008 -9.60761 70
-20.2422 8.63773 70
-0.673862 9.0387 70
-21.3213 -0.255462 70
-0.480828 -0.186881 70
-10.7927 -8.85404 70
-0.263481 -8.60373 70
-40.4865 -11.3515 70
-8.97051 -0.961236 70
-11.2229 -9.64924 70
20.729 11.4717 70
9.67291 -21.1751 70
-10.1076 -10.2832 70
-10.9293 -8.68762 70
-10.6025 -19.9129 70
9.62232 9.62542 70
0.745983 11.4939 70
-0.416206 20.0495 70
-9.48618 -1.31416 70
-0.749937 -11.2573 70
-0.701506 0.704363 70
-0.682973 -10.3062 70
-1.28495 -9.07 70
-9.89784 1.46502 70
8.59326 -39.3913 70
29.0948 10.1127 70
-20.2363 20.1082 70
-9.3253 -0.226902 70
9.25478 -9.25581 70
10.2901 -1.16735 70
0.358259 19.8785 70
20.4517 9.03865 70
-0.0872653 -9.74694 70
9.68057 0.43418 70
-10.8994 -8.82838 70
89.4785 -51.1064 70
-0.750903 -8.51634 70
-30.9916 -79.7982 70
-60.8061 30.4253 70
-1.13107 1.15819 70
-8.72359 -29.8855 70
0.287368 0.523872 70
1.01245 0.995325 70
-19.9592 -18.6644 70
10.8079 0.0387538 70
11.4838 -10.8897 70
-0.81057 -0.521811 70
51.0659 -30.2677 70
11.4384 0.728747 70
0.79503 0.776752 70
0.905872 -10.3209 70
10.205 1.12015 70
10.0937 0.360749 70
0.850425 -9.5116 70
8.54209 -19.3931 70
-9.90572 -10.6836 70
11.1242 8.72936 70
19.4462 20.1995 70
1.45116 -10.5526 70
19.7422 50.9818 70
-10.3594 -9.20679 70
1.44152 -9.61779 70
11.3065 -9.4432 70
0.974131 -29.7804 70
-29.7851 10.5011 70
19.1335 8.66174 70
-0.282501 0.0345018 70
-0.313346 0.876225 70
-0.256175 -9.07919 70
-0.258465 -9.30009 70
1.10147 -10.1687 70
11.0963 -0.222009 70
0.306168 -1.40142 70
-38.6622 9.6423 70
-8.76246 21.3597 70
-8.79984 -0.798629 70
-0.462344 -0.437303 70
0.630894 -18.6949 70
39.5056 -61.1666 70
-50.2769 -30.2239 70
0.836221 1.49389 70
-20.0164 -11.3341 70
-18.8356 -9.20887 70
10.5156 0.439861 70
-41.3997 -29.9705 70
0.328549 -9.53875 70
-0.930316 -11.4567 70
1.06635 -10.6069 70
-0.697486 -9.85737 70
0.900057 0.440283 70
9.73681 -10.6257 70
-0.757446 -10.8501 70
1.40783 -9.031 70
-0.463638 -9.14737 70
0.799806 -10.8091 70
-20.6172 -8.5518 70
-10.9311 10.295 70
-0.848234 -20.1605 70
-0.700257 -20.9795 70
-8.6658 -1.25889 70
8.87741 -20.6781 70
-9.01519 -10.741 70
30.4414 8.80143 70
-18.9432 30.2378 70
1.35763 -9.16987 70
1.31706 0.338527 70
-11.179 9.66443 70
-0.957609 1.22845 70
-11.468 0.31279 70
11.3919 -0.279754 70
11.4709 -9.75137 70
-8.75144 0.576089 70
-1.09166 -0.372727 70
19.0765 -19.0343 70
-1.19093 -9.11333 70
-9.28418 -9.47977 70
0.579627 0.417248 70
-11.2684 0.0635988 70
-1.41927 -0.744048 70
-10.0028 1.22149 70
0.809997 1.16305 70
9.16095 -10.5562 70
-0.395872 19.3973 70
-1.12215 1.03795 70
-10.336 -10.7729 70
1.2981 -1.11074 70
-0.452536 -9.12403 70
-1.40728 10.2195 70
-0.325682 -9.76609 70
51.3223 -40.8651 70
-40.1893 31.3651 70
-29.0826 -18.6478 70
-31.2499 -19.6877 70
8.96668 -0.201218 70
0.796937 -9.3893 70
-21.1388 -10.7629 70
-1.44966 0.751712 70
9.25874 0.496062 70
1.01132 -0.430447 70
-0.0152258 -1.14734 70
19.8393 -0.997557 70
1.08583 0.287149 70
-1.45324 -0.497015 70
9.92252 -31.1961 70
-1.03147 -39.5889 70
21.0202 -19.5526 70
-0.562393 -9.89708 70
10.0608 -11.4117 70
-8.9262 -19.0312 70
10.9809 -11.1125 70
-9.63081 1.43153 70
10.9743 -9.80239 70
-0.792941 -1.08588 70
-0.256116 29.0065 70
11.016 -10.516 70
10.3481 9.4178 70
30.8099 0.628971 70
10.9523 0.560123 70
-0.53287 -0.20448 70
-8.7953 -0.547281 70
-0.333047 -9.89516 70
-28.909 68.5209 70
0.800687 -8.96607 70
9.82529 1.49508 70
-0.274198 -18.9423 70
-1.18898 -19.6461 70
10.9027 -11.4573 70
-20.8485 -8.91632 70
-0.415111 -0.568059 70
-31.2175 -1.41726 70
-11.1458 -31.2983 70
0.522726 -1.04278 70
-11.4601 -19.7769 70
0.211902 30.9197 70
50.2992 -19.3657 70
0.880224 18.9693 70
9.81429 0.30079 70
-10.4032 9.39296 70
-0.654402 0.659606 70
41.2884 9.07353 70
-0.651623 -0.489257 70
0.182366 -10.952 70
-0.710618 -9.96689 70
-0.439121 -1.16459 70
11.3142 -1.04911 70
0.555108 0.976487 70
-10.1638 -10.6303 70
-0.818293 0.0209297 70
1.01233 -8.74122 70
20.9891 0.701037 70
-18.5485 -8.50269 70
0.274916 9.22674 70
-0.788697 0.748277 70
-0.822257 -1.20533 70
-0.494773 -8.76913 70
-9.8091 -0.961115 70
-29.928 -19.8962 70
10.5169 -9.78074 70
-10.5032 1.34928 70
49.8309 8.74564 70
-21.3319 -9.84064 70
18.7366 31.3471 70
-11.1045 -0.424367 70
-1.49052 29.5397 70
0.284873 -9.2091 70
19.9113 -9.51229 70
0.186293 0.489984 70
1.37987 -0.35729 70
0.328747 -10.1468 70
-19.5692 -10.4949 70
-0.66011 -19.6295 70
-29.2106 -10.0007 70
-11.4132 -0.508734 70
28.7071 -109.687 70
-0.305697 -10.2404 70
0.182936 -0.867614 70
10.6907 -11.4477 70
11.1502 -10.9168 70
-9.14625 -19.7712 70
-0.589655 -18.7967 70
0.256937 -9.44907 70
0.766746 -8.72457 70
-0.33707 -10.3964 70
0.734348 0.359709 70
-31.155 11.2004 70
-29.1118 9.91796 70
-1.27354 -11.1246 70
-0.614376 8.98998 70
-0.4428 -0.252504 70
-8.77845 -9.404 70
-0.542282 11.3918 70
-1.23431 8.58938 70
-1.17065 -0.436335 70
-38.7776 8.64664 70
-41.4734 10.7434 70
-1.27541 -1.17503 70
71.3985 -90.7366 70
-1.14523 -8.8126 70
18.6436 -8.57591 70
-0.516697 0.0149229 70
-20.7516 21.383 70
-0.195889 -11.2732 70
-59.8634 -18.5438 70
-8.86277 -1.14872 70
-10.8677 -49.7328 70
-51.1956 -88.5305 70
-1.05571 -0.205173 70
-0.702425 0.328531 70
-69.5657 -21.2161 70
1.01094 -1.3239 70
-1.31559 -0.328038 70
-9.41464 8.69579 70
1.14764 0.450959 70
-20.1421 -10.0936 70
0.676116 -11.3842 70
8.51106 -10.7471 70
-0.898724 8.62169 70
-8.94448 40.7866 70
-11.2538 -8.54309 70
-9.69524 10.0646 70
0.402963 -9.05883 70
8.85944 -29.3897 70
0.576323 -0.397517 70
-9.58743 0.509387 70
-10.9305 8.62367 70
-0.273935 -11.47 70
-1.2984 -10.5663 70
-11.3205 0.379141 70
-9.79584 -8.93635 70
-8.579 -8.56598 70
-1.39793 -10.1797 70
1.0187 0.179156 70
-0.0213525 -0.141767 70
-1.15503 -10.2548 70
-0.082025 -10.7298 70
-1.22428 1.44095 70
-0.208911 -1.43547 70
-1.15627 -21.251 70
99.3066 18.9198 70
0.473126 -20.0541 70
1.12884 -9.81537 70
-19.735 8.86503 70
9.90551 -10.0346 70
-0.162918 0.535691 70
0.939783 0.28982 70
20.116 -29.0118 70
-1.07962 10.3269 70
-1.10725 -1.15199 70
-0.941743 -1.05927 70
11.0121 -10.8034 70
-9.99078 -9.68292 70
-0.721219 -8.99742 70
-18.7028 10.6811 70
-0.366548 -11.1287 70
79.274 -79.8241 70
-10.0696 -11.008 70
1.3081 0.739843 70
-1.16018 9.15845 70
0.25486 1.37418 70
0.468974 -10.7094 70
0.262857 0.0544238 70
1.09313 9.93434 70
11.1244 -1.48567 70
-0.389802 -9.6874 70
70.5796 -11.0442 70
-30.7402 -9.00677 70
-30.6433 -9.63231 70
9.08068 -0.0062202 70
-69.0881 -71.2735 70
11.1791 -11.4187 70
-0.510059 -8.86844 70
-10.215 1.42735 70
-11.1958 0.612462 70
8.57309 -0.390533 70
-21.1663 11.0876 70
8.54836 -10.9828 70
0.51626 0.878389 70
-19.3763 11.2663 70
-20.2301 -9.11534 70
0.582851 -11.113 70
-0.808152 -10.1206 70
-19.7556 -10.9825 70
-8.84018 0.242885 70
31.4059 -40.9126 70
-11.1534 -10.8826 70
9.97422 -1.04986 70
-1.31136 -10.3599 70
0.334012 -10.4279 70
-0.07684 -11.3678 70
0.455437 9.13446 70
-0.444215 1.39779 70
-1.10779 -9.31406 70
-10.8094 0.719471 70
11.3325 19.8631 70
8.76017 9.24856 70
10.0894 -1.21186 70
-0.134303 -0.515594 70
0.369854 1.2635 70
9.53819 0.986714 70
10.472 10.6704 70
-1.26243 9.50407 70
20.1317 18.6155 70
1.32709 -11.118 70
20.6828 -0.561108 70
-10.1133 -9.59553 70
-20.2328 -0.819806 70
-20.998 20.2021 70
-8.57794 -0.449251 70
0.828574 -8.81294 70
11.1984 8.56756 70
10.8357 1.27636 70
0.132227 1.14113 70
-11.0365 9.18256 70
-8.52709 0.953013 70
-8.69018 -10.3429 70
-1.25642 -8.5646 70
-1.03104 0.815217 70
-19.5705 -9.98832 70
-0.727049 -1.32596 70
1.46301 10.4881 70
11.4515 -10.0934 70
0.532173 -11.1809 70
-1.46 -0.910623 70
-0.148967 0.717417 70
0.468938 -18.5137 70
11.3484 -0.433239 70
9.33333 -10.9258 70
28.6312 -30.1907 70
0.229927 -0.910706 70
71.1631 40.5566 70
-0.784853 -9.8196 70
-11.2 -0.738214 70
-10.0476 1.3937 70
-0.867896 0.180821 70
0.717166 -10.3495 70
3.87847e-05 -0.646692 70
-1.27268 1.40824 70
1.34583 -1.46039 70
-8.54091 -0.720042 70
-0.28951 -9.29826 70
-0.773756 -11.3607 70
-10.2044 -0.381472 70
-10.5914 -9.69952 70
0.17254 -11.09 70
-0.150236 -10.8731 70
-1.46737 0.419555 70
-0.299859 -11.3469 70
0.985544 0.977359 70
-10.2514 -0.974316 70
0.983731 0.00137167 70
9.0723 -1.193 70
-30.6598 -10.1675 70
0.475402 -9.24263 70
28.8534 -8.97173 70
10.6652 -0.623301 70
10.1555 -39.4444 70
9.25649 30.1193 70
-9.72096 -8.88608 70
10.8335 -9.94946 70
9.36275 0.772247 70
11.3493 -10.6533 70
-10.1913 0.554172 70
0.0633175 -0.976736 70
0.602867 9.374 70
-0.821491 -0.215781 70
-0.18954 -0.649181 70
29.4612 -9.94722 70
-1.00251 18.8246 70
-18.7177 -11.2733 70
11.4823 -20.4867 70
-11.0257 0.0431793 70
-29.9811 -79.6984 70
1.44803 -11.24 70
0.899151 -11.1478 70
0.834519 -11.3503 70
-10.783 1.08587 70
-21.2364 -20.4806 70
-10.084 39.7806 70
0.492283 -0.916858 70
9.92146 -0.45297 70
-0.144931 1.4525 70
-0.20688 0.771623 70
1.43432 -0.868049 70
-1.0878 0.91151 70
-0.644945 -0.875435 70
-9.79559 -30.8259 70
1.311 -0.861623 70
21.0026 -8.97101 70
-18.9263 -19.814 70
10.6802 0.252665 70
-31.4552 -19.9576 70
8.65006 -10.9958 70
-0.570368 -0.743948 70
0.065556 -11.4645 70
1.41966 -11.3271 70
10.3522 8.59654 70
21.4917 0.836373 70
1.38908 1.13577 70
19.9375 -20.033 70
1.22983 -0.463904 70
1.00236 -0.881096 70
10.7073 10.6995 70
-1.32845 1.44745 70
0.954349 -18.6834 70
20.9411 -0.691779 70
11.4548 -1.41403 70
31.1295 58.9395 70
-1.13292 -9.90678 70
9.81917 0.817472 70
1.01309 9.61543 70
0.53757 -0.265525 70
-68.813 -91.2022 70
-1.4529 -11.2231 70
-0.372088 -0.24868 70
0.78491 -11.1161 70
28.6489 -11.0363 70
1.20727 -28.9369 70
1.46073 60.6285 70
21.3059 -68.5028 70
0.943537 -0.694514 70
0.603992 -0.00565164 70
0.235624 1.07498 70
-50.9814 20.0958 70
-10.252 -1.04011 70
48.6696 20.3413 70
11.0749 19.6002 70
0.431898 -8.86798 70
20.3833 -19.6117 70
-0.447007 0.616866 70
0.280863 0.680703 70
0.480252 -9.37373 70
10.0009 -11.1854 70
-20.4554 -19.6073 70
0.720494 0.104425 70
-1.34226 -0.587508 70
0.541812 -9.19648 70
31.3689 -19.4329 70
20.6428 10.0556 70
20.0984 9.58145 70
-9.38998 -10.5907 70
-18.5701 8.79944 70
10.0357 -19.0642 70
58.9595 -60.5913 70
