1.23611 9.47547 70
38.9409 -10.7338 70
-8.92466 -10.7259 70
-20.0434 0.643755 70
0.297596 8.72743 70
-19.9779 -10.3416 70
-8.56562 10.8022 70
-19.4885 -1.37073 70
21.0113 -11.1605 70
0.677276 1.49288 70
-9.22289 0.698869 70
-1.43134 -9.41873 70
-0.884614 8.99576 70
-21.1372 21.2462 70
19.3825 -1.26197 70
0.567881 -0.361212 70
-11.4512 0.872654 70
-9.47553 11.1911 70
-8.74875 -0.168907 70
-9.40967 -1.27725 70
60.3638 8.59696 70
0.15684 9.59383 70
-0.525628 10.7683 70
38.8567 29.7872 70
0.499869 -0.807328 70
0.191459 -0.289157 70
-0.161979 40.2251 70
-1.0768 8.99436 70
-20.493 -59.1722 70
-1.46483 10.123 70
10.4118 8.72588 70
28.5945 -11.4513 70
-0.19961 -9.84477 70
0.0353689 11.0717 70
-0.524754 11.1912 70
-9.21893 9.05937 70
-21.337 1.24374 70
-1.33408 1.12561 70
-9.69845 -9.8122 70
-11.4344 -0.208925 70
0.378848 0.466216 70
-11.3723 -10.2452 70
-19.1894 9.73143 70
29.2152 8.80328 70
0.787917 -0.177404 70
-19.6664 20.7674 70
-19.0257 -21.168 70
8.61673 -1.07178 70
0.106678 10.2294 70
0.34036 0.806832 70
-10.5399 -1.04282 70
-11.432 0.865518 70
-1.48558 -9.62784 70
20.6195 10.4123 70
8.94411 -10.1169 70
-10.602 -0.17465 70
21.3254 0.703291 70
9.79241 -0.735233 70
-10.6018 1.11301 70
-1.46278 9.90231 70
-0.692621 -1.38304 70
1.27067 8.989 70
-1.39559 0.898438 70
38.6707 48.7845 70
-30.8633 -10.2112 70
-29.1634 -9.08911 70
-0.806055 10.1614 70
-9.8604 1.14741 70
-1.39989 9.06776 70
-11.0953 19.2309 70
9.52473 -8.87512 70
-10.8646 -10.232 70
-11.1883 -8.99656 70
-9.27178 9.30043 70
1.2511 -0.679142 70
-9.81069 10.4909 70
19.2704 9.27991 70
0.940011 10.0233 70
-0.126327 -0.972004 70
-0.726791 0.939333 70
29.8878 -9.61914 70
0.311687 9.50587 70
10.5196 -19.1013 70
-51.425 -20.0938 70
-9.0753 -9.64691 70
48.79 -9.60088 70
-0.0490153 -0.774973 70
99.0456 -0.485837 70
98.5234 0.305502 70
0.541746 0.86029 70
-50.2018 -10.3567 70
1.38339 -8.96652 70
9.39517 -20.6758 70
-49.7323 -30.7037 70
-8.76222 0.504848 70
10.1273 11.2942 70
0.654635 -0.384831 70
-10.6764 -0.0830359 70
10.2159 9.17748 70
-9.94774 -11.0599 70
-8.65039 -9.50117 70
9.91052 0.271041 70
1.45969 -1.07172 70
28.6243 29.2552 70
-0.627374 9.80008 70
8.55205 -0.0740323 70
-8.79635 21.3202 70
-0.143411 1.2611 70
0.149752 -1.03133 70
-1.33199 -21.1596 70
-10.0852 -9.45479 70
9.20211 -0.487002 70
-1.36455 -1.42509 70
0.346238 18.9161 70
-0.873506 8.51253 70
0.774849 -10.6185 70
-8.70307 11.3537 70
-1.12354 9.46298 70
-10.6007 -38.8642 70
-0.530331 0.00529653 70
0.601422 -10.0721 70
1.09321 -20.2175 70
0.678077 9.01674 70
9.28863 1.10721 70
-0.483185 -0.364767 70
0.126063 -1.10358 70
-1.34939 0.136436 70
-0.275949 -0.541546 70
-10.0364 18.712 70
-28.8644 -9.44913 70
9.52427 -11.4422 70
8.69684 30.9516 70
0.664996 -0.912877 70
11.2276 29.3825 70
-70.2634 80.5011 70
9.62711 -10.2739 70
-0.078673 1.39429 70
-9.45209 -1.35355 70
-0.896357 -1.36597 70
10.2955 -0.485947 70
-10.93 0.56351 70
1.03199 -1.42283 70
29.5316 9.01622 70
-48.6006 -51.3559 70
49.5079 30.0018 70
-0.261099 8.62845 70
-10.3238 11.2531 70
-9.5002 -0.388813 70
-29.9414 -28.8155 70
-0.46912 0.24917 70
-0.898713 8.66746 70
-0.0680914 9.82559 70
0.0993284 -1.419 70
-10.3302 -0.89652 70
-10.4548 10.2869 70
0.564331 0.852878 70
-0.0468393 1.30381 70
-1.20614 -0.999389 70
21.4185 38.6259 70
-0.725043 -1.33135 70
-1.48323 -0.702288 70
-0.368913 -1.05625 70
9.01589 10.7897 70
-1.4809 0.919452 70
-1.21643 9.48532 70
1.42138 -1.30784 70
1.33176 -1.42394 70
11.2896 -1.31949 70
1.37229 0.249635 70
-0.011262 0.823151 70
-9.66671 -1.40464 70
-41.4178 -19.512 70
0.745248 11.2143 70
-9.88715 -0.344203 70
0.0849048 -1.25336 70
0.00836074 0.71284 70
9.40892 1.05862 70
9.48044 28.5048 70
-0.0730662 0.990437 70
0.699507 -0.00953887 70
-0.714807 21.1466 70
-0.095265 -0.264807 70
0.109853 10.0561 70
9.94768 0.469082 70
-0.77808 -9.76697 70
-0.307761 -0.538893 70
-10.0398 9.45092 70
-9.84533 -0.220627 70
10.2152 10.4391 70
-10.9288 10.9995 70
0.317047 -0.245537 70
-11.2614 19.198 70
-10.5971 -9.50053 70
-18.8656 -39.218 70
-0.00545767 0.654399 70
-1.07861 0.0937356 70
1.33396 -9.11211 70
-10.6047 11.0801 70
-8.71521 1.43435 70
1.36469 -0.0244248 70
-0.840754 9.81879 70
-0.448993 -0.00862396 70
-0.0388327 1.30197 70
0.0331717 -11.1616 70
0.707533 -0.0621364 70
-20.7893 0.0662869 70
-0.846618 -1.0886 70
81.0077 -89.3798 70
9.13056 10.6102 70
-8.72615 11.215 70
-9.49549 11.025 70
-1.32084 0.248452 70
10.1143 -0.124659 70
8.89449 -9.32553 70
-8.87096 -20.6807 70
-11.1588 -20.3899 70
-0.217215 1.1088 70
1.28967 -0.582768 70
0.302945 1.17325 70
-11.0686 10.408 70
-0.0504842 19.8719 70
10.4143 10.2238 70
9.77744 9.84344 70
-111.374 -59.0212 70
-28.641 -0.843837 70
0.52407 -9.95856 70
-0.150666 30.2721 70
-10.4479 -1.37365 70
-0.446404 0.327273 70
0.225172 -10.2694 70
0.165677 -1.18992 70
-1.32951 -0.575853 70
-8.91917 -0.833088 70
11.0976 -9.32297 70
-19.7634 -1.48137 70
-1.20483 0.70695 70
11.1433 -0.473404 70
0.794152 20.7926 70
10.9751 -40.3051 70
-0.137058 79.7789 70
-10.0894 -0.874199 70
0.298564 0.845479 70
-1.24785 -0.633328 70
1.18974 0.410411 70
1.21186 0.677521 70
-78.9484 0.456849 70
0.682953 -0.811471 70
-18.7303 -60.2094 70
0.427891 -1.40787 70
-1.14411 9.95376 70
29.3866 -59.3077 70
-10.1961 10.831 70
1.13273 38.9441 70
0.600192 8.77403 70
-1.36683 -0.0562144 70
-0.96912 10.7298 70
9.02598 -1.17448 70
-10.3883 10.4364 70
0.97227 -1.2079 70
-10.2301 11.3344 70
0.641165 -0.673671 70
-0.831996 -10.1704 70
11.3554 -19.39 70
-0.172298 1.48696 70
-1.41612 -0.997245 70
-8.69131 -0.556113 70
-0.599717 -9.84951 70
-9.18607 19.6739 70
1.43384 0.924427 70
-10.9861 -19.3522 70
0.505237 -0.112856 70
-10.3011 0.282812 70
1.14905 -0.664192 70
-28.6003 9.04603 70
40.87 49.6009 70
1.42935 -1.24432 70
0.306103 60.5285 70
-0.109864 0.940042 70
11.3827 -9.23449 70
0.0624651 0.734092 70
-19.3845 -19.6307 70
-20.6488 40.0163 70
-61.2216 19.9643 70
9.72924 9.54015 70
10.3221 0.627626 70
0.29422 -1.49265 70
-11.3101 -0.358887 70
-0.349805 -9.73511 70
29.8698 -9.331 70
-0.562982 -1.01126 70
0.410643 -0.461747 70
1.15536 9.10275 70
-20.806 -0.824272 70
1.19031 0.770168 70
-1.26047 -10.5929 70
-50.7999 19.3524 70
-0.667018 21.151 70
-0.479802 1.02527 70
-10.4286 -9.13888 70
-10.2084 0.581471 70
-9.05959 8.94803 70
11.1169 0.893168 70
1.26366 -1.26249 70
-19.0693 0.513282 70
-8.78238 9.02734 70
9.51019 -0.885327 70
-9.14865 -10.5117 70
-1.13822 -10.399 70
-0.104389 0.886091 70
-0.0102483 0.710197 70
18.8516 -19.622 70
0.750778 1.34784 70
-8.96804 -1.04145 70
0.328182 10.9161 70
11.0916 9.16513 70
1.17481 10.5715 70
-9.3139 -8.65149 70
-10.9875 -11.2567 70
-19.96 8.75392 70
-0.512909 0.506164 70
-10.1893 0.948634 70
-0.69798 19.5828 70
9.45052 -0.489348 70
20.4039 9.82121 70
21.0053 8.69601 70
-1.39484 8.5435 70
-1.23919 1.24117 70
-20.9927 8.85391 70
-19.7966 9.41507 70
0.455334 -1.09473 70
28.62 -9.37177 70
-10.3088 -1.39148 70
-21.2537 18.8002 70
-19.077 1.21328 70
0.91057 0.720749 70
0.908636 -9.18466 70
-10.8825 10.8361 70
-8.79673 19.8439 70
0.311391 0.626152 70
-0.343459 -0.109672 70
0.420464 0.578691 70
18.7392 9.29607 70
-30.14 0.832453 70
1.04402 10.5596 70
30.2333 -0.10445 70
8.61344 18.9754 70
-9.1704 9.90543 70
1.47546 9.92643 70
0.57132 8.84724 70
-9.38645 -1.03184 70
-0.840522 0.947435 70
-0.226653 9.23751 70
0.869739 10.9438 70
-10.1019 29.8006 70
-9.06473 1.16602 70
-0.235683 -29.0947 70
-1.48022 0.568864 70
1.02238 -0.403112 70
49.4782 -121.014 70
-9.45655 8.73813 70
0.00774398 10.8613 70
-1.32162 8.74818 70
70.3736 71.4174 70
1.03627 0.790337 70
-9.02213 1.10053 70
-0.643259 0.852875 70
-20.7002 10.7084 70
-10.1921 9.97015 70
-0.646878 11.0759 70
-9.97723 -29.8097 70
0.0949823 20.6981 70
-9.38378 -10.2024 70
0.551621 21.1898 70
-0.45231 1.10158 70
-1.34542 -0.0615167 70
-10.7639 -9.85478 70
-0.531339 58.7224 70
0.427627 -10.6631 70
0.804388 -0.631903 70
-10.5078 10.0059 70
8.73462 -8.59453 70
-8.59296 -28.6455 70
-1.17161 0.0583202 70
-20.4294 -29.7505 70
-0.988221 -9.17906 70
0.31166 0.892574 70
0.186597 11.0319 70
-10.02 9.50498 70
39.9663 -10.2058 70
19.7827 -0.749367 70
1.07772 -0.868883 70
-9.0307 -10.2611 70
-30.6952 -9.78471 70
-9.3167 20.9777 70
-11.2379 -29.1501 70
-10.1728 9.5072 70
11.4467 -18.5163 70
11.1506 9.8838 70
-10.3298 -1.16815 70
-110.049 48.6856 70
-60.9193 10.1145 70
1.05059 10.0614 70
1.1105 -9.46905 70
1.09277 -8.95231 70
0.221507 -1.11718 70
-70.2041 18.6481 70
1.47097 -0.978798 70
0.287552 10.8408 70
0.794133 10.2053 70
-0.381144 9.05679 70
-9.97342 0.201493 70
0.454807 11.4065 70
0.241286 -0.508624 70
8.7509 1.18835 70
10.8211 -1.37699 70
-9.06279 29.401 70
8.64531 -8.55404 70
-10.5891 -20.4921 70
0.536908 0.947724 70
-9.76498 8.93564 70
-29.4221 -30.9266 70
-28.7312 -19.0526 70
18.6121 -8.55102 70
-11.0016 -0.464367 70
10.9982 40.9975 70
-1.22668 28.6561 70
20.822 -0.906534 70
11.3585 -0.372637 70
0.0978729 -0.387413 70
0.0668485 9.22168 70
-58.7662 -0.697137 70
-10.5059 1.15438 70
-1.24124 -11.2428 70
30.2696 20.3622 70
-1.20216 8.86176 70
-1.08296 29.4401 70
-0.440997 -1.09247 70
-1.24161 0.512948 70
-0.510689 -1.18478 70
20.2066 8.83635 70
-0.858408 10.5905 70
-9.76767 21.3631 70
0.434752 10.0723 70
0.285664 18.9141 70
0.112738 0.692667 70
-10.316 0.231948 70
-1.3288 -1.2972 70
0.221703 10.7966 70
-0.370352 19.8553 70
1.15193 -1.29841 70
-0.56266 0.542174 70
-0.294593 -1.21535 70
1.27187 1.45185 70
9.42259 0.0779964 70
-20.0567 40.6342 70
10.0376 21.0429 70
10.1404 -9.84569 70
0.830607 0.864251 70
20.2773 9.35516 70
-1.15627 -10.8332 70
-1.49878 -0.94874 70
-9.62794 -9.2925 70
-19.135 -21.2161 70
-8.74648 -19.9189 70
11.2648 -1.1509 70
-0.459163 0.615691 70
-0.514663 0.340204 70
1.05941 -9.2598 70
-19.0265 8.92106 70
-1.18231 -11.1885 70
9.0784 19.1945 70
-0.469808 8.70293 70
-9.61144 -0.146812 70
-9.49116 0.398153 70
40.8152 60.9452 70
-10.9235 -0.730968 70
0.592404 -1.43367 70
20.731 10.3966 70
-11.2022 0.861328 70
-9.89705 0.00312071 70
9.02842 -9.04465 70
-11.0919 -0.848725 70
10.1867 1.24901 70
-10.1067 1.14301 70
20.568 0.494629 70
-8.57246 -11.4466 70
20.4317 21.4 70
0.296254 -1.30751 70
-10.5578 -28.7931 70
9.6254 -1.39396 70
0.050222 10.6606 70
28.7645 -0.197949 70
0.0867899 -0.643559 70
-0.998008 0.497559 70
0.256167 -1.26848 70
-0.528018 11.2638 70
-1.05465 9.59412 70
-90.2688 31.4982 70
-1.4397 0.00807886 70
1.46374 -11.147 70
-0.121534 -1.0797 70
19.2893 -28.6244 70
-0.805203 10.5948 70
1.20806 0.449547 70
-29.3156 0.806404 70
19.1073 -29.6862 70
-0.119116 -40.585 70
0.100285 -38.6762 70
-11.0941 0.333841 70
-18.6959 19.0899 70
-10.8625 19.1691 70
-9.12872 19.6696 70
-8.56216 8.53097 70
-0.534753 -9.59227 70
-9.08124 0.422225 70
-10.4755 8.86298 70
-1.30782 21.1734 70
8.76146 -19.2209 70
8.52268 -20.4804 70
-61.0904 10.5947 70
9.45333 -20.2529 70
-10.9103 8.96847 70
8.63837 -50.2284 70
-0.860109 11.4092 70
-0.180376 1.01734 70
-19.1091 18.6338 70
-0.439287 -9.98944 70
0.745111 0.796155 70
-10.9243 9.88074 70
-0.422576 0.389371 70
-9.62708 10.2415 70
-1.46196 -0.445683 70
-10.6457 0.927021 70
-0.566584 -0.913868 70
-29.4796 69.9527 70
-1.32288 9.55041 70
0.0886454 0.138844 70
-10.883 -10.7527 70
0.860993 -40.4414 70
-9.78344 0.975365 70
-11.0558 9.97435 70
10.9512 19.3327 70
-10.6265 10.254 70
1.2783 -1.22419 70
38.8574 -60.9185 70
-11.4863 9.23421 70
21.4588 10.2778 70
-1.39972 -0.057183 70
50.0723 -18.8599 70
48.6053 -19.9425 70
-19.6367 0.234201 70
8.70358 0.368579 70
10.5914 0.765946 70
-20.0403 -0.224024 70
8.63471 -9.46662 70
21.2265 21.1656 70
0.258726 8.92762 70
11.2913 -11.1567 70
-11.1957 10.4686 70
-0.851459 -10.6305 70
8.81312 -1.49086 70
-0.651933 -1.37541 70
20.8511 0.0647107 70
0.611036 10.2245 70
-11.1532 19.0612 70
-8.86723 21.1162 70
9.21419 11.2468 70
-0.0201571 1.29813 70
-10.9769 1.35027 70
1.27692 0.192424 70
0.931046 -0.313725 70
-0.910303 9.28121 70
-9.20199 0.474596 70
-0.0949759 0.447103 70
-10.1583 -9.23946 70
-1.15893 -0.259444 70
-9.27218 0.384695 70
9.6342 -0.254299 70
0.0719671 0.261136 70
50.2638 11.1869 70
0.552613 10.1163 70
-9.96642 -1.30035 70
-8.63468 0.465248 70
58.8742 0.607263 70
8.54793 -8.87488 70
-10.7114 -29.3413 70
-0.933677 10.4602 70
10.6517 19.9681 70
-9.82673 -9.32295 70
0.187605 19.6876 70
-8.83933 -10.3986 70
0.0406038 18.9829 70
-1.12635 -0.1414 70
-8.6679 1.33352 70
-1.38302 8.50386 70
-0.716358 9.74803 70
1.16801 0.302981 70
18.5277 9.83895 70
-1.30339 10.7738 70
-11.2504 -10.6365 70
1.44175 1.12755 70
-10.0242 -1.48921 70
-9.47544 -1.12699 70
-9.34613 -0.426671 70
-0.842686 -9.36814 70
-1.33552 1.07965 70
-1.30382 -0.617025 70
0.682175 11.4973 70
-10.7822 -1.19362 70
-10.3493 10.2087 70
1.32807 -0.394538 70
39.9381 10.8005 70
39.3529 9.49869 70
0.377127 -0.0799902 70
-0.41666 -8.91723 70
39.0593 0.26953 70
-10.2658 10.3776 70
-9.27023 0.929247 70
-1.47117 -1.01251 70
-11.2736 0.474153 70
-0.452072 1.13597 70
10.2473 1.15833 70
1.43407 0.171049 70
9.28005 -0.90053 70
9.0292 70.8101 70
-8.85483 1.48584 70
9.89269 -0.0773903 70
1.22363 -10.0669 70
20.7091 10.6912 70
21.4033 -11.0307 70
1.17238 9.06416 70
1.33467 -0.421469 70
-1.16939 -0.561259 70
1.1038 -41.1672 70
-70.0094 69.6694 70
-9.23786 1.42492 70
-1.29998 8.71942 70
-10.3462 9.68883 70
-0.340886 -0.0341269 70
80.3036 -39.9437 70
79.5378 -39.2104 70
-9.75628 0.111596 70
0.0261655 10.0924 70
-0.783561 8.87411 70
-10.435 0.166086 70
-8.76937 10.1967 70
-10.817 10.08 70
1.32507 -0.444731 70
-1.3972 8.68255 70
-10.4143 8.50498 70
1.29205 18.5206 70
1.35176 11.4349 70
30.8853 19.4832 70
-11.4491 9.30953 70
0.587716 -1.14048 70
-1.21089 10.8005 70
10.712 -1.32548 70
-20.4003 11.2901 70
-1.33179 0.769961 70
-0.512517 0.440917 70
0.911048 1.02044 70
-0.177584 -0.976351 70
-0.324753 -0.155791 70
1.27695 1.39908 70
-0.291252 -0.499207 70
-29.9892 39.8464 70
0.113506 19.209 70
69.5861 50.6377 70
-9.73777 -11.3314 70
0.409467 -8.65372 70
0.0453383 0.0788152 70
-20.153 0.0503967 70
-0.54319 0.773581 70
-10.5287 -1.0708 70
8.94076 9.15489 70
-9.07153 -20.3157 70
-10.5887 -0.860354 70
-10.0652 1.20506 70
-9.91042 0.960109 70
0.796435 9.52804 70
-8.88172 -0.46712 70
10.3614 -20.85 70
9.9938 0.357431 70
0.707511 11.3956 70
-9.64252 0.527539 70
9.13923 -0.889402 70
-11.1143 0.915384 70
-19.1729 11.24 70
-30.401 -0.295494 70
-9.50829 0.29989 70
-11.315 8.63121 70
-1.46685 11.3817 70
-0.252313 -1.07282 70
-0.614779 0.447134 70
-0.671474 -0.837105 70
-10.0286 -10.6693 70
-10.2454 0.911093 70
-0.738293 8.76749 70
-28.5584 30.472 70
-20.1691 -0.10358 70
-109.614 19.3184 70
-10.4701 -1.06902 70
9.94515 -0.195227 70
-9.91841 -11.4377 70
8.95077 -0.267977 70
-8.65355 10.4204 70
20.5472 9.58934 70
0.0505985 1.31432 70
-10.1927 0.571549 70
-39.6136 8.79671 70
-11.3373 11.0239 70
0.125728 -0.0334149 70
-1.15676 -10.48 70
-0.344588 -0.424251 70
-9.46572 10.9981 70
-9.1695 0.600277 70
0.673339 0.576178 70
-1.17232 1.28976 70
0.29507 0.516566 70
-0.9781 -0.458861 70
0.164268 10.2982 70
0.533881 -1.1267 70
-1.22512 1.02695 70
0.318006 0.964087 70
-31.2367 -20.5015 70
30.4331 1.01761 70
10.5734 10.0189 70
-11.1815 20.89 70
11.2836 41.0908 70
-11.3037 -0.613624 70
10.1748 -0.867059 70
31.299 50.7154 70
0.450581 1.29924 70
0.805616 0.676054 70
-10.57 0.908307 70
11.0779 0.172909 70
-0.241977 -0.857951 70
0.0308273 -0.457545 70
-0.562978 9.07867 70
39.7779 29.5152 70
0.430698 -0.278518 70
1.16591 1.11647 70
-9.24908 9.21755 70
1.03381 -1.26233 70
-9.9169 -0.790461 70
