-0.207188 -1.0534 70
-0.557605 10.7004 70
0.47135 20.8265 70
0.772111 -1.41662 70
1.46482 9.29503 70
-9.90715 0.932682 70
-0.192093 -0.347213 70
-8.51466 -10.1897 70
-51.4729 28.9285 70
11.1991 0.704978 70
0.292773 1.17482 70
-1.4791 0.807211 70
1.45614 0.642439 70
-1.09305 10.6608 70
1.28353 1.01362 70
0.94605 -0.401749 70
-71.0083 49.5504 70
-69.9583 48.6694 70
20.8081 20.9416 70
-1.11335 -0.397389 70
49.7626 20.3241 70
20.8707 -30.323 70
20.3314 8.69905 70
0.767802 -9.47578 70
8.89833 9.11835 70
9.85973 -19.873 70
-8.60306 9.19335 70
9.03894 -0.0511107 70
10.7475 -9.79289 70
-9.5304 -18.6475 70
1.02706 1.28629 70
-9.68051 -1.24974 70
11.3897 -10.0433 70
20.2584 11.4998 70
1.49668 1.06743 70
79.0122 -21.3874 70
-9.25916 0.889684 70
20.9747 9.70213 70
21.079 11.223 70
19.9361 10.1716 70
-0.465223 -1.4362 70
10.4109 -40.0365 70
0.43256 8.68267 70
-1.44484 9.9339 70
-0.406379 -0.930472 70
30.2439 20.2841 70
-0.698717 10.9734 70
1.44975 -29.8556 70
18.8231 30.1903 70
-0.342077 0.69207 70
1.00379 8.72302 70
-19.7734 59.3667 70
-31.1346 11.0688 70
-8.98592 -41.4695 70
1.13611 10.5063 70
0.476342 -0.384845 70
-9.97895 10.696 70
-0.924032 -9.48876 70
-1.28844 0.849225 70
0.704927 1.08644 70
-10.9164 11.0226 70
-1.1158 -0.940094 70
0.610535 -1.22144 70
-1.15938 8.60713 70
10.5966 20.8521 70
9.6305 10.4655 70
-9.84613 -20.8106 70
-10.4192 -21.4221 70
-11.4876 -31.0605 70
10.2388 9.08053 70
-1.1083 1.4141 70
-0.691201 9.55457 70
0.737193 0.970099 70
1.21389 -39.6992 70
0.188604 19.5152 70
20.0889 9.91806 70
19.4946 10.5797 70
-10.1131 31.3557 70
0.277795 1.22176 70
29.8594 90.9073 70
31.4085 90.99 70
10.2825 41.1356 70
59.3637 -18.5341 70
-0.433291 -1.44636 70
-39.4811 29.055 70
-0.357944 10.1818 70
-1.28245 -0.656865 70
-0.979324 0.736334 70
-10.0649 19.7183 70
-59.5493 -0.0984408 70
-0.425667 1.20006 70
9.65186 -10.9777 70
-0.731554 28.9198 70
-0.919077 10.714 70
-1.22283 0.848721 70
-0.877628 -1.10075 70
-0.629423 0.0304138 70
10.0157 -9.96329 70
-31.009 -1.49989 70
1.21742 -1.12013 70
0.799594 -8.76432 70
-0.624322 9.60015 70
9.13997 -10.0053 70
0.0220317 -0.940656 70
1.49135 10.4833 70
-0.601532 -0.163125 70
0.316605 20.5553 70
-20.4766 10.8882 70
0.303499 -9.72744 70
11.4449 -49.52 70
11.1533 -50.8094 70
8.51647 -49.3151 70
1.10988 9.84189 70
-10.1672 -9.42362 70
-0.929615 11.4028 70
-0.502644 0.724933 70
9.11008 -1.12309 70
-1.23364 19.234 70
-9.18459 0.805513 70
8.69831 10.0347 70
-1.00456 -19.9224 70
30.4541 -18.5661 70
0.701936 9.13371 70
-0.18511 -11.2319 70
0.630752 -9.77382 70
48.7405 49.3549 70
10.7316 10.8176 70
9.74708 11.4833 70
1.37651 9.24866 70
1.28004 -1.15563 70
10.4807 0.0541554 70
28.838 18.6579 70
0.330077 -0.663374 70
-11.2703 9.70787 70
11.047 -18.5015 70
101.267 0.815161 70
0.749727 10.5845 70
0.182558 20.6098 70
0.365224 -1.1153 70
-0.580511 0.974916 70
-1.44561 -0.99022 70
11.4787 9.01144 70
-0.14485 20.6499 70
18.6708 -0.641736 70
-1.08653 -20.1135 70
-8.97985 10.6177 70
0.297598 9.91916 70
11.1387 -0.362923 70
20.7799 0.255772 70
0.317107 0.706399 70
-0.72125 0.667893 70
11.2565 11.3568 70
-20.2662 -8.84423 70
9.94019 8.59715 70
1.03884 8.9052 70
0.204403 0.938581 70
0.208614 10.3076 70
-1.03257 0.903018 70
-0.993995 1.30699 70
20.6929 -0.916907 70
-50.274 -0.0337313 70
-0.301465 1.3058 70
0.224945 0.130466 70
10.3467 9.94192 70
51.173 90.8596 70
19.1478 9.16512 70
21.4625 -8.80802 70
1.49775 -40.5503 70
11.1928 1.36337 70
8.70278 0.290411 70
8.85061 9.67211 70
-39.5522 0.759949 70
-1.45953 -1.34147 70
-18.9398 -1.27261 70
-1.23203 -1.28334 70
-9.56005 -9.45357 70
-10.0947 -9.61813 70
-28.9367 -30.7722 70
-0.470108 10.9196 70
1.14508 9.1119 70
28.8989 -29.7344 70
80.2828 -20.5712 70
-20.76 9.67614 70
0.929482 11.4103 70
0.626027 -1.05934 70
20.9877 -8.50995 70
0.0280294 -0.559637 70
18.9201 -20.6049 70
11.219 18.5414 70
-0.398907 10.4797 70
-0.829465 -10.6035 70
-0.120091 20.7632 70
-11.2401 21.4749 70
-9.66224 18.974 70
0.95538 -10.17 70
-1.42728 1.07168 70
9.55127 0.392448 70
-10.6949 9.02002 70
20.8998 9.82816 70
1.46094 8.89639 70
-38.5508 10.24 70
9.47979 0.82441 70
10.1545 0.0356417 70
-0.248084 -0.52416 70
-8.91065 39.4301 70
-9.90752 40.7304 70
10.0487 -1.48781 70
0.367135 -0.578132 70
-0.706881 -1.13386 70
-30.553 -79.3991 70
59.2713 -19.3097 70
58.531 -21.09 70
1.39191 -0.504836 70
-1.08705 9.61785 70
-11.4949 -1.31596 70
11.4259 0.853491 70
8.54546 21.2787 70
-91.254 -19.7628 70
19.7854 11.1124 70
-1.12838 9.03315 70
-0.864814 11.3001 70
0.370136 -31.3832 70
10.4 -0.320115 70
59.2994 1.17928 70
11.2726 1.13642 70
-0.398274 0.305095 70
0.368192 8.93824 70
11.2659 0.429639 70
10.3215 -0.888587 70
9.18718 -1.21794 70
0.0889974 -20.6677 70
1.2633 -1.49421 70
-0.719398 10.8191 70
11.3857 19.82 70
8.5827 10.3245 70
10.3047 -0.3512 70
10.7421 0.811915 70
10.7223 1.34836 70
11.0735 10.7485 70
0.497316 -9.75697 70
-11.4424 -9.15528 70
-1.36504 -1.30367 70
-10.7201 39.7421 70
-19.575 49.3754 70
0.0407707 -1.06983 70
-70.2495 29.306 70
1.21429 9.3477 70
19.6678 -0.851545 70
-19.4747 59.3398 70
59.1686 -18.9262 70
-1.06452 40.5203 70
1.0878 -9.15732 70
1.36951 1.09404 70
29.4073 -1.2718 70
-39.0706 -39.8882 70
10.3297 9.85994 70
0.0980527 10.1176 70
9.98631 -1.29235 70
39.8413 -20.4967 70
0.291934 -0.382143 70
0.733454 9.95719 70
-59.1888 20.5665 70
30.4889 9.67872 70
31.311 -30.2689 70
20.3933 -21.155 70
0.770679 1.31164 70
38.9105 -1.02787 70
0.65444 8.7631 70
0.697795 10.6927 70
20.0764 0.276128 70
20.7594 -1.15819 70
9.67102 1.44066 70
30.6173 -10.2753 70
-10.6586 8.85275 70
0.0114181 0.167698 70
29.9931 30.0867 70
-11.4561 -8.77184 70
10.4284 18.8744 70
-18.774 39.577 70
8.74776 1.476 70
-0.280012 0.978806 70
-0.0101287 0.239431 70
10.9394 -0.480509 70
-1.07832 9.38744 70
-1.17793 18.901 70
9.06866 -1.02539 70
1.21538 10.5435 70
9.91437 9.83336 70
-0.327813 1.21025 70
-19.4658 -0.270731 70
-18.5244 -0.0103961 70
-19.8645 11.0529 70
11.2195 -0.921239 70
0.656451 0.0534666 70
1.43866 1.27067 70
-1.46588 19.8884 70
8.92109 9.28602 70
10.1497 1.02151 70
30.4953 -20.0058 70
0.599426 10.8897 70
9.19496 10.1397 70
-0.372274 -1.46205 70
-1.33774 1.07671 70
0.571187 -0.329768 70
-10.616 10.3529 70
20.9451 -19.4511 70
0.794609 9.55133 70
-0.165866 -0.0317594 70
-0.050927 -1.20736 70
0.258253 30.9648 70
1.49276 29.5538 70
19.7257 40.985 70
10.0871 -10.5199 70
10.2179 -10.7768 70
8.65811 -10.4657 70
59.6681 0.102108 70
0.461878 0.1933 70
40.3048 11.2398 70
-20.3778 -19.5398 70
-1.09596 9.61362 70
1.17874 20.6218 70
-1.02882 8.90078 70
-10.4721 0.445513 70
-8.62299 18.5926 70
-0.512699 -19.1581 70
9.94355 10.6165 70
8.92627 11.4602 70
0.989798 8.68685 70
-0.561508 8.50447 70
1.36681 -0.058846 70
39.1713 10.0306 70
0.16145 1.05261 70
31.1602 28.965 70
11.0874 -9.92567 70
-10.9703 30.5222 70
-1.44999 0.173405 70
0.922381 -1.04991 70
9.80938 9.48638 70
0.0637464 -10.5597 70
-1.44768 -0.834483 70
0.0730065 10.8214 70
10.7338 8.81166 70
9.01539 -10.9966 70
19.5989 -11.0016 70
-9.69459 -18.8224 70
-21.3692 11.1064 70
-20.3229 9.22774 70
0.857041 21.0577 70
-20.4835 50.93 70
0.527898 19.6533 70
20.5732 -0.761481 70
11.2972 38.8075 70
-0.341623 0.914599 70
10.3942 0.532683 70
-8.81636 -11.2951 70
-0.445621 -0.640758 70
8.99245 10.3822 70
0.38324 20.6504 70
-0.662032 18.6146 70
8.88243 20.9845 70
-0.51774 0.525286 70
10.017 1.40338 70
0.556817 0.27193 70
-1.41267 9.49387 70
-0.842704 0.800774 70
9.41913 -0.316236 70
0.341649 1.24842 70
0.0217195 1.45488 70
-21.2229 11.1536 70
9.80746 -0.494486 70
-9.89641 10.8584 70
8.89423 0.597766 70
8.61581 28.7638 70
-9.98806 9.29274 70
-1.19115 -10.9587 70
-20.9666 19.0635 70
11.4288 -0.865674 70
11.4215 0.487578 70
-1.14931 -1.41243 70
-29.153 9.18714 70
1.41213 -0.543957 70
-0.836538 0.62336 70
-0.996795 -1.44753 70
8.80148 9.04605 70
-1.32292 0.751467 70
-29.2424 -10.9666 70
10.7301 -1.01482 70
-0.955865 -0.448497 70
0.815494 20.5249 70
9.88527 -0.395431 70
-18.8163 30.845 70
-0.962929 0.968761 70
-1.03403 -1.37572 70
28.9732 10.8191 70
71.3986 -8.70053 70
20.0332 -10.8998 70
1.49988 1.39626 70
-28.9714 30.5532 70
8.86983 8.52399 70
11.3093 8.75127 70
28.5741 -10.7734 70
-9.05934 20.4072 70
-0.0722262 20.0775 70
-99.2845 -9.59205 70
10.5861 0.715858 70
1.23589 20.4605 70
10.9606 -9.23057 70
41.143 38.7415 70
-0.324839 1.26275 70
-0.233744 -1.48614 70
21.182 0.244023 70
1.15951 10.2289 70
20.8201 1.11268 70
10.7965 9.02085 70
-0.996502 -0.342088 70
0.342654 8.61453 70
0.464494 10.9906 70
-0.0973966 0.183305 70
-11.0564 9.88695 70
-1.27961 -0.251284 70
-98.5918 -40.3571 70
8.67934 -0.601883 70
0.193486 1.49414 70
-1.00688 0.845105 70
-0.855556 9.69635 70
1.0068 10.0459 70
40.4646 31.0802 70
-0.736276 11.4361 70
0.398306 8.80325 70
0.205005 -18.5412 70
18.7092 -11.2011 70
30.8701 8.59806 70
41.2007 -19.8911 70
-0.163396 -0.552326 70
-0.200605 0.886814 70
19.845 19.0592 70
0.533677 -10.4289 70
11.152 21.4132 70
1.13219 -11.0626 70
9.54824 9.53856 70
10.0744 0.520112 70
0.955442 1.19777 70
-1.1252 9.23027 70
11.3996 0.537012 70
-0.681056 -0.554439 70
10.9908 8.56258 70
20.1515 30.1072 70
0.542647 0.00118154 70
-0.23533 10.7872 70
-9.74619 -0.0262514 70
-10.8811 1.18286 70
-0.143796 19.0557 70
-0.575355 1.19371 70
-1.07349 19.7694 70
9.16506 -9.82693 70
-1.15052 -1.19799 70
1.30968 0.430183 70
-0.328805 9.44308 70
10.4233 10.4166 70
-11.4406 -9.0357 70
8.72079 9.6748 70
11.0536 8.56785 70
-78.8771 -10.2932 70
0.209199 1.03396 70
-0.332639 8.5849 70
-60.0003 -0.890307 70
-20.4601 50.1138 70
0.195121 -0.039308 70
-9.45758 11.1376 70
10.3978 10.4856 70
-1.38401 -0.326983 70
-0.107184 11.3887 70
-0.210001 -0.953351 70
-59.6765 59.1213 70
11.3029 9.50218 70
-9.67815 9.40463 70
9.37966 1.35266 70
-0.552367 -0.938197 70
-0.299681 1.35659 70
0.386646 -0.351401 70
-10.2596 -0.975271 70
-11.1727 -0.591555 70
19.6919 -0.969537 70
-10.9639 8.60395 70
-18.9773 20.2812 70
-0.133592 9.51765 70
-8.68872 9.45336 70
8.60454 10.0572 70
10.3252 -9.58433 70
8.85798 9.87035 70
-38.989 -20.8622 70
9.89216 9.40426 70
-0.284046 -0.63606 70
9.11984 10.2878 70
0.344924 -20.4562 70
-21.2979 -11.2324 70
-19.7582 21.3059 70
28.6864 -40.378 70
0.112892 0.327279 70
10.4652 -19.0961 70
1.48312 -0.635356 70
-1.17143 -0.477195 70
-0.0717808 0.929924 70
-1.13699 0.809884 70
8.89052 -8.52633 70
0.185411 -0.520689 70
-10.977 -0.644596 70
1.4602 0.938885 70
10.6429 -1.14067 70
-1.46542 8.9806 70
21.0683 9.6678 70
-0.816337 8.68284 70
8.91725 11.4957 70
0.399417 0.0673982 70
50.091 41.2661 70
1.16816 -19.2851 70
-29.6767 -10.2319 70
31.2109 -29.3827 70
1.15225 -9.43692 70
28.7282 0.888707 70
1.13094 1.34436 70
-0.91269 8.53085 70
-0.586009 -0.844647 70
1.38762 -120.35 70
-1.02096 -1.44266 70
-0.730567 10.9897 70
10.4672 -8.95524 70
40.0036 -50.8567 70
20.138 -20.9386 70
10.8391 -1.32092 70
9.96512 -21.2121 70
-1.31995 0.393593 70
20.692 -0.946225 70
10.5305 -1.47201 70
1.40365 10.8673 70
0.794015 -10.0946 70
19.2263 -11.3591 70
8.73938 10.7502 70
0.114598 -0.940466 70
11.3608 10.6419 70
-1.3262 -9.21171 70
-0.17267 8.85937 70
18.8356 -10.4585 70
-10.1912 -1.29523 70
-0.630758 -0.132168 70
0.112357 10.7385 70
9.29981 0.0514697 70
1.29566 -0.436941 70
0.393028 -1.19977 70
9.89433 -1.18543 70
1.13824 0.194524 70
0.678969 1.04421 70
0.0846315 9.50176 70
0.342895 0.841915 70
-0.794622 90.8415 70
-1.20001 20.6323 70
9.12911 -19.8536 70
-21.4209 -19.7044 70
-1.15073 1.34729 70
0.133374 -0.456892 70
-1.00862 11.2072 70
8.51156 -0.416866 70
-11.2804 -11.4022 70
1.22493 -1.33827 70
11.2944 20.9391 70
0.0378054 10.3898 70
30.9157 11.4202 70
-9.26634 0.0967594 70
11.1484 19.8571 70
19.2404 10.9414 70
1.24994 1.344 70
11.3542 19.951 70
-1.34174 11.4173 70
-0.575782 9.0323 70
-0.843205 -0.156735 70
-11.1106 -11.3705 70
-11.1457 -20.1691 70
-0.33925 -0.0144851 70
-0.621016 -0.822125 70
-10.8338 -0.513256 70
1.48617 9.11516 70
-0.308255 0.183522 70
-0.715055 11.37 70
39.2327 -0.699619 70
18.5861 30.3733 70
0.988321 0.577011 70
10.1494 19.4552 70
0.735513 10.0442 70
1.08311 9.5309 70
-9.02663 -9.94901 70
-1.24911 9.44213 70
9.8128 -1.30337 70
0.198326 9.78538 70
-8.77927 11.3238 70
8.78293 0.529536 70
0.453834 11.0873 70
49.9959 0.542017 70
50.7971 0.936048 70
-0.593014 -21.4677 70
-1.19376 10.2514 70
8.52171 0.178834 70
0.850508 28.9337 70
0.857349 29.031 70
-1.03553 -0.168591 70
0.241129 -10.6871 70
1.0518 -0.537687 70
-20.1294 10.9913 70
19.3398 10.3732 70
9.20042 -0.456381 70
-0.373968 0.422917 70
19.1356 8.67734 70
20.0692 19.0765 70
-0.163674 -0.972721 70
-41.3602 -30.9453 70
0.111907 -1.49917 70
9.64226 9.24274 70
9.02 1.24415 70
10.7895 -0.850296 70
10.2591 -0.805568 70
21.0856 9.01372 70
21.2987 9.65464 70
9.02238 -1.27381 70
-10.783 11.1876 70
1.05026 -9.80291 70
-29.2791 19.0978 70
8.58324 9.60775 70
-0.451798 0.485001 70
-0.583081 -0.339718 70
19.5529 1.31863 70
10.8577 -8.73143 70
11.0017 8.72199 70
-1.44226 1.16285 70
0.93012 0.0191279 70
8.8839 8.77001 70
10.5886 -0.62672 70
-11.1717 9.02583 70
11.2319 9.99973 70
20.3969 11.2031 70
-10.159 10.0129 70
-8.54724 8.86411 70
-0.482692 9.71964 70
9.17627 -20.2675 70
-20.6869 -9.85373 70
0.735134 8.56375 70
1.18917 -8.65574 70
-39.6993 -119.389 70
31.2169 1.07237 70
48.5195 -1.26423 70
50.573 -1.48183 70
9.321 19.1611 70
-9.30471 29.9565 70
11.1389 8.56037 70
9.08686 1.1659 70
10.7413 10.4666 70
20.2811 -1.38816 70
1.09847 49.1338 70
-0.284849 50.3976 70
-1.49642 1.03606 70
50.67 21.1437 70
11.4073 8.5245 70
9.20242 11.018 70
9.46581 1.21075 70
-0.911841 9.98968 70
21.4249 28.6115 70
-21.1488 29.8111 70
-0.713312 8.95683 70
-9.18171 -10.2849 70
58.7158 29.3869 70
0.414352 -0.338084 70
21.4095 -1.34832 70
19.0039 -1.44283 70
-9.90762 -8.67339 70
-10.6356 -20.3618 70
-0.278112 10.2001 70
1.10126 -0.962725 70
20.4252 40.3559 70
0.942064 -28.877 70
-18.6746 9.82142 70
-10.6617 19.2017 70
-0.0891816 -10.4893 70
0.86528 0.162968 70
1.04163 -0.959694 70
0.583252 10.9287 70
-0.540123 9.43244 70
1.006 0.604265 70
8.80372 -1.1727 70
10.1775 1.07893 70
-29.4081 -21.0019 70
-9.18155 -0.0799506 70
-0.784747 -1.32836 70
-68.771 -48.9906 70
10.7689 0.440821 70
0.935637 19.9469 70
-1.3377 10.9402 70
10.3474 20.8164 70
-10.9046 9.52492 70
19.1884 -19.6526 70
10.5953 -0.681923 70
-0.306068 0.657115 70
-18.8891 11.0757 70
0.214646 0.131731 70
-0.894744 1.24809 70
-0.635069 9.52665 70
-0.165889 9.34548 70
-1.13158 -9.38088 70
8.86588 0.780797 70
-20.213 8.51119 70
8.94623 0.906644 70
18.8723 -18.9015 70
-0.220658 9.36178 70
-1.39225 1.01578 70
-10.2055 -0.847235 70
-1.46056 8.7816 70
-19.5771 19.115 70
-1.28979 9.03427 70
-9.41942 -21.3683 70
-21.3369 0.103933 70
9.11803 -0.425828 70
-0.116279 9.34517 70
8.64496 -10.996 70
1.12528 9.44262 70
10.9665 10.5541 70
29.0274 19.0394 70
1.21457 11.3241 70
19.2296 18.9311 70
1.06927 0.826441 70
0.997686 0.100924 70
8.58626 -8.97287 70
0.205536 1.29359 70
11.3268 1.32519 70
20.9352 0.736763 70
10.1214 9.27729 70
11.3605 -0.979616 70
-0.0774403 0.321411 70
-0.281971 -0.261229 70
0.504046 -0.801683 70
1.34723 9.09655 70
8.50788 1.23272 70
