20.2626 -0.203082 70
-0.41492 -1.36612 70
-10.6156 -9.49852 70
9.07327 -1.2457 70
30.2001 -0.774401 70
-0.284652 20.7135 70
-1.04396 1.1104 70
40.7949 29.638 70
20.0214 -9.20135 70
20.2687 -1.16367 70
1.39101 -10.1796 70
10.5708 -0.883163 70
-0.0824847 -0.113149 70
-0.265386 21.4981 70
28.9497 19.9484 70
-9.62721 -1.33509 70
38.7222 -9.09376 70
1.0361 9.74249 70
28.5624 -9.75482 70
11.3501 -1.02406 70
10.2582 -0.409181 70
9.71725 -0.830288 70
-9.04057 20.807 70
-0.0140895 -1.46537 70
1.42262 -0.644929 70
10.498 0.00931087 70
69.7389 40.4853 70
-11.0928 -10.6963 70
-0.532821 -1.41894 70
10.2001 -1.37972 70
80.1126 29.129 70
31.4821 -8.75094 70
-0.41043 0.859786 70
-0.483777 1.24361 70
0.81542 0.667652 70
1.06623 0.33825 70
18.9416 11.0513 70
8.54502 0.923904 70
18.8608 -10.3451 70
0.525631 9.38889 70
-0.241192 -11.1013 70
0.589901 1.19561 70
-0.360003 0.289692 70
40.7988 10.0904 70
18.7298 1.18629 70
-11.4694 30.8917 70
10.205 -10.6207 70
1.10018 0.729135 70
-1.19684 1.22785 70
-1.46109 -9.42582 70
21.346 21.2237 70
0.619157 -9.97804 70
10.8604 0.559092 70
-29.22 40.9084 70
-0.694003 0.758765 70
10.2031 9.49451 70
-0.0308252 1.4003 70
8.55876 20.6304 70
-59.0264 0.185462 70
-1.10054 -0.897536 70
-0.632142 -0.878464 70
-1.17868 -9.0743 70
-10.841 -11.4983 70
-0.223434 -0.364439 70
9.49658 1.47637 70
30.3787 -19.5187 70
1.10399 0.865721 70
1.36074 -0.112061 70
0.321665 -1.3332 70
11.1283 0.334333 70
10.353 -10.5542 70
-0.789844 -8.9525 70
-0.508505 1.16221 70
-8.71202 0.287781 70
40.2393 31.1922 70
-0.619449 0.90807 70
-9.73876 1.33583 70
1.20343 -1.05592 70
10.8077 -1.31982 70
0.284978 -11.037 70
8.71416 -1.25324 70
8.56242 -1.0404 70
9.20456 1.18865 70
41.187 0.657469 70
-60.8402 11.0019 70
8.73029 0.565224 70
10.3499 -1.11539 70
-0.016066 -1.33642 70
-0.883695 28.9972 70
0.124793 0.820762 70
-0.132367 -1.43498 70
10.2764 -20.3835 70
9.68709 -0.262896 70
0.114164 20.7257 70
9.04756 1.48202 70
-0.898292 -1.12871 70
0.191109 -0.226677 70
11.1768 10.9703 70
9.56381 9.28028 70
0.993423 1.35187 70
-0.0213574 -1.062 70
0.928743 -0.757278 70
10.193 10.4056 70
30.7238 11.2452 70
30.6295 10.3342 70
19.7006 -8.67835 70
0.16108 0.558443 70
-0.0648054 0.69142 70
-1.47444 1.16124 70
10.2507 0.137352 70
-0.953502 1.04584 70
9.78841 -10.2917 70
1.49711 1.43369 70
10.0025 0.696552 70
8.64711 -1.05743 70
-0.114097 0.642232 70
9.43669 18.718 70
11.34 0.163196 70
-10.6982 -0.513526 70
0.278932 0.956521 70
-1.45051 0.260818 70
0.907044 41.2364 70
0.892951 0.319581 70
0.382824 0.523084 70
19.548 -9.12961 70
70.3522 18.5317 70
-1.05289 -21.1337 70
-0.618624 -21.0344 70
0.227911 0.804109 70
18.8572 -51.1208 70
-1.08617 -0.563222 70
-21.1623 -9.17491 70
10.5823 0.64936 70
0.842609 -1.29698 70
1.15142 -0.228399 70
0.216744 -0.687969 70
-8.91926 -18.5266 70
60.1818 0.910116 70
10.0193 10.7934 70
-1.3479 8.73411 70
-0.587022 -10.188 70
19.9744 -11.3421 70
-0.0656493 -0.0951243 70
-1.38141 -10.7039 70
-1.20787 28.6194 70
0.435268 10.5726 70
8.69263 -0.330432 70
0.885732 -0.826773 70
0.125233 -0.315675 70
-0.234496 -0.0630491 70
9.72614 -1.17633 70
-1.05546 -1.41133 70
-19.7229 -30.861 70
-0.0720181 0.116917 70
29.3649 -28.7569 70
-29.4035 9.00364 70
0.432633 -30.3982 70
1.38976 -0.375169 70
-1.39807 8.86613 70
49.9913 10.35 70
10.2611 -10.1912 70
10.5445 -1.18314 70
-19.5626 -20.296 70
-1.38924 8.97628 70
-0.0626133 -19.8194 70
21.1318 -11.1227 70
-10.7284 18.9568 70
18.6232 -9.92758 70
11.2215 -9.1652 70
9.49995 1.00036 70
9.12933 9.46139 70
9.2099 61.2815 70
0.241387 1.29242 70
-1.17099 -1.20482 70
20.1676 11.3993 70
-0.064144 -0.204842 70
-0.736203 9.20329 70
-1.45773 9.1088 70
-1.32238 -0.335026 70
0.139372 11.4228 70
-1.23941 -9.10445 70
1.10467 1.24906 70
-0.0690605 1.37417 70
-109.852 -20.1732 70
10.9775 9.71075 70
-11.2292 1.49801 70
11.4592 0.333308 70
41.4504 9.25794 70
30.1897 -41.1458 70
29.8256 -39.2731 70
-0.853892 -9.93308 70
-1.18146 40.689 70
10.1069 -1.27125 70
0.485956 8.56696 70
-0.335474 10.0535 70
-10.6831 9.60355 70
-0.69824 0.458128 70
9.23496 -0.224641 70
-0.1765 -8.50282 70
1.35723 9.20924 70
-0.112514 9.81797 70
-41.1375 -19.9966 70
-19.928 31.1567 70
20.6966 8.94231 70
-0.503622 1.2222 70
-0.176907 0.484621 70
10.8693 18.5254 70
8.92384 0.656237 70
10.5961 -40.4387 70
-0.102741 1.41956 70
-9.54495 8.948 70
-0.287152 -0.665484 70
8.77953 -1.22967 70
10.9892 1.29226 70
-0.0816064 0.0305961 70
11.4934 30.8005 70
-1.02124 0.994353 70
19.0779 -39.3088 70
-29.1355 10.5094 70
9.74918 0.716248 70
-0.85176 -1.03358 70
1.0997 -1.05736 70
8.66652 -0.211532 70
9.82076 0.249515 70
11.0875 -1.34223 70
8.84703 39.461 70
0.41838 -0.967449 70
-0.856105 1.20936 70
-1.20057 10.9535 70
10.0708 -11.4239 70
-39.7892 31.0207 70
-10.1561 0.424403 70
-0.213553 0.381416 70
20.4751 9.32062 70
0.731909 -8.94075 70
-0.993878 10.7867 70
-1.19467 0.189659 70
8.94965 -10.6092 70
-0.641461 1.09345 70
0.0665935 -9.89423 70
11.0165 -29.631 70
-1.37075 0.667758 70
-8.67206 0.388829 70
-10.2599 10.8376 70
-19.7913 0.269041 70
0.489876 -0.992738 70
8.83399 -20.1313 70
0.236473 0.406409 70
-0.242125 0.0618399 70
0.537949 -11.1886 70
-0.454095 -9.04965 70
69.9842 69.7569 70
-31.2027 -0.711989 70
1.18542 -0.430648 70
11.4429 -1.45934 70
1.07669 11.4549 70
11.4774 -9.23002 70
38.7129 11.021 70
-9.23425 0.653505 70
0.175754 -29.2983 70
-1.00292 0.447384 70
20.7146 -10.6904 70
-1.10928 0.199851 70
-1.26629 0.899689 70
1.2497 -71.4779 70
-1.20666 -69.2817 70
0.0422402 -9.99904 70
-1.327 -1.12904 70
8.53316 0.131055 70
-0.509638 -9.258 70
9.47572 -11.1243 70
9.20203 -10.2605 70
1.13639 -0.915776 70
-0.622042 30.0347 70
-1.10402 -0.40858 70
-11.1762 -0.605564 70
0.413169 -1.33289 70
9.26479 -0.870012 70
-0.0660183 -0.191859 70
9.52066 -10.4207 70
-19.7813 -19.2842 70
-10.6977 -10.8601 70
9.9885 0.613721 70
-9.21042 -19.2158 70
1.01473 -1.46854 70
-18.9286 -9.88046 70
11.1155 -10.4238 70
1.35864 -30.7805 70
39.2987 -8.74135 70
40.3252 -10.411 70
10.1473 0.294478 70
1.36955 0.313833 70
9.37027 -30.3396 70
-0.309467 -0.527217 70
29.0624 9.81545 70
-9.5858 -0.720137 70
-10.3724 -19.1979 70
-1.3644 -0.215589 70
8.65731 1.06507 70
-0.678785 -1.32277 70
-0.0251853 -0.335099 70
8.86296 0.147701 70
9.83051 -0.349139 70
-21.4811 9.91773 70
-39.3351 -0.572988 70
-1.12193 -10.1814 70
20.8552 0.923693 70
29.654 -50.1379 70
1.40382 -1.0817 70
9.07594 -0.325433 70
19.3433 0.28423 70
-1.27958 11.4601 70
-20.399 40.8211 70
-8.62762 -1.09911 70
-10.2659 1.10561 70
41.4346 49.3612 70
-0.132964 1.37654 70
20.8943 10.707 70
10.1701 0.708985 70
9.15974 -0.126255 70
-0.452935 -0.930947 70
9.6937 0.701629 70
31.104 -20.874 70
-0.557538 -0.727984 70
-0.991709 10.1788 70
-0.773124 0.775746 70
8.82571 9.15038 70
21.1882 8.67228 70
0.745881 -0.59348 70
-0.251623 1.17665 70
19.515 -0.847992 70
-0.484362 0.689906 70
0.292146 -0.500866 70
10.0689 -0.627073 70
-10.6872 50.7587 70
10.7563 9.86487 70
-0.800358 -8.54291 70
9.81799 -1.23828 70
19.1565 11.035 70
-0.235826 0.877934 70
-0.761488 0.311557 70
-0.541037 -0.719148 70
40.4052 10.2002 70
-9.08171 -29.9997 70
21.2562 1.12665 70
40.6671 19.8343 70
0.841198 1.38878 70
-40.3518 20.8047 70
0.855612 11.3302 70
1.04661 9.22479 70
11.2206 10.7352 70
-1.12773 -1.19519 70
0.918888 -10.9124 70
9.14496 -1.47181 70
10.5385 9.88625 70
-10.4774 -10.2372 70
-10.9995 -19.3725 70
-1.07328 -10.2359 70
49.2151 -71.2133 70
-31.0286 21.3617 70
-19.9591 29.8916 70
0.557206 -19.8782 70
0.194766 11.2094 70
-0.142108 -20.4391 70
19.9122 0.556037 70
20.1144 -0.984995 70
18.5403 0.0487897 70
-0.298843 0.903399 70
-1.33066 9.95218 70
10.2081 -0.687591 70
0.707732 0.973722 70
-0.477475 -0.108758 70
1.43777 0.783003 70
1.24229 -0.425935 70
41.0555 -20.0619 70
0.386833 -10.6692 70
29.2182 80.4904 70
11.1276 -0.343808 70
9.54591 0.475919 70
10.0231 -0.333433 70
0.32421 -0.638697 70
-0.659307 1.0196 70
-50.7983 -19.5983 70
21.1797 21.187 70
0.147474 -11.3372 70
31.3996 -8.87022 70
-0.19634 1.05722 70
-30.9129 10.0434 70
1.46069 0.355252 70
-0.574244 -9.9814 70
29.3085 61.1132 70
-0.107175 -0.262948 70
0.207149 -0.441156 70
0.527618 -0.920419 70
-28.8442 30.6904 70
9.32107 10.2622 70
29.8149 -19.7838 70
11.3371 10.5174 70
10.8833 10.2793 70
9.27728 10.0757 70
0.657658 8.57953 70
9.72287 -9.61618 70
-1.28 -0.483616 70
0.0617436 0.765166 70
18.7203 111.36 70
9.60998 0.53332 70
9.1731 0.578125 70
9.12165 1.27399 70
10.2201 1.24423 70
-11.1872 -11.3907 70
-11.4528 0.833157 70
-0.831536 0.248188 70
-1.17017 -9.8381 70
11.4402 -40.6212 70
1.17433 9.34499 70
10.9118 1.16742 70
-0.255179 -0.934833 70
11.0248 -11.3997 70
-28.5475 1.02838 70
-0.592796 0.536373 70
-50.9683 60.645 70
31.2727 -9.52463 70
-0.487732 -0.539649 70
-0.947915 8.83817 70
-30.213 -8.84559 70
0.604428 -0.941519 70
0.48429 11.0761 70
21.1519 19.9769 70
9.85237 -0.244664 70
10.1743 -0.958365 70
20.9505 -30.345 70
10.3958 11.2253 70
-0.190391 -1.31095 70
0.14139 0.51295 70
0.0705762 -1.17063 70
9.50695 0.367035 70
10.4712 18.6579 70
10.3711 -9.08554 70
0.92269 -8.70475 70
10.6368 1.20765 70
8.9114 1.17358 70
0.757428 9.39737 70
11.1901 0.520224 70
21.2183 0.692006 70
-9.80533 10.1833 70
-1.03085 -0.322218 70
8.83511 30.0266 70
-19.7413 -9.90915 70
-10.981 9.332 70
9.96269 0.515599 70
9.44822 -1.37175 70
0.900271 0.783993 70
21.3893 -20.6766 70
0.752931 -11.3133 70
10.1197 -0.719573 70
0.847635 -9.51218 70
20.9258 -0.866348 70
-1.06224 -60.4051 70
0.280044 11.2234 70
8.59178 19.9791 70
-0.013249 0.532303 70
0.646562 1.42555 70
-0.998662 0.285958 70
-0.691567 -0.98056 70
9.73521 8.62014 70
49.1176 -10.7836 70
11.0199 11.4552 70
-38.6997 -30.5654 70
-11.2269 11.0878 70
-0.170654 -1.29361 70
0.734211 0.7917 70
-1.43875 -0.761678 70
-19.3131 -58.9372 70
-29.9434 -0.0367203 70
0.189613 -71.2864 70
-19.5092 -9.90317 70
9.09419 10.1643 70
-29.6643 -11.2662 70
-0.67679 -10.1194 70
8.71398 -0.442541 70
-10.6584 -9.01942 70
-10.3102 -11.3175 70
-8.82465 -8.71043 70
70.5116 91.0432 70
11.2225 -0.758888 70
81.3741 10.4397 70
0.487496 1.05824 70
18.9538 30.3426 70
0.417412 -0.268701 70
0.285248 0.160391 70
0.787853 -0.504997 70
0.040454 1.41076 70
-0.77719 1.07721 70
20.4499 -9.53082 70
0.120691 -0.019187 70
1.22608 8.54069 70
-10.7991 -0.358962 70
-0.893596 0.556639 70
10.9662 -11.2276 70
11.4803 0.171329 70
9.18646 -0.0561134 70
39.4545 -8.61849 70
-0.780859 9.21443 70
-0.76476 -0.301517 70
10.9697 -10.9248 70
9.48442 -9.86973 70
29.5783 -20.3073 70
9.52436 10.3229 70
9.28139 30.0839 70
-9.57498 10.3192 70
-9.94892 -11.2823 70
11.3865 0.817812 70
-11.028 0.481702 70
-20.987 20.5013 70
-1.15844 -0.436675 70
8.87065 -11.1917 70
21.2118 -11.4545 70
0.122043 -9.45512 70
0.0167807 30.5275 70
10.9618 -9.70953 70
0.35315 -0.0715594 70
30.6507 18.5891 70
-1.30402 -0.0651161 70
9.73871 -1.47581 70
-11.0606 21.0731 70
10.3291 -10.591 70
1.06346 1.19277 70
-8.55861 -10.929 70
10.7635 -10.6315 70
0.412668 0.651501 70
-0.376136 48.5849 70
10.0543 -0.289 70
-0.780722 -0.546257 70
10.1919 -0.471071 70
11.0132 -0.0131182 70
19.6562 -11.3427 70
0.254403 -0.37844 70
9.32091 -0.122109 70
-9.62032 10.4829 70
-0.232455 -1.41194 70
1.34846 -8.708 70
0.411428 0.217557 70
1.45683 -0.903917 70
1.23139 -0.879563 70
-8.66723 8.82092 70
1.25222 1.44689 70
-1.14226 -0.00121984 70
-0.709892 -1.35798 70
-20.2919 -0.726288 70
19.091 9.11372 70
9.27787 10.1264 70
1.14007 1.00603 70
18.6151 -19.0055 70
10.2026 -9.22502 70
-0.150095 19.6672 70
-0.569813 20.9378 70
-0.201723 18.6523 70
1.11405 -1.08505 70
0.907828 -20.2807 70
0.194974 9.9029 70
-10.9394 19.4116 70
-0.929536 -60.5321 70
10.3651 0.648089 70
-1.07267 -8.7895 70
-10.9253 -8.5571 70
-0.975948 -0.626413 70
9.92456 -1.41445 70
-8.53343 -20.7256 70
-0.462184 -0.561472 70
-0.865512 0.267714 70
-0.715472 1.26797 70
28.5422 -10.4906 70
21.0966 11.2376 70
0.74324 -0.388036 70
-0.451344 -8.9932 70
-0.422732 -0.541772 70
20.0012 19.8052 70
-1.45665 -0.262519 70
0.482282 10.909 70
-0.444638 0.0214799 70
-31.0915 69.4493 70
8.87978 8.91235 70
9.24506 0.194033 70
9.15817 10.3111 70
-1.31573 10.4989 70
9.32974 1.49528 70
11.2088 21.1736 70
0.611052 0.310886 70
-11.1327 1.21553 70
-9.49679 -0.915676 70
49.5447 -30.1372 70
0.192568 -0.661254 70
10.4945 -0.84187 70
9.70533 11.0694 70
8.56011 10.1755 70
10.2337 10.2016 70
20.6065 9.24085 70
9.1856 -10.8063 70
21.4756 29.4766 70
-0.0847302 -1.41916 70
-49.4272 -21.0647 70
9.62159 -0.275128 70
48.9021 19.8404 70
0.702033 9.49549 70
-29.6238 50.1761 70
-8.67658 1.27627 70
-1.1433 -0.336626 70
0.56015 10.4792 70
1.05718 11.2869 70
-1.15176 -9.41053 70
-8.96232 0.990576 70
10.2683 0.318111 70
8.60445 -0.995621 70
0.132353 -9.63917 70
-0.32962 -11.0746 70
10.8536 -9.79227 70
9.98623 -21.0795 70
11.0148 20.5353 70
10.2723 0.368327 70
9.99968 9.37918 70
0.720166 -1.21852 70
-0.324547 -9.67448 70
0.631817 1.29969 70
28.6965 -31.0582 70
20.8682 -10.2033 70
0.858465 10.1076 70
-0.645192 -8.86178 70
-0.170795 1.24965 70
10.4212 40.3043 70
18.6614 9.46807 70
-1.28732 -0.193327 70
-10.2584 -0.642667 70
-0.08676 0.0645897 70
11.1372 0.888912 70
1.47176 10.1892 70
0.587977 -9.77647 70
18.6413 8.82289 70
10.8482 0.793006 70
-79.1731 0.738834 70
11.1605 0.51328 70
19.4285 -9.83608 70
-21.4211 10.4775 70
9.38744 -0.673218 70
10.7444 -1.26778 70
-1.36127 9.27308 70
9.60933 -1.08667 70
-0.601934 -0.496379 70
10.1412 -10.5308 70
-8.90709 -8.54361 70
-11.4766 48.6713 70
-1.32167 -0.983229 70
60.5162 -0.686754 70
38.8065 8.69197 70
-11.0087 -1.08139 70
0.865997 9.53631 70
-0.0382553 -0.937469 70
-39.8211 9.97281 70
11.4571 -1.0094 70
20.6566 10.3975 70
-1.31342 -19.3478 70
10.4096 -10.931 70
19.751 -0.9597 70
19.823 -11.2306 70
41.2526 -29.9702 70
11.2446 -21.0073 70
9.89647 -10.8188 70
8.90709 -19.7643 70
29.93 -11.2446 70
-19.0673 0.340635 70
29.8601 9.7553 70
10.7492 -9.23466 70
0.234356 -0.459865 70
9.08637 9.05847 70
-10.1759 8.61986 70
-0.778489 1.0671 70
-81.0532 59.0727 70
-0.544404 -1.33108 70
-10.0568 11.4415 70
9.66043 0.391969 70
-8.80798 -0.865407 70
-11.114 0.660718 70
-0.956377 -0.84069 70
0.729162 18.7608 70
-0.456756 19.0907 70
8.55188 -20.1827 70
1.20144 0.727594 70
-11.3745 -0.0895624 70
10.8784 0.867018 70
-1.18051 9.66082 70
110.047 90.6297 70
-20.9377 48.9529 70
-19.8315 50.315 70
10.1898 1.48444 70
9.14614 -0.215457 70
-1.43546 0.562604 70
-8.58236 11.3926 70
1.03072 -1.32056 70
8.94856 -10.9201 70
-11.1032 -29.1669 70
19.8639 39.716 70
-11.1948 20.9398 70
10.4661 0.33306 70
-8.6569 9.35369 70
0.391251 -0.0801522 70
0.636389 1.15251 70
10.0607 0.422757 70
0.901915 -8.78374 70
8.55341 0.00460733 70
1.21015 0.0284189 70
-0.991934 -0.122394 70
9.86308 -1.3819 70
1.34864 -1.1294 70
11.4009 -0.723434 70
21.2101 0.905158 70
28.7539 10.9706 70
28.8579 9.83829 70
11.2796 1.0675 70
-8.72949 0.944283 70
20.5816 11.4605 70
0.00773737 9.95804 70
9.61881 29.9228 70
70.9033 -28.6746 70
0.0516703 0.81905 70
-0.147703 10.1961 70
-1.20766 -0.0696774 70
8.52311 -29.5843 70
19.4104 -31.1269 70
49.4161 1.08036 70
10.4744 1.11024 70
8.85202 0.966443 70
-0.47056 -0.269563 70
10.1589 0.821923 70
