0.87175 -30.1866 70
9.37908 0.463989 70
29.332 -10.7822 70
0.536045 -1.19011 70
8.82903 -11.2373 70
0.533976 1.29344 70
-0.391038 10.2346 70
-9.64893 -9.80113 70
-0.310986 -0.351989 70
0.0895391 -0.0747485 70
19.7236 10.7063 70
-1.08029 0.126531 70
-10.8186 0.677158 70
11.1248 29.8886 70
0.53757 11.1656 70
-10.9945 -10.4918 70
-9.6632 -11.4991 70
1.46219 -0.226666 70
-1.09473 -1.12063 70
-8.52623 9.92302 70
-19.7618 10.2203 70
0.892988 20.5362 70
1.25859 0.995834 70
1.01685 39.5768 70
18.7852 -0.767876 70
-20.6719 38.8421 70
-8.98804 -9.13686 70
8.84327 10.5144 70
1.17612 -1.3002 70
-8.50735 -38.8159 70
-19.9445 18.9565 70
30.6251 -29.1832 70
-9.22215 0.72911 70
0.487724 -0.930093 70
-10.8572 1.24305 70
-1.18737 1.31561 70
-1.41837 10.3319 70
-38.9077 -10.8538 70
-0.60428 0.243563 70
-1.32439 -11.4728 70
-0.770201 -1.29159 70
1.00013 -1.05644 70
-0.807224 -0.312182 70
-9.90683 0.0550531 70
-10.7536 30.8801 70
0.140614 0.148416 70
9.13116 1.23701 70
1.37667 0.544102 70
1.21728 19.7584 70
20.309 49.4591 70
-8.75262 8.75022 70
19.2595 18.7364 70
-8.62526 -0.923454 70
-8.62906 11.2227 70
0.839351 -0.121566 70
39.5715 -58.9032 70
21.3733 18.537 70
0.346446 -0.370573 70
19.1601 9.51353 70
19.4993 10.9596 70
-0.29933 20.7636 70
-9.52639 0.176148 70
40.9388 10.4037 70
-9.55761 -0.919651 70
-0.976947 -1.25837 70
-9.39441 -21.391 70
0.226977 -0.747194 70
1.10677 -0.72882 70
-0.459572 -10.8239 70
48.6749 29.4335 70
-1.1455 -0.191614 70
1.12938 19.7218 70
120.71 -70.7633 70
-10.5165 0.315114 70
-0.757138 19.9856 70
-11.1122 19.7709 70
11.3593 9.06632 70
-0.0623733 1.25104 70
-10.5379 1.13204 70
-0.273741 -0.633638 70
-19.1488 -0.302597 70
-0.75518 -20.6761 70
-0.883367 -0.652043 70
-9.5266 28.9878 70
1.14128 1.15269 70
-8.70324 -9.80952 70
0.568027 11.368 70
-1.03482 21.4259 70
-59.7157 100.869 70
10.9167 -19.982 70
-1.17724 -0.0321068 70
0.353727 -0.0477765 70
-9.26617 -1.17865 70
-31.4451 9.26592 70
1.25029 -1.05617 70
-10.304 11.3431 70
20.6252 -9.40476 70
19.3972 -10.4456 70
0.487176 11.089 70
0.749358 -0.171827 70
-10.9969 9.12516 70
20.8041 11.465 70
-20.5699 78.817 70
21.2538 -11.0848 70
-20.5846 -20.5132 70
-0.309331 9.7029 70
40.2988 -18.874 70
-0.505987 8.79553 70
0.158871 1.1534 70
-0.885295 0.136307 70
-0.569372 -0.846253 70
-1.22855 10.0663 70
1.47195 -0.76337 70
-10.9397 0.314731 70
1.0425 9.70884 70
0.626812 -0.563042 70
-10.9441 -0.409518 70
0.722431 1.16434 70
-1.46162 11.0174 70
1.35048 20.3436 70
29.1699 -58.9412 70
-41.0005 8.66434 70
-0.834202 -0.643741 70
1.0131 9.71472 70
0.120002 10.9906 70
-0.148383 -0.230821 70
0.0567726 -11.3201 70
-0.401371 -0.0620145 70
-38.7424 31.4637 70
-31.1623 0.967296 70
-19.9175 29.7915 70
1.17064 0.854949 70
1.43936 0.00249008 70
-9.759 10.4593 70
-9.68045 0.688957 70
-38.7154 48.8154 70
-1.02227 0.445356 70
1.1571 9.4632 70
-20.4321 -19.0117 70
-0.276734 0.125133 70
-9.0454 -1.37989 70
1.07937 1.19397 70
0.884634 1.01501 70
-10.3846 -0.150404 70
-8.84708 -1.0403 70
38.5604 -20.3646 70
-8.61523 29.2145 70
9.63311 10.2342 70
-1.38195 -20.9642 70
-9.60801 0.77915 70
-10.7605 11.27 70
-0.168017 8.93039 70
-0.741433 -0.503299 70
-9.15492 0.53841 70
1.42452 0.934392 70
0.271171 -0.114992 70
-0.0896266 -0.47287 70
-0.0373987 8.76188 70
1.03118 10.6196 70
9.28318 1.25172 70
-11.4579 9.82949 70
0.296774 8.83831 70
-0.300478 0.680998 70
-0.986464 -0.292545 70
-0.652324 19.5255 70
-9.17437 -11.2999 70
-19.4332 8.5 70.0001
-19.6043 29.5351 70
-19.8022 31.4625 70
-8.96259 8.68607 70
-28.5657 11.0368 70
0.077317 10.7995 70
1.48549 8.7741 70
1.01465 -0.937078 70
119.275 10.6117 70
8.68296 -0.128187 70
-10.5188 9.18902 70
29.7077 20.9417 70
-19.7566 10.0444 70
10.4488 10.4494 70
9.79086 -0.709207 70
-19.1769 18.5776 70
-1.47948 50.3811 70
-10.3684 -20.6255 70
-10.2366 0.374463 70
-11.2195 -79.2932 70
-1.29397 -0.356324 70
-0.919687 8.70197 70
-1.2486 9.87703 70
-11.1563 10.0023 70
-9.56506 9.26308 70
0.326924 0.756924 70
-10.9049 -0.333935 70
-8.86093 19.9939 70
0.225925 10.9862 70
-0.206948 11.3095 70
1.28346 1.25504 70
21.1939 0.89157 70
1.29503 1.41922 70
-0.160126 -0.771631 70
-19.4932 0.195212 70
-9.67573 0.745475 70
0.571227 -1.22884 70
0.665697 10.3786 70
0.557184 8.82449 70
1.43754 8.89869 70
40.664 -29.1207 70
-10.7032 10.4791 70
-9.40208 28.5134 70
1.18515 1.16998 70
1.2533 10.5352 70
-0.464875 -0.841648 70
-0.470045 9.00264 70
-1.38867 10.7035 70
-9.50391 -0.596291 70
-61.3438 -10.0593 70
0.22487 0.431276 70
-0.538494 1.40905 70
-10.0413 -0.577648 70
-11.0079 11.456 70
-0.629371 -1.17409 70
-11.1564 8.52782 70
-9.93828 8.99517 70
-9.11671 -0.278194 70
-19.6966 10.0314 70
1.28139 -0.15703 70
1.12562 8.76415 70
-0.786901 29.6813 70
0.67234 29.1959 70
-8.77978 -1.21305 70
-9.38287 0.607877 70
-20.3644 -10.7923 70
-1.16724 -9.3857 70
-0.311077 30.1531 70
-1.39365 29.5843 70
1.34224 -1.36325 70
-10.5529 -0.0465091 70
-9.74762 -10.9807 70
-9.73037 1.39424 70
-9.81438 0.876006 70
9.96757 11.1437 70
-20.2342 10.8588 70
21.0491 9.62874 70
11.1322 1.39208 70
0.653278 -0.548826 70
-11.4182 -0.773354 70
-10.2884 9.83951 70
-8.90411 9.74227 70
-9.43961 -0.294312 70
-10.9361 -8.89041 70
-0.472204 1.43967 70
-10.6304 -0.593555 70
-8.92452 -9.68912 70
0.509738 0.531392 70
-0.597672 -0.671949 70
1.28965 -1.30747 70
8.93456 19.8462 70
-0.727136 9.83577 70
-21.2224 9.68664 70
10.3523 -19.759 70
-8.98938 9.49983 70
-0.692687 9.09219 70
-10.9687 10.4446 70
0.635853 9.48952 70
-1.09215 -10.3444 70
-0.0283881 -0.898912 70
-11.2262 10.5446 70
-10.6599 -1.01019 70
-0.341545 -1.06056 70
11.477 0.999673 70
-10.6697 0.63509 70
-8.52957 18.6331 70
68.8982 19.7402 70
0.827608 1.17412 70
-18.5127 0.107525 70
-8.81829 10.0239 70
38.7269 41.3083 70
0.0823152 9.04505 70
-0.428141 -0.182887 70
9.45296 -20.3868 70
1.47394 19.359 70
-10.0995 1.01422 70
-0.307602 -0.5741 70
1.38822 -0.422216 70
-0.561429 -0.780462 70
9.96334 18.8605 70
-0.404153 9.00029 70
-0.0391516 10.4608 70
-0.0975148 8.93378 70
0.638408 -10.9205 70
21.2299 -10.2213 70
-11.4453 -0.748976 70
-10.3782 9.1096 70
-60.4512 -109.148 70
-9.96279 9.4728 70
1.25369 0.0567077 70
41.0097 -0.394996 70
1.38886 0.595133 70
-21.1766 38.854 70
-40.5877 -91.2981 70
-10.377 0.594789 70
20.2226 9.47883 70
-10.4893 41.0808 70
-0.826805 8.70951 70
-0.208833 20.1754 70
-30.1825 -1.29239 70
9.81944 40.0815 70
0.60972 0.403347 70
-0.855974 -0.882918 70
8.94294 9.57332 70
-10.8768 10.2448 70
-0.617997 -1.1424 70
8.97359 1.04807 70
-0.564985 -1.33397 70
-11.1671 1.16182 70
28.5108 99.0935 70
-11.0457 -0.82839 70
-11.2688 -29.3142 70
-28.7102 11.4351 70
-9.57201 0.942452 70
1.28894 -0.161652 70
-1.21728 -9.26805 70
0.841448 8.80591 70
9.39149 9.95883 70
50.5881 9.09277 70
-8.70254 0.20675 70
21.3772 -0.253409 70
-9.73132 10.2931 70
0.532713 1.30934 70
-20.3931 8.57283 70
8.87044 18.9338 70
9.47099 21.0852 70
1.06814 1.24674 70
0.896689 -0.930029 70
-0.406379 1.02625 70
-19.1774 30.8739 70
-9.00323 8.9599 70
10.1936 10.0486 70
-10.8918 0.984142 70
0.176641 -0.208346 70
-50.7685 29.8175 70
-0.66653 -0.627612 70
-9.82897 20.4082 70
19.0164 -71.1675 70
-19.2792 20.3265 70
-19.0108 20.2076 70
-18.6769 21.1916 70
-9.22743 0.271987 70
0.476648 1.11232 70
0.857732 1.00618 70
-0.362019 -9.63646 70
18.5575 10.5303 70
-1.08378 1.37361 70
-9.0207 29.6964 70
0.387693 9.52484 70
9.97878 10.4092 70
-0.313052 0.627858 70
-0.343367 8.93668 70
-30.5621 1.166 70
-18.9713 18.8197 70
8.53172 19.4048 70
0.271055 10.3785 70
8.56754 0.817573 70
-11.2295 10.8327 70
-0.64501 1.25184 70
20.2905 -19.1802 70
10.2544 30.5738 70
10.8295 59.1826 70
-9.86678 9.28826 70
-9.41948 11.033 70
-1.33017 -19.7858 70
10.3143 8.5492 70
-1.11201 10.4219 70
-0.387594 -1.37515 70
-7.68682e-05 0.785728 70
-10.8801 18.8776 70
0.388702 -1.41559 70
-31.4572 9.35398 70
1.1006 -8.54959 70
-18.8288 0.0291314 70
-19.2685 28.7847 70
-19.8849 10.0107 70
-8.98706 11.1305 70
-0.500408 -9.63917 70
-9.30499 0.877429 70
-9.63594 0.378458 70
-1.36328 11.484 70
-0.644466 -0.590325 70
1.43276 -0.427069 70
-10.5716 9.14138 70
0.705036 -8.50752 70
-9.06574 -8.57536 70
1.30287 -0.683576 70
0.730855 11.0158 70
0.406761 9.11822 70
1.42563 9.32734 70
0.218911 9.53848 70
-1.35482 0.612882 70
0.901438 11.0431 70
10.239 10.4824 70
-21.4052 19.5568 70
-19.383 0.0802049 70
-0.429216 0.492523 70
19.8759 38.7532 70
-0.555392 0.724961 70
-19.3868 -29.1214 70
-11.0102 11.3271 70
-1.47473 10.213 70
0.989159 9.54458 70
-11.2157 0.0639715 70
-1.43277 0.014525 70
-1.0208 0.0886101 70
-11.2785 -1.4148 70
-9.59364 9.34129 70
1.43074 0.373667 70
-1.38535 1.44947 70
11.2678 19.9597 70
-28.9761 28.6822 70
0.495191 10.1608 70
-9.27327 -0.269841 70
-31.1885 8.55848 70
-0.130237 0.718882 70
-9.00754 0.458047 70
-1.39838 0.651244 70
-11.3656 -11.0475 70
-10.1403 -1.08375 70
-19.7299 20.3724 70
-41.2872 -9.68721 70
1.08538 -8.98363 70
40.0729 20.0678 70
38.6445 19.4723 70
-10.8429 0.940782 70
-20.9209 60.9375 70
-0.0634805 -21.2392 70
0.141637 29.1201 70
-0.589597 -10.8353 70
-0.116242 1.3069 70
8.51405 1.08825 70
-10.2073 1.07294 70
-0.675042 0.555449 70
1.09253 -1.17537 70
-9.6205 -1.19138 70
-10.3488 1.07851 70
-29.2694 30.0713 70
-1.10727 8.59224 70
10.7147 -40.3185 70
0.155054 9.23748 70
-9.48252 -19.1017 70
-11.299 41.4175 70
0.136705 10.7439 70
-0.0703822 -0.292444 70
11.3765 -21.3976 70
-9.61648 -0.700739 70
0.712892 11.4532 70
-0.637161 9.11233 70
-119.861 60.3474 70
-9.21415 10.39 70
-8.93045 -1.23808 70
-39.2921 30.7119 70
-0.97136 -0.723068 70
1.16006 0.467922 70
-9.12968 -0.635744 70
1.31142 1.05006 70
-1.47288 1.29487 70
-8.8989 -0.196217 70
-30.9214 8.5351 70
-0.397234 -10.6812 70
-1.48251 39.1546 70
-8.79171 11.4014 70
-21.2501 -9.32228 70
-10.5975 19.6743 70
-31.2312 -10.52 70
-1.2031 -0.985111 70
-18.7012 -1.49814 70
9.94611 -31.0707 70
10.5628 -30.3386 70
-20.96 -1.44913 70
1.16484 -1.47216 70
-31.134 -8.67706 70
-0.351728 8.92328 70
11.0661 -19.1153 70
-0.157169 -1.09011 70
10.1403 -9.02479 70
-1.06553 -1.13621 70
-70.9302 10.1374 70
10.9359 8.6591 70
1.00279 0.397856 70
11.0356 -9.52612 70
-8.54426 10.4701 70
0.877547 -8.91013 70
-10.7449 9.37106 70
-18.5373 10.4558 70
10.6984 20.3449 70
-10.7579 0.519101 70
-10.1099 21.1454 70
-0.0115315 0.902853 70
0.241371 1.44819 70
-29.5525 11.3147 70
-0.811987 -0.774015 70
10.0234 10.9145 70
-1.03831 -0.166762 70
-18.7952 20.9124 70
-10.8827 0.875642 70
-1.01662 -1.0952 70
-9.19384 9.57554 70
-10.0678 9.82883 70
1.24741 1.00117 70
0.696247 9.74974 70
-0.147504 -1.00948 70
0.0149093 -0.202242 70
-21.4265 0.996756 70
-19.932 9.95464 70
21.0049 -11.1059 70
-8.98181 -1.13213 70
0.674757 -0.403918 70
-0.346231 11.4803 70
10.7748 19.4414 70
79.8578 -71.018 70
0.861618 1.34951 70
-8.59638 -39.1834 70
-0.853667 0.769484 70
-29.5435 -28.7166 70
30.3798 -60.7805 70
39.3168 30.3982 70
-10.0386 -0.695474 70
-9.683 -10.3999 70
0.0617685 1.34562 70
-8.6511 10.991 70
-1.12047 -0.0893424 70
-1.42337 -1.26822 70
0.120302 10.5932 70
-9.16081 0.187505 70
0.0662578 0.463844 70
-0.447557 -0.848317 70
10.0065 21.1953 70
-11.2185 1.20988 70
8.72605 9.19445 70
0.239749 0.981768 70
-11.3752 9.58648 70
0.934979 10.3519 70
-11.4182 0.391623 70
-9.23428 -0.810447 70
-9.40576 8.82889 70
11.4144 10.4238 70
-10.8078 -10.5234 70
-20.047 0.106231 70
-11.1777 -10.9081 70
20.965 21.1853 70
-48.8972 -10.5189 70
-10.9412 -10.7098 70
-8.84835 9.50533 70
11.2533 10.3166 70
-9.49318 0.767308 70
-0.0287295 0.752236 70
-0.102145 8.94322 70
-9.33745 9.97813 70
-11.2949 1.46456 70
-1.03919 -0.488656 70
-10.3698 0.854186 70
0.589989 -10.0865 70
-1.39608 0.944145 70
-11.2613 8.87404 70
-0.56597 11.1547 70
-19.3311 10.5995 70
-9.46401 -0.288919 70
1.40972 0.464241 70
1.14395 10.4584 70
-20.5789 -0.939807 70
-10.927 -11.2804 70
10.8493 -20.0029 70
9.31263 -19.1774 70
-59.7523 -9.86646 70
11.0339 10.2796 70
-8.77258 -9.31423 70
11.1559 -0.720132 70
-11.4185 -0.570141 70
-1.42139 -0.606848 70
-29.2614 -50.2357 70
10.5807 -0.611481 70
-0.350736 -0.000366807 70
0.187498 -1.02409 70
1.26067 -10.3571 70
-9.69626 31.3868 70
-11.3252 1.25935 70
1.01125 11.0995 70
-1.43569 -1.14788 70
-9.23337 -9.15311 70
1.4445 8.8674 70
-21.4036 1.21149 70
-19.9808 0.455645 70
-10.8543 0.179191 70
-9.02315 30.991 70
1.02223 11.3194 70
1.28207 0.920919 70
8.84464 10.5885 70
-9.29069 -0.769404 70
-8.55113 9.34118 70
0.663731 9.04598 70
-19.1839 8.52276 70
-11.0216 -0.0445882 70
10.2706 9.53117 70
0.272938 18.788 70
-0.812372 0.234099 70
1.34374 -0.570866 70
-0.885115 -1.39112 70
11.1548 -0.807481 70
10.8666 10.9733 70
0.871025 40.0396 70
-11.1519 8.62676 70
-19.2164 20.2621 70
-10.6417 29.0321 70
1.26683 1.31158 70
1.39188 -29.5048 70
-11.3283 9.62127 70
0.541736 8.52701 70
-10.9728 0.926067 70
0.880071 -0.241998 70
109.176 -9.39798 70
-19.4284 -1.32134 70
0.541858 0.156302 70
-11.381 -10.0346 70
1.29171 0.317533 70
-1.38805 -0.421778 70
-0.887907 9.2707 70
19.8028 19.547 70
0.609343 8.98457 70
-9.2166 10.5297 70
11.4961 9.25292 70
10.3996 -0.244022 70
-1.09436 18.5233 70
-31.105 -0.2158 70
1.29558 0.842698 70
-19.8441 -1.20292 70
-9.57982 1.29967 70
0.00754631 10.3114 70
-9.43563 -0.253354 70
-0.177249 10.6866 70
-19.1262 -0.376399 70
-1.18734 -0.664783 70
-10.2991 1.09218 70
-10.2334 -0.739233 70
-8.58846 0.0715431 70
-10.1825 -0.752333 70
-11.1923 0.343515 70
-9.50261 -0.15441 70
-11.3597 10.8278 70
-9.53544 18.7152 70
39.9825 29.8232 70
39.7136 28.9208 70
-8.95492 8.9737 70
1.23996 -0.583609 70
0.603974 11.4269 70
0.866567 19.528 70
0.996075 -0.683617 70
1.49466 9.66638 70
0.320438 0.973814 70
-0.411239 0.419272 70
-10.0298 8.51323 70
-1.26852 -30.4607 70
-11.3235 8.83738 70
-0.225442 -31.4569 70
0.655735 -11.3246 70
-100.148 9.63132 70
-20.9885 -19.1066 70
-10.9208 -10.8391 70
-10.4393 -10.6997 70
-21.1714 -0.633981 70
0.739632 -0.93841 70
0.786175 1.35708 70
1.34406 8.73489 70
-60.4125 -40.2473 70
-9.81608 -0.238496 70
-10.1994 1.35002 70
-99.0917 9.46324 70
-48.7283 1.49292 70
-0.611439 -1.04964 70
-11.4432 9.62152 70
-0.0994084 -1.37167 70
-9.86699 0.652089 70
1.28753 1.00776 70
0.132163 10.1228 70
0.720594 -0.743818 70
-11.3521 -1.26268 70
0.0167625 -18.7817 70
11.312 -10.867 70
-0.367721 -8.56752 70
-0.717143 -1.25693 70
-9.93759 0.300364 70
-20.894 -31.2692 70
0.920333 0.886992 70
-0.888899 8.53233 70
10.8838 11.0926 70
-0.434444 9.17471 70
-10.441 0.0658141 70
-9.0547 21.005 70
-11.4609 19.6303 70
-29.5915 30.3391 70
9.61693 30.385 70
-11.3811 0.650978 70
8.65198 -0.961643 70
-0.551552 11.1041 70
-0.347938 -0.120654 70
-9.56206 9.28244 70
0.939659 0.020298 70
19.3439 8.85331 70
1.44284 -0.747478 70
1.08546 -9.66338 70
-0.129357 9.1432 70
1.44466 8.64922 70
-0.83057 -10.703 70
1.17531 9.77516 70
0.547826 -1.16615 70
-10.3381 1.07973 70
-1.1075 -1.49361 70
-0.435742 10.5539 70
-1.3688 -0.960012 70
-29.5204 -19.1417 70
-0.4341 1.21722 70
19.679 -18.7325 70
-9.53003 9.22031 70
11.0485 -11.45 70
-19.0144 -10.9275 70
-1.08342 -1.41328 70
0.556257 9.39422 70
0.579237 10.4617 70
19.5071 -1.13466 70
-9.80899 0.671328 70
-11.2898 -1.48351 70
-11.476 -1.0373 70
-50.109 19.105 70
-1.20501 -0.203341 70
39.523 10.7873 70
39.9519 11.3848 70
11.4206 0.562352 70
-10.3189 -0.191106 70
0.147965 0.188912 70
10.8559 10.3724 70
-1.11068 0.30154 70
-0.167708 -0.527907 70
8.91338 -0.425753 70
-0.190933 10.1752 70
-0.361745 8.94026 70
-0.453671 -0.0650769 70
9.2709 -10.5427 70
-11.3684 1.14993 70
-0.587241 -9.32631 70
