-0.0742443 -10.2404 70
-8.77194 8.81804 70
10.2704 0.183217 70
19.7274 -0.191988 70
-0.630716 0.659458 70
-10.9371 -11.3209 70
90.7656 110.168 70
49.4464 -20.1833 70
29.9074 -51.028 70
9.61856 10.5408 70
10.1461 -29.8486 70
20.3434 10.5753 70
-9.27556 10.6582 70
-0.715978 -8.52598 70
19.6569 0.537746 70
10.9006 -11.4579 70
9.10769 -9.30701 70
11.3109 0.771731 70
-41.4418 -39.2016 70
-9.77719 0.514036 70
-0.809023 -0.0512909 70
0.986079 -9.21569 70
-60.9441 58.5344 70
-59.9905 59.9586 70
-0.521737 1.00335 70
-9.27762 -10.5155 70
-1.30579 89.0019 70
10.8378 -29.3641 70
20.735 11.4723 70
1.25357 -1.17809 70
0.0952962 -1.2004 70
8.74186 9.88176 70
-1.20286 -10.0694 70
9.47769 -11.2275 70
-1.36365 9.2201 70
10.8989 -0.507725 70
29.8664 -48.8674 70
0.580338 -21.4977 70
-0.672946 -0.764382 70
9.49378 9.18091 70
18.5792 -9.28717 70
-31.1694 40.0165 70
9.95276 1.20299 70
-0.0624344 10.373 70
1.22312 -10.3786 70
-1.20629 -10.0144 70
-10.5162 48.8334 70
-10.5831 0.415268 70
9.66332 -9.41812 70
-20.9668 0.56599 70
-1.15518 -0.785156 70
21.3078 -10.096 70
-21.3124 -19.4956 70
-0.701411 -1.01271 70
8.8869 -9.08918 70
-11.4828 -21.0615 70
10.0735 9.67378 70
40.8871 -19.2824 70
-10.3369 -1.40422 70
-8.89893 0.87783 70
-1.02644 -1.09107 70
11.2899 -10.3695 70
11.0258 19.9894 70
50.27 -19.1729 70
10.9801 -0.931493 70
0.190974 -11.4806 70
1.3171 0.866592 70
20.2129 18.6037 70
9.15898 51.1122 70
39.3315 -30.107 70
-1.4125 1.41145 70
9.8884 0.22271 70
20.3403 -18.8374 70
21.3778 -10.4989 70
8.98987 1.33698 70
1.04044 9.51907 70
-0.967753 -0.0901067 70
8.53048 -0.213502 70
-0.705452 -1.41831 70
9.89381 0.429657 70
-0.949985 8.98477 70
-21.4847 10.1426 70
-28.5654 0.116107 70
0.134721 11.2448 70
0.635149 -8.57317 70
10.9537 -28.8074 70
19.6125 0.80286 70
-0.216519 -0.427835 70
1.38312 0.197754 70
-0.0565967 -1.24823 70
-8.62421 -9.14603 70
0.281769 -0.122529 70
1.09689 -0.816153 70
-11.2717 -9.62448 70
9.10544 1.0576 70
0.088289 -1.42052 70
-0.592299 -10.7256 70
10.0295 -9.96167 70
18.7758 30.3566 70
21.298 30.7594 70
-19.9069 -10.3825 70
-19.1258 20.0676 70
20.2783 -10.0556 70
-0.54901 -8.53923 70
9.94361 -11.3881 70
-0.516247 0.154591 70
21.2757 10.1428 70
1.451 0.801956 70
0.0412669 -1.04507 70
10.64 -1.39716 70
0.640906 -9.03965 70
58.7978 10.7348 70
0.456725 -9.26589 70
-9.5235 -11.1332 70
8.81287 -21.0156 70
-0.0338014 9.60606 70
0.384602 -0.0443151 70
10.5412 -11.1352 70
-1.09391 -11.324 70
18.8664 0.730698 70
-0.832069 -1.0262 70
20.6258 -0.424214 70
30.3231 -9.16154 70
9.86557 0.750477 70
-0.755271 -1.36695 70
0.161282 0.37973 70
19.8259 -1.34626 70
-10.7044 10.4359 70
1.22569 -10.5591 70
38.9888 -29.3235 70
-0.743577 -10.0048 70
-8.99749 -1.36614 70
9.84509 0.00240209 70
11.3242 0.871145 70
1.10462 0.151478 70
-10.7102 0.763099 70
10.6848 -0.605801 70
1.33677 -59.0909 70
-1.13895 49.9158 70
-0.895699 9.92534 70
0.727097 -38.53 70
10.0294 -0.307438 70
-30.4136 21.1756 70
9.31698 -8.51294 70
-0.74889 0.676648 70
-70.0727 -51.4684 70
-21.3438 -9.00113 70
10.9888 0.949028 70
30.4514 0.0940678 70
28.5774 1.20036 70
8.57663 -9.0746 70
11.0394 -9.66731 70
-10.4272 -9.44397 70
28.8627 -1.07394 70
-1.49614 -1.39592 70
1.40498 -0.0771178 70
-0.296868 -1.23785 70
1.28031 -0.507443 70
1.18844 10.2221 70
-0.174962 0.108305 70
1.36233 10.4188 70
9.88048 10.9868 70
39.6508 -0.888827 70
11.381 -10.1076 70
60.138 29.919 70
10.58 -0.153809 70
1.01909 0.110765 70
20.1169 0.170362 70
-9.45004 0.12208 70
9.28919 -10.0147 70
19.3265 -71.4797 70
19.3338 -9.796 70
10.8163 19.2622 70
1.42377 0.362823 70
0.517138 -8.91688 70
9.6367 -29.1871 70
0.294091 -0.678703 70
9.61027 -1.41366 70
9.36926 -0.755616 70
-1.12545 -1.10543 70
-0.436111 29.2697 70
0.66328 -10.5345 70
-0.901741 0.840926 70
-0.273584 0.608097 70
-0.24093 -31.0539 70
-1.44336 9.87117 70
10.2212 -39.626 70
-0.43131 -11.4453 70
0.456412 -10.4641 70
1.44997 -9.86603 70
9.6902 0.256795 70
11.3932 10.9509 70
1.12606 -10.0139 70
-1.4213 1.42367 70
10.4761 -9.91227 70
11.2607 -9.83469 70
10.8679 -1.3787 70
10.7152 28.9793 70
9.9701 -9.82825 70
-0.916072 9.59191 70
20.6351 -9.54468 70
0.143992 -9.89087 70
10.0609 -1.38748 70
10.5999 -9.71338 70
10.2268 -9.12929 70
0.538038 -9.32997 70
0.631061 -20.6252 70
0.131496 1.07071 70
9.84125 -10.0787 70
-11.3561 -1.44524 70
-1.05238 20.6632 70
-0.933173 0.393886 70
0.974397 9.67335 70
11.3244 -30.8005 70
-10.1838 -10.2194 70
9.32088 -10.4135 70
-0.260056 -11.2166 70
-11.4065 29.8403 70
20.3603 -0.508102 70
-0.158716 -0.370471 70
10.1656 10.6093 70
109.564 79.7497 70
20.8263 0.264018 70
8.6078 -11.4077 70
-0.37087 -10.1112 70
9.59621 -19.2546 70
9.31395 -9.97581 70
8.81619 0.248742 70
-9.26154 90.6488 70
10.9164 -68.7128 70
8.97819 -8.87516 70
0.638954 1.07564 70
19.8948 31.3793 70
9.67845 0.602169 70
-8.96922 -19.5971 70
11.0783 19.3832 70
-19.187 -19.1935 70
0.255119 59.9259 70
29.9519 -19.594 70
8.8026 0.703861 70
-11.0732 11.0225 70
-0.196873 -10.2952 70
10.3716 -0.331347 70
0.120369 -29.9013 70
10.6669 -10.8097 70
8.9741 -10.6332 70
-20.4902 8.80742 70
10.8217 0.0548003 70
9.63899 -9.45832 70
9.15188 -9.2815 70
-0.12171 0.414778 70
0.93829 -10.8438 70
-1.47353 -9.35554 70
-8.85777 0.382696 70
0.0830815 -9.0753 70
-1.40006 -10.3539 70
-10.3854 -39.3188 70
-19.0899 40.4095 70
20.9506 -9.08085 70
-10.6497 1.41008 70
-1.35065 -11.0906 70
0.906348 10.8144 70
0.560067 39.8872 70
0.57586 19.4383 70
9.98379 0.996483 70
-10.0808 -10.0284 70
-0.230673 0.056328 70
18.5552 -8.90647 70
-0.814345 -10.7175 70
1.22797 0.00482258 70
1.08936 9.63039 70
-9.96124 -20.3676 70
-0.773609 -20.4174 70
-1.05519 0.978649 70
8.59919 -10.7502 70
9.26488 -8.65341 70
-9.79035 -21.2968 70
10.8905 -19.7209 70
18.9915 0.469965 70
29.8387 -30.1469 70
-60.2666 31.4738 70
19.988 -1.2749 70
1.20035 1.23539 70
48.8273 20.0556 70
-18.5677 -18.6612 70
-30.0481 -0.654113 70
-1.1518 -29.8738 70
19.9544 -21.1882 70
0.978468 -0.509186 70
8.71094 -11.377 70
-0.548393 -9.88692 70
1.48914 0.555004 70
-0.131364 -0.164137 70
-0.136993 -8.73418 70
-60.0756 0.323516 70
0.759637 0.808967 70
0.926976 -11.4099 70
-9.02468 -40.3472 70
1.20355 1.3144 70
-10.636 1.33707 70
39.4797 39.1672 70
-20.1585 19.399 70
-0.86312 0.207528 70
11.0232 8.87529 70
10.4109 11.3455 70
-9.09467 10.5866 70
-9.18415 10.8055 70
10.9927 -20.9585 70
11.1082 49.3266 70
-9.08505 -21.0779 70
1.25516 0.686394 70
10.6785 -1.29699 70
-10.0935 -10.8072 70
8.55327 -0.102963 70
20.4312 -28.568 70
21.3806 -19.4427 70
-0.798056 -20.1779 70
0.602952 -11.3165 70
-20.6015 0.160337 70
28.5048 19.7683 70
59.4053 -120.091 70
-9.94239 0.0725157 70
-11.1853 20.1553 70
1.49307 0.620956 70
-20.5148 -10.8862 70
0.00961412 0.398141 70
10.2898 1.12106 70
10.2207 -8.89959 70
0.883752 -1.22344 70
-29.3614 -70.6221 70
8.58003 -20.7348 70
-0.11714 -0.79098 70
9.30368 -0.821218 70
-0.746921 -9.04114 70
-19.4109 -41.0801 70
-9.1001 -20.3937 70
-119.279 -69.3255 70
20.3858 -9.6282 70
-11.4432 -8.69167 70
1.08505 0.472208 70
0.0713746 -9.86995 70
8.88819 -1.44975 70
50.4045 19.9273 70
8.63045 -9.98246 70
-0.0556916 0.42211 70
-10.3765 -0.0165202 70
-0.881147 -0.338493 70
30.3739 9.18855 70
0.626608 -9.78644 70
8.91129 0.358728 70
29.5238 -19.0437 70
-1.05782 -0.549415 70
-0.978535 9.80603 70
19.7651 -10.7474 70
11.0239 10.6568 70
0.881357 -29.2839 70
11.0192 0.269803 70
10.1148 9.17291 70
19.8951 -31.0319 70
-30.9772 -48.5163 70
-20.8817 19.4972 70
-9.6307 -40.8669 70
9.66 -0.533309 70
39.8568 -30.7521 70
9.86491 40.7217 70
1.20409 1.30933 70
-40.4262 -19.7908 70
11.1255 -0.758618 70
10.9797 -10.057 70
9.32845 9.49103 70
19.1825 -18.5908 70
-0.837663 9.49501 70
-0.143953 -10.4323 70
-70.7874 19.8236 70
8.52352 -20.4719 70
20.769 -20.9344 70
21.3034 0.624036 70
0.164101 9.57428 70
1.26191 9.81295 70
0.260449 10.8227 70
-61.1466 -51.472 70
-1.37826 1.19751 70
9.56692 8.78254 70
-0.195266 -10.9985 70
-31.4072 -21.1899 70
20.5488 10.8413 70
-0.619735 -10.7682 70
-1.44763 0.610037 70
10.9513 11.2509 70
28.8169 18.9539 70
10.1346 -9.64002 70
-9.81065 -11.107 70
9.24622 29.881 70
-0.694701 -1.13104 70
-10.7653 10.4908 70
31.4155 -29.6923 70
9.25092 -8.52094 70
10.3006 0.667555 70
0.36441 -0.711078 70
-0.192705 -0.659692 70
21.1393 0.10476 70
11.1972 0.738633 70
-0.741182 0.870314 70
-10.2115 -18.6591 70
20.2881 -0.656147 70
10.773 0.671191 70
-0.281322 -11.3446 70
8.54009 -19.4576 70
-1.41285 -10.5855 70
9.42762 -0.6157 70
0.965703 -10.7014 70
19.2606 19.097 70
9.07631 -20.4331 70
10.6185 -9.862 70
10.4637 10.1398 70
-28.7562 30.8777 70
0.666593 -1.16609 70
9.66554 1.24392 70
-1.05814 -1.41052 70
-1.34109 -0.374495 70
9.52922 -8.90637 70
-21.4524 -29.8746 70
-10.9505 0.0761764 70
11.0713 0.87014 70
19.6382 -9.28492 70
19.4567 -20.5294 70
-11.0421 1.43591 70
-8.90318 -0.596909 70
-10.6641 1.15665 70
11.2337 -0.0234968 70
9.37913 -9.06612 70
9.46558 -1.31386 70
9.50837 0.918704 70
-0.072752 -0.210102 70
30.6776 -29.386 70
-0.699945 -1.37513 70
9.22922 0.522644 70
0.578955 -10.076 70
-10.2562 1.36592 70
-0.609947 10.8359 70
1.33406 1.3417 70
8.96976 -0.923407 70
0.859426 1.42557 70
-20.9863 -0.500735 70
21.3506 0.331605 70
9.31362 10.4759 70
-0.119933 0.711574 70
-110.995 -49.3052 70
-9.07236 -10.446 70
-10.5504 19.4399 70
0.300997 -0.354818 70
9.74748 -8.72786 70
19.1133 18.7949 70
-9.49832 -11.3371 70
-11.0893 -10.9664 70
8.52988 1.49594 70
1.13233 -20.5007 70
-10.3466 -9.63543 70
71.3197 9.94674 70
10.361 -9.83474 70
-1.10654 -11.0478 70
-109.184 -9.8502 70
-110.465 -10.8736 70
-11.3924 -18.8482 70
9.65724 -79.3103 70
-0.7881 0.151073 70
-0.813531 -1.46477 70
1.07462 -9.54978 70
-1.12564 11.1867 70
29.9665 -0.44832 70
-29.548 8.81358 70
0.4407 -11.2856 70
9.41227 -9.65122 70
0.0752732 -19.6065 70
-1.2848 1.01157 70
10.2682 -1.39158 70
0.80739 -1.22475 70
0.22565 1.0488 70
1.18104 1.03797 70
-0.873104 -1.44087 70
-11.4281 -9.11809 70
-0.656563 0.734253 70
0.420183 0.681103 70
9.44024 -0.291599 70
0.232296 -1.39002 70
-1.22206 0.727326 70
-0.870687 69.7704 70
10.0145 0.595387 70
-8.94954 -1.30336 70
-10.6661 -10.0921 70
1.45113 0.641892 70
0.318081 -1.12395 70
21.3026 0.586092 70
20.7288 0.509524 70
9.59939 -10.7002 70
9.19486 -9.83711 70
11.0488 19.0366 70
-9.4931 -9.76958 70
8.89981 -0.258588 70
-20.4834 -20.7663 70
1.44607 11.1429 70
21.1127 -10.7383 70
-10.264 -39.9107 70
-9.80893 -19.1857 70
1.28078 -10.2879 70
-0.650003 0.773854 70
19.9166 30.6635 70
18.7701 30.2357 70
0.688298 0.862233 70
-10.2769 -10.5253 70
10.5359 -19.8244 70
-0.303092 1.03968 70
9.95631 0.482116 70
1.40109 -9.01434 70
-1.48183 -11.0691 70
1.21574 -11.3913 70
-1.10726 -1.39506 70
-0.758225 -1.221 70
19.2074 -10.3996 70
11.4928 -9.79214 70
-20.6292 -49.672 70
9.32323 -1.12603 70
8.65378 0.124116 70
1.25966 1.07246 70
-1.48797 -40.6459 70
-0.757934 19.6435 70
-1.11077 1.25956 70
29.9361 -49.3411 70
21.4849 -0.772396 70
-9.65959 29.0105 70
29.2437 0.91843 70
20.1939 -0.339672 70
9.51059 1.37836 70
1.08082 -9.13396 70
-10.139 -1.44825 70
-1.41979 -8.95692 70
9.49715 1.43551 70
28.6403 30.151 70
9.34882 -9.7217 70
10.9649 0.500421 70
29.1743 1.11921 70
-1.23511 -0.474083 70
8.65681 -11.1788 70
-1.27222 -11.3548 70
61.2893 -18.5105 70
-0.132496 -0.570512 70
1.0475 10.6613 70
-21.2396 -98.5525 70
-0.520322 -0.69508 70
-0.0737154 -0.133155 70
-1.10055 -1.03839 70
-9.85522 0.464428 70
10.0858 51.2284 70
9.98787 -0.812963 70
8.60536 -10.1703 70
0.592319 -19.6179 70
0.791805 19.9689 70
10.5553 0.257574 70
11.0214 -9.9877 70
30.0248 10.4511 70
-10.379 9.09975 70
-8.52358 -0.790545 70
-19.5273 -9.36727 70
-10.5437 11.49 70
-0.165406 0.462188 70
-1.28034 -10.4979 70
-0.695426 1.32521 70
-1.3047 -0.885274 70
-0.580751 9.43871 70
-9.86113 -29.401 70
9.64736 20.0735 70
-30.2536 -21.4082 70
-10.1393 1.43828 70
0.0895891 -1.22519 70
-0.323184 10.2023 70
-1.10635 9.7991 70
9.82639 -9.28768 70
19.6307 1.23439 70
20.4376 0.0151323 70
10.6347 -8.5444 70
9.08132 0.447438 70
-1.47558 -0.632764 70
1.02191 -1.10826 70
-11.0759 9.94907 70
0.858297 1.38743 70
-0.279963 1.04452 70
11.3375 -10.4449 70
1.06443 19.9069 70
0.690152 -9.45004 70
10.7908 1.29465 70
-1.20394 10.8912 70
-21.2306 -10.075 70
9.53871 -9.91971 70
0.384421 0.319037 70
9.55213 1.01477 70
10.2387 10.0069 70
11.4292 0.476491 70
1.22415 -9.75421 70
10.9662 -0.593474 70
50.5891 -50.5276 70
10.0534 -9.54942 70
-0.300886 -8.68572 70
-0.198613 10.3743 70
1.08364 -9.66761 70
0.0331845 -0.960707 70
29.1554 -1.26792 70
-41.1385 -1.07045 70
11.3079 -9.07907 70
-9.47958 -8.81234 70
-11.3176 -10.1289 70
8.53362 -10.8705 70
-0.484424 -0.267084 70
10.2322 -0.162081 70
21.2655 -10.8739 70
11.4992 -10.6593 70
0.909579 -0.270851 70
8.7017 -18.826 70
-10.4456 -0.94305 70
8.77236 -0.0267907 70
10.6182 1.43314 70
9.1054 10.6182 70
0.407673 0.498042 70
1.24772 -0.196617 70
9.6184 -18.9439 70
-9.82101 -9.97966 70
9.35345 1.2034 70
8.81656 -21.3492 70
10.8245 0.211299 70
-38.786 10.3711 70
0.212162 -0.486392 70
0.247577 8.52468 70
-18.8884 -11.0438 70
0.582587 -11.1821 70
-11.3312 10.934 70
109.075 -99.7062 70
-0.20181 -9.52619 70
-0.236843 -0.551879 70
9.76366 30.706 70
1.13825 0.410757 70
9.80216 9.0094 70
40.2265 -1.32563 70
-28.7093 9.23531 70
0.988464 -10.2687 70
20.8418 -11.4526 70
69.3266 -39.0477 70
20.542 -0.510517 70
19.0323 -0.138165 70
-10.9269 0.357934 70
10.6208 -0.0475737 70
-0.37465 0.299527 70
1.22667 -10.45 70
-0.334573 -0.810786 70
1.00438 -0.174792 70
-0.591478 -8.95671 70
9.0086 -20.7176 70
8.69061 -19.133 70
9.19783 -1.33771 70
1.43913 -8.75863 70
-0.568601 19.7627 70
10.3668 -11.2041 70
-30.2928 31.2046 70
-31.0188 -20.1083 70
20.9069 29.147 70
-29.439 -9.52402 70
1.27333 -1.01591 70
-1.42295 0.715539 70
0.385309 -10.4682 70
0.368454 -0.620717 70
71.1228 -49.9402 70
-19.2507 0.553143 70
-0.230665 -10.0131 70
9.54619 0.619128 70
9.71176 11.4791 70
10.8583 0.715735 70
30.6979 1.32592 70
-19.1612 -11.4556 70
30.9491 -20.7964 70
29.1047 -20.801 70
-11.4746 19.6356 70
-0.836724 -1.03192 70
-1.41132 -10.3544 70
11.4715 -10.5924 70
11.4046 -9.72807 70
-48.7783 -10.8178 70
20.7941 0.792319 70
10.5816 11.4041 70
-0.611095 0.458423 70
20.6378 0.78955 70
-21.2599 -39.8517 70
0.113581 0.538617 70
0.479357 -1.17825 70
-0.313382 -1.05403 70
8.88577 -1.47975 70
1.46989 -10.7384 70
19.4817 -10.3659 70
8.55511 -20.3242 70
-19.3242 -0.87882 70
-9.0991 9.87346 70
10.2754 -10.462 70
1.20553 -11.4945 70
39.9368 -10.8681 70
-10.7388 -20.2119 70
-30.8279 9.8976 70
-9.36669 -19.9025 70
-8.80167 18.63 70
-0.950597 1.40421 70
40.0283 41.3994 70
1.24448 -19.6636 70
18.6279 8.67047 70
9.43888 -9.57317 70
