-0.942462 -0.625629 70
9.95353 -0.721618 70
0.862157 -0.940248 70
1.33947 28.8332 70
0.953594 0.827983 70
0.125863 0.178615 70
10.2092 -11.2375 70
-19.8696 20.4942 70
0.542436 -8.60182 70
-10.3863 -1.15932 70
10.7918 -10.0919 70
0.120206 10.8478 70
1.23608 -0.445748 70
10.5475 -19.4702 70
1.12426 -0.0347386 70
8.85684 -10.0589 70
0.533415 -0.698657 70
-9.39524 -18.8319 70
-29.6191 -1.0814 70
-19.4586 9.21822 70
8.61342 -11.0295 70
0.0528165 20.6625 70
-0.855368 20.1265 70
1.46302 20.1575 70
-8.54204 0.406753 70
1.37306 1.25604 70
0.547747 1.20274 70
-0.367997 0.239087 70
8.97177 -10.469 70
0.883491 -0.0545481 70
10.1475 10.7318 70
0.238206 31.4933 70
-1.41334 -1.04078 70
-10.8189 11.4076 70
-20.2987 31.2466 70
-21.0608 30.6489 70
-20.5883 30.3205 70
-0.548582 0.729211 70
-1.18087 0.942947 70
-0.0597835 20.4403 70
0.449651 19.9922 70
0.324918 20.8929 70
-0.583161 19.1814 70
0.395318 0.48492 70
-0.653618 0.952066 70
-10.8851 10.6781 70
0.660857 1.0833 70
-8.58224 0.231644 70
-0.867639 10.6178 70
0.508916 9.37243 70
-9.12918 9.32239 70
1.20264 -0.887724 70
-0.741741 1.22333 70
-9.11665 -0.788547 70
-8.6065 -9.1343 70
1.0124 -0.140081 70
0.735895 1.14559 70
0.0201268 0.371835 70
-0.726158 0.982143 70
-11.2086 -10.0804 70
-41.4021 11.0169 70
-21.2009 59.263 70
-0.896688 -11.0693 70
-8.69426 -29.2909 70
-1.4307 -29.1115 70
-0.514333 0.859399 70
49.9954 70.5455 70
-9.61419 19.7067 70
-1.35933 -1.04681 70
-0.914816 1.14866 70
0.323923 -11.1067 70
0.0902166 10.3046 70
-0.192527 10.1738 70
-0.143811 -0.142264 70
30.0408 -39.3063 70
-0.765324 1.03117 70
-1.44207 -1.22963 70
-0.877631 0.511376 70
-31.433 20.9135 70
11.3941 8.79267 70
9.77064 9.74203 70
-10.0266 1.03231 70
0.531055 -1.31114 70
-21.0313 -31.0092 70
-10.858 19.1455 70
0.216258 0.801426 70
-0.299421 -0.251364 70
1.05958 0.350386 70
1.26121 -0.407859 70
-9.15295 -1.13799 70
10.7783 -31.0434 70
-0.474273 -0.828668 70
0.36907 -9.41096 70
-0.418912 0.923363 70
9.27464 0.775822 70
0.532654 -1.11889 70
-31.3736 0.215014 70
-0.113513 1.08543 70
-1.20009 0.597575 70
-0.440597 10.3015 70
-10.2582 30.3526 70
-10.9257 30.6378 70
-20.5237 10.1137 70
-0.549311 -0.252085 70
-20.8963 -0.684556 70
0.295606 -0.0606769 70
-1.16222 -10.8893 70
-0.306989 -0.474168 70
-71.1875 0.129842 70
1.2389 -0.268 70
8.55802 8.71912 70
1.09275 -1.23536 70
10.3288 9.46157 70
-0.306943 0.416025 70
-9.4002 0.328618 70
-1.26256 0.743182 70
-0.477568 -1.39837 70
-18.8067 1.40186 70
-0.759947 -0.701731 70
-0.87569 -0.496189 70
-0.182226 0.646895 70
19.4763 10.8385 70
19.6816 11.1017 70
-8.83201 0.0550495 70
-0.34227 -9.25422 70
-0.11053 9.85365 70
-0.1361 1.09592 70
-1.42761 -0.643291 70
0.720808 1.08653 70
-18.5831 31.0489 70
0.845203 0.754287 70
-11.0905 -0.544997 70
0.597703 -0.178425 70
-29.9154 -29.3104 70
-19.1065 20.3741 70
-1.31223 -0.161177 70
1.04522 -18.9993 70
-19.0476 20.0852 70
10.8943 -0.141627 70
-9.69584 1.10147 70
-1.20708 -0.643444 70
-18.7678 10.6311 70
0.702544 0.931687 70
-11.245 -0.842162 70
-28.7304 18.755 70
-0.87408 -9.60221 70
-0.662602 0.559383 70
10.5985 20.7834 70
21.0558 10.0092 70
29.7151 9.95119 70
-9.1382 10.0338 70
9.03041 10.3822 70
0.663133 -11.0758 70
11.2754 -21.4732 70
-0.152905 10.5239 70
0.380535 -9.99624 70
-10.7734 -0.704204 70
8.78847 8.61567 70
-9.97281 -1.43369 70
-9.62157 10.4572 70
-9.79551 18.6473 70
-0.831083 0.789383 70
0.119935 -11.3811 70
-0.680956 0.656471 70
10.8387 0.898851 70
21.4743 -10.7854 70
9.16419 -9.58871 70
0.661976 1.47413 70
1.21283 11.4568 70
-0.566814 -1.054 70
0.0990791 20.311 70
-10.1575 -10.4183 70
-29.2415 -40.3535 70
-1.47342 -10.5145 70
11.4098 -9.27937 70
-1.33183 9.76368 70
-10.2668 18.872 70
-0.150414 11.2912 70
-8.63816 1.11577 70
-0.239863 9.12222 70
-40.5644 -19.7745 70
0.0182034 -0.333686 70
-18.6547 11.4546 70
0.328859 0.680094 70
-1.0504 0.0582285 70
-10.997 0.816531 70
10.721 -9.77561 70
-40.3247 -1.1891 70
-0.929185 1.29049 70
0.241237 8.57257 70
-1.42322 -0.689243 70
1.09199 -1.45298 70
-0.908429 1.32243 70
-20.9151 -9.80501 70
-1.27849 -11.219 70
0.173951 10.2955 70
0.860178 9.81191 70
-0.882533 -0.248606 70
0.440045 0.77513 70
9.37869 21.3913 70
-8.50949 0.149178 70
-21.0957 0.423966 70
-9.26983 0.957375 70
-19.2215 -0.266011 70
-0.994931 -0.773955 70
-0.692903 -0.553716 70
-9.48063 10.5589 70
-0.562024 -1.17459 70
-10.7944 -10.406 70
-1.14571 -8.51211 70
-29.105 8.5575 70
-0.377995 1.1986 70
-30.6323 30.7865 70
-0.242662 0.581687 70
0.826208 1.09245 70
1.01192 -9.27246 70
0.894737 -0.329572 70
0.373022 -0.00770143 70
0.883506 0.362872 70
0.492112 -0.324826 70
1.05867 1.18337 70
-0.115488 20.9691 70
0.166949 0.229766 70
0.562564 40.2212 70
0.739854 0.822243 70
10.2585 -0.379196 70
-1.22427 0.138874 70
1.16601 -0.557099 70
-0.227374 -0.566214 70
10.5446 9.55157 70
10.5271 -20.2748 70
39.861 28.5564 70
8.92076 1.21875 70
-1.21179 0.511666 70
-31.1949 10.0273 70
1.33841 0.172069 70
9.86239 31.0807 70
-10.6337 8.69614 70
-1.24994 -0.222715 70
-10.3582 -11.3358 70
-0.503375 1.16312 70
1.4953 -1.35256 70
-18.8447 -20.4238 70
19.1426 11.3923 70
-1.4771 8.84748 70
-0.466228 0.505043 70
-1.21962 -9.4494 70
0.812172 -21.0907 70
-9.39335 11.3909 70
-0.0316314 -10.8734 70
-0.0788411 -0.896231 70
10.0943 8.90914 70
-1.01098 0.291416 70
-9.15856 -1.37799 70
-9.10869 1.16609 70
11.4124 10.5259 70
0.44972 8.64654 70
40.7966 -1.35502 70
19.3825 -21.176 70
-0.0283972 0.106309 70
-0.746402 -0.104216 70
0.82076 -0.797044 70
-0.306935 -0.470852 70
-0.612864 0.943665 70
-0.55443 1.00933 70
1.27649 0.383141 70
0.0936763 -1.0075 70
10.8206 20.7567 70
-0.646915 -8.94137 70
-1.43604 1.23601 70
0.462439 -1.15724 70
-8.6431 -11.4955 70
1.0432 1.44398 70
-11.0069 10.0343 70
-0.773155 -30.3103 70
-0.241349 59.3041 70
8.78691 -0.858648 70
-10.0311 1.12135 70
0.934777 19.7432 70
-1.04147 1.21011 70
-0.582462 -41.4847 70
20.3242 20.3681 70
-0.140798 0.592606 70
-9.05615 11.4168 70
9.05633 -0.194233 70
-0.420573 0.921042 70
-30.543 38.5642 70
-0.0388474 -0.94709 70
9.86415 79.2816 70
0.290748 0.399567 70
-0.0781112 -0.897517 70
-0.834985 10.2271 70
98.8917 -1.10421 70
10.5173 30.3096 70
-10.9573 11.208 70
1.1405 -0.496538 70
18.7104 0.456453 70
-0.396789 -9.69247 70
0.38676 0.68714 70
-10.1953 -11.0299 70
-10.7988 -10.2522 70
-11.3066 -11.211 70
8.76456 10.0409 70
8.81021 11.0402 70
0.874943 -0.856265 70
-1.1026 0.105249 70
1.42332 0.956796 70
0.657461 -1.33738 70
0.673673 -0.451438 70
30.092 1.27595 70
0.221895 0.768866 70
39.49 -0.930219 70
10.0003 -119.236 70
-59.2244 1.46326 70
20.187 0.791776 70
-10.9974 -1.45509 70
0.869444 -0.731731 70
0.0781766 1.28857 70
-0.759075 0.285097 70
0.25905 -0.328085 70
0.741889 1.35917 70
18.6889 19.7501 70
-0.806554 -30.9008 70
0.143475 -10.1429 70
0.167178 0.442652 70
8.70905 -0.859569 70
-1.09439 1.42932 70
1.32065 -0.697254 70
-0.496646 0.523663 70
1.09575 0.437485 70
-1.23399 1.16487 70
20.041 -9.98312 70
-29.437 -1.19215 70
0.33741 0.635749 70
-10.6602 -0.356767 70
1.3908 9.15647 70
-0.490121 1.11815 70
-29.1424 -31.4886 70
-1.09054 0.0999263 70
9.53684 30.7157 70
-11.2228 0.0192014 70
-8.61855 11.3431 70
-11.1656 8.94283 70
-11.4313 8.57477 70
0.614322 -0.717824 70
29.1598 -21.3714 70
0.345262 1.29334 70
-19.6892 20.0632 70
-20.5286 40.1962 70
40.1804 20.1122 70
-1.02506 -0.648354 70
-0.00608034 9.65354 70
8.66777 9.38952 70
-0.720839 -0.245001 70
-0.499821 -0.267174 70
-11.1532 0.759015 70
-49.6127 0.594965 70
-0.592103 -0.822138 70
-0.519402 19.8809 70
29.6933 39.4959 70
19.3902 29.7889 70
21.3466 30.4039 70
20.5388 8.51635 70
-0.00451203 -9.61832 70
20.4767 1.42955 70
-50.2481 1.05254 70
-18.685 9.8572 70
1.043 0.323089 70
1.02993 0.851867 70
-0.135495 -9.19702 70
30.2598 -30.6889 70
-21.1528 -11.3985 70
-20.637 -10.5127 70
-0.780366 0.682483 70
-9.10689 0.991492 70
-9.61814 -21.2073 70
30.4456 10.8249 70
29.7317 9.60149 70
10.6328 -0.677466 70
0.735299 1.02808 70
0.892028 9.43715 70
-0.353171 1.44631 70
-1.33999 -0.745173 70
-38.8017 0.582216 70
8.91225 -0.113803 70
-10.8099 0.524085 70
-9.41558 19.692 70
-0.172211 -0.60658 70
0.559634 -20.4329 70
-28.5128 10.3713 70
-11.4026 -0.641486 70
11.1641 0.0582342 70
8.74334 0.333386 70
-1.15566 0.504478 70
-0.719229 -0.0294171 70
10.7515 -10.702 70
0.447046 0.356893 70
-11.4181 -1.47583 70
-0.224252 -1.36073 70
0.561447 0.168872 70
9.85394 11.051 70
-10.513 -0.10174 70
10.7671 -29.3344 70
-61.4567 -20.5989 70
-0.896901 1.26764 70
-0.0347445 -0.350405 70
40.5811 -41.0209 70
-1.43558 9.19431 70
-11.282 11.4589 70
-10.1959 9.13732 70
-1.28615 0.179961 70
0.940977 -0.476091 70
39.0708 21.4142 70
-0.327915 -0.459358 70
-1.13517 -0.118877 70
-0.989569 -1.26624 70
-1.06688 -10.1731 70
19.2838 -10.1211 70
8.53092 10.1788 70
-19.6592 -19.621 70
-18.8508 -19.8123 70
-8.95112 10.1757 70
29.2565 -49.8097 70
1.23837 1.48706 70
8.61974 -1.3713 70
-0.41079 -0.793037 70
0.180256 19.4296 70
-19.0679 30.9423 70
-1.02246 10.0919 70
-0.797619 -0.596282 70
-20.2786 19.0523 70
-20.7947 40.1887 70
-1.39844 -1.17925 70
-0.324885 -1.10436 70
-11.0421 0.119506 70
-8.7862 -19.7626 70
-9.98613 19.6764 70
-8.75912 0.900235 70
10.5229 1.18244 70
-0.932963 9.77149 70
-1.11325 -9.44376 70
-1.4516 -10.4387 70
11.0505 -20.7827 70
9.51854 -10.6902 70
-18.5226 -8.53316 70
-29.4836 -30.4096 70
1.37899 -11.4086 70
-0.388064 0.638913 70
8.85867 10.0465 70
-0.609893 -0.0899093 70
10.3979 18.6887 70
-50.5894 -38.9772 70
1.37572 -11.1242 70
-1.31021 -21.2259 70
-20.0337 -9.86667 70
11.1618 0.513139 70
-9.18541 9.70212 70
-0.841403 -1.32792 70
-10.7177 10.1077 70
0.595778 1.22388 70
11.4358 -10.2618 70
8.54035 9.27939 70
1.48472 -0.459394 70
-21.0968 -31.0111 70
-1.20956 -0.466461 70
19.2009 -11.292 70
0.345121 0.745448 70
-0.0872653 0.598214 70
10.5288 -0.800233 70
0.552176 -11.4751 70
0.168384 -1.3103 70
0.78396 1.14502 70
0.67585 9.36983 70
1.02713 -0.37104 70
-1.06249 -1.24791 70
-29.0569 -0.874236 70
-29.0252 0.955052 70
1.2753 1.14686 70
9.39057 -40.6773 70
-0.738203 8.5626 70
0.340392 -1.04997 70
-41.3748 -10.9944 70
0.590624 -0.352177 70
-0.184591 -1.0237 70
-0.697866 -0.488407 70
-0.671834 -0.928357 70
0.496294 1.27108 70
-20.2068 8.63138 70
0.869881 0.459685 70
1.05723 1.36886 70
-1.22916 1.34073 70
-1.14198 -1.43842 70
9.71411 21.0569 70
9.08238 1.31222 70
-11.1253 -0.968994 70
-11.0214 -0.181446 70
-9.77977 9.44759 70
-1.24858 -11.0288 70
9.80269 -0.0421296 70
11.4902 0.198107 70
11.0828 -0.471321 70
0.519374 -0.164228 70
19.2624 -1.01059 70
9.68921 -0.88457 70
48.5889 -0.324659 70
-21.3959 -0.306794 70
-9.68353 -0.59006 70
-8.94116 18.7116 70
-9.36594 20.5025 70
1.26998 0.897101 70
-19.5143 41.4956 70
9.98719 0.764168 70
-10.9587 0.969686 70
-19.1952 48.6795 70
0.472036 10.9594 70
-0.266699 9.25003 70
-11.136 10.4677 70
-8.55012 9.71586 70
0.526056 -1.49445 70
-11.3194 1.23355 70
8.99882 1.48941 70
1.19913 19.0929 70
-0.536655 1.08554 70
11.3096 0.926871 70
10.2544 -29.1913 70
0.500412 -0.158087 70
-21.1036 0.710025 70
-99.7572 -9.37266 70
-10.2332 9.98887 70
0.537416 11.2706 70
1.44289 -0.200654 70
-51.183 8.94168 70
-0.35102 -1.38424 70
-11.2249 -9.25662 70
-9.70734 -1.23888 70
0.358287 -0.201086 70
-9.45575 -19.5821 70
0.211724 -0.188967 70
-0.311887 0.103883 70
-1.20218 0.587011 70
30.6968 19.3547 70
-0.212075 -0.029771 70
0.594402 -0.515372 70
-0.761995 -20.8494 70
-1.23098 -0.228464 70
0.00183633 1.4772 70
0.112623 -11.0367 70
0.839071 1.32308 70
30.1471 9.05818 70
29.7432 9.87733 70
-0.662659 0.393458 70
11.3595 -0.774586 70
-10.512 9.23085 70
-0.70883 0.931731 70
-9.09365 -0.643462 70
-0.903851 1.23029 70
-9.24827 -19.4088 70
-1.04155 -1.15385 70
19.4568 9.63978 70
-11.0906 1.24641 70
1.06688 0.524207 70
9.16293 -0.645906 70
-0.51272 0.461338 70
-10.5604 0.842781 70
0.496776 -0.907717 70
0.335065 1.04685 70
-9.74772 -1.34899 70
-0.388346 -1.47706 70
0.961527 -0.721905 70
11.1794 -28.7337 70
-30.7789 -9.01552 70
-31.2115 18.5766 70
-0.936674 -1.10105 70
-0.771323 -1.13123 70
-9.17722 -0.491533 70
-10.6064 0.897573 70
-19.1379 -10.8675 70
0.485143 -0.181298 70
0.403854 0.239041 70
-29.4624 51.4941 70
0.60943 -11.1702 70
-39.5022 0.15209 70
-20.2658 -1.36756 70
9.25195 0.733302 70
-0.727179 -0.768677 70
0.0263964 -0.00234575 70
-21.1941 9.16149 70
1.16794 9.10275 70
-9.23845 -20.7862 70
0.292565 10.3606 70
-11.4179 0.787885 70
9.6912 21.2656 70
-8.65935 -1.24688 70
-9.89704 1.0894 70
10.8796 19.0348 70
0.488951 -0.727992 70
1.2531 10.3163 70
1.07538 10.4696 70
-0.65387 -0.546965 70
-1.29012 -20.3476 70
10.7847 11.0974 70
0.597216 -0.130892 70
0.647386 0.602221 70
-39.9715 -9.51126 70
-10.5249 -0.841215 70
0.761973 -40.8741 70
-89.7363 20.4216 70
-0.386188 -10.3737 70
-19.5364 10.9818 70
-1.31514 0.854337 70
0.341405 0.18311 70
-0.634988 -0.712424 70
-1.16274 0.265579 70
-0.795415 9.61692 70
-10.3121 -1.4235 70
-8.97109 -0.718608 70
-1.27873 -0.781699 70
-0.186466 -0.682928 70
-1.07444 -9.60044 70
9.38212 21.3467 70
-8.70839 8.67332 70
8.79967 -38.7577 70
-21.4592 20.6157 70
-9.50342 11.2821 70
-0.869188 -30.371 70
0.863128 -11.0744 70
-0.474242 -0.483377 70
-10.7263 11.0149 70
0.145764 10.7564 70
-9.19988 -18.5131 70
-10.658 0.835705 70
10.5412 19.6317 70
-0.42112 19.1488 70
1.17176 9.51594 70
-20.555 9.05486 70
0.938523 -1.35542 70
-20.7008 -0.702181 70
0.460334 9.57239 70
-9.61872 10.9496 70
0.132228 -0.250482 70
-1.29359 0.441032 70
30.6624 -1.37878 70
10.7595 9.58483 70
1.34902 1.24988 70
-9.31299 1.46368 70
8.50143 11.2203 70
-10.911 -1.37151 70
51.4341 19.4725 70
-0.0521727 -0.837072 70
10.1048 0.953976 70
20.9207 0.264641 70
-0.697626 9.31453 70
-9.31549 8.87585 70
21.1372 -1.18168 70
-0.856976 -1.41388 70
-0.703699 -0.356733 70
-1.09628 20.5031 70
8.95526 -10.0015 70
8.75818 29.7183 70
-10.7305 0.604447 70
11.4762 -10.9915 70
-9.61008 -1.31656 70
-8.7272 -68.8089 70
-0.932939 0.675883 70
91.0721 21.129 70
-0.637025 9.24459 70
1.1964 -0.0201798 70
8.97941 11.4181 70
0.788183 1.40718 70
-28.7243 19.1324 70
10.9861 1.19611 70
-0.677691 1.38762 70
1.39079 -10.4664 70
9.54038 18.8945 70
-18.9184 -1.05352 70
-0.214114 -0.992434 70
1.48565 -0.812241 70
-0.0928241 -0.565443 70
-0.771822 -0.714714 70
-18.9099 -8.57966 70
-9.6182 10.4978 70
9.74632 0.759142 70
-18.8802 -0.519844 70
10.1069 -1.37296 70
8.85582 1.10244 70
19.5846 10.9024 70
-8.97409 -8.60009 70
-9.34298 -0.898381 70
-1.12371 0.875554 70
31.2875 9.91743 70
51.4647 41.2062 70
0.572707 0.524222 70
-0.82677 0.303794 70
1.15743 -0.893092 70
-10.6326 21.0382 70
18.9434 0.91053 70
0.699298 1.31676 70
-0.20967 -20.5499 70
-11.3036 -8.9931 70
1.19405 -1.49107 70
-10.4078 0.358603 70
-0.781971 1.47939 70
-1.21504 0.715405 70
20.3857 21.2775 70
-1.21959 -1.14553 70
0.433097 -0.730373 70
-10.5966 9.80112 70
-0.186269 10.1009 70
18.5284 -40.3268 70
1.25506 0.645787 70
1.11937 10.7801 70
-10.6552 -9.77572 70
-0.588927 0.196291 70
-1.36738 0.85767 70
-29.1075 -0.260765 70
-29.1968 -0.698721 70
0.789858 -1.24332 70
-9.2165 38.5596 70
-1.0589 0.595145 70
-10.8307 9.38187 70
1.03934 -21.0512 70
0.637189 -9.88696 70
-8.69934 10.7762 70
-1.1665 -10.4237 70
11.2899 -1.48523 70
-9.72821 0.348056 70
0.397972 1.48392 70
-1.1368 0.180794 70
-0.152509 -0.510348 70
-0.027785 18.6434 70
20.4796 -28.5836 70
-9.90583 9.15175 70
-69.7621 49.5413 70
1.38656 -11.1326 70
-1.22863 0.734244 70
-10.103 0.379871 70
1.05845 1.22273 70
10.1911 10.8813 70
1.05898 -0.0519958 70
9.51235 10.0816 70
-31.3819 20.9343 70
-0.45049 39.1733 70
1.12937 9.95915 70
-11.4688 -10.7639 70
0.736594 1.25042 70
-0.209235 1.31943 70
9.64763 -19.2885 70
1.32566 -0.131694 70
1.49447 0.53743 70
10.2277 -0.515682 70
-1.3789 1.2715 70
10.727 10.3908 70
20.4796 30.0314 70
-8.67523 -0.061902 70
-0.673014 -1.10143 70
8.72188 10.7489 70
-0.0294206 0.333393 70
-0.111119 0.163822 70
-9.63433 19.004 70
29.5313 -20.5558 70
20.9463 0.890318 70
-0.806752 -0.752291 70
91.2017 -100.132 70
-1.43923 -0.787358 70
-1.24364 -0.312204 70
-1.27906 0.820989 70
68.6625 90.4398 70
49.8062 41.233 70
-1.03599 -0.855653 70
-1.29915 -0.797655 70
-1.30633 -0.988046 70
19.6363 20.8886 70
0.6489 8.70017 70
-0.271255 -0.856202 70
-1.39646 1.37587 70
0.401107 1.42099 70
0.843727 -1.24837 70
-18.7411 -40.3728 70
8.5602 1.16969 70
0.5428 -20.1707 70
-1.1431 8.98433 70
0.931549 1.49594 70
-0.986945 0.539891 70
-0.0645964 1.04221 70
31.3941 -71.2259 70
-10.0117 -0.0980741 70
-9.83547 10.4849 70
-0.1568 11.3231 70
0.831895 9.09814 70
-1.33705 -10.7382 70
8.84973 -0.417495 70
9.99489 -9.22407 70
0.5332 9.63467 70
8.89496 -19.9803 70
-10.6639 -0.458213 70
-0.3771 1.04721 70
0.3176 8.69269 70
0.953031 -10.974 70
78.7924 -39.3971 70
9.99842 -9.44917 70
20.8311 -11.3463 70
-0.795748 1.2947 70
-9.15755 0.232191 70
-9.31505 20.0065 70
-9.97801 9.17753 70
38.6429 -41.2228 70
-0.187944 -0.458428 70
1.22177 1.12474 70
-1.10957 -0.293974 70
0.986538 0.988406 70
11.4519 -0.269359 70
-9.49221 -29.0577 70
-0.170996 0.181085 70
-11.4205 -10.0371 70
-20.5274 0.756094 70
-0.698104 0.809833 70
-0.819029 0.621631 70
-11.3778 -1.12837 70
-0.898285 -0.59194 70
19.3266 19.3823 70
-0.128584 -9.87377 70
0.772642 -1.43993 70
-0.016175 0.869773 70
0.492571 0.164798 70
9.97536 19.4653 70
-18.7282 -38.8707 70
9.95121 -0.812349 70
9.82056 -29.1542 70
-10.3582 -0.54648 70
28.8348 39.5796 70
-0.141707 1.03374 70
0.105018 0.213721 70
-10.7193 -9.10338 70
-9.77538 -0.620929 70
-0.483334 0.603411 70
-40.2934 -1.10039 70
0.751738 0.5493 70
-8.70709 0.247483 70
0.333387 21.1802 70
-0.560652 -9.35425 70
0.403484 -0.67589 70
10.2706 -1.20547 70
1.38894 20.8563 70
-0.776574 -9.1593 70
-59.4364 20.6289 70
19.9543 -19.9971 70
-8.8491 10.8425 70
0.547697 0.746065 70
-0.129155 0.0830722 70
-1.44558 0.211218 70
19.0602 -19.341 70
1.10185 -0.144189 70
10.0615 8.98831 70
-0.825137 0.668246 70
0.00263644 -1.44799 70
-1.32193 -0.0441236 70
0.0512386 -1.44175 70
-11.401 21.3036 70
19.4069 39.4103 70
0.123479 -0.713412 70
1.25804 -0.243456 70
-0.030009 -0.309668 70
1.19194 1.0025 70
0.485972 -0.117779 70
1.25512 -0.100021 70
-1.32764 -0.976662 70
30.9682 -49.6514 70
1.08505 -1.28386 70
-1.28542 -0.0660217 70
10.4566 0.708475 70
-0.326124 -1.06358 70
-0.986062 -10.6762 70
0.753148 -9.17016 70
0.83081 0.878224 70
-0.449654 -8.79135 70
-11.3883 9.06216 70
9.15639 19.4898 70
-20.6661 20.3264 70
-0.125382 -48.832 70
10.0659 111.274 70
10.6067 110.822 70
21.2368 -29.1092 70
20.1333 -19.3215 70
0.244123 0.469012 70
1.49868 28.6042 70
9.29921 18.6552 70
-20.8614 10.8846 70
0.404437 0.233763 70
-29.0566 29.394 70
-8.59113 20.9876 70
-9.14917 9.29267 70
30.9468 10.9743 70
-1.24373 0.546131 70
0.676253 0.192991 70
8.63814 11.0754 70
-1.11412 -8.60949 70
0.351397 -28.6015 70
-0.00104026 10.015 70
18.6928 39.2368 70
-11.1938 -0.0477921 70
10.2102 -10.065 70
9.92719 -68.6947 70
0.442352 -0.435295 70
-0.416712 -9.42424 70
0.891981 -0.889071 70
0.121627 9.20743 70
-19.9857 -8.7023 70
-8.85197 -20.872 70
-9.15544 9.29172 70
0.622612 -0.0993592 70
-0.819687 1.31634 70
-19.7819 -10.793 70
0.645547 -0.00346789 70
-0.162378 -0.000169742 70
0.978809 -1.29964 70
0.53156 0.968569 70
31.1175 10.5346 70
-0.481063 -1.0418 70
0.821991 8.82483 70
1.30482 -1.32706 70
21.0685 28.5628 70
-1.34745 -1.46648 70
-0.334179 -9.98491 70
