-20.3093 9.32883 70
-1.24852 -0.319467 70
-8.78608 0.905045 70
40.7402 11.2915 70
-0.492203 0.264442 70
-1.27236 10.0937 70
-9.8616 0.447972 70
9.29331 29.4429 70
-0.438263 -9.82677 70
-0.474851 -40.3744 70
10.5857 9.05449 70
8.65125 10.736 70
-0.690709 -0.591147 70
1.13256 9.17058 70
0.697277 9.13336 70
0.368832 1.18286 70
1.18425 -0.945988 70
-21.363 0.176693 70
-19.732 -0.833261 70
-10.7267 -0.705157 70
-9.40708 -29.8801 70
-8.63923 -28.979 70
-0.946498 -40.8724 70
-1.3604 -40.7615 70
-101.212 -118.778 70
-0.678398 -1.09334 70
9.36082 1.04728 70
-0.133637 -9.09263 70
-9.93035 1.4575 70
-29.5282 11.3275 70
10.4088 1.01094 70
-1.01038 -1.24211 70
0.271165 0.304175 70
-8.65686 0.801955 70
31.4064 -19.1143 70
39.6186 -10.8233 70
-20.128 -10.5956 70
0.325691 -10.6794 70
-0.274483 -0.321386 70
1.11931 -8.89655 70
0.486252 -0.0928577 70
8.72235 -18.8593 70
109.518 9.92169 70
-1.43561 0.0185461 70
11.397 -0.327087 70
-0.181874 -11.3712 70
0.661663 -1.1234 70
-10.4304 -10.2786 70
9.96808 -11.0133 70
-0.41632 -8.51513 70
-29.1794 1.33689 70
-18.5457 11.4318 70
0.910436 -8.7757 70
31.1189 -0.0642673 70
-1.2862 -0.566563 70
0.581336 -0.539188 70
0.0117256 1.25908 70
1.29476 -1.00513 70
0.948061 -0.98039 70
-2.89066e-05 -1.39934 70
0.442534 -1.05866 70
1.00794 -1.14189 70
9.61201 -20.0411 70
11.2426 40.776 70
11.4721 9.46909 70
-0.0768746 10.6049 70
-21.3445 -9.58664 70
0.234813 0.203033 70
-10.7355 0.7168 70
30.8363 28.5567 70
-0.879049 -10.835 70
79.6757 59.2987 70
10.1658 9.2955 70
-9.33821 -0.292239 70
1.46289 0.37764 70
1.01095 1.24016 70
-8.57686 0.40849 70
-0.551507 0.526173 70
-0.838387 8.81427 70
9.39858 -10.435 70
-10.0965 0.259115 70
18.5968 0.615579 70
0.303832 0.979558 70
0.428496 0.909747 70
0.596365 -0.0852159 70
-108.571 41.2305 70
0.690792 -0.782974 70
0.707968 -8.75831 70
1.22112 -1.39957 70
19.7422 -31.4324 70
-39.5989 39.1924 70
-0.626268 -9.24287 70
-9.10486 29.6436 70
0.793688 1.1554 70
-20.4455 -0.00803761 70
21.0015 -0.247972 70
-10.6641 0.156916 70
-8.53993 -10.0246 70
0.653131 0.60393 70
-10.8746 20.5911 70
-0.112633 0.692336 70
-0.177321 1.49277 70
-1.13438 -0.013783 70
20.9115 -9.67667 70
1.47912 -1.06563 70
31.1019 9.85934 70
-0.684561 -9.0718 70
-18.9425 -19.1796 70
-1.43903 8.82531 70
-9.9784 -20.6446 70
-10.5687 -21.0764 70
-1.04751 -0.0299327 70
-19.5269 0.571797 70
0.676621 0.453369 70
10.9169 -8.84069 70
91.1347 -101.305 70
1.25631 0.294887 70
-9.59552 0.756983 70
-10.4214 21.0482 70
-10.2454 21.17 70
-10.4591 0.566306 70
-9.30248 10.8473 70
-1.2481 -1.46839 70
-8.9016 1.09275 70
-10.967 0.771804 70
-1.23821 9.66595 70
-29.1465 -40.6398 70
0.975924 -10.4631 70
-40.1325 1.26839 70
-0.988202 -1.41853 70
-8.9179 -19.4281 70
-9.84509 -10.0289 70
9.29685 -8.76341 70
-10.2714 8.62555 70
-10.7038 -0.137143 70
-8.82967 -30.0225 70
-11.1609 -30.1351 70
-0.533933 -1.06599 70
1.06582 1.2449 70
-0.745472 0.838385 70
-0.827892 1.32005 70
9.49368 18.5489 70
0.83382 -9.56067 70
-0.468439 0.239443 70
10.5771 -11.1912 70
9.23874 -9.04051 70
19.5021 1.13974 70
10.4841 -8.54395 70
9.4716 11.1747 70
0.625178 -1.04772 70
-9.54373 -20.5689 70
-9.92308 0.571621 70
-9.21197 9.32857 70
-1.3872 0.474854 70
-0.76937 11.1749 70
0.465189 -0.521176 70
-21.2851 30.872 70
-10.6611 0.905542 70
1.07949 -11.3214 70
-1.37158 -1.40337 70
-10.94 -8.57138 70
0.313692 -8.89551 70
-0.77229 1.07347 70
-9.66632 -20.2464 70
-0.0409596 -0.143075 70
0.861916 -20.1465 70
-0.304803 21.0443 70
11.3903 -10.0232 70
-1.12794 0.731992 70
-9.20253 0.224495 70
-0.508276 -0.583295 70
0.11441 -20.0934 70
-1.01616 0.799504 70
-1.19027 -9.60317 70
0.0778174 -10.3147 70
0.845752 -49.4521 70
10.2588 -1.26699 70
-19.0165 -1.18586 70
-0.410712 -0.798659 70
-19.9398 11.0237 70
0.00441539 0.197525 70
9.88235 -39.3809 70
1.03435 0.759597 70
10.3157 -60.6782 70
0.995937 -10.793 70
-1.27617 -1.37486 70
30.3835 -38.603 70
-10.754 0.724278 70
-10.2478 -0.288844 70
18.8746 -10.0069 70
-1.2879 -9.39853 70
-0.654893 9.88595 70
-10.7349 -9.1958 70
8.91837 1.45593 70
-11.2157 -19.1698 70
8.6704 30.1994 70
-20.0159 -0.960507 70
-29.0608 29.2457 70
0.0582646 0.177248 70
9.10352 21.1756 70
11.0483 41.0635 70
-1.22415 0.341309 70
-0.301095 0.530655 70
0.884373 1.22395 70
-39.1376 0.157938 70
9.62089 -9.69946 70
-11.1328 0.694845 70
20.4506 69.8435 70
30.8927 10.1577 70
-11.0411 -0.74218 70
1.17925 1.48799 70
-0.412802 -1.26352 70
-28.927 -11.354 70
1.13755 -9.06695 70
10.8008 0.0124925 70
19.5693 19.5227 70
0.223262 0.0402919 70
-0.942231 -0.0554658 70
-19.6903 30.7202 70
-9.48199 -10.0105 70
-0.227634 -1.03654 70
-1.08155 1.0993 70
-10.3511 11.4804 70
-0.925681 0.0203913 70
8.63853 9.52627 70
0.280935 -0.782441 70
-0.299067 0.309443 70
-20.0201 -0.0113485 70
-0.770984 -0.00522455 70
-1.22942 11.1968 70
0.153865 -0.535855 70
21.2029 -21.0868 70
21.0021 -18.9032 70
-1.01439 1.17154 70
-30.2355 -19.1074 70
-8.98994 11.2109 70
-19.5926 29.183 70
10.5686 -1.28708 70
10.0351 0.905238 70
1.03887 -0.896038 70
-0.251387 -0.184088 70
10.4332 -0.894936 70
-9.5154 0.842628 70
-0.799995 -1.39004 70
0.798326 11.1932 70
0.630006 -1.33501 70
-1.3528 0.625216 70
-9.1522 -10.1196 70
9.84515 38.7123 70
-10.5985 -0.421618 70
0.838464 -10.3789 70
-1.40713 -0.958357 70
9.94436 8.73778 70
-10.2536 10.1979 70
-0.90078 0.894256 70
-10.0185 0.816328 70
-1.07278 -9.28857 70
-1.1328 -11.376 70
-0.305111 -1.03278 70
-30.9571 -31.133 70
10.82 -1.06104 70
-9.92967 -10.6318 70
-10.8444 -0.298505 70
-11.3982 -9.50491 70
-8.759 -9.43503 70
1.28146 -0.396046 70
-11.4995 -11.0119 70
-38.7189 -28.8646 70
-0.166362 -0.838265 70
-9.78305 -0.969417 70
0.368594 -0.358216 70
-18.6551 -10.6936 70
-0.369538 18.7795 70
-18.5195 10.8404 70
-0.560039 1.45101 70
10.2127 0.723841 70
-1.15084 -0.278191 70
-0.238798 -0.542733 70
10.9417 10.4547 70
-19.7392 1.2045 70
-20.1418 0.407751 70
-9.92221 30.6849 70
-41.205 10.2839 70
0.922668 0.705175 70
-10.5836 1.12226 70
-31.4088 9.66174 70
-38.8363 -9.48553 70
-19.2753 -0.520455 70
-0.11441 -10.4883 70
0.778597 -8.89162 70
-0.934835 0.403535 70
-1.25867 1.263 70
-0.859803 0.889711 70
0.199719 -0.587607 70
1.2676 -39.7341 70
-9.44607 -8.7008 70
19.9348 -28.5928 70
0.335477 1.37822 70
1.35002 0.725405 70
-0.0481462 -0.530576 70
11.2567 -21.0938 70
31.0688 -1.18435 70
-20.3505 -21.3487 70
-1.18838 0.840787 70
-11.1691 10.859 70
1.39552 0.504223 70
0.866159 0.918568 70
-0.350462 -8.89518 70
-9.89757 0.404186 70
-0.387657 -0.0758369 70
0.866856 1.20739 70
0.403762 -1.46953 70
-10.6723 -10.8367 70
-10.3491 -11.0751 70
-10.6535 -8.72563 70
9.41663 -0.928567 70
-0.526476 -1.3196 70
-18.6086 -0.512106 70
-0.0983622 0.261962 70
0.564158 -10.0695 70
-21.1219 -8.8335 70
-49.5627 19.0096 70
-9.3522 9.71817 70
0.961372 -0.56906 70
19.9237 -10.1537 70
18.7701 0.972281 70
-0.089119 8.84606 70
-9.61734 -9.92678 70
0.218054 0.173678 70
31.4515 -31.2027 70
-1.21043 0.409359 70
1.04755 0.0799574 70
-10.9897 -1.32234 70
-31.0078 9.20969 70
-11.2684 11.492 70
-10.2761 -18.54 70
-0.863986 0.377742 70
20.0766 -21.0797 70
18.6942 -18.5073 70
-9.34172 0.405108 70
-10.8558 9.8409 70
-31.0949 20.2406 70
-1.43671 -9.17731 70
10.9911 9.91193 70
-9.63948 -0.700406 70
-8.67241 -21.2729 70
0.292203 -11.1113 70
-1.41534 -0.400189 70
11.3169 19.8817 70
-9.0616 1.25401 70
-10.8558 0.163787 70
-30.2186 8.61767 70
10.0421 -0.0891994 70
8.53248 1.01142 70
20.3103 11.3617 70
-0.939447 10.496 70
0.738676 19.4221 70
1.3174 -0.792518 70
-1.28437 1.3147 70
0.28517 -1.34523 70
0.703255 1.28147 70
-30.8501 -9.40401 70
0.726619 8.55569 70
-9.47597 -20.9367 70
0.894054 1.3733 70
-1.02905 0.980341 70
-9.82098 -0.775562 70
0.767906 -0.523409 70
-0.739762 10.0886 70
0.915629 -1.17586 70
-1.20956 0.272491 70
30.9922 -69.475 70
-8.92912 -8.94752 70
-0.91483 -0.593787 70
1.39971 -9.95602 70
-1.34173 0.94608 70
120.598 -80.6587 70
-0.290687 -8.67154 70
-1.09394 -1.00771 70
-8.87871 9.61337 70
-20.2757 10.0837 70
-1.2196 1.4475 70
20.1041 8.54958 70
1.15749 -0.637032 70
-18.6813 -20.8369 70
1.14911 -10.9761 70
-11.4133 -0.61959 70
1.34043 0.671932 70
-9.67929 0.673977 70
0.615297 -0.0358094 70
-10.273 -0.174639 70
0.486315 -0.81669 70
-21.1422 8.55873 70
-18.8369 9.13616 70
0.879381 10.2642 70
-1.23702 9.35395 70
-0.595668 0.866733 70
-11.0093 -0.147554 70
-0.800258 -1.098 70
-0.739789 -11.1509 70
9.29334 -8.54987 70
-10.9801 0.670439 70
0.480632 -1.04344 70
0.733698 -0.404136 70
-19.1315 -11.3701 70
-21.4631 -20.2076 70
-29.3081 -21.024 70
0.00430405 8.66775 70
1.22594 -19.477 70
0.301295 -10.5556 70
-9.01484 0.56219 70
1.23884 0.970581 70
-0.789197 0.12019 70
-28.6159 -30.3501 70
0.511404 -0.234555 70
-9.64498 -0.767778 70
0.0888951 -10.3019 70
-11.0681 -0.495058 70
10.4004 -0.250459 70
-9.61722 -0.0610392 70
10.8136 -10.6635 70
11.3329 -10.4362 70
-9.04537 -19.7964 70
-1.35378 -9.5811 70
-18.6581 10.7993 70
-18.5788 50.9827 70
-70.3245 -50.3592 70
-8.95674 0.728634 70
-9.72606 0.827084 70
-28.6926 11.1382 70
-30.3676 -11.0916 70
8.56193 -39.5486 70
11.3082 -0.00577911 70
-1.10786 -1.44948 70
-11.4194 -9.65862 70
-0.351134 1.35973 70
20.9943 9.52894 70
-18.5157 -18.5439 70
1.30925 -1.33196 70
21.1308 -10.9043 70
-9.66314 1.11023 70
-18.9913 -10.1653 70
21.3343 -18.617 70
19.7644 -20.2879 70
1.06154 -0.14428 70
-0.647289 0.419202 70
20.7812 -41.1459 70
19.6962 -39.3919 70
-10.4177 -31.2245 70
1.0423 1.42296 70
-1.44437 -1.44273 70
-20.7212 8.94416 70
0.725175 -8.77213 70
-39.9884 59.6246 70
-10.2653 -19.7331 70
-8.55562 -21.1722 70
-30.526 -10.1217 70
0.889658 19.8102 70
20.0971 20.9141 70
-10.3742 -0.527458 70
-38.5041 -10.268 70
-0.691135 -0.813029 70
-10.8555 18.9118 70
-0.470992 -0.0689937 70
-0.395902 1.07857 70
0.292727 -0.430686 70
-10.5471 -0.625349 70
-8.80442 49.6932 70
31.262 9.20931 70
-19.7127 -40.1835 70
-0.845079 -0.259884 70
-8.90948 0.444014 70
-21.2736 -0.0783217 70
0.329517 8.71154 70
1.49087 0.692865 70
-8.98499 10.7589 70
-1.35281 -0.772162 70
-1.06532 -1.06691 70
9.01683 -0.315352 70
-1.47018 -1.21711 70
1.36303 0.369617 70
-10.8009 -9.67682 70
0.973578 1.49849 70
19.8352 -11.4633 70
-8.86884 19.1899 70
0.117659 1.38197 70
-1.42389 -10.4171 70
1.17686 -40.0458 70
-0.91872 -0.224173 70
-70.5995 49.7348 70
10.3413 0.111669 70
11.0376 21.2381 70
30.8282 10.5991 70
31.1394 10.672 70
-0.914405 0.0174619 70
-9.97032 1.45351 70
-11.4939 0.663071 70
41.0915 -29.0899 70
-8.84267 10.7125 70
10.1376 -11.0625 70
-8.85035 1.00724 70
-0.168375 0.599261 70
-0.604247 10.1096 70
10.9352 -1.45541 70
0.938678 1.0249 70
0.537326 -0.401231 70
-1.04221 -8.55652 70
0.837139 10.3417 70
0.687023 -0.421805 70
-8.8669 -11.3822 70
-1.02556 -1.43381 70
-8.74853 -10.9659 70
0.75569 -1.23603 70
-0.543476 0.982323 70
0.824407 1.02405 70
1.16921 -1.19422 70
-1.05641 -11.1864 70
1.35189 -0.455213 70
59.4974 20.777 70
60.9005 21.4568 70
-0.139518 0.843661 70
-1.33182 1.49793 70
-10.5819 11.3611 70
0.155279 1.31598 70
-9.97375 -8.60518 70
-0.778349 0.872 70
-30.9584 -1.25117 70
0.94249 -11.2495 70
8.59265 -31.1932 70
-10.2658 -9.24056 70
-9.52781 9.78227 70
-1.32571 -11.2648 70
9.52718 8.8799 70
-20.557 20.5812 70
-9.49032 0.375799 70
-8.62482 0.69046 70
-10.1005 18.7397 70
-0.0408259 0.854574 70
-8.70385 0.93735 70
0.941649 0.525352 70
-8.81106 -21.219 70
-0.15215 -10.0917 70
-20.5601 1.09478 70
-0.899659 0.700125 70
19.0726 0.957294 70
0.464237 -11.2072 70
1.05587 -10.823 70
-29.7735 -18.6432 70
-0.816858 -0.219981 70
1.39421 1.43389 70
-8.72414 -0.00180688 70
-29.774 -10.3082 70
-9.27417 -18.7646 70
-0.556281 1.0633 70
11.0623 -0.370308 70
-1.22969 -1.36294 70
-11.1795 -9.9044 70
-1.32368 0.510694 70
0.606266 -0.66462 70
-0.766701 -0.224088 70
-31.2999 -10.1919 70
-21.4133 -10.6596 70
-10.2049 -10.0989 70
-1.26343 0.1774 70
-0.225448 -0.24718 70
0.931877 -10.3475 70
1.38157 -8.72126 70
-0.906028 -1.27342 70
0.118039 -1.25264 70
-10.6609 0.0534347 70
-70.0592 30.6767 70
-10.6066 -8.63218 70
-0.830128 0.185335 70
-9.93779 1.4799 70
-9.25662 0.830066 70
-1.04893 0.319868 70
-10.7192 1.24143 70
0.923779 -19.4356 70
-11.3621 -11.3709 70
0.545874 -11.4245 70
-8.85252 10.5493 70
0.462297 1.34477 70
-0.216758 -10.1261 70
-0.0522328 -10.0724 70
0.26381 -0.572582 70
-1.15632 -1.10282 70
0.991771 1.38147 70
-0.0510811 -10.4117 70
-9.12571 8.7001 70
1.31573 -0.104839 70
-19.7666 9.57466 70
-0.386292 -10.8336 70
8.54649 0.434043 70
-0.489864 1.47236 70
-1.15025 1.42269 70
10.0417 -8.76033 70
-9.93544 -9.1568 70
10.1276 -39.1975 70
-19.1748 10.885 70
-19.3965 10.6324 70
-9.44996 0.402143 70
-1.47148 0.949358 70
-9.00644 9.94994 70
-1.12306 -0.45487 70
0.796048 -1.49516 70
-0.777694 8.51481 70
9.44673 0.960524 70
0.419314 -21.094 70
-29.6346 0.361164 70
-10.1299 10.4428 70
-19.0772 1.49222 70
-19.5305 70.432 70
8.92687 -0.884036 70
-10.5483 0.534733 70
-20.0463 -9.2332 70
8.57193 18.6226 70
-10.4264 10.9419 70
8.75581 -21.1308 70
-10.5315 9.34947 70
8.65755 -11.1447 70
-1.41282 0.401725 70
-0.304055 0.184579 70
1.35096 9.29939 70
-0.755191 -8.68747 70
1.48807 -8.92225 70
-1.29261 -0.639684 70
-11.1939 1.35219 70
-10.6485 0.197948 70
-30.3161 -99.815 70
1.19179 9.51114 70
0.0743674 1.11104 70
1.02283 0.701675 70
1.20552 0.658751 70
-10.0498 -11.1675 70
-0.811153 -8.99736 70
-0.0346568 -0.342107 70
0.0197212 -11.3265 70
40.5173 -10.0815 70
8.63311 -8.92275 70
-9.59429 -9.48068 70
-0.617734 0.487423 70
-20.7854 0.149916 70
1.3174 0.874182 70
-0.438962 0.631522 70
-0.958875 1.07443 70
9.87086 -49.7462 70
-0.203194 -11.0769 70
31.1511 -30.7616 70
-9.05849 -11.4088 70
-1.25656 0.730081 70
10.7822 -0.56652 70
0.23101 0.722102 70
-10.8979 0.613195 70
11.4733 -11.2212 70
-10.2228 -1.46503 70
-0.34717 1.22271 70
0.218674 -20.5514 70
-9.22759 -11.3363 70
-9.83891 10.0667 70
1.09444 -8.58743 70
-19.8259 1.01104 70
0.605359 0.66502 70
-0.49724 -0.638745 70
1.42815 -1.45647 70
0.326908 -21.3215 70
1.47423 -10.8006 70
-19.7194 -11.4764 70
0.886144 -0.910327 70
1.20557 11.1175 70
0.871394 0.798229 70
8.68117 -0.866186 70
-0.785277 -0.332891 70
-58.7736 -49.8262 70
18.7612 -30.24 70
11.257 0.469139 70
-10.4692 -1.35021 70
0.214776 -8.79787 70
-9.26137 -20.7427 70
-0.586785 -0.24945 70
10.001 1.39332 70
61.4499 79.4993 70
1.31309 0.350267 70
-9.40775 9.01627 70
-10.7982 -10.1187 70
1.21041 -31.0024 70
0.782343 0.557045 70
1.20305 -9.67821 70
-8.84286 -10.2401 70
0.369696 -0.553632 70
-0.917891 -0.401886 70
-20.6708 119.641 70
-8.89648 -1.36485 70
-19.4971 -8.83044 70
21.0915 79.1237 70
-38.6342 -9.94204 70
-0.350667 -0.193043 70
-9.98321 -9.18059 70
1.43957 0.970074 70
-0.806544 0.502567 70
-9.76065 -29.0891 70
-10.1019 -19.4982 70
-10.9408 -19.1498 70
0.331845 11.1003 70
-8.61666 -10.3361 70
-20.365 8.52542 70
9.51848 1.42602 70
-0.929146 -0.858198 70
18.549 11.4282 70
-0.953128 -0.195568 70
-0.196224 -9.7328 70
11.3015 0.73914 70
0.59445 1.48867 70
-0.265603 0.864181 70
-9.96336 0.239846 70
-29.487 -0.951292 70
-9.42466 1.33909 70
10.4513 18.759 70
10.0636 19.9108 70
21.1826 20.619 70
-10.611 -0.379468 70
-0.471271 -10.0484 70
9.61351 -30.1311 70
-9.18655 -19.6649 70
-10.3906 -20.0495 70
0.919103 19.2581 70
-8.79391 -29.9533 70
-19.5988 30.4319 70
0.162409 -10.5227 70
8.62342 38.9756 70
-19.8457 -8.6478 70
1.11311 1.27589 70
-11.2252 -0.683884 70
9.34365 10.7077 70
-10.8889 -0.808049 70
-0.173655 -1.05384 70
0.764651 0.781529 70
-20.6901 1.43218 70
0.374791 9.92084 70
-0.0490889 -0.772602 70
11.4689 -0.200203 70
-39.3299 -9.51995 70
-10.8506 -20.3689 70
-0.379786 0.534636 70
0.588846 -1.25159 70
0.488805 -0.662313 70
-0.478516 -1.30835 70
-20.7832 1.42884 70
-30.6504 -8.58829 70
-20.7546 21.4972 70
-0.58714 0.0171771 70
0.817209 0.903504 70
-1.3425 -10.2533 70
-9.90877 -9.95891 70
29.0443 28.6421 70
0.375991 -0.72502 70
0.287572 0.883424 70
-9.53603 1.40784 70
0.638756 -0.494396 70
-20.6886 60.1228 70
8.99155 -19.2733 70
0.0955762 1.12567 70
10.1041 -10.3297 70
-0.816875 20.0571 70
-1.10748 -0.934586 70
-10.7864 0.329534 70
0.232483 -9.49189 70
-0.929274 -9.10056 70
0.28376 -1.06578 70
-10.6374 -10.8444 70
