10.2299 1.46686 70
0.320697 -21.0774 70
-0.198629 0.195401 70
39.4788 -59.1293 70
0.292571 1.07924 70
-8.63906 8.78551 70
-0.688079 0.830048 70
0.72716 -0.767646 70
-0.0748609 0.923616 70
0.910876 0.702394 70
10.4954 10.7208 70
61.0072 59.8985 70
21.4117 50.6597 70
0.600562 8.50248 70
10.2363 -19.7852 70
1.46936 0.0294749 70
-40.9816 -41.1568 70
-0.765435 -1.263 70
29.1408 10.9549 70
-8.84027 88.911 70
-1.08041 -0.499097 70
0.773424 1.01832 70
-10.5011 -8.75811 70
-0.239193 -0.233012 70
-0.48292 -48.5612 70
40.4759 -1.01635 70
-20.9213 0.630833 70
-1.34644 -1.1331 70
0.72138 -0.182963 70
-1.43491 -9.588 70
-0.560833 1.17583 70
0.695269 0.894057 70
1.21778 0.969772 70
-8.84948 0.494417 70
1.07449 31.1583 70
20.5788 -30.1224 70
111.376 -78.7551 70
18.5499 -8.89443 70
0.0786524 -1.07218 70
9.73192 -8.66204 70
10.0219 10.8594 70
-1.21249 -0.50715 70
10.7104 9.98391 70
-0.526224 -1.01842 70
-29.0958 10.3683 70
-28.8851 8.74137 70
31.3489 -61.162 70
9.5493 -1.07756 70
-11.4144 1.34586 70
10.693 -0.591023 70
-0.719924 -29.5413 70
1.11423 0.316018 70
11.4027 1.15114 70
-10.8785 -0.839675 70
0.823408 -11.1456 70
-9.24123 -18.9963 70
-8.57442 -10.7873 70
10.8484 -9.41558 70
-21.4029 60.7304 70
10.7737 -11.395 70
8.80937 -1.36841 70
0.308658 0.611458 70
-0.0827411 1.26444 70
0.351596 0.438067 70
10.5458 61.2429 70
0.496142 0.343174 70
-9.99935 18.6658 70
-10.6761 0.0372417 70
28.7822 60.9983 70
-10.0774 10.9797 70
1.10921 19.5151 70
10.3265 1.41048 70
-9.26377 -19.9501 70
-9.44162 -1.21257 70
29.1077 9.11692 70
-9.50865 10.9481 70
-29.0132 -81.0038 70
0.581513 1.03264 70
-1.25275 10.7204 70
9.75401 11.2325 70
11.3418 -11.4529 70
29.8216 18.9684 70
11.422 1.12897 70
-8.97917 -0.107295 70
0.660473 0.938069 70
0.226621 1.05293 70
-11.1872 -10.5035 70
-0.700598 -10.6674 70
-38.8465 -40.756 70
40.4787 19.5206 70
0.414139 -9.09319 70
11.4772 0.786703 70
-19.9765 -21.4306 70
10.037 9.83198 70
-0.92852 -9.99816 70
-91.1202 9.43644 70
9.78824 -1.4982 70
-69.4593 -48.7855 70
68.9786 50.068 70
9.02894 -1.3565 70
-1.47747 -10.4108 70
0.142273 -0.749224 70
-11.1257 11.2346 70
8.51088 9.68087 70
20.818 28.5438 70
20.0288 30.3621 70
10.0666 8.9435 70
-0.815915 -1.02532 70
-0.650659 1.05897 70
9.00322 20.6678 70
-1.16516 -0.324233 70
-9.78218 -9.08799 70
-10.6422 -19.2491 70
0.581472 -1.16652 70
-8.99093 -9.81822 70
-70.6818 -0.797758 70
8.69561 -10.2927 70
0.521559 -0.313052 70
-21.0887 -9.29674 70
-0.441618 -0.717521 70
-11.3676 -19.3612 70
-0.949625 -1.21057 70
9.22466 9.67417 70
1.23452 -0.336093 70
8.94816 -8.97761 70
-0.0324307 -11.0596 70
9.92838 -0.737896 70
-0.647002 -0.626244 70
-0.184456 1.07275 70
48.6065 -10.4039 70
-10.8233 29.2017 70
1.37923 -0.0763763 70
-1.49411 -1.24887 70
-9.47639 -30.796 70
-0.823107 0.211365 70
-0.0870874 -0.973178 70
1.08296 -1.2341 70
-1.45229 -10.2936 70
-0.159183 -0.578144 70
8.98742 -9.5863 70
30.2589 -1.46913 70
10.179 -19.35 70
-0.215494 -1.48817 70
-0.126769 0.888479 70
1.44198 1.2056 70
11.3716 -10.8204 70
20.8683 28.6158 70
9.74395 -28.7427 70
-9.20676 0.63098 70
-50.083 -11.4131 70
29.6768 11.3694 70
-0.477312 0.735628 70
-1.11753 0.63851 70
-1.12282 1.47261 70
-9.54262 -8.98518 70
0.332784 -1.26107 70
0.0598298 -9.90031 70
-31.3762 -20.9491 70
-9.11942 -19.3108 70
-9.19656 -21.4744 70
8.70936 -0.0549146 70
0.243792 0.368618 70
10.0312 -0.578637 70
0.875207 -1.29238 70
1.44727 -1.49035 70
8.86695 -9.21153 70
-20.1556 -9.28447 70
11.0789 10.7524 70
19.4667 10.4947 70
-1.14698 -18.6995 70
-0.350527 -19.1888 70
-0.571239 18.9732 70
0.061827 1.16948 70
-1.07961 -0.962094 70
1.00217 -1.39431 70
29.8393 19.9513 70
1.35618 -0.955635 70
-10.4109 -1.28016 70
0.866929 0.14456 70
0.685164 -9.8589 70
39.5678 -90.889 70
1.16588 -0.384743 70
-10.2259 -11.0109 70
-18.9018 9.32862 70
-1.19071 0.949741 70
18.6155 -20.2296 70
0.673655 10.2089 70
9.97876 -0.732477 70
1.06589 1.09607 70
0.124025 0.790643 70
-11.0763 -10.4634 70
8.80233 -9.74703 70
20.9499 -9.83359 70
10.6595 -8.62141 70
-0.518422 -0.658868 70
-11.2998 -20.9323 70
1.40106 0.265477 70
20.873 -0.144315 70
-0.874146 -10.1779 70
-1.09939 0.378806 70
-1.09394 0.386517 70
30.8614 -1.25288 70
1.05483 -0.0356381 70
-19.6343 9.42789 70
-0.554853 10.5431 70
-0.80426 9.64246 70
8.91419 18.7725 70
31.244 30.6086 70
10.7185 -8.72919 70
9.3305 0.824039 70
-1.49498 -0.0418471 70
0.264425 -78.6995 70
0.927406 -11.2221 70
-1.45663 -0.695766 70
-0.753963 11.3541 70
-0.666774 1.04333 70
10.2246 -9.03356 70
-0.96006 -0.140249 70
20.7531 0.183799 70
9.25045 -9.92625 70
10.1813 -0.0179457 70
-0.939045 9.38152 70
0.375049 -0.81195 70
-9.90947 -9.05634 70
-1.46329 -0.394245 70
39.5734 -8.8986 70
38.9706 -11.4274 70
-0.306802 0.252959 70
-0.802314 -0.477462 70
0.0508195 0.276414 70
39.1301 -30.2004 70
-0.37661 -0.275492 70
-9.20195 10.9097 70
0.456007 -19.1528 70
-11.2839 -0.938343 70
-0.855549 9.85875 70
8.75542 -9.3419 70
9.06967 -20.8609 70
-0.522382 -0.175611 70
0.0167092 0.937709 70
-10.6813 10.3493 70
-11.0378 19.808 70
-0.737082 1.39132 70
8.66867 0.9651 70
1.03834 8.67444 70
11.0417 10.523 70
29.0768 10.2916 70
0.0275551 -0.485201 70
-0.199571 1.06833 70
-1.0941 -0.304691 70
0.981077 10.3399 70
-9.27907 11.3423 70
-40.963 -1.48302 70
-1.32735 -0.00775459 70
31.4781 28.6651 70
-0.669639 -0.939002 70
-1.26451 -0.309487 70
-0.85644 -0.664053 70
1.24661 -11.4965 70
19.0211 -99.9747 70
-0.957737 1.48201 70
9.40212 0.730295 70
11.0201 0.636204 70
0.169159 -8.69991 70
-11.3508 -19.7499 70
-20.3095 1.12307 70
10.0291 0.0952908 70
10.8482 0.187277 70
-0.181758 1.37222 70
11.3408 -0.263195 70
-0.705805 10.1915 70
20.4283 -10.3998 70
20.7685 0.0256908 70
0.392932 -1.41492 70
-8.85113 -11.1384 70
0.37554 10.2972 70
-9.28288 -11.4525 70
-9.95728 -0.788799 70
20.038 -10.9159 70
0.161285 0.487351 70
9.20835 8.57809 70
9.16132 -9.54404 70
1.21964 -1.10005 70
0.964335 -19.0199 70
1.00734 -19.1564 70
-1.42619 -20.2508 70
1.45834 1.32557 70
-11.2796 -1.01681 70
0.477634 -0.0171556 70
9.15631 39.8608 70
-1.35555 -0.820568 70
18.7844 10.0723 70
9.25943 29.3483 70
-0.687911 1.37757 70
1.3602 0.468677 70
0.839627 -10.1813 70
-20.0831 0.288601 70
0.499897 11.0704 70
29.6121 -0.904337 70
0.528294 10.9465 70
0.142173 -0.469532 70
0.0338337 -0.699706 70
-0.324412 0.0321536 70
-1.15305 -0.398788 70
-1.24595 1.3297 70
1.30113 1.12817 70
0.993393 -1.49227 70
0.375096 -0.92865 70
0.408273 0.933495 70
1.05122 0.928136 70
-10.4894 0.569773 70
8.81676 9.94432 70
19.2294 10.2262 70
8.75069 1.41668 70
-11.0508 -1.02245 70
9.06949 0.462709 70
8.56144 0.339206 70
11.4028 1.47629 70
-0.102581 -0.788442 70
4.28437e-05 -0.49144 70
10.8693 -0.523967 70
1.23303 0.720469 70
-20.3824 18.6612 70
-21.4834 21.4511 70
0.621312 -0.0944216 70
10.8679 0.177895 70
8.5748 10.9914 70
-10.3466 -10.8429 70
-11.4078 -9.5031 70
-0.116844 -1.21779 70
-0.0844558 -0.201737 70
0.877044 -1.12855 70
1.49828 1.11786 70
-0.222666 -0.768034 70
-40.4724 0.826982 70
21.2191 -30.6556 70
-1.2024 0.686441 70
0.298883 -0.0217649 70
-0.619203 0.293472 70
1.10628 -11.2312 70
-0.54567 10.651 70
1.38696 -11.0134 70
-20.9 0.697254 70
10.2932 -9.38684 70
19.2358 -9.9498 70
8.6926 19.5282 70
10.5296 20.2261 70
-0.893489 -1.46137 70
-11.2201 -11.2716 70
20.7051 8.89536 70
-0.42288 0.260674 70
38.8999 -20.5926 70
11.0401 11.4606 70
71.1873 -20.4544 70
1.22618 0.239458 70
-10.7923 20.7643 70
-10.23 18.7109 70
-1.49693 -1.41102 70
-81.378 28.8825 70
18.7536 -8.59555 70
-0.804443 0.71466 70
-10.9064 21.3517 70
-1.32258 -0.966315 70
11.0083 0.133298 70
28.8712 -38.9226 70
-30.0463 -18.721 70
-1.21561 0.343043 70
0.858757 1.42846 70
1.37772 8.79725 70
0.486234 1.31588 70
0.843226 -0.134155 70
8.634 -9.56784 70
-68.5312 -41.131 70
20.8083 -10.6937 70
0.686389 0.458643 70
-9.72032 -0.53713 70
8.76393 18.8576 70
1.21299 -0.35007 70
91.4906 -100.497 70
10.5503 -0.610292 70
-1.25344 -10.7771 70
39.4943 -69.6528 70
-8.59388 11.3827 70
29.1826 -50.6782 70
99.4064 -19.4894 70
-0.890765 1.07138 70
-9.68538 1.13074 70
0.639194 -11.1571 70
9.75351 -0.278225 70
-10.5982 19.7015 70
0.841781 -10.3356 70
-10.3542 -9.40908 70
-9.7555 -10.2248 70
9.91099 -1.42784 70
-0.569161 0.227308 70
-1.27836 1.05176 70
0.668044 -0.696959 70
0.107333 -11.178 70
20.0864 8.58117 70
-0.81507 -1.08588 70
-0.519556 11.1857 70
0.443027 11.2335 70
-10.4969 -10.3349 70
0.598589 -0.426388 70
0.100488 19.7168 70
10.9593 -8.78499 70
10.7225 -8.90352 70
29.3025 11.1172 70
0.0220731 0.199012 70
10.3766 21.2977 70
10.184 0.921225 70
8.55604 9.75276 70
0.610784 -1.1373 70
31.1163 10.5151 70
11.3866 -10.7717 70
-1.18298 8.63257 70
19.4834 10.0276 70
-20.1609 0.531258 70
0.724842 0.446127 70
-0.307774 -10.0822 70
-9.24933 29.4776 70
0.593077 -0.54396 70
-1.1181 -0.947121 70
0.633524 21.3283 70
20.7964 1.06823 70
-0.996644 9.165 70
0.367116 0.813464 70
-9.81156 -1.45558 70
10.491 8.90999 70
0.0464308 1.31262 70
-19.8956 11.1233 70
0.161614 0.780391 70
-21.0491 -11.1848 70
0.63492 -1.41961 70
19.8106 -0.65599 70
-0.18751 -8.76285 70
-0.0790578 8.50972 70
9.82685 -9.52243 70
10.521 9.87547 70
0.595227 0.678841 70
-0.735233 0.0172281 70
9.76541 0.430052 70
9.51434 -11.4081 70
-0.901485 -20.0379 70
-1.341 -1.34324 70
68.5258 28.6342 70
-0.814938 0.749995 70
18.9611 -9.07367 70
-19.401 1.38752 70
9.38587 10.4693 70
11.1244 9.57174 70
0.466083 -1.43037 70
-28.537 0.653715 70
-10.4983 10.0032 70
8.75346 9.46861 70
-11.3469 -0.969549 70
1.12601 -10.815 70
0.885974 -0.0688682 70
1.39316 -0.557444 70
0.971028 -0.144407 70
-1.21762 -8.98766 70
-9.6685 11.4076 70
9.42345 0.786183 70
-0.15042 8.56264 70
-1.37325 -10.4259 70
1.33875 -10.1302 70
-0.747188 -8.55587 70
-21.1246 -38.8892 70
-9.84702 -8.58987 70
0.170074 9.04077 70
0.520682 1.20305 70
0.671349 8.67483 70
0.837232 9.14908 70
11.1571 0.166274 70
0.43752 20.3846 70
1.38369 19.8049 70
0.832558 -1.24413 70
-29.9473 -0.721863 70
50.9134 -38.9131 70
-10.156 -11.3361 70
8.88818 -9.62387 70
-0.763728 -0.244132 70
-11.2878 10.6697 70
0.336324 1.32507 70
-11.4643 9.79313 70
-0.258366 -0.532823 70
9.65963 0.81017 70
1.07974 8.63243 70
1.47834 18.5696 70
30.0161 -21.1594 70
-0.138969 -0.924445 70
10.3823 -1.10369 70
-9.22043 -31.2097 70
29.6102 -10.8911 70
1.06231 -0.0616741 70
40.598 11.1749 70
-0.926953 -9.60436 70
-0.609635 9.72076 70
8.54471 0.282335 70
1.36577 -10.1175 70
1.3297 -11.2611 70
0.225014 0.119948 70
9.47628 -10.4987 70
-9.16581 -11.4241 70
11.4939 0.478635 70
-0.708137 9.11389 70
0.059117 -1.33606 70
10.7128 -0.320766 70
1.04506 1.47957 70
1.19844 -0.161646 70
0.759632 -1.18657 70
-88.6101 -71.2041 70
0.868773 1.39753 70
8.668 -11.1684 70
10.1366 -19.5104 70
1.334 0.875647 70
-21.3347 11.1982 70
-11.2666 -0.705215 70
20.1112 9.95337 70
-0.102085 -0.161279 70
-8.85045 -20.2118 70
-0.556632 0.813998 70
-0.399555 -1.49025 70
0.465475 0.631394 70
10.3829 0.757478 70
-1.30066 -0.52947 70
-10.7489 -0.797475 70
-40.578 20.0003 70
9.91064 -1.32798 70
8.52665 -1.251 70
10.6578 -0.838209 70
0.129094 -19.9989 70
0.624506 -20.1743 70
0.755117 -1.43438 70
0.193525 -0.917082 70
-1.06307 0.114547 70
0.55088 -0.087615 70
8.57789 0.633187 70
-0.140158 -10.8431 70
1.48192 -10.6201 70
0.803624 -30.5933 70
9.21722 30.9241 70
-0.501114 -0.0228485 70
-0.896905 -0.119172 70
-0.505439 1.46833 70
0.866681 18.6854 70
0.308982 18.6967 70
-0.732167 0.895212 70
-0.153638 -0.816593 70
0.869691 11.1186 70
-58.9517 30.6421 70
11.2101 -11.062 70
10.5565 -8.56922 70
10.2937 -1.35459 70
-28.82 20.5949 70
-29.8045 19.8195 70
9.48856 30.5351 70
1.17525 -1.26441 70
-1.36588 -0.0278536 70
80.225 19.0197 70
-8.68266 -19.0533 70
0.799326 -0.797126 70
0.114787 -0.944727 70
-1.47851 1.37091 70
8.96588 -1.0725 70
-0.776748 0.168643 70
-19.2217 -0.330446 70
-21.3858 28.5526 70
-10.4171 -30.3934 70
9.48443 20.9263 70
-61.1476 -20.3611 70
0.842116 -0.303067 70
50.9997 -50.9422 70
19.976 9.75625 70
10.9438 -10.6184 70
0.889543 -0.304616 70
-0.829023 -1.40626 70
9.05643 9.54215 70
10.0768 0.65135 70
-1.19307 -0.976997 70
-0.545987 1.35028 70
0.824591 -1.24175 70
-0.595978 0.736251 70
50.8037 -1.16221 70
50.5283 -0.955609 70
-0.700113 1.06014 70
-1.43366 -1.06546 70
0.449835 -0.993132 70
-0.382591 1.39268 70
10.7604 -10.3295 70
1.22863 20.8435 70
-10.251 -10.6548 70
0.0416689 -10.0983 70
-0.181551 -1.119 70
1.39417 -11.1661 70
0.718665 30.7992 70
30.6025 -10.2946 70
30.2276 -10.7471 70
-21.0741 28.738 70
-0.0436322 -0.288166 70
0.253469 -98.762 70
28.8588 8.66421 70
-0.997628 -10.9524 70
-1.06635 -9.37009 70
-0.77039 -9.48097 70
1.16411 -10.7035 70
1.16343 -0.24485 70
-30.1703 10.1831 70
18.8096 -31.2306 70
11.3121 -0.792356 70
9.69566 -0.66621 70
11.4092 0.640069 70
0.53238 -1.02415 70
-1.42084 0.907198 70
0.50952 -0.799084 70
9.88785 -11.0007 70
9.28786 -10.5 70
0.841451 -0.229715 70
11.1482 -40.3551 70
-1.07126 -1.06494 70
0.255061 -1.27096 70
-1.31337 -0.122112 70
-0.255446 -1.41373 70
8.62303 -1.48315 70
-0.448906 10.7771 70
29.3327 39.3418 70
-1.27447 10.0897 70
-0.760375 -49.2873 70
0.47642 0.632628 70
9.4785 -18.8705 70
9.76571 -20.1718 70
9.29615 -0.363295 70
-0.519186 -0.769092 70
-0.214259 -1.43494 70
-50.9279 -60.291 70
-0.946094 0.48175 70
0.00664795 10.8831 70
-0.833978 0.170287 70
1.03951 0.275492 70
-0.941189 -0.0998919 70
-0.85985 1.16369 70
10.0275 99.3973 70
11.1215 100.344 70
-1.17799 0.551711 70
0.625914 1.46837 70
18.5901 -40.9668 70
9.21509 8.78141 70
-0.698958 -0.0826038 70
-1.37789 -1.04054 70
-11.2485 -0.152349 70
-0.222586 1.29488 70
-0.867936 -1.04337 70
0.610226 0.480919 70
0.00402082 -10.4461 70
0.299665 -10.1785 70
-29.8857 -1.26358 70
1.27357 -1.02462 70
0.859741 -0.471729 70
9.39246 0.246761 70
0.656382 -9.93807 70
-20.7699 10.8979 70
-1.24258 19.3638 70
-1.12269 -11.2253 70
-19.3693 -9.87133 70
-8.98391 0.756473 70
1.21202 1.44733 70
-10.3098 -1.27231 70
-0.813473 -8.94628 70
-28.8343 39.1731 70
9.40433 0.477189 70
11.4255 1.32714 70
11.2892 20.5977 70
10.0141 0.803719 70
10.0483 -9.7833 70
-1.12422 -0.370611 70
-20.288 19.1502 70
-18.5178 30.1199 70
10.0956 9.65152 70
11.1281 0.330857 70
-0.804701 0.582815 70
-0.13055 -1.38123 70
1.18363 -18.947 70
0.540175 -1.45757 70
19.6574 0.316277 70
-0.997697 19.8311 70
-0.10501 0.918919 70
-0.635085 10.6843 70
1.00613 -10.195 70
-1.0121 -0.336772 70
0.238823 10.3107 70
-0.278374 1.09678 70
-10.9963 1.35597 70
0.688688 8.66618 70
-99.0715 111.111 70
11.0509 -11.154 70
10.7132 -1.18946 70
10.0474 -1.11247 70
21.2441 9.44235 70
10.1194 -8.70856 70
-0.205892 -11.0003 70
-0.93567 -1.11216 70
-11.1198 9.35008 70
11.2498 0.880747 70
-9.34361 8.91008 70
-0.0407076 -11.2435 70
-1.11235 -1.04555 70
39.69 -9.19394 70
10.8375 1.05922 70
21.1867 20.3576 70
10.5448 -9.84587 70
11.0407 -8.59922 70
-1.30396 -0.251555 70
-30.0306 -9.75445 70
-0.689275 -0.260265 70
-0.435247 10.4238 70
0.0612449 0.87146 70
0.451344 1.12028 70
9.32602 -18.7961 70
29.6034 -19.5514 70
10.7945 -11.0983 70
1.43338 -10.9457 70
0.688618 1.4166 70
0.868562 -9.78225 70
-19.7824 11.1084 70
21.1422 10.3898 70
29.4543 -19.3635 70
0.529692 -1.24254 70
-0.691646 -0.675721 70
11.0165 -1.45781 70
0.946409 10.5374 70
9.65017 -9.94054 70
8.98076 -0.150533 70
1.48351 1.11299 70
0.937105 -0.363275 70
8.79496 -10.5928 70
-8.61797 8.68818 70
0.987561 -1.49015 70
0.133689 -1.32356 70
-1.00662 0.594698 70
-0.403213 0.494117 70
-9.16741 9.81466 70
-0.52504 -11.4076 70
11.2583 -21.4418 70
-1.15466 -9.80752 70
-0.466253 -9.91884 70
0.866623 0.0177396 70
-9.50025 -1.42284 70
-19.7598 40.9903 70
9.24777 -9.5274 70
1.42904 10.7981 70
-1.18893 -10.3935 70
11.4553 0.868578 70
-8.81582 8.54836 70
0.64727 1.40624 70
9.421 0.497791 70
10.4652 -11.4278 70
