-19.6755 -0.145017 70
-0.591306 -0.213608 70
0.0839726 9.43952 70
-0.687119 -1.21596 70
10.4884 -1.1669 70
-1.02773 9.49957 70
-0.116245 -0.332467 70
-0.128223 -20.3037 70
0.519013 1.17424 70
9.67536 29.3299 70
-9.80996 0.633319 70
-11.3929 0.752551 70
-9.85516 -0.0715362 70
39.5648 -78.9642 70
-11.4471 -11.1228 70
-9.66737 10.7335 70
-9.71586 1.20707 70
1.34878 0.661127 70
-9.36864 -0.909272 70
-9.50606 0.313432 70
-1.25476 -0.202445 70
-1.3041 -0.0449145 70
-8.7487 1.07774 70
19.0624 18.9364 70
-0.309012 0.210153 70
-48.9584 -49.7286 70
1.27237 -0.233739 70
-11.3037 -1.42434 70
0.0699477 8.89721 70
-10.674 10.862 70
-78.6876 -98.8166 70
30.8472 19.961 70
1.34224 -1.34373 70
-11.1354 -0.0536513 70
-11.4774 0.962319 70
-10.8439 0.780689 70
-1.18487 19.6072 70
-11.3027 0.630484 70
-1.11434 11.2602 70
-10.4594 -11.4867 70
-20.9333 -11.0096 70
-10.8405 1.38801 70
-10.79 1.22816 70
-9.91719 1.14685 70
-11.2007 -1.19223 70
1.03526 -9.2953 70
-0.620041 -11.4181 70
-0.770838 8.93647 70
1.26901 0.936156 70
1.45812 -9.28632 70
29.5623 30.8367 70
-8.656 20.7164 70
-1.15976 9.6502 70
29.5627 -20.5747 70
-9.14057 -29.6817 70
1.0529 8.61596 70
-1.0706 -1.39506 70
1.31424 -0.971119 70
-0.642618 -0.943666 70
-9.23982 1.06177 70
-10.1675 -11.4082 70
-0.434806 -0.452109 70
-0.788222 39.9987 70
11.399 11.0035 70
-1.0305 1.13938 70
-1.04447 -1.35627 70
1.08748 19.3746 70
0.795568 19.534 70
51.2802 -50.531 70
21.2328 -18.662 70
-0.210036 29.6529 70
-1.48217 30.4646 70
-21.0652 -31.4815 70
-1.02088 28.757 70
11.1971 -0.61353 70
-9.10182 9.7534 70
1.01363 -19.2459 70
-11.1934 -11.1624 70
10.1874 -18.5069 70
-0.343069 -8.72786 70
-10.3427 10.6611 70
-0.613923 -31.2687 70
10.973 -91.3922 70
1.25298 0.311384 70
-10.7766 1.09796 70
-0.622426 -1.10986 70
0.543933 -0.476816 70
-0.0250377 -0.649585 70
0.589456 -9.65082 70
-10.8509 1.09558 70
-20.46 0.900613 70
1.3723 -1.27233 70
-0.131512 -31.3362 70
-0.51861 1.14272 70
-0.0447071 0.419595 70
0.535695 1.10237 70
-28.962 -0.114429 70
-9.78874 -0.0668577 70
-10.9878 8.72289 70
-8.52369 10.6946 70
20.9608 -21.2188 70
-10.9826 -1.03438 70
-21.2942 9.00186 70
69.6288 -9.40214 70
-9.82451 -0.757099 70
1.44388 0.218539 70
1.33882 -1.22878 70
-20.4396 -30.9794 70
-10.7854 11.3104 70
-10.8563 10.6156 70
-20.4028 -11.3901 70
-19.9548 50.8741 70
-8.9404 -9.05919 70
10.7837 -0.764708 70
-10.4198 9.9167 70
-11.2222 10.644 70
-28.9582 -41.3121 70
1.16611 9.67403 70
-1.43305 9.97072 70
-8.90642 1.23281 70
-10.7592 11.4307 70
-71.3618 -109.37 70
-1.32695 1.28561 70
-10.203 19.3037 70
-0.165867 -1.13005 70
-58.8586 -111.297 70
-19.2805 10.5577 70
-9.80576 9.58322 70
-0.743572 0.0416027 70
-0.173384 -0.201865 70
0.643856 -1.04161 70
-0.576487 0.116574 70
-9.55034 -20.5453 70
-0.895996 9.88217 70
-69.3653 50.9832 70
-0.734271 1.43262 70
-11.1141 -30.4886 70
-20.4199 -9.39971 70
0.0645181 -9.74173 70
40.5602 -59.1138 70
0.0403276 -1.39077 70
-38.8093 58.7468 70
-1.07738 -1.04751 70
-0.917168 -18.9259 70
11.2186 30.6711 70
10.3439 -8.69964 70
-10.1909 1.16595 70
9.44251 40.9379 70
-9.16482 -10.2595 70
-9.17731 0.760162 70
-8.91975 0.0823224 70
-9.35264 -1.48079 70
-0.382285 0.804879 70
-1.04219 21.4426 70
-9.34877 -9.12015 70
-1.11155 -0.713058 70
0.0970451 -18.6169 70
-0.956983 0.575461 70
-0.373335 9.63268 70
-1.49567 8.67585 70
-0.646958 10.0514 70
-0.0363706 8.97759 70
1.10015 -0.727961 70
0.788468 1.4356 70
1.14115 1.05878 70
-0.907365 -9.03583 70
-30.3001 -10.1414 70
1.26179 10.2096 70
1.38513 -0.706136 70
-31.3402 -10.7235 70
-0.172758 -0.416314 70
9.01158 -8.7677 70
8.98973 -20.3741 70
-20.4665 -10.2145 70
0.0744646 0.508815 70
-0.720892 0.587851 70
-0.476172 1.27799 70
-40.0466 -9.55405 70
-19.7864 10.8047 70
-39.0832 38.6648 70
-41.3803 40.9577 70
0.214697 -1.0406 70
10.8134 10.6999 70
0.131984 -0.272268 70
-18.6585 9.49 70
9.09734 10.4332 70
9.33182 0.78756 70
1.30326 -0.920894 70
8.91699 8.5214 70
-8.96016 0.114695 70
-20.2799 -21.3529 70
11.4497 -39.6458 70
-0.141366 -0.958256 70
-0.1257 -0.129935 70
-28.5229 1.33366 70
-11.1622 -0.11264 70
-10.0871 -0.0805058 70
-10.4809 10.6523 70
-0.404054 -0.625028 70
-0.543156 0.614816 70
121.216 20.4654 70
118.859 21.1772 70
-19.4152 11.3311 70
-11.3265 -1.47333 70
-0.177082 -0.340347 70
1.23728 -0.475399 70
0.210593 -1.39317 70
0.382483 0.6613 70
1.34496 8.51328 70
-11.393 -0.277172 70
-8.7904 8.77878 70
-11.4604 -0.772898 70
1.17531 -1.20344 70
79.6745 -40.4298 70
-11.4126 0.701042 70
1.18844 -0.38156 70
-1.4628 1.1215 70
-38.8069 1.41555 70
18.7177 -8.90004 70
20.0987 -9.96174 70
-21.36 10.5669 70
-0.307756 0.961711 70
11.4621 21.3095 70
58.9201 -0.876203 70
-11.2117 -10.9785 70
0.10189 0.131836 70
0.591488 0.620802 70
-30.8018 -20.3674 70
1.25038 -29.6696 70
-9.65312 0.393571 70
-50.1038 31.3849 70
18.9888 -10.6751 70
0.741434 10.8873 70
0.175506 -0.594074 70
-0.280356 -0.222135 70
-1.337 -0.45763 70
0.26083 -0.565177 70
-1.17005 0.991168 70
-1.15425 1.25071 70
9.57807 -29.7542 70
-10.4357 0.727359 70
-11.1467 -8.88737 70
-8.62021 0.878203 70
-0.534668 -0.473219 70
-30.9355 9.48633 70
-60.4777 8.71972 70
-11.145 -19.1106 70
-8.80585 -9.45421 70
21.3406 10.1022 70
-0.66059 0.0610943 70
20.4766 -11.213 70
-10.8364 -8.73311 70
-21.0578 9.31264 70
-0.168908 -0.897016 70
-29.8485 19.4514 70
0.0296587 -0.155316 70
-1.10017 1.18088 70
0.745967 28.9796 70
-11.2333 1.27945 70
-8.62744 -1.09568 70
-10.252 10.3493 70
-29.4694 -1.11836 70
-10.3089 9.30557 70
9.78196 -1.14763 70
-0.601574 8.57928 70
0.932401 0.884897 70
10.8445 -10.5352 70
11.4975 -11.3967 70
-0.543147 -8.57092 70
0.0585052 -10.7781 70
40.5047 11.1733 70
20.8934 19.4986 70
1.11451 10.0262 70
-10.1598 0.40727 70
-1.07402 9.03235 70
0.00744587 -9.86235 70
-31.1909 9.41722 70
-1.49418 -0.0206904 70
-1.00599 1.43965 70
-11.3196 -10.8168 70
8.67918 0.574762 70
-9.40214 -8.50058 70
-9.40045 -19.2948 70
-10.0813 8.67783 70
-11.251 0.949727 70
21.356 8.87957 70
0.024521 0.802771 70
19.8524 -11.0045 70
0.0898134 -10.9107 70
-49.48 -49.7049 70
-50.7515 -51.0483 70
-8.77001 8.85012 70
-0.412394 -8.99386 70
-19.4111 -20.7077 70
0.210832 1.0855 70
-0.725513 0.93941 70
1.37909 1.2345 70
1.38389 -0.0498195 70
-11.2173 9.01687 70
1.26024 -19.2922 70
-9.56404 49.0158 70
-28.7881 -10.2536 70
58.7844 10.1585 70
0.422111 -0.515907 70
10.9309 -10.3168 70
10.8979 -9.33394 70
0.302102 0.861136 70
0.961625 -0.36817 70
0.206006 -0.7414 70
-1.45424 0.462109 70
0.0134644 9.10721 70
10.5476 9.16861 70
-10.3909 40.096 70
-41.1858 -20.3324 70
-9.8771 8.67019 70
-10.8913 -0.631623 70
-19.4205 -20.4483 70
1.45195 9.20868 70
-9.01186 -0.0877402 70
-19.5856 -0.43068 70
-29.8475 20.2491 70
-0.621365 9.62519 70
-0.0367279 11.2881 70
-10.1963 -10.5958 70
-11.1936 0.738789 70
-0.239347 -0.933206 70
-8.73245 10.4454 70
-40.7184 80.7793 70
0.832978 -8.89915 70
-31.0491 -30.8728 70
-60.3407 -1.02901 70
9.49659 -31.392 70
10.2172 -31.48 70
-8.64934 9.99505 70
-10.6171 10.6321 70
-11.2801 10.9876 70
9.22681 -9.87304 70
0.889552 10.045 70
11.3445 19.5012 70
-10.4503 -41.0777 70
-1.34185 -0.252437 70
0.140325 1.22565 70
-10.0505 0.881033 70
-29.7259 -9.94778 70
19.7254 -18.6074 70
-10.7614 -0.221212 70
-10.5532 11.1405 70
-10.5699 10.6538 70
-29.5402 8.63817 70
-40.2284 31.2103 70
-10.0911 -0.717644 70
9.53339 9.78461 70
10.699 -0.363612 70
-9.57804 0.537906 70
0.547226 20.3214 70
1.04837 -0.919956 70
-49.0879 -38.5223 70
-20.2417 0.806325 70
-1.37754 10.2343 70
-1.11478 10.4331 70
8.51439 0.920377 70
-9.1441 -0.298376 70
-29.9748 69.1963 70
9.05415 -20.0284 70
-10.5734 19.8209 70
20.4557 19.9915 70
1.0921 0.19659 70
0.188884 -1.32273 70
-9.98301 9.51945 70
-0.31934 0.678372 70
-10.6664 1.19837 70
-9.43766 0.796166 70
-30.0842 -1.44174 70
-1.08178 -10.9975 70
30.0801 -31.1464 70
0.530979 0.270067 70
10.88 11.453 70
0.548164 -1.26299 70
-0.969394 0.460531 70
-0.182826 -19.1983 70
-0.163308 -10.4236 70
9.10927 10.736 70
11.4127 -0.146889 70
-10.2363 -9.41404 70
-30.3599 29.7015 70
-8.70807 8.55021 70
1.31558 -8.62959 70
-0.531403 -1.38967 70
-19.8664 -0.999807 70
-9.48505 -0.731445 70
1.41698 -0.83899 70
8.64486 78.8135 70
-1.10392 1.27106 70
-10.3861 -21.0116 70
-1.36163 1.32446 70
-1.30481 0.0409903 70
-11.2609 9.63096 70
-0.0270987 9.98951 70
0.613737 8.51073 70
11.2903 -8.53041 70
-9.12215 9.79233 70
-0.697259 10.3252 70
-11.077 -0.775027 70
8.63295 -19.6998 70
-8.55458 -1.3782 70
10.7473 19.6433 70
-10.6732 40.8112 70
-11.3914 1.13226 70
-0.442853 -1.34594 70
0.731593 60.5544 70
-41.103 -60.1944 70
0.614948 10.0332 70
-1.42599 0.850298 70
-10.4553 0.708851 70
-0.847168 1.45603 70
-19.0393 11.4118 70
-0.76295 0.813112 70
-1.00417 0.976285 70
-20.2852 19.0626 70
-31.0126 -30.2182 70
0.948068 -1.35252 70
-0.454932 -0.46063 70
8.58184 9.86556 70
-0.538623 0.590388 70
-20.5756 11.3341 70
-29.6036 -0.394508 70
9.141 -41.0345 70
0.669414 -0.873479 70
0.281863 -1.04061 70
-8.71494 0.780006 70
-0.145094 -11.0291 70
-9.67624 0.778097 70
9.14456 11.0316 70
-0.157056 0.45535 70
1.08658 0.835611 70
-19.7882 -10.8324 70
-49.2385 40.8893 70
-0.827769 -0.493719 70
-9.95265 9.22342 70
-10.9984 8.60136 70
-0.333438 0.0525098 70
-9.9023 -1.16084 70
0.0858753 39.1802 70
0.359955 9.67359 70
90.4663 -51.2227 70
-1.37441 -1.49653 70
-0.466707 -29.832 70
-10.998 0.558523 70
-9.7354 -1.24181 70
-19.9001 0.648967 70
-1.49929 10.1226 70
0.917116 -0.651435 70
0.80707 -1.20459 70
-109.961 -39.9037 70
-8.69268 0.168819 70
-9.32409 -0.807233 70
-11.0485 0.969918 70
-0.514933 0.344882 70
-0.789962 0.0356841 70
-20.4976 30.5425 70
-0.698799 19.3628 70
-9.83446 -1.2633 70
0.854139 -1.39777 70
0.724789 -19.6091 70
-10.5077 10.1641 70
-41.0896 -41.2089 70
70.2357 9.1308 70
-8.82216 10.945 70
0.855367 11.1824 70
19.0543 -1.07872 70
9.2315 -0.400135 70
-9.21218 1.47098 70
-0.709798 -8.58123 70
-11.2821 0.37052 70
0.320893 8.93772 70
-1.46086 10.1737 70
-8.67037 -0.278095 70
-9.57885 11.3764 70
39.7641 38.6261 70
1.19338 -0.310544 70
-0.96404 10.2522 70
0.813389 9.03603 70
-0.409594 -1.31446 70
-0.269033 9.24348 70
10.9257 -28.7956 70
-10.4951 -10.2806 70
-0.00143587 11.1112 70
19.5301 18.7066 70
11.1006 0.535913 70
-0.153206 0.286941 70
70.1248 -50.2025 70
-11.4071 -0.619787 70
-0.886172 -0.346161 70
-19.941 -18.9403 70
-19.9686 -20.365 70
-9.2383 -1.47806 70
0.875474 -1.32968 70
-1.43343 -0.398649 70
-0.682596 -1.46019 70
0.115108 0.984318 70
-9.20873 -0.579443 70
-30.2669 51.059 70
29.0743 10.1624 70
1.21291 -38.74 70
0.53645 18.7389 70
-20.2881 -0.180394 70
-21.0485 19.4244 70
0.696086 -0.828017 70
-10.4735 0.324302 70
1.1225 0.170042 70
11.0976 0.173456 70
1.00837 1.42517 70
9.92723 30.6191 70
-40.1236 -19.9602 70
21.3141 11.1903 70
-9.12069 1.27442 70
-9.72228 -0.83017 70
-10.0814 9.81923 70
-10.7739 -0.671566 70
0.963714 11.2807 70
11.1528 0.689383 70
-0.0243859 -0.736819 70
-0.134683 -0.16078 70
-10.4678 9.08732 70
-8.89702 -0.477306 70
-9.80622 -8.67982 70
0.506294 -0.806291 70
0.0333747 -8.98858 70
-10.3723 0.717062 70
-8.70942 10.9123 70
-8.98656 0.289851 70
-0.881029 -9.18462 70
-11.0732 -8.72425 70
18.8152 10.4147 70
-8.90174 -88.9744 70
-11.044 -1.28779 70
-0.555655 0.480489 70
-18.7712 0.422461 70
-20.4859 20.417 70
-11.4738 -11.3321 70
-1.10655 -21.4935 70
-1.39185 -0.434073 70
1.02092 -20.3369 70
1.06185 0.634641 70
9.45483 0.544345 70
8.70634 0.50444 70
-8.61943 0.988148 70
-10.1855 0.18911 70
1.04297 10.3304 70
-11.2263 0.870931 70
-0.339192 20.0713 70
-8.75931 10.8245 70
0.229058 -10.6493 70
-9.45954 -0.0181835 70
-31.2079 -1.29068 70
0.0459918 9.93085 70
-10.1523 0.531227 70
9.10328 29.6875 70
0.803161 1.10099 70
-1.31996 -1.30092 70
8.74815 21.4527 70
-1.39909 -8.95828 70
-21.2032 30.1451 70
-10.9613 -1.27638 70
80.2705 118.511 70
10.163 11.3081 70
8.66639 -1.27259 70
-10.8974 8.92311 70
1.19018 0.560181 70
40.2883 98.8543 70
-20.7846 1.28343 70
-69.0636 -100.445 70
-0.443542 9.91827 70
-1.09266 0.332159 70
-0.415264 10.5439 70
10.5613 -19.5295 70
-0.993152 0.501026 70
10.393 -10.2766 70
29.3014 10.086 70
39.8976 20.9769 70
20.2535 -28.9518 70
11.0329 10.0649 70
-0.675177 -9.76457 70
-10.8433 -10.6795 70
-10.2054 -9.61819 70
0.0996673 8.7925 70
-9.90046 -31.3911 70
18.6807 0.549243 70
-0.140491 0.0634032 70
11.1795 8.70731 70
-30.9866 9.24954 70
40.9352 38.924 70
11.2213 -0.228189 70
9.51843 -20.318 70
-8.69538 -1.46219 70
-0.631494 -9.43167 70
1.00639 -10.5974 70
-0.969711 8.90048 70
19.4851 0.864832 70
-18.8761 10.4943 70
-9.946 10.4751 70
-0.553472 0.935924 70
1.0132 11.2107 70
-0.50029 0.176853 70
11.378 -10.9374 70
1.13105 28.6944 70
-40.7426 -11.049 70
9.7448 60.0723 70
-11.3575 -29.2581 70
1.00119 -1.0813 70
28.7352 20.3471 70
0.919537 0.182127 70
-10.0613 9.39882 70
-10.5628 -1.49021 70
0.446344 0.909129 70
10.0184 -20.2244 70
0.655293 0.253537 70
-58.8357 10.7558 70
-11.3687 10.5632 70
0.766337 1.38531 70
-0.659151 1.28438 70
-11.3359 -1.28499 70
-20.4954 1.32758 70
-8.61866 -0.18893 70
0.213747 7.4944e-05 70
-11.4261 -0.258054 70
-8.74354 9.52611 70
0.0238314 -0.855673 70
-0.127486 0.95479 70
-1.22556 -18.6405 70
51.3755 20.9103 70
-29.2125 -9.1326 70
-30.4457 -8.84513 70
-9.02125 -11.1543 70
-10.1396 0.781061 70
0.130596 0.370716 70
-0.427354 0.65301 70
-30.6188 -20.5742 70
8.9557 10.8474 70
-0.504852 0.291173 70
-0.895128 -0.658009 70
-0.10699 -9.32737 70
-11.2088 11.4027 70
1.32095 -0.333514 70
20.5936 49.7736 70
-10.7865 9.29035 70
-10.9321 10.6045 70
0.865158 0.853017 70
10.0278 -11.4358 70
-0.340553 -0.430348 70
0.284329 -0.434965 70
-8.53495 -0.546042 70
-9.35024 -10.6855 70
-1.30066 1.28791 70
-1.35348 0.671139 70
18.7502 10.3214 70
0.828935 -1.28168 70
-11.3535 -0.211267 70
-0.52409 -9.81399 70
-0.780575 10.3816 70
-1.4631 -0.543875 70
-10.8358 -0.906877 70
0.842235 0.793967 70
10.7788 1.49098 70
-8.96361 0.758873 70
9.22921 9.57389 70
9.54934 10.565 70
0.996964 0.2051 70
-0.386541 0.121466 70
1.25199 -0.326144 70
0.165246 -0.580321 70
-19.6911 29.4595 70
1.11752 0.855498 70
-31.0623 -9.94668 70
0.313467 10.5663 70
-9.23008 29.2726 70
0.677732 0.094592 70
-1.13536 19.1597 70
-9.83316 -38.6281 70
88.8171 -118.653 70
-20.3079 10.3857 70
80.5595 8.79408 70
79.8541 9.47161 70
80.2111 10.8331 70
-10.0532 -1.3849 70
-10.3083 -0.71006 70
1.10402 1.33448 70
-0.0893508 0.382114 70
-20.6853 -9.96264 70
0.686111 9.59181 70
-59.6881 1.04496 70
90.1302 -29.1762 70
20.9899 40.9583 70
0.992015 9.89556 70
0.805502 -1.24064 70
-11.0168 -10.3273 70
-30.7544 -60.9354 70
-10.6027 9.63417 70
-0.00206953 -10.2166 70
-20.6093 40.202 70
0.122221 0.954015 70
-0.741652 0.504032 70
-59.0834 49.9061 70
-99.8583 38.9617 70
-11.3929 1.31307 70
-10.9294 -0.225142 70
-10.2463 9.30846 70
-0.937957 -1.08986 70
-1.36369 11.3857 70
-0.283428 -1.08267 70
-1.39976 38.5861 70
0.48022 11.2501 70
0.298145 9.24638 70
-1.01267 39.9134 70
1.32778 39.6525 70
-11.0571 11.2836 70
-11.2043 -1.2743 70
29.8122 0.581584 70
-11.2498 -1.2097 70
-9.22423 19.9904 70
-11.0891 -0.187976 70
-1.03849 -9.56506 70
1.13803 -1.25077 70
-20.7041 -49.137 70
-0.935639 9.23132 70
-8.65915 11.0275 70
-0.510306 0.465502 70
11.3593 -0.492429 70
-0.625862 0.872173 70
1.40627 9.15232 70
