10.3991 -0.807303 70
-9.41582 0.274794 70
-0.206192 -0.380346 70
-10.7661 -28.7111 70
10.6535 -1.30649 70
-11.2959 19.6279 70
-9.84943 19.3743 70
-29.5422 -28.6385 70
-0.336768 -19.0824 70
-1.35135 -0.246718 70
-8.93159 20.4829 70
9.93977 8.7079 70
19.9338 -29.6592 70
21.2706 -28.8798 70
9.061 9.20144 70
-99.2404 -78.5826 70
1.27726 21.3364 70
9.08276 0.701824 70
-0.0793422 10.9428 70
40.5849 -31.3117 70
49.4237 1.39133 70
9.21656 -1.04283 70
8.93049 9.58969 70
20.9181 -10.9896 70
-0.899815 0.902881 70
-8.75718 -0.903557 70
10.649 0.0539119 70
9.24593 1.13612 70
50.0846 -18.9271 70
8.87052 -1.44928 70
-0.440683 -39.5797 70
21.3413 0.119155 70
11.3629 0.490721 70
9.87755 -1.32785 70
9.82014 11.2481 70
30.6307 -40.3627 70
8.54407 21.0691 70
18.8609 -0.182626 70
10.3789 11.0712 70
8.67146 9.36906 70
8.82275 0.286648 70
19.5565 -0.355628 70
1.38394 -1.46598 70
-0.349005 -0.337991 70
-10.1773 -21.3363 70
9.82422 18.5208 70
-1.31688 -0.899918 70
1.31322 -0.480368 70
1.39595 1.47256 70
9.5076 -1.41741 70
10.8141 -0.346702 70
1.04946 -9.31044 70
-0.630121 1.43767 70
0.565873 -0.591016 70
9.33892 0.906041 70
1.30004 10.6093 70
-0.555996 -10.1954 70
9.41351 -1.12259 70
10.5478 1.07955 70
8.68126 0.680262 70
8.57866 1.29019 70
-9.49724 -11.4292 70
10.4803 10.246 70
-11.4718 9.60454 70
-1.24218 0.961786 70
58.5382 20.9199 70
0.475296 10.2798 70
-1.25915 0.214246 70
10.2849 -0.0547959 70
9.01736 1.31843 70
10.2206 -0.860602 70
11.1924 0.504844 70
10.0448 -0.128258 70
-0.841637 -0.865243 70
-19.4931 11.0414 70
10.3238 1.07777 70
0.902566 9.47514 70
39.0381 -29.7282 70
10.3784 1.31678 70
8.61824 0.956804 70
0.365002 -0.533088 70
0.338091 -1.02415 70
-0.98656 -10.1023 70
-0.760827 1.41125 70
10.675 0.11274 70
11.2116 28.6528 70
-0.89124 1.4002 70
38.5148 -30.8519 70
0.93909 9.7948 70
11.3038 0.417474 70
-0.854153 11.2832 70
1.04543 -9.4339 70
-30.4214 20.5672 70
10.5331 -0.25582 70
-0.86637 1.45051 70
8.87544 0.580192 70
10.8137 -10.1184 70
10.7061 -0.750302 70
1.0898 -11.4075 70
-9.02151 -18.5649 70
-1.47918 -1.20704 70
1.3088 0.0523228 70
9.29839 -18.9912 70
10.922 -0.482263 70
-39.2748 -70.0917 70
-0.473991 9.5265 70
1.34306 9.00743 70
20.5453 21.442 70
1.48377 -0.122363 70
10.423 -10.0878 70
1.28231 -1.44584 70
11.1388 -1.12532 70
-0.0047103 0.606577 70
-20.3478 18.6395 70
-0.541324 10.1599 70
1.33164 9.0156 70
0.500696 -1.08376 70
8.95886 1.37956 70
0.102688 -0.80679 70
-1.14259 -0.416302 70
8.6252 8.96168 70
18.6356 -18.7467 70
-8.95374 20.0696 70
-59.9194 -10.0193 70
9.90889 0.795943 70
-0.0244344 -10.4213 70
30.4958 -0.0958315 70
-20.5534 -1.13228 70
10.4019 1.19396 70
9.95155 1.13505 70
31.1524 9.36894 70
1.32537 0.445707 70
9.98699 -21.3173 70
30.4518 0.845431 70
11.4098 -1.47665 70
0.296115 -10.389 70
10.993 -0.381265 70
9.45716 -1.36314 70
-11.4394 9.28716 70
10.8964 9.00491 70
0.270682 -0.699864 70
10.9221 -1.40392 70
-0.685965 11.4715 70
-0.299036 -0.918968 70
9.49195 -9.9657 70
-0.565775 10.722 70
9.39681 1.17185 70
19.3489 28.6825 70
19.3208 -9.94304 70
-48.6664 -18.8337 70
0.478023 41.0834 70
-0.924917 -19.0781 70
-1.17697 -19.7594 70
-0.870792 0.484483 70
-10.677 -0.120333 70
-29.9234 18.9418 70
10.2116 -9.46801 70
30.2355 28.6905 70
-1.41913 0.177695 70
-29.3186 19.9579 70
19.2686 -1.11161 70
39.3163 -29.3367 70
11.2494 9.65367 70
-11.3944 -9.10114 70
10.9721 -8.98694 70
-0.925552 -0.538387 70
1.12051 10.9244 70
9.05849 0.0408277 70
-10.2521 -20.9481 70
-28.8629 -29.5333 70
0.769384 -1.44893 70
0.847718 0.363193 70
9.89934 1.17186 70
11.3792 20.328 70
-0.432466 0.474152 70
40.8638 -40.7069 70
-9.38874 -9.35138 70
0.321829 0.92351 70
-0.914354 -0.265979 70
10.6181 31.0275 70
11.0205 31.136 70
-9.10637 0.271425 70
18.765 0.0138039 70
0.0541877 -10.3822 70
0.260277 0.563172 70
-0.484148 10.6632 70
9.85319 -0.934755 70
-1.00386 -8.93225 70
-0.142775 1.41182 70
-0.620279 10.3685 70
-1.12243 -0.7303 70
0.720777 0.411591 70
-0.222243 -9.94172 70
0.381569 -0.538684 70
0.540438 -0.0764375 70
-0.0265329 -60.6238 70
-1.04842 -0.359986 70
0.0101297 -1.46784 70
10.9685 0.614 70
-1.12779 0.947416 70
20.8023 -10.8261 70
-1.06389 -0.0652932 70
30.6678 10.4201 70
0.143894 0.0560766 70
1.38643 1.21638 70
21.4072 -1.0125 70
19.5047 0.255217 70
8.95759 -9.96327 70
0.278492 -1.05496 70
-1.21216 -0.108744 70
10.8093 -1.07955 70
20.3353 38.9467 70
-0.522375 -0.833489 70
20.3809 9.9331 70
-0.999857 -1.0642 70
0.90635 -11.2258 70
1.03552 -0.90538 70
1.15424 -9.28306 70
-30.1396 -50.2336 70
41.1678 39.7242 70
-0.0694591 -0.85802 70
-0.953681 -9.34411 70
9.10938 -9.56986 70
11.0598 -10.3228 70
0.0403421 0.96774 70
0.371184 -0.512205 70
-1.15707 0.0542897 70
10.3285 8.6218 70
1.30916 -0.64586 70
1.45387 -11.4825 70
-1.32011 0.0271911 70
18.9539 19.6012 70
0.214777 -1.24073 70
0.392621 -0.0570777 70
8.60211 -1.46796 70
11.3332 -0.0553444 70
1.4533 0.299962 70
11.4661 -8.54931 70
-0.0112261 -0.721465 70
-0.206178 -1.14899 70
21.0178 38.5812 70
9.74209 -0.846845 70
11.13 88.6464 70
19.9514 -20.7321 70
1.15294 -0.0664275 70
0.840133 -1.11507 70
-9.63329 9.18562 70
10.5897 -40.6757 70
-0.28403 -0.437484 70
51.1019 31.2512 70
29.2939 50.1209 70
-9.39121 10.0311 70
-8.81088 11.4375 70
9.96424 -1.46613 70
10.1747 -1.30004 70
-8.84808 20.231 70
11.3927 0.473588 70
9.54163 -0.415424 70
8.71067 9.3651 70
29.7755 21.1276 70
-21.1245 -18.6269 70
90.8131 -40.5943 70
11.4185 0.63415 70
11.3077 -1.09457 70
19.4109 -10.9962 70
-0.65904 1.19285 70
9.67749 9.08853 70
-11.4448 -0.203212 70
-8.82592 -10.2857 70
10.0147 -0.284017 70
9.00311 -8.81287 70
1.49066 -9.57289 70
10.1822 -0.0611889 70
10.536 -10.5289 70
0.462066 0.922242 70
-11.2412 -1.30598 70
9.51418 0.786077 70
29.4408 20.5722 70
-1.29263 -11.069 70
11.443 -9.30807 70
10.4436 -10.6856 70
8.63427 -9.1308 70
-9.03019 -9.83121 70
10.7896 0.712097 70
40.765 21.2849 70
-0.42138 -1.15606 70
0.409883 9.19443 70
18.7699 -9.03726 70
0.767654 -0.931863 70
8.99707 -0.937636 70
10.1683 8.62329 70
10.3437 19.4795 70
8.61134 -1.0832 70
11.2811 1.23494 70
19.3123 -19.5048 70
-0.81417 -9.1362 70
-31.0381 -9.09159 70
9.78777 1.12477 70
-10.4753 1.00931 70
0.188185 9.11089 70
-100.311 -99.4359 70
0.891623 0.717149 70
-8.72158 -20.8507 70
-0.889564 1.37669 70
18.9507 9.8336 70
8.89225 -0.595917 70
1.24364 0.325551 70
29.1411 -40.4484 70
-1.10875 19.2732 70
-0.264088 0.357335 70
9.41892 1.4141 70
10.1671 -1.24788 70
-0.127655 -1.37504 70
30.7362 0.0902988 70
29.63 -9.69201 70
1.32906 1.28978 70
10.3902 0.361533 70
11.4767 -0.0428998 70
-1.4594 0.441119 70
0.691549 0.800467 70
10.8797 1.30386 70
-0.649539 0.43581 70
0.365457 8.78004 70
10.3113 -10.0849 70
-0.381787 -0.328689 70
29.5106 11.04 70
10.4287 -0.0334574 70
-0.319081 -0.810969 70
8.93112 -1.1118 70
8.53411 0.570917 70
9.9635 -8.62758 70
9.52196 -0.968238 70
0.704196 -0.5346 70
-10.9247 -39.661 70
-0.527859 10.7086 70
-0.0620776 1.13061 70
20.6634 -9.61807 70
-10.1117 0.314168 70
31.2423 -8.95915 70
19.369 -28.5431 70
-10.4649 -9.87426 70
0.0706131 10.6901 70
-8.96674 -0.462151 70
9.62107 0.298046 70
8.54986 -1.27099 70
9.55546 8.70719 70
-0.0361679 0.368758 70
1.13051 -0.411456 70
0.382043 1.38454 70
18.9887 -0.931209 70
1.43569 -1.47526 70
9.21125 0.450799 70
0.0750513 -0.772031 70
-11.2788 10.3151 70
9.72197 39.2921 70
10.6745 40.7715 70
-20.3703 -10.6447 70
49.7808 19.48 70
0.348123 -1.38327 70
-1.18918 -1.21091 70
0.971104 0.499118 70
20.052 -20.7066 70
9.68661 10.1248 70
-1.10777 -9.21864 70
9.42153 -10.9976 70
-19.6516 0.796073 70
11.4771 0.735278 70
10.2968 -0.807704 70
1.39853 -0.0793397 70
-99.1255 -70.3341 70
19.2013 -10.7832 70
-8.65032 19.2889 70
1.10419 1.21374 70
-19.1962 -18.9603 70
-19.4887 -8.73987 70
-60.6184 -1.2542 70
-59.5603 -1.47934 70
1.14479 0.48936 70
8.63375 -9.07048 70
-1.0514 19.6779 70
-19.7446 -30.4544 70
9.60301 -39.3741 70
10.7095 -39.3118 70
11.1863 19.1306 70
10.4854 1.267 70
21.4391 51.2414 70
18.7505 -0.421991 70
40.4721 -10.7648 70
9.60089 -0.873064 70
1.45166 0.693094 70
-0.216981 1.49628 70
-0.991341 10.7371 70
119.973 -41.4018 70
19.0438 -11.3845 70
19.929 0.196429 70
-9.5669 -31.1469 70
-0.500659 9.23733 70
9.12231 1.16677 70
29.1541 39.2636 70
0.00664992 0.676269 70
-21.3213 9.93952 70
51.1781 -49.0651 70
1.1678 -1.41706 70
0.73149 1.04661 70
8.69814 -1.25771 70
9.41537 -10.8372 70
9.87939 0.333742 70
-59.4025 -9.05502 70
-40.149 30.7756 70
10.4361 9.96185 70
51.4596 9.0404 70
-0.344373 -1.21199 70
8.93959 0.746888 70
-10.2147 -0.951692 70
9.80178 0.41482 70
-28.8446 20.3318 70
10.6814 -0.391795 70
19.7408 1.00885 70
29.0643 -0.445212 70
10.1315 -11.4525 70
0.841244 -1.30797 70
-0.39354 -0.316825 70
-0.0531466 -0.290383 70
89.6832 -120.951 70
1.15756 1.263 70
-0.871529 -9.23015 70
31.2699 -9.85726 70
0.902408 -31.256 70
-18.577 19.0658 70
9.52089 -10.8794 70
19.5435 21.2584 70
19.4498 19.3009 70
0.796858 11.4361 70
11.4434 1.02261 70
8.8804 9.94324 70
9.10039 -1.2649 70
1.14577 9.37624 70
30.5175 0.197012 70
-1.16794 1.42213 70
-10.0898 -29.8717 70
0.254596 0.867146 70
-1.1356 -0.563616 70
-9.18867 10.6648 70
10.2538 -11.4393 70
-0.334511 -9.89974 70
-30.6312 30.2824 70
9.2272 -0.0521078 70
-11.4131 -41.3903 70
11.1638 0.996235 70
-0.909065 8.72953 70
50.9069 9.98557 70
-9.83695 -19.5009 70
-1.29084 0.215774 70
0.111426 88.815 70
0.548632 30.5202 70
-0.900977 0.841286 70
0.65505 -30.1138 70
0.272142 0.963016 70
9.96424 -9.82198 70
10.9132 10.8296 70
10.6415 0.0513153 70
1.25399 1.26118 70
11.1787 -9.17646 70
10.2675 0.483603 70
0.793006 -0.594419 70
-1.35142 -10.8128 70
58.986 10.5294 70
10.0182 -0.952117 70
10.7898 -0.0410389 70
-79.739 28.594 70
-11.4176 8.845 70
29.4376 9.54685 70
10.0984 -10.0361 70
-0.749024 19.1198 70
10.0138 0.687946 70
39.9132 -11.2213 70
9.24101 -0.763621 70
9.52077 1.39866 70
1.04415 0.820821 70
8.90033 -20.4324 70
-0.268654 -1.33193 70
31.0111 0.895682 70
-1.49345 -0.0936489 70
-10.7301 -9.74595 70
9.94503 -0.19888 70
9.78716 0.88212 70
11.1688 0.16729 70
8.76302 -0.830791 70
1.27641 -0.0195729 70
10.0457 -0.506871 70
9.39406 9.07827 70
0.605291 0.0298683 70
9.76182 -1.27582 70
20.8289 -9.59885 70
-0.130978 -1.29654 70
1.38652 9.17465 70
-9.74973 0.483773 70
11.1503 -9.06603 70
40.8695 9.84075 70
8.69037 -9.18596 70
20.7726 -39.707 70
10.9586 1.06807 70
0.782796 0.672852 70
-0.745304 0.222733 70
-19.835 0.553782 70
0.213515 0.322845 70
-0.85512 11.4018 70
9.55147 0.672741 70
9.49646 10.6021 70
10.6127 11.1729 70
8.65722 1.16091 70
10.123 -28.6712 70
10.2346 0.108405 70
-10.0853 -10.7079 70
0.447579 -0.290376 70
-1.25967 -0.355607 70
-0.486468 8.927 70
10.8879 0.967574 70
-0.580749 1.1258 70
-1.09496 -1.39784 70
10.8214 10.7442 70
-0.371413 0.0858581 70
-10.4291 -10.8702 70
9.9726 19.9499 70
0.937277 -0.456263 70
9.29793 1.29182 70
0.936349 18.991 70
-20.1681 40.6385 70
-31.0781 0.296113 70
0.894914 -0.96292 70
-9.92863 10.6217 70
1.35394 1.27131 70
9.26651 -10.0345 70
30.1938 -20.8687 70
40.9525 -1.24532 70
-48.8324 88.7261 70
10.172 1.14324 70
-9.96898 -10.2799 70
9.17681 11.4264 70
9.98676 -1.39989 70
-0.98244 1.35889 70
-1.09822 9.82411 70
8.65119 -10.947 70
0.980331 -0.627964 70
9.39737 -19.9414 70
-0.233935 -9.03329 70
-10.2939 0.0912451 70
10.6787 0.545411 70
-20.8635 -21.0225 70
-79.0945 9.21273 70
-10.4657 -18.8876 70
-0.911885 1.47734 70
1.36568 1.08802 70
-1.09511 8.5794 70
-10.93 -8.69987 70
1.25672 1.33323 70
10.4433 21.1752 70
-10.6377 9.88937 70
18.5949 -11.4589 70
18.8667 -8.81704 70
-38.5234 49.4992 70
9.41181 11.37 70
8.96596 8.90872 70
21.0895 0.814514 70
-0.694296 -1.40514 70
-21.0664 -9.5225 70
0.686586 21.2259 70
0.004347 0.383675 70
-9.41013 10.8924 70
19.5211 -10.6837 70
11.4148 20.4508 70
-11.2192 8.80138 70
1.23658 1.36199 70
10.4038 -1.33603 70
-29.9699 -20.6312 70
9.79816 1.27165 70
8.76099 9.75724 70
9.64614 8.568 70
10.9851 -18.8102 70
-0.408906 10.1781 70
-0.118064 -9.94292 70
0.926062 -10.7533 70
9.40032 0.337625 70
8.97628 1.43927 70
1.04332 -11.1562 70
0.477218 -9.22914 70
-10.7491 -0.898011 70
-0.818072 -19.0921 70
18.6127 -11.3004 70
9.73602 -0.532901 70
-0.615918 -0.790584 70
19.7057 10.9125 70
0.24737 -0.0604377 70
9.27291 0.552325 70
9.28546 -9.37103 70
18.6691 9.27279 70
11.4073 9.80932 70
9.63905 -0.224162 70
19.2012 9.52315 70
19.3381 9.55025 70
1.25457 -8.86588 70
8.96245 10.6033 70
-1.22606 -20.0744 70
0.890419 -0.145866 70
1.30795 -1.41416 70
10.1487 0.938575 70
10.3312 0.830293 70
-0.658443 -0.676343 70
-0.510556 -0.525218 70
-0.00454932 -0.886552 70
49.1952 49.8269 70
20.0581 -0.866845 70
10.2429 0.256605 70
9.24941 -0.882816 70
-18.567 31.2869 70
-0.0548095 -0.604129 70
-9.19436 -11.0505 70
-1.0864 1.34025 70
1.06724 0.761064 70
10.1316 0.820311 70
9.05002 20.1352 70
30.0096 -8.63444 70
-0.308909 -1.01104 70
19.1767 88.6864 70
0.129944 -9.70908 70
-30.2614 -8.73233 70
-10.1447 11.4819 70
9.29373 0.380703 70
-9.65588 -9.27744 70
21.0441 90.58 70
9.74912 -10.9922 70
10.0891 -0.632823 70
1.04165 -41.2847 70
11.0165 9.44875 70
-0.452095 -0.806798 70
-38.9192 -99.1188 70
8.75098 99.4574 70
-11.0167 -20.5046 70
8.82481 -1.07113 70
1.2905 -1.25755 70
31.3043 -9.14503 70
10.6409 -1.34245 70
21.314 19.0057 70
20.9276 -9.62948 70
29.5072 -20.5685 70
10.0881 0.240155 70
-28.9258 -29.7548 70
-29.2692 -0.612933 70
-9.22549 -39.1723 70
18.9455 1.10757 70
29.4911 -10.2599 70
0.915639 10.7337 70
9.80795 0.235001 70
11.4753 -39.3799 70
-0.395196 0.595191 70
-0.252281 31.2133 70
1.48023 -0.747724 70
-1.17555 9.81041 70
21.267 21.2629 70
1.41899 1.07407 70
-19.8631 -9.98934 70
11.4725 9.23147 70
18.5023 -19.3041 70
1.4321 -0.562741 70
9.51925 0.0361139 70
1.30048 10.7423 70
31.443 -31.4995 70
0.29465 -0.69411 70
1.35088 0.042468 70
-0.144634 1.20831 70
9.46763 -1.30578 70
10.2819 0.0282679 70
-0.109778 -0.029707 70
11.2152 8.68824 70
0.683602 -9.61402 70
1.27508 -9.86099 70
9.46512 -0.129794 70
38.5715 19.315 70
0.961624 0.269439 70
0.228087 0.253927 70
-28.9027 -40.7409 70
0.253618 -0.37359 70
1.18243 -0.0156187 70
8.89869 0.138254 70
-0.789925 40.7079 70
8.63253 29.3741 70
8.66467 29.962 70
20.0983 0.735936 70
29.6472 -8.77093 70
10.9865 -11.1277 70
-8.52955 -9.51746 70
8.64596 30.0062 70
-19.9509 10.1194 70
10.0588 -10.0207 70
-0.0494011 40.4315 70
-10.8424 -29.5004 70
1.38533 -21.2091 70
-10.7961 -9.19675 70
10.2615 0.629235 70
-10.8101 -10.2856 70
30.2145 -29.3653 70
11.3714 -1.08704 70
10.6131 -9.56208 70
9.90916 9.70054 70
11.1984 1.19005 70
1.4039 29.1772 70
20.8932 0.902192 70
0.548154 -0.714892 70
19.5951 -8.85053 70
9.0425 9.02234 70
9.82196 0.565824 70
20.602 -9.81644 70
-9.65062 19.2921 70
0.988739 -0.57295 70
-9.94477 -29.5604 70
-1.0891 -0.543457 70
1.4204 -0.000348542 70
0.576408 -39.7891 70
