59.2955 68.6533 70
1.13136 0.891592 70
-19.3482 11.1006 70
1.38465 -10.5406 70
9.15501 -1.40155 70
-10.5807 9.98657 70
-0.69381 10.6176 70
20.6737 -0.396541 70
1.30487 0.915434 70
-9.559 9.40564 70
0.53435 0.740188 70
0.454342 0.0720189 70
-0.912541 -10.5455 70
-1.20215 0.163823 70
19.6037 -0.482693 70
-0.0030564 0.45073 70
-1.32478 1.01789 70
-0.532157 -1.00633 70
0.926015 -0.970697 70
8.90115 8.77359 70
-0.933387 -0.255229 70
1.36576 -9.68816 70
-9.58756 20.6814 70
0.0700092 10.3397 70
9.09211 0.421762 70
9.69546 -0.745305 70
-0.83436 19.5505 70
-0.843377 11.346 70
-1.30717 -0.0649197 70
1.26357 1.23845 70
0.399813 9.0007 70
0.0375099 9.58096 70
-1.398 -0.0264964 70
11.476 -1.27547 70
1.06323 -1.42075 70
10.5243 -10.6737 70
39.4789 -29.4224 70
1.26009 9.72409 70
-9.38973 0.109735 70
-0.111963 20.3343 70
0.591651 19.706 70
-20.1237 9.49297 70
8.54858 1.14566 70
20.2911 51.452 70
9.82938 0.724536 70
20.2199 10.067 70
-20.5196 -10.8153 70
-50.4494 9.45012 70
0.284598 10.4042 70
-0.867041 0.433497 70
-0.250438 11.3855 70
-0.102711 11.4432 70
-29.4116 -20.9809 70
-0.675281 -0.161006 70
-0.136945 -0.486684 70
-10.0251 -11.1575 70
20.7965 -8.72995 70
-20.8197 19.419 70
0.667992 -1.04279 70
19.4065 20.9231 70
0.187252 20.9188 70
-19.3827 10.0908 70
0.480748 -0.484883 70
1.49347 28.6535 70
20.2145 0.735469 70
-71.3332 20.9674 70
19.2783 30.1683 70
-11.1116 11.3553 70
0.849008 -0.076647 70
1.45256 -10.2403 70
-0.565385 -0.0972114 70
0.865427 21.1226 70
1.1854 1.35975 70
50.1039 30.7977 70
10.732 -0.397447 70
0.747566 9.16009 70
10.5062 -0.252765 70
-0.427602 -0.79454 70
-8.61749 19.5479 70
-1.13471 8.6844 70
-0.157302 0.858281 70
0.076147 1.37408 70
0.242853 0.774677 70
-11.4762 -31.065 70
1.20522 -0.331664 70
-1.41147 0.581791 70
0.0349732 0.307988 70
-0.382209 -0.213542 70
-21.4516 10.2307 70
-11.0717 -1.09171 70
0.534517 1.30722 70
1.18105 -0.366149 70
-1.47143 -0.895107 70
0.700097 0.857715 70
-8.89176 -9.79225 70
1.37405 21.4994 70
10.2719 11.2721 70
-0.551209 0.455433 70
-19.3665 -10.3555 70
-1.35223 1.00354 70
-70.1125 -29.3128 70
1.29882 -0.237404 70
19.0164 11.0366 70
18.6492 -9.45746 70
-0.130019 -9.26894 70
-8.53226 10.8062 70
0.605212 0.502336 70
1.10018 9.15558 70
0.810563 8.68945 70
-0.0209296 10.0796 70
0.585703 -1.14124 70
1.25756 10.3895 70
-21.3499 11.0619 70
-0.331699 -0.291861 70
-0.335726 0.0686601 70
-0.933053 0.365203 70
-0.115606 1.38912 70
19.6388 -109.601 70
1.49278 -0.249756 70
-60.7786 -21.2797 70
9.60912 0.614211 70
-1.48878 0.933272 70
-1.34067 -9.54215 70
-0.862319 -1.18107 70
-10.2394 10.8445 70
-9.65298 10.129 70
10.6192 10.4107 70
0.862544 18.6332 70
0.0641214 1.46329 70
-0.810271 -1.12475 70
0.115241 -9.04883 70
-0.857844 -11.343 70
-0.729663 -1.12659 70
-18.9753 11.0059 70
0.565863 -1.09085 70
0.939773 -1.15236 70
-0.377002 9.90299 70
11.0584 9.56252 70
0.388218 -8.81289 70
0.688954 -8.84705 70
-19.516 -21.0432 70
-1.29388 0.51172 70
9.78299 9.14339 70
-0.142034 1.06809 70
-0.529478 -0.656418 70
-0.865735 0.188412 70
11.0933 -11.2805 70
9.00271 -11.1468 70
-0.833563 0.431177 70
9.2693 48.6982 70
-1.37008 0.510789 70
-9.81023 -19.8285 70
-0.442486 -1.07699 70
0.0870353 -0.316914 70
-8.97159 -8.76387 70
-30.0699 30.0041 70
-0.448368 0.957419 70
9.63628 1.47973 70
-0.296454 -10.0921 70
-1.25908 11.1699 70
9.11534 8.607 70
9.04376 9.63435 70
0.044076 -0.492713 70
1.44091 -1.10567 70
0.749582 8.59284 70
-9.72703 11.196 70
-1.25315 -1.39484 70
1.45177 -1.42565 70
0.515307 0.596636 70
-1.28907 0.363743 70
-29.8203 0.621395 70
9.1395 -1.04024 70
9.76103 0.593407 70
-1.00441 -1.20363 70
-0.815336 0.458059 70
-0.529962 -1.12005 70
0.664432 -0.572721 70
-0.432526 -0.827897 70
0.492192 -1.09083 70
-11.4507 -11.0987 70
-10.721 -9.33891 70
-40.3457 -49.6364 70
-9.88076 11.1177 70
21.4548 10.68 70
-9.69418 1.19153 70
-1.2049 1.0674 70
0.743979 -0.0343181 70
-20.4918 0.727259 70
-20.4569 -1.01715 70
-0.224986 1.07333 70
-8.92237 -0.0743071 70
-1.10494 0.471643 70
1.04533 29.7214 70
1.15378 0.0853099 70
1.20576 1.11983 70
0.121487 11.4292 70
10.2563 10.7388 70
1.198 51.0065 70
9.95892 19.8644 70
-10.2869 19.7132 70
10.7149 10.4317 70
-8.65273 -9.24573 70
-9.5122 28.6368 70
8.88921 -1.44918 70
-0.763834 -21.1745 70
8.62186 10.2501 70
-10.9496 1.48395 70
0.0653681 8.81813 70
-1.12119 0.0239978 70
1.44413 1.38423 70
10.1699 8.81306 70
-10.2953 0.835009 70
-8.54111 1.22948 70
-10.416 29.5119 70
-9.36692 1.1061 70
-1.40843 0.692384 70
-11.4824 9.14319 70
8.8107 -10.0724 70
1.04926 -9.89959 70
-0.533731 -19.6341 70
-0.973399 0.430071 70
-10.3753 1.24463 70
-70.1375 -69.9098 70
-0.762308 -1.32209 70
1.42242 -1.00223 70
20.7249 -11.2967 70
-1.2924 0.227723 70
11.2287 1.03152 70
-9.00866 31.084 70
11.1547 20.8775 70
-29.5117 -10.6397 70
-9.41555 0.620464 70
-1.17699 11.0281 70
-20.258 8.96451 70
29.279 1.03227 70
-0.866584 -0.0106063 70
0.833011 -0.739101 70
0.485593 10.3229 70
0.118648 -1.04494 70
8.82534 -19.815 70
-0.510432 0.160232 70
30.6482 19.8978 70
20.4855 -0.177839 70
-0.0607925 1.07856 70
1.27972 10.7713 70
10.2571 10.6878 70
-0.598392 8.66071 70
0.32648 -0.628017 70
-0.852195 29.0298 70
0.221928 11.1342 70
-1.44128 -0.266919 70
0.842292 -10.5058 70
1.24191 0.750392 70
1.25576 -40.1287 70
11.3682 0.080246 70
-0.627484 -11.4455 70
-31.2971 10.4246 70
-10.91 -0.271689 70
-0.532417 8.51102 70
-1.35535 -0.529166 70
-0.359305 9.42016 70
0.799748 -0.838678 70
9.65584 10.493 70
-0.624265 -0.29462 70
-9.83041 0.190928 70
-19.9231 8.81503 70
-50.8028 11.3609 70
-0.381068 -0.360379 70
19.7163 0.605272 70
-1.46067 9.5486 70
0.161798 -0.646266 70
0.712174 0.925419 70
11.1484 19.0202 70
-41.2074 -80.4605 70
-20.7803 -9.27221 70
19.5696 -0.13539 70
-1.31378 -8.59575 70
-1.08558 -11.466 70
-10.0275 60.8638 70
-11.3227 28.5568 70
-39.1506 30.0292 70
0.286726 -1.05841 70
10.5327 -0.758904 70
49.5376 20.8341 70
-1.38947 0.983725 70
10.1908 48.6587 70
21.2415 9.35485 70
19.3036 0.911582 70
0.94206 -0.164133 70
-8.54752 -9.73196 70
49.9185 -0.880995 70
40.9042 0.0195028 70
40.4879 1.26363 70
0.640743 9.11212 70
-0.552397 -0.312139 70
-10.968 -9.23798 70
-1.02966 -10.8754 70
-0.618548 -1.38966 70
-19.2546 -19.0408 70
-0.828504 -0.846001 70
-0.656354 0.36946 70
0.284732 -1.05756 70
1.26396 -1.34781 70
-1.25227 0.414563 70
0.174721 -8.95648 70
0.517175 -0.151967 70
-1.09067 -0.0765187 70
-1.1768 0.127953 70
-0.556925 0.467977 70
0.128061 -1.06654 70
19.8614 -1.2255 70
1.14998 0.33065 70
98.8933 120.809 70
-9.76324 -1.36842 70
1.15812 9.90617 70
-9.04881 20.3097 70
-39.016 -19.793 70
-19.8285 19.8867 70
1.23224 1.17786 70
-1.17809 -0.121668 70
1.1018 -11.1975 70
8.72033 0.312669 70
9.18932 30.4342 70
-9.12808 9.69471 70
0.611628 -1.38313 70
1.02144 1.27479 70
10.6202 -0.249484 70
-10.9369 29.5526 70
8.86379 20.5024 70
-1.34092 1.17477 70
0.67148 -0.373753 70
-10.6514 10.633 70
-0.340639 -0.149265 70
-8.81654 20.5934 70
20.4868 -0.883371 70
-0.438825 1.34323 70
-1.34005 -0.373019 70
-0.512848 8.92546 70
-11.0242 0.24181 70
-10.6674 -1.11174 70
-1.24441 -19.5857 70
-11.1919 39.7848 70
19.4519 -20.0442 70
0.300857 0.297127 70
0.322805 10.7158 70
19.0448 10.458 70
-19.5765 9.40711 70
8.63518 18.5701 70
1.20205 -0.176033 70
-80.1181 100.768 70
0.323769 0.873922 70
59.2027 98.5388 70
9.66949 11.3241 70
1.46384 -1.41558 70
0.764646 -19.2317 70
-0.391107 10.7824 70
10.0923 -20.7582 70
18.9939 -8.84369 70
-0.453406 0.259028 70
18.6718 29.3967 70
-1.01376 9.57047 70
0.0553961 1.42747 70
-0.0306593 10.4128 70
9.15059 -0.972286 70
10.9879 11.3463 70
10.5779 49.8573 70
11.118 50.9227 70
1.24905 11.3225 70
11.0077 11.4069 70
10.1306 29.0497 70
-30.231 10.6726 70
21.2564 -18.6893 70
-19.5874 -8.65153 70
-9.42606 0.036603 70
9.53477 0.903613 70
9.16369 -20.6654 70
0.470552 -0.143887 70
-0.704825 1.43913 70
0.614549 8.85109 70
49.908 9.36922 70
0.688209 1.127 70
0.592282 9.85 70
-11.1485 -0.228388 70
-10.2507 -1.40654 70
-0.946439 1.28904 70
-9.60808 -10.3014 70
-21.3178 -11.3295 70
1.37988 10.0738 70
-1.06703 -0.847689 70
1.10679 0.355955 70
-9.53277 11.3204 70
-21.078 -10.1016 70
-11.482 0.0840805 70
-11.4931 -29.9342 70
0.978995 0.177188 70
1.04931 11.4371 70
-1.27237 0.164986 70
9.55182 20.7703 70
-10.3715 -20.9072 70
-1.43308 0.0772347 70
-8.82072 -10.7274 70
-9.98936 -10.8592 70
0.404733 1.28618 70
0.437102 -0.720352 70
-0.242541 0.638864 70
-0.811607 -1.352 70
9.28869 -0.0413394 70
8.57009 -0.672964 70
-0.756646 0.912507 70
-1.23647 0.556295 70
0.77035 0.303782 70
0.636823 0.353088 70
11.0757 8.58813 70
-11.3093 8.6869 70
-10.0598 -0.874237 70
-8.81867 10.6889 70
10.7664 -19.2237 70
-10.6196 -0.547491 70
-9.68321 -0.256485 70
1.05085 0.507531 70
-8.93243 0.015067 70
0.918493 -0.727315 70
1.4106 -0.68027 70
-9.76904 -11.1864 70
-9.63608 -8.63905 70
9.42588 -0.93768 70
-1.15474 -1.0585 70
8.74434 9.2405 70
-18.7396 20.8549 70
19.9346 0.461251 70
-19.4085 0.75139 70
-0.335673 0.961591 70
-8.96947 1.39076 70
-11.0937 10.7789 70
-9.16868 11.3907 70
0.609183 21.3259 70
-0.869283 10.9085 70
-1.44255 -10.7997 70
0.923287 -11.4132 70
0.774289 -11.0828 70
-10.8793 1.44594 70
11.3986 -1.27857 70
0.672466 51.3293 70
1.28401 -0.159714 70
-0.203606 0.567561 70
-1.28933 19.2723 70
-20.2379 -0.879798 70
0.607979 0.945217 70
1.19705 0.753297 70
1.29667 9.37102 70
9.88265 19.134 70
39.0936 40.1364 70
-1.35462 9.67877 70
-9.19764 0.703246 70
11.0514 -9.95322 70
-18.5249 -11.2106 70
-19.4941 -10.5729 70
0.239917 -0.402222 70
20.8065 -0.7059 70
31.2018 -9.65976 70
-38.555 20.0359 70
-10.8131 1.26018 70
1.34679 -19.039 70
0.557976 0.118601 70
-0.427434 -18.5185 70
9.44884 10.2433 70
-9.1519 28.8917 70
11.2797 10.5409 70
-1.00834 0.612055 70
-0.829993 1.47297 70
29.2721 20.475 70
-21.1584 -20.3588 70
-0.655535 0.328482 70
10.229 8.83424 70
20.9764 -8.56181 70
-20.5034 -0.22551 70
0.0353313 0.787907 70
-8.53531 9.96817 70
1.45927 20.7361 70
0.0642029 29.8007 70
-19.8563 -20.1482 70
1.36189 11.4978 70
0.454231 11.3276 70
0.0912904 9.41032 70
-9.46283 -9.1484 70
-10.0527 8.51722 70
-10.4526 20.4125 70
-0.0675356 -0.587432 70
0.0629155 19.3356 70
0.762995 10.5847 70
0.775313 11.2309 70
-9.76856 10.0956 70
-1.45713 -11.1017 70
10.3212 9.55776 70
-0.438783 -0.0187489 70
1.09895 1.37456 70
0.973003 9.1077 70
0.790675 -0.492833 70
-1.31287 0.767162 70
-1.38327 -1.00506 70
-1.37672 9.47091 70
8.87727 1.21075 70
-1.42538 0.933702 70
-48.6607 10.1955 70
0.930993 0.370717 70
1.04639 0.842821 70
-9.08366 10.857 70
0.0952284 -11.0221 70
-9.03724 19.9339 70
-0.020883 -8.92019 70
50.7063 -31.2137 70
-1.12975 0.34095 70
-8.74576 8.98234 70
21.1107 -8.91777 70
1.42422 10.3899 70
-0.180868 0.0616167 70
-118.737 79.3303 70
-40.4775 19.4547 70
-0.332562 0.590814 70
-0.12629 0.579634 70
-0.966286 1.1159 70
-29.7709 40.7241 70
-1.49942 -0.0748363 70
-0.854784 8.57404 70
-0.115789 0.964524 70
-10.1574 8.6418 70
-10.239 1.2572 70
9.04077 -9.94574 70
-0.933332 0.497512 70
0.369682 -1.16342 70
10.1732 0.167349 70
10.108 -0.898108 70
-0.410068 -0.874444 70
-11.3516 8.89998 70
-11.1824 9.87802 70
-0.0117174 -1.44289 70
-0.207353 -0.425051 70
-0.995012 -20.5609 70
-11.3097 59.0519 70
-0.561346 -0.584378 70
-51.4265 -20.4581 70
0.98603 11.1172 70
-10.0107 9.95072 70
-1.20257 -0.750132 70
-0.2683 -0.811112 70
0.701359 10.6329 70
-1.37403 1.26657 70
-8.57843 -0.875086 70
1.13434 -1.30975 70
0.167566 -0.404952 70
-1.37579 0.65842 70
-0.978853 10.0567 70
-0.370305 11.115 70
1.30017 0.555173 70
10.0026 20.1051 70
19.9249 -1.14713 70
1.10916 9.32679 70
-0.0275767 10.0589 70
-19.7452 -1.04728 70
-18.5996 -8.83209 70
9.39626 21.3771 70
0.679628 -0.181541 70
-0.156447 0.589315 70
-0.131459 -0.129068 70
20.5122 10.0194 70
8.99137 9.47196 70
0.266953 0.848602 70
0.0123204 0.531287 70
-0.322631 -9.16724 70
-20.0269 19.4303 70
9.91836 0.441823 70
-0.76682 -0.35633 70
9.58467 -10.069 70
0.237057 -0.053111 70
-8.55885 1.41143 70
29.9932 -19.5567 70
1.2413 8.51721 70
0.183516 0.209491 70
-1.08784 1.17512 70
1.33973 -1.43415 70
0.776472 10.4408 70
19.9801 19.6784 70
0.040906 -11.3579 70
-0.539731 -1.07161 70
-0.496316 0.573604 70
-1.40606 -51.0383 70
-78.749 30.9991 70
-10.2914 0.128467 70
-0.922026 -0.374162 70
0.578233 -0.121031 70
-21.4257 -1.15671 70
-11.4011 29.6745 70
-1.29896 1.46112 70
0.739494 -0.199618 70
-0.263356 -0.0873751 70
-9.83131 9.9812 70
-1.1676 0.0632876 70
-0.0932862 -1.29212 70
-0.922169 11.2076 70
0.705399 1.36905 70
-1.28955 1.43013 70
9.63486 50.9718 70
0.525691 -8.64977 70
0.52836 0.314448 70
1.32418 11.0097 70
21.0649 0.11863 70
-28.5844 18.6648 70
-30.4205 19.5953 70
0.977377 0.218186 70
0.115326 0.915749 70
10.7443 0.170137 70
-9.67237 0.568483 70
-10.356 8.78237 70
20.5362 8.95805 70
-9.93441 -9.78782 70
-0.0859624 0.800828 70
-0.0156931 11.2145 70
19.7443 1.18316 70
-1.34679 -0.659283 70
0.874597 19.4863 70
-9.12117 9.08743 70
21.3045 19.6659 70
18.6236 19.9928 70
-19.4848 10.5671 70
-1.09632 0.447435 70
1.1477 0.416008 70
8.73866 1.27367 70
-0.192215 -0.381104 70
0.335104 -0.233757 70
19.9908 1.1128 70
-1.31589 1.12272 70
-50.917 -10.2805 70
-1.03379 -0.627002 70
0.0385911 0.0584994 70
0.663979 -8.76029 70
0.687206 -9.06046 70
-0.449538 -0.910611 70
-1.33788 0.569734 70
0.231697 0.841494 70
1.32812 1.14815 70
8.98966 -21.4585 70
1.30742 -0.534874 70
-0.167812 59.3941 70
1.36806 10.9469 70
-0.638742 0.496574 70
10.5616 -1.05319 70
-1.39705 9.05796 70
-9.88742 -1.00542 70
-9.50383 9.91967 70
-0.856608 -1.10868 70
-100.796 -19.6973 70
11.3621 11.2618 70
-21.1599 0.397133 70
11.359 18.9293 70
-20.4348 -10.4206 70
21.2401 51.3451 70
20.0007 -0.0530746 70
-10.0177 11.2236 70
0.0568498 -0.172879 70
-0.85379 -1.00403 70
-31.3699 28.8 70
-40.2416 -10.6066 70
0.535131 -9.58602 70
-0.661195 1.3111 70
9.77274 -9.89768 70
-1.11815 -8.85735 70
-11.1549 -10.7073 70
-10.3006 -0.266782 70
1.25522 1.22185 70
0.442176 0.667188 70
1.33069 -1.34192 70
9.00828 9.18358 70
19.5943 -11.0376 70
-0.103322 -8.8207 70
0.521066 -0.69082 70
21.1968 -51.4001 70
-10.9846 10.0782 70
-1.42065 -0.8041 70
0.737474 -0.521675 70
8.96923 0.540693 70
90.8553 -99.4504 70
10.9091 1.14016 70
-10.1353 0.341962 70
9.32882 9.39966 70
1.27761 31.2969 70
9.7935 9.32808 70
-1.19068 -8.70489 70
-0.237248 20.5674 70
0.351329 -1.25601 70
0.362352 -0.661302 70
0.32437 0.56402 70
30.8903 10.6882 70
1.00416 9.88452 70
-9.00239 10.0081 70
-8.77404 11.1697 70
-1.41624 10.7267 70
-1.32446 -0.36213 70
-0.60479 -0.791006 70
0.975415 -10.2156 70
1.33285 1.40876 70
-0.639917 -29.5633 70
-60.0467 48.8451 70
-20.7266 -19.4028 70
-0.44171 -0.166839 70
0.357752 0.661306 70
0.447452 28.8742 70
-20.9798 20.3579 70
-0.796292 1.42288 70
-20.1582 -51.4546 70
1.32135 -109.468 70
-30.472 9.85198 70
-0.39467 0.787747 70
1.16988 -0.90299 70
10.9537 -0.71388 70
9.63878 -8.81547 70
1.44127 -1.08349 70
70.7948 10.6551 70
-0.13763 10.9627 70
0.930293 10.2441 70
0.857951 10.7598 70
0.644736 0.327664 70
8.56323 9.69267 70
-10.7156 10.7885 70
-18.7224 11.4836 70
11.3919 8.82382 70
-11.0735 10.3018 70
-8.83157 9.00241 70
0.129952 -20.5607 70
9.64741 19.3565 70
9.20552 10.0461 70
-0.116686 -0.799444 70
-11.4862 10.278 70
10.7336 0.690191 70
-0.741529 -8.75506 70
-9.60983 19.2076 70
0.475528 -0.581499 70
-1.2886 28.6974 70
-0.59037 29.692 70
-0.970869 0.086753 70
0.484682 0.462476 70
-10.2298 10.8726 70
-19.3116 19.8186 70
0.0467502 -0.67213 70
-1.08688 -29.3992 70
60.1549 -39.5293 70
-31.369 60.8367 70
0.0143396 10.3591 70
-0.833366 0.655439 70
0.086406 8.83046 70
-8.63238 0.332586 70
-0.951121 -1.14321 70
0.022402 -1.07988 70
1.0024 0.997641 70
29.6034 -20.8264 70
-0.431208 -0.0609085 70
-0.826172 1.2595 70
0.340385 -1.41429 70
-1.31915 29.304 70
-9.91054 20.2783 70
-20.1609 -1.30286 70
10.9403 -1.46213 70
10.9272 -0.900127 70
-1.04379 0.0614246 70
0.720171 0.946309 70
-0.781324 1.45357 70
1.18983 0.130301 70
-0.266102 11.2992 70
88.6322 -41.4674 70
-8.73771 -0.854863 70
9.13196 10.5223 70
0.787718 0.616406 70
-8.84687 11.4173 70
-0.964339 -0.509977 70
-20.1356 1.30055 70
1.09674 10.4786 70
