-9.91202 0.166594 70
-19.2125 10.5298 70
28.6885 -11.3485 70
0.957857 0.429659 70
-10.5672 0.797586 70
-0.566038 0.641324 70
-1.03123 -1.12887 70
0.360958 0.0637035 70
-0.00913616 -1.48375 70
-0.565709 10.2915 70
-10.5689 -11.0437 70
0.635498 0.758495 70
-10.9955 1.2369 70
10.9435 10.2213 70
-48.9897 28.7159 70
-1.37771 1.43265 70
1.32045 -0.948087 70
10.3461 19.287 70
-8.88671 -10.129 70
-0.196262 -9.53196 70
-9.21095 -10.5109 70
10.7553 0.474348 70
0.469713 -0.926755 70
0.398087 0.559351 70
0.996259 9.04512 70
-10.8297 0.151854 70
-9.93898 10.3082 70
-10.5461 -10.7344 70
31.3055 -9.10136 70
-10.0109 -9.91669 70
1.08382 0.341463 70
-0.213869 1.38386 70
0.233804 -10.7919 70
-1.44081 0.896082 70
-10.4799 -0.685499 70
-0.637018 -9.69366 70
-19.2132 30.8262 70
0.767042 -8.89946 70
1.16426 -0.985046 70
-10.2728 19.975 70
-79.0763 39.2963 70
-21.388 -11.1476 70
-10.9198 29.4832 70
0.690559 20.9545 70
-1.15475 18.858 70
1.39751 -1.21786 70
-20.4963 19.9545 70
-1.24491 0.72993 70
-31.3323 11.1984 70
-0.979216 10.0796 70
-20.8037 20.9537 70
39.7774 -61.1025 70
19.5333 9.80512 70
-10.8131 8.7066 70
-0.111817 1.05902 70
-1.29131 1.13958 70
-0.443497 0.15199 70
19.4822 50.8959 70
10.7911 -20.8001 70
-10.6769 9.88927 70
1.49623 -0.929869 70
0.0374036 0.929062 70
9.56191 9.58478 70
-60.7175 -119.687 70
-0.123638 -0.673763 70
-1.05335 0.191303 70
8.59695 1.26988 70
-8.58011 0.648805 70
0.568406 10.1184 70
0.386429 9.72719 70
-10.8793 -1.00945 70
21.4175 10.3113 70
-1.04551 0.172088 70
11.2744 1.3453 70
10.9976 10.1881 70
-10.5551 8.85495 70
-9.64687 9.87715 70
0.459759 1.44571 70
10.5198 -9.1371 70
-1.08006 -0.896217 70
40.8141 -8.62312 70
-20.235 28.8007 70
-18.562 8.5494 70
-0.9227 0.130871 70
-0.911713 1.08042 70
10.4915 11.1331 70
-1.19225 1.09974 70
-18.6787 0.249872 70
-0.908212 0.742238 70
10.7641 -0.95888 70
0.356227 9.12447 70
0.23918 9.31472 70
19.0283 9.54834 70
-40.4325 11.387 70
20.2186 20.2715 70
-9.72638 -1.29377 70
89.6652 -109.11 70
-11.1979 8.81018 70
-9.35797 -1.14245 70
-9.19369 -1.48747 70
-20.9821 20.6551 70
-9.31045 -10.4865 70
-19.6948 -28.5126 70
-20.1404 -29.6915 70
1.35177 9.18572 70
0.337739 -0.85678 70
9.967 0.387656 70
-0.0549902 19.8257 70
-10.3448 9.77825 70
-10.3198 1.11183 70
29.9874 11.0106 70
29.9751 9.45205 70
-9.24322 60.6633 70
20.1597 -30.2546 70
-19.332 -29.8515 70
-28.7364 18.5339 70
-8.93151 -1.48286 70
-0.120926 10.2799 70
41.4949 51.2447 70
10.8977 0.027653 70
19.4701 1.42925 70
-21.0752 9.16095 70
1.42535 10.4985 70
8.79278 9.16913 70
1.12077 9.40801 70
1.02178 -11.1948 70
-0.16713 -0.584215 70
-11.4861 10.4689 70
-18.6337 19.9567 70
-8.86347 -21.3518 70
1.4857 0.803999 70
-10.1608 9.59722 70
1.45238 0.902941 70
10.7084 -0.319004 70
-29.7463 59.459 70
-9.0467 -10.7974 70
-11.0645 -8.83017 70
-10.6965 -0.221616 70
21.1179 9.77175 70
0.61179 -11.352 70
0.79456 -0.281907 70
-0.519436 0.756192 70
-70.7596 -61.4499 70
0.845163 0.546039 70
-39.0332 -11.2062 70
0.0780932 11.0048 70
58.5463 101.449 70
-9.38556 11.0609 70
-8.54028 10.6277 70
0.703568 0.461646 70
20.2504 11.4576 70
9.73112 10.667 70
0.411155 0.407866 70
0.734132 -1.36906 70
-0.726813 10.1125 70
0.389581 10.4163 70
-1.29559 -0.396026 70
-28.7957 51.2349 70
-0.924326 0.188459 70
-9.48239 1.44527 70
50.6577 -59.31 70
1.38765 -9.10227 70
-0.189505 -0.397619 70
-10.8189 -10.5371 70
-8.53862 -1.16154 70
-1.44226 -0.584375 70
0.371578 -0.679821 70
-0.995533 -0.0431278 70
0.551714 -0.0852982 70
18.91 -20.7799 70
-1.26247 0.358901 70
11.0699 -1.32746 70
-9.75439 10.0059 70
0.163854 -1.19665 70
1.46647 8.55906 70
-9.79583 31.4972 70
-10.9067 -30.1879 70
-9.747 20.7561 70
-0.591703 10.8511 70
-0.94203 0.670397 70
-28.9509 0.0415577 70
0.484986 -1.37581 70
-10.4904 -39.1373 70
-11.1944 11.12 70
0.720092 -10.2206 70
0.44719 9.27065 70
-1.32743 0.0993968 70
0.997394 -1.33362 70
0.568924 -11.0609 70
-8.60877 0.792179 70
9.93671 -40.0558 70
-0.393983 8.65783 70
-9.82101 1.09782 70
-0.313453 0.680913 70
-40.1478 49.7654 70
-0.0527701 10.0657 70
-10.8112 0.753509 70
9.19587 -1.2283 70
0.546175 10.8785 70
-0.281721 -1.30727 70
-10.2807 1.03796 70
-8.94944 1.23002 70
-19.4389 9.75205 70
9.26885 10.0173 70
0.15744 -0.58871 70
-11.0396 8.7257 70
0.678059 -0.488574 70
-8.64289 30.3246 70
0.969311 10.6217 70
1.4741 10.4748 70
-68.7095 -70.1456 70
8.54682 -19.6936 70
-9.89864 -0.748088 70
9.20387 -9.93063 70
0.170171 1.14246 70
-20.383 21.1279 70
-10.8868 -9.40962 70
11.0277 9.15106 70
-11.3993 9.36995 70
60.5009 10.023 70
-10.8488 0.276372 70
-1.39272 -9.21191 70
11.1289 -1.38567 70
-8.56046 0.638822 70
18.5934 -10.4603 70
-1.49763 0.465137 70
-1.12841 0.0208879 70
8.81523 0.557333 70
-0.246225 10.631 70
-10.6941 0.807236 70
0.797189 19.3309 70
-19.5183 -0.754451 70
1.44453 10.9263 70
-99.6088 49.6524 70
-100.639 48.805 70
-18.5851 -10.4842 70
-20.2035 -9.59941 70
1.06122 -1.30539 70
-1.17898 10.9667 70
-9.08792 9.34167 70
-0.336517 21.433 70
0.368521 0.32805 70
-0.76427 -0.914906 70
-0.978302 10.9866 70
-0.080024 -8.6225 70
0.773272 8.86 70
0.209594 19.742 70
0.548528 0.3218 70
1.29546 11.4706 70
11.1751 9.92454 70
-9.89456 -0.238923 70
-11.1697 0.956584 70
-1.39515 -9.9687 70
-0.234037 -0.296771 70
-10.9582 10.6938 70
0.398919 1.06078 70
0.686229 -9.68728 70
9.93959 9.35402 70
-9.95511 1.18372 70
-8.92437 1.35652 70
-19.2623 30.9736 70
-9.27901 10.0505 70
19.0537 -1.14861 70
-0.985441 -0.437252 70
-20.822 0.611495 70
9.88466 0.09007 70
9.041 1.19432 70
10.5129 -1.22936 70
0.553356 -1.41571 70
-0.427644 70.8173 70
-0.607259 -0.343762 70
0.764148 9.85131 70
-1.03275 10.339 70
9.58417 11.4081 70
-0.145002 -9.15323 70
10.6494 8.79846 70
-20.1528 10.6936 70
-0.202395 8.86204 70
-20.3821 9.36609 70
-0.783014 1.35794 70
1.29075 1.33536 70
-8.976 0.158778 70
-0.225083 0.881411 70
-0.00648598 -0.628256 70
20.8104 9.15728 70
-10.6162 0.261038 70
9.5532 -20.4264 70
-0.478483 9.22507 70
0.754648 19.4989 70
50.3293 9.96282 70
-9.59655 10.0448 70
-0.354528 9.76333 70
-0.0871227 10.4046 70
-28.7205 10.1199 70
-11.3646 0.119733 70
38.5641 -10.0326 70
-9.07274 0.267298 70
0.61834 -10.9271 70
0.212425 10.2328 70
-8.63532 0.743241 70
-0.316401 0.201141 70
-8.87544 -0.581625 70
-11.1661 0.839001 70
1.00895 -0.576452 70
-10.9542 19.7239 70
0.712807 10.1285 70
0.387719 0.192547 70
10.3314 -1.2185 70
-0.285442 -29.7507 70
-9.13095 0.347842 70
-1.47559 9.20676 70
-30.7629 60.974 70
-0.578844 -0.856958 70
-10.9303 0.131489 70
-19.8352 1.05666 70
-1.42895 1.42406 70
1.34112 -21.2729 70
-28.5776 0.0548564 70
1.34323 -9.03088 70
-0.883859 -9.996 70
11.417 -1.11616 70
50.8163 58.5175 70
-0.628095 1.27589 70
0.705978 0.303608 70
0.853764 0.757427 70
9.92211 -9.27401 70
1.37868 -0.14877 70
18.5526 18.9755 70
-9.12296 11.2205 70
-0.50707 10.6945 70
-0.526284 -1.49182 70
0.726049 0.732129 70
0.135574 1.15237 70
-9.83797 9.3603 70
-0.99316 0.59605 70
-0.667811 9.7597 70
0.243526 0.664707 70
-10.5206 9.99059 70
10.9208 19.0155 70
0.142062 -0.750056 70
-8.96556 10.1334 70
-0.627611 1.30583 70
-0.123987 -0.382615 70
10.2161 31.4183 70
10.9638 28.9436 70
18.8337 -20.7795 70
-31.2416 -30.3922 70
-31.4435 -29.7634 70
-21.3323 -9.70359 70
-1.06967 0.78931 70
50.2979 -20.0139 70
11.4792 -1.09332 70
-20.5484 -1.08399 70
0.164527 0.907016 70
-0.511585 20.892 70
-1.25017 -0.787291 70
18.7863 -1.25977 70
-20.4274 30.3678 70
0.956837 -0.201853 70
19.12 21.4633 70
11.2173 10.7504 70
-20.5665 20.8112 70
11.2435 18.5948 70
0.916543 -10.2925 70
0.380215 -10.0496 70
-38.5832 78.7952 70
-10.9189 21.2178 70
-0.49729 1.44425 70
0.141374 -0.652364 70
0.155736 1.41739 70
-8.53066 -0.540884 70
10.6024 -29.4133 70
-9.13942 0.927799 70
0.587027 0.0878358 70
0.850716 -1.28711 70
-0.491238 -0.414562 70
19.7539 -30.3367 70
-1.03332 -0.79243 70
-0.448675 -49.5362 70
-30.3466 -40.884 70
-9.60103 0.140719 70
-1.18987 -0.129377 70
-9.31814 -0.916698 70
0.781202 30.0166 70
-10.2307 48.7436 70
-1.39839 -11.4951 70
-8.98913 -0.592635 70
0.981928 8.51126 70
0.423602 9.97645 70
-1.30421 -0.180882 70
1.41227 0.930559 70
-51.3151 -20.3191 70
-1.46215 -1.48789 70
-19.6582 0.141536 70
0.305464 -1.22414 70
-0.220439 11.1342 70
28.8733 0.921792 70
10.6767 1.27104 70
10.4993 -0.116883 70
-19.8467 -8.61505 70
-8.74423 10.1737 70
-9.5746 1.22969 70
-9.86025 9.97454 70
-89.9235 -11.1114 70
0.299883 -0.418971 70
0.917841 -1.07231 70
0.961807 -0.205533 70
-10.1322 38.8524 70
-11.0816 59.6886 70
-9.02797 1.19091 70
20.9823 -39.7441 70
1.42007 -28.8304 70
-0.248588 -0.44095 70
9.8273 -0.136836 70
-0.376003 -1.05392 70
20.33 -1.34951 70
-30.0374 68.9893 70
8.9073 8.88243 70
-9.32205 21.0578 70
8.51995 19.4831 70
-0.261832 -1.43284 70
-20.1889 9.04492 70
-0.206676 -9.87192 70
1.13947 18.8211 70
-8.79024 -0.497511 70
-71.4287 8.77893 70
-69.0632 9.99266 70
-11.2098 -1.22917 70
38.9841 -21.254 70
-1.42835 -1.45325 70
19.4937 18.8464 70
-0.351891 8.60362 70
-10.4455 20.2627 70
-8.81139 1.40884 70
-29.7451 11.0023 70
-8.97732 -11.1583 70
-9.32004 9.24229 70
-10.4108 -61.3656 70
-9.72767 9.37689 70
-10.9378 -1.37408 70
-9.25282 0.583851 70
-0.907885 1.21536 70
9.84163 9.63051 70
19.0744 -68.5401 70
-8.51317 9.30736 70
29.206 -19.745 70
-11.3677 -10.8956 70
-10.391 0.941202 70
-59.353 51.0471 70
0.822126 9.30045 70
-0.385841 0.596352 70
10.7193 1.45587 70
-10.3856 0.274444 70
-9.88618 -0.821303 70
-9.23325 -10.5599 70
-19.8173 9.02057 70
-11.4879 1.02816 70
31.2002 -40.3548 70
-8.60836 10.2685 70
-10.2525 0.401879 70
8.85089 19.5708 70
9.8412 19.3518 70
20.0672 -21.1169 70
-11.3774 18.9214 70
18.6111 29.9901 70
-11.2997 -9.5038 70
-10.3963 1.06794 70
0.541375 10.5791 70
40.996 -18.77 70
0.123941 -0.0198612 70
-9.95701 10.5606 70
-1.20766 21.0032 70
-0.823535 1.04941 70
0.00815953 11.1452 70
-8.97477 8.77422 70
0.397249 10.9753 70
21.3398 -10.3843 70
19.374 -8.99396 70
-11.0624 0.776488 70
11.4978 -18.6136 70
1.00844 9.03475 70
-0.206863 0.296883 70
0.996724 1.27794 70
8.83262 30.8195 70
-0.950208 -0.86799 70
-10.4296 1.2118 70
-0.0561643 -0.829709 70
-9.73424 9.64276 70
-1.23719 -8.69454 70
0.820101 0.977437 70
9.19857 0.334701 70
-0.723708 -11.1323 70
-40.1361 38.728 70
-10.0317 1.14913 70
-18.8995 9.21932 70
-8.56074 9.05901 70
0.627911 -10.1231 70
0.902598 0.624551 70
-0.939097 -41.1751 70
-0.690056 11.1536 70
-0.178744 1.00617 70
-19.2503 58.517 70
-71.0853 30.3388 70
9.60772 9.45815 70
-10.0943 -0.695975 70
9.28831 18.7724 70
11.2385 -20.7011 70
-10.883 0.492598 70
8.62525 20.8802 70
9.33769 9.42575 70
-0.570289 0.573407 70
30.6512 -40.6292 70
-18.6782 -10.4488 70
11.4646 19.5224 70
0.833582 0.132543 70
-9.10595 -10.2038 70
9.12964 1.05084 70
-50.6909 -10.6044 70
-0.261279 0.655099 70
-0.522767 10.1075 70
20.077 -1.46335 70
-1.22899 0.552415 70
-9.95836 0.213819 70
-9.3456 -0.0198845 70
-9.93186 40.4638 70
19.2524 0.418341 70
-0.596377 9.29809 70
-0.940316 0.492981 70
-51.3856 -69.9193 70
-0.652729 0.929962 70
-20.2627 0.202615 70
1.45178 -0.529069 70
0.249838 -1.44913 70
-0.1979 -20.9959 70
-11.3407 0.634089 70
21.2185 -20.5372 70
19.2245 -21.0966 70
-9.63643 10.549 70
-1.42101 -10.8102 70
10.681 0.673912 70
0.946209 -10.2447 70
10.013 29.2774 70
-20.3408 9.21158 70
0.265108 -0.897107 70
-9.02547 -30.9211 70
1.08804 -10.5574 70
41.1368 -9.54288 70
38.5727 -8.60807 70
49.4924 -20.6114 70
0.0584094 9.11963 70
-18.5631 -21.1227 70
-9.52231 10.2764 70
-0.495835 -0.385111 70
-48.5287 28.8274 70
1.12673 9.62334 70
-1.26768 10.7811 70
-1.34413 8.86079 70
1.18532 9.26546 70
1.18108 -0.735033 70
-0.0159631 0.468432 70
0.332876 -1.49361 70
-10.4257 -1.0483 70
-30.7844 10.2317 70
0.718624 10.7519 70
-0.980952 18.9644 70
0.708523 9.04883 70
-8.58663 1.12915 70
10.0656 1.3052 70
-9.2178 1.01712 70
-1.02512 11.3173 70
-20.2629 -1.17432 70
-39.1459 -0.0903871 70
-20.8216 -1.05617 70
-0.500894 -10.97 70
-1.42334 -0.425538 70
-1.2205 10.2668 70
10.4482 9.39169 70
10.6907 9.78509 70
0.296701 -0.649647 70
-31.4028 -0.835138 70
-9.46975 10.6018 70
-9.67809 1.48533 70
-10.9721 1.28583 70
-0.596494 -0.148308 70
-0.385742 8.62765 70
1.26707 -1.26939 70
-30.7438 9.89926 70
-29.8154 9.7615 70
-10.123 -0.0186879 70
-0.705283 1.2765 70
0.321072 0.594783 70
-0.166957 -9.96839 70
-20.731 -9.38878 70
8.68802 9.87146 70
-1.37856 -0.468916 70
48.6152 -0.783292 70
-1.24602 -0.0629423 70
-10.7407 0.858552 70
-10.5248 0.909396 70
8.51667 -0.0143069 70
-0.55237 -0.553212 70
-0.231362 9.56687 70
1.37775 10.7773 70
-0.076859 8.57354 70
9.03478 10.8997 70
-9.34164 -1.09328 70
-11.4185 1.40409 70
-9.66246 9.95795 70
-8.9852 11.101 70
1.12783 -9.48169 70
0.562082 11.211 70
11.0332 -0.782424 70
-10.9237 8.9797 70
-1.08387 -0.266849 70
9.63981 0.661757 70
-21.0211 9.74799 70
-0.595824 0.424297 70
10.7401 -18.509 70
-9.13975 1.18288 70
-10.1519 0.128653 70
9.66672 -9.96803 70
-8.64312 8.89529 70
0.150169 1.08207 70
0.321277 1.10148 70
10.504 -21.1982 70
-10.1028 8.58935 70
1.16832 -0.236785 70
-1.01189 -0.173815 70
-0.922427 10.1106 70
-11.1977 29.757 70
-0.85802 -1.06395 70
1.39234 21.0768 70
1.00859 1.12024 70
-0.817998 -0.885456 70
-9.7804 0.618783 70
-10.9323 -10.6624 70
-59.0207 21.3921 70
-38.9127 0.803422 70
0.634287 -10.6262 70
-11.1948 11.2549 70
0.739568 -0.349302 70
-10.362 9.94046 70
0.954727 -1.28004 70
-10.9577 19.9645 70
-8.59456 19.9344 70
0.113528 -0.5102 70
0.560001 11.1787 70
-1.34529 -0.417144 70
0.661363 0.931947 70
-0.377452 9.85632 70
41.3782 19.3861 70
-0.982126 9.65463 70
-10.3254 -21.3626 70
-11.1267 10.2594 70
-1.29136 0.790579 70
-0.141014 -11.3478 70
10.4753 9.97055 70
11.4129 9.01085 70
8.63838 9.53169 70
-0.104174 10.3685 70
10.8541 -20.9911 70
0.561399 10.8312 70
18.5242 18.5086 70
-28.8749 9.67481 70
-1.32729 -18.7215 70
-18.6295 -29.0867 70
-1.23731 0.298004 70
-0.563437 0.898855 70
-8.81018 -10.5081 70
-0.638665 -39.8606 70
-19.8772 19.1876 70
-9.67273 30.4961 70
10.7174 -1.25822 70
-1.49205 9.54338 70
-0.978082 0.872916 70
0.414723 1.19106 70
-1.07478 1.05258 70
-0.429607 10.2241 70
-11.4676 -1.02708 70
0.20878 -0.849852 70
-39.8207 40.4311 70
-20.228 1.12521 70
-1.37241 1.46132 70
0.0209735 -0.856416 70
-0.316739 9.59073 70
9.39827 -11.2244 70
10.6291 -9.82811 70
0.903551 9.64871 70
1.23318 9.79166 70
-10.7492 -21.3944 70
1.32438 -0.394828 70
0.924893 -0.637196 70
-1.13291 0.854919 70
-41.109 50.7833 70
18.7262 -8.51242 70
28.7878 59.7714 70
-1.2905 -29.4197 70
-1.45523 -29.6258 70
-0.694698 10.1047 70
