-8.6612 -0.382376 70
-8.54096 1.46518 70
-19.2946 31.4392 70
-0.251873 1.02851 70
0.225364 -9.39979 70
-19.5351 -21.1789 70
-29.8332 -0.0770365 70
0.860625 -1.16782 70
9.79305 8.58094 70
-0.952064 8.82352 70
-31.3498 8.75068 70
10.6971 18.8851 70
0.489937 -0.629049 70
-1.15187 -0.254061 70
-9.57706 0.820174 70
-0.425937 -0.553078 70
-1.10515 0.234302 70
0.0626276 -1.29766 70
-9.56995 0.46157 70
-10.4415 -10.019 70
-0.480074 -8.63685 70
-10.1067 -10.1272 70
0.0259756 0.547885 70
1.3566 -1.28717 70
-11.1572 -8.78408 70
-0.890372 39.0919 70
28.7234 -0.162981 70
9.78795 0.515088 70
-0.20354 -10.4866 70
-0.106235 -0.436418 70
-0.968696 1.09813 70
-0.221672 0.985242 70
-10.8672 18.8541 70
-11.0535 -31.1995 70
9.16752 -10.9701 70
-1.3254 -10.4696 70
-19.3614 -11.2779 70
1.4048 1.33204 70
10.8351 9.81587 70
-0.0180457 -9.76502 70
-11.0939 -1.0497 70
-10.9834 -0.126162 70
-10.3766 -31.3353 70
9.98822 29.7548 70
-0.332756 -29.3535 70
-11.4488 -0.895461 70
-0.862825 28.7711 70
-0.174174 29.2541 70
-0.730329 -9.67529 70
-10.3428 0.721016 70
-1.33902 0.0477923 70
-0.749624 -0.72431 70
-20.3211 -19.9846 70
-20.6597 -21.154 70
1.00102 -1.24679 70
0.69798 -9.59745 70
-1.29162 0.638111 70
-31.4107 9.25955 70
10.7353 -29.6467 70
1.02654 0.584898 70
-30.1437 71.3184 70
-11.2788 20.696 70
-9.53964 19.0667 70
-9.47644 -1.04233 70
-18.5344 9.43485 70
-20.2313 -21.4975 70
-9.04934 1.05733 70
0.0963995 -1.40652 70
-10.3025 -1.3242 70
1.39521 -1.43417 70
-1.27626 -10.2678 70
-0.411587 -9.13622 70
-20.806 9.84354 70
-0.459475 -1.4743 70
-11.2791 -0.458777 70
9.85992 -19.2505 70
-11.1766 -9.73623 70
1.24414 -9.69393 70
0.517312 -10.5729 70
-0.295263 9.86561 70
1.25795 1.45467 70
0.812425 -9.3976 70
-11.1321 -10.389 70
-10.5042 -0.00888317 70
19.3503 10.7479 70
-0.730472 -10.9399 70
-11.1112 1.02703 70
-10.0565 10.3892 70
-10.2138 9.27763 70
-9.86615 10.5018 70
-11.1104 -8.94466 70
-0.352555 1.48508 70
0.35307 10.9514 70
0.587903 -0.065401 70
-18.502 10.5532 70
-10.8702 9.08483 70
-11.0475 -10.4956 70
10.6472 -9.25447 70
0.163554 1.19594 70
31.4715 -10.6135 70
0.678748 -19.6142 70
-9.09809 -0.394698 70
-1.45151 -0.766876 70
0.371972 -11.0396 70
0.303717 1.37738 70
-11.2954 0.540539 70
-20.8985 -19.2096 70
0.108419 -1.17527 70
-10.4632 1.49685 70
-10.6285 1.09065 70
-30.6333 10.8238 70
-8.84838 -9.15949 70
-10.0969 -19.4035 70
-0.100422 -0.337655 70
-9.06832 -0.573991 70
-0.0384733 10.4536 70
-10.5349 -0.888745 70
-8.66844 -61.3613 70
-9.64996 1.38102 70
19.3122 19.4163 70
0.473091 -10.36 70
-0.693226 -9.81892 70
-20.9648 -9.36045 70
-0.898788 -10.3809 70
9.7105 -19.373 70
-0.290144 0.0430465 70
0.569046 0.336563 70
0.761372 0.777245 70
-9.48026 -20.2926 70
-1.16449 -21.143 70
0.439469 -11.4879 70
-11.0346 1.41622 70
-1.31504 -11.3477 70
-11.2996 0.566987 70
21.3882 28.8691 70
-0.504618 0.592064 70
-9.38009 88.6562 70
9.44832 -11.354 70
0.0017095 1.19648 70
0.29691 1.15875 70
0.30416 -1.41128 70
-1.41186 1.23234 70
1.22825 -10.4828 70
0.207929 -0.722373 70
10.3402 -18.7287 70
-69.1885 30.7496 70
49.8974 -10.1139 70
0.694508 -0.319043 70
-0.984496 -0.179242 70
0.561562 0.24002 70
-0.321307 -0.623613 70
-8.97081 8.64103 70
-1.12455 -1.32971 70
-0.831673 -0.720752 70
0.617884 -0.474533 70
0.425348 -9.0012 70
0.867983 -0.988523 70
11.1075 -8.92805 70
-10.4235 -10.2192 70
20.5341 -10.9321 70
-0.409393 0.421874 70
-0.0923771 -0.913422 70
0.700027 1.47494 70
0.356973 -0.213885 70
-0.325298 -1.42964 70
-18.9097 -0.386682 70
-0.676601 -0.609747 70
39.9823 11.1457 70
-8.83402 -9.51435 70
10.0712 9.43703 70
1.29507 1.23072 70
50.7862 -69.7756 70
51.1508 -69.2364 70
0.670135 -1.28526 70
0.000386498 -1.43533 70
0.997935 0.199533 70
-1.25581 -10.2368 70
-0.176866 0.118943 70
-9.73929 8.68876 70
-0.944699 0.435501 70
-0.261817 -10.3127 70
1.31316 -1.17783 70
-1.10491 0.109382 70
-0.678563 0.943073 70
-11.2455 11.4642 70
19.628 -30.7968 70
-0.476747 1.00843 70
9.46254 9.61871 70
-1.27852 -0.705756 70
1.22564 0.608506 70
-0.355775 0.757053 70
-0.350748 0.902039 70
-30.8196 -0.0905307 70
-20.7379 10.8386 70
-11.4763 -9.78969 70
-0.690496 9.90766 70
9.19096 0.312013 70
-8.96905 -10.3205 70
0.331143 -1.0433 70
0.932702 0.206352 70
-9.65323 -91.3788 70
9.71923 11.1623 70
-1.06304 0.219574 70
1.45656 0.235056 70
1.13896 -0.298942 70
-11.0672 1.49775 70
-9.70096 -9.11974 70
-0.490984 -9.82861 70
10.7468 8.79551 70
0.0150101 9.01856 70
-1.18045 8.76467 70
20.726 -30.2754 70
-10.5815 -11.2797 70
-1.11462 0.420343 70
-0.85379 -9.92366 70
19.4852 1.06391 70
49.5357 -18.676 70
-10.3613 -1.13628 70
-40.6603 9.26035 70
-19.1351 9.21427 70
-1.19915 0.966489 70
19.3214 -19.3431 70
-10.3892 -0.228867 70
-0.956369 -0.949116 70
-9.88285 0.860574 70
-1.22883 -11.4661 70
0.965252 -1.45445 70
-10.488 -1.07086 70
-1.43941 -0.156796 70
1.36203 8.64812 70
-0.382153 10.9978 70
-10.478 -10.2044 70
-48.9571 10.4946 70
18.9712 -11.1892 70
-10.7399 0.590312 70
-9.98409 -0.257487 70
-8.90935 10.4405 70
61.3495 81.4945 70
9.46726 9.25244 70
9.84379 9.23305 70
0.0256311 -21.1805 70
-0.844898 9.18295 70
-8.93903 -0.0247319 70
-0.548635 -1.10409 70
0.605588 -10.6866 70
0.218413 1.06359 70
-10.7185 -0.0167385 70
88.8318 40.7999 70
-1.46378 1.19016 70
-11.1522 -0.813588 70
1.38072 -9.4175 70
-9.71681 8.93928 70
-68.7733 -40.2428 70
10.7252 -30.277 70
-0.724561 0.399553 70
19.9328 -9.55068 70
-10.0118 -11.126 70
-9.74848 -11.3542 70
-0.456409 -1.13848 70
11.4103 20.2593 70
-10.5789 -0.971895 70
0.432471 9.22155 70
19.3123 9.43673 70
11.2829 -39.6263 70
40.9493 -60.0956 70
0.895757 1.47014 70
-1.0579 1.46421 70
21.1163 21.1727 70
20.9999 -20.6164 70
-0.472547 49.1896 70
-8.9129 -11.1533 70
-48.8935 -28.5517 70
-51.2897 -31.4973 70
-8.85833 -11.2912 70
0.311331 -1.45512 70
-9.3665 -0.0820624 70
10.8636 18.8641 70
-9.11465 9.47987 70
40.1506 -8.59611 70
-21.2638 40.1486 70
-19.5436 -19.3187 70
-9.0015 -1.36786 70
1.00724 -1.27842 70
-0.525473 -21.4061 70
10.5234 0.997896 70
-10.7706 -10.7739 70
-10.5001 1.30219 70
-10.7049 0.20326 70
-9.23456 -0.669157 70
-8.8704 -0.00653764 70
-0.735645 -8.81136 70
-18.8262 -8.66665 70
-10.8093 1.49391 70
0.18632 1.13501 70
9.39936 -9.43379 70
-71.2245 -0.682159 70
0.869043 1.20767 70
11.2862 -11.0907 70
-1.26111 -0.481072 70
9.32773 -29.5408 70
1.46016 -1.08972 70
-0.287463 -10.3553 70
0.237366 -31.2268 70
-9.61365 -10.395 70
0.766693 0.90294 70
1.25382 -0.898527 70
0.427951 9.10826 70
-9.63525 20.2701 70
-9.65934 -0.815712 70
9.46712 9.6915 70
-11.4992 -0.332902 70
11.2033 -11.2759 70
0.106609 11.2528 70
-40.0162 28.6808 70
-9.26177 -0.950014 70
-0.67321 -0.324406 70
-0.817928 1.0892 70
1.20557 8.86573 70
41.0177 -21.4524 70
-11.2573 9.16325 70
9.40919 -0.0419627 70
11.1118 11.252 70
1.11959 -39.1894 70
-0.434711 0.0566055 70
-9.12394 10.2634 70
-0.35754 1.11733 70
-0.318592 10.9037 70
-10.019 -0.513715 70
-1.18818 0.710549 70
-8.69466 -0.787393 70
0.698585 0.0602574 70
1.20867 -0.811853 70
-1.31093 -8.72326 70
-19.4117 19.9005 70
-0.0735733 -9.50814 70
1.23126 19.3055 70
-28.9078 9.97998 70
-10.1963 -11.4147 70
10.1118 1.35113 70
-40.7595 -9.64159 70
-8.88274 -10.6882 70
-8.67195 -8.64766 70
-0.575895 -1.13232 70
-0.417107 -10.5469 70
0.473944 29.2682 70
-1.36238 1.39651 70
0.543123 -0.564123 70
-0.895971 -0.886205 70
-9.97099 -1.13658 70
9.82357 10.5924 70
-1.3623 0.190773 70
8.75327 -8.53342 70
-9.93113 -9.02733 70
9.87658 -10.8741 70
-30.3606 9.53279 70
0.387032 -0.970616 70
-11.0578 -1.46378 70
-11.0228 -8.90162 70
-8.60659 -20.4243 70
-8.89421 -19.4345 70
-21.3251 0.377609 70
-69.1259 30.474 70
20.2533 -21.2556 70
0.804836 0.929406 70
-0.951759 1.40376 70
0.214071 -0.915817 70
-9.62778 1.34327 70
8.95858 -8.54632 70
-0.908157 -0.530935 70
-0.303274 -1.41141 70
0.0592836 -9.97628 70
1.38522 -8.84054 70
1.24452 -10.2009 70
9.60444 -19.9528 70
-0.101073 -19.8718 70
11.4547 -1.39941 70
-9.94177 -10.4892 70
-78.7966 39.8616 70
0.0657126 0.876038 70
-8.86955 10.5102 70
10.8895 0.656031 70
20.0206 1.34961 70
0.471612 0.570563 70
-50.9722 -0.184917 70
-10.1742 0.38535 70
-21.3949 -20.6402 70
-10.8757 0.0904238 70
39.1641 -20.4942 70
-0.685335 -1.24232 70
18.6794 11.1184 70
1.41726 0.42931 70
9.49275 -31.0236 70
0.103386 -0.79574 70
0.173062 -1.43972 70
0.875714 8.68776 70
-0.711126 1.11419 70
-10.9872 0.797741 70
-10.7391 10.9857 70
9.91387 -51.0385 70
81.2572 -108.51 70
-1.42573 1.01293 70
-0.8079 -1.01107 70
-10.6901 0.920998 70
-0.987985 0.198688 70
39.4552 -51.1459 70
50.6703 -19.1267 70
-1.18356 0.950315 70
-41.4881 18.5194 70
-1.24363 1.06805 70
1.33197 0.685596 70
0.303582 -9.51275 70
-21.3741 -20.6349 70
-21.2616 10.7361 70
-11.3962 9.07172 70
10.6791 -9.53015 70
-1.09892 0.170566 70
-1.19107 -9.62593 70
1.06984 0.714034 70
-98.7487 -9.22029 70
0.157244 -31.2731 70
20.8674 11.3583 70
-0.899939 29.233 70
-8.58392 -10.4259 70
-30.6744 -1.04627 70
-9.39194 -0.87871 70
0.158166 0.297289 70
1.35729 20.9073 70
-0.326026 -9.37897 70
-20.809 10.1834 70
-9.37849 0.652404 70
-11.2816 -1.13365 70
-59.739 -1.07716 70
-8.80131 9.89992 70
-18.5575 20.9495 70
-39.1429 9.49678 70
-9.37539 -10.9732 70
1.33248 -11.4635 70
18.8468 -69.9573 70
-40.1 -21.3083 70
18.5559 -20.6779 70
-0.168318 1.30152 70
-11.2166 -10.1231 70
-9.98398 -1.30974 70
-1.43771 -9.47154 70
-0.65693 1.02992 70
-1.14665 1.25859 70
-0.653577 -9.0081 70
0.979934 -0.468804 70
0.550423 -0.0655078 70
0.726237 11.1868 70
-1.27645 10.4233 70
1.00659 -1.25423 70
-18.9101 8.5058 70
-0.905003 -10.4708 70
10.3178 -9.51657 70
-40.2646 0.711383 70
20.6799 -69.8262 70
1.3855 1.47806 70
0.940385 -0.0721772 70
-30.2453 -59.5657 70
-11.1339 -19.0723 70
-0.875214 -9.46415 70
-0.0714349 -9.44187 70
-21.3195 30.4245 70
-0.494254 0.559751 70
0.441878 -0.116032 70
-0.491328 0.343239 70
1.23739 -0.659434 70
19.7624 -19.3072 70
-9.89172 -1.47406 70
0.459381 0.690657 70
-30.749 -0.84817 70
-0.24921 0.227034 70
-1.02309 -0.925411 70
-0.416813 -0.525802 70
-19.6497 -9.46678 70
-0.0271261 1.4005 70
0.335164 -10.1628 70
9.76736 -9.5273 70
8.73042 -21.1934 70
-0.43804 -1.17045 70
10.9697 -0.190467 70
-1.28031 -10.4304 70
-10.5595 -10.0657 70
8.52553 1.10533 70
30.1034 -30.6623 70
-10.4142 -10.7251 70
20.9123 -0.989625 70
-10.8051 0.764647 70
-21.4181 -69.8417 70
10.5673 0.025503 70
-1.30468 -10.7588 70
0.798586 0.869917 70
19.6959 -21.2257 70
-9.0989 0.988856 70
-0.71207 -0.624324 70
-79.5128 -38.5056 70
-79.6545 -40.9239 70
0.888937 0.535004 70
0.580543 1.1927 70
9.04989 18.7569 70
-18.9601 -9.77699 70
-1.32131 0.383038 70
48.5281 0.610225 70
-0.0898268 -1.23113 70
-0.0415895 -0.852368 70
-0.350982 0.986196 70
-10.3428 0.662953 70
-10.3028 -0.834902 70
1.34365 -1.01416 70
0.999058 0.529993 70
-0.945531 -0.0739529 70
1.42939 -1.02662 70
50.8165 -11.4625 70
-0.812267 0.491629 70
-29.111 -0.0467489 70
0.929502 -0.873581 70
-0.426809 -0.294515 70
1.27839 0.261016 70
0.370103 0.44121 70
0.591211 -8.92831 70
-9.08613 -18.8776 70
-9.81457 -0.76291 70
-1.05541 0.0609916 70
-9.2783 -0.986741 70
0.508461 9.09408 70
-9.38044 -8.53651 70
-8.53878 9.17296 70
-21.3905 -49.5582 70
-0.675062 -1.01656 70
-19.4606 8.77835 70
-21.3463 9.69121 70
100.484 51.3426 70
-1.12447 10.5648 70
8.54532 -0.880798 70
1.32682 0.121797 70
0.0307496 1.15593 70
0.40719 9.00189 70
9.80582 -10.7923 70
1.09656 -10.821 70
-9.14968 9.39247 70
-10.0714 -0.596076 70
10.0122 -10.9749 70
1.11371 -10.5963 70
-0.462955 -38.8269 70
-21.1982 -1.43294 70
11.2828 0.96941 70
-28.6626 -0.706235 70
0.219501 -1.01555 70
-0.834113 -1.39131 70
1.17513 -0.210616 70
-0.0717665 0.671877 70
0.577516 -0.78296 70
-10.8102 1.47489 70
29.332 9.85725 70
59.2118 0.257857 70
-1.35243 11.4879 70
-1.49376 -0.770805 70
0.853545 -0.134493 70
-0.389791 -39.9428 70
59.7304 -9.85844 70
-10.6912 18.6624 70
18.9035 -10.1052 70
-0.781652 1.11485 70
-9.73796 -11.1905 70
0.854943 0.725664 70
-0.114368 0.190215 70
0.477696 29.5602 70
-1.3038 10.7451 70
0.953002 10.9692 70
-0.577498 -0.320142 70
-30.7824 -19.8479 70
-0.594503 1.02472 70
-0.224645 9.12388 70
21.1171 -1.47034 70
20.3764 -0.736146 70
20.5564 0.854035 70
59.8925 -80.5593 70
-21.3061 -0.493108 70
8.67043 9.87888 70
0.735249 -1.36591 70
10.338 -1.39714 70
19.104 11.085 70
-9.57337 11.4824 70
0.428152 -20.7995 70
-1.27231 -0.725269 70
-10.1454 -9.89113 70
-19.0877 0.624063 70
1.34822 1.01402 70
-1.24847 9.30544 70
-9.1707 0.774368 70
-1.39767 0.499101 70
-18.5407 -8.85577 70
-1.48478 -0.455785 70
20.4254 -0.0938613 70
-1.46854 29.7433 70
-29.9481 8.77781 70
-10.2959 -0.128725 70
1.03012 -0.466793 70
-1.3966 -0.288058 70
-8.98176 -0.0912016 70
-58.8845 39.6776 70
0.920684 -10.379 70
0.990052 1.34299 70
-1.07563 11.321 70
-1.23768 0.182283 70
-19.3978 -21.4785 70
0.443328 -0.0813629 70
-1.39335 -20.3501 70
-0.553451 -0.737921 70
-19.477 -19.9838 70
-29.1488 -19.3998 70
-31.1357 -18.5909 70
9.56476 11.4301 70
-50.8809 -19.321 70
-1.49675 -0.228824 70
-10.6918 -9.05148 70
-18.7002 10.6158 70
-9.42656 0.136095 70
-20.4176 10.6963 70
-9.83532 8.96072 70
1.0111 0.216053 70
-0.500771 -28.888 70
-1.27721 1.08913 70
-29.7069 -30.8301 70
-1.15243 -0.319045 70
-0.619007 1.12166 70
-10.9212 1.08682 70
-0.846231 -11.118 70
-0.123308 -0.630926 70
10.2946 -8.84704 70
9.92224 10.7396 70
-0.836669 -0.678498 70
0.753363 0.324712 70
-18.9836 -0.755073 70
0.981173 1.17845 70
-61.2933 -29.1745 70
-61.4279 -28.7515 70
-1.28713 -0.207215 70
-9.93002 -1.44198 70
29.9277 -11.3846 70
30.2513 -9.57523 70
-0.8435 10.2309 70
-71.4214 29.5706 70
-10.5615 0.458249 70
1.00108 -1.06878 70
1.4181 -10.9473 70
0.534318 -1.22129 70
8.60601 -30.7532 70
-1.12024 -11.3113 70
-8.66815 -0.503942 70
1.02514 9.47623 70
-21.368 20.2871 70
-9.96862 20.3276 70
-1.37803 -0.566539 70
-0.438198 1.39562 70
0.499042 -0.663201 70
60.9202 -41.3858 70
-11.4819 1.04865 70
-0.212558 0.0737875 70
9.15733 -11.1575 70
0.522438 -0.234188 70
0.658016 -1.0926 70
-10.2132 0.976421 70
10.7139 -9.35794 70
-0.644432 -10.4934 70
1.46472 -1.40806 70
-0.729426 10.4902 70
0.838255 8.62959 70
-9.17264 -19.1598 70
1.48044 -19.298 70
-51.1702 30.5334 70
-10.4045 11.3715 70
0.517188 -0.35878 70
-0.170168 1.47034 70
-1.45709 1.19524 70
0.952913 -19.4393 70
0.110119 0.265487 70
-0.492695 -0.413798 70
-0.434816 0.960465 70
11.1354 8.55032 70
20.991 -48.7559 70
20.7382 -20.457 70
1.10614 0.304398 70
-0.975242 -1.19343 70
9.76606 -0.522079 70
9.13003 -19.9888 70
-51.0728 -9.38068 70
1.38535 -0.694811 70
-9.2996 9.33408 70
-69.072 -11.4414 70
9.4386 11.3575 70
-0.84351 -1.3507 70
19.3632 -11.4491 70
-0.903565 -9.53048 70
0.189321 -0.589245 70
-99.9413 -20.4036 70
-0.178513 1.07143 70
-1.30495 20.5371 70
0.192327 9.69102 70
0.24939 1.32046 70
-10.7088 -1.20521 70
0.338796 0.320083 70
-0.466013 1.18675 70
11.1925 -28.9467 70
-9.61924 10.5919 70
-9.36224 0.198563 70
1.26387 0.745768 70
0.207474 -10.3962 70
9.29714 -8.62072 70
-21.4686 61.4892 70
0.380648 0.760517 70
0.0749556 -1.35517 70
-18.8157 -11.4094 70
18.5998 8.81316 70
-31.3978 -8.77064 70
0.0899859 1.05423 70
-0.17736 -0.860142 70
0.0686422 -0.253451 70
19.7193 -9.61867 70
-11.0484 -0.146863 70
-0.322728 0.0784349 70
-10.8535 0.281125 70
0.940529 -10.3206 70
0.113093 -10.0081 70
-0.282979 -0.23834 70
-10.8189 -28.6883 70
-9.08867 -30.4559 70
-9.11685 -0.51793 70
-30.345 19.0482 70
8.83981 0.125341 70
0.186633 1.03467 70
-29.9084 -10.3838 70
-10.5193 10.8621 70
-0.738766 29.3049 70
-10.6557 28.8586 70
-48.9819 -30.4243 70
10.5188 18.8864 70
-9.37805 -20.4463 70
-1.44521 0.696866 70
-0.809744 -10.4388 70
0.328915 -10.2334 70
-60.1687 29.3259 70
0.068148 11.096 70
8.75249 1.46223 70
-9.28211 0.346285 70
-1.19697 -0.972987 70
-9.24912 -1.07934 70
-0.188467 0.210351 70
-11.1955 9.0154 70
-28.6517 -9.77843 70
-1.31286 9.74336 70
-0.0967802 0.631834 70
-20.4519 -11.4015 70
1.04381 9.18627 70
-0.431834 -0.878156 70
-40.8759 11.3765 70
-0.890474 1.48812 70
0.69008 0.718729 70
0.199079 0.227447 70
0.563049 -1.3372 70
-18.5255 0.703722 70
-21.2701 0.558073 70
-10.9952 -0.713297 70
-10.2041 0.343721 70
-9.30828 -0.064299 70
18.5446 -31.0616 70
0.746699 20.0435 70
30.5265 -11.2074 70
1.01691 -8.68893 70
0.0542432 -39.3789 70
-0.615951 -9.64104 70
-49.0115 -40.0503 70
1.42471 -1.34539 70
-0.249593 -0.869993 70
-39.4049 10.5496 70
-11.1373 0.765166 70
0.391653 9.55767 70
0.137368 -1.09186 70
-10.3006 1.24517 70
0.765382 -0.492741 70
