-0.875743 10.952 70
0.0440461 -9.9986 70
-41.4961 41.3828 70
-0.866197 -20.2702 70
20.8625 9.39103 70
-0.188404 29.2067 70
-10.8093 -0.573174 70
30.3189 -21.4196 70
21.2265 0.0363535 70
-10.0985 0.812508 70
0.160968 11.0564 70
0.0872179 -0.323229 70
1.24423 0.112561 70
-1.35438 -1.45765 70
-0.107488 1.03192 70
-1.02918 9.50698 70
0.336961 -0.198667 70
-0.31242 -0.991238 70
9.5781 0.894046 70
1.22085 20.3657 70
1.39813 20.5339 70
40.0162 11.115 70
-11.2091 -21.2568 70
-0.44963 9.41782 70
18.6614 -39.1514 70
0.520598 9.02193 70
-0.832774 10.5471 70
-0.0113548 11.1793 70
-8.99273 -10.5199 70
-9.21101 51.3383 70
1.33594 -1.17536 70
10.4438 21.0822 70
11.3984 20.1604 70
0.00978689 9.12281 70
0.714272 9.93097 70
-11.0931 11.3324 70
-21.4779 0.657172 70
-11.1574 8.7863 70
-0.463892 10.9057 70
-89.7551 -31.1594 70
-9.96608 10.5953 70
-41.2427 -39.0895 70
-8.62851 20.989 70
19.8135 -39.7364 70
-9.65001 1.08448 70
-8.64104 9.78441 70
-10.7859 -0.565935 70
-9.78777 1.27431 70
-9.91479 8.6677 70
0.359464 10.6977 70
-11.3509 10.4421 70
-1.05998 -0.799623 70
18.8547 20.5313 70
0.462452 -31.2376 70
-0.264241 -31.4242 70
-10.0092 -1.06838 70
-10.1903 21.0083 70
-10.829 9.29069 70
-0.176364 -0.883583 70
-8.55829 -1.30421 70
-0.209428 9.36093 70
-50.0531 49.7423 70
0.0342019 10.7054 70
0.555949 -1.35533 70
1.20854 29.4589 70
-20.0775 -11.2156 70
0.609741 -9.8955 70
-1.1177 9.06012 70
-11.2557 -19.15 70
0.943121 10.9881 70
-0.167416 10.365 70
-0.845631 11.4431 70
-9.0715 0.388043 70
39.2222 -19.6283 70
-0.934924 0.383429 70
39.7992 -9.82479 70
0.443205 20.6325 70
-10.066 -1.46344 70
9.67052 0.449895 70
-9.59538 0.833992 70
-0.0678261 11.1366 70
-20.4804 -109.747 70
18.5238 0.622169 70
1.43652 9.21839 70
0.60195 10.2927 70
-0.896184 10.5877 70
-1.26211 10.3319 70
29.85 100.381 70
-70.5114 -19.8526 70
-70.8739 -21.2153 70
-1.01628 -0.621354 70
-20.518 1.07862 70
-0.43694 18.8707 70
-0.833002 9.545 70
10.3709 1.28433 70
-10.9987 -11.1038 70
9.89919 0.918242 70
10.9075 8.61401 70
19.1401 -8.65459 70
0.712228 -0.224924 70
1.28679 0.697197 70
0.635239 9.2953 70
-20.3476 0.00524302 70
70.6494 -41.4122 70
70.3861 -38.6232 70
9.09961 -50.1696 70
-1.22911 10.3739 70
-29.248 -11.3518 70
-0.696108 -0.688814 70
10.9885 -0.649789 70
1.0534 10.4067 70
-0.635838 9.03651 70
11.0956 20.3074 70
39.8201 8.91629 70
10.5889 -10.2699 70
9.80289 -70.7779 70
8.5233 0.185895 70
-0.389821 9.51254 70
18.7339 8.91973 70
0.757484 -10.1814 70
-9.48284 -9.85443 70
-29.5906 10.0821 70
-31.2925 8.75027 70
-9.82251 -20.2122 70
-19.9774 19.8917 70
-18.7632 20.2216 70
18.9657 -0.122787 70
-18.8704 1.08592 70
-1.01157 20.3919 70
-0.923158 10.4123 70
1.32417 -1.48822 70
-1.01144 11.2908 70
11.1908 9.42469 70
48.5789 39.4929 70
0.0101944 -0.665596 70
0.889857 -0.175026 70
0.436875 10.0247 70
59.3718 10.4822 70
20.1351 -10.0581 70
0.533609 -0.458793 70
-0.869388 0.626544 70
1.36372 10.9527 70
9.66736 -1.42786 70
11.4163 -0.588492 70
20.6081 51.258 70
20.6297 1.27027 70
10.3224 10.1171 70
10.5015 -21.4699 70
10.0452 -0.0853525 70
8.87434 0.04159 70
-8.80724 10.4014 70
-0.664001 -10.0205 70
-10.6255 1.43111 70
1.46753 9.18526 70
0.302808 -0.778632 70
10.918 11.4052 70
-49.3937 -48.6855 70
-9.00837 11.4933 70
0.324272 -0.118533 70
-19.4198 -1.32092 70
-20.8418 -0.942789 70
-1.39874 9.4756 70
-0.843119 -1.49043 70
1.19883 9.97404 70
-1.30153 -0.88429 70
-9.23306 -0.264245 70
11.2614 19.3681 70
-19.2635 9.24133 70
1.26678 18.6272 70
-8.75502 9.70006 70
-1.37793 9.6869 70
-10.0023 -29.0833 70
-1.15793 -21.0101 70
10.4714 8.59032 70
0.608533 9.1548 70
-19.8907 10.9309 70
-0.403582 1.23698 70
1.13876 8.93284 70
0.139134 10.5717 70
0.763005 8.94021 70
-20.983 80.7054 70
-9.0857 11.3735 70
0.883716 -0.809695 70
-0.830199 -1.05367 70
19.5385 70.1524 70
-0.656943 -0.667054 70
-0.995356 0.385052 70
-9.04068 0.555852 70
20.1871 19.9412 70
10.0435 9.32631 70
31.2296 -9.58052 70
-9.63572 0.129094 70
19.1417 19.5446 70
1.37525 0.264518 70
9.88005 9.73546 70
-0.391249 -1.04189 70
-9.07463 9.28866 70
-0.927386 9.81496 70
-1.03757 9.78761 70
-19.1231 21.293 70
-1.12899 1.29363 70
0.445054 0.924938 70
20.0549 9.27253 70
-0.417317 1.16634 70
-10.7216 11.1245 70
0.274436 19.2896 70
-0.0825311 1.47227 70
-10.5295 30.2706 70
-0.673384 11.306 70
-11.2038 19.8175 70
-20.1172 49.4717 70
-9.53953 9.29747 70
10.0048 10.3604 70
-30.339 39.8296 70
-18.6683 0.0542257 70
-1.38339 -0.529557 70
1.00602 -0.632656 70
-10.5376 9.9566 70
18.906 20.3156 70
-10.3134 18.8847 70
0.763901 10.5031 70
-0.830792 9.21302 70
-10.5531 -0.373823 70
-9.70724 20.5578 70
-11.1015 11.1387 70
-1.03228 -0.118316 70
39.3118 -19.8027 70
1.06563 11.1523 70
-10.6719 20.429 70
-10.8918 11.4786 70
-0.573041 -0.0440563 70
-0.974077 9.94915 70
0.666887 11.0859 70
-0.239347 0.81034 70
-11.2921 9.69696 70
-9.43773 -10.1803 70
0.91253 1.26233 70
-8.80986 0.798297 70
-19.8146 -0.905911 70
9.50599 18.5329 70
-0.788728 0.45597 70
20.9751 70.2334 70
21.1796 68.9647 70
9.52936 -19.1694 70
-9.67948 10.845 70
-9.1387 -0.474141 70
-1.19741 1.3126 70
31.1478 59.4983 70
-8.62457 1.04214 70
-8.86259 9.1273 70
-10.4374 10.5444 70
-1.20885 40.8982 70
-38.7772 -21.4487 70
28.5863 -59.0166 70
0.982115 -0.67491 70
11.2294 29.4089 70
11.3078 50.7854 70
-21.0037 -0.822832 70
-50.1831 -31.4777 70
0.332956 -11.1014 70
20.8356 41.1529 70
-8.51651 0.634676 70
-11.1277 -8.50066 70
-1.14222 0.536228 70
-8.93072 9.58688 70
-18.5595 20.7123 70
-19.1208 -8.88371 70
9.82438 10.3571 70
8.767 -10.253 70
-10.7849 1.25854 70
-9.51738 8.95603 70
0.785151 10.3874 70
10.1561 -0.922644 70
-0.431998 0.366408 70
1.31987 0.824298 70
0.819497 19.2197 70
-0.722159 20.0748 70
-1.20179 1.35617 70
0.452747 -1.07369 70
-11.1659 1.31013 70
-20.8155 -29.1311 70
-9.95735 -1.19403 70
-1.14363 -0.984242 70
-11.2911 0.771382 70
-9.01423 -0.558063 70
-0.538018 0.820624 70
11.3931 9.88038 70
1.16048 0.349107 70
9.00389 0.74922 70
20.9009 41.1721 70
0.777537 -1.02166 70
-10.7629 8.84418 70
0.00366816 -0.838988 70
-0.378075 1.24916 70
-8.57864 -9.1469 70
-1.33958 10.2653 70
-0.642573 21.4298 70
-0.36667 19.2457 70
-0.561881 -9.5112 70
0.832429 0.876925 70
-9.6076 18.8344 70
-1.42242 9.7552 70
-1.21983 -0.959536 70
-1.37301 -29.5033 70
0.645969 -1.12676 70
-18.8141 11.3912 70
-0.904043 -0.173386 70
-10.0773 -9.66849 70
9.50112 -29.6784 70
-1.35675 -0.676307 70
-10.4924 9.9002 70
1.25164 1.32852 70
-89.8613 -0.317635 70
-0.781028 0.702791 70
-19.7912 1.08567 70
-20.646 0.211042 70
1.1559 -0.457994 70
-0.0576771 -0.305761 70
-0.36657 -0.735072 70
-1.04876 -18.6444 70
-30.8275 -31.4961 70
-1.02398 9.82171 70
28.5287 -20.8114 70
20.4439 -19.812 70
-9.67663 0.302418 70
19.1115 -0.674807 70
10.8497 20.14 70
-1.31291 10.4999 70
-8.83469 10.9677 70
-0.158217 -0.966044 70
-1.46573 0.940587 70
-21.3266 0.808933 70
0.206464 0.0411436 70
-39.1185 -21.0022 70
-1.38719 -0.172679 70
-0.357586 -10.3261 70
0.470659 -10.3999 70
-9.67001 -9.57605 70
-9.31512 -1.29407 70
50.7076 0.929834 70
-8.65474 8.53876 70
-10.0531 -10.6663 70
-9.66921 9.66963 70
-0.904839 -10.5954 70
10.3688 -29.4388 70
-0.836446 -1.11082 70
11.2414 11.1381 70
-48.61 20.5323 70
-0.340683 0.0594147 70
-0.41947 0.224518 70
18.8054 40.5807 70
8.88481 19.7891 70
-0.0179216 10.4674 70
-0.667064 10.2112 70
70.1901 -50.4659 70
-1.40808 -1.18198 70
-0.762981 0.810645 70
109.995 -40.565 70
109.042 -41.3539 70
81.1368 -39.438 70
0.264477 1.02026 70
-0.0526865 0.935713 70
11.1425 1.15266 70
1.07751 1.14747 70
-30.6068 -29.5308 70
-10.6957 9.22159 70
-9.06726 31.4081 70
-20.6895 -0.267029 70
-1.38548 51.4424 70
-0.907851 -0.18491 70
-11.3056 10.8756 70
-0.647626 9.77368 70
1.17775 -0.844029 70
-8.95145 1.38516 70
-1.46564 1.2644 70
-0.988099 11.2307 70
1.4531 11.3495 70
9.68316 9.78592 70
0.228732 0.63532 70
-0.635899 0.47221 70
-1.18221 -0.91659 70
-10.7426 -1.32881 70
-20.3459 8.75445 70
10.7391 -20.761 70
-11.3607 0.211687 70
-10.6491 10.2535 70
1.14095 0.529686 70
-21.3886 10.0579 70
0.894605 1.39274 70
0.493819 1.32514 70
-0.898915 9.31222 70
-8.68681 8.92141 70
-9.23422 -0.54496 70
-0.455424 0.866644 70
8.80648 51.3584 70
-9.74842 -0.155587 70
-1.11527 8.56169 70
-9.22634 -1.47404 70
30.9638 28.637 70
0.0160627 -0.712272 70
0.643317 8.66868 70
11.3842 -1.47316 70
10.3069 8.67159 70
-39.1323 20.1316 70
-9.25107 -1.13957 70
-60.9004 -41.1021 70
-0.766802 -0.0406233 70
1.00904 9.46855 70
1.0423 10.4489 70
-10.7635 8.68018 70
-40.1622 20.311 70
-1.30746 8.82639 70
0.632339 9.52845 70
0.510597 9.97033 70
-1.4162 -1.47084 70
-0.328117 10.0499 70
9.03614 19.738 70
-19.945 -10.5677 70
0.940269 31.338 70
-1.40863 1.26867 70
-31.2931 21.4166 70
-9.54733 8.72095 70
-8.94834 -0.929192 70
-11.396 -0.740764 70
-8.84408 0.365962 70
-0.977924 1.11269 70
11.3233 9.31915 70
10.9006 11.2025 70
21.3769 9.11967 70
40.0239 39.2227 70
-20.6376 20.0987 70
0.144022 -19.1817 70
11.2169 11.1965 70
9.13468 -10.5321 70
-10.7382 0.569763 70
0.585403 -0.923614 70
10.4606 19.9131 70
11.1389 -1.16891 70
20.1292 -1.10715 70
0.452995 1.2676 70
1.09622 -1.30444 70
0.361535 11.2921 70
9.36619 39.4774 70
-0.761291 -1.0132 70
-9.83869 -8.90379 70
-9.49652 -11.4509 70
1.03619 10.5435 70
0.241377 0.491218 70
-11.2084 -21.1144 70
20.93 30.6006 70
0.873713 39.1201 70
-0.787605 -1.43977 70
-48.5332 19.527 70
-9.639 1.24194 70
-19.5098 20.623 70
-11.4003 18.6627 70
0.854689 0.0043389 70
1.41074 10.0602 70
11.4885 -21.4753 70
-28.9896 19.6341 70
-10.4519 21.0954 70
-11.1507 8.93892 70
-50.8409 0.422297 70
-8.86353 10.5622 70
-0.842351 10.1143 70
-10.8105 9.80515 70
-49.6797 0.761132 70
-9.8522 8.68492 70
21.0429 10.1743 70
-20.5186 -0.423073 70
30.8717 19.8108 70
40.7041 38.6802 70
-11.0691 11.0351 70
-20.8732 0.155683 70
-9.10051 0.106886 70
-10.1686 9.53545 70
-19.74 -69.3296 70
10.7556 9.29574 70
-1.31523 10.7094 70
-0.866993 10.072 70
0.122438 10.0107 70
0.537005 11.06 70
-0.674778 9.2877 70
-8.64299 -29.8107 70
-8.62531 10.8404 70
9.65954 -10.1243 70
-0.734926 -8.54262 70
0.947825 8.84714 70
21.4502 1.17151 70
8.63783 8.85646 70
-8.67472 1.36982 70
28.7362 0.343875 70
0.816536 9.75757 70
-1.01627 11.0865 70
-30.6821 -49.9153 70
-0.953048 0.0313046 70
-9.06013 1.31922 70
38.6633 50.4836 70
29.5004 0.0684554 70
-11.4841 9.48306 70
0.108597 -8.61226 70
0.997262 -0.930786 70
-20.5027 8.62053 70
-19.7618 11.4616 70
-0.313519 11.0841 70
9.79593 0.579727 70
9.48187 -20.49 70
21.2983 -21.4065 70
1.23621 9.27635 70
-111.424 18.9046 70
0.876782 1.0637 70
-11.4422 -11.2429 70
-11.2014 0.930872 70
11.1549 41.3982 70
-10.8625 1.45553 70
-9.96755 -0.884044 70
-11.1708 1.24787 70
-61.0405 -28.6337 70
-0.292336 0.115234 70
-1.11786 9.32957 70
-1.43221 11.2292 70
0.587952 0.0134895 70
10.7496 109.096 70
-21.4277 -0.426395 70
0.984393 11.363 70
-9.63374 0.949137 70
0.804065 9.3508 70
-18.9708 9.15646 70
-9.5813 8.69917 70
0.805443 18.9538 70
-18.7692 10.2995 70
0.496513 1.43521 70
-1.0877 9.28303 70
-11.1877 1.00337 70
-10.2544 9.37337 70
-0.997674 8.99475 70
-10.1072 50.1232 70
0.486848 0.831538 70
10.0856 21.474 70
-9.03057 10.6483 70
9.89753 10.5873 70
0.937269 -0.214731 70
19.9447 -1.05281 70
0.856651 10.2223 70
-11.44 -19.7805 70
20.2334 20.8044 70
9.45652 -21.1388 70
-21.0662 9.35926 70
-11.3865 9.31327 70
-1.4497 -11.4422 70
-20.7041 11.4297 70
-9.80541 8.75988 70
41.2474 -19.2885 70
-1.13299 8.50126 70
0.366288 10.9834 70
1.4799 -21.4734 70
-0.820292 -0.872869 70
-9.63291 -20.6276 70
-1.0031 1.14029 70
0.424827 1.19794 70
-9.70337 10.4463 70
19.3882 1.04078 70
1.0697 10.5272 70
9.79434 -1.21117 70
0.206465 -1.31394 70
-10.4557 -11.0822 70
8.6267 -21.3813 70
-9.10935 -21.3553 70
-11.3597 11.2752 70
-0.903468 -0.0474014 70
-11.3871 18.7646 70
-60.2824 40.2318 70
-0.887835 9.2723 70
-1.19844 0.746178 70
1.38416 0.0741918 70
0.166221 10.0361 70
-1.12372 9.21572 70
0.941441 9.06922 70
-11.0517 0.10916 70
-11.2025 20.8636 70
10.6833 29.9055 70
-0.413736 10.136 70
-0.23875 -9.09543 70
-19.3487 -41.1415 70
-48.547 59.9273 70
-1.41006 11.4194 70
-0.212606 0.103199 70
9.3971 1.16157 70
-0.722685 0.42452 70
60.5757 89.9645 70
-0.797169 9.30119 70
0.115355 -0.554832 70
-0.434407 -10.1438 70
-31.1484 11.4673 70
0.457256 11.1489 70
-10.8252 9.51429 70
-1.3811 10.6965 70
-0.360365 -0.0561826 70
-0.848464 -8.59003 70
-0.0617106 -1.10923 70
0.103958 0.936087 70
10.3728 9.36669 70
-1.43099 1.33374 70
69.0312 39.0885 70
-18.898 8.87574 70
-1.3683 -8.50722 70
0.706305 -0.585455 70
0.90788 -0.0349704 70
-18.9932 31.4242 70
-1.27703 20.5643 70
0.666588 9.25482 70
-10.4573 -0.690619 70
-1.18269 11.3264 70
-11.4706 -1.39376 70
20.321 10.6468 70
-10.0167 8.66805 70
-0.987609 9.38525 70
1.42327 1.31121 70
10.5868 -0.549841 70
-1.30509 10.3178 70
-10.325 10.2596 70
1.30585 1.12984 70
10.9732 -19.689 70
-10.9246 8.79486 70
18.8979 -41.0043 70
-0.15657 0.496195 70
9.16518 -1.08454 70
-19.1012 18.5538 70
-0.233267 1.3135 70
-9.33871 10.9612 70
0.543748 -0.948105 70
10.2774 59.6768 70
-59.1283 29.8474 70
-10.0338 0.190346 70
10.6244 1.15306 70
-0.851803 -9.67661 70
-19.9429 10.9224 70
-1.26671 11.1145 70
1.13155 0.991367 70
-0.9264 -0.631622 70
20.0016 1.15352 70
-11.1934 -1.45506 70
-0.00246009 -1.05153 70
-0.138423 -0.572151 70
-9.96431 -0.905982 70
-0.324848 8.67696 70
-10.608 9.57143 70
1.37062 10.7285 70
-10.0181 -0.0652387 70
0.524154 10.2626 70
-20.0562 0.300699 70
-18.5952 1.05562 70
-30.8634 19.2808 70
0.227313 11.4783 70
0.826721 0.824501 70
0.521553 10.7396 70
-0.537304 1.23016 70
0.770392 21.1554 70
-20.2168 60.1878 70
9.78267 -0.735816 70
0.0418913 -0.617867 70
-9.46791 8.8739 70
-21.2399 -21.438 70
-10.774 -20.0097 70
11.1936 39.6652 70
0.527731 9.6258 70
0.596341 9.18898 70
-11.299 21.19 70
-0.533229 -1.11828 70
-29.4806 -10.9573 70
-1.10966 10.008 70
-0.218193 1.02315 70
-20.9462 21.325 70
0.973168 10.2033 70
-9.40369 1.30099 70
0.45572 -0.406392 70
11.2727 -11.36 70
-20.4343 -21.1067 70
-19.4038 59.4509 70
8.68009 20.9519 70
-0.335014 0.103491 70
-0.920234 9.24292 70
9.46918 1.1223 70
10.1771 -1.21776 70
-0.992159 9.05777 70
-1.20901 0.245575 70
-1.25781 1.1668 70
-8.85932 1.49032 70
-61.3038 -39.6314 70
-0.449856 0.629331 70
-0.642405 0.688975 70
30.1982 9.7915 70
