30.8908 49.0021 70
-0.270242 -0.422137 70
-10.1741 -19.3207 70
-0.832962 1.39261 70
0.983104 -1.44629 70
11.1085 -1.31244 70
-11.2036 -20.453 70
10.5422 19.8953 70
10.5782 -0.293015 70
-0.37374 -41.3035 70
-8.98063 -18.5209 70
8.9664 -19.8601 70
-0.0312283 -10.5258 70
-0.595554 -10.9074 70
9.68851 -1.11624 70
9.80607 1.22077 70
9.5346 -0.444763 70
0.483119 -0.634005 70
0.770487 -10.987 70
-0.377357 -9.82209 70
21.417 -50.9913 70
50.1076 11.1437 70
11.0592 9.85065 70
8.73176 -1.31914 70
60.6652 29.991 70
-0.973795 0.978693 70
0.97312 -1.38408 70
1.19309 -8.70299 70
-0.00111674 0.677748 70
10.0655 -0.666919 70
-8.75312 10.2454 70
0.431767 -0.287327 70
-9.3057 -10.8294 70
-20.3097 -0.221118 70
-1.17502 -9.73735 70
10.9232 0.526093 70
-48.771 9.90052 70
11.247 -60.2795 70
9.22927 -0.840052 70
-9.31464 10.4485 70
21.2107 -31.2171 70
10.1781 -9.71025 70
10.1364 -8.83737 70
-0.313528 -0.226053 70
8.5102 0.482931 70
19.7956 -1.37271 70
21.0447 9.14206 70
10.9293 0.608843 70
10.5301 11.0751 70
0.800924 1.07918 70
40.4834 -8.83989 70
-1.27466 28.56 70
-1.2182 -11.3866 70
10.839 -9.46051 70
8.89734 -0.904816 70
10.1488 0.887031 70
21.459 0.645743 70
0.00469769 -0.197227 70
-1.00875 0.674418 70
8.94547 -0.597975 70
0.0758102 -0.056267 70
-18.5705 -19.7586 70
19.4447 10.2404 70
-1.21475 0.572419 70
1.4948 -9.83897 70
10.9092 -10.3143 70
-29.6425 -9.33513 70
58.608 -59.07 70
10.1672 -9.98055 70
20.9667 29.8518 70
21.0082 29.0728 70
9.80921 10.8348 70
20.336 -48.5947 70
0.274606 -0.782415 70
9.89997 -0.995023 70
30.0738 29.5951 70
20.1032 -60.2776 70
0.936267 1.16996 70
8.81563 9.53536 70
-0.894425 -29.796 70
-1.24816 -1.09362 70
-0.297334 8.93502 70
-1.06399 1.46087 70
-1.41095 -11.0147 70
9.48631 -28.9955 70
-29.1164 38.7811 70
-40.4675 1.46689 70
0.568975 -9.54559 70
10.4619 -1.14769 70
-0.359331 -9.42774 70
19.5322 11.4347 70
1.25763 -0.0163111 70
8.63429 -11.0203 70
9.03226 -10.0849 70
9.43301 -11.0557 70
9.96063 10.2764 70
0.0437914 -11.4017 70
-0.0939111 0.0315978 70
0.00376653 40.293 70
-10.2857 28.7335 70
9.77119 -8.97992 70
48.8603 0.424551 70
8.98409 9.48658 70
-19.6649 -10.3993 70
0.972482 0.255697 70
9.08102 0.788154 70
9.47775 0.165889 70
20.0336 -21.0315 70
20.4406 -0.310561 70
19.9857 1.27116 70
0.193196 -0.578379 70
-1.30338 -9.79694 70
-1.28798 -0.0994042 70
0.545989 -0.0652777 70
8.85743 -0.646608 70
41.0965 41.1747 70
11.3627 30.1234 70
-9.58212 -9.29892 70
-9.15024 -9.38458 70
-1.38003 -0.784336 70
-1.21027 -0.886199 70
9.9896 0.85096 70
-0.555139 0.776655 70
-1.30558 -10.4405 70
9.84269 19.8353 70
10.822 -10.0543 70
-9.51647 -10.0928 70
-0.79049 -9.89501 70
10.0623 -20.6198 70
11.339 1.00882 70
-0.118282 -0.182575 70
9.14491 0.687334 70
-30.979 18.9637 70
68.8229 69.0322 70
-60.1846 9.15657 70
0.161292 10.4876 70
0.270869 1.20146 70
0.826921 -10.3555 70
8.54885 0.302708 70
21.1937 0.0280536 70
-11.2059 1.14393 70
10.6161 0.48207 70
9.2668 1.38322 70
9.05507 -1.0043 70
-0.436989 -0.197833 70
9.71865 -0.051919 70
1.08025 -10.9051 70
9.03012 -0.000947721 70
-1.4805 -10.8876 70
-1.41252 8.8502 70
-0.857992 -0.823808 70
0.503922 -0.957964 70
60.0131 0.574161 70
11.0604 -0.31297 70
9.89959 -18.8399 70
9.84654 -11.4808 70
1.1794 0.684724 70
-49.9384 -0.535872 70
-0.589259 -1.11231 70
11.373 -9.76487 70
10.8371 -10.1612 70
-61.261 31.0061 70
-0.148717 1.03386 70
19.6616 -8.69255 70
9.84538 -1.22709 70
0.97781 39.3007 70
0.468553 -29.8896 70
20.3381 39.872 70
0.447661 0.655869 70
-1.25128 -10.8068 70
8.91663 0.0242449 70
10.3924 0.558387 70
9.29407 -29.5116 70
9.51254 19.7607 70
10.7278 21.1188 70
-19.8304 -0.90656 70
0.992149 10.4121 70
0.513311 -0.0974769 70
-0.0544009 -8.97408 70
-1.15853 11.3279 70
18.871 -9.0244 70
19.7675 11.3971 70
-11.4536 -0.434632 70
-1.40203 -10.9821 70
-9.66225 20.4131 70
-11.2389 -0.713695 70
-1.12303 -0.637301 70
0.770428 -1.34653 70
39.4477 29.2485 70
-9.19953 -100.713 70
-8.91246 19.8578 70
30.8543 -0.968613 70
11.0843 -10.5391 70
8.7789 9.54711 70
-0.614157 0.723128 70
8.77051 -0.586095 70
1.11414 -9.30399 70
0.504869 -8.65576 70
40.2153 1.19812 70
8.81685 8.61186 70
-0.266032 10.7331 70
11.0405 -8.5035 70
30.4907 -18.8087 70
-0.780259 10.7022 70
-39.9492 29.3651 70
10.0734 -10.3734 70
9.39988 -9.40865 70
8.62706 10.7957 70
9.06108 -0.093461 70
10.2892 -1.04496 70
8.50995 1.13285 70
-0.83052 1.34266 70
-9.00572 -10.0696 70
-1.39389 -19.2995 70
19.8014 0.627095 70
11.4338 11.0109 70
9.11927 11.3866 70
50.8803 10.9474 70
10.0436 9.59072 70
-8.97506 10.2572 70
-40.3623 -10.0226 70
-30.286 -30.486 70
-1.16249 59.479 70
-0.299542 59.8275 70
-0.519305 10.6467 70
9.2184 -29.6318 70
-1.44089 0.00931995 70
20.4065 10.4822 70
-8.91948 -19.3807 70
11.0578 -40.4315 70
-10.5136 -11.0409 70
19.0366 -11.4329 70
-0.623845 -10.0166 70
10.4533 1.15145 70
79.7442 28.9075 70
1.15647 0.440713 70
9.59176 -9.50328 70
8.94483 10.7688 70
0.424665 -11.3093 70
9.29968 -0.517797 70
39.5686 9.35477 70
-0.522661 -11.2078 70
-10.387 10.7784 70
20.7426 -0.76783 70
8.96779 -9.7054 70
11.0155 11.1444 70
48.8826 40.9179 70
9.16405 0.224434 70
1.02511 -40.2726 70
0.563309 0.28638 70
11.4618 -0.558674 70
10.739 0.12854 70
-11.001 -9.45431 70
11.2831 -20.0669 70
1.41063 -8.91491 70
9.29154 0.0998419 70
0.112046 -10.4757 70
9.96983 0.268025 70
0.790457 0.0764764 70
0.129301 -10.7739 70
9.42876 0.994105 70
8.95119 1.39842 70
-9.71928 -50.4482 70
10.1733 -9.70995 70
10.9187 -1.0346 70
-10.7908 40.5303 70
0.468863 -0.34904 70
9.95153 10.5063 70
0.650796 -10.1848 70
10.7326 -9.79461 70
9.74043 -9.91121 70
9.33751 0.373164 70
19.5277 11.0348 70
29.4143 -31.3815 70
0.668308 -0.782312 70
18.8916 -0.0977177 70
11.0963 -21.126 70
29.1583 -20.5556 70
10.3169 -0.342483 70
20.2477 18.5724 70
1.46855 -11.0103 70
119.713 39.1294 70
9.37728 9.65957 70
11.364 -41.2932 70
-0.326658 0.307049 70
-1.40932 -1.28684 70
-1.00482 -9.6233 70
1.33337 1.327 70
-69.4511 109.494 70
-31.0581 0.893589 70
99.6847 -90.8339 70
-8.83337 -11.1959 70
-11.2357 -10.6054 70
19.2197 -9.67599 70
39.293 -0.203718 70
0.387337 -78.6688 70
-0.320168 -1.10153 70
10.3749 -0.721509 70
1.20938 -0.256015 70
-0.357417 -0.647059 70
120.968 -81.3439 70
9.64755 -0.67591 70
-0.514799 0.257649 70
-10.0629 -29.0437 70
21.2023 -1.09255 70
29.913 -48.5764 70
-20.8681 10.3503 70
-0.570146 -0.41546 70
8.75322 -0.878084 70
71.3483 -9.82174 70
9.70878 -0.358825 70
0.997102 1.25993 70
18.8953 -8.70216 70
-8.87943 -9.08168 70
-10.4574 -11.2682 70
-0.73759 -1.25057 70
0.585147 -0.628688 70
-10.7753 -10.1465 70
-10.6785 10.0563 70
-11.1824 9.52226 70
-9.87177 -18.9003 70
59.175 -10.3621 70
11.2225 -1.35788 70
20.0126 20.9104 70
9.03779 0.200268 70
10.6921 -10.9299 70
10.9109 -10.3123 70
-1.03676 -19.5931 70
11.101 -0.349461 70
-29.8255 10.2198 70
9.29783 0.852599 70
-0.522284 -0.932015 70
1.33224 -8.68046 70
-70.832 70.5513 70
10.4211 -0.138551 70
11.0646 -11.2676 70
39.605 -20.1783 70
-10.999 9.3295 70
-1.22533 0.465196 70
9.70812 -10.371 70
0.673803 -9.40687 70
-1.29358 0.392252 70
9.77657 -49.781 70
9.69319 -48.8688 70
0.455512 -0.481144 70
-0.111888 9.68296 70
-8.56607 -10.119 70
-30.0392 -0.513143 70
30.8058 -10.9378 70
9.13368 -0.728759 70
39.3653 9.62992 70
1.32167 0.796091 70
9.08674 -0.659563 70
8.85807 -29.1682 70
11.3298 -30.8357 70
11.2536 0.349415 70
-1.20565 -19.7084 70
19.6062 51.331 70
0.72524 0.223639 70
-1.24381 19.1294 70
11.0825 -11.4615 70
0.54532 0.293878 70
10.2251 -11.4662 70
30.3204 1.39658 70
9.43001 0.138329 70
60.9588 30.2729 70
1.06778 -0.541182 70
10.6796 -8.61975 70
-9.63606 0.584947 70
-9.84437 -0.0710518 70
-1.26368 1.02676 70
1.16894 -0.0326042 70
-51.2025 21.1834 70
-0.842727 -0.87745 70
-21.4702 -19.4088 70
9.08901 -11.2995 70
0.940496 -31.1609 70
9.93102 -11.2691 70
1.47136 -9.57498 70
-0.031043 -0.2618 70
59.0871 28.5878 70
-1.40298 11.4523 70
-0.127977 -9.80678 70
19.0602 9.91099 70
1.32352 0.0113553 70
-0.672008 1.40901 70
10.8362 0.536392 70
21.1734 -8.8686 70
-0.670315 -1.35878 70
-1.04444 1.18513 70
20.7737 11.1251 70
9.46791 0.0679981 70
8.77048 -1.04639 70
9.37757 10.0843 70
10.5804 10.828 70
18.7168 11.2325 70
-1.20411 -20.69 70
-1.18724 -30.6729 70
9.62443 0.324156 70
-1.06024 -20.2369 70
-0.936932 1.32086 70
-10.358 0.228684 70
21.106 9.49963 70
0.443689 0.338603 70
-0.354489 -18.5904 70
8.65982 -10.908 70
-10.811 -9.63734 70
0.200907 0.555716 70
1.11478 1.34808 70
11.303 -9.18713 70
-30.8266 -40.711 70
8.85885 -1.27083 70
-0.906251 -0.233414 70
0.851544 10.7644 70
-1.215 -18.8344 70
9.46437 0.506375 70
-0.371539 0.324902 70
0.0786879 1.09547 70
39.8661 -8.64141 70
-0.570549 9.38353 70
9.05302 1.35042 70
-0.206176 9.86153 70
1.39768 0.570906 70
-60.924 9.70976 70
0.860371 40.7992 70
19.003 8.77849 70
-1.04607 -10.097 70
-0.00103615 -9.21651 70
-1.46271 -9.5597 70
9.18123 -1.37358 70
8.74698 11.4182 70
-0.359501 -0.738967 70
-1.45974 -9.7607 70
-11.4493 -19.9847 70
-10.6527 -21.2204 70
-9.043 -21.0084 70
-0.019427 0.808435 70
10.5945 0.3243 70
19.6126 9.22703 70
0.018507 -29.3506 70
21.3567 -18.7263 70
-11.3029 -0.481892 70
9.30311 0.997746 70
20.2795 -1.3728 70
-0.166321 -20.2415 70
19.8538 30.7022 70
0.874348 0.0490735 70
-1.30966 -10.3857 70
-80.0981 -39.3416 70
30.7985 -0.449153 70
9.03567 -10.8094 70
-0.393359 -1.36415 70
-0.496155 0.653931 70
-28.6861 -20.9905 70
10.7711 -1.25383 70
-1.0395 0.826357 70
18.5706 -60.2998 70
21.3366 0.0382035 70
0.497859 -1.14856 70
-10.0092 -9.53369 70
-8.78302 0.352384 70
-8.51157 18.5568 70
-0.0353912 -1.07478 70
11.0654 9.3883 70
9.73466 1.49686 70
19.2099 18.8599 70
10.1001 9.48901 70
9.81219 0.0128288 70
11.2919 0.217847 70
29.9271 41.0552 70
-1.14151 -0.618358 70
0.311442 1.06303 70
1.3111 0.663759 70
11.4495 89.6071 70
-20.8239 28.6115 70
10.7756 -18.8248 70
9.53876 -21.3338 70
9.66171 -0.610483 70
-1.13673 8.51851 70
10.0408 0.0463391 70
1.03865 -11.0285 70
-0.962415 9.14274 70
-0.72126 0.463043 70
-0.449936 -10.7153 70
-0.135103 0.219416 70
10.6691 -0.36812 70
9.58204 -11.1942 70
9.25838 -9.92305 70
-1.4566 -0.763234 70
9.58178 -0.874398 70
9.98706 10.9127 70
10.6395 0.822784 70
8.90657 0.146437 70
0.395806 0.365423 70
1.03391 -10.4438 70
-9.39285 9.76669 70
1.07463 -0.757077 70
11.2734 0.850491 70
30.5277 -8.72375 70
0.012219 0.806043 70
-8.54209 31.3774 70
10.0225 -1.197 70
-0.499598 -9.58025 70
18.9472 -71.3347 70
28.7856 -18.6866 70
1.18118 -0.898591 70
-39.7217 31.2572 70
10.4085 -9.19976 70
0.839493 -20.722 70
-0.180105 -30.9005 70
-0.378869 -0.912925 70
0.0440705 0.411584 70
-0.193443 -19.0888 70
-0.894303 9.20001 70
20.3662 -11.2863 70
-0.930295 -0.0211779 70
0.609739 1.26912 70
-0.589728 -0.950943 70
-0.0104763 -9.99355 70
18.5905 11.0103 70
11.1815 -9.33005 70
-0.344964 0.382809 70
-0.414234 1.20752 70
-29.269 -60.1183 70
19.7077 -19.5891 70
-1.23655 0.593825 70
-49.1214 -18.7342 70
-11.1678 0.261209 70
11.004 -9.28328 70
19.909 69.9146 70
8.85047 0.286918 70
-29.2066 40.8122 70
-30.0368 38.7926 70
-10.4495 -39.9216 70
30.5054 40.5726 70
20.4464 10.1147 70
0.821762 -10.3342 70
11.2809 -10.6449 70
0.663577 0.234882 70
-0.0768159 -0.950266 70
8.88672 0.0571319 70
0.0974514 -9.98255 70
10.155 -0.0373247 70
11.4415 -0.607076 70
-9.04882 1.22669 70
40.709 -0.229104 70
0.697176 -10.1978 70
0.793682 -9.26822 70
10.0606 -0.752554 70
9.6192 -10.3455 70
10.954 -19.1552 70
-11.0209 -9.32416 70
9.34404 -1.0489 70
41.0137 19.0489 70
8.91351 -11.4263 70
9.43155 -19.2476 70
-8.85341 -9.55601 70
-19.1325 1.17828 70
9.29877 -0.127109 70
20.3284 -1.21619 70
19.6134 -10.1874 70
8.96445 -0.499569 70
-39.9631 -109.383 70
10.6283 9.84244 70
0.500286 -20.4042 70
-1.26219 -0.820942 70
-119.87 -71.1038 70
31.0381 -9.53136 70
20.8405 -0.402016 70
10.1836 -0.484626 70
1.24638 1.13695 70
-0.352155 10.8199 70
11.2736 0.554284 70
1.05267 0.0835777 70
-0.660978 -10.0444 70
39.1784 -11.1911 70
19.6876 20.1716 70
0.170308 -0.381514 70
21.1197 21.3619 70
20.0789 0.412478 70
20.3867 10.7047 70
-8.52843 21.3483 70
0.804262 -0.547388 70
9.47121 -9.35029 70
9.78062 -8.67081 70
0.828643 0.103858 70
-8.72142 -0.359567 70
-80.3593 0.357646 70
8.62947 -1.08374 70
0.392038 -11.0427 70
9.31596 0.237831 70
11.1332 10.8405 70
-20.4635 -20.5571 70
10.1791 -10.0326 70
-28.8386 -79.2788 70
18.5928 -9.44677 70
10.3791 -0.23922 70
-1.2953 -9.78791 70
10.5056 -10.0884 70
11.4684 -9.75814 70
-9.78654 0.727719 70
0.933408 1.28285 70
-0.125771 0.807493 70
0.556948 -10.0006 70
41.3672 -9.24364 70
20.0183 -29.6193 70
18.8156 -29.6786 70
8.65654 -8.96947 70
30.3686 1.15088 70
9.11393 61.2693 70
-20.2377 28.7821 70
9.64353 -9.28364 70
10.2536 -1.22472 70
9.64914 -9.11933 70
40.6762 -11.336 70
10.5888 -1.36029 70
-10.4348 0.653708 70
-0.246932 -11.2744 70
0.126384 1.06106 70
11.3732 0.265291 70
9.30061 1.08047 70
10.5437 -10.8835 70
10.0359 -1.06447 70
40.4237 -0.470193 70
20.4993 40.061 70
-10.1014 -0.780151 70
10.151 0.419655 70
-1.06855 -0.403635 70
8.69474 0.0863261 70
38.9414 9.03374 70
-1.42408 1.2314 70
0.841083 -10.4411 70
-1.27751 -0.264452 70
9.6745 -10.7456 70
-0.787207 -10.0053 70
-8.5503 1.33719 70
-18.8623 -0.760971 70
10.5753 0.0530079 70
19.0477 1.33761 70
-11.4863 0.354792 70
0.974352 -11.2812 70
-9.34112 18.7238 70
0.224162 -0.222791 70
1.44589 -0.000151416 70
9.66985 -29.915 70
-0.0575517 0.538604 70
18.6203 0.812817 70
-0.444038 20.4999 70
9.21172 -9.16195 70
-10.5304 -10.0184 70
-0.874366 -1.16565 70
-0.822851 0.888021 70
-10.2643 0.239989 70
-0.306195 -8.9743 70
0.278212 10.0077 70
10.1085 0.872804 70
0.696161 1.22471 70
1.14306 -0.602198 70
49.845 -10.0326 70
8.73231 -1.38805 70
9.33578 -9.87647 70
11.3045 -1.35854 70
-1.2424 0.331541 70
0.675203 -0.551989 70
