0.745261 -19.0679 70
10.8207 -1.41286 70
-11.4244 8.8971 70
9.84254 30.7355 70
10.8639 -10.5921 70
1.15156 9.07565 70
-0.0445096 -0.466841 70
0.222167 10.1542 70
-1.22741 11.4442 70
0.372102 10.9702 70
-21.1611 -30.6516 70
-0.225173 1.39862 70
-0.104563 9.13228 70
-0.328089 -1.20383 70
-10.5635 -21.3733 70
-0.59651 0.259691 70
-9.04727 9.26215 70
-10.7576 40.9875 70
9.42668 -0.281967 70
1.05158 -0.133666 70
-9.62777 -1.12628 70
8.86262 -21.4383 70
-0.0927461 8.98263 70
1.19589 0.800076 70
-10.5452 9.4654 70
-10.1267 -0.0512111 70
0.9071 -1.01453 70
-8.60833 1.09268 70
-18.5606 30.2176 70
-30.1879 41.2745 70
1.31052 10.9073 70
-9.14575 10.3782 70
-10.2645 10.2298 70
0.458103 -0.949025 70
-0.496959 9.51653 70
-0.627969 10.7005 70
-20.1679 21.2184 70
-0.165034 -1.43047 70
-10.9777 29.6853 70
9.09311 10.9488 70
8.5469 11.1046 70
-118.78 -41.0784 70
-1.13547 0.946684 70
0.225926 11.4844 70
-0.58282 -1.11811 70
0.540759 -0.692871 70
-0.699114 -0.585947 70
-10.9983 11.0865 70
-11.465 -9.99875 70
-1.23932 9.19555 70
0.321043 -29.8748 70
0.102763 -31.1157 70
21.1738 -9.02423 70
10.7218 8.88041 70
-10.4172 21.2422 70
20.2371 -9.88551 70
0.0856238 0.54144 70
0.563896 -0.539386 70
-10.4917 -0.0746144 70
-70.0646 48.93 70
-0.646099 8.80563 70
1.00522 1.05151 70
9.12238 -1.23479 70
9.77548 8.64112 70
9.59742 10.739 70
-10.3443 -20.618 70
0.148778 1.37213 70
-1.17534 0.235112 70
-0.999822 11.4018 70
11.0391 -19.2872 70
-0.822861 18.7797 70
-0.974326 -11.479 70
-1.04782 -0.122231 70
9.58768 20.1824 70
-11.3349 9.50677 70
21.1079 -9.62271 70
-9.65366 31.1967 70
-10.8704 9.07966 70
0.138673 -9.63448 70
-8.6962 1.44047 70
21.1935 20.4542 70
-0.565029 -0.701831 70
40.6055 18.7181 70
39.5541 19.3458 70
-28.7479 -48.8054 70
0.836813 9.77921 70
-10.3297 9.37443 70
-59.2259 -19.6087 70
-0.702557 10.9896 70
0.463884 -0.90495 70
-1.07345 20.7859 70
0.0497731 -0.867118 70
10.2106 19.4915 70
-9.60071 0.249534 70
-39.8623 0.567457 70
-41.1261 -0.59222 70
-40.1101 -0.306265 70
29.2248 -18.5183 70
9.28488 -11.002 70
-50.1215 -9.54765 70
0.262975 0.508515 70
-9.44635 9.41258 70
-11.3713 0.111578 70
0.951885 8.65402 70
-0.104741 8.80139 70
10.9458 101.464 70
-0.105803 9.37895 70
1.15819 1.41259 70
-11.1745 28.811 70
-1.09694 1.31291 70
11.4267 10.1509 70
1.29108 -9.32079 70
-1.23403 8.87305 70
1.3562 -0.595257 70
0.328518 -0.981374 70
-18.8431 -79.6913 70
-1.42629 -0.426022 70
-0.532762 1.02124 70
-10.4507 9.52855 70
0.949074 -1.39409 70
-100.047 -11.1315 70
-19.9031 -49.4796 70
1.22053 -0.183911 70
31.0759 -9.04537 70
0.807112 0.239624 70
0.788089 0.900678 70
-20.32 -10.026 70
0.291966 -0.0339515 70
21.3993 0.207785 70
8.55077 109.644 70
9.62023 -11.3076 70
-1.49658 -1.4404 70
9.50999 11.4134 70
9.40402 -0.436798 70
0.439359 -9.26883 70
-1.06955 8.70878 70
0.0477112 21.0817 70
-10.7202 -0.122659 70
-21.4861 1.14258 70
-0.565086 8.58492 70
80.3058 -21.3475 70
-9.30611 -0.172465 70
-9.33499 -11.3779 70
-28.9284 10.9 70
-10.9431 1.43418 70
9.35561 19.9168 70
-1.35781 0.401984 70
0.785273 9.98573 70
0.41833 -51.1449 70
0.501322 0.597481 70
9.91482 10.103 70
-9.25012 0.268324 70
-0.455267 -0.257152 70
0.462575 9.51576 70
-1.13286 9.41042 70
1.31906 -0.0249728 70
-9.99355 -8.64324 70
-0.930434 -0.720326 70
-0.860034 8.63887 70
-9.84296 11.2596 70
-9.26687 -0.85571 70
41.1124 21.359 70
-9.35827 9.72124 70
-8.61944 10.1375 70
-11.014 -10.4826 70
-0.64563 20.4732 70
19.123 0.549017 70
0.862835 -1.32289 70
10.0494 38.9528 70
11.2065 -20.4945 70
-18.8452 0.447404 70
18.8596 -29.8799 70
-20.358 10.8531 70
9.1885 -19.9973 70
-1.02209 10.0202 70
1.16757 9.81178 70
-19.6231 29.0525 70
30.9146 10.9853 70
-18.6098 39.5761 70
8.77136 -0.804381 70
28.6012 30.1863 70
-10.5204 8.54543 70
-0.625282 1.30643 70
-29.9215 -9.73881 70
19.5803 -9.70124 70
-0.611898 9.70526 70
-1.49331 8.51584 70
0.775687 9.09806 70
10.7863 10.2248 70
1.10824 0.394271 70
-1.14224 1.09897 70
19.0995 -31.439 70
-8.58641 0.634188 70
0.513018 8.85118 70
0.460612 39.7766 70
0.238242 -0.883566 70
-9.51394 -59.2363 70
-10.6446 40.8374 70
-10.0871 11.4528 70
0.585502 0.780762 70
1.32364 0.877766 70
-0.757968 19.9189 70
-9.18844 -1.29545 70
19.1223 49.0108 70
0.0139785 -10.0227 70
1.37422 11.1126 70
0.818711 11.1624 70
-10.3998 11.2739 70
-0.65618 9.18725 70
1.09795 10.1207 70
8.7505 -10.9287 70
0.94793 10.7314 70
-9.68288 -18.5902 70
0.854596 1.42569 70
-51.4665 -8.80774 70
20.1203 20.0137 70
11.0092 31.3756 70
-1.38101 10.9549 70
1.17436 8.70591 70
1.20972 8.90768 70
1.26367 -1.35566 70
-0.0687454 0.516652 70
1.36714 10.7218 70
-0.279991 10.5871 70
-0.771885 -40.2607 70
-0.802798 11.0814 70
0.0356783 0.379725 70
-11.2155 -0.424569 70
-10.0907 9.06001 70
-21.241 0.698644 70
-30.212 10.3687 70
1.48375 8.96545 70
11.2662 8.90487 70
-1.4843 11.0784 70
-1.02674 8.64936 70
0.831439 -1.22751 70
-1.28622 29.7898 70
51.3169 40.27 70
-0.0160241 0.441401 70
-0.581002 19.3092 70
-0.593848 -0.993401 70
-11.2092 0.0679831 70
1.05227 8.85431 70
0.932125 11.3593 70
0.322586 -1.23903 70
-50.734 10.4071 70
0.13596 -1.48871 70
1.29609 -0.679181 70
-19.2804 0.148206 70
-21.4058 10.5394 70
-10.8364 0.945919 70
1.0147 9.14699 70
-0.619156 9.32994 70
0.259283 -21.4425 70
-18.9934 1.49164 70
0.599265 -0.140739 70
-1.31228 20.6117 70
18.7847 31.1816 70
0.805041 -1.13234 70
-1.2536 -0.50361 70
-0.314467 -0.594044 70
-20.9939 31.4397 70
0.254294 -9.4984 70
-9.97271 -9.30603 70
-9.87584 -8.59039 70
-9.79225 -11.4633 70
10.1022 -8.78235 70
9.6327 20.8083 70
-9.67568 -10.2563 70
-9.15467 79.4229 70
-1.14067 0.0953416 70
-11.4099 9.53299 70
10.6733 -10.7606 70
-0.402975 -1.03659 70
-18.6022 -10.7211 70
1.04636 0.596826 70
0.528731 0.345741 70
-1.46693 10.6454 70
-9.54977 0.575201 70
1.33296 -9.82581 70
-0.364586 -9.02899 70
40.4682 10.826 70
-9.39551 1.24419 70
-0.392895 -58.6373 70
-1.06943 -0.3206 70
-0.366426 0.754273 70
9.0964 -0.745733 70
0.481584 -1.07333 70
-0.69833 21.3914 70
-0.445588 11.4732 70
-0.985376 1.27065 70
-9.29155 0.555478 70
-0.558908 0.751576 70
-1.29522 9.8616 70
-10.1987 -18.9255 70
-0.293777 1.27277 70
-9.27911 8.63169 70
-10.572 -0.142699 70
0.112507 -21.2645 70
-59.409 28.7534 70
0.378983 0.523356 70
-0.226929 -0.847717 70
0.994938 1.39255 70
-11.0457 8.91928 70
-0.736422 0.09064 70
-0.227166 -0.0170772 70
0.572361 -0.705426 70
-19.5259 20.29 70
0.608246 -1.31098 70
51.426 -19.4083 70
10.2054 0.571471 70
8.76986 0.185751 70
8.74928 20.8997 70
79.6616 19.1409 70
-11.4365 8.96411 70
-29.3414 -0.436272 70
-10.6748 -1.16973 70
-10.8236 -9.09719 70
-0.714374 9.06549 70
10.4174 0.322854 70
-1.45681 -0.760704 70
1.44392 -1.18628 70
9.35161 -20.1563 70
-9.06373 -9.03479 70
-10.77 -0.511295 70
-1.25206 -0.338787 70
10.0642 -0.179243 70
0.19847 -0.669062 70
-10.8729 -31.2749 70
-20.2973 -20.4358 70
-41.1106 50.5699 70
10.9066 0.0213305 70
-9.78659 1.47982 70
-9.24691 10.343 70
-11.2572 29.4785 70
19.7083 51.2373 70
-1.20023 11.4331 70
-0.761291 10.8938 70
1.30385 9.93671 70
-10.0182 9.17398 70
0.62272 10.8587 70
9.2101 -8.79465 70
11.1394 9.91815 70
0.961379 -1.01759 70
0.226642 9.56647 70
-1.49891 1.30736 70
-0.240233 10.7817 70
0.0950366 0.361861 70
9.16035 -1.3179 70
0.54308 -0.941005 70
-39.8984 30.4977 70
-50.3248 19.3151 70
-9.32198 -1.16373 70
-19.0073 -11.2152 70
-20.7511 18.5518 70
1.29834 10.6631 70
0.945109 9.77073 70
-1.3483 0.672693 70
-0.633849 0.818685 70
-8.68371 -9.63371 70
0.826336 9.07896 70
-8.88975 11.4931 70
-11.017 10.2675 70
0.208296 -1.26188 70
-21.2128 11.0945 70
-0.779699 0.611751 70
-1.13387 -1.0703 70
-1.15598 0.299207 70
-8.99204 -10.9094 70
-11.2664 -9.71912 70
1.49594 0.0136069 70
-11.0862 -11.4293 70
-1.44238 21.197 70
0.184418 18.7038 70
1.15203 8.5813 70
-0.678895 -9.89827 70
0.356532 -1.26487 70
0.284015 10.8665 70
-0.169976 41.1013 70
-10.0912 -59.1221 70
0.46733 10.4727 70
-20.3259 10.1679 70
-10.9945 18.5189 70
-1.40837 10.1425 70
-10.4956 0.705342 70
-11.4833 -29.8156 70
18.8589 1.38834 70
1.45946 0.998825 70
-20.082 30.9612 70
-9.52673 1.00141 70
-10.5102 11.2977 70
-9.0655 9.4 70
-11.0186 10.4328 70
-0.134472 11.0235 70
-0.715369 10.5751 70
0.0747376 0.962739 70
-10.1434 -10.6846 70
-19.9862 -0.440822 70
41.0408 -0.647338 70
-8.91895 -18.9997 70
0.598819 1.06195 70
-1.03339 0.0673324 70
18.6796 19.1316 70
-49.4523 30.1481 70
-49.6491 28.775 70
-11.3346 0.721195 70
-8.92589 0.253039 70
-10.2404 18.973 70
-9.3658 -98.528 70
1.24093 -0.899246 70
-18.8113 -11.1015 70
18.5979 0.35008 70
0.699012 10.8796 70
1.38162 19.2661 70
-19.356 -0.931746 70
-0.114092 10.6363 70
-0.98008 0.373715 70
0.676505 -8.54503 70
10.7019 -0.447325 70
8.77891 -9.54694 70
-11.0318 -0.0719283 70
-9.99618 0.394999 70
-1.22249 19.529 70
9.50833 0.332651 70
-1.4975 11.3893 70
-19.7105 11.2551 70
-10.9809 8.68967 70
8.82221 8.64344 70
-8.54635 -0.530821 70
-0.640883 -39.0857 70
-1.42701 8.96213 70
0.542543 11.4483 70
-21.3695 10.3913 70
-0.79338 -10.1714 70
-21.3891 -0.109611 70
-9.86437 19.246 70
-0.413065 -0.11346 70
-1.22659 -1.00235 70
0.229872 -8.78071 70
-40.0605 -40.3291 70
-0.113935 0.734869 70
0.72662 -0.722036 70
-0.983707 9.59717 70
-0.225411 1.05899 70
-0.650675 8.75946 70
10.1292 -30.5283 70
-19.073 19.6273 70
1.10563 19.5834 70
0.277978 9.91175 70
-0.08653 -1.45855 70
10.508 -49.7131 70
9.40479 -0.999801 70
11.1667 8.98552 70
-9.58341 -10.7774 70
-10.1805 -10.2763 70
-0.85008 -0.0892576 70
-10.327 9.91689 70
49.6763 80.7213 70
40.5098 -39.8823 70
68.5816 -49.7038 70
0.108995 0.404247 70
-0.253495 9.70164 70
41.2648 -39.5487 70
1.31565 1.43021 70
-1.19023 9.80964 70
9.38414 -0.541005 70
-40.416 -29.329 70
0.428717 1.48779 70
-20.2656 -0.867225 70
71.3256 21.1529 70
-20.8424 21.1923 70
-0.899658 -1.42673 70
1.0869 1.0937 70
10.775 0.680318 70
8.90527 -0.721939 70
20.7555 -1.09161 70
-8.6826 10.5818 70
-8.74804 9.28317 70
1.0032 -0.668382 70
-9.82391 10.9937 70
0.168142 9.68571 70
0.803323 -0.0768434 70
0.148224 -1.36526 70
-8.90807 0.302462 70
-0.753178 8.78936 70
9.55428 0.604973 70
0.907155 20.7934 70
-0.332829 11.109 70
0.973412 1.09955 70
-1.38649 1.48704 70
-0.43355 0.787558 70
9.54743 0.764679 70
9.75462 9.31547 70
-9.34219 8.9042 70
28.8539 10.9848 70
10.7656 10.1972 70
0.587142 0.520504 70
0.502853 9.02913 70
-21.4826 10.2499 70
10.7008 -1.33159 70
0.168114 11.2716 70
1.23982 10.5096 70
0.338639 0.478658 70
-9.06213 -0.558471 70
-9.89922 -1.01265 70
-1.41801 -0.481007 70
0.913806 -19.601 70
1.31714 0.492841 70
-0.552887 0.9112 70
-11.4176 0.444115 70
10.8167 0.738593 70
-0.347862 8.53592 70
-0.673529 9.77628 70
9.81471 0.892646 70
-0.628466 10.8883 70
0.0207018 -1.02411 70
20.4799 21.2399 70
-20.9895 20.4128 70
-0.15587 -1.32073 70
20.1794 -9.00629 70
1.42076 1.19297 70
-40.6501 -30.5971 70
-19.5986 -1.14362 70
0.647477 8.88939 70
0.330017 -0.274699 70
-21.0175 -8.77136 70
-0.44764 -0.0761966 70
-10.5689 0.523875 70
21.1248 -1.09604 70
19.6969 -1.36845 70
0.565971 0.36666 70
-20.7716 -31.0469 70
-0.0288341 9.03359 70
-10.0394 -0.97295 70
-20.4536 30.139 70
11.4812 10.5865 70
-21.4408 9.54515 70
-29.6572 -0.966148 70
-1.27721 -1.32307 70
1.13985 -0.184674 70
-9.48099 9.82373 70
-10.4847 0.570812 70
1.23481 0.650861 70
1.11372 20.0534 70
-9.62964 -9.19069 70
-18.5357 21.3495 70
-10.3452 10.3218 70
0.844867 10.0149 70
0.879383 9.9617 70
8.89643 10.1256 70
-29.9674 -0.604982 70
0.387159 0.854933 70
-9.61948 1.02742 70
-1.09877 11.1986 70
-0.365224 -0.34456 70
-1.17835 -0.483134 70
-9.83511 -0.982565 70
8.84404 1.37148 70
8.57955 -10.4237 70
0.0466758 10.0429 70
0.400255 -1.13024 70
-9.71527 -0.240596 70
0.775782 -1.21531 70
-0.28937 8.563 70
-0.695333 21.4425 70
0.116083 8.94618 70
-19.3904 19.6413 70
-20.3518 8.55359 70
-20.3639 70.3718 70
29.0122 29.813 70
-0.82685 -0.22334 70
-0.294533 11.469 70
1.15042 -1.32987 70
30.1474 -10.1852 70
-9.40511 -0.570861 70
-8.56894 1.27219 70
-0.633728 1.35826 70
0.0513952 11.2885 70
9.50015 -9.43248 70
-1.37728 -9.76313 70
-30.6447 9.15203 70
-9.96924 40.4145 70
-8.89347 0.685508 70
-9.13506 -1.39904 70
-10.8802 -1.43351 70
-0.860538 21.1677 70
9.1418 -1.18782 70
40.2032 0.789472 70
1.28851 1.04113 70
0.824767 9.65344 70
-11.213 10.3716 70
9.48067 -31.2581 70
-0.719949 9.25182 70
-9.32712 -10.4742 70
-11.2694 -10.6708 70
1.02049 9.1525 70
-20.802 -1.06063 70
-19.0986 0.142977 70
-10.5887 -10.6879 70
11.2617 10.8845 70
-99.0622 39.2226 70
-0.225931 0.970201 70
1.04393 -0.666261 70
-20.1925 29.4607 70
1.30261 10.8447 70
19.5242 -0.781699 70
18.9068 0.715049 70
-51.4802 9.87941 70
1.09666 1.47592 70
-0.831176 8.59739 70
-0.690611 10.1338 70
-9.24626 10.5572 70
0.514151 -0.260993 70
28.7729 29.9737 70
-0.699344 -0.566304 70
20.3196 30.2944 70
-0.200455 11.0147 70
-10.5884 -0.652507 70
10.1857 -1.46016 70
-11.4546 -30.5525 70
-0.758773 19.8127 70
10.5243 -1.02712 70
0.433621 -10.9008 70
9.15595 19.4528 70
21.4368 1.48437 70
0.374127 -0.18592 70
1.3313 -0.143903 70
-8.60753 21.3492 70
0.958664 0.883022 70
21.3672 29.7297 70
10.9029 -11.1922 70
0.945776 19.2405 70
-0.349713 0.231706 70
-1.35353 -0.620983 70
-79.5338 -38.9343 70
-49.3693 31.4696 70
18.5492 0.0573548 70
10.4715 -1.10331 70
-69.6662 -28.7343 70
0.508561 9.5286 70
-0.783292 -21.1457 70
-1.38849 0.637995 70
-0.718415 -0.32313 70
79.1411 -0.233646 70
0.746842 10.5305 70
8.93384 9.32542 70
10.3544 60.5798 70
0.396264 -0.920056 70
0.740854 21.3013 70
-0.830636 11.1444 70
-1.24438 1.26244 70
-0.764698 11.1304 70
-10.886 -21.3263 70
11.2473 29.1659 70
31.212 -10.356 70
-10.8542 0.329695 70
19.7289 51.2661 70
0.0775478 0.318005 70
-0.946798 -0.197474 70
0.538607 0.830105 70
-9.7099 9.06829 70
-10.5174 10.6306 70
-11.4073 21.4499 70
-0.966311 0.664616 70
-10.2078 0.895 70
-1.18888 11.305 70
-1.34813 69.9921 70
-1.03406 10.1035 70
8.9151 11.1375 70
9.28015 9.80399 70
-20.4774 -19.3201 70
-9.52943 0.646475 70
-0.450939 8.8248 70
-11.3922 19.595 70
-29.1267 -49.5269 70
-10.2265 -11.2557 70
1.08538 1.41934 70
-0.0720439 9.10872 70
0.269955 0.480883 70
9.09281 9.79781 70
-19.3928 20.0987 70
1.35561 0.433233 70
10.0434 11.344 70
-0.421084 10.7599 70
0.426973 -0.607267 70
0.809945 -1.41327 70
-20.2511 1.48003 70
-59.2356 21.0395 70
-30.2841 11.1177 70
0.591249 -9.02607 70
-11.1801 21.1243 70
8.964 9.97312 70
-1.45225 8.52492 70
9.239 19.137 70
1.25279 0.349938 70
-8.92071 -0.887252 70
18.6958 19.139 70
-9.89453 9.83449 70
-89.0096 -1.12269 70
-1.37353 9.65243 70
-1.0593 1.10501 70
1.17496 -1.28857 70
9.98156 -19.1094 70
-1.37409 29.3527 70
11.0695 -9.47354 70
9.94862 8.50761 70
0.622619 0.240826 70
-1.33397 1.10129 70
-8.96398 0.458723 70
28.761 19.6126 70
-9.9671 -10.6001 70
-11.0506 -8.854 70
0.320346 -18.945 70
-11.2919 10.7666 70
-0.39613 1.23574 70
-61.4918 -109.927 70
-60.5031 -108.543 70
1.34641 10.5385 70
-0.613031 -18.8086 70
10.0169 -11.2555 70
0.0237759 0.0098375 70
-11.4497 9.15143 70
11.1657 1.23746 70
-0.616876 1.26676 70
0.131549 9.66441 70
-0.00649288 21.0868 70
80.3388 -58.9468 70
79.3598 -60.318 70
-0.567524 -0.631407 70
-0.281597 11.2176 70
-0.128619 9.37526 70
8.9695 -9.34766 70
-20.0807 -1.4026 70
