-9.58135 0.00252103 70
-20.3144 11.2009 70
-30.2451 11.464 70
1.12765 9.15461 70
-11.3951 10.4812 70
-10.4426 -8.94211 70
49.5033 118.769 70
0.339888 9.33442 70
-9.72144 -11.1161 70
41.1362 -29.3132 70
-1.43471 -0.901182 70
-10.9822 10.9109 70
-19.2878 -1.17572 70
-11.208 9.27813 70
-1.20476 20.9911 70
-0.751426 0.589289 70
-11.365 1.40912 70
0.348777 10.0657 70
0.493634 0.231759 70
-0.892648 0.300312 70
-10.6699 -0.909468 70
9.3197 30.5155 70
18.9608 19.2829 70
21.4558 -20.1046 70
-9.87738 -0.597911 70
-10.989 -9.06203 70
-0.36503 -0.396848 70
-39.5862 10.1229 70
-41.3834 10.6204 70
-1.34317 0.977699 70
-9.49611 11.2383 70
20.0876 111.115 70
-20.9966 59.1218 70
-20.223 0.558925 70
30.1174 20.0539 70
0.551471 9.95599 70
9.06521 1.38855 70
-0.993515 -1.34049 70
1.41098 -1.4965 70
-21.3418 8.78851 70
-19.0503 9.16853 70
-9.37133 -11.3368 70
29.6107 -9.02206 70
-29.2239 9.46278 70
-0.167204 -1.15084 70
-30.8681 -9.17054 70
0.617176 18.8625 70
-10.3067 9.28194 70
9.9132 -8.92618 70
0.962505 -1.2796 70
10.492 -1.28875 70
-10.987 -20.0921 70
-19.8606 49.0632 70
0.446953 20.4249 70
0.751275 9.09538 70
1.04869 1.29039 70
-11.366 11.354 70
-8.74064 -1.16362 70
0.349947 30.713 70
9.03398 0.292945 70
-11.1592 0.203995 70
-0.774849 8.94275 70
-0.329684 11.3361 70
0.0603303 -1.21879 70
-30.8672 -38.7393 70
-0.664583 9.44084 70
0.381272 0.430711 70
-1.16724 0.798329 70
-0.752198 21.3946 70
10.2199 -0.72107 70
-8.66215 -9.06225 70
-0.934768 -0.782239 70
-9.76421 -10.4284 70
40.7561 1.4068 70
-50.1191 -78.7368 70
-10.8855 -0.062605 70
-1.31581 -8.50257 70
-1.09696 0.485336 70
-0.330252 1.16244 70
-0.293978 -9.02065 70
-10.5357 -59.5851 70
-10.7082 19.4598 70
-11.3365 -8.90387 70
-1.49456 9.02423 70
9.75083 10.976 70
-9.91838 9.18879 70
0.750425 11.0332 70
-0.808018 39.6694 70
20.7141 -1.02923 70
-29.2311 11.2841 70
1.37745 -0.7519 70
-19.8822 -0.461588 70
-10.4138 0.835187 70
8.93073 40.0247 70
30.9715 -38.8287 70
-19.8364 1.48468 70
29.2459 -60.4266 70
1.38451 11.0898 70
19.4776 21.1998 70
-9.66639 -0.534942 70
19.2307 40.9806 70
-0.569717 0.529815 70
1.30949 -0.19036 70
9.54474 -9.29607 70
-9.36329 0.277255 70
-9.91343 9.43354 70
0.439357 0.484727 70
-10.6575 21.4186 70
0.831992 9.23501 70
-9.40056 1.24503 70
10.6627 -1.26818 70
-11.1941 -0.583644 70
-0.496851 -10.4677 70
10.7458 11.4821 70
-20.5208 0.404737 70
-0.299238 -18.5192 70
-11.4034 28.6956 70
-9.33535 30.509 70
-9.81358 9.9678 70
-10.0322 -1.4996 70
10.5327 19.9519 70
8.69683 0.375727 70
-1.11976 -0.511628 70
-20.4307 -19.1912 70
-20.4891 10.615 70
-0.842404 20.705 70
1.05891 8.57439 70
20.7134 29.7936 70
-1.3748 0.957576 70
-0.216603 0.422352 70
-31.0973 8.76502 70
-31.1342 11.2089 70
1.08709 0.704249 70
1.17996 21.2429 70
1.02161 10.956 70
8.70626 9.1044 70
30.3627 -0.99239 70
1.39175 0.79747 70
0.682654 18.8086 70
-8.61771 10.1688 70
-29.686 -18.6858 70
-0.915069 -21.3895 70
0.804603 1.04307 70
0.758262 -0.293092 70
1.07702 0.555087 70
1.38533 18.8273 70
10.5426 11.259 70
-1.16407 0.0116172 70
-19.763 8.9898 70
-49.5441 30.7787 70
10.9753 -0.603366 70
-20.6413 10.4829 70
-10.4409 9.89869 70
1.31507 -1.13462 70
-0.903759 1.15322 70
1.36622 29.1945 70
-9.36313 -19.7137 70
-19.0218 21.1613 70
-0.680573 -0.45198 70
8.60941 10.6922 70
-0.472609 -10.8239 70
-0.388196 8.94631 70
-19.6243 0.385075 70
-0.627074 -0.104209 70
-0.0114511 0.730069 70
0.769099 0.0908812 70
-81.3399 39.3556 70
-29.9905 -0.381672 70
0.508469 -0.822395 70
1.23782 1.24421 70
0.132123 -1.25758 70
1.48066 8.82992 70
-9.07117 -1.13853 70
-1.06028 0.218194 70
0.397988 -0.92859 70
20.2064 0.60467 70
-8.92524 19.3648 70
-9.31686 8.51648 70
-11.0896 -1.47173 70
-0.403293 10.3875 70
1.23352 9.37401 70
-10.9561 10.6109 70
0.852674 -10.1178 70
-1.35397 -21.2806 70
0.0459948 0.789707 70
0.21636 -9.94644 70
0.884273 8.95273 70
-1.30318 0.247489 70
-10.3927 -10.8598 70
-11.427 -8.80844 70
-10.7629 -0.16435 70
-0.655649 10.8584 70
-11.1969 10.306 70
-9.28644 -0.149184 70
1.43436 1.384 70
8.62801 19.3134 70
1.37717 9.16746 70
-1.2433 9.52445 70
-19.8116 0.929607 70
-1.38277 0.630764 70
8.55807 19.6161 70
-0.85595 0.406214 70
-9.43381 9.89805 70
-10.1505 0.716397 70
-1.15486 9.63198 70
-0.865453 9.54538 70
-0.881196 0.163405 70
11.1378 19.7276 70
-10.3423 8.84128 70
1.47012 11.4018 70
-10.848 11.3653 70
-0.700438 -0.670627 70
-0.15424 -0.317633 70
-8.65719 9.35465 70
-10.4889 -1.48409 70
0.302564 1.17992 70
1.21079 8.68479 70
9.67347 -20.9664 70
-39.0066 30.3485 70
10.7822 11.3809 70
-19.5124 11.044 70
-18.8424 -8.76796 70
-1.12904 -8.5914 70
-1.2458 -10.7841 70
19.1128 -78.9835 70
-1.08272 -0.955961 70
-9.97735 -9.28415 70
41.4613 20.6439 70
-1.38974 0.0242569 70
49.7459 1.17204 70
9.83395 8.93487 70
-0.831762 -9.14288 70
-1.05951 -19.9959 70
-0.518373 -1.00355 70
0.149224 0.96021 70
-11.3535 -0.642402 70
0.835431 8.58019 70
0.326046 0.235382 70
-21.2044 61.327 70
-9.76731 -0.94293 70
-11.0685 9.58101 70
-0.770867 10.947 70
18.8232 29.6543 70
-0.0174777 -68.7449 70
1.24962 11.4475 70
79.5396 59.275 70
-0.101112 21.367 70
-10.3758 0.404679 70
-0.0275839 -10.1881 70
-0.180226 -11.3477 70
-9.8313 1.08607 70
1.06621 0.0640001 70
-0.772758 -10.5978 70
1.37223 -0.283553 70
9.05674 1.12635 70
10.2174 11.0299 70
0.381903 -1.23311 70
9.38067 30.9111 70
-0.53865 1.19216 70
0.0665539 8.91839 70
9.26878 1.47394 70
0.592502 1.0888 70
-9.69145 -0.787427 70
0.131878 0.626132 70
-31.2881 -21.2873 70
1.10982 19.2939 70
-0.290164 10.1278 70
-1.26785 9.4253 70
-8.72104 -11.495 70
-10.3397 -10.5012 70
-0.554853 18.9044 70
-41.4636 -31.4934 70
8.54294 -0.521669 70
-30.8584 -10.0508 70
-29.3833 -9.17895 70
21.1838 10.1663 70
-0.0107922 0.65503 70
-1.0713 0.134011 70
-11.0804 -0.769872 70
0.654521 20.8372 70
0.98317 19.9215 70
-0.84458 -1.19054 70
0.881911 1.20552 70
10.9904 9.64455 70
-0.649999 0.604037 70
-8.73288 8.56842 70
-1.28129 -1.10431 70
-0.513118 9.17797 70
-9.08394 8.64993 70
-10.0461 10.8201 70
-20.3473 -0.378118 70
-8.77377 10.3401 70
19.9293 -8.82398 70
0.352501 -20.5724 70
30.235 -10.6043 70
29.9614 -10.3716 70
29.4529 -9.29759 70
1.13714 10.4812 70
1.00789 11.2757 70
-0.63758 10.9746 70
0.100475 8.73405 70
-0.672301 -0.262906 70
0.504594 -0.974337 70
-0.0667245 0.224914 70
-10.8928 18.7951 70
-29.9152 18.5809 70
-10.0132 -0.24177 70
-8.84081 10.5883 70
1.09054 -0.604032 70
-21.1276 -10.1191 70
-1.25632 20.9472 70
-9.06606 -0.924283 70
-11.4852 -1.44342 70
-9.98864 41.3624 70
-0.867723 1.20129 70
9.86579 -1.04039 70
-0.523685 0.903148 70
11.2199 -8.54718 70
9.40163 10.4048 70
-20.4567 38.6245 70
-20.9876 18.883 70
30.8918 59.5333 70
-0.241726 -0.568741 70
-10.8728 29.6672 70
-10.1836 31.0233 70
0.641987 -0.105622 70
-10.0405 -1.49136 70
-0.954801 -1.27564 70
-0.453577 1.31343 70
-0.42337 -9.16027 70
-20.4858 20.3679 70
9.80442 -0.695245 70
-11.1234 0.794013 70
-0.174675 10.5038 70
8.58188 19.0854 70
-10.8132 10.6657 70
11.1394 -29.5995 70
20.5671 61.24 70
20.1149 58.9873 70
-10.0196 9.11904 70
-10.0375 0.231274 70
-9.3471 9.69292 70
-11.1577 -9.62154 70
-0.789651 30.4474 70
-0.814281 0.483528 70
0.90418 -1.01854 70
0.31851 1.11793 70
-1.33419 11.1409 70
-0.0773164 1.02959 70
-9.07403 -8.95329 70
0.909407 0.625653 70
-1.41094 -18.5322 70
1.21046 0.709428 70
-20.9963 -1.47532 70
-0.0718117 1.47379 70
-9.36297 0.135348 70
1.0382 10.8456 70
-20.3034 10.3211 70
-8.69177 9.04651 70
-10.6317 49.851 70
38.5084 21.1816 70
-0.903717 10.7538 70
-8.54707 -0.0253447 70
40.1491 11.18 70
41.3966 9.52738 70
11.4436 -10.7734 70
-21.0857 -8.8498 70
1.28586 -0.0486696 70
0.459422 -0.250945 70
-10.4397 9.88077 70
-68.8902 19.5417 70
-9.14192 18.797 70
9.31495 59.8938 70
-1.33857 10.0756 70
1.44387 10.1661 70
1.29084 -31.1993 70
-21.4137 10.9733 70
-0.306658 8.8151 70
1.35811 -0.875287 70
-0.664552 10.0307 70
-10.9915 -1.35192 70
-0.724198 8.69077 70
-28.7692 0.371366 70
-1.09927 -0.768097 70
0.698745 0.304185 70
-0.280711 -0.333977 70
-1.31226 1.23648 70
1.35644 -0.293725 70
1.31181 -0.597002 70
0.739808 -51.1499 70
49.7971 -10.0707 70
-10.7071 11.152 70
-10.6266 -39.2561 70
0.617278 -1.13661 70
-0.8808 21.1264 70
0.195978 1.40513 70
-1.41516 21.204 70
-11.3346 19.0828 70
9.0148 19.0959 70
-9.31537 -28.7051 70
-0.589364 10.4256 70
0.816813 -0.498061 70
-9.64103 0.95072 70
0.574044 1.24674 70
9.11264 21.4338 70
-9.25853 9.72556 70
-19.0069 -41.3863 70
-1.08542 0.151844 70
-21.1926 29.0008 70
-9.55401 19.9506 70
-20.0955 9.94796 70
11.289 -9.15566 70
10.7241 -1.41812 70
-1.07812 9.64719 70
-0.0926791 10.7275 70
-0.644916 18.8846 70
1.10601 -29.3412 70
-1.07371 0.545906 70
1.10421 -1.37612 70
1.30321 -0.0777836 70
-9.91812 8.84968 70
9.08816 -10.675 70
-9.0139 0.521947 70
-9.60418 1.19978 70
-11.1296 -1.41062 70
1.42933 0.495105 70
-71.401 10.5896 70
-0.947806 9.26261 70
20.3402 -1.07069 70
-0.00667512 11.0007 70
11.4168 -1.2976 70
11.0534 -0.243952 70
9.25269 -10.7889 70
-10.4535 -20.5988 70
0.891498 -0.467844 70
11.0873 0.153435 70
-1.02328 -0.652993 70
1.33502 -40.6562 70
-1.24697 9.59673 70
19.7722 -9.86115 70
-21.2222 9.58009 70
-8.58476 -0.00556195 70
-9.7184 10.0665 70
-9.36708 1.0693 70
19.7852 11.2442 70
-29.0931 -30.3344 70
-0.836294 -0.897358 70
1.25854 0.949561 70
-21.0997 0.293154 70
0.706399 8.67984 70
-0.718127 10.6179 70
-31.2333 -1.49141 70
-10.1648 0.190461 70
21.4829 -31.0916 70
-11.2187 10.5385 70
-0.0573838 1.45208 70
39.5143 -39.9765 70
-0.535415 10.9462 70
-19.353 -29.9445 70
-20.4162 -28.8767 70
-8.52586 9.51534 70
20.988 -0.720801 70
-9.98099 -0.922642 70
-0.0565791 29.0939 70
-10.6066 -0.145076 70
9.06768 -9.91413 70
20.9774 11.464 70
-1.06167 -1.42338 70
1.37797 -8.61923 70
-8.94204 10.697 70
-8.97139 9.60381 70
29.3933 -21.1214 70
0.159188 -11.1419 70
-1.36972 0.461332 70
-0.611677 -0.378376 70
10.0056 -11.2474 70
-20.1073 10.514 70
-10.4459 -0.153212 70
-1.22368 0.380208 70
-10.5458 -49.4628 70
-39.8996 10.18 70
0.737137 9.5327 70
-0.503397 -0.246068 70
0.00663543 -0.391386 70
-21 -0.904955 70
38.635 -10.8344 70
0.06931 -0.969208 70
-0.668157 0.278655 70
29.189 50.4298 70
-0.444643 20.391 70
0.478345 0.257702 70
-8.78626 -11.1174 70
-8.83234 -8.6146 70
1.28225 -10.9252 70
0.397369 0.675626 70
20.6445 10.537 70
-1.09396 -8.64435 70
-20.8834 -8.77611 70
-0.656291 9.13141 70
-9.33124 0.383581 70
-9.38583 0.0417262 70
-10.1763 -30.0016 70
-9.38212 1.44255 70
-0.561169 -0.704956 70
10.8972 20.4343 70
-1.3544 1.08091 70
10.3208 -11.2599 70
-21.048 -10.9441 70
0.871879 -10.4466 70
-9.97498 9.21378 70
9.09268 20.7454 70
10.6588 8.75212 70
-31.2708 9.63601 70
-10.3078 9.69292 70
-19.5282 1.01658 70
10.677 10.8622 70
-0.15539 1.11316 70
9.75627 -21.2621 70
9.65659 -1.24778 70
0.869712 -1.24299 70
-8.64782 -20.561 70
-0.948996 -0.49451 70
19.8331 -0.778755 70
-10.7425 0.523694 70
-10.9639 8.89299 70
-8.63997 -0.223735 70
0.589448 -1.10103 70
-19.4633 -38.5567 70
10.8703 -0.150558 70
-1.03712 -0.0449116 70
-10.9848 0.691261 70
-19.5433 1.08632 70
0.27619 -1.39636 70
0.533564 18.7091 70
-50.8539 -9.76358 70
-0.0153278 -1.22001 70
0.547218 -1.4193 70
0.395612 8.78627 70
1.45752 10.716 70
0.638665 11.0218 70
-0.633944 8.98053 70
1.34728 8.6531 70
70.5231 19.6658 70
9.67645 -11.1345 70
10.5891 8.97978 70
0.656339 30.9012 70
-30.8508 -0.358013 70
-9.58733 -10.7896 70
0.69285 1.26736 70
-19.3635 -10.3353 70
0.781567 1.43434 70
-21.3333 0.769079 70
-9.06689 28.7411 70
11.3925 11.2562 70
1.39134 41.1322 70
18.5411 31.3361 70
-0.596124 -1.37746 70
-0.932635 9.94384 70
-9.0679 21.12 70
10.4661 0.0802791 70
-10.2833 -9.70478 70
0.697201 0.822398 70
-9.46708 10.6709 70
20.537 20.1317 70
-1.40077 0.763758 70
50.1703 29.3368 70
11.0602 9.2193 70
29.8731 -20.1831 70
10.4999 11.02 70
10.4238 10.3831 70
10.9794 0.812313 70
-19.8294 -19.5016 70
61.3435 0.326345 70
0.610901 -9.35896 70
-48.8212 -48.8473 70
-11.1425 9.63964 70
-9.6334 -9.68681 70
-28.9859 0.598953 70
0.522792 0.777072 70
11.0974 10.1679 70
-30.9069 -28.8533 70
9.36581 -0.692516 70
19.1296 -10.8785 70
0.11545 9.66255 70
9.68126 21.0432 70
9.28005 18.5679 70
-10.0168 -1.276 70
0.544549 0.233219 70
-9.04746 10.2425 70
-9.81348 10.0015 70
-0.489583 -0.448921 70
1.10249 10.4818 70
-20.0283 -9.90092 70
9.067 11.2593 70
0.682667 -1.45307 70
-0.856682 8.88181 70
-9.93756 -19.2164 70
-1.22699 -0.235802 70
9.78737 8.60313 70
-10.3943 10.902 70
-0.156218 1.07066 70
0.737184 1.40731 70
0.964774 -10.0035 70
-8.7497 9.30995 70
30.9002 -10.4181 70
0.373331 0.792865 70
-28.7535 38.742 70
1.05467 0.140975 70
-29.9935 -9.14329 70
0.804766 0.34307 70
1.26845 0.400506 70
0.228591 -1.115 70
51.1369 -20.8952 70
0.877008 -0.109885 70
-28.5165 10.0666 70
-8.94776 -0.233157 70
-1.164 0.108322 70
-0.702202 -0.540034 70
-1.09793 0.203697 70
-1.14009 -10.3073 70
-11.2363 -0.331054 70
-10.4333 10.6533 70
29.9741 39.4424 70
-70.7616 -61.2137 70
0.216888 0.906247 70
0.524222 -0.613042 70
-1.1765 0.235884 70
10.654 -10.1907 70
-0.178447 9.87807 70
-11.2442 30.4758 70
0.701993 0.54657 70
-31.1182 9.67042 70
-18.6822 -19.6918 70
-10.0678 9.18339 70
-20.7662 0.984609 70
-9.62853 0.386566 70
0.973662 10.3891 70
8.63615 -0.076091 70
0.844793 -1.29375 70
0.593881 9.74332 70
-40.5584 11.0719 70
-0.88776 0.672926 70
-10.6632 -0.215705 70
-9.4433 -0.850509 70
-9.12345 -0.689587 70
-9.02333 10.1665 70
-0.544322 1.33583 70
-0.375089 0.681294 70
-18.8092 -41.196 70
8.83031 10.1755 70
-9.14752 0.787488 70
-9.7817 20.5536 70
-1.20668 20.5608 70
1.41202 21.2103 70
9.66758 8.94199 70
-1.41212 1.22742 70
-0.667709 1.09147 70
0.599798 1.25086 70
10.8604 10.2889 70
-0.20794 11.2832 70
11.0089 -1.45919 70
-10.4282 -9.15361 70
20.4464 40.859 70
-19.169 -19.8634 70
0.73038 9.15257 70
-0.287965 -0.90378 70
-11.0216 0.232583 70
-1.16088 -0.841106 70
-10.3377 -30.5032 70
11.4685 0.827447 70
-9.06715 -1.31718 70
-0.132406 9.72661 70
-30.7536 -29.3416 70
-11.239 -0.495167 70
1.44439 0.580406 70
-0.813966 1.0789 70
-1.07397 -0.625099 70
-11.1405 9.76789 70
1.27837 1.47597 70
11.212 60.2705 70
1.12943 -0.963587 70
10.9311 19.9463 70
0.222117 9.32001 70
-18.8199 -1.39565 70
0.307985 -1.08283 70
11.0034 49.684 70
-20.9967 -10.1354 70
-20.5535 10.7608 70
0.0541991 20.114 70
-0.387728 9.53137 70
-0.879737 -0.61231 70
9.76852 28.9756 70
-0.777608 8.7328 70
1.28293 0.844042 70
-8.61986 -0.158533 70
0.988206 0.681187 70
-1.39791 9.98939 70
-10.6721 -8.95994 70
8.58896 9.83903 70
0.114256 0.084413 70
-1.25202 -0.365979 70
-19.9874 1.00114 70
0.134809 11.3064 70
-8.94729 -0.0127493 70
-9.31105 -0.489849 70
9.53298 10.5825 70
-0.849309 11.4073 70
0.0691456 -0.172778 70
19.8543 9.16458 70
1.12624 0.196623 70
20.2199 21.3782 70
0.121622 -1.35981 70
9.64562 0.642668 70
-0.225295 -0.676234 70
10.0866 10.3375 70
51.252 -38.5346 70
-30.7914 -19.0114 70
30.1821 30.3933 70
9.10982 8.85447 70
28.9928 -19.6891 70
-9.62017 0.628187 70
40.5851 19.3346 70
-0.983364 0.629673 70
-1.14219 -29.4925 70
1.32914 -30.5378 70
-11.4123 10.076 70
-0.929226 21.0858 70
-1.23021 9.3032 70
0.392766 8.96245 70
8.90245 -9.97082 70
