-1.3722 -0.220063 70
9.05277 -1.49544 70
21.1034 -29.2569 70
-0.467572 -0.585031 70
19.3436 0.904678 70
-49.5549 71.2462 70
10.1941 9.67969 70
-9.74536 10.807 70
40.5143 41.2844 70
39.2429 -10.3851 70
-10.6251 9.19079 70
21.1779 11.0615 70
20.701 9.17516 70
-9.75628 -9.52528 70
10.2799 9.96386 70
10.1413 0.525987 70
0.616193 10.8557 70
11.4772 1.41267 70
11.43 -8.8693 70
0.22991 10.3718 70
-0.258049 -11.0175 70
0.398775 9.76503 70
-9.77113 -9.13746 70
-0.686829 -1.02312 70
-11.4434 30.1685 70
0.512436 -10.3855 70
21.4541 29.2426 70
10.0345 -0.188811 70
-0.820441 -8.78638 70
9.70593 -18.7834 70
9.04043 -19.7818 70
10.163 -8.82424 70
10.8563 -10.7447 70
8.82363 -9.28737 70
20.0176 -31.2512 70
0.679864 -30.2773 70
8.76579 0.0495451 70
-0.719551 10.2435 70
19.8079 0.578825 70
9.83046 1.27131 70
-9.30458 -11.2226 70
0.856823 0.122748 70
-10.5049 -0.561211 70
31.3109 -9.38832 70
1.30468 -9.75202 70
-29.1632 8.65393 70
-1.47554 9.14635 70
10.4341 -10.9044 70
9.07257 -8.73467 70
1.16174 9.74843 70
-0.438327 0.607187 70
-31.0864 20.7735 70
9.443 -10.3949 70
-0.0252673 10.8858 70
9.13693 -11.3128 70
-0.849797 31.3397 70
8.59895 -9.0702 70
8.86882 -9.77836 70
10.9424 -0.291443 70
0.828313 9.38527 70
9.1002 -0.402682 70
11.2899 0.311157 70
0.30145 1.14496 70
1.30342 -1.12478 70
20.201 10.3305 70
11.1874 0.446931 70
-8.87228 -30.0603 70
0.152812 -8.94943 70
9.27675 -0.223969 70
0.769481 -18.795 70
0.726472 0.918781 70
10.7342 0.373455 70
20.7144 -20.6893 70
9.88445 -1.0989 70
-39.4768 18.7711 70
-9.87246 10.6249 70
-0.504547 -1.3744 70
9.70547 -0.115143 70
-0.858026 0.2567 70
-1.11094 18.5238 70
21.4089 -1.25315 70
-0.855609 -0.989673 70
-0.805071 0.948915 70
9.08525 -0.911192 70
-9.0007 -21.268 70
-0.837044 -1.3282 70
0.3559 8.85245 70
-9.46204 0.310689 70
18.7601 0.954948 70
-0.822649 1.43276 70
1.20732 0.398874 70
9.4172 -1.27687 70
-18.7784 -18.5654 70
11.3513 -0.436822 70
1.12999 1.11094 70
1.16464 -1.28837 70
-0.657576 8.97351 70
10.1994 -1.48013 70
-1.18591 1.29689 70
0.514065 1.17981 70
-10.263 -0.79251 70
39.0158 -48.7905 70
11.1293 -9.47455 70
-0.931571 1.46526 70
-1.34108 -0.241637 70
19.875 -0.400166 70
30.3357 0.727089 70
9.52659 -10.4843 70
70.7897 -18.557 70
10.3169 -0.0841558 70
-1.19117 0.158894 70
-29.6693 -0.117041 70
8.72925 8.65848 70
-0.899127 -0.0134131 70
9.16732 -30.2039 70
9.12158 -10.0034 70
-1.08633 -20.4916 70
1.45387 1.07575 70
1.34342 1.40402 70
0.997899 -1.15145 70
0.730663 -8.8601 70
0.161502 -19.9071 70
11.0399 -9.85327 70
-0.707953 -1.21907 70
-1.0983 -8.67826 70
0.344442 19.3729 70
10.4041 1.31334 70
-9.58317 -18.6417 70
18.845 -1.26627 70
0.21107 -1.48204 70
-1.23192 0.0922798 70
39.3869 -10.8629 70
31.0416 38.7671 70
-0.297915 0.739561 70
0.776463 1.33371 70
0.659346 10.7275 70
9.44697 -10.6335 70
9.39482 -29.663 70
-1.16167 11.1049 70
20.8738 18.973 70
10.4402 -0.509671 70
-9.46304 30.2016 70
1.31953 -11.3879 70
0.459969 0.592325 70
-0.679243 -0.970559 70
-1.21401 -0.65254 70
-1.03435 -1.28727 70
10.0037 0.943517 70
-0.813387 0.541823 70
8.77407 -1.08189 70
1.2769 0.330835 70
-1.1894 0.786292 70
-9.93804 -10.6386 70
-0.605307 0.765734 70
10.9315 -10.0936 70
-1.15907 -0.750182 70
9.34194 -0.673776 70
19.5307 -19.216 70
0.442334 -0.281231 70
-0.243742 -10.2929 70
-0.905821 -8.84045 70
0.966197 0.866147 70
-59.9527 -29.4726 70
9.48114 -11.22 70
10.6611 -0.920107 70
-0.0172201 -9.16162 70
9.81862 0.634024 70
19.1573 9.60402 70
19.6223 9.20954 70
0.531592 -1.17016 70
0.193028 10.1303 70
9.66466 0.666549 70
-9.25329 -51.051 70
-19.1041 -70.8538 70
1.23239 0.492882 70
-0.99798 -9.27344 70
-11.1482 9.18291 70
19.2963 -20.8905 70
9.62232 -0.659673 70
-10.011 -1.23583 70
10.7457 -1.0778 70
1.25112 -9.44848 70
-10.0189 -0.604808 70
20.5743 -31.3293 70
19.0241 -10.1215 70
-0.993175 -8.63833 70
10.3286 9.91936 70
11.4988 10.1076 70
10.7312 -20.9725 70
9.36032 -10.0338 70
10.596 9.56607 70
-0.551783 -31.3735 70
-0.927454 -8.80463 70
9.00599 -10.0633 70
9.48685 40.6055 70
-30.7226 30.3687 70
9.71554 -1.31968 70
-0.0625932 1.46112 70
9.14697 -1.10084 70
19.6193 -11.1761 70
10.6767 -0.640287 70
1.33106 1.20733 70
20.5594 0.508113 70
1.18461 -8.8453 70
30.5799 -19.9542 70
8.62876 1.06763 70
28.9914 10.9659 70
0.00969541 -1.12871 70
-10.9067 -0.661908 70
0.223318 -19.3004 70
-1.30735 -19.0115 70
0.401912 0.707816 70
9.86325 -18.7713 70
-0.683578 -0.400255 70
-1.40976 0.663053 70
0.139576 1.47303 70
1.00441 1.41234 70
19.6603 9.35923 70
19.2427 -18.7703 70
-0.413071 1.34155 70
20.555 -10.3182 70
-1.06893 -10.1484 70
10.1064 0.756647 70
30.7364 -11.3944 70
0.741015 -18.6667 70
-31.1304 9.3146 70
-29.3419 9.89913 70
9.28733 -10.2545 70
0.0425967 -21.1907 70
-71.3499 -120.951 70
10.9509 1.28936 70
9.37052 -10.4062 70
-20.2756 -19.7127 70
29.196 -8.82736 70
29.9028 -9.74617 70
9.1619 -1.02443 70
20.4668 -9.03325 70
9.998 9.19118 70
30.1741 30.1603 70
-11.3657 -10.4957 70
10.3389 -0.603702 70
9.9669 1.30996 70
-20.0848 -1.02187 70
9.41065 -20.4295 70
8.60645 0.538121 70
-60.088 10.5727 70
8.81456 1.16657 70
0.226316 -11.2094 70
-19.5983 40.0332 70
9.87822 0.343749 70
9.53444 -10.4729 70
20.7203 0.244459 70
10.0992 -9.48916 70
-18.5331 -0.363056 70
-18.8055 -1.27032 70
-21.1834 1.14002 70
9.40513 -9.50384 70
18.8634 1.22689 70
-20.2176 -0.689723 70
1.32146 -10.9956 70
0.524181 -0.30427 70
8.74741 19.5477 70
11.1141 -1.16449 70
0.991939 0.262698 70
49.0753 30.9188 70
8.80313 -40.8272 70
10.4445 30.0414 70
0.869284 -10.3657 70
1.3808 0.486437 70
20.7915 0.856812 70
10.4989 -1.36712 70
11.4606 0.32132 70
-30.1398 9.33303 70
8.69293 10.2595 70
-0.194808 -0.37675 70
8.96897 0.31535 70
-1.2025 -0.280928 70
-1.01732 0.0288439 70
-19.7922 -18.8187 70
1.47113 0.170974 70
-0.046283 -10.2085 70
0.565979 -8.75324 70
-19.555 -70.0638 70
-20.0855 -68.9898 70
39.2464 -39.5169 70
41.0127 -41.3358 70
31.0752 118.711 70
-21.0471 -0.490857 70
10.374 0.811152 70
9.41414 -10.0877 70
8.70827 -39.6917 70
0.930199 -11.0274 70
1.16924 -9.64669 70
9.17318 -0.459882 70
-20.0598 -29.3355 70
9.9156 -11.3233 70
-1.12778 -10.875 70
-1.35176 -0.577494 70
8.59747 -10.8418 70
8.91842 -1.03532 70
-1.35122 9.42886 70
-0.696677 9.75323 70
-1.15343 -0.868447 70
0.801787 -1.40923 70
0.346947 -0.184828 70
18.7432 -9.34935 70
-0.231134 -11.2539 70
9.57671 -1.21064 70
9.57053 -1.48321 70
-0.768433 -0.98645 70
29.3651 10.5704 70
9.11707 9.44607 70
31.2124 -0.638152 70
-1.24809 -21.3596 70
10.2606 1.09209 70
-0.704529 9.01509 70
18.7422 8.84343 70
20.525 -8.98486 70
0.447278 1.28596 70
1.17157 -0.137289 70
9.55651 1.14929 70
0.0282084 -10.4559 70
-0.755619 -10.856 70
1.33057 0.313473 70
1.48824 1.00427 70
-1.4215 -0.69222 70
-98.6954 -29.2208 70
-9.84121 11.1282 70
-1.43666 -1.14164 70
50.3813 -50.4766 70
10.9278 1.46659 70
10.6631 11.4993 70
11.0674 0.934231 70
-11.1278 -0.862757 70
0.242516 -8.95905 70
-0.666597 0.778142 70
-0.103009 -1.4073 70
29.2002 10.1822 70
1.15374 0.230402 70
0.162843 -0.353925 70
0.317635 1.15702 70
21.2635 0.835613 70
-10.3274 0.302012 70
20.0422 -0.0658113 70
8.7975 -20.08 70
8.72948 1.08923 70
10.5279 -0.145583 70
9.88448 9.91617 70
9.43066 0.026054 70
10.3995 -1.29793 70
41.406 -19.6566 70
10.9293 -0.418384 70
8.73161 -1.36271 70
10.412 1.43554 70
9.77395 0.728978 70
-0.167104 -9.82784 70
38.5947 29.3929 70
41.0626 -29.3755 70
41.3021 -29.8527 70
11.3257 -8.93203 70
8.62753 0.478663 70
-9.35829 -1.22423 70
10.0139 -10.9894 70
11.0237 9.6957 70
48.7414 9.71074 70
38.6826 30.1558 70
11.2568 10.3217 70
-1.44778 -9.70004 70
9.40766 0.755396 70
8.94816 1.40717 70
10.1024 -0.951584 70
0.272596 -1.41367 70
0.0187579 0.805173 70
-8.50935 1.20133 70
-0.210302 -11.3552 70
-0.706478 -20.9326 70
89.1017 31.3622 70
19.9896 19.1279 70
-0.693677 10.7526 70
9.85018 -0.315193 70
9.46117 9.59373 70
-0.106177 -10.9929 70
110.073 -21.3994 70
-0.332989 -9.97081 70
50.2832 -59.9065 70
-0.276914 0.0893725 70
50.7862 70.7989 70
29.9281 -19.1427 70
0.441344 -9.04467 70
19.6057 -10.9018 70
-9.37794 -11.2958 70
9.40023 -19.6674 70
-0.701338 1.49637 70
1.00636 -19.8106 70
0.647052 -0.939198 70
10.2096 -10.7471 70
-0.118688 -0.230967 70
1.05137 20.7791 70
-20.4003 9.23038 70
10.7293 0.153108 70
11.4867 0.246835 70
9.15416 28.5822 70
9.71341 -39.9213 70
1.09571 0.438388 70
0.457076 10.2002 70
1.24648 20.3626 70
10.3085 -0.878396 70
0.18155 0.536979 70
-0.360801 -10.9728 70
-9.25582 -9.14534 70
-11.3697 9.14772 70
39.4845 -0.729557 70
1.09248 0.624833 70
11.082 -11.1869 70
19.3217 -10.8706 70
-0.162194 -11.2451 70
9.77641 -10.825 70
-10.4781 -19.4283 70
-0.43594 -9.434 70
10.1264 -0.700455 70
10.4365 9.31177 70
9.35751 -11.0565 70
18.8896 0.606485 70
10.5516 -11.2633 70
-19.5769 -10.8667 70
11.4215 -0.558143 70
-0.319628 -10.6316 70
20.4194 -21.425 70
-0.602693 10.4508 70
0.403405 0.794662 70
10.0331 1.06844 70
0.407065 30.2918 70
20.987 9.31098 70
1.44648 -0.311168 70
-0.951777 0.387823 70
10.7603 -11.2976 70
-0.824934 -11.2756 70
0.178865 -11.4143 70
8.8935 -1.12988 70
1.39818 11.0299 70
0.76569 -1.22137 70
1.42338 -0.74023 70
9.00815 1.18001 70
-11.3608 9.40803 70
-8.95328 8.57317 70
10.0851 1.12438 70
41.3296 -39.4938 70
10.2859 -0.572277 70
11.3202 1.29241 70
10.5496 -8.58495 70
21.0838 -0.460139 70
-10.0292 -0.869346 70
11.3759 -29.711 70
1.26717 -8.83344 70
-11.0408 -18.6076 70
10.8978 -10.4684 70
-1.12682 9.07859 70
-18.8468 -29.499 70
50.3434 50.7726 70
-0.177172 -1.35573 70
-0.587292 -0.408171 70
0.897794 -1.35561 70
11.2522 -0.0077806 70
10.824 -1.33897 70
31.0446 -30.6761 70
19.5254 29.8068 70
0.533264 -0.400301 70
1.44248 -8.61244 70
1.39596 -0.803107 70
-1.32924 -19.1033 70
9.85643 -1.31013 70
0.611618 28.503 70
1.0081 -40.261 70
0.971096 -0.425768 70
10.3277 -1.23328 70
1.3982 0.304756 70
9.17914 -9.06745 70
-10.0976 -0.834549 70
-9.75252 0.908204 70
9.53591 0.652389 70
8.67496 0.341643 70
-0.170876 -0.0648102 70
-0.0855122 -11.0046 70
1.01968 0.187008 70
-0.748096 -0.0892809 70
-1.17681 1.13501 70
11.4228 9.90456 70
10.1157 1.08587 70
21.308 -29.3216 70
-29.4778 10.9294 70
-8.80746 -9.6365 70
0.56173 -0.0954642 70
10.4086 -1.21378 70
0.186912 -8.94573 70
-0.907942 -11.4562 70
40.8319 -39.4801 70
10.5787 0.477906 70
10.3122 0.399572 70
-0.266364 0.585822 70
10.4248 -1.10457 70
-20.5202 19.6845 70
-11.3781 -9.73669 70
-0.5485 -1.48938 70
19.8327 -9.12386 70
9.6489 0.0263844 70
-10.105 -11.1975 70
20.9305 19.0213 70
19.3378 -8.55357 70
10.1818 -8.85099 70
-28.7274 9.12833 70
-0.985105 0.686402 70
19.0641 19.4902 70
19.222 9.95869 70
19.2612 10.3061 70
-9.55339 0.956083 70
21.1859 9.11206 70
1.49371 -1.2301 70
-10.3965 -31.0969 70
10.6483 -11.121 70
8.71647 59.7906 70
-81.2692 -20.2747 70
20.6679 -1.25267 70
10.6137 -0.273114 70
-0.0159299 -10.8619 70
10.6467 -21.4078 70
10.7722 0.286848 70
39.6034 -1.45306 70
0.443869 -0.494538 70
-59.6925 -1.23268 70
11.1398 -10.116 70
10.2356 -10.6346 70
29.3972 -10.8466 70
-39.9075 -9.60735 70
39.2745 9.24995 70
-0.912303 -1.4403 70
-1.41445 -0.101467 70
8.7078 1.45208 70
-1.1041 -19.7416 70
-9.83607 29.9798 70
8.72257 11.3758 70
38.5671 -30.5607 70
0.253286 -18.9506 70
1.02112 -0.933738 70
-0.642689 -11.2813 70
29.0318 1.05262 70
0.671685 -19.0866 70
10.9654 -9.89442 70
11.2741 -28.7745 70
0.952309 -20.8701 70
8.74828 -0.852062 70
1.36824 -10.0805 70
20.4645 60.2747 70
10.3748 -0.32212 70
20.8461 -21.1035 70
-0.808027 -0.492506 70
10.1983 -0.390013 70
21.4053 -0.239583 70
-10.8805 -11.3612 70
10.9946 -10.2381 70
-10.46 1.16329 70
0.923782 -1.41775 70
10.6181 10.1345 70
60.9687 -11.1074 70
-0.392969 1.17714 70
0.0964368 8.76581 70
-0.871684 0.416946 70
-20.9536 21.2622 70
9.31727 -0.973471 70
-10.9008 -0.730593 70
-0.416524 -9.33578 70
-18.5305 -9.53847 70
-1.3115 -1.49292 70
-1.38452 -9.65528 70
-8.72612 -0.249719 70
0.140938 -10.7597 70
10.3122 9.79925 70
10.5439 10.1101 70
10.9655 -10.3207 70
8.52114 0.633267 70
0.643103 -8.72107 70
30.355 -0.450567 70
18.6566 8.85552 70
0.106679 -8.60865 70
20.4309 8.81071 70
19.2817 8.78155 70
49.0535 9.34216 70
9.8403 -1.33224 70
8.6689 -0.815137 70
20.0177 -21.4778 70
0.965609 -20.321 70
39.0077 39.8327 70
-0.0612885 9.3636 70
-0.779629 -10.1725 70
9.23417 -60.2325 70
30.0284 20.4389 70
30.6022 -48.7341 70
-19.6213 -1.40611 70
-10.5406 0.355837 70
-1.36755 -0.534241 70
0.158275 1.45296 70
9.95668 -9.74591 70
8.95254 -10.8272 70
20.9912 9.31329 70
29.2535 11.2827 70
0.461218 -0.674825 70
-1.40067 0.900872 70
1.17409 1.26996 70
10.6651 0.797795 70
-0.865167 0.21763 70
1.30817 -11.3325 70
-0.212712 -1.23491 70
-0.388256 0.495465 70
-1.1791 -1.41052 70
-1.49299 -1.25246 70
-9.01106 -11.3869 70
11.4296 -0.351135 70
11.2433 -1.22471 70
-69.6141 -51.2998 70
10.235 -0.600933 70
0.786166 -29.8318 70
-19.8902 1.44436 70
10.0886 0.013515 70
9.18576 -0.304522 70
9.79533 -0.908487 70
10.301 0.642411 70
9.29226 9.3461 70
9.28892 -0.492499 70
28.9041 110.875 70
-31.3612 -11.1012 70
9.18671 -1.45205 70
-10.4332 0.598933 70
-0.966272 -1.17447 70
40.2554 -18.6013 70
1.08673 -29.8904 70
11.1116 29.4882 70
-0.14995 -1.14483 70
9.42183 19.3601 70
-70.502 10.484 70
-0.579623 0.908279 70
8.83592 9.96764 70
0.139029 -0.651189 70
10.4045 -9.27 70
50.1094 29.6711 70
-0.782975 -21.072 70
-10.2847 19.1182 70
0.708546 1.36041 70
20.1688 -1.25806 70
61.479 -9.5995 70
20.4949 0.920117 70
9.33609 -9.07098 70
0.786222 -0.667462 70
20.2014 -8.82441 70
20.398 -9.92162 70
-0.837074 -1.15377 70
31.2641 -30.0849 70
11.341 -0.103459 70
-10.4904 -8.6383 70
9.02315 -10.3579 70
-0.845466 -0.737684 70
9.2884 20.3012 70
18.9036 -20.943 70
11.4899 -1.3752 70
0.312133 -0.304893 70
0.805694 -0.4153 70
1.34801 0.433818 70
0.197589 0.365034 70
11.3991 0.471328 70
20.7134 0.401034 70
0.999176 0.943794 70
-0.0137978 -9.65575 70
1.1904 0.982548 70
-11.2673 0.688175 70
-1.09217 0.176732 70
9.20526 -19.833 70
-19.8038 -0.800274 70
10.5182 11.2205 70
-10.0949 -10.9166 70
8.66284 41.1576 70
9.85401 -30.0861 70
0.442928 -0.0828824 70
0.179004 1.27027 70
-0.375615 39.9454 70
0.546489 0.742423 70
-10.0122 -0.590195 70
-0.714797 -1.17969 70
20.2326 -1.43453 70
-11.4855 -10.4538 70
9.09739 10.9473 70
-0.716942 11.3015 70
