8.89439 -18.8614 70
-0.910576 9.2929 70
-9.64292 11.1961 70
-20.518 -58.8775 70
-8.54809 0.784583 70
0.779106 -0.196476 70
10.0168 0.350954 70
-9.10129 -41.1278 70
-0.524135 11.4244 70
-11.3696 0.208286 70
-60.2102 40.9226 70
0.838341 -1.32582 70
-38.962 -30.7007 70
-1.27348 -0.843618 70
-10.4216 0.439815 70
-9.05693 1.3941 70
-11.2964 10.6335 70
-0.386731 -0.314891 70
-60.4181 0.178915 70
-10.9871 -20.9877 70
-8.95713 1.36651 70
-9.66363 0.802049 70
-79.9697 -0.168111 70
-9.03988 0.727754 70
-9.5419 -0.923338 70
1.24667 0.25888 70
21.2165 -0.558229 70
-10.3641 0.87499 70
-9.75243 -1.0491 70
-21.1127 -1.49757 70
-20.1179 0.30792 70
-9.58472 -0.268844 70
-11.4977 0.95641 70
-0.349008 -10.8595 70
-1.09585 0.814905 70
-11.1036 -9.63082 70
1.15175 -11.1191 70
-9.23582 0.740286 70
-21.3023 -30.9656 70
-10.5111 0.583466 70
-8.80495 1.48652 70
-0.572176 0.747888 70
-0.119466 0.10734 70
-10.873 0.945968 70
-9.0914 1.29095 70
-9.62564 21.2381 70
-1.24573 0.343196 70
0.0802266 -0.886945 70
0.51306 -8.75873 70
-11.3492 11.4545 70
-0.74812 -10.2821 70
-48.8725 -109.556 70
-48.8853 -108.843 70
-1.29629 8.51591 70
-10.1987 -38.9655 70
1.33241 0.340421 70
0.896624 0.950787 70
-19.4477 30.2354 70
-29.2733 0.264597 70
-10.6448 -0.542172 70
-0.993174 -1.32044 70
-60.4223 31.242 70
-30.8086 -38.7461 70
10.568 -1.47552 70
0.844494 -0.245382 70
1.44503 0.152998 70
1.12706 0.894494 70
-0.967888 1.10179 70
-0.421685 -0.980161 70
-29.8818 9.55497 70
41.401 40.7502 70
-0.27093 -0.779843 70
-20.5296 -20.7889 70
-0.00398331 0.702291 70
0.240711 -0.0522085 70
-10.7117 -1.49597 70
-0.652452 -0.684006 70
-50.6671 -8.81777 70
1.26078 0.45846 70
-0.40296 0.143978 70
1.27847 0.940995 70
10.7272 -20.0596 70
-1.44638 8.64489 70
-10.7594 -0.52624 70
-9.23516 -0.560285 70
41.2697 -9.93896 70
0.20928 1.34411 70
-11.244 1.26415 70
59.5734 0.813823 70
-18.755 -0.505002 70
40.8286 20.6193 70
-10.2186 19.3228 70
50.2577 29.3115 70
-10.8552 1.13213 70
-0.433426 -10.2768 70
-8.67568 -1.48809 70
-0.448331 -1.22082 70
-0.319677 -0.152329 70
0.990073 -0.827207 70
-11.1195 0.387882 70
-0.545491 0.957833 70
0.638206 -11.0734 70
0.0729226 -8.67898 70
-8.95827 -11.3494 70
-9.69132 -0.196726 70
61.0764 -19.9896 70
-0.188838 19.5909 70
-0.364211 28.646 70
-8.55246 1.00744 70
-29.6252 60.0933 70
-18.8006 9.24594 70
-9.65543 -20.7682 70
-9.64456 -19.7992 70
-21.0434 -19.9417 70
1.4999 -0.562798 70
-1.15969 10.0134 70
-8.8816 -11.3447 70
-0.415559 -0.318264 70
-11.2674 0.0897778 70
-9.51182 -0.139555 70
-10.8761 -10.3376 70
10.097 -0.323975 70
-9.45677 0.885716 70
-1.04328 1.4258 70
0.553283 -0.190189 70
1.19735 -9.24264 70
0.614852 -0.112292 70
-10.9481 -10.2189 70
-9.95666 -0.153898 70
19.5059 1.31806 70
1.05268 -0.255438 70
-29.5909 -10.1232 70
-10.3429 8.84398 70
-8.84767 0.955668 70
-10.2137 -29.7198 70
-0.118629 -1.08316 70
-9.8721 0.592911 70
-1.33614 11.0754 70
-20.7368 21.2401 70
9.94689 -31.0183 70
-0.534786 0.174378 70
1.22368 0.584263 70
-19.7965 9.03955 70
-98.887 -51.4638 70
-1.3655 -0.941559 70
11.1639 0.138291 70
-9.93097 -20.7509 70
-18.7001 -18.6664 70
-30.8448 -1.06424 70
-11.0474 10.1259 70
-9.27881 0.84532 70
98.9497 -10.1035 70
-8.92149 -30.4576 70
0.0767356 0.123887 70
31.1835 10.8011 70
-8.667 -1.33936 70
10.8219 10.3083 70
-9.55625 -9.06619 70
8.94403 0.292898 70
-11.1869 10.0312 70
-0.0560799 1.23585 70
38.6851 -10.5348 70
-0.0879205 -21.4318 70
1.04317 0.237808 70
-10.6875 -9.06556 70
-1.04566 0.0679456 70
-11.3338 10.7231 70
-10.8184 10.1439 70
-11.3575 20.653 70
-0.797402 -0.0730459 70
1.04406 -10.0936 70
-0.217298 -0.540318 70
-9.98217 -0.479511 70
-10.4255 -0.821359 70
-0.748356 -11.4457 70
28.8644 -9.10658 70
29.4265 -10.8281 70
1.3166 9.46743 70
-10.6414 9.97721 70
-8.71572 0.952651 70
-9.03435 0.974888 70
-28.6795 59.7477 70
-10.4351 -10.4639 70
0.43855 -8.9547 70
-10.6459 -0.602366 70
-0.734732 -0.209756 70
-10.5672 -0.486766 70
-11.2326 -0.675959 70
-0.377054 11.3761 70
-0.686695 -0.839959 70
-70.3272 19.741 70
-69.343 19.0093 70
1.26157 -8.99768 70
-8.90602 -1.18611 70
0.313155 1.08982 70
-1.35548 1.43201 70
-9.34963 -29.0111 70
9.2576 -10.8553 70
-39.5265 9.27268 70
-9.0991 -9.82355 70
-10.8247 -9.59498 70
-0.557453 -10.0066 70
-11.206 -1.47212 70
-8.99035 9.27324 70
-1.16977 1.22462 70
-10.1345 0.884329 70
1.21734 -0.188548 70
-10.4134 0.689902 70
-60.4003 29.9476 70
0.141463 0.600594 70
-9.61742 -1.39049 70
-10.8154 1.22578 70
-10.2794 -20.4562 70
-8.58207 0.0499405 70
9.69775 -1.28209 70
11.1686 -0.157341 70
-1.27137 1.34834 70
0.893712 0.93944 70
-0.915009 -0.101265 70
-10.8058 0.636408 70
0.789048 -1.09765 70
-19.304 -8.60394 70
-10.172 -9.71041 70
0.219464 9.59544 70
0.289578 0.39991 70
1.03938 1.02412 70
0.395048 0.0841425 70
-1.23427 -9.91243 70
20.2549 19.9552 70
-38.5117 29.7709 70
-10.1873 0.962319 70
-9.76316 1.15079 70
-11.4348 0.397238 70
19.763 -20.8817 70
-8.67604 -1.10092 70
-0.500386 21.029 70
-9.88279 0.292109 70
-0.27969 0.311427 70
-9.18962 0.950661 70
-10.3492 -1.32856 70
-1.2841 -9.38053 70
-10.8599 9.37096 70
-0.500735 1.16164 70
9.72296 -9.00662 70
-8.76151 11.4051 70
-11.25 0.923148 70
-11.0036 10.7533 70
-10.0169 1.00682 70
-9.12265 -0.335132 70
-9.37091 -10.0733 70
-9.31716 0.546779 70
-8.6278 -0.0190149 70
-8.69022 11.476 70
1.07869 -69.4529 70
-31.0548 -0.469984 70
-11.222 -0.468599 70
40.045 -28.9805 70
0.173929 0.922497 70
-29.766 -1.47751 70
60.4078 -79.7892 70
-0.487895 1.24642 70
-9.93306 -0.0503113 70
-11.1922 -1.14592 70
-10.8772 19.1926 70
-0.247115 0.41532 70
-40.506 10.9976 70
-11.0076 -9.41511 70
1.43464 -9.60789 70
-8.62892 -11.4337 70
-0.486988 -1.49019 70
0.392241 0.635101 70
-21.1301 10.3154 70
-0.90445 -0.841485 70
0.859585 1.16447 70
0.936365 -0.189709 70
0.488934 -0.178208 70
1.40699 0.95786 70
-1.09565 -0.859185 70
-9.51119 -78.5152 70
-19.957 0.897432 70
-0.599683 -1.37088 70
9.27637 -9.80039 70
21.127 10.6121 70
-11.0784 40.0738 70
1.38335 10.76 70
-11.0829 11.1052 70
-11.0833 -9.60463 70
0.0663803 -0.161617 70
-9.40148 -20.3547 70
-8.53627 0.113647 70
1.33803 1.48677 70
-1.40813 -0.686129 70
1.37823 -29.2313 70
0.100498 0.200146 70
-8.7917 0.649287 70
-10.6124 1.19963 70
1.20931 -0.946031 70
9.46229 10.3162 70
80.2396 10.2639 70
-9.13578 -0.79333 70
-39.0053 -18.5663 70
0.0186227 -0.211428 70
0.470271 -0.878146 70
-11.1784 20.2056 70
1.20825 50.9069 70
-9.085 -0.567025 70
10.233 19.0335 70
8.86352 19.8473 70
-1.11763 -8.68045 70
1.35708 -0.455093 70
-20.2204 -60.2345 70
-10.4664 10.9633 70
9.68655 -28.784 70
60.2367 -20.472 70
-10.1426 -0.290454 70
-10.4601 1.42856 70
-9.32517 -19.366 70
0.231285 29.0593 70
-9.11336 -0.272075 70
-39.3055 -9.38787 70
0.279074 19.3401 70
0.744437 -10.0312 70
-18.5323 -39.0992 70
-10.1868 0.467407 70
-9.46815 -0.725046 70
0.857041 0.753244 70
1.23858 9.75664 70
-9.94612 10.149 70
-9.8997 0.18652 70
0.107253 -10.1931 70
-0.662477 8.75811 70
-1.08856 0.320345 70
-9.04049 11.0117 70
20.5701 -20.7109 70
-8.81973 -1.03887 70
-10.6251 1.00862 70
-11.2086 -1.35225 70
-10.6749 10.3365 70
-11.1989 1.11234 70
-10.0905 -1.13 70
-0.626885 0.626864 70
-10.9195 -10.8686 70
0.171124 -0.866646 70
-29.1328 -8.92819 70
-0.61074 0.859735 70
-20.8249 -9.78514 70
-0.754669 -9.56665 70
0.281886 -8.87609 70
1.39895 -9.54239 70
0.959383 20.6761 70
-19.6792 -1.47077 70
0.823552 1.04806 70
-9.6575 0.599097 70
-9.76059 -0.589298 70
0.514584 -31.4076 70
51.0915 -30.916 70
-10.4097 11.3111 70
-10.7676 10.1287 70
-20.9503 -0.989968 70
0.181779 -0.415609 70
1.43212 1.00656 70
-10.7173 0.981216 70
-8.73339 -19.141 70
-1.44951 -1.40354 70
-11.4621 -9.00883 70
-0.66181 -0.0461964 70
0.490351 0.240039 70
8.52484 -1.34994 70
10.0153 1.04756 70
-11.4917 0.163173 70
10.2157 -20.7454 70
-1.17252 19.5229 70
38.5296 18.5896 70
39.9957 18.7637 70
-10.5308 -21.0096 70
-1.12836 -10.8033 70
0.712308 -10.3541 70
-28.9708 -11.4738 70
1.42873 1.04868 70
21.0472 -9.60513 70
19.1396 -11.0842 70
1.45246 10.8752 70
1.0003 1.37377 70
-31.112 9.21447 70
-9.56572 -9.72313 70
39.9719 -21.2631 70
-10.4886 9.1557 70
-9.30128 -31.3778 70
-11.1275 -0.354993 70
0.791855 9.34032 70
-9.18336 0.470756 70
8.93073 11.3617 70
1.36433 -1.13201 70
-1.10347 -11.3259 70
-9.66488 20.9854 70
-21.3948 -0.0633686 70
-9.39639 -8.5041 70
9.64841 11.0544 70
8.61125 11.31 70
-30.0963 -8.59663 70
0.877528 -0.12042 70
11.1689 -0.463915 70
21.1613 -0.565831 70
0.0349611 0.220819 70
-0.164398 0.255396 70
-10.5001 0.0367482 70
0.169543 0.141119 70
-0.754778 -9.04651 70
-10.1288 -0.825482 70
-9.41849 1.17175 70
-10.6171 8.50966 70
-11.4565 0.134222 70
11.1632 21.074 70
-9.18627 -0.678436 70
0.578846 -0.895351 70
-0.488611 -9.33847 70
-11.135 0.714188 70
-0.928024 -19.9935 70
-8.53815 -8.62378 70
-8.54604 0.678767 70
-10.5252 8.65847 70
-1.12617 -0.685506 70
-1.08048 -1.24385 70
0.101996 10.6151 70
-10.9303 -20.4055 70
-10.5218 -19.0366 70
20.3884 -0.646679 70
-39.4938 -0.0475709 70
1.25366 9.97607 70
1.30409 -9.66005 70
-10.5196 -0.556389 70
-110.823 59.9546 70
0.756677 1.08724 70
0.872365 -9.02811 70
1.23229 -9.53772 70
-0.522755 10.6552 70
-0.859701 -0.235796 70
8.67689 0.245546 70
0.25511 -9.0945 70
-9.36143 0.559653 70
31.1101 -10.6287 70
0.792045 10.3931 70
-0.438898 8.86828 70
-20.1175 1.41125 70
20.8965 20.6475 70
-10.1876 -8.82112 70
-10.8886 10.9839 70
49.7059 -20.831 70
-0.0784793 0.58596 70
-11.362 0.249344 70
9.00856 -30.6735 70
31.2658 -0.66329 70
10.772 -20.2497 70
0.992862 1.41769 70
-0.0533091 -29.4012 70
-11.3206 0.16348 70
-11.1181 10.9473 70
1.18344 -20.0959 70
-0.0470571 0.393542 70
-0.453386 -9.19925 70
0.84924 0.815844 70
0.0980551 0.37797 70
-0.357564 1.46637 70
1.16798 -78.884 70
0.505861 0.719464 70
-9.48949 0.512086 70
1.31281 -1.02342 70
1.32199 9.98332 70
-0.550237 9.5805 70
1.39701 0.546348 70
-0.589674 -0.501729 70
-8.75449 -0.466058 70
-9.19996 -1.25823 70
1.19336 -0.0818773 70
-19.6305 -10.4696 70
0.12014 -9.78274 70
-1.31557 -0.174739 70
1.14287 1.32949 70
1.04829 -0.426379 70
10.4176 18.762 70
-40.9308 -10.0423 70
10.8804 -19.9076 70
9.83106 -1.40922 70
-10.3803 10.4405 70
10.5869 0.441462 70
8.58348 0.24885 70
0.928382 0.779283 70
-9.67861 -19.0366 70
-1.43491 0.0463484 70
10.7982 21.206 70
-1.37083 -8.93368 70
-9.37491 -1.36101 70
10.5702 -0.410879 70
-21.2436 -0.385226 70
0.856538 -0.905854 70
-30.0379 -19.0989 70
9.53237 -21.4656 70
-9.29022 0.4616 70
-18.9811 0.855352 70
8.97404 -19.4257 70
10.3048 9.39336 70
-0.144766 -20.3876 70
-30.58 11.3205 70
0.165868 0.883264 70
-19.4578 -10.791 70
-0.0565787 -0.479505 70
31.3638 -19.6846 70
10.2333 -10.9234 70
20.8201 -9.80311 70
-0.951852 0.152905 70
-29.1211 31.3126 70
60.7242 0.183086 70
0.964779 0.351465 70
-9.61144 -10.6559 70
-8.5159 -9.08276 70
-19.0171 -19.3672 70
-21.3771 -9.18234 70
0.748357 0.263226 70
1.42356 1.08336 70
-0.483516 -9.00768 70
10.9002 10.9153 70
-1.05698 40.2341 70
-8.93197 0.505094 70
-29.642 11.0645 70
-0.861853 -1.36436 70
-0.754449 0.918481 70
1.1408 1.18486 70
-0.920817 1.3015 70
1.14095 0.288944 70
-1.03395 -19.01 70
11.2996 -0.306208 70
-10.5562 -0.805067 70
-9.00411 -0.54032 70
-11.3174 0.825806 70
0.00777472 8.71065 70
-8.93443 18.6486 70
-38.8733 -0.661121 70
-39.1698 1.42115 70
-8.62434 31.0184 70
-10.6596 1.30336 70
-11.1841 0.598376 70
-10.1581 9.74547 70
-30.8149 -29.5026 70
-0.705786 -0.846985 70
-0.796342 -8.79831 70
9.26586 -8.73492 70
-30.299 40.6484 70
11.4369 30.0524 70
-30.7306 20.4109 70
-29.5307 -30.2491 70
10.4172 9.07761 70
-0.184488 0.610454 70
0.981602 0.0728636 70
-60.7568 8.97828 70
29.2175 9.05406 70
-1.36862 0.262918 70
-0.589886 -1.19592 70
-10.5045 -1.46828 70
-60.0384 41.0277 70
11.4435 -20.0451 70
70.6008 40.1351 70
9.09636 0.773842 70
-0.751041 -10.5424 70
0.24603 -8.71631 70
0.58162 -19.037 70
8.95878 -11.052 70
-19.7207 0.734907 70
-10.4173 -0.682755 70
-8.6781 8.62913 70
-1.42229 -18.7732 70
-1.00259 9.44567 70
0.797384 -0.552563 70
0.891973 -1.47749 70
-8.72774 0.683047 70
1.39457 49.2711 70
-39.4796 -1.04283 70
29.3116 -41.3859 70
-11.2838 -0.175817 70
-11.3199 -9.60457 70
-0.516729 1.27103 70
-9.52333 -1.22108 70
-9.9053 -9.83901 70
1.23903 -0.661045 70
-8.56138 -1.42841 70
-19.4704 -1.14542 70
0.617306 1.30361 70
-0.499081 -1.16717 70
1.25481 10.0187 70
-0.460413 1.22445 70
0.960349 -11.3754 70
-1.05147 10.3538 70
-8.54023 -0.259431 70
-81.1913 48.9069 70
8.58127 -0.508505 70
-40.4093 -48.9434 70
-11.2558 -0.0336691 70
0.233565 -9.96389 70
-20.3283 10.01 70
9.25221 -41.1866 70
-9.05056 -1.39719 70
-39.5257 -0.948665 70
1.41713 50.6799 70
-30.6429 -58.8425 70
-0.949667 9.27034 70
-18.7376 -0.967651 70
8.81617 1.26946 70
-20.485 0.750045 70
-18.904 1.41912 70
-11.4118 1.1835 70
-10.3731 1.1865 70
0.41637 -10.2859 70
9.43524 -28.6595 70
0.70548 79.517 70
-8.55803 10.478 70
-19.4373 11.1737 70
-10.3868 -1.42538 70
-20.4704 0.772334 70
28.7701 -0.543955 70
20.9529 -20.4401 70
9.45303 30.7009 70
-11.0104 0.927579 70
-10.4701 0.426168 70
-10.8942 -0.36679 70
-11.1072 -1.37917 70
-9.13404 -1.1404 70
1.03102 -20.4375 70
-1.394 -10.3998 70
-20.6343 1.47187 70
1.34317 20.102 70
-78.676 0.214352 70
20.6271 20.8122 70
-20.0064 1.43303 70
-28.8362 -11.3335 70
-11.1176 0.00618974 70
-0.498146 -10.1366 70
-10.6213 -40.2132 70
1.2453 -0.91407 70
18.6494 10.716 70
-11.1054 -0.784562 70
-0.71216 -1.13582 70
9.16655 0.269671 70
-1.39841 10.07 70
-0.843297 -1.19227 70
0.438152 0.278573 70
-41.1319 -19.0856 70
0.233515 -0.953235 70
-8.9621 -0.735406 70
-11.4753 -10.1438 70
-10.1344 0.660349 70
-10.0772 -1.23045 70
-10.3906 9.76489 70
1.27772 -1.29103 70
-41.2244 -8.95874 70
1.14954 19.0707 70
0.376402 0.531708 70
-1.05321 -1.01116 70
1.22915 0.372202 70
-9.49579 8.96796 70
9.27062 0.245969 70
8.90217 10.5385 70
-8.89552 0.820727 70
-11.1371 0.260998 70
-19.6001 -1.10906 70
69.7627 29.7203 70
-9.83709 1.26239 70
-20.1467 40.228 70
-9.95074 0.750988 70
-9.69696 0.0515551 70
-0.453772 20.8084 70
-10.9657 -1.49601 70
-9.22143 -0.423849 70
-11.2788 10.4407 70
0.77628 -1.12747 70
1.17748 1.30607 70
11.0036 -10.9936 70
-10.5934 0.172784 70
-10.2143 0.795862 70
-9.65638 8.69 70
-0.728002 0.72696 70
-9.04914 8.92705 70
-0.475331 0.0226154 70
-11.3911 -1.49477 70
8.51058 10.3697 70
0.241461 -1.38367 70
8.92295 29.965 70
0.486763 8.65699 70
-39.5233 -29.2499 70
19.2605 -30.3253 70
-0.12051 1.01883 70
-0.0566444 -8.67398 70
-10.1861 0.381025 70
0.074814 10.1304 70
-1.34865 18.7324 70
-20.7321 10.4819 70
101.451 -108.719 70
-40.6743 -20.2522 70
-11.1626 1.38634 70
-20.3853 -0.172707 70
-19.93 9.31678 70
-9.8527 -20.1721 70
-0.100262 0.225895 70
1.19666 0.671478 70
-1.36024 -0.584417 70
8.984 1.16122 70
-11.4692 -1.16779 70
1.16094 -0.777266 70
-9.43061 10.5296 70
-0.82564 -11.1707 70
