0.219494 -1.14743 70
1.49465 -9.49224 70
0.705181 11.4865 70
-20.2897 19.6403 70
0.0951911 -0.67627 70
-8.6183 8.99516 70
0.538916 10.7032 70
19.6868 -59.3534 70
-1.1253 10.5682 70
-30.3305 70.2397 70
-19.6275 -1.28575 70
-20.9124 10.6488 70
10.1643 1.11943 70
-1.27941 1.38779 70
1.02166 -0.413118 70
-0.554143 -0.534588 70
0.448028 9.42051 70
-11.4285 48.6826 70
-8.52846 50.0059 70
-9.49474 11.0722 70
-9.96027 40.292 70
-48.7035 -20.3453 70
-9.89777 -0.0440544 70
1.31332 -0.423993 70
-10.7375 -30.85 70
30.3534 39.6225 70
11.3632 9.2197 70
-31.351 11.469 70
-0.730276 10.6993 70
-1.17858 19.2771 70
-0.668019 -0.377 70
-1.21918 8.82826 70
1.21728 10.3965 70
10.3199 8.78745 70
-8.74491 8.61132 70
-1.02128 8.8298 70
49.0415 9.98528 70
0.533513 9.98193 70
-10.3495 -1.32451 70
9.33368 -18.8332 70
30.2129 9.21577 70
29.7773 9.31572 70
9.31459 18.9888 70
-19.4477 28.9241 70
-0.214959 -0.848893 70
9.90823 18.5484 70
1.4598 10.2858 70
28.9865 -70.7228 70
-10.2067 9.0307 70
0.440543 9.80654 70
-39.5156 -21.3119 70
0.134235 19.9274 70
11.2919 41.1279 70
1.41831 10.7793 70
0.334583 11.4117 70
-10.1604 8.56892 70
-9.776 -0.225972 70
-1.45002 -1.29828 70
-8.99486 28.5184 70
9.35112 9.89078 70
10.5104 8.58063 70
10.1697 -0.714407 70
-21.0898 -0.884761 70
-1.41194 -0.736436 70
10.942 -18.6922 70
58.9701 -0.825507 70
28.829 19.8662 70
0.476307 -0.242007 70
-1.14429 0.241598 70
1.1815 0.242933 70
-8.88996 -0.761816 70
1.40097 -0.91128 70
-9.75626 -0.886727 70
-9.16614 -0.725827 70
0.458801 0.326531 70
-11.1928 -10.3454 70
0.201746 -0.457358 70
8.87478 -10.0548 70
-0.946504 -1.34315 70
-19.8292 -0.711793 70
10.3189 -10.6021 70
1.36983 -1.44857 70
-0.246347 10.0916 70
0.705687 10.2748 70
-1.43266 8.72327 70
-0.108836 10.8961 70
10.4826 10.1541 70
0.528894 39.3704 70
-0.668525 0.130559 70
29.6126 39.2014 70
-48.8363 -29.5513 70
-39.1181 20.249 70
-1.31114 -0.049185 70
1.44606 20.0495 70
-10.8263 -0.691853 70
-11.1981 8.94963 70
20.9191 -39.3381 70
19.0608 -9.44082 70
1.14389 1.47687 70
-20.8228 -10.3268 70
20.8876 9.65735 70
-41.4889 59.8602 70
0.53468 -9.41223 70
1.39876 8.68611 70
0.671025 11.1047 70
-0.680357 -1.45789 70
69.037 0.3525 70
1.44375 -18.8879 70
0.973092 11.408 70
-29.9156 20.4167 70
21.1304 18.8314 70
-1.31979 -1.42054 70
-0.698924 9.6781 70
30.6228 -0.820477 70
-10.6112 -11.0406 70
0.713504 10.6804 70
0.608223 9.14436 70
1.29204 0.0385056 70
-11.2749 21.0171 70
-9.0054 1.47813 70
-0.784037 18.568 70
-109.105 70.2908 70
-10.2323 -1.18333 70
-0.10193 10.2903 70
-9.49873 9.08167 70
9.14422 8.76753 70
-28.9344 -0.61559 70
10.5949 -0.951446 70
-11.1791 1.34872 70
0.550513 -1.41614 70
0.435784 0.621075 70
-9.79907 -1.33625 70
0.666685 -0.352442 70
-0.354232 -0.241207 70
0.169802 0.671416 70
-9.51355 9.64226 70
69.0374 -61.2823 70
0.393326 11.3367 70
-9.23355 10.0313 70
-30.0949 39.4013 70
-10.3662 -0.978252 70
-1.45948 -0.143466 70
0.333836 10.926 70
-10.6982 -0.772634 70
-0.0866078 9.58745 70
1.11322 0.828541 70
9.66755 -19.9095 70
1.15069 10.7714 70
81.4055 59.9004 70
9.59478 0.687808 70
19.4869 -0.600309 70
-0.731824 10.1712 70
-9.68778 11.1972 70
-10.3244 8.72668 70
-10.6653 11.3835 70
10.7166 9.21221 70
10.7753 11.2029 70
21.2697 8.95574 70
9.88993 20.5924 70
-10.3198 -20.1082 70
1.22545 0.651954 70
-0.65991 9.30779 70
-10.7587 -9.82632 70
-0.833859 -9.64214 70
-0.276172 21.3349 70
-28.8636 8.61101 70
-1.41818 1.31795 70
1.45153 8.90386 70
-0.272145 -0.681327 70
10.4558 9.14696 70
-10.4711 10.8677 70
-9.7897 10.8647 70
-0.898757 10.1874 70
-0.336625 -1.04545 70
-0.382089 -8.94921 70
19.3639 31.3883 70
9.91303 1.27376 70
-1.11118 20.0156 70
9.24224 11.2439 70
9.56929 9.63366 70
-9.88463 1.04298 70
9.21113 11.4106 70
-0.0197128 -0.264923 70
29.8339 -9.2407 70
20.8988 1.41795 70
-0.235703 9.089 70
0.86304 9.636 70
-1.21659 0.57123 70
-9.52258 0.728534 70
0.797034 19.402 70
0.209306 0.064609 70
1.18875 11.2416 70
11.0883 9.29152 70
0.597017 10.1866 70
-1.35855 11.2205 70
-49.0431 19.5543 70
-9.8207 -9.67831 70
-10.4313 -0.683361 70
-9.10494 9.45323 70
0.0830966 -1.0567 70
9.87275 -9.70229 70
-9.79221 0.0346912 70
-101.481 10.1452 70
0.930366 0.522624 70
-9.36302 9.57193 70
10.2489 20.8452 70
-1.4931 -40.8686 70
10.243 10.6708 70
-10.5224 18.7103 70
9.44641 11.1419 70
-11.3944 0.808986 70
0.400236 10.7512 70
20.0497 19.0203 70
-9.22147 -30.716 70
39.9748 0.169831 70
-0.956635 10.8923 70
1.45062 -0.946708 70
-0.200878 10.1342 70
29.0718 9.97241 70
0.191285 8.60255 70
-0.46797 0.746245 70
-8.94582 -10.0156 70
0.985158 10.8302 70
0.517653 8.71392 70
-1.01485 0.915041 70
-0.557448 8.78829 70
-1.18971 -1.34178 70
-0.988293 -0.317591 70
-11.2296 20.939 70
1.45172 -1.2474 70
-0.122948 -10.0152 70
-9.17722 9.62935 70
-0.66349 -0.0827718 70
-10.8831 -1.2157 70
-0.253743 10.2791 70
-10.1647 -0.392871 70
0.198469 -0.678571 70
-10.4524 10.1857 70
21.1533 -20.5931 70
-1.08928 1.18516 70
-28.7132 -18.5377 70
0.952693 11.4374 70
10.2669 -8.9087 70
-20.3536 41.2864 70
-10.9127 8.62089 70
-0.813682 8.57677 70
9.44837 9.3526 70
-10.213 -1.05934 70
-11.2142 11.3675 70
19.8203 -9.52952 70
-10.5496 0.995975 70
1.13307 9.83235 70
-1.03059 8.594 70
-11.2752 9.35333 70
-9.62481 9.13083 70
-8.58704 0.345442 70
-9.80232 0.309439 70
9.65748 18.7556 70
1.42383 0.545452 70
-0.0905756 10.809 70
19.8751 -9.41768 70
9.96948 -21.4391 70
-0.772369 -0.712875 70
-8.70726 10.6555 70
-29.3464 10.6375 70
-9.17759 20.6898 70
0.168127 0.599799 70
-1.43294 0.951015 70
8.60431 9.52087 70
-1.38723 0.358559 70
-1.10512 10.2925 70
-1.22396 9.7799 70
-0.807462 -0.335314 70
1.05679 0.451742 70
-9.97307 30.3312 70
-19.0634 1.41527 70
10.7171 10.0057 70
0.920325 -10.9858 70
9.58792 21.4652 70
0.691535 41.0432 70
0.323156 9.15677 70
0.542314 -0.576063 70
0.49161 -10.1784 70
1.22423 9.23476 70
-9.08147 -30.0723 70
-11.4696 0.049969 70
0.957789 19.6734 70
-20.2965 -0.447972 70
-10.5855 -0.16098 70
-10.2797 20.6524 70
-1.25028 10.7368 70
-10.2907 -1.48329 70
-0.58713 -9.21335 70
-9.57841 1.15339 70
1.17391 29.262 70
9.78812 10.3587 70
0.634204 -20.3261 70
9.87741 10.5997 70
1.30407 11.1543 70
10.6971 8.64956 70
1.14469 20.113 70
1.47075 30.9468 70
0.421293 0.0666798 70
-9.48071 -40.3531 70
9.29525 -0.540309 70
10.6675 28.5472 70
11.1782 28.8596 70
9.35082 0.0555458 70
-1.00644 1.14433 70
-19.5267 -1.42534 70
-1.14071 -0.510827 70
-0.140016 -0.324608 70
1.0284 -1.04362 70
-0.221889 1.02121 70
-9.51404 11.0461 70
-1.12291 0.496178 70
1.43492 10.5439 70
-9.59399 11.013 70
69.3982 8.61697 70
10.4456 9.56044 70
1.47734 1.04482 70
-0.806745 -0.159829 70
-0.386851 1.36801 70
-11.1522 -0.577347 70
10.5204 10.4094 70
11.4878 -10.7538 70
-1.49957 0.132703 70
0.89041 11.066 70
1.39794 10.573 70
0.850782 20.9313 70
-0.617834 1.12013 70
9.819 1.16327 70
-10.5599 9.85471 70
-11.2016 1.32521 70
11.4383 0.970573 70
-1.22625 10.1458 70
-0.669226 9.22881 70
-0.381755 10.3607 70
-1.11267 9.83155 70
-30.4852 -30.1794 70
1.49661 9.26202 70
-0.297189 10.9066 70
-1.27273 11.4463 70
-0.144673 10.8499 70
-10.5226 -100.722 70
-10.4424 11.1112 70
-10.4891 9.29863 70
-0.613499 -0.182573 70
-0.633566 1.42 70
-8.62466 -1.13824 70
-1.35119 0.321634 70
-21.432 -8.94584 70
-9.92924 9.06502 70
-10.741 9.08458 70
9.75052 0.975916 70
-11.2324 -1.14 70
-1.339 0.785213 70
-28.5925 -28.9711 70
-30.028 -28.6254 70
-10.5823 21.0916 70
-28.7529 58.5718 70
10.9726 20.0541 70
39.2029 40.4736 70
-0.267961 -8.82674 70
-11.2189 0.434589 70
0.626081 0.541537 70
-9.89742 20.3714 70
-8.89562 18.6108 70
-0.735683 9.17767 70
-1.44493 0.585461 70
-31.0285 30.261 70
-8.90496 19.2639 70
19.1164 11.0001 70
-8.83 10.7219 70
39.6851 -30.6349 70
-59.1061 -0.229766 70
0.486167 10.6534 70
0.121711 11.2995 70
11.1873 0.808214 70
1.12838 10.4106 70
0.312286 -0.763559 70
0.936939 0.0199078 70
10.218 9.73798 70
-10.9029 -0.269675 70
-0.311749 1.33478 70
1.27951 10.2936 70
-29.9888 39.615 70
-0.521954 0.251763 70
-0.100415 -10.9999 70
-21.094 8.60309 70
20.5332 10.6078 70
-9.21227 19.1382 70
-9.96967 10.8856 70
-10.0919 18.8713 70
9.73984 1.3581 70
-70.5805 1.22809 70
-71.4221 0.859078 70
-9.56378 1.03001 70
-50.6149 -8.56331 70
0.405815 9.46969 70
50.8572 -30.8917 70
-0.828767 0.482299 70
0.462647 21.4927 70
-9.61178 18.7099 70
-1.22782 9.25669 70
-40.9788 -39.2445 70
0.725642 -0.988231 70
-1.0786 21.1283 70
1.1697 -0.956169 70
0.947739 9.9167 70
-0.732817 0.405662 70
-19.6457 -10.2539 70
0.115903 9.03204 70
-0.16525 -0.281693 70
18.9856 11.057 70
10.5005 10.8681 70
-8.5678 0.601333 70
0.279132 19.3245 70
1.27894 11.4688 70
-0.81141 9.36758 70
-8.81233 11.3869 70
-10.826 -1.17077 70
0.884254 -0.523254 70
30.1539 0.638326 70
-8.79921 30.9947 70
-10.1329 0.753592 70
-19.1316 -19.1342 70
0.0107583 9.09539 70
20.9496 29.6248 70
-30.968 19.9351 70
-0.126186 9.55048 70
-10.7115 -1.35803 70
-29.6928 -50.4899 70
-9.64411 10.2498 70
-10.0861 -9.84484 70
0.697957 10.7154 70
-1.31729 10.5721 70
-18.5808 -8.9088 70
-10.2683 10.929 70
30.3793 10.3776 70
-0.040017 29.5418 70
-1.38524 -20.6836 70
-10.0839 -1.49481 70
19.0591 29.0998 70
-8.98286 11.2324 70
-9.88883 9.46654 70
0.251237 1.06981 70
0.466219 10.1485 70
-31.4669 30.5506 70
-29.5366 28.9878 70
11.2703 11.3088 70
10.5582 8.90044 70
0.404508 11.4799 70
-9.78041 10.2126 70
-9.04588 29.6743 70
-8.55922 1.0641 70
0.656443 -0.0247615 70
-0.271688 -0.416967 70
59.2346 -9.89308 70
9.29942 -0.360493 70
-120.948 30.711 70
-59.7201 -19.5291 70
1.12342 -0.541446 70
-10.518 -20.7151 70
-21.2623 -19.8974 70
-10.986 -10.9103 70
0.064018 0.401702 70
-0.34462 29.3994 70
1.40504 10.7914 70
-10.1636 10.0872 70
-39.6395 31.1897 70
-9.10476 10.4528 70
-38.6541 9.41651 70
0.39983 -0.472419 70
69.6723 81.2214 70
-1.08343 18.6958 70
0.521472 -8.63086 70
-19.4339 10.5257 70
-21.207 10.2337 70
-0.18645 0.577539 70
-8.67819 10.4841 70
9.79009 -11.1149 70
11.0111 -9.67011 70
-0.149848 -1.32612 70
-8.85488 9.91771 70
-11.2282 9.67883 70
-9.56123 0.212783 70
0.771218 9.41635 70
-9.96566 0.507207 70
-9.85923 19.104 70
-10.4561 9.77949 70
-1.29319 8.94843 70
-9.08394 20.3197 70
-10.5602 -0.656129 70
-18.6208 10.1274 70
10.3673 9.27388 70
-30.1178 -0.762955 70
1.06925 -1.42194 70
-0.348819 -0.289459 70
1.19814 -1.20367 70
-19.6938 -40.1456 70
19.5467 0.594891 70
-11.2453 29.5609 70
-0.556193 9.16161 70
-10.5005 0.673944 70
-11.2813 0.365404 70
8.71697 0.00139451 70
-18.5405 9.334 70
-9.13708 8.77648 70
-11.1404 9.13784 70
-0.0042135 20.4105 70
-10.2529 1.27 70
-18.8595 -0.905077 70
-10.2889 1.16377 70
-0.862385 -0.535746 70
1.24322 11.3784 70
-0.850826 10.4773 70
0.207869 1.20091 70
0.129367 10.2929 70
29.505 48.5728 70
-0.144961 8.81487 70
10.0101 11.0325 70
-0.546464 -1.08876 70
-9.46145 9.42987 70
1.33829 39.6314 70
-0.291776 -0.767558 70
0.385594 0.469662 70
-11.1278 10.4545 70
9.47144 0.073764 70
-10.4358 40.0334 70
-1.16907 -1.08139 70
-8.79125 10.5169 70
-11.2172 1.44011 70
10.4771 -31.3656 70
9.50536 -20.0452 70
30.4731 -8.74011 70
0.134696 9.34913 70
-10.0168 -0.427587 70
-0.732448 -1.20824 70
-11.3371 -10.5401 70
-9.72839 9.93203 70
9.01274 -0.0309795 70
61.4559 -0.818147 70
39.6318 20.7095 70
-10.8406 -0.630558 70
-0.382976 -1.30626 70
-1.28544 -20.0093 70
0.257476 28.9733 70
-0.327641 11.2908 70
-69.6694 39.3616 70
9.13791 -0.583689 70
-8.88957 29.7253 70
-30.117 11.1248 70
11.4003 0.342667 70
11.0768 20.6044 70
8.54746 19.298 70
20.4145 -9.62828 70
9.46728 10.6824 70
-8.96027 19.1875 70
38.9604 21.0488 70
-20.4408 -10.8319 70
-10.1462 -0.0244094 70
30.2646 88.8629 70
-20.3751 0.691103 70
-19.2584 1.35875 70
-10.2345 1.37272 70
-21.4637 11.1387 70
0.268212 0.584407 70
-0.756748 18.858 70
-10.6717 1.05971 70
1.08905 0.763894 70
-9.85519 19.6102 70
20.9879 19.6672 70
-1.07832 1.36415 70
0.129341 0.469206 70
11.3065 -20.6988 70
11.1302 0.467042 70
-0.717868 8.64693 70
-10.9114 -9.92354 70
-39.1313 19.2308 70
11.0598 -0.0659458 70
9.20069 0.717322 70
-11.1523 10.5368 70
-11.3244 8.50483 70
-0.347617 0.554492 70
-0.198961 8.88741 70
-9.85152 0.287931 70
-31.3901 39.2015 70
-30.2382 39.0402 70
-1.10616 -1.18627 70
-0.171547 10.8442 70
-0.201405 20.4804 70
-10.2434 -10.1795 70
-10.5867 -0.821451 70
-10.9259 -40.5997 70
-0.90831 -9.57943 70
-10.9566 0.599744 70
-18.7204 -89.5181 70
-19.3577 30.9374 70
-21.0881 -21.1782 70
9.77532 8.80174 70
-9.11038 -21.4723 70
11.3317 -1.1936 70
-9.17408 20.6054 70
29.5669 38.952 70
-10.1969 8.98413 70
-19.4538 -1.06788 70
1.29786 0.122174 70
9.6595 -9.65419 70
0.0973277 1.09914 70
0.756592 11.4476 70
1.11105 49.7876 70
-1.31078 9.35919 70
-1.02172 10.4631 70
1.17367 30.4239 70
1.4071 9.44104 70
-11.4044 -0.482406 70
0.926425 -0.964776 70
1.16208 8.5389 70
-19.5235 -1.49871 70
-10.5821 0.423341 70
8.51054 8.95087 70
0.58078 9.02802 70
1.49671 9.21673 70
20.4893 -1.29644 70
-10.1583 10.7079 70
-20.5156 -1.3855 70
-9.14282 0.648954 70
1.38627 11.3471 70
0.827153 0.950132 70
-1.32091 10.8633 70
-1.16054 0.7473 70
0.240287 1.30142 70
1.2355 10.7358 70
-0.246799 8.85643 70
-0.675344 1.35326 70
-31.2333 79.2219 70
10.6615 8.86092 70
-10.4598 -0.225887 70
0.602958 0.232944 70
9.66954 9.61521 70
-0.491055 -0.988108 70
-10.4034 -0.0996257 70
9.80736 11.1545 70
11.2405 9.19791 70
-21.2056 -8.52849 70
-10.971 -30.6992 70
11.1194 -18.8814 70
9.1438 20.9827 70
11.4258 -0.372131 70
-0.0891753 8.53595 70
-1.16316 1.0446 70
18.9818 -29.32 70
-0.760588 10.0835 70
-1.3628 -1.32092 70
0.154631 -0.73733 70
29.5117 31.4261 70
-8.53712 -1.39234 70
-39.7475 21.2744 70
0.179648 0.481053 70
-31.2983 -0.685052 70
-29.7353 0.60295 70
10.3286 -10.7303 70
9.03627 -8.72047 70
0.696786 0.425599 70
-0.504073 -0.34771 70
-11.3406 11.1798 70
10.8015 19.8377 70
20.1351 10.5873 70
-30.8022 60.883 70
1.08971 0.871976 70
1.01263 -8.52819 70
-10.9868 9.85973 70
19.5446 -0.646693 70
0.81625 0.83672 70
9.11618 -10.2401 70
10.8381 19.922 70
0.35983 -1.28963 70
-8.698 1.2857 70
-20.89 9.3862 70
-9.13378 -1.41196 70
40.2197 -1.21338 70
1.24343 0.733145 70
-0.22832 -19.6598 70
0.261833 11.0642 70
10.9871 -0.372261 70
-100.314 -21.3434 70
-0.631094 -0.362897 70
9.05595 38.5476 70
9.43611 39.6836 70
0.564729 -8.71979 70
-9.22632 -10.9021 70
-10.3656 -0.0754289 70
-0.257915 10.5399 70
-11.4994 10.7753 70
-9.94022 10.7398 70
-1.39899 19.2934 70
0.663295 18.9093 70
-1.32925 -10.6074 70
-31.3344 -60.2761 70
-0.16259 8.90333 70
-8.54474 -0.93626 70
-10.6316 -8.9077 70
