-0.218979 -8.69377 70
8.77225 1.10684 70
0.779682 8.53107 70
0.166502 10.7482 70
-9.09871 -28.9976 70
0.90363 11.114 70
10.4334 -0.329468 70
1.33989 11.369 70
10.4525 21.4266 70
-10.2634 10.5362 70
-10.9833 10.4165 70
0.347843 10.7826 70
-0.576258 0.581988 70
20.3539 -1.18657 70
-9.08815 1.0229 70
-9.0557 -9.9844 70
11.3491 9.01473 70
11.2285 -1.0121 70
-0.298315 -0.904186 70
19.724 11.0736 70
-49.9548 -29.6339 70
1.20591 -0.0207885 70
11.4918 9.72628 70
0.105918 -20.4971 70
1.14532 -1.06493 70
21.1765 -10.6873 70
-20.3772 29.2143 70
0.122531 -0.15526 70
-1.03031 0.861628 70
-0.145968 -0.619498 70
-0.32476 1.15878 70
19.7052 -9.01293 70
0.445775 9.69375 70
20.1707 1.17945 70
-1.27619 9.27787 70
20.4517 -50.0408 70
9.94545 0.757555 70
9.49971 -18.9604 70
-9.10921 30.6963 70
-0.584476 0.649688 70
9.09509 0.742452 70
9.0242 -19.196 70
30.5616 21.0952 70
-0.0766804 11.4012 70
-31.1015 30.7831 70
-0.760683 38.5151 70
-28.6729 -1.31479 70
8.61517 -19.7308 70
-0.545672 -10.4265 70
1.29621 8.52147 70
-29.0355 20.1486 70
-0.261573 9.25637 70
-0.323038 9.05212 70
-1.05266 -0.858844 70
9.86326 11.1186 70
19.7039 10.1214 70
11.3493 20.0331 70
-50.1923 0.970494 70
-1.36192 11.2304 70
1.26373 -10.0517 70
0.267527 0.780395 70
1.36339 -10.3994 70
10.0676 -0.951426 70
-19.3015 -9.62913 70
49.257 -59.4124 70
9.92714 40.4359 70
-1.13101 10.5943 70
19.2339 20.6257 70
-9.41763 -0.393997 70
-19.6535 -8.98114 70
8.80264 10.6324 70
0.121693 10.8137 70
-0.354598 19.4577 70
9.51365 -11.4136 70
-0.0473643 9.97949 70
1.41882 10.7825 70
-0.861892 11.1821 70
-0.403526 -18.8394 70
-1.26717 29.2269 70
-0.983821 9.01267 70
0.474232 8.9915 70
9.60208 10.3212 70
10.8617 10.5969 70
10.3773 1.4936 70
10.9282 10.1841 70
-1.04731 -9.69544 70
1.18254 -11.1356 70
-21.1088 10.3314 70
-8.58379 -0.181744 70
-0.904261 8.71854 70
10.1536 -0.456152 70
10.4704 -0.478973 70
-9.07939 1.178 70
0.170001 -0.13924 70
-41.2461 1.37263 70
-0.225452 -10.496 70
89.9085 49.4751 70
-9.62282 11.0988 70
-0.501318 8.58333 70
-9.21706 8.84398 70
-1.14954 21.3888 70
-1.13969 -0.994485 70
-1.20463 -1.43474 70
10.546 8.81339 70
11.1116 -1.16857 70
10.0452 10.9744 70
19.6942 -10.3155 70
20.9761 -9.83938 70
10.3126 1.45984 70
-0.0098088 9.78806 70
-11.2927 -8.87238 70
9.43292 11.022 70
-1.3424 20.4888 70
-99.5218 50.0526 70
1.38116 10.8843 70
0.432764 -11.4316 70
-18.5531 0.137614 70
-1.37138 10.5204 70
10.7251 -0.0593499 70
-0.15779 0.220363 70
-18.8757 21.3922 70
-19.5859 20.6625 70
0.370246 -0.710637 70
-0.370347 0.76563 70
-0.909582 10.9504 70
-21.4404 -19.2522 70
-0.568938 10.9548 70
0.903173 0.323222 70
0.718086 19.432 70
9.84334 -0.55006 70
-30.1606 -10.5901 70
-0.224568 0.877752 70
0.958202 1.38413 70
-0.836171 0.321279 70
-1.01843 1.4463 70
-0.725722 11.1249 70
9.88059 8.93877 70
0.88507 10.2332 70
19.8095 11.3084 70
31.2507 21.018 70
10.4287 8.84291 70
-0.995834 20.4959 70
31.4885 29.1083 70
0.171465 10.0733 70
20.8159 28.5848 70
11.252 -1.1862 70
30.9465 -0.902889 70
-11.1968 21.278 70
-21.4608 -1.44851 70
-20.9959 0.890087 70
-0.919802 -8.74069 70
-11.0332 -0.092209 70
-1.31057 8.8918 70
0.0723547 9.50481 70
-1.48238 10.0348 70
18.8482 9.21467 70
9.28996 10.7698 70
10.9978 10.9269 70
8.71906 9.00018 70
11.311 31.3996 70
10.4452 30.5455 70
9.25644 30.3479 70
8.51504 -0.0351377 70
0.307558 19.6361 70
11.2892 -10.445 70
29.164 20.9429 70
-10.3891 31.3856 70
-1.27999 1.31527 70
-10.4129 0.949275 70
30.1822 29.9557 70
-9.80583 -8.68338 70
-19.4365 -30.1533 70
-0.903014 0.72842 70
39.5123 0.38689 70
19.7708 -1.11097 70
-10.9034 -1.35395 70
-0.851886 1.19861 70
-10.8821 20.6416 70
-0.781381 -19.5663 70
10.7692 -1.29211 70
9.38942 1.3485 70
0.609439 -0.217447 70
-1.09259 10.3906 70
-0.166243 19.4945 70
-1.08085 0.298023 70
9.11246 10.6737 70
11.0566 8.96254 70
8.66869 -10.0065 70
-0.386069 -0.520728 70
30.9289 101.15 70
-0.816277 9.68432 70
20.112 -0.926535 70
-9.08543 -10.1692 70
-11.1716 11.0943 70
-0.177037 -1.33669 70
-11.1596 -40.103 70
0.150802 10.4463 70
11.1513 -0.261029 70
-11.3756 0.838663 70
-9.17734 10.0064 70
-1.28545 -20.5707 70
0.727752 10.4626 70
20.3077 -19.0462 70
-1.01865 20.8856 70
30.6533 8.83739 70
10.9386 -0.207107 70
20.9779 9.55326 70
20.3984 11.1617 70
29.9659 21.3357 70
30.8008 50.2085 70
0.579971 10.0245 70
9.73177 1.2452 70
8.69888 -0.059889 70
9.56492 -0.343758 70
0.845569 -0.221057 70
9.23022 -1.06255 70
11.165 10.2767 70
-9.05373 10.8569 70
-9.94471 8.96109 70
-31.3616 81.2198 70
-41.3456 -8.96363 70
0.0648258 9.43349 70
-0.601927 10.6723 70
9.87505 0.762267 70
0.479778 9.09271 70
20.8118 0.929923 70
0.14945 19.5661 70
8.85363 29.4676 70
-20.9699 9.67649 70
19.8544 -0.40667 70
9.66673 -9.84717 70
0.0347531 0.778666 70
18.7116 9.23942 70
0.125778 0.977931 70
0.0119227 1.38732 70
1.2114 -0.412836 70
1.06576 18.9103 70
1.43675 9.55669 70
-0.451479 11.3694 70
8.93001 -0.147116 70
-8.68729 -1.2287 70
-0.194053 19.1408 70
0.455223 19.4532 70
1.18664 9.23014 70
-0.78333 10.1121 70
-9.08833 -19.5215 70
-11.2952 19.7556 70
20.3165 -0.591922 70
8.93193 -0.534408 70
40.7035 -0.468512 70
-0.5002 0.873308 70
-0.310001 1.31264 70
29.3788 -1.11153 70
0.64168 -0.785918 70
9.64757 -0.324583 70
29.4127 8.57363 70
-1.46618 10.0248 70
9.67772 9.36019 70
-0.667463 10.0092 70
11.3491 -11.0402 70
10.6166 8.92616 70
-0.449646 11.0548 70
50.1497 21.0365 70
1.21614 9.12703 70
-1.00532 10.423 70
21.0141 49.458 70
-0.120036 10.5331 70
9.42881 -0.675134 70
1.18215 11.3503 70
0.373849 9.56275 70
-19.8586 8.7036 70
9.05891 10.0996 70
0.932509 11.1814 70
-10.2767 0.48369 70
-1.04785 8.74997 70
19.9711 21.4995 70
0.672475 20.1915 70
-1.13451 -0.970532 70
-1.45863 9.64723 70
1.04904 10.2613 70
10.5414 -9.82791 70
0.56043 0.493594 70
10.0539 10.2045 70
50.0312 38.9486 70
-10.708 68.6371 70
10.9036 9.7668 70
-21.0605 19.767 70
-110.142 -29.0247 70
0.800978 10.2844 70
-8.90517 -0.752845 70
-28.6197 -69.7297 70
-0.278746 19.1546 70
0.552383 20.7457 70
-8.98128 10.5708 70
18.7766 9.58932 70
11.0002 9.13729 70
-0.987067 -0.497312 70
10.3016 -8.64119 70
1.32781 19.0929 70
19.0027 20.4331 70
-10.9037 8.62125 70
-11.1231 30.58 70
10.3301 -9.61827 70
1.36179 1.17361 70
1.22087 0.146913 70
10.3044 -0.253168 70
-1.12722 11.4843 70
10.0731 11.3673 70
19.347 29.501 70
1.00039 9.94323 70
0.0491639 -18.5489 70
20.08 9.53457 70
-10.9028 -10.9173 70
-18.8479 10.7825 70
-0.40412 0.764739 70
9.16201 -9.28722 70
20.4915 30.4637 70
28.5394 8.89089 70
21.4558 -8.86444 70
-1.19526 1.11977 70
-21.4785 1.17792 70
8.50329 10.1425 70
0.949727 10.4732 70
-0.566846 10.6504 70
10.8147 11.1261 70
1.23797 10.4278 70
10.7586 11.1771 70
-38.9435 29.999 70
0.848562 0.761455 70
-0.325091 10.994 70
-49.6815 19.9279 70
10.4334 10.9399 70
1.07592 8.79539 70
10.0112 10.5782 70
11.4255 -11.4467 70
-9.3315 9.38922 70
-1.25646 -9.00751 70
-1.48106 0.980338 70
-1.45505 51.1126 70
-0.420576 -0.81591 70
-1.29952 1.45108 70
-1.48615 10.382 70
11.0784 8.82897 70
8.93198 10.2072 70
-21.0329 8.9018 70
0.830687 1.39861 70
19.8501 0.533315 70
1.23745 -11.4152 70
-1.34443 -0.396799 70
10.9969 -8.69907 70
19.5183 10.642 70
11.2976 30.9815 70
-11.4209 -10.1129 70
9.84677 8.75894 70
10.2993 10.8587 70
9.32125 10.1581 70
-9.77218 0.211653 70
-0.874591 -0.730276 70
-8.72343 19.9677 70
0.935131 -41.4862 70
11.4618 -8.97604 70
10.6554 10.5017 70
40.4051 -60.602 70
10.32 38.7696 70
0.774485 20.5927 70
9.93726 -50.8483 70
0.128975 11.295 70
-18.7036 10.5247 70
1.47008 0.559771 70
-0.784822 8.89416 70
0.110711 9.61283 70
-10.3104 -1.26602 70
-1.10543 30.8996 70
-0.805791 10.7912 70
0.238484 9.62948 70
1.39645 10.3045 70
11.1588 -60.2158 70
11.1364 -11.0846 70
-10.8459 -11.4717 70
-8.57585 8.76095 70
0.168299 9.04822 70
-1.41006 -1.47654 70
-0.179046 -0.507701 70
-0.185821 11.1483 70
9.04888 -0.130611 70
-51.0883 -19.4846 70
11.3317 -18.6743 70
0.403228 9.13857 70
9.2969 0.816969 70
-8.83931 10.7331 70
9.88059 -31.2657 70
-1.37383 20.9853 70
0.175547 -0.495939 70
0.829707 -1.39378 70
11.355 -38.6796 70
9.41146 -9.89237 70
0.233847 -0.566544 70
18.9563 0.326225 70
-0.122267 10.8976 70
30.6634 -11.2359 70
9.5588 10.0575 70
0.672751 -0.482549 70
1.20067 1.11785 70
0.797356 10.0392 70
-0.171718 8.9375 70
-0.413908 -0.619083 70
9.04907 1.27865 70
0.427837 10.4488 70
-0.210012 9.97356 70
-8.99677 -10.5243 70
0.559255 21.4685 70
11.3406 -0.289951 70
-11.1747 40.9601 70
-1.04577 0.211566 70
-11.2293 -0.529542 70
0.351496 -0.0357245 70
-0.622541 10.9806 70
0.182257 10.189 70
11.275 0.443503 70
-0.444014 20.4823 70
9.40176 10.6562 70
10.1923 8.6576 70
11.4689 10.2345 70
19.2553 9.18516 70
-0.00823664 -0.0610655 70
9.55997 -0.17667 70
40.6948 49.3586 70
8.98021 -0.606312 70
-58.5629 69.4588 70
10.8667 0.650497 70
0.332682 -0.376568 70
1.40011 -0.0874702 70
31.0498 10.7034 70
0.742471 21.4013 70
9.57783 11.0771 70
0.166494 0.956457 70
28.8156 -0.602003 70
0.246668 -1.42444 70
10.2769 10.2189 70
0.287343 0.728565 70
11.3419 11.4953 70
8.95851 1.21486 70
10.2395 -0.765723 70
1.34182 -0.982556 70
10.3207 -9.15416 70
-20.766 -21.2939 70
-1.22486 10.9072 70
10.7869 8.60623 70
11.3437 -20.6005 70
49.2274 -41.4633 70
9.25382 -1.01897 70
-1.05751 11.4403 70
20.7438 -10.5677 70
-0.650984 1.10394 70
8.6849 -1.27343 70
0.227176 10.4155 70
10.166 0.736703 70
-0.439394 0.572915 70
-11.4287 20.1478 70
0.0914525 39.0057 70
39.9167 20.3955 70
-10.1214 19.9984 70
1.33101 8.80161 70
39.5525 20.6588 70
1.17685 1.48044 70
-0.311197 -0.331116 70
-20.9111 -118.85 70
8.64953 -0.78687 70
19.9381 -0.857025 70
20.0651 18.8559 70
0.713912 10.7836 70
-1.25558 8.88132 70
-0.710222 1.40313 70
-30.1683 41.1371 70
-31.4453 38.5501 70
-29.9949 39.8498 70
8.8896 9.25979 70
-1.42828 10.558 70
-1.20576 9.90621 70
19.1281 11.0183 70
-31.3124 30.0225 70
19.9509 -19.1796 70
-0.771767 11.4133 70
-0.960721 -30.3318 70
18.988 -0.369957 70
-0.556584 0.425888 70
21.2437 -0.27206 70
11.1578 9.48589 70
9.431 -1.27589 70
19.783 0.524696 70
-30.5728 -19.5525 70
-29.0932 -19.5126 70
0.108329 8.77537 70
20.2143 1.4907 70
10.5199 9.26406 70
9.35947 10.8817 70
-1.03935 -1.29632 70
-11.2729 -21.1754 70
19.3982 -29.5293 70
-10.0018 10.602 70
-29.0008 30.1376 70
50.9383 -30.4598 70
0.251586 -0.377752 70
-50.8852 -41.1571 70
21.471 9.89817 70
8.71475 11.1049 70
9.10258 11.1795 70
11.0591 0.105713 70
1.0627 10.5839 70
8.72105 -11.1126 70
-19.5142 -9.16764 70
-0.23035 19.6462 70
9.87956 9.66313 70
21.0439 1.04872 70
-11.344 11.0669 70
-19.7004 -49.191 70
8.75422 11.3786 70
-10.1131 0.773579 70
0.223716 -8.95069 70
8.6599 0.0637463 70
0.889355 9.37298 70
-39.1988 9.76734 70
-1.39794 10.8311 70
10.2591 10.0276 70
1.4807 9.37127 70
9.12457 0.950143 70
0.808285 8.54588 70
-10.9773 0.156755 70
-30.6197 11.4036 70
1.44653 -0.684467 70
0.943702 10.3851 70
9.68957 11.3589 70
39.3723 -10.5645 70
10.6488 -9.86573 70
10.0086 0.760468 70
0.195805 0.445886 70
11.0034 -1.01783 70
8.91988 8.75173 70
9.53417 11.0076 70
9.6149 -1.06716 70
11.3822 9.13869 70
21.2343 40.2148 70
10.0225 -0.16136 70
8.61973 10.2127 70
10.1597 9.44741 70
9.72411 0.00385264 70
0.926352 -0.103279 70
9.43681 1.02355 70
-10.44 1.45937 70
-9.8645 -1.40787 70
-9.27588 10.1059 70
-8.89794 1.469 70
-9.54272 38.633 70
-0.868063 -0.102725 70
1.11225 -0.88392 70
-28.9859 -39.3151 70
9.71323 -1.4033 70
20.1229 9.87905 70
-20.5148 -10.9761 70
10.0643 -0.624308 70
70.2051 19.5146 70
-9.431 28.5399 70
10.8353 19.3859 70
10.6742 20.1908 70
11.0691 10.2537 70
0.509157 -0.30461 70
-9.29061 21.091 70
10.7401 11.0261 70
-30.797 -9.0756 70
11.2579 9.91069 70
10.0074 9.35377 70
-0.745918 -9.74469 70
11.113 0.162095 70
-10.9057 9.46523 70
9.80136 -0.461337 70
9.05861 -0.551613 70
-0.969416 10.3277 70
10.5331 -0.273044 70
-10.1687 30.8705 70
1.42961 9.35673 70
-21.0185 29.1635 70
-0.121369 8.6627 70
-11.2102 -0.294856 70
0.128071 1.2042 70
-10.3576 10.7847 70
-0.3908 -0.429609 70
19.1898 0.528893 70
-10.9269 -9.88112 70
0.296269 10.5887 70
-60.8727 40.324 70
18.7742 20.549 70
0.385873 9.7197 70
-1.26254 11.2166 70
0.0922066 1.12124 70
1.46019 0.740906 70
-10.5363 -30.7549 70
1.27227 11.4683 70
29.9556 41.1628 70
-0.40942 1.28303 70
-0.0016671 -10.1107 70
9.10381 0.455754 70
40.7364 9.36755 70
10.2737 -0.262284 70
10.6605 -11.4566 70
10.9846 11.1438 70
11.4784 9.98532 70
-19.7701 -1.0721 70
-19.4006 -0.621666 70
1.01208 -28.7613 70
-0.906922 9.49419 70
8.92393 0.496981 70
-0.948619 0.36019 70
21.4707 40.0573 70
10.6051 11.3829 70
-19.7958 10.7143 70
0.267007 0.820926 70
0.588533 -0.852048 70
-0.00344132 0.683668 70
0.708476 21.1859 70
9.62782 0.511106 70
10.4199 -0.824669 70
0.911038 -1.15612 70
0.444617 -0.373591 70
9.51135 -0.390108 70
-0.529568 9.2223 70
-20.8319 -50.9934 70
1.49085 11.4415 70
10.104 8.56582 70
-1.37274 9.83285 70
0.346963 1.13261 70
20.0663 28.7379 70
9.34099 -0.416874 70
11.3431 -1.01126 70
38.5147 30.3237 70
-0.729405 10.8834 70
11.2452 -9.72406 70
-9.29866 1.21193 70
11.4363 -0.576936 70
0.116752 10.0956 70
-0.22486 -20.1026 70
-9.05031 19.4746 70
10.2056 0.796098 70
-0.233941 0.104351 70
-0.411021 -21.4519 70
-0.860969 -1.2138 70
8.67917 11.0301 70
-30.9842 21.333 70
21.388 9.32771 70
10.8543 -0.468071 70
0.739807 0.698668 70
0.671999 1.09324 70
-9.50038 1.26583 70
-11.3708 1.14894 70
0.0235056 -0.749634 70
1.18872 -1.05497 70
0.436426 8.76716 70
10.9776 -1.21591 70
-1.30718 -1.31295 70
-0.612425 -0.216739 70
-0.428475 0.753972 70
-0.331855 -0.687455 70
0.870956 -10.4106 70
-10.5576 41.2607 70
9.32064 -1.46047 70
-0.998596 -0.866799 70
10.1593 9.81611 70
0.196027 0.313117 70
-0.0642968 0.556815 70
-0.612849 -8.54043 70
10.4012 9.81008 70
10.626 -0.498842 70
-21.1103 101.458 70
-1.0105 60.5597 70
1.11341 0.720654 70
0.0866596 10.0605 70
0.303882 11.109 70
0.547596 9.50079 70
9.81062 -0.939803 70
9.33326 -0.728246 70
10.5772 29.2238 70
-0.109754 -1.10367 70
0.0750364 -0.39571 70
10.8965 11.4172 70
-0.941237 9.39502 70
11.0342 -0.758407 70
0.492992 -20.4479 70
-0.852619 -10.5216 70
9.9143 -1.15447 70
-0.696257 -20.0105 70
11.3229 1.34862 70
9.18753 -0.896556 70
-10.1191 -18.8715 70
1.40437 8.8121 70
20.4211 0.216337 70
-0.2221 11.1429 70
20.3002 9.25847 70
0.844806 11.0689 70
0.765824 10.862 70
8.5314 -11.244 70
-9.89716 39.4477 70
10.2108 9.59225 70
50.465 18.7008 70
10.9838 0.109744 70
18.5141 -39.4701 70
-10.0544 -0.42758 70
11.4493 8.57756 70
0.28109 0.527889 70
