-19.6717 -20.1085 70
0.836356 -0.371991 70
9.93394 0.70793 70
-0.940548 120.137 70
-0.0219864 8.6544 70
10.1082 0.919162 70
-39.2253 10.4083 70
1.21859 11.3499 70
9.35879 10.827 70
30.3525 -41.4046 70
20.6301 -11.4307 70
-1.30608 -11.1453 70
-10.3718 -0.74065 70
20.4186 -1.09646 70
8.90051 10.4689 70
1.06204 -9.33474 70
-8.79062 -1.33364 70
9.41622 20.3032 70
-29.241 -10.5663 70
0.547613 0.0771841 70
10.8109 -0.196038 70
-0.963801 -0.423409 70
-0.94341 8.78951 70
0.414425 0.769351 70
-40.9508 20.1586 70
40.7632 -20.5566 70
10.0026 11.4861 70
-1.23138 11.179 70
-0.568773 8.82828 70
0.0863651 8.60935 70
-9.04154 31.176 70
-10.2674 30.0637 70
0.785361 10.8933 70
9.34718 -0.621045 70
11.2239 -0.717 70
-10.3769 1.16935 70
0.109885 9.13099 70
0.866711 0.987935 70
11.2485 -8.93371 70
9.78867 -19.2295 70
0.889125 10.8668 70
1.43799 9.71524 70
18.7655 8.98259 70
-1.42474 10.0738 70
81.4759 58.5803 70
19.1285 -1.20844 70
-10.9925 -28.7063 70
0.272926 0.852714 70
10.9317 80.7642 70
-1.34524 0.176483 70
-0.0340705 10.4674 70
80.2037 -28.951 70
-0.117872 0.896044 70
-19.4504 0.164482 70
-0.117993 9.53228 70
10.323 10.71 70
0.176504 -19.1427 70
9.59452 9.35254 70
0.752538 11.4013 70
8.62577 0.164514 70
9.96933 1.18676 70
10.5301 -0.596286 70
19.0083 8.52223 70
-1.43847 39.0742 70
11.0014 0.9059 70
-19.4482 30.3682 70
20.9736 1.49865 70
9.25946 -0.704711 70
-0.120452 0.0952172 70
9.38351 9.03656 70
-1.36302 8.58987 70
9.08522 10.2889 70
10.3033 8.83895 70
10.862 1.12972 70
9.83994 20.0931 70
18.6601 -1.44078 70
9.7424 -18.5791 70
11.2858 9.8888 70
50.7741 40.9217 70
9.2297 0.781869 70
-19.5941 30.199 70
-20.8495 30.1005 70
10.576 -0.728839 70
10.7394 0.325932 70
1.11243 10.9094 70
-39.4061 -21.1248 70
0.348732 9.95043 70
-9.41275 -1.36637 70
-11.4202 9.20793 70
-20.648 9.65541 70
-1.40374 -20.5592 70
9.74048 -71.1017 70
0.75745 -0.545004 70
11.0926 1.40043 70
10.7118 9.35722 70
-20.6671 29.1045 70
11.1626 1.06861 70
8.9915 0.491031 70
30.1034 1.12705 70
19.2075 20.0541 70
30.9929 51.4497 70
-1.29539 9.93186 70
9.81834 10.5375 70
8.899 9.58548 70
80.2008 -118.822 70
1.23478 69.6896 70
-70.2052 88.5882 70
-70.6329 91.2262 70
-0.104383 9.71337 70
-21.3185 -30.8554 70
8.97254 8.64269 70
-0.9315 0.807392 70
-0.336234 -0.130087 70
9.8753 11.4549 70
0.661269 10.069 70
11.3467 10.033 70
1.34657 0.0706727 70
-0.912893 -1.16125 70
-0.810908 0.486085 70
11.2127 -9.41656 70
21.3203 10.8366 70
-50.0727 -50.8051 70
9.11161 -1.02528 70
-8.62565 9.5665 70
9.23758 8.54363 70
-0.386029 21.0786 70
38.5387 20.9214 70
-1.34123 -0.874907 70
-1.02319 10.6468 70
-21.0467 9.4141 70
80.361 -59.8803 70
-9.61072 9.79082 70
-10.6093 9.14628 70
-0.851052 0.892731 70
29.3513 10.5237 70
-9.59556 8.69257 70
9.79339 0.824171 70
58.8963 0.831291 70
-10.988 20.6702 70
-51.4626 -48.9349 70
18.7689 1.04214 70
-0.468234 0.330871 70
-30.2709 8.92185 70
-9.63857 -0.640613 70
20.4826 8.53977 70
29.7602 -0.678087 70
-1.03456 0.935212 70
-20.9872 30.8449 70
9.90306 -20.7037 70
0.249689 10.3679 70
0.611801 10.5907 70
8.88136 -0.609346 70
10.9324 1.14497 70
-1.16054 -0.629365 70
10.9063 -11.0303 70
0.0315186 29.2248 70
10.8373 19.4781 70
10.1523 11.4544 70
9.87134 10.002 70
-18.9061 8.74074 70
0.198226 10.8179 70
-20.9366 9.85451 70
11.4382 -0.0205446 70
-0.929904 -1.27185 70
0.193568 20.1391 70
-11.1239 -41.0876 70
10.1014 0.806403 70
9.88914 1.22743 70
9.54942 9.10094 70
-20.5005 49.5946 70
-21.3103 -0.0274547 70
10.7704 -10.8074 70
10.4629 0.360572 70
10.038 9.88428 70
-0.487278 8.9331 70
-9.67496 10.9389 70
20.2712 21.3519 70
0.803353 -8.50725 70
10.5753 21.0819 70
10.6894 -0.919723 70
-0.461661 10.3767 70
1.04 9.01025 70
0.342774 10.8934 70
19.6304 11.2223 70
11.3534 -0.392033 70
-18.6357 -0.788162 70
11.1438 11.4685 70
10.2872 1.35541 70
10.6239 61.4359 70
11.3022 60.7505 70
-0.724285 -0.960296 70
11.3819 -18.7775 70
0.424564 18.7293 70
-1.14776 1.05663 70
10.0538 0.74452 70
-0.0357228 9.06337 70
21.3153 0.458608 70
-10.0356 -0.781186 70
10.6079 -10.061 70
11.2298 29.3553 70
-0.941262 10.0218 70
9.91207 29.2822 70
9.9987 8.78712 70
9.91592 11.494 70
9.3271 10.0999 70
9.10017 1.09923 70
9.46087 19.8587 70
0.908432 0.502112 70
21.013 11.2859 70
11.4142 -1.22317 70
-79.1017 40.0395 70
0.147115 -0.337163 70
-9.14806 1.29365 70
10.1346 -1.17008 70
28.5413 10.831 70
-1.18686 10.354 70
11.4486 10.8218 70
9.24424 9.17472 70
1.17219 -0.905907 70
-0.0373118 0.869455 70
10.1328 -9.39957 70
-11.1214 20.6859 70
10.4629 -0.109425 70
-8.98948 8.73337 70
10.7956 0.405797 70
9.81596 -1.47035 70
-0.618675 -1.30937 70
-0.335658 19.8388 70
0.809198 -1.24796 70
-0.18244 19.2377 70
51.0697 -19.2958 70
19.1747 30.3694 70
-21.4732 -21.1396 70
11.2941 0.745122 70
-10.5522 0.301687 70
0.655252 9.29488 70
-60.9004 -9.26745 70
11.3357 11.2649 70
-0.922558 21.2432 70
0.10778 19.7521 70
11.3586 1.32279 70
-0.247644 1.0221 70
-20.5117 20.6528 70
9.6421 -0.820806 70
11.3387 0.552841 70
19.0115 -19.4036 70
-1.32071 -0.363957 70
0.93959 -1.2518 70
28.557 30.2421 70
9.26916 -0.438908 70
11.1102 -0.246856 70
1.02591 0.215795 70
-0.304233 9.08085 70
-19.2706 78.7736 70
0.857684 -0.214665 70
8.75102 0.756616 70
-1.00853 10.2153 70
-11.2822 -19.5231 70
-10.0745 -9.62368 70
9.22251 9.86094 70
11.3438 9.06463 70
30.1434 -20.3474 70
0.4435 19.4728 70
9.76138 9.50919 70
9.2589 10.2155 70
8.5388 9.39136 70
9.58886 -19.9124 70
9.6302 -9.46935 70
8.76078 9.77087 70
0.498839 11.0025 70
18.9619 11.3668 70
-0.52178 9.66058 70
0.864787 10.913 70
-9.49908 9.32003 70
20.0492 9.19435 70
9.7397 9.66801 70
18.5185 -8.58412 70
0.695634 10.9937 70
-8.95605 11.4105 70
10.3791 -1.14936 70
0.531031 0.848504 70
1.21312 10.083 70
-10.5436 -9.91289 70
-0.831994 -29.6163 70
19.2156 -10.0411 70
-9.39121 29.3068 70
-11.2532 31.022 70
8.61715 10.9553 70
40.1581 -11.0419 70
-0.875943 -0.0563731 70
-11.0289 -9.91602 70
10.7134 -11.4446 70
8.9166 -10.4662 70
-0.482741 -0.962264 70
8.89244 29.6394 70
1.11942 21.4968 70
10.3056 0.238397 70
1.12311 -0.841073 70
0.205249 -0.994736 70
9.89941 9.55575 70
-1.05086 -0.303676 70
-1.40489 10.7046 70
-10.2698 -1.12836 70
-11.4695 0.025151 70
-10.0132 -20.6214 70
-48.9872 -30.68 70
9.03633 9.89358 70
11.2876 20.9104 70
9.63103 -0.23955 70
-0.524343 19.7338 70
-0.431199 9.73468 70
10.084 -60.513 70
-1.10245 9.6097 70
-8.88812 -0.088278 70
8.81192 0.374556 70
-9.79999 -1.03437 70
20.3736 9.31498 70
-0.538059 -20.3228 70
-11.2217 -19.2571 70
10.1324 0.671909 70
18.9526 -1.12782 70
10.0026 -10.4851 70
-9.85535 -0.514896 70
11.3287 9.74385 70
11.0125 11.3651 70
-0.146692 -11.3269 70
-1.0882 0.789733 70
-1.18503 0.232548 70
-1.34175 0.43653 70
-51.2344 0.327985 70
-9.18023 8.62653 70
10.1781 -0.0922343 70
9.59696 9.07092 70
-0.0600906 -0.471059 70
21.3996 -0.563614 70
0.577239 -0.699153 70
-41.0478 -30.6357 70
10.8167 1.46336 70
0.315786 20.9168 70
29.2337 9.99646 70
19.5589 10.084 70
20.5936 10.2367 70
0.637562 1.3476 70
-49.8656 -31.2309 70
-0.0896116 9.04378 70
19.0591 9.28777 70
-20.3492 -48.57 70
11.3136 9.79378 70
10.6214 20.1357 70
21.0434 30.7626 70
-10.631 0.595602 70
-10.3244 11.1271 70
-8.54639 21.2204 70
8.79404 -11.4596 70
-0.817253 9.91526 70
-19.724 -20.9762 70
9.45116 -0.68878 70
-10.7697 9.0158 70
-9.89336 -0.0674193 70
-8.98157 -1.45641 70
10.7159 19.4801 70
-0.875397 -1.14848 70
0.700738 0.166948 70
10.3424 0.233103 70
1.33364 1.21449 70
18.6807 8.57187 70
0.772876 0.00583866 70
10.9325 8.63992 70
9.76328 0.677379 70
1.49016 0.166063 70
19.2518 60.3876 70
10.425 21.0341 70
60.3095 10.3184 70
-0.878096 -1.22796 70
10.5444 0.928247 70
9.82011 1.3513 70
18.5491 28.7554 70
9.38755 9.4683 70
9.22044 10.5685 70
11.2056 -9.05866 70
40.0362 -8.6986 70
0.464194 10.3593 70
29.5134 -1.13476 70
8.60027 -1.16685 70
9.50174 1.12476 70
-11.4697 11.3507 70
59.5101 -11.401 70
-8.93486 -0.128179 70
8.8381 9.68688 70
0.0649363 19.9612 70
-0.0236 18.6366 70
40.428 90.6008 70
-0.481383 0.413904 70
-31.0662 -30.2915 70
-0.258284 -40.5976 70
-0.193672 11.2353 70
-1.31305 9.65267 70
1.14054 10.4884 70
1.12397 -1.1471 70
1.28786 8.89964 70
1.48194 1.4222 70
59.7562 -51.3171 70
-9.39655 0.418016 70
-10.9306 0.541274 70
9.33498 9.55396 70
-0.423994 38.6189 70
-1.078 -9.73394 70
30.929 -0.289529 70
10.4399 -0.957989 70
9.96145 -0.263087 70
20.0318 0.0405142 70
9.56334 10.905 70
-11.2827 29.0147 70
1.01778 19.3012 70
1.13576 -0.349814 70
11.0935 11.4253 70
0.219857 -1.25651 70
-1.42223 -0.313611 70
-0.183713 -1.06489 70
1.20441 11.0837 70
0.0804909 -89.0803 70
-8.78693 -19.8213 70
-8.87179 -28.5291 70
9.08526 1.49576 70
10.875 21.3663 70
-71.4944 -49.9028 70
-9.20028 9.7151 70
-0.199819 8.92285 70
-10.7094 -0.160275 70
-8.98912 0.603125 70
8.65051 11.4036 70
-40.9955 -40.2822 70
21.1717 30.6995 70
9.68862 0.66926 70
0.737423 9.99976 70
0.182819 11.0849 70
-8.96133 0.558145 70
39.1597 30.8521 70
9.88381 0.143183 70
9.47959 11.4655 70
-10.2448 10.2384 70
0.0269159 8.69778 70
-1.23973 -21.4626 70
-8.95388 -0.228657 70
-10.9831 -1.12548 70
0.345043 -1.06044 70
-0.149233 -9.43822 70
0.527289 -0.496346 70
1.34706 -1.24894 70
18.64 8.5474 70
8.68652 -10.0571 70
9.0418 0.668375 70
9.87895 11.2937 70
-10.9051 0.679811 70
9.34011 10.1909 70
8.95094 -0.769389 70
30.9513 -0.162722 70
8.61399 10.9197 70
-8.64666 0.0642236 70
-0.796613 11.2065 70
30.3973 -11.1908 70
11.2333 -0.64431 70
-0.635533 -0.181173 70
29.4702 19.1464 70
21.0344 10.1695 70
-0.228886 0.132465 70
9.97346 9.22803 70
-10.5305 29.443 70
9.4648 10.7075 70
-1.04527 10.3691 70
10.0154 -0.86088 70
-1.28825 -38.8118 70
-0.550795 -9.20056 70
1.18907 -0.415415 70
31.4303 8.77138 70
-1.47094 9.83865 70
19.182 -30.2015 70
10.6999 0.112574 70
-8.58365 -19.9504 70
-10.1444 11.4989 70
9.12272 -1.18454 70
8.54078 1.14796 70
9.54309 10.4815 70
10.6919 9.58482 70
0.169137 10.223 70
9.13088 -1.15064 70
-20.501 30.0598 70
9.29965 0.962636 70
11.0332 28.6212 70
9.44398 -0.548823 70
-0.769709 8.90736 70
8.57819 9.2286 70
-58.8975 40.2415 70
-21.4992 10.3794 70
-0.00650785 11.0093 70
-0.573453 18.6198 70
10.2792 -0.955138 70
10.0879 -0.165495 70
-39.2291 10.3221 70
0.0210659 28.7331 70
-9.33326 1.36893 70
8.86726 10.6602 70
9.33075 -9.28829 70
0.878374 0.141367 70
-9.52347 0.555962 70
1.3891 0.52052 70
-19.8086 9.86748 70
-0.550003 11.2291 70
-9.94438 -60.2179 70
8.72087 9.52982 70
49.0928 0.767569 70
10.7039 0.913709 70
-0.535497 8.82666 70
18.7009 0.544664 70
19.2617 -11.4433 70
1.35436 -60.9446 70
-10.1576 29.1057 70
0.219924 11.0751 70
10.3153 10.9819 70
11.3997 11.1153 70
-0.509946 -0.512833 70
-0.446406 8.71056 70
-0.881388 -0.406094 70
-0.446011 -0.0642538 70
1.01229 -0.60729 70
1.1494 0.84943 70
-0.3941 -1.01298 70
11.1128 20.4985 70
-0.59698 18.9393 70
8.61053 11.3863 70
8.50096 0.90271 70
40.2305 0.386924 70
-20.8429 -41.1224 70
10.8288 -1.19416 70
-9.89622 11.2048 70
1.37005 0.491655 70
0.749664 0.872621 70
-0.473014 30.5023 70
-18.7202 -20.0376 70
-1.20049 10.5903 70
8.73212 11.2503 70
-0.518366 10.5134 70
10.7678 1.49778 70
11.1694 8.75102 70
-10.916 10.6585 70
1.017 1.38349 70
9.05953 10.738 70
8.90905 1.25334 70
1.45101 10.096 70
0.724435 9.89569 70
0.356691 9.51728 70
11.2258 11.275 70
-11.3097 29.7073 70
11.0946 1.04442 70
10.2306 1.05398 70
-10.7828 19.8428 70
0.977148 9.44563 70
18.5841 -0.671471 70
0.963769 8.80316 70
11.211 0.82259 70
0.868501 -0.63729 70
9.64852 -1.4507 70
-0.41988 -0.344926 70
10.8155 28.9017 70
11.4099 30.609 70
1.04604 1.01882 70
-0.465338 -8.5186 70
20.4748 9.16048 70
-59.2991 28.7403 70
28.7774 8.58129 70
-1.42986 11.3138 70
0.684746 8.52833 70
-1.05559 0.0729349 70
0.518997 8.63119 70
-20.3307 18.5006 70
20.4429 -9.52571 70
18.7189 -10.9385 70
-0.909048 -9.20925 70
0.816255 19.9926 70
-20.3336 19.6734 70
-1.47046 20.5465 70
-1.07046 9.22952 70
-10.7678 -20.1042 70
-0.951591 19.4696 70
38.9142 8.75556 70
10.4579 10.0752 70
21.4805 -10.9322 70
10.7819 10.5818 70
0.163245 -1.31062 70
0.576695 10.2105 70
10.9301 10.1495 70
-0.244765 8.91702 70
-0.774351 0.39826 70
0.648022 -1.39436 70
8.9823 -0.0644127 70
0.46413 -10.2898 70
-0.427104 10.5504 70
-10.2451 8.56847 70
9.67802 0.297808 70
-0.284801 20.5828 70
10.0241 -0.309205 70
10.523 -0.628665 70
20.5649 0.713127 70
-1.49676 21.3555 70
10.877 0.652096 70
-21.2347 21.3335 70
-9.68488 20.8441 70
-0.00561409 0.528238 70
10.852 9.28907 70
-28.9916 -70.6624 70
11.0577 -0.561138 70
-10.8561 29.3553 70
-11.4136 -11.1451 70
-40.9303 8.87819 70
-40.0073 10.6593 70
-0.309459 0.0953859 70
30.8268 80.9394 70
10.3506 -0.781172 70
10.3123 -0.30336 70
18.6527 0.987866 70
-0.772208 9.78391 70
30.9867 39.7052 70
-1.42598 -29.8892 70
0.668922 18.8908 70
-9.2341 -0.768012 70
-29.7514 0.74247 70
29.0792 20.3033 70
39.3914 89.6255 70
9.75047 8.87839 70
-0.288383 11.1648 70
0.558575 9.59063 70
-1.15757 1.40415 70
8.73148 -0.305215 70
0.878625 10.6206 70
-0.385689 1.22873 70
-0.862269 11.406 70
30.1195 -8.84814 70
-9.60869 -1.49166 70
20.3093 11.0275 70
-28.9688 -9.67872 70
0.770846 10.7505 70
11.1064 1.26377 70
0.578406 -0.69109 70
1.00273 0.743082 70
-0.585005 10.97 70
9.68342 0.619625 70
1.00642 8.57174 70
1.32706 20.5687 70
-1.33741 0.368168 70
-10.5676 -0.459041 70
28.6967 29.6891 70
-19.3007 40.4474 70
11.0539 10.0212 70
19.5522 29.5783 70
9.55063 -0.645824 70
-10.5873 -0.113611 70
0.698072 0.0415321 70
-89.1593 18.8934 70
-0.0877821 -0.923878 70
-10.3565 0.962323 70
-1.21163 10.2365 70
-10.8704 -8.92371 70
0.800136 10.2995 70
1.38587 -0.569005 70
0.193073 -1.22133 70
118.95 -30.2816 70
-0.582007 9.75688 70
9.7565 -0.941078 70
8.56649 -9.50029 70
30.4065 70.9738 70
11.1635 10.5242 70
11.4284 9.81512 70
10.5096 9.80542 70
10.789 -0.0552582 70
0.253055 1.25679 70
1.03166 9.62824 70
9.70418 -0.554754 70
-1.32933 0.859786 70
18.9469 30.0701 70
18.8356 31.0186 70
10.5796 9.62934 70
10.2297 -0.684288 70
9.056 41.2965 70
0.308764 0.579659 70
10.9672 -1.33929 70
-8.64791 0.758845 70
11.1294 10.4476 70
-11.0361 -21.2051 70
8.5943 1.36899 70
9.12948 -0.655158 70
-9.6505 1.36321 70
10.2464 0.946647 70
