-0.772253 -1.11603 70
10.9088 1.16685 70
-10.5335 0.895413 70
0.949831 1.07142 70
0.378664 -0.0164229 70
9.32401 -10.5552 70
0.0974469 -1.3307 70
1.15466 -20.3057 70
-19.4636 -10.2537 70
-88.8858 20.5838 70
1.09184 -1.14641 70
0.15678 -9.14379 70
-1.04189 -0.870275 70
1.20797 -1.16707 70
-19.6313 10.684 70
1.45334 -0.781417 70
0.877469 30.4447 70
11.1587 0.313264 70
10.0379 1.42743 70
1.09568 -9.62005 70
10.2704 1.27635 70
-1.2244 0.972863 70
0.264478 -9.2766 70
0.494913 0.893781 70
11.3187 1.13991 70
-21.089 9.15425 70
0.656776 -40.4059 70
-0.122305 -50.6149 70
-0.495223 11.3468 70
10.0583 10.8976 70
-0.0587356 -9.86651 70
21.3772 -8.51817 70
29.9499 -9.38704 70
-20.0448 -21.4902 70
30.0308 8.79948 70
20.0014 -8.77403 70
18.5028 -11.0449 70
10.4358 -21.1637 70
11.1977 0.412804 70
10.8863 0.253496 70
-30.12 8.86305 70
1.27594 10.5105 70
0.832662 -8.76525 70
1.20864 -9.71256 70
1.16393 0.5147 70
9.91722 -1.44616 70
11.1416 0.576219 70
9.50549 -18.8873 70
11.1008 -11.044 70
-29.1158 -19.5138 70
-0.912969 1.31993 70
-11.1845 -0.556707 70
18.6854 -11.4732 70
59.9923 100.913 70
-10.297 -8.89774 70
-11.3438 10.716 70
0.293657 -10.3644 70
9.5017 0.869293 70
-1.44025 9.89532 70
-0.439135 9.70337 70
50.2625 40.0831 70
-1.3048 -11.476 70
-0.17649 -20.7609 70
-10.4156 -0.831121 70
-1.13998 -1.10342 70
-19.9812 -0.212852 70
8.66158 -1.19998 70
-110.969 -30.7222 70
1.09724 0.100931 70
0.415939 -9.46582 70
9.40587 -0.138935 70
9.07384 0.217685 70
51.1633 -1.08815 70
60.9888 10.1177 70
-11.1602 -8.6842 70
1.29508 10.6599 70
1.02966 10.0955 70
9.57857 19.8821 70
9.34935 0.768079 70
-11.4879 0.866332 70
-1.22708 -0.955795 70
0.162762 -8.75678 70
9.37987 18.9342 70
1.20247 -0.644007 70
-1.36408 -49.47 70
-0.715943 0.0299228 70
-0.946503 -0.0537579 70
-69.743 -18.7518 70
-30.2041 0.522902 70
-10.4506 -18.8683 70
1.49731 -0.781796 70
19.5225 -18.8462 70
110.516 68.7959 70
0.699669 1.19535 70
9.94584 -0.919898 70
-0.376694 -19.7146 70
8.98069 -8.62862 70
9.26357 20.817 70
-0.734098 0.732799 70
11.3577 -11.2093 70
-9.77489 -0.175267 70
0.95705 19.1425 70
0.0800781 1.29897 70
-20.0138 9.06748 70
-10.8318 9.2686 70
10.6867 8.89373 70
1.13491 -10.3683 70
-8.99828 -0.979383 70
-30.1415 8.90986 70
8.96027 20.1531 70
9.10027 20.2818 70
109.403 99.7105 70
-1.44632 0.359918 70
-1.42224 1.31124 70
-0.0607004 -0.114766 70
9.26443 0.0599844 70
0.97675 -10.5173 70
0.842175 -10.8366 70
1.45002 -0.0390306 70
-0.672547 8.83526 70
-9.85545 0.815543 70
9.65396 18.9765 70
39.2965 19.2188 70
-10.7403 41.4494 70
1.03374 1.34314 70
-11.2956 -10.9071 70
-1.24447 -10.3656 70
80.0945 0.261922 70
1.14153 0.446196 70
8.89251 -11.4045 70
9.17487 -0.284664 70
-9.1798 -30.2668 70
-1.3297 -8.54111 70
10.1548 1.40154 70
9.78087 0.121694 70
9.86749 0.822615 70
21.1308 -9.49643 70
-0.359976 -0.223706 70
10.5727 -9.18824 70
-0.806051 -8.97952 70
-0.315158 0.500854 70
10.3012 -0.801461 70
28.9889 1.06229 70
0.992003 0.523602 70
-19.2747 18.8076 70
-21.4438 -9.89054 70
-20.6485 -9.63565 70
-20.1781 -1.24496 70
-10.6627 -9.99655 70
-9.47206 -0.21535 70
0.225765 9.55678 70
-1.27954 10.875 70
-1.09387 1.33284 70
-0.865321 0.509372 70
0.915285 -11.1988 70
9.13328 -10.5746 70
-70.3165 -60.5418 70
28.9063 -20.3434 70
10.9303 -10.5016 70
-0.0182992 0.934342 70
0.219189 1.06413 70
-1.36612 -0.592241 70
0.862933 -0.0711534 70
40.8343 -9.61346 70
-11.4043 -59.0025 70
9.61461 -18.7894 70
-8.73769 20.3811 70
20.449 9.80013 70
19.273 -19.7781 70
-0.338042 -10.5127 70
0.979495 0.0385591 70
-0.893603 0.604707 70
21.1387 19.5208 70
10.4246 -10.2776 70
9.01789 -10.1485 70
9.63062 -9.17068 70
10.6482 -8.99716 70
21.1394 29.7807 70
-19.6779 29.8043 70
-9.79201 -11.0289 70
-19.6284 -19.164 70
11.203 0.162673 70
1.29134 -0.233546 70
10.9861 10.9307 70
20.6189 -0.313616 70
30.1422 -1.25518 70
8.56009 -0.645613 70
8.61813 1.03926 70
9.6566 0.730082 70
20.0838 -8.90852 70
18.7295 -9.10636 70
-8.59227 8.55336 70
9.7216 9.48015 70
-0.33817 30.6834 70
-1.44159 -11.1928 70
1.48824 -1.29046 70
9.46635 -0.292648 70
8.71986 10.0161 70
1.36898 -9.65922 70
59.2743 1.39577 70
10.7942 -18.6537 70
1.18024 0.502633 70
-0.0621739 0.26809 70
11.0323 -1.29533 70
0.993011 9.55418 70
20.8381 -19.6983 70
8.71665 1.40654 70
-11.0398 0.586443 70
-0.542392 0.774517 70
0.0593771 0.978287 70
-0.885679 -19.822 70
29.9565 -0.285013 70
10.8689 19.846 70
1.48701 -11.3224 70
-0.905117 18.8965 70
49.7295 9.90253 70
8.90817 0.474661 70
8.92524 -0.66193 70
-10.6307 10.1909 70
10.3558 0.615169 70
10.5026 30.9104 70
9.29678 8.83958 70
18.5176 0.773129 70
0.0510012 1.23631 70
11.2279 -1.38631 70
-21.2881 -9.44731 70
-0.43393 -0.237441 70
-0.24057 1.29304 70
9.58707 -0.464755 70
9.83729 -1.47886 70
30.8651 -19.7219 70
-9.32719 -1.12565 70
0.163386 -0.576755 70
1.4751 1.18969 70
0.232439 -0.319005 70
1.40973 0.829738 70
0.803094 0.538346 70
0.620178 -9.98549 70
-9.70082 -9.85329 70
0.245579 -9.57905 70
-8.75819 -19.8243 70
29.9745 -10.4725 70
-30.7239 0.300246 70
19.4655 -10.2862 70
0.727433 -10.7595 70
8.94541 1.4698 70
8.62263 -11.2117 70
30.0491 0.313993 70
10.5876 10.7221 70
-9.32999 -1.23518 70
-1.24026 0.0521272 70
18.5947 -8.81173 70
-50.8142 60.759 70
1.10175 -0.331472 70
1.23962 -8.84757 70
-0.406551 -8.72184 70
-10.2428 1.16977 70
-0.786723 -1.02057 70
-38.6512 11.2037 70
11.2791 -0.537902 70
-10.1255 60.4058 70
0.439581 0.244366 70
10.0603 0.53116 70
10.0727 8.85255 70
30.0543 81.1902 70
-1.37957 9.91688 70
10.7873 -11.1479 70
-40.4026 -59.8912 70
59.8376 58.6148 70
0.0719077 1.24622 70
9.92455 10.1593 70
0.598241 -0.49425 70
-38.8718 30.9281 70
-0.466716 0.189645 70
1.12726 8.65968 70
-1.46258 -11.3723 70
19.7649 10.5923 70
-8.71539 -19.7908 70
-60.3141 -69.0007 70
8.87286 0.728693 70
8.79903 -11.4404 70
-1.04637 -10.383 70
10.3361 -0.613142 70
0.638016 -1.38026 70
9.3024 0.369616 70
18.8724 10.1018 70
9.78003 -10.5752 70
-0.933578 -9.69398 70
8.92124 -19.7083 70
-8.91854 -8.9501 70
19.5842 -8.60755 70
-1.44566 -11.2605 70
30.4672 -9.59921 70
-21.4657 21.3817 70
9.51889 1.23943 70
0.437452 -0.0889255 70
41.1612 8.88924 70
-8.54521 -9.82363 70
-1.09881 19.8175 70
10.9116 -9.69153 70
10.4077 -11.1874 70
-0.572457 0.87488 70
10.5554 9.96551 70
10.3955 -0.232589 70
-1.09986 1.41177 70
11.4795 11.374 70
-29.9968 0.692556 70
-0.797747 -1.17709 70
1.02907 -1.04772 70
-0.501135 -1.16843 70
10.7131 -9.54142 70
10.8656 -9.69306 70
0.880752 -9.10082 70
-0.637711 -9.54289 70
39.2597 1.35868 70
11.4459 -1.17948 70
29.3873 -28.9048 70
10.2377 -110.118 70
-1.27107 -1.15568 70
48.9843 -1.43281 70
58.6103 -49.1891 70
8.75558 -8.95091 70
-11.3408 0.21511 70
10.6201 8.83515 70
11.1739 -20.1831 70
-0.496347 11.3907 70
10.5785 -1.08516 70
11.3904 0.478974 70
0.147114 0.515347 70
-0.208054 -9.32786 70
48.8115 -0.995945 70
0.178886 -8.74032 70
10.3057 -0.98085 70
-29.6754 -19.0907 70
-19.5753 -8.74649 70
-19.9496 -11.0806 70
40.6882 -1.38493 70
10.3861 -19.402 70
9.14075 -1.20033 70
9.30595 10.6916 70
0.853377 1.17272 70
10.4495 11.3481 70
39.8228 -0.862657 70
-20.507 -8.93441 70
0.396357 -1.28689 70
9.52451 -9.07929 70
-11.2403 -20.7522 70
0.61166 -10.869 70
1.29747 -10.5968 70
9.72031 0.735041 70
-20.1701 -1.06081 70
-10.8433 20.4835 70
-30.7259 -59.3125 70
-1.28531 -11.041 70
9.17791 -1.40406 70
11.4947 1.48516 70
-0.848056 0.985624 70
20.6354 -0.0411062 70
50.0905 -29.2765 70
-19.2877 -19.0767 70
8.55772 10.1836 70
10.4636 0.754387 70
-18.9411 8.52601 70
1.24048 -1.0641 70
10.8883 21.2702 70
1.47466 0.230295 70
0.411337 -0.404641 70
-10.5108 -10.424 70
11.4957 -10.4827 70
10.4022 -9.9908 70
-0.927514 9.27126 70
-10.5656 -31.1471 70
-10.0313 -1.31802 70
8.90219 0.484668 70
-0.414356 30.1418 70
0.901298 -11.0446 70
0.676489 1.45779 70
10.7701 31.4036 70
19.1887 0.2857 70
0.88599 -31.1934 70
1.19088 -0.644359 70
8.52258 0.834072 70
70.9072 -18.7206 70
-0.360498 1.36412 70
48.5337 1.10928 70
-20.8696 29.9827 70
-9.0196 -19.3727 70
-10.9519 -9.35378 70
-0.5256 0.222924 70
9.34507 0.483198 70
11.1886 0.173109 70
11.3954 9.56236 70
-0.997649 21.0827 70
1.21649 -29.237 70
10.5099 0.204903 70
8.88587 1.40193 70
9.13073 -0.44237 70
1.26337 9.25559 70
-8.7835 0.125923 70
-11.2961 21.1857 70
-1.46943 -20.6059 70
41.3697 31.3011 70
1.41812 0.966879 70
29.5436 -60.039 70
9.6281 -1.41949 70
0.034753 -11.0848 70
0.0906067 -9.03615 70
10.5587 10.0191 70
9.92898 0.0294198 70
0.154597 19.6914 70
9.72799 -0.411475 70
11.2947 8.52045 70
28.6509 19.8305 70
0.20809 30.8822 70
-21.0864 10.5053 70
0.649943 -9.03878 70
9.88303 0.851603 70
8.6724 -9.71555 70
8.9395 -9.27599 70
-1.28074 -0.129464 70
1.04545 -1.47074 70
49.6464 20.4099 70
0.838064 -0.25115 70
10.688 -10.4178 70
-9.07756 -9.91881 70
19.4658 -9.89416 70
-10.3907 -9.86999 70
-1.09924 -10.6889 70
30.9181 50.8077 70
10.4466 -0.20704 70
-0.214913 -0.143373 70
-1.01112 -0.702963 70
19.4672 -10.1259 70
9.33894 0.630859 70
-9.57106 51.4804 70
0.220041 -21.0943 70
0.524319 0.791373 70
-0.283341 -0.110887 70
20.0972 10.0035 70
1.35882 0.369278 70
0.834755 0.829046 70
1.1411 0.390533 70
0.248769 1.42053 70
11.2186 8.91898 70
11.0324 -8.87261 70
9.45751 -1.09205 70
9.3242 -0.416087 70
0.557643 0.404753 70
-11.4551 -10.3729 70
0.645471 -0.965723 70
8.50688 -31.2577 70
9.7638 -1.39868 70
-0.73837 -0.959315 70
10.595 -1.19793 70
11.3203 -1.21853 70
-1.26947 0.159702 70
9.82492 -0.32021 70
20.1232 -10.1425 70
11.1902 1.24261 70
-8.71635 0.672199 70
-0.908242 -0.673462 70
-11.0875 1.10839 70
-10.6136 -0.404782 70
0.612492 -9.07615 70
9.49779 8.92677 70
-0.804379 20.8266 70
-0.924891 18.6305 70
-0.543154 0.333581 70
10.0805 0.405941 70
-0.131019 -0.313936 70
1.47788 0.270518 70
8.73412 -19.8557 70
-1.19539 -11.0455 70
18.9612 -9.35415 70
20.1063 -11.3573 70
8.92091 -0.181188 70
8.91963 19.5807 70
1.32342 9.14732 70
-30.6148 8.89941 70
10.9975 1.26881 70
1.33183 -8.62721 70
-11.1612 -0.726632 70
11.2852 -30.475 70
-0.606722 1.26043 70
-0.242069 10.116 70
0.496543 -1.46649 70
0.418037 0.658212 70
-0.547106 -9.88869 70
-20.7551 -18.6062 70
-0.156177 48.6586 70
8.77938 -0.986381 70
10.4021 0.659599 70
0.117892 1.1752 70
-1.07271 1.46749 70
-9.25784 -10.5206 70
0.489991 -0.230307 70
9.56218 -10.1309 70
0.590734 -1.11219 70
0.807926 1.09657 70
-0.102112 -0.243137 70
10.3542 -0.766444 70
-0.384259 11.045 70
29.816 8.78435 70
30.5509 20.3966 70
9.27984 -8.6447 70
-10.0847 -20.827 70
-8.77844 -10.4775 70
19.7457 -0.103795 70
8.58323 20.4731 70
-9.5484 -21.0893 70
-1.16894 0.320737 70
1.20498 0.22428 70
11.359 -0.526742 70
0.891473 -0.721927 70
11.2585 9.54286 70
11.049 -21.4274 70
8.66084 -39.3016 70
-0.101324 -0.774027 70
10.2026 0.875878 70
10.002 -10.4367 70
-1.11648 1.10203 70
9.4362 -0.36473 70
9.73782 0.0957932 70
9.78567 1.47114 70
-1.32351 10.2258 70
-1.45801 -19.962 70
28.5713 19.9972 70
10.8732 -1.41381 70
0.799834 1.09225 70
-0.0413652 0.167615 70
-20.2625 -18.5333 70
19.1488 -51.2195 70
58.7178 -0.51294 70
0.400565 -1.36811 70
9.43451 -1.08487 70
8.62548 1.29486 70
-8.69586 -0.578171 70
10.4058 1.14158 70
9.93528 -1.38696 70
1.13481 -10.8522 70
9.26656 1.39231 70
11.2781 -0.309857 70
9.35243 -0.562017 70
10.5475 0.509669 70
-10.3241 -8.70775 70
38.7558 -11.2859 70
91.0621 -31.0392 70
9.31672 11.2763 70
9.55953 19.794 70
11.3346 50.2221 70
-1.43764 -8.64514 70
-70.899 18.7896 70
-0.223907 1.43613 70
69.4881 -30.5313 70
-0.754856 -19.1292 70
-0.676375 -20.5185 70
10.5292 1.29851 70
30.9732 -100.197 70
19.6166 69.0263 70
9.61164 9.03522 70
0.382297 0.323921 70
8.64756 -0.756863 70
1.30422 -0.234914 70
19.522 -30.2735 70
-10.9096 -10.9438 70
-0.210155 0.890983 70
0.199383 0.679846 70
0.683405 0.30194 70
-10.6829 -1.04194 70
11.1837 0.186219 70
8.72042 -0.0556477 70
0.76098 -1.44651 70
0.169307 11.0375 70
-20.3697 1.10679 70
20.222 9.35327 70
29.5388 18.5099 70
-0.166247 1.35846 70
9.06199 -19.6051 70
10.5096 0.503878 70
-9.57923 1.03134 70
-11.4973 0.249553 70
8.81651 -10.6882 70
-10.1278 -8.63069 70
9.78597 -20.2517 70
-39.955 28.6328 70
-9.74144 9.02336 70
0.379581 0.895883 70
18.705 -11.4977 70
1.32747 1.2651 70
8.6933 1.434 70
-8.87414 -10.5609 70
11.0755 -0.0244046 70
-1.34912 -18.9401 70
9.88658 10.2313 70
38.7892 39.0815 70
0.134688 0.612708 70
0.0514508 -0.589662 70
-0.699768 -0.623825 70
0.0671619 -0.726176 70
1.36398 10.8105 70
8.78522 19.5665 70
10.8491 19.7487 70
1.46506 -9.13926 70
-1.25087 -0.486079 70
-0.877367 -29.0097 70
-0.0753471 0.869205 70
-1.29305 0.430436 70
0.401684 0.233505 70
41.3118 -19.9325 70
8.89877 -1.10714 70
8.70397 -0.735575 70
0.161737 0.680899 70
-1.08534 -0.00429596 70
80.646 -20.4062 70
11.3132 11.3456 70
1.20171 0.438326 70
51.1813 -38.8736 70
0.135624 0.875729 70
-0.374956 9.93004 70
9.07001 -0.65733 70
-1.49432 0.554795 70
9.51366 11.1927 70
9.57011 -11.1073 70
39.3622 -18.5882 70
0.797565 -0.362382 70
19.0619 1.28685 70
-1.26472 8.62166 70
-0.675575 -1.04938 70
-0.410365 1.42588 70
11.1559 -10.2017 70
0.462374 -19.2742 70
11.1506 0.0618244 70
-8.70701 11.32 70
-8.84524 -1.24452 70
-0.268268 -0.973109 70
0.9938 1.22112 70
-0.857507 -1.17896 70
-1.33185 1.35145 70
10.6763 -1.1663 70
-9.63981 -20.2824 70
-1.48917 9.09147 70
-8.82006 -1.23149 70
9.2932 -61.1014 70
-0.826103 -0.569327 70
10.6587 -0.402061 70
11.2488 10.1954 70
-0.762092 0.742059 70
19.6205 -0.114227 70
-9.02506 -10.7444 70
-0.326691 -9.35038 70
1.19648 -0.192767 70
11.078 -1.48795 70
9.51161 -0.422085 70
11.4022 59.459 70
50.7742 20.2115 70
48.7552 20.9995 70
1.21135 1.01656 70
11.0176 29.6981 70
59.2454 9.9601 70
-0.537063 0.865247 70
10.6745 -8.84544 70
10.4021 -0.15016 70
11.0708 18.6556 70
10.6101 21.3232 70
-9.58792 39.2214 70
10.4064 -10.4385 70
8.65835 11.4492 70
10.9208 -9.27501 70
-8.51535 -10.7038 70
8.87305 61.171 70
-10.5961 21.4043 70
10.2505 -9.04951 70
11.4307 8.83505 70
1.47105 10.1343 70
0.513056 -9.1259 70
-28.8113 20.9488 70
-11.3073 40.2921 70
0.901289 -8.74963 70
10.0882 1.26863 70
-10.3494 -0.195588 70
0.852455 -9.92861 70
8.64877 1.44708 70
18.6021 0.882693 70
10.1208 0.98341 70
0.878743 -0.539612 70
10.874 -18.5985 70
10.6211 -0.0697328 70
9.05179 0.869333 70
30.1568 -10.2135 70
28.5492 -9.1223 70
-0.835872 10.064 70
-0.166826 -1.45141 70
-0.648867 0.707883 70
0.921199 0.936662 70
10.2996 0.937456 70
10.0219 -0.158789 70
-0.533053 0.270067 70
18.5486 -20.7031 70
1.13658 -40.0021 70
-30.3985 38.7803 70
-10.835 -9.49948 70
10.4097 -0.826182 70
10.712 -18.5856 70
8.95182 21.1681 70
11.4246 1.349 70
0.877024 -0.581938 70
11.0606 0.433642 70
8.52277 0.92483 70
-0.477945 -40.6094 70
18.7461 -10.3058 70
-19.7396 1.36428 70
-1.40358 -0.716399 70
0.626437 -10.6337 70
-1.06724 -8.62036 70
-10.5754 -0.501452 70
1.28085 1.31924 70
-0.748184 0.7637 70
0.0315397 0.326673 70
10.4829 -10.4952 70
11.1136 10.57 70
8.55509 1.07976 70
0.999918 -21.1434 70
0.00309009 -11.1096 70
0.723383 11.0012 70
11.1215 0.35464 70
60.3655 -60.5682 70
1.27518 0.696617 70
0.438419 -8.66672 70
19.2896 -41.1434 70
-0.379705 -0.547668 70
0.279564 -9.89222 70
1.15284 0.860427 70
-1.09974 0.9738 70
0.372447 19.4534 70
19.5379 -8.7115 70
-9.72636 9.08628 70
9.86372 -11.1545 70
-0.802427 -9.11107 70
1.23836 -29.8161 70
-8.91105 21.392 70
-0.460494 -0.951003 70
10.4017 -31.0017 70
21.0027 -39.8913 70
