101.464 58.9244 70
-0.389862 9.16243 70
9.58461 0.281871 70
-19.1428 1.34466 70
-10.7123 10.3888 70
0.400043 -30.9723 70
10.6637 -10.7297 70
0.494815 -9.25619 70
-1.14568 0.0403738 70
-9.21492 -9.12671 70
-10.7128 -0.293004 70
-11.1778 -8.83928 70
-10.6435 -10.1218 70
1.0464 -0.0132735 70
-9.73017 -30.0077 70
1.45405 0.0145307 70
-8.51014 -9.41294 70
-21.4892 0.70259 70
0.998649 0.59831 70
-21.3654 -10.029 70
-9.88889 -20.4224 70
9.67034 21.1836 70
-110.162 -9.97072 70
0.552234 1.09631 70
-11.4987 0.580193 70
-0.705921 -0.633927 70
-40.2189 0.148265 70
-19.7222 -0.904609 70
0.751584 -0.526698 70
-9.26002 -0.504138 70
9.60365 10.7116 70
-9.37303 -10.2412 70
-10.5546 -10.6105 70
-10.0692 -0.798051 70
-9.48656 1.26794 70
9.51409 -98.7096 70
11.0948 -9.77365 70
-10.4275 0.99335 70
-0.594196 8.69302 70
-10.6903 -11.2184 70
-9.7516 1.07981 70
0.4487 0.0705579 70
8.73069 10.2807 70
0.0758113 -1.44976 70
-0.903696 -1.24329 70
1.20781 0.691075 70
-0.202015 -10.8986 70
-10.8384 -20.0778 70
10.295 -18.7623 70
-10.5783 0.346614 70
-30.1436 10.025 70
-10.1968 -10.7715 70
-10.4017 -10.1516 70
1.45609 0.260519 70
0.952927 0.333176 70
0.998805 -1.29996 70
-11.3006 10.5568 70
-10.6949 -10.3581 70
10.563 -18.8301 70
-0.175193 -9.57293 70
-0.764074 -0.895193 70
0.76321 -10.7511 70
1.47721 -11.2498 70
1.3906 -10.4442 70
-18.9379 -0.04547 70
0.224314 0.713126 70
-0.20859 49.2297 70
10.3766 -20.3983 70
38.7995 -0.553124 70
28.5474 -31.4121 70
-29.7031 -10.5807 70
11.0549 -60.9602 70
-29.3388 0.00994249 70
10.7766 -9.1756 70
-0.0960927 -9.88361 70
20.9312 9.0309 70
1.04096 -9.24462 70
19.7318 -48.838 70
-0.038676 -11.2663 70
1.21761 1.43194 70
-18.9769 0.787359 70
-0.551991 0.441389 70
-9.58993 -9.10913 70
11.2806 -1.06692 70
-0.527088 -1.24068 70
0.0905957 -29.5512 70
-29.9175 9.51153 70
-10.9887 -10.244 70
-0.36276 -19.4558 70
-8.73529 -10.9651 70
-11.1552 -9.11591 70
-20.5135 -0.778799 70
-1.30701 -10.5741 70
0.948437 -0.262665 70
-11.0196 9.54089 70
-10.7849 9.59364 70
-10.1392 11.3268 70
-21.2612 -1.02203 70
-20.3315 -10.9524 70
8.67404 0.635793 70
0.604768 0.439264 70
0.843752 -0.184567 70
-11.3391 9.38707 70
0.506974 0.670976 70
-11.1302 -19.9848 70
-0.268804 0.625961 70
-8.51192 1.31617 70
8.53908 1.22488 70
0.846426 -1.22374 70
-9.70711 0.688883 70
-1.44775 -19.12 70
30.9014 -28.9101 70
-0.287641 -10.7049 70
9.40774 29.1187 70
-89.0657 18.9148 70
-9.31466 -10.8998 70
-20.3293 -0.71087 70
-0.388723 -0.275323 70
-1.4771 0.393066 70
1.27983 -10.0439 70
-8.65489 -9.27291 70
0.770143 -9.91087 70
-10.8162 -1.12743 70
-8.74895 -0.18792 70
-11.0638 -10.1194 70
-0.2761 -20.3236 70
-11.2842 -0.408897 70
-20.9024 8.71292 70
31.1941 10.2668 70
61.1398 -41.3752 70
-11.0556 -10.925 70
11.447 9.91302 70
9.98872 8.93414 70
-20.8594 -1.12298 70
0.450802 -9.82626 70
29.8182 -21.1184 70
50.2335 39.3976 70
51.413 40.9855 70
0.520064 -10.8488 70
1.39941 10.6196 70
-0.465878 -0.139104 70
-1.29821 -11.1556 70
-9.41884 0.271047 70
-10.3293 -0.150767 70
8.91986 51.274 70
9.1977 50.0395 70
-9.93103 -9.06345 70
8.80451 -8.64154 70
-11.1372 9.8472 70
-0.309785 0.994772 70
-0.123387 -9.09281 70
-0.162441 -9.16449 70
-20.7175 -30.3172 70
-20.1187 21.0185 70
-10.429 1.177 70
-21.4797 11.428 70
10.2707 -9.75123 70
59.92 28.692 70
-11.4422 -8.9169 70
-0.334272 -1.33326 70
1.25883 0.253917 70
-10.1741 1.15499 70
-9.38175 -1.20374 70
1.40527 1.4149 70
-8.89661 -1.01121 70
0.905819 0.324672 70
1.40104 -31.3668 70
-9.45551 -0.83964 70
-10.8833 9.12835 70
-1.36411 1.03351 70
-11.1107 0.317462 70
-19.4808 -9.27145 70
-11.1052 -10.0375 70
-19.1606 -10.08 70
-10.7131 -8.52276 70
1.22912 -0.646378 70
21.26 29.9598 70
0.284536 1.39421 70
-9.26733 -10.8802 70
-8.57809 -1.36182 70
-9.17671 0.429447 70
-8.77032 -1.27945 70
0.511866 -0.454196 70
1.19044 10.1229 70
-1.38634 -1.15005 70
1.21118 -11.0562 70
1.29148 -31.3183 70
-10.4907 -0.869308 70
1.10399 1.37193 70
-19.6502 -20.291 70
-11.1609 -0.824127 70
0.605557 -30.6865 70
-11.3932 -38.807 70
-8.81604 -20.1787 70
-41.3023 -21.2609 70
-19.8914 -10.3825 70
-11.0518 -18.6194 70
-9.7077 0.154512 70
10.2525 9.78596 70
-8.51008 0.746636 70
-1.3217 9.36635 70
-10.4953 -9.82109 70
1.11495 -1.01668 70
-0.941132 8.959 70
1.13966 -0.963895 70
0.404179 -0.811824 70
-0.180523 -20.8802 70
-20.6393 0.295385 70
-0.971119 -10.797 70
-1.38567 0.415142 70
-8.64897 -9.15249 70
-10.7258 -11.2716 70
-30.2799 10.5351 70
0.520633 -0.116488 70
-19.1913 -9.88423 70
19.4431 -29.5099 70
-0.143825 -20.004 70
-0.71709 -1.00766 70
10.2071 -1.21015 70
-0.149696 8.71781 70
1.32413 0.411551 70
20.3573 1.21715 70
-0.942238 -1.3197 70
21.4546 30.6233 70
-10.1718 -10.4055 70
1.34691 9.58556 70
0.175199 9.78041 70
0.0231741 11.2953 70
10.3496 -10.1841 70
11.4071 -9.5014 70
-0.814917 -9.46405 70
1.23205 -9.24707 70
10.1912 0.214485 70
-21.2761 9.84191 70
0.234788 -10.3659 70
-1.22389 9.13124 70
-9.32171 -8.80768 70
-11.2047 -8.55399 70
0.205636 -10.6127 70
-0.153423 -8.84962 70
-21.1743 -9.63394 70
11.2583 0.944633 70
-11.185 -0.90674 70
-28.5327 -9.31328 70
-0.791171 0.899372 70
-0.185085 19.9943 70
-0.355256 9.64953 70
-10.8794 -19.5137 70
0.906672 -20.6983 70
-31.3587 -29.8284 70
-19.8689 0.993959 70
-8.8222 -11.2724 70
19.9407 -40.5183 70
-8.91135 10.603 70
-9.88074 0.857012 70
-9.26247 -9.63226 70
-0.977418 -8.9213 70
11.0746 0.949745 70
-8.87252 -10.6233 70
8.85836 9.33723 70
1.14121 -9.77278 70
0.0127933 0.297616 70
18.7567 28.5785 70
-1.2889 0.529474 70
-0.503952 9.25766 70
9.55937 69.7054 70
1.42117 -1.21531 70
10.5849 0.027722 70
11.4351 9.02212 70
29.9122 -29.9058 70
1.00139 -9.71833 70
0.499401 -9.79316 70
-8.66969 -1.00615 70
-0.423712 -0.94499 70
-0.940251 -0.941502 70
-9.56279 0.654534 70
-28.5188 -9.7075 70
-0.597796 -11.255 70
1.22772 19.4923 70
-0.720398 0.139605 70
0.974748 -10.584 70
-0.0974563 -8.99243 70
0.198906 -0.636728 70
109.585 90.9084 70
0.658578 29.734 70
1.30906 0.587769 70
1.34251 -11.1564 70
-20.8488 21.3343 70
8.90812 -0.313621 70
-39.4608 19.0911 70
-41.1898 21.0964 70
-9.76157 9.40897 70
-10.9583 11.1692 70
-20.9828 -18.6054 70
-11.2763 -0.622723 70
-0.488015 0.567023 70
-9.73562 -9.61844 70
-9.74855 -8.70184 70
8.60608 30.0298 70
-30.8194 0.852618 70
1.41935 -9.92443 70
-10.2692 10.4074 70
-19.9454 10.7799 70
-8.91959 10.3018 70
-29.0694 18.8275 70
-10.4593 1.26201 70
1.17406 0.329124 70
0.938424 -8.66221 70
9.36147 -21.4059 70
-10.089 0.969525 70
-20.1529 -9.5723 70
-20.3268 -8.86547 70
1.05897 -1.00041 70
-48.766 61.2412 70
-9.24904 -21.4417 70
-9.36498 -1.16973 70
-38.8726 -9.70381 70
-20.706 -8.54272 70
9.26861 -10.2344 70
19.1549 -8.71839 70
-0.80249 -9.8212 70
-10.0542 0.837866 70
0.856986 0.426346 70
-10.3593 -41.4082 70
-8.72469 -9.47429 70
1.47466 -11.0808 70
-1.0633 -10.9281 70
1.06816 30.3936 70
-11.4228 -21.3524 70
-0.328658 -9.07377 70
0.574772 -9.13172 70
28.7608 -49.9421 70
0.498889 1.47119 70
1.14811 0.626241 70
1.24063 -1.47811 70
-9.55334 -10.1258 70
-11.2914 1.03744 70
-8.94985 -1.33227 70
1.16348 -1.02423 70
-1.07337 8.58332 70
-11.1117 -9.32524 70
0.240861 11.1703 70
1.11103 8.53345 70
18.9307 -1.34931 70
20.0334 -20.631 70
1.31134 -10.198 70
-10.8614 -9.41421 70
-0.489878 -8.5334 70
-10.4445 -11.399 70
0.182595 8.72736 70
1.01414 -8.51345 70
9.81401 8.91987 70
-0.447721 0.96851 70
9.95948 -0.183789 70
-21.3206 9.48818 70
-9.981 -1.35002 70
-29.2934 -0.111857 70
1.2829 -8.55369 70
-0.539131 0.0466907 70
-19.1366 -0.890709 70
-10.3441 1.23647 70
-9.54846 0.0703211 70
-8.87068 0.924473 70
1.06747 0.459612 70
78.7806 59.9856 70
10.4983 0.144986 70
11.415 -0.241229 70
-20.8937 -19.3772 70
1.47922 9.71085 70
-8.52321 -10.1446 70
-18.5129 11.418 70
-29.1926 28.9177 70
-31.0921 -1.04206 70
-9.57183 -21.0718 70
-1.36384 -9.99749 70
19.9979 0.336172 70
-0.355008 -11.1937 70
68.9856 10.1566 70
-10.7911 -8.92862 70
-38.8824 -59.5102 70
-10.5307 -9.13204 70
0.0835868 0.288149 70
1.25261 -0.208121 70
-0.924663 -10.1579 70
0.0809867 -28.9244 70
0.364538 -9.22869 70
-20.0055 -0.712606 70
1.04949 -0.0849835 70
9.73775 21.0435 70
10.831 9.68494 70
-9.69115 -9.48817 70
-10.3459 0.00739022 70
-11.1082 -10.2978 70
-30.769 -20.0843 70
-10.2421 -0.956675 70
0.672804 -10.9832 70
-39.0643 29.8914 70
-10.0675 0.232638 70
60.9505 -9.8477 70
-70.1771 -10.002 70
9.40644 -30.6679 70
-1.02585 -0.975145 70
0.726846 -0.992422 70
0.0113983 -9.88568 70
39.0277 10.0416 70
1.33161 1.47333 70
-10.2545 10.5631 70
-8.84114 -11.2854 70
10.788 -19.5962 70
0.975321 -10.7735 70
-1.27878 -1.01996 70
-0.19761 -81.1846 70
-9.44047 10.9725 70
-0.330787 0.0955565 70
-101.161 18.6502 70
-0.318565 -11.3719 70
-11.0704 -8.66155 70
-10.2891 -9.80865 70
-10.7234 -9.95689 70
-0.716472 -9.76866 70
20.4342 10.9862 70
31.1872 -19.3916 70
-10.3298 0.342775 70
-10.0041 -50.9528 70
-20.5303 -18.6442 70
-0.885932 -0.566806 70
-9.70273 -0.777006 70
28.7665 -28.7649 70
-20.8916 -10.772 70
-10.3653 1.20594 70
-10.7461 1.42074 70
-21.2837 -11.0624 70
0.978361 -11.4726 70
-20.1973 -9.646 70
-10.8398 10.7297 70
-0.441802 -8.61687 70
-10.0968 0.851427 70
-10.0197 -1.34722 70
0.409464 -11.201 70
10.411 -9.22501 70
-0.708566 -9.47401 70
-10.6157 1.35873 70
9.99254 0.483842 70
-21.1462 1.44436 70
1.36171 1.03472 70
0.548203 -0.715099 70
-40.335 11.2974 70
1.28534 -8.89967 70
-8.80083 -0.248701 70
-30.2096 -28.7763 70
-20.3872 -1.22099 70
-8.87387 -8.63519 70
11.1743 -21.2749 70
-9.83518 -10.6039 70
-20.6983 10.1073 70
1.42223 -8.64429 70
11.4916 -9.16788 70
-18.9999 19.9586 70
9.2359 -0.697829 70
0.60285 -10.3704 70
-60.7604 39.132 70
-21.0186 -31.4705 70
1.03285 -10.0668 70
68.5092 -10.5469 70
-70.493 -29.1099 70
-9.00759 -8.7038 70
-0.246214 -9.4544 70
-9.06548 9.3905 70
-11.4211 -18.5347 70
-10.9519 1.32747 70
-109.573 38.8467 70
-9.17448 -0.930537 70
41.4558 -40.8317 70
-0.854289 20.3711 70
-0.143665 20.979 70
-0.377015 0.0367955 70
49.6961 -9.53878 70
0.703094 -9.30668 70
9.85675 0.774252 70
-30.01 -9.9375 70
0.978798 1.19117 70
-1.44318 0.533751 70
-48.9899 -0.0372497 70
8.85185 70.7049 70
-59.7957 -19.3516 70
8.501 1.26161 70
-10.8895 0.393505 70
-1.36298 -0.282144 70
-1.17728 1.47096 70
1.23025 0.254111 70
-19.3657 -8.91989 70
18.9883 -21.1503 70
1.1598 -9.78871 70
-9.708 9.75799 70
9.0711 18.6682 70
-21.3687 9.99366 70
-9.97403 -9.88965 70
1.45719 1.10336 70
-0.622925 -10.8023 70
-8.66058 -0.034953 70
0.984694 1.25952 70
-19.1551 -0.503148 70
9.64031 -9.07259 70
-39.5891 -0.650335 70
1.4468 -9.3382 70
-29.141 10.3355 70
-30.4736 11.2776 70
-19.9205 -20.6453 70
-0.0123292 -9.89042 70
0.76938 -8.71957 70
20.7817 -59.5223 70
-11.345 9.17713 70
-10.7748 -1.35226 70
11.2145 -0.936461 70
1.3654 0.884234 70
0.848625 -18.8903 70
-11.2524 39.874 70
-11.1163 -0.331524 70
-9.34256 -8.55153 70
-20.2777 10.4588 70
-0.794019 0.438597 70
-8.86355 -18.7415 70
-9.95819 0.89792 70
-39.7429 -20.4288 70
-9.91167 -9.60341 70
-0.913189 -0.725099 70
0.83554 0.633938 70
-8.64773 19.8113 70
-9.16405 0.768915 70
-10.3103 0.399485 70
-0.186869 -1.40714 70
1.41377 0.895891 70
10.6061 8.6863 70
-11.1255 0.448819 70
-10.302 -0.15542 70
-10.556 -9.98198 70
11.2244 9.6127 70
-9.17692 -11.3161 70
-10.8686 -9.85104 70
0.980038 -0.266337 70
0.880439 1.16644 70
-19.9445 0.719583 70
-18.7554 0.372562 70
-8.91573 1.11437 70
-8.98369 -8.60819 70
-11.3019 -20.047 70
-1.12568 -1.02311 70
9.88459 -11.033 70
-1.16645 -11.2096 70
0.56709 -9.71366 70
0.463871 -9.64827 70
-0.504464 -1.11844 70
0.308365 1.46565 70
1.49772 -8.58613 70
0.548216 10.823 70
-0.967563 -20.7593 70
19.2582 -30.4198 70
0.843761 0.2916 70
-9.00637 0.768619 70
-9.96148 1.37441 70
-9.87117 20.5422 70
-10.7696 -41.1077 70
-1.05565 -9.90596 70
10.2372 9.98683 70
-0.945732 -9.72426 70
-38.6876 -11.3024 70
1.32722 -0.280167 70
-9.45504 -9.47951 70
-9.81905 -10.7215 70
0.475563 1.32073 70
-19.1399 10.0679 70
1.22968 -8.98745 70
-21.4231 -10.9308 70
-11.3802 0.727323 70
-8.57955 0.149849 70
-0.322996 0.0411496 70
0.820912 0.604345 70
-9.86058 1.41316 70
0.944803 -1.38795 70
-41.4845 -10.7514 70
-8.71233 0.0700068 70
0.755966 -58.8603 70
1.02581 -10.6873 70
-9.44137 1.25818 70
-10.9078 1.1246 70
-1.03547 0.514381 70
-21.376 -0.707894 70
-8.56931 -1.48422 70
-11.1097 11.1083 70
0.651312 1.35191 70
20.0469 -1.21222 70
1.37035 -10.9121 70
0.759183 -0.254875 70
-9.03913 11.0863 70
-0.807026 0.300645 70
-8.72003 -9.3107 70
-0.487051 -10.6553 70
-10.0246 -0.906931 70
-9.9292 0.189092 70
-9.95983 -9.99838 70
-8.61275 -9.98567 70
-9.4614 -9.51502 70
1.33781 -10.6234 70
0.105733 -9.04361 70
10.7499 1.0399 70
-11.3673 -0.304601 70
-20.5284 -11.4363 70
-9.52064 0.14572 70
0.76421 1.32427 70
-0.73758 -10.3929 70
19.1333 -40.1385 70
-8.53539 10.2056 70
-10.7056 -8.63525 70
0.292131 -0.169333 70
-1.08553 -10.157 70
1.20241 -11.1746 70
-10.1414 -9.68735 70
-71.0268 -29.3486 70
-1.37763 9.52187 70
9.50924 -60.3896 70
0.725921 0.14132 70
-8.74343 -0.972186 70
-20.1526 19.303 70
8.69634 -70.4722 70
9.35481 -69.0615 70
-0.908789 -1.40402 70
-0.625193 -11.1469 70
-8.77891 0.368555 70
-59.0548 8.73509 70
-10.8839 -1.30405 70
-10.8953 -0.509028 70
-0.458957 10.773 70
-0.441176 0.776383 70
-9.96888 -9.27568 70
-9.23438 18.5412 70
-9.37657 -10.5905 70
111.227 -10.4674 70
-9.71781 -0.820629 70
-10.981 0.881689 70
-11.0494 -9.03536 70
-39.8421 -9.66152 70
-9.43772 1.38538 70
29.4267 0.246335 70
31.415 1.42301 70
-0.55734 20.4083 70
0.381989 1.33149 70
-0.938637 -9.1893 70
-0.210159 1.33265 70
-20.446 1.45054 70
-9.47549 1.34925 70
20.4802 -9.96507 70
-29.6368 -20.9118 70
0.993843 0.556932 70
-9.69042 -11.4772 70
-11.1878 -30.0615 70
-28.9939 10.5152 70
-28.8358 20.0582 70
-0.612876 -9.1111 70
-10.2303 -0.961185 70
-0.571354 -0.535132 70
-0.0096939 1.30946 70
-9.64848 -10.68 70
9.71917 1.26253 70
0.758104 -0.707184 70
-10.2887 -1.22879 70
-0.176597 19.6691 70
-0.184267 -1.33224 70
19.2378 -41.2796 70
-0.985638 1.1493 70
-0.775673 -0.326805 70
-49.6351 9.25463 70
-10.3651 -19.4871 70
28.966 20.7296 70
-11.1798 8.76823 70
8.93804 -8.91975 70
10.9561 9.98623 70
-0.89878 -1.47575 70
0.380367 -8.63202 70
29.031 9.32475 70
-10.5954 -10.7654 70
-0.0663516 -9.16699 70
-0.613569 -11.3389 70
-20.0646 49.4126 70
9.56347 -10.4314 70
-11.1287 -30.8839 70
-11.155 -0.120861 70
9.93564 20.7477 70
-10.153 -20.4857 70
-1.25384 -1.30164 70
-28.5761 0.976645 70
-1.49305 -0.374902 70
0.247924 -0.244324 70
0.0187888 -11.0375 70
-10.5634 -8.92082 70
-0.0796686 -1.45706 70
9.60369 0.858696 70
-9.3075 -19.9685 70
-11.3237 -0.417909 70
-11.3965 -0.703148 70
-9.36791 -0.218404 70
-9.57289 -0.483155 70
-0.691239 1.27359 70
-9.67525 9.09976 70
-9.99389 -10.8046 70
0.281884 -10.9308 70
