0.767105 8.63681 70
9.27138 -0.793562 70
-9.7149 0.427406 70
18.8469 30.6213 70
0.284938 1.46681 70
-0.407511 -0.977653 70
0.506294 0.240336 70
1.05799 -10.6198 70
11.129 19.5547 70
0.994156 -0.709514 70
0.715117 -0.68793 70
-0.847252 0.0375159 70
10.7223 10.5755 70
11.4234 11.3566 70
8.61235 9.9175 70
8.75773 19.6993 70
-8.7338 -20.5806 70
0.427807 -0.131436 70
-11.2766 0.827148 70
19.1365 30.3935 70
1.493 -31.1149 70
-0.0467906 9.01603 70
-1.0504 -1.14909 70
1.40835 -10.9253 70
1.19041 -0.485942 70
1.34574 9.20723 70
0.482789 -19.2536 70
9.70455 -0.867479 70
-0.313203 0.823899 70
0.0289129 -10.5032 70
0.905847 -10.8145 70
-0.297301 -9.66214 70
0.677282 -8.89704 70
0.741509 -11.2523 70
1.17256 -0.244926 70
-0.11444 -1.46074 70
-1.47434 -0.304394 70
10.8733 -9.97788 70
0.500534 -10.9193 70
11.0768 -1.07489 70
-1.29723 1.11145 70
-11.2054 10.3415 70
28.9194 18.81 70
10.2586 49.8298 70
1.32582 -1.07188 70
-1.34549 -0.328576 70
0.326772 20.8629 70
-1.2779 10.8185 70
-1.3534 1.38187 70
10.5178 39.1151 70
-0.90402 -0.239284 70
1.35132 -10.2237 70
0.395171 -0.602553 70
-19.1985 -8.71301 70
21.1064 -30.6058 70
-28.7159 91.1654 70
18.8722 0.221744 70
-8.96642 99.5385 70
1.14291 0.138921 70
9.78422 1.35049 70
-20.4462 20.9294 70
-1.16694 0.0448684 70
-9.11147 -10.5028 70
19.0864 9.42064 70
9.14711 0.891892 70
0.865074 -8.89513 70
9.59473 1.04874 70
30.704 9.15274 70
31.4546 9.24006 70
-9.08026 1.22361 70
1.31401 1.16746 70
-1.16348 9.68925 70
10.1913 -19.3049 70
-10.3381 -1.45359 70
10.6801 1.30888 70
11.3982 -0.667552 70
29.7369 -79.7252 70
-1.38099 8.59772 70
-0.314102 0.178158 70
9.95227 -1.02531 70
-9.5718 -1.15722 70
1.19218 1.16237 70
29.0388 1.25557 70
9.05619 -1.20668 70
19.8549 -10.5175 70
11.2404 8.71285 70
0.525913 0.157355 70
70.8558 41.4967 70
11.3041 0.0085696 70
18.7329 30.187 70
-0.575674 8.54602 70
-1.26239 1.43285 70
1.07546 -0.812832 70
19.8414 0.723122 70
0.419949 -0.333904 70
70.5302 -81.1794 70
0.766953 0.738125 70
29.7266 8.93228 70
0.289159 18.7099 70
-0.710252 1.03995 70
1.10324 8.5432 70
-0.149912 -1.27018 70
-31.2405 -11.1404 70
-1.45607 0.115128 70
11.1363 -0.802782 70
19.8158 -9.38183 70
-0.707882 -1.2064 70
-0.263447 0.324006 70
8.77751 -9.9921 70
-1.46336 -1.3609 70
-0.380262 0.713534 70
10.3765 1.23594 70
-0.437417 0.785918 70
-18.6022 -0.170259 70
-0.571685 10.3552 70
-40.685 -49.5416 70
1.4219 0.313918 70
-1.13246 -1.47331 70
0.448103 -0.324657 70
9.77862 9.44156 70
19.7681 -40.3503 70
20.8594 11.4511 70
-0.297435 0.155188 70
-8.67453 -1.20269 70
1.03089 0.605369 70
10.9756 1.07184 70
11.2206 0.756811 70
-1.18065 1.09026 70
-0.219783 11.0198 70
0.702398 -0.866327 70
50.3008 -29.9967 70
49.7519 -29.392 70
9.19558 0.498737 70
-0.625624 -9.69334 70
-0.73911 -1.13586 70
-10.9509 10.399 70
10.2148 0.0250043 70
8.83447 10.4367 70
0.315818 -0.531025 70
11.137 0.154229 70
-1.45526 1.28206 70
-1.34598 0.699467 70
8.66518 -1.15824 70
69.7286 -11.2741 70
9.76017 -0.00782086 70
9.29245 -0.617839 70
0.348461 -1.37613 70
-9.48141 -1.1736 70
11.2723 19.3773 70
-0.889379 0.0266685 70
9.21687 -8.79344 70
9.25389 0.788893 70
-29.9324 8.84557 70
-9.20305 -0.37994 70
10.0406 -9.06258 70
-1.13189 -11.3191 70
-9.77844 -19.3588 70
-9.87514 10.1472 70
1.39483 1.33039 70
0.610753 9.51692 70
-20.9916 -1.05133 70
11.0334 -0.478978 70
1.43771 11.4543 70
-29.8234 31.4728 70
0.0244082 1.14358 70
-19.6623 28.5186 70
-1.46226 11.4207 70
0.608955 30.9075 70
-0.684053 -0.927273 70
-60.4123 -121.124 70
9.51107 -0.150889 70
-31.4584 -0.603769 70
-18.8834 -21.4276 70
0.44726 1.15518 70
19.6479 0.246868 70
10.8266 -20.9318 70
-1.21991 -0.90514 70
10.3666 -1.46456 70
-1.11765 1.20188 70
9.21036 11.1482 70
9.41748 10.2624 70
8.63668 8.59318 70
21.227 10.6286 70
21.3864 9.12436 70
-11.4526 -10.7171 70
9.28608 9.87736 70
-81.0232 60.0656 70
0.921394 0.87504 70
-0.202678 -0.457868 70
0.693013 0.732498 70
-1.3983 -0.496116 70
30.0688 -0.510274 70
-1.34834 8.82584 70
1.33262 -8.93981 70
1.04063 -0.67206 70
20.6515 29.3454 70
-1.30248 -11.4025 70
20.1318 0.822942 70
-0.489474 1.2437 70
-1.39985 1.08165 70
20.4525 -1.27541 70
0.457231 0.04915 70
0.88091 -0.809581 70
-10.597 10.8188 70
1.06952 40.6492 70
1.49857 1.4599 70
20.2509 -40.7147 70
-59.8331 60.4392 70
-0.26963 0.338059 70
19.9131 11.0952 70
-1.22601 -0.136862 70
10.8099 -9.53426 70
9.07202 11.4806 70
29.1843 10.5564 70
21.1734 11.0967 70
-19.715 0.95781 70
-9.43889 -8.63291 70
-10.0019 -9.30375 70
8.94099 0.618848 70
10.1584 0.309627 70
11.3446 -0.422531 70
30.654 -40.4051 70
0.611999 0.587757 70
10.7719 -0.919156 70
11.1748 -0.46019 70
-1.45601 1.3607 70
11.0301 0.324562 70
9.166 0.0151797 70
-9.41321 28.7706 70
-1.17034 -20.7697 70
-0.373838 9.40706 70
-1.39485 -29.4098 70
30.4378 -49.4988 70
-0.188895 0.141673 70
1.04566 0.432441 70
0.390826 -0.924525 70
0.251842 -1.4156 70
-1.16071 -0.523304 70
0.869592 -0.779678 70
9.33243 0.470023 70
-11.0116 -29.4439 70
1.47839 -0.216422 70
-0.155586 -0.925543 70
9.30074 11.253 70
-10.2904 20.2045 70
-0.484774 -1.40101 70
10.2772 8.69338 70
21.4578 -1.1405 70
-8.61861 -11.0668 70
-0.403194 -0.959098 70
48.5792 -19.4273 70
9.44619 1.05101 70
0.95633 -0.593083 70
0.368258 0.232516 70
10.7037 10.2049 70
10.5095 1.4159 70
30.8518 -20.5708 70
1.31788 20.7048 70
0.801703 -1.46709 70
0.482317 -1.15541 70
10.7345 1.37503 70
-1.30521 0.111635 70
0.0579706 0.600558 70
0.0658044 -0.466044 70
-0.465976 -8.80774 70
0.465176 0.00811569 70
19.8896 11.0348 70
30.4884 19.166 70
-0.532617 0.636643 70
10.473 -1.10119 70
-0.123271 8.90906 70
20.6606 0.813906 70
10.3553 -0.0093376 70
-0.457601 0.907498 70
9.71093 -10.4765 70
0.564346 0.242462 70
-10.384 18.6286 70
-1.49813 -9.39559 70
-1.0754 8.59823 70
-10.1422 -0.363126 70
-20.6128 41.34 70
-21.3768 39.4403 70
11.2726 -0.177178 70
1.07302 0.43307 70
-0.42323 -0.158323 70
10.6618 0.946743 70
0.187381 41.2161 70
-8.79391 -0.98562 70
-39.3591 20.2497 70
-19.621 1.00829 70
-1.3295 -29.7771 70
1.04709 -0.00480458 70
-9.78772 -1.18114 70
11.2695 10.8011 70
9.90486 -0.830971 70
1.3151 0.133377 70
0.198998 -1.08058 70
30.1044 10.0196 70
0.329308 8.5462 70
0.835615 9.14408 70
-9.15848 0.511495 70
-1.49467 0.668596 70
9.2638 10.789 70
-1.43501 0.662109 70
-1.49808 -1.47284 70
8.56686 10.3407 70
10.4526 9.18764 70
-1.05816 -11.2836 70
11.1021 9.64664 70
-0.925442 -0.608801 70
10.9317 9.21759 70
10.585 10.3661 70
-20.8771 -19.8119 70
10.9896 -1.14995 70
10.2402 0.841774 70
11.1176 18.5664 70
-9.2869 38.7222 70
-11.1827 11.2984 70
-8.84071 -0.494152 70
-0.305792 0.0709515 70
-21.0783 8.76238 70
-0.160179 -0.396269 70
-0.890938 1.03143 70
0.243777 -10.3125 70
-10.5632 10.4843 70
-0.565613 0.111788 70
10.5025 0.29616 70
-20.655 29.1394 70
20.1697 -10.6548 70
-10.6946 -61.4905 70
1.14352 -11.2955 70
-1.38743 11.4368 70
0.418809 10.9416 70
-0.222662 1.15969 70
9.34762 -0.508437 70
-0.176495 -0.82448 70
0.46731 -0.7039 70
19.505 41.4164 70
0.858287 -1.28566 70
19.9191 -40.26 70
0.769606 -19.7884 70
0.094619 -21.2606 70
-0.614147 -1.15679 70
9.80478 1.0299 70
10.434 -10.8765 70
-1.14024 8.8292 70
9.09947 -0.472463 70
0.829886 0.638393 70
-0.498045 1.02366 70
11.0744 38.5023 70
-21.3481 10.0691 70
20.9937 9.75482 70
-1.17805 -0.402767 70
0.681437 -8.64692 70
1.05205 -1.2525 70
1.30816 10.0981 70
0.28645 -0.0456234 70
-20.9386 -19.1819 70
-29.7136 -0.0904312 70
-9.79401 10.196 70
10.8549 -20.8051 70
-9.01262 -0.588623 70
18.6047 19.476 70
0.374538 -0.259723 70
1.22055 -1.28721 70
28.7849 -21.4167 70
-0.0277476 8.7963 70
1.02128 -9.08424 70
-0.615227 -30.5511 70
-0.788463 9.68072 70
9.78902 11.2224 70
9.32579 19.7948 70
-1.46569 0.283933 70
-10.4472 0.164821 70
-9.07221 1.09122 70
31.4287 1.36656 70
-20.0013 -10.4309 70
9.18905 -0.824373 70
8.60525 0.078911 70
-9.79532 9.02892 70
0.767675 10.5568 70
0.13756 0.852431 70
0.547399 -0.614443 70
40.0806 -41.2123 70
-8.82016 9.65689 70
1.13698 1.01004 70
0.967599 0.287512 70
-1.33632 0.216457 70
-50.089 -18.9436 70
-0.975452 -0.886603 70
-0.727535 -10.771 70
0.818507 0.325789 70
10.0801 9.52383 70
-81.3919 20.4549 70
10.673 0.276446 70
-0.92144 18.6799 70
30.8853 -19.7317 70
-0.856027 0.868072 70
0.203272 -0.51643 70
-10.807 39.3504 70
-0.238751 -10.0435 70
0.554898 -0.428656 70
1.36112 9.09748 70
8.82906 -0.58896 70
0.32504 0.593147 70
1.28941 0.580569 70
0.168248 -0.77743 70
11.3835 -10.718 70
20.8913 -19.6185 70
-0.741603 -0.822661 70
1.3649 0.0622092 70
21.1326 20.4095 70
0.998622 -1.10312 70
-1.44597 -0.359971 70
-0.64293 1.34439 70
0.842089 0.514364 70
0.49949 0.442838 70
0.283785 0.748862 70
-0.115249 1.42923 70
1.00301 0.888747 70
10.0234 1.28195 70
-1.15183 10.8094 70
1.07802 0.886297 70
10.7005 -9.0528 70
-0.0162337 11.3789 70
10.041 10.9543 70
-0.46145 11.0029 70
-1.41371 1.29966 70
11.2961 0.799025 70
-19.3705 1.36369 70
0.763522 -10.1337 70
-1.34526 9.77587 70
1.24784 0.244369 70
11.0263 28.666 70
10.5766 -20.9451 70
1.4305 19.0887 70
68.6093 -11.3186 70
70.8585 -8.72891 70
-20.5487 -8.856 70
20.8235 10.9325 70
29.5682 -19.6991 70
-0.981028 1.40813 70
-1.27933 0.945537 70
-1.02627 8.72232 70
-1.24942 0.599196 70
0.107672 0.374563 70
0.369295 9.66269 70
108.54 28.9324 70
0.0204711 -1.37152 70
9.89863 -8.93797 70
8.8945 -1.32588 70
0.0362769 9.54265 70
-0.112525 -1.38444 70
-19.2753 0.609458 70
-1.11865 -1.11931 70
-0.601489 -0.162908 70
-0.0369012 -0.495207 70
-1.35761 0.346145 70
-20.5734 28.7805 70
9.19917 0.748212 70
1.47389 -0.543764 70
-8.83418 11.0618 70
1.33398 0.969426 70
10.8838 -1.11036 70
-0.785215 9.91154 70
8.87628 -8.75089 70
-1.30691 9.48398 70
1.36837 9.53465 70
9.09489 -9.29222 70
11.223 8.70981 70
-0.0755228 -9.76651 70
0.833331 9.04356 70
0.015595 -1.31679 70
0.0486288 -1.08246 70
0.68803 -1.26241 70
-0.508878 -0.526374 70
-31.0382 -18.8807 70
-1.12598 8.55306 70
0.959863 1.081 70
-1.46544 10.791 70
-19.7674 30.2212 70
-19.9659 31.3865 70
1.48049 0.885991 70
0.470591 0.322127 70
-1.37007 1.44408 70
-0.727578 1.03796 70
0.47732 0.572999 70
0.830191 1.22982 70
-0.509129 -0.304606 70
0.700657 9.75622 70
-1.27207 -0.455501 70
1.15606 -0.569004 70
10.4835 0.373089 70
-0.962525 -0.857531 70
-1.18661 0.406995 70
9.07542 -1.11218 70
8.95465 0.484708 70
0.393273 -0.112479 70
11.2795 -0.381798 70
1.01723 -0.136732 70
0.364135 0.514261 70
0.482973 0.370741 70
-0.867313 -0.224615 70
-1.31152 -0.43691 70
10.2317 0.181171 70
-0.438266 -0.889749 70
50.863 39.3352 70
-0.897256 10.7113 70
-20.107 -1.22317 70
1.08423 1.38503 70
-19.7927 0.849273 70
-9.90949 -0.049333 70
-1.39178 0.339291 70
-10.1738 -19.0481 70
0.766894 -0.32226 70
10.7229 0.342484 70
-10.7557 -10.8721 70
-39.6028 1.44212 70
-110.995 49.7437 70
10.4423 0.827527 70
0.61232 -8.97858 70
-10.9093 -0.36644 70
-19.4928 21.3459 70
-21.0058 -18.6322 70
1.29408 11.1357 70
-0.810972 0.0632544 70
11.1714 -0.129447 70
0.332632 8.64326 70
61.2557 51.1292 70
0.724375 1.43719 70
9.24969 -0.809066 70
-1.38288 -0.287997 70
-0.132554 0.620974 70
-0.453083 20.0652 70
-1.02524 -0.704528 70
9.01027 -0.956493 70
-1.32613 9.56354 70
-1.10601 9.30656 70
-0.464106 9.89172 70
29.5316 30.5059 70
30.4241 30.6476 70
29.6498 11.2056 70
-19.777 0.521859 70
1.11155 0.319577 70
0.293208 1.14525 70
10.4659 -0.299983 70
-9.24135 1.26343 70
-0.163485 -1.13209 70
11.2983 31.2916 70
-8.67217 -9.16195 70
10.4207 10.0215 70
-1.2691 1.37124 70
9.91317 -1.47155 70
-0.752428 -1.09547 70
0.00788032 0.316345 70
0.0353451 10.0538 70
1.4502 -0.0666748 70
0.912048 0.844302 70
31.1082 0.90297 70
19.6374 59.2574 70
18.5527 59.5608 70
0.0596404 1.13075 70
-1.19419 -0.561755 70
1.33129 -0.447905 70
-9.79617 10.9337 70
0.295885 11.0349 70
0.0161933 11.1531 70
-10.5975 0.253409 70
20.1528 20.6383 70
19.2841 10.1959 70
1.4209 -9.6753 70
-20.163 -9.4945 70
-1.42459 0.572271 70
18.8926 -10.9469 70
-10.5525 -9.06187 70
-0.300718 -1.28537 70
1.32372 -0.571658 70
11.4502 -0.304223 70
1.25958 -0.0895526 70
-0.754628 -10.7065 70
28.9777 -49.0973 70
-0.692828 1.10655 70
-48.6109 -19.0314 70
1.22796 -0.0994162 70
-1.39009 0.221931 70
-21.2743 -9.48427 70
-10.2905 -10.7993 70
39.0731 -29.5089 70
-60.5377 28.7973 70
-8.84662 -40.0811 70
11.0948 10.057 70
9.38187 -11.3954 70
-0.406347 1.36067 70
29.2682 21.4081 70
18.8204 9.03748 70
-30.1316 10.6769 70
10.6459 11.4659 70
0.434968 -0.984016 70
0.724747 0.608848 70
1.32733 -0.648509 70
-0.852312 1.24945 70
-10.6247 -0.499057 70
0.0772116 21.1531 70
-1.0684 -11.1302 70
10.0124 -9.26469 70
0.846068 9.97066 70
-10.152 -18.7976 70
9.4168 1.07566 70
-10.1528 -9.24774 70
-1.26115 8.76902 70
-0.850867 -0.84432 70
-9.27287 -11.1301 70
-10.3333 -9.85405 70
-10.9726 -10.2972 70
39.482 -89.4776 70
0.829444 11.384 70
10.4236 38.983 70
1.25169 0.0167992 70
-0.868872 -0.559862 70
41.089 -21.2287 70
0.227128 1.22626 70
-10.7104 -0.211648 70
-0.0805817 -8.76701 70
0.918059 0.844866 70
0.0369124 0.618145 70
-0.495062 -1.4738 70
-10.4814 21.3632 70
-0.521309 0.254126 70
-11.4055 -41.4565 70
-0.929467 -1.19832 70
10.8306 0.20985 70
-19.6811 -49.5462 70
0.994158 -0.0708992 70
0.432579 0.618262 70
10.2141 9.63917 70
-8.51582 0.648701 70
-10.8739 19.9461 70
0.348959 -0.979304 70
-0.6824 0.480719 70
-0.153044 1.32841 70
0.163184 0.81533 70
-10.3141 11.2632 70
1.29061 -0.112222 70
-21.4941 -20.9372 70
-80.8642 60.6219 70
-8.91467 10.3377 70
-1.00223 20.7806 70
-0.472195 1.04939 70
9.13867 20.0065 70
10.4354 19.5512 70
-10.5196 20.9393 70
18.9866 8.86129 70
-0.218591 -0.605042 70
-9.06982 8.65398 70
-1.08513 9.30462 70
20.9529 -21.4899 70
-10.4068 -49.9575 70
1.49645 0.0824795 70
-1.31911 9.40717 70
69.675 79.2415 70
-0.113515 11.4366 70
-8.85359 0.965411 70
-0.716973 -0.606305 70
-0.0937336 -0.797161 70
-19.4655 -0.561598 70
20.1644 28.696 70
-11.0028 -10.6635 70
-9.82787 -8.90932 70
-11.4272 -0.599947 70
-0.926907 0.0799252 70
-0.418825 -8.65188 70
8.92036 50.2708 70
-29.033 -41.4548 70
-11.1681 21.4192 70
9.80572 -10.0792 70
0.313021 1.43799 70
-0.595518 0.0102453 70
0.0802518 0.735768 70
-10.7273 8.99122 70
0.181698 1.07695 70
1.021 8.62909 70
0.481901 8.79531 70
-0.735807 9.77912 70
19.2659 0.628088 70
-0.815053 -10.9335 70
0.424331 -20.4792 70
-10.6679 8.79463 70
10.8238 10.1058 70
8.61558 -9.02084 70
9.60605 10.314 70
-0.552244 -1.07474 70
9.8575 11.068 70
10.2075 8.92872 70
-1.17027 0.137796 70
-0.383464 -0.454075 70
0.817193 -0.579106 70
0.684571 -0.980677 70
-1.41503 10.0617 70
-10.2815 29.093 70
10.373 -8.85083 70
8.98844 -11.0674 70
-1.19788 -8.80692 70
19.8623 -60.3953 70
1.32177 1.29381 70
9.00063 -9.66148 70
-10.9039 -1.00855 70
-11.3152 1.18261 70
-0.160493 11.4394 70
10.0492 19.5521 70
-1.4357 0.90198 70
1.38552 1.0191 70
50.3116 -0.949587 70
1.47502 -10.1686 70
0.646528 -1.33146 70
50.8403 50.4115 70
0.734621 9.00139 70
11.1728 0.525548 70
1.35878 11.1534 70
0.858473 0.309235 70
0.776684 -9.26851 70
0.188155 -0.798837 70
9.46056 -0.162838 70
-0.992905 -1.20017 70
0.368745 -30.0531 70
-50.5739 -1.2475 70
-0.164863 0.564679 70
-10.7725 8.79208 70
1.11656 -71.2708 70
0.621518 10.3918 70
0.678146 -19.3966 70
30.0305 20.7015 70
-0.391372 0.511627 70
-19.5887 -39.8207 70
0.689609 -10.3157 70
-1.42343 -0.556696 70
0.840612 -1.04266 70
0.333772 -10.8582 70
20.5324 -0.540132 70
11.3655 -30.4009 70
-1.33927 0.907425 70
41.4887 0.878293 70
8.84463 -10.5506 70
-1.00199 0.71867 70
0.928582 -0.958387 70
-1.05082 -9.74663 70
-20.8099 11.3942 70
-1.21486 -1.38271 70
0.440011 9.1808 70
-0.358501 -1.49286 70
-1.44457 -0.61074 70
19.5171 -0.694179 70
0.504912 -0.527297 70
0.438786 0.737312 70
19.0835 20.7793 70
8.61804 -21.3208 70
-10.8615 0.525805 70
18.9713 8.65597 70
0.106842 -0.120434 70
-9.56911 9.45939 70
-0.492467 0.87499 70
0.222231 8.50647 70
0.187023 0.578476 70
-1.29383 0.56743 70
10.9165 0.812584 70
0.613897 10.6033 70
19.5514 -29.3532 70
0.264574 1.35338 70
-8.52014 -0.0809015 70
0.749294 -0.16658 70
-0.230701 0.309641 70
20.2705 0.934161 70
18.7494 -0.235314 70
0.522039 -1.17135 70
0.279626 0.628924 70
1.10492 1.11608 70
-0.525179 -0.703254 70
-0.843733 0.907507 70
1.27011 -0.756474 70
9.14127 10.4878 70
9.45682 1.25458 70
-0.0678827 0.517603 70
-0.429934 -0.807623 70
10.6763 -9.08052 70
-8.86071 -49.3438 70
20.5507 0.145074 70
9.29376 19.9428 70
-8.66066 10.0985 70
-0.219105 19.8284 70
0.0166261 0.65779 70
-1.32924 1.27884 70
1.2287 0.499675 70
1.4274 1.048 70
19.3373 0.834663 70
-0.877067 -1.32706 70
1.31093 -1.29249 70
-11.0171 -21.2105 70
-0.66476 0.311669 70
-1.16488 1.4696 70
0.65155 0.614584 70
8.74983 41.0174 70
1.09037 -0.163995 70
1.08049 0.978827 70
-1.25755 -0.300543 70
0.433342 11.3624 70
-1.30979 10.509 70
-38.6432 20.0171 70
8.93524 39.3487 70
-9.82707 1.37835 70
-0.330598 9.40844 70
