69.6309 -31.2847 70
-0.671746 0.925946 70
19.6738 -30.7063 70
-29.3844 -40.5624 70
-9.00695 -0.785608 70
1.28346 -1.47663 70
-0.383104 -1.06111 70
-20.0442 0.941796 70
-1.46243 1.01969 70
11.3389 -1.21661 70
31.4469 -9.8458 70
9.92283 -9.53517 70
-1.00111 -0.185338 70
-0.834766 -9.51316 70
-0.667379 -0.922633 70
0.289149 -1.34598 70
18.6965 1.41428 70
-1.30498 -21.4395 70
10.1743 1.17159 70
0.290395 0.335029 70
1.46448 0.892615 70
9.03296 -0.946254 70
-0.476722 -0.850838 70
-9.29554 9.80914 70
-9.96815 10.8831 70
-0.89634 0.506304 70
19.6402 19.7975 70
-1.40363 0.422264 70
-0.0391263 0.793075 70
11.4101 1.32103 70
0.106357 -10.3987 70
10.293 1.32458 70
-1.26798 -1.1481 70
1.36288 -0.358209 70
21.1288 1.21777 70
1.06762 0.0157895 70
1.20455 0.204597 70
11.4666 1.01342 70
-30.77 9.32057 70
1.02259 0.69419 70
-1.37971 -0.0428606 70
0.0977792 -1.38123 70
8.67608 1.06473 70
-0.488423 10.853 70
-8.85697 -20.5199 70
39.5599 -29.564 70
1.42248 -0.387738 70
-9.33092 -1.4837 70
-31.1145 9.18131 70
10.849 0.227785 70
-19.7212 -10.4216 70
0.835802 10.8592 70
-1.19045 1.03824 70
-10.5171 -10.6862 70
9.45117 -9.69207 70
1.051 1.12289 70
-10.0005 11.0116 70
1.27353 1.36803 70
-10.1429 -28.8225 70
-69.5256 -41.3737 70
-0.123292 -1.30657 70
-1.13394 -1.21908 70
-1.29157 -8.99497 70
9.41435 1.00199 70
-9.34206 10.7816 70
-1.034 1.20324 70
-11.4547 11.1869 70
0.168373 -11.4528 70
-39.1995 -30.393 70
0.350062 0.516329 70
-1.10101 -9.18636 70
0.741648 -0.034473 70
10.0075 -0.0748751 70
0.734952 -9.72342 70
-9.77222 -1.16729 70
-0.118738 -0.814063 70
1.22492 -1.0111 70
1.2799 -10.3504 70
-0.201227 0.143377 70
-0.834299 -0.821827 70
-11.4731 9.71748 70
11.0157 -9.58852 70
-19.0736 -0.36219 70
39.9507 -48.6053 70
-0.430123 0.525687 70
0.648851 -0.474818 70
-49.8407 0.734486 70
-0.0353832 -0.776436 70
-0.916229 -0.698468 70
-0.447024 -0.106167 70
10.7507 -21.1867 70
-1.01236 -0.699538 70
18.5386 -50.1269 70
1.19083 -11.2597 70
1.10412 -0.424462 70
-9.36563 -0.0474072 70
-40.3629 9.23629 70
-0.976161 -10.0429 70
0.617368 -0.219513 70
-9.6364 -0.62813 70
-0.101098 0.666117 70
0.973099 0.532356 70
10.5319 -9.21514 70
9.34934 -1.17341 70
8.68912 9.75691 70
10.9531 11.0195 70
-0.318265 0.619187 70
-9.40943 -9.24031 70
0.868963 1.1746 70
-19.7735 -1.18388 70
-0.690077 1.33621 70
9.14226 -10.1479 70
19.9954 9.69073 70
40.4985 20.2438 70
-0.824704 11.4811 70
1.30786 1.22397 70
-11.3837 1.1904 70
21.223 8.59567 70
9.04524 -10.9948 70
10.0193 -9.80406 70
8.68158 1.1305 70
-0.388896 0.248092 70
-1.13541 1.23385 70
19.8326 -10.1087 70
-0.458907 -10.4003 70
10.9294 -9.49202 70
10.0597 -30.0996 70
-9.90167 8.87401 70
0.991166 0.842531 70
-1.01723 -9.08608 70
-1.32008 -0.4144 70
-10.7192 1.41291 70
1.14613 -10.7918 70
-0.305347 -0.552292 70
8.8219 -0.726839 70
-0.262157 -11.3357 70
-29.3564 -10.9226 70
50.3807 -19.6203 70
9.19908 19.7558 70
-0.7832 0.609427 70
19.4242 -10.3055 70
59.6168 0.696649 70
-10.8855 21.2699 70
0.708547 -10.4435 70
-0.826867 20.5774 70
-0.151036 -9.16848 70
9.02295 -11.3945 70
1.30633 0.496581 70
-1.07388 1.41099 70
19.3913 10.2428 70
0.438322 18.7248 70
-9.93837 19.855 70
1.01922 -1.02383 70
-20.18 29.806 70
-0.136876 1.2963 70
-0.342342 -0.371266 70
1.46082 -1.009 70
-90.0405 28.8828 70
-19.5817 19.5433 70
0.390467 10.6476 70
-18.9641 -0.894064 70
1.20456 -20.5257 70
20.4433 -0.254097 70
29.4721 -0.71283 70
-0.596091 -1.06924 70
-0.995773 -9.8025 70
-1.14181 11.1093 70
-1.44954 8.63276 70
0.615793 -0.520754 70
120.032 -41.4326 70
120.961 -39.9966 70
-9.33225 10.9615 70
19.0978 0.895798 70
0.337338 -0.13194 70
1.43182 0.787646 70
8.85934 1.42358 70
-1.2978 1.35977 70
0.240554 -10.8403 70
10.7062 9.39011 70
10.5756 -10.4939 70
1.31965 -9.71891 70
-0.962137 1.01349 70
20.1639 -1.22317 70
-0.283002 0.168443 70
-20.519 -10.5373 70
-8.58606 10.3808 70
-21.2117 -11.4031 70
10.6463 -29.3992 70
-9.03616 40.6325 70
-1.20416 -0.0513495 70
-10.6403 -71.2353 70
-0.00625522 0.736494 70
-70.358 -88.7855 70
0.299031 20.8854 70
-1.02334 0.532946 70
1.27613 0.580853 70
0.760265 -0.837623 70
-10.4341 11.0587 70
0.363053 0.810204 70
8.62501 -20.1136 70
8.95204 -10.7253 70
-9.9569 -10.3774 70
-8.70931 0.518333 70
10.2439 -0.483081 70
21.0767 -9.03748 70
-0.0345592 0.858943 70
-1.2401 1.37674 70
-10.6114 -0.0689166 70
1.46162 0.259375 70
-1.07285 0.175996 70
-29.014 0.485743 70
-89.0608 10.0217 70
0.973316 -11.3093 70
1.43687 0.272947 70
0.336092 11.4036 70
-0.698861 0.427896 70
0.163418 0.918216 70
0.159181 0.781499 70
0.241155 -10.1128 70
11.0231 10.0589 70
9.78794 10.2179 70
10.9373 -1.24846 70
-0.186902 -0.166533 70
-1.42717 -0.196115 70
10.6714 -0.667014 70
11.4159 -10.5888 70
-1.02101 -11.3682 70
-1.25875 -0.293774 70
-9.65612 -29.5495 70
-11.2004 -30.6846 70
9.12062 -1.18347 70
-10.522 9.49135 70
1.4019 0.933746 70
-0.537775 1.43677 70
18.6914 0.774242 70
60.9225 29.8538 70
20.7313 19.0947 70
0.933602 1.09693 70
-20.1053 10.2104 70
9.85783 -30.4342 70
10.856 -0.271883 70
8.83187 -9.74031 70
8.80149 -10.9079 70
-0.952941 -0.815778 70
-0.730686 -0.616446 70
9.58478 -8.55276 70
-49.7122 9.69666 70
-11.0934 -0.126584 70
9.3688 -9.86776 70
31.4227 -0.986406 70
-1.29236 1.11898 70
-9.83746 0.510372 70
0.563526 -0.0714241 70
-0.468171 -1.2556 70
1.43472 1.41966 70
30.5095 -19.4117 70
20.1648 -20.4109 70
0.748751 9.15832 70
8.85754 -0.662889 70
-20.5074 -10.2576 70
1.1021 -10.9657 70
-1.14053 -0.817935 70
-1.16918 0.97626 70
60.2328 50.7916 70
0.797703 -0.447672 70
-0.431068 0.189892 70
8.75751 0.489214 70
20.1338 49.5111 70
59.5492 -38.994 70
-20.566 21.4648 70
-0.169398 -0.46049 70
0.372345 9.51116 70
29.9467 50.6047 70
-49.5021 1.22437 70
-0.783621 -1.0833 70
-0.335205 1.28222 70
0.419021 -1.35126 70
-0.275964 -1.4479 70
0.763097 -9.14507 70
18.8109 -48.9096 70
-10.849 1.47378 70
-21.3464 -0.165407 70
0.830706 0.295991 70
-0.271903 -0.100028 70
0.256729 0.38946 70
1.36363 10.69 70
-90.4256 0.516005 70
-10.3979 8.61115 70
120.202 -58.8452 70
-10.4383 0.259942 70
-31.3619 20.5005 70
19.6532 -10.3969 70
9.18891 69.1737 70
8.90534 0.0438071 70
9.83344 8.55471 70
9.23367 10.2461 70
-1.28672 10.333 70
-28.8945 20.3626 70
-8.53388 0.903723 70
19.2871 -8.61919 70
0.665131 0.699541 70
-8.50151 -11.0631 70
10.9449 -1.43887 70
1.1372 20.5241 70
-9.93803 1.04202 70
-0.723332 1.27357 70
-1.33505 -1.29497 70
8.58181 0.0866383 70
-10.7946 0.765836 70
0.343676 40.2282 70
0.301844 -0.769924 70
-0.907504 -0.0497124 70
1.33929 1.0637 70
39.8935 -41.3785 70
-0.199511 -0.36894 70
-10.9848 -28.6412 70
19.2726 11.2885 70
-11.1275 1.08485 70
9.16617 -9.62882 70
0.3589 -0.164247 70
1.42633 -9.29381 70
-10.9922 -30.3286 70
-11.1669 -29.5383 70
1.40617 1.30508 70
-1.39013 0.624388 70
1.32206 -10.2849 70
-0.223473 -10.9312 70
-0.438192 1.15785 70
-9.8286 -10.4573 70
-10.0967 -10.8703 70
8.72805 -0.316324 70
10.0303 -21.0223 70
-0.425338 1.21702 70
1.27845 0.560043 70
-0.488894 0.7371 70
30.6364 -9.13014 70
-11.0362 -0.332881 70
-0.0191156 -0.432283 70
9.37848 -0.403148 70
-30.3515 -10.6397 70
1.35206 -1.05141 70
9.05802 0.833863 70
-9.30046 -1.31749 70
9.21766 -11.2318 70
-0.401608 -1.06657 70
11.0611 -10.3018 70
-0.762638 -9.01848 70
0.21786 -0.578095 70
1.14678 1.077 70
-20.9238 10.7255 70
10.7116 0.470025 70
0.596462 -0.790444 70
69.4636 21.3587 70
-0.629088 -9.08971 70
-0.251092 -8.92496 70
11.1249 0.927005 70
-0.587759 -20.7131 70
-0.796886 -1.14277 70
1.0119 0.601684 70
1.38612 -19.8533 70
-1.47873 -8.73027 70
-0.0347186 -10.4181 70
1.17099 -11.3501 70
-9.30631 -10.7825 70
-9.67402 -9.63329 70
-10.8077 0.765308 70
-0.301012 1.10721 70
0.782276 -1.31828 70
-10.4185 -0.83492 70
0.710108 10.8193 70
-48.83 -40.4757 70
1.33032 -1.29759 70
-0.219428 -10.5123 70
19.9252 9.96185 70
0.58487 -0.361556 70
10.4198 11.1747 70
-0.568683 0.37446 70
8.95175 -9.89475 70
10.2574 9.57496 70
1.00863 0.278855 70
-10.2147 9.48913 70
0.859276 -10.0793 70
-0.06095 -9.12849 70
1.18301 -8.67935 70
1.01295 -0.179565 70
0.449883 -0.480867 70
-0.772897 -0.315494 70
31.2854 -48.7051 70
-19.2481 10.1828 70
0.0555724 1.45348 70
-8.80084 -0.482837 70
-0.19026 -10.2169 70
-0.830245 -9.87586 70
11.0034 -1.05539 70
0.445663 -9.13018 70
10.8861 -59.0476 70
0.968 0.448114 70
-0.481465 -1.12178 70
-10.8059 -0.350482 70
-8.61959 -1.12245 70
10.2208 -0.753253 70
-10.865 -10.0124 70
1.43906 9.18779 70
-50.3339 -18.8266 70
-49.4901 -20.3078 70
18.8526 11.1981 70
11.3056 1.14233 70
20.2035 9.43176 70
21.4537 10.6858 70
0.328606 -0.419004 70
0.716313 -0.150062 70
11.1716 -10.3555 70
-0.582147 0.651385 70
-0.426472 -0.775229 70
-0.77556 -10.975 70
1.23889 0.325047 70
0.95622 0.8265 70
1.35774 0.558054 70
-0.0279176 11.0165 70
-0.864326 -0.141706 70
-20.9266 18.846 70
11.2723 -11.2806 70
-28.9355 11.212 70
0.611122 0.0161351 70
-9.8995 9.89807 70
9.431 -11.4393 70
8.72996 -9.53501 70
-11.1907 -9.74948 70
18.5303 0.588725 70
29.4391 -41.1654 70
10.8214 8.80549 70
1.25993 -1.40327 70
-0.616308 -1.09334 70
9.35654 11.1103 70
-0.064725 -0.758081 70
-0.333539 0.87885 70
0.0105423 -0.757734 70
-8.5016 -8.56623 70
-0.377497 1.13152 70
0.860953 -0.183502 70
31.2958 -11.331 70
0.441672 -0.205199 70
28.8929 10.8411 70
29.5095 8.87107 70
-0.471776 0.233702 70
-0.0617909 9.41751 70
-10.3501 -18.9267 70
-0.127296 -0.0343528 70
-121.291 -49.6072 70
0.726178 -18.6672 70
0.671356 1.47125 70
0.150251 -0.494939 70
20.83 -20.1724 70
11.0877 10.0271 70
-10.1198 20.1761 70
-1.48131 0.314295 70
-0.246126 -0.0946104 70
-0.427552 -0.902769 70
-8.82072 -20.1692 70
-1.18479 -1.10868 70
11.3676 1.26013 70
-0.896549 -0.573786 70
-0.223165 -1.37834 70
1.27292 0.806611 70
-29.7533 11.3616 70
0.266015 -1.08956 70
8.71773 -0.193722 70
-0.137604 0.77495 70
-0.672266 -1.18943 70
1.25002 30.3764 70
40.8161 20.9427 70
40.9626 19.9968 70
11.3828 10.9483 70
-1.37019 -20.5351 70
-0.0516996 -20.6024 70
-0.219151 -9.97899 70
11.0279 -11.2887 70
19.4322 -11.4587 70
31.47 19.601 70
-8.96864 0.687181 70
19.1533 -29.3794 70
0.582265 -0.113967 70
-1.17077 -9.58576 70
8.73844 -1.26651 70
-0.252599 0.889288 70
-0.945606 -8.52451 70
-9.76489 9.06471 70
-10.1223 10.758 70
-9.21915 -20.6946 70
-58.8619 -30.7332 70
-1.49236 0.00604349 70
-1.11297 1.25427 70
11.1349 9.14197 70
-0.299859 -11.1917 70
10.1451 8.87253 70
9.70115 10.7261 70
10.3671 -21.4169 70
-19.3799 9.33678 70
10.1719 10.745 70
-1.21192 -0.391952 70
-20.2991 10.0754 70
-58.6491 49.5386 70
1.32139 -1.3079 70
11.3626 -0.0709139 70
9.99962 29.5942 70
8.75889 -10.9317 70
-0.681786 -1.35353 70
10.3317 -10.1582 70
-1.27126 1.47632 70
-0.159126 -10.9992 70
-0.542094 -0.584073 70
-0.650257 0.88622 70
1.00687 1.23524 70
-0.600792 -20.852 70
-0.320962 -8.67819 70
0.731376 -11.1095 70
0.470096 0.335366 70
-20.4507 9.73871 70
9.24298 -9.30297 70
10.4197 -0.427083 70
-1.28496 -11.0631 70
-11.4619 11.2143 70
8.68983 0.120981 70
11.2585 -0.312434 70
49.9481 10.7342 70
-11.1715 8.96877 70
-10.8404 1.44525 70
0.175414 -8.70884 70
-9.64433 -10.7082 70
18.577 1.42031 70
0.393985 -20.2202 70
0.257095 -1.46948 70
9.41604 -9.03199 70
-11.3394 1.23705 70
0.0907173 0.54603 70
10.7875 20.445 70
0.851364 9.99594 70
-28.8141 20.5039 70
9.70767 0.0850878 70
18.7138 -10.3146 70
8.59775 0.868063 70
10.8295 9.56696 70
0.817976 -10.1599 70
8.76943 -19.3483 70
1.21782 0.369059 70
-10.8938 -0.437333 70
-10.6745 -0.0988577 70
8.64928 1.04161 70
-0.825978 0.237349 70
-10.2331 1.36841 70
1.29157 0.502589 70
-0.75549 49.7933 70
-40.4247 31.2919 70
-0.426836 0.675575 70
58.7721 20.1651 70
-0.627827 1.1536 70
-0.863096 -0.113338 70
1.38668 -0.184998 70
-1.1667 -9.26133 70
-0.209232 0.561155 70
-9.4609 -1.33519 70
-20.6022 19.8201 70
11.434 11.4877 70
0.94923 -0.589494 70
9.87299 0.879597 70
-1.41972 -10.0979 70
21.223 0.886967 70
10.1738 -1.40325 70
-8.89381 1.2349 70
9.89155 1.25431 70
-1.42292 0.568361 70
10.1078 -0.784966 70
8.94379 -19.0628 70
-0.714204 1.22778 70
-8.57325 20.5076 70
0.0892486 0.616782 70
10.8205 -1.23135 70
-10.2533 8.80687 70
-0.14903 0.766537 70
-1.03973 0.112798 70
1.41841 -1.28114 70
-0.572022 -0.0380084 70
0.733972 -10.0926 70
21.2851 0.513933 70
0.398671 0.369954 70
-0.291526 8.9952 70
-1.29296 0.77339 70
-0.154164 -0.585404 70
119.728 -29.5516 70
-0.69495 -0.22846 70
-1.19995 -10.0162 70
-29.6579 0.47463 70
-79.0086 21.2778 70
0.279556 11.3303 70
-1.26301 -0.468152 70
0.408517 -1.12535 70
0.594992 0.257052 70
-0.513315 -0.248207 70
0.173994 -0.0213058 70
0.787812 0.726028 70
-0.405245 0.241779 70
9.8712 0.712125 70
-0.689913 0.331172 70
10.9772 1.46849 70
-0.0154457 -0.950861 70
1.32036 -11.4944 70
-0.96489 1.05411 70
10.1238 1.15111 70
8.8385 -21.4539 70
9.67365 -60.9236 70
-1.17346 -0.245223 70
-8.87451 0.577521 70
9.78404 -0.322576 70
-18.8376 -9.58396 70
-31.0983 41.0943 70
-1.24646 -0.366358 70
11.4797 1.14855 70
-11.058 1.04423 70
-0.112445 0.192477 70
0.525696 0.736336 70
1.14153 0.891784 70
-0.301421 -10.3472 70
0.175705 20.3174 70
-0.898384 -9.98068 70
-8.82371 10.4921 70
-0.581584 -1.43293 70
-0.585636 -1.14075 70
-1.40458 -0.351502 70
0.53721 0.262175 70
8.93606 -0.825057 70
9.75691 -1.20043 70
1.22899 -0.412062 70
0.516878 -8.87752 70
8.86765 40.8107 70
-1.07918 9.4348 70
-11.1747 0.275006 70
20.047 -8.65189 70
0.479183 -0.650995 70
-1.28151 -1.11926 70
-0.480892 0.951901 70
-0.0522623 -0.243787 70
-0.517454 0.172116 70
0.494104 -0.686156 70
-9.34576 9.15066 70
0.781315 -1.07632 70
30.852 0.67039 70
-1.20397 -0.744758 70
-0.772944 0.784062 70
1.05522 1.14833 70
-1.06375 11.1086 70
-1.16216 -1.40171 70
0.0418712 -0.81437 70
0.429474 0.650194 70
9.00444 -1.33242 70
20.7922 9.4125 70
10.3481 0.116542 70
9.90589 0.299351 70
20.1863 0.587014 70
-8.99909 10.8803 70
-9.63693 9.50301 70
9.83434 -1.30414 70
0.251122 0.346563 70
-10.2913 0.236138 70
-1.40947 10.0507 70
-9.39236 -10.3549 70
0.429506 -8.92157 70
-1.00608 -1.03773 70
0.871137 0.399614 70
-1.21784 -10.7979 70
0.0410973 -10.7165 70
-0.753669 -11.4563 70
-0.41065 8.6312 70
91.1691 -79.231 70
-0.828719 10.5184 70
8.61578 1.11734 70
60.6343 -20.5321 70
-9.4364 1.15537 70
-0.601645 -0.741883 70
-0.269871 0.639135 70
-10.9686 -0.988109 70
0.178753 0.724829 70
-10.71 -19.832 70
-8.6121 1.29404 70
-40.7748 -41.2353 70
-80.7447 10.813 70
-0.148362 10.4091 70
-1.04818 1.40585 70
9.95495 0.242257 70
-0.131466 -1.14668 70
1.45903 -0.038298 70
30.9194 -8.5791 70
30.534 -11.2188 70
21.45 -19.902 70
-9.65314 -1.15271 70
20.9316 21.1611 70
19.8815 19.0838 70
-1.37444 -1.18628 70
-9.86877 -10.4863 70
8.8972 -19.5765 70
-0.894008 10.1693 70
9.6013 20.6612 70
1.13736 -8.93486 70
51.321 0.889889 70
-0.326186 -9.7796 70
0.442054 -0.98771 70
-58.7824 9.26264 70
-0.598569 -0.587815 70
0.871108 -1.19568 70
-0.628335 -0.700632 70
21.0357 -11.3321 70
-0.488586 1.20455 70
0.669171 0.172156 70
-9.14538 9.53471 70
18.7875 -9.72274 70
-0.197015 -1.37418 70
-0.218972 0.319224 70
29.5581 28.6323 70
11.3866 1.25101 70
-0.663507 -0.840033 70
10.5258 -0.598777 70
9.49695 -9.22412 70
-9.30181 -10.9174 70
-49.8114 8.90889 70
1.24294 10.288 70
-0.811676 -1.43421 70
0.485126 0.645728 70
10.9473 1.22944 70
0.331591 -10.0056 70
-0.731921 9.29489 70
-1.49449 0.766589 70
-0.726436 -0.61181 70
-0.720863 -19.6969 70
29.7167 60.0812 70
0.549775 0.795997 70
1.11591 -40.8921 70
-0.0386513 0.102977 70
-1.17363 -11.3691 70
9.98768 -9.43944 70
9.99495 -8.9862 70
-0.960372 8.54699 70
-30.3663 -20.6571 70
0.464889 0.786707 70
-0.794142 -0.230669 70
0.779902 0.826287 70
-0.630755 1.13981 70
30.8026 -41.2798 70
0.730578 8.85875 70
-0.899884 0.616545 70
0.413131 10.2929 70
11.2339 -10.3205 70
39.6469 9.71959 70
71.3754 50.8939 70
-0.219524 1.04454 70
0.638103 0.894981 70
-9.22852 1.42797 70
-0.962404 0.650752 70
-11.4077 -10.9388 70
8.53642 -20.4544 70
21.0046 11.0847 70
8.722 -0.869226 70
1.47054 0.864935 70
0.918971 10.6565 70
10.3837 1.18812 70
0.102157 -19.0844 70
0.20126 -0.495141 70
-1.28066 -0.400671 70
50.789 1.18008 70
-39.1432 -1.15392 70
-11.3852 -10.6467 70
-9.13114 -9.58047 70
1.44999 9.07217 70
-11.4301 1.2415 70
9.04979 18.8995 70
19.3425 -0.714601 70
-48.7685 8.80214 70
-0.144538 -1.11157 70
1.02831 20.3092 70
-39.5517 10.9302 70
-0.57234 0.308512 70
0.392909 -9.00281 70
-18.8644 21.4561 70
10.8029 0.294792 70
-1.12664 10.5392 70
0.563884 10.6643 70
60.7731 21.396 70
1.35765 -8.8019 70
11.0316 0.904936 70
30.7434 9.28014 70
9.02607 -0.0274176 70
10.5029 9.29815 70
-0.728944 0.316661 70
-1.39623 -1.37873 70
9.65467 -0.136678 70
0.245122 -0.029119 70
-0.10359 1.16209 70
-19.8135 10.5002 70
-0.0316979 -10.184 70
0.592762 1.06415 70
9.9907 -9.51654 70
-0.302595 0.701488 70
-30.1114 9.60757 70
-30.1764 11.0791 70
1.33764 -9.43947 70
-10.8538 -1.40342 70
9.96031 1.23813 70
-1.43691 1.25188 70
31.2832 10.7842 70
1.21693 1.0862 70
-40.0935 -0.145643 70
-41.3763 -1.29099 70
8.846 -9.83635 70
-8.54125 10.7753 70
0.327246 1.05614 70
-0.996888 0.878933 70
10.3668 0.998228 70
10.6844 1.27613 70
-0.632434 0.344662 70
-0.981274 11.4596 70
8.85272 -10.6042 70
-9.10147 1.29939 70
1.24191 -0.0454532 70
-0.924542 -0.899137 70
9.96563 -0.81324 70
8.58722 -0.450265 70
-38.6611 -30.3599 70
-38.61 -29.8882 70
1.48556 -0.848712 70
-0.614174 1.16226 70
1.27628 -1.21606 70
8.73306 -0.669058 70
9.00765 0.281137 70
