-0.655633 0.970447 70
-8.62102 -0.788437 70
0.0939337 8.80719 70
30.4736 -0.709089 70
-31.2294 -1.07369 70
-9.87967 9.89996 70
-10.016 10.6004 70
-18.9361 -21.1079 70
-18.8982 -1.41935 70
-1.34391 -0.91211 70
0.00146751 1.06152 70
-10.1525 -0.960238 70
-0.381464 -10.4368 70
-0.552596 -0.485059 70
-79.7332 -19.1485 70
-10.3523 1.20437 70
-19.102 9.48614 70
0.230011 1.10481 70
0.276639 -0.475258 70
-21.3152 -11.1909 70
-0.343591 8.8372 70
-1.08789 -1.23239 70
0.732211 -1.07497 70
-9.33098 -0.884871 70
-11.2153 0.294333 70
-49.3858 0.564975 70
-50.3432 -8.98048 70
0.640293 -0.312855 70
0.139263 -10.9522 70
-8.95942 10.7457 70
-21.3812 -20.2858 70
-18.7609 -21.0357 70
10.3678 0.323662 70
0.842982 10.638 70
9.73284 -0.314583 70
-60.607 -9.23183 70
-8.68876 -1.1955 70
-9.82931 -0.607888 70
-19.4205 9.78665 70
-11.2582 8.55873 70
19.0654 8.86774 70
11.0269 -0.976662 70
0.0422282 9.83258 70
-0.279109 9.098 70
-9.13824 8.80426 70
-38.664 -10.5888 70
20.0621 0.36839 70
-0.825857 -0.926335 70
-9.80268 11.0783 70
-8.52655 18.5826 70
-18.8859 -0.677522 70
1.36936 10.227 70
-18.9536 -21.2849 70
0.128597 8.9189 70
9.91488 8.59873 70
8.9831 11.4412 70
-0.140257 9.4003 70
-1.12654 9.28868 70
-40.3243 30.1696 70
-11.4016 0.766617 70
-10.6595 -0.0847353 70
-19.5124 21.0844 70
9.87673 11.3632 70
-9.49375 0.367305 70
20.89 -50.9461 70
10.9886 8.88117 70
-9.52463 1.25768 70
-11.3377 0.0146581 70
-1.39522 8.77907 70
0.285186 -10.7321 70
0.180784 -8.88374 70
11.0398 38.9873 70
0.14285 9.67421 70
-1.2512 0.533233 70
-1.01998 -0.124092 70
-19.1701 -1.44677 70
-0.302511 -0.264274 70
-20.0967 20.7186 70
-10.2995 40.4708 70
10.2023 8.98399 70
-9.23741 11.1477 70
0.336608 -0.619021 70
-10.01 1.12382 70
-11.1019 19.8159 70
0.928838 38.5507 70
9.86378 -11.2493 70
-18.9651 -10.3755 70
0.106399 10.9664 70
11.056 -11.3831 70
-10.899 1.15466 70
-0.0664726 1.14417 70
0.9839 -9.5431 70
1.38175 -0.11223 70
-9.98347 -0.576347 70
18.5453 -119.075 70
-0.1067 9.61907 70
-28.8129 1.3264 70
-0.535063 18.6665 70
-10.0658 0.689713 70
-11.0736 -10.3339 70
-10.4202 21.4223 70
19.8618 -38.6455 70
-11.2837 10.8482 70
0.640346 -10.2831 70
-0.819123 9.88806 70
-20.9116 1.2794 70
1.13502 -1.16872 70
-8.64251 10.0761 70
-30.9458 18.5412 70
-0.118651 -0.695801 70
-9.9505 10.1055 70
-20.7454 0.85595 70
-10.7984 30.188 70
-9.06869 -1.04525 70
0.0634579 9.07131 70
-1.02179 -0.54619 70
-20.8135 8.72414 70
29.0141 -29.4355 70
-8.55999 0.48342 70
-10.5853 -0.464188 70
-9.11738 -19.0363 70
8.58367 9.50999 70
-0.379906 0.584672 70
8.95499 0.952975 70
10.8119 -29.3072 70
11.0659 -31.3233 70
-0.656944 1.02185 70
8.71284 9.4274 70
10.3256 10.3898 70
-30.5401 -9.74958 70
9.8937 20.5134 70
19.1132 -10.513 70
1.36347 0.695336 70
-11.1086 8.72866 70
0.245392 1.03245 70
-40.007 -19.6823 70
-9.54284 8.68057 70
41.2816 8.89152 70
39.2599 11.1323 70
8.99327 -11.3959 70
1.30138 -0.781166 70
-1.20121 -0.202743 70
0.585981 -0.671555 70
-0.89218 10.2542 70
-21.366 -1.40516 70
10.9561 20.3853 70
11.1537 -49.4789 70
-10.1318 11.4282 70
9.01564 -0.988663 70
-1.09453 9.96885 70
8.74836 -29.9003 70
1.28216 0.160372 70
-9.17656 1.11496 70
9.02669 1.25917 70
-11.1306 10.2923 70
-10.5279 11.0844 70
-0.241286 -0.592917 70
10.1505 8.64951 70
9.75278 8.62007 70
-9.49655 31.062 70
-20.6483 -21.2862 70
0.599273 9.25965 70
0.229697 -0.0705327 70
-11.3099 -1.19115 70
-0.599859 -8.59857 70
1.33666 9.7123 70
-0.0147552 10.1207 70
-9.23389 10.8619 70
-0.344663 0.198386 70
-10.1373 -0.870232 70
-0.165722 -9.03155 70
-31.2572 -11.3126 70
-0.916407 -9.14991 70
1.43099 -1.04107 70
0.349886 0.383681 70
-1.25832 10.0862 70
-39.4129 71.049 70
-8.72853 11.0158 70
-0.413536 10.1986 70
1.16586 0.629461 70
-10.2664 30.2954 70
-10.083 0.901562 70
9.27564 29.5534 70
-8.83802 10.7366 70
-30.3082 -11.3045 70
-1.38847 -0.526783 70
-49.1572 -9.88101 70
-0.40047 -10.0582 70
-8.72399 0.537291 70
10.4275 18.5766 70
-49.3042 -18.7516 70
-40.4097 19.7399 70
1.25317 9.95652 70
0.585961 -30.2929 70
1.36518 11.3492 70
-8.74025 -0.36629 70
-88.8174 -40.7256 70
-88.6663 -40.1923 70
0.554268 -1.19015 70
11.3761 -9.80912 70
-19.1497 1.36233 70
19.0461 11.0532 70
59.64 -41.0606 70
-0.152681 -0.421086 70
-9.18026 10.4317 70
-1.30179 0.58749 70
-49.1779 29.0838 70
1.4923 0.234652 70
-0.980987 10.288 70
-0.390188 10.1352 70
10.4992 0.251673 70
8.78944 1.04807 70
-49.4528 -8.54433 70
-29.4803 10.3183 70
0.391753 8.82711 70
-18.9741 -9.6054 70
0.979241 9.34808 70
10.2401 -29.1405 70
21.4202 -19.6836 70
120.723 1.05067 70
-9.56766 19.2998 70
-0.789403 -0.506418 70
-9.83539 10.7678 70
-0.141264 10.4661 70
-8.77679 110.21 70
-21.1288 -28.6589 70
-11.1886 1.20761 70
10.3341 50.3487 70
0.130407 10.5558 70
19.6516 -9.80777 70
-10.4171 9.05483 70
-28.841 -59.8441 70
0.389114 -1.1135 70
0.728505 -1.35875 70
9.34937 -0.722626 70
-29.8079 -11.4122 70
9.73771 10.0479 70
-10.249 -0.832959 70
-29.3222 -0.671027 70
0.479326 10.167 70
-21.2415 18.7624 70
-10.9034 -8.60711 70
-9.42629 -8.96192 70
0.642373 9.84218 70
38.5801 -0.353605 70
8.53738 29.3134 70
-80.8438 0.496762 70
-9.01588 0.721211 70
60.2522 -11.0354 70
0.448314 8.65002 70
-10.9725 -0.805801 70
11.0744 69.9469 70
8.50741 69.0722 70
19.1077 -0.559041 70
30.1455 -39.0299 70
30.2986 -40.0312 70
-10.687 10.791 70
10.1683 10.9298 70
-20.3923 1.06044 70
9.88489 9.31398 70
9.25983 9.13524 70
1.28387 0.927408 70
-9.7623 20.5889 70
9.9981 11.4079 70
10.8566 9.98056 70
1.3917 9.21977 70
1.06335 9.70523 70
0.69219 -0.0319862 70
-0.722354 9.49143 70
-10.1069 8.93619 70
-10.5727 9.55555 70
-1.2787 -10.5672 70
-0.952347 -9.04308 70
31.1024 -20.0384 70
9.06831 -0.485138 70
-10.4029 -0.463971 70
-9.98332 30.295 70
0.368064 9.71982 70
-20.9436 10.2729 70
-9.93896 -20.9475 70
-1.12722 10.8579 70
-0.408054 -0.174615 70
0.800689 -1.20382 70
-0.291529 -0.300969 70
-0.180292 20.8914 70
-10.2786 9.51721 70
10.8128 1.33122 70
0.459524 -0.0563698 70
9.48446 40.0857 70
-39.3721 9.45463 70
-1.35559 20.1278 70
10.145 10.6777 70
0.289328 9.6688 70
8.76399 20.5384 70
8.93849 -39.65 70
-8.98013 1.0919 70
0.873744 9.11832 70
-0.353933 10.2943 70
10.8433 -1.43129 70
-11.3541 -0.773165 70
10.3207 8.9382 70
-9.17771 -0.222125 70
-10.7481 21.0195 70
-8.93113 1.28307 70
-9.85387 20.8069 70
-10.8596 20.6312 70
-0.52123 0.582654 70
1.01306 9.44037 70
-10.7882 8.97672 70
0.793543 9.02846 70
-10.4983 0.691722 70
-0.280007 0.32617 70
-0.420327 -1.01774 70
-0.476668 11.3128 70
-19.3503 19.7822 70
-10.8394 -0.0410042 70
-10.2113 -1.11888 70
-0.33396 0.757059 70
-9.78324 -10.7572 70
-10.4848 0.678608 70
0.09778 -0.552852 70
0.576148 11.4412 70
-0.0770771 0.739497 70
0.851939 0.420357 70
1.19156 0.389391 70
0.918639 -1.29939 70
-20.4096 -0.832425 70
0.598876 -0.308266 70
0.0026632 9.81568 70
-0.970113 10.8285 70
-29.6219 -1.28356 70
-0.783245 0.283134 70
-49.9115 -9.36373 70
-29.3333 1.14463 70
-0.384996 -0.211461 70
-10.4892 -1.45206 70
-10.6953 9.09792 70
-0.787819 -1.30616 70
0.082814 -0.754102 70
-59.3277 -20.0463 70
-1.45418 0.193834 70
-0.946464 -9.36603 70
-0.439826 0.347247 70
91.1474 0.110287 70
-8.9304 -1.43929 70
110.117 -38.7764 70
-8.76777 1.42185 70
-9.0461 0.591123 70
-8.73259 -9.44731 70
-20.986 8.67792 70
-30.4802 -0.564158 70
-9.10273 -30.5645 70
19.1758 -10.6592 70
1.05654 0.14844 70
0.25094 9.81207 70
0.660841 20.7594 70
-9.67943 10.7942 70
0.371491 8.97894 70
-10.6281 -1.42048 70
-10.4449 29.8867 70
-0.389135 10.7811 70
-39.4143 -98.9724 70
1.2485 1.01631 70
0.427278 10.9402 70
-19.7545 0.399729 70
-20.3776 0.0358901 70
-19.3781 0.215694 70
-9.9671 -11.2664 70
0.160432 10.645 70
-1.19415 -0.0128149 70
1.17129 9.97488 70
10.1169 0.75386 70
0.762369 20.1237 70
-1.36771 -1.29052 70
-11.3102 10.0187 70
-0.521758 -10.0571 70
8.91424 9.11239 70
-0.106523 -11.2232 70
-10.251 10.3543 70
9.91854 -0.458251 70
-1.1511 29.7737 70
-9.72911 -30.9846 70
0.283754 0.813562 70
11.3372 9.17172 70
-0.737213 9.41976 70
-8.55994 -11.1888 70
-9.64609 0.899855 70
-0.324862 9.95672 70
1.07514 10.0026 70
-0.717363 8.80169 70
0.429996 8.80218 70
-11.0951 8.53154 70
-1.26437 -1.39814 70
-9.37763 0.782802 70
-19.6657 0.989296 70
0.613492 8.67909 70
-10.6594 8.93584 70
-0.909019 -0.909637 70
-0.156679 -11.4877 70
-1.45433 9.27117 70
-10.8274 18.9085 70
-0.694426 -8.70569 70
0.493616 -0.867558 70
9.66531 -0.13413 70
-9.3828 8.92219 70
-21.3861 -9.27559 70
-9.92255 11.1874 70
20.5958 9.21084 70
-11.1775 -0.829584 70
0.121097 11.1295 70
-1.16682 10.0192 70
-0.239576 9.64963 70
10.4088 -1.17305 70
-0.475651 10.0648 70
-1.17735 59.2537 70
39.4639 -8.60483 70
0.0923264 19.9608 70
-1.47662 1.06642 70
99.2297 -40.105 70
-1.10125 9.71108 70
10.7616 9.58934 70
-0.211414 -19.6014 70
-9.97929 -0.631055 70
1.43894 20.3485 70
0.224298 0.264816 70
-11.4976 -1.31062 70
-10.3818 10.8358 70
10.0416 41.38 70
-1.20114 79.6521 70
-10.4045 9.81187 70
-10.7403 9.91374 70
0.74591 1.09759 70
-9.85854 9.47056 70
-11.0595 11.4693 70
-0.639333 9.66707 70
11.1653 0.611486 70
11.3276 29.2556 70
8.81699 30.0344 70
-1.06224 -0.671153 70
1.03073 9.61304 70
0.107597 9.48326 70
-9.77417 -8.6863 70
-9.21729 0.850645 70
-8.63814 -0.436697 70
-0.0824521 0.0947954 70
-9.85207 49.1078 70
80.7282 9.83995 70
-9.38322 8.52216 70
11.1554 -10.4106 70
-68.5278 60.6593 70
-0.707154 11.3243 70
-11.2938 9.42445 70
-1.10084 20.059 70
-0.787718 -0.162151 70
0.35307 11.1095 70
8.75614 10.2852 70
-20.9189 19.7789 70
-9.1362 -0.545004 70
0.188527 1.17251 70
-0.103538 21.197 70
10.5318 1.04936 70
-19.7404 -0.444101 70
0.803495 8.54326 70
-21.2454 0.190032 70
-8.83911 9.60072 70
0.0939104 10.3331 70
-48.7659 51.2041 70
19.8586 0.703114 70
-19.6319 10.0115 70
-9.78833 11.4086 70
-0.996226 10.4671 70
-9.58062 20.8899 70
-9.0426 10.7629 70
1.05986 8.70909 70
-0.885106 11.2539 70
-1.49968 9.32342 70
-1.46955 8.54387 70
-20.5788 -9.39696 70
-10.5326 0.998939 70
-8.75098 1.25698 70
-10.0845 -0.24671 70
9.41165 -1.03884 70
0.686183 0.608097 70
1.43066 11.4196 70
1.07947 1.12943 70
-0.158678 0.472407 70
0.800126 9.06925 70
-0.406325 11.45 70
1.40931 -0.877283 70
-0.528266 -0.406089 70
1.20853 0.319525 70
-30.069 -39.7243 70
-8.70843 20.5744 70
-0.130577 -0.659873 70
-0.0617716 10.4267 70
-29.9355 -29.1144 70
-1.22803 10.9935 70
-39.1973 10.0434 70
10.6253 20.609 70
-9.07601 -31.2142 70
-19.0777 8.57926 70
-8.886 1.16159 70
1.49837 -11.1744 70
21.0776 0.843862 70
1.24776 10.5507 70
-0.160832 19.2003 70
-8.74001 -0.353023 70
10.8499 -0.538272 70
10.3946 0.786854 70
10.7862 10.214 70
-20.3613 -20.2188 70
11.1562 -11.2389 70
-11.1067 9.38665 70
-10.2319 0.538355 70
-10.9499 1.11752 70
0.307203 -41.0372 70
-18.6506 19.3466 70
0.270662 -19.1457 70
1.0354 8.95693 70
-59.2968 -49.4365 70
-1.42158 0.195639 70
-10.0635 8.96536 70
-0.910412 -1.25431 70
-18.9905 8.77703 70
0.0138769 -9.41127 70
-1.13525 -0.364486 70
0.150037 10.4063 70
0.489721 0.4393 70
-9.20125 -1.2532 70
0.899285 10.2812 70
19.1777 -0.796598 70
20.4617 -0.855984 70
1.00053 9.88184 70
0.0857096 -0.25325 70
8.99012 0.975292 70
-8.68274 0.711729 70
-0.537692 -0.186192 70
-20.8516 8.50903 70
-21.0005 1.22603 70
-0.210311 1.15447 70
-0.655554 11.2256 70
-10.745 -10.1555 70
-0.586288 0.68755 70
-10.1576 0.682984 70
-0.920387 0.346385 70
0.777884 -0.678885 70
-0.496104 9.61062 70
-10.8726 0.393847 70
-9.22804 -0.416132 70
-11.1048 10.5458 70
1.4861 10.4223 70
1.01733 10.1603 70
10.0098 -10.4174 70
-0.349811 -9.71011 70
-9.44343 20.5367 70
-10.9506 10.6475 70
0.163407 1.03418 70
-1.4963 10.5483 70
1.37892 9.68398 70
-0.150372 20.2724 70
-18.8684 0.118756 70
-0.994005 -1.37359 70
9.55683 0.497113 70
-0.457769 9.42944 70
-1.45866 1.26119 70
0.018993 11.0518 70
-9.59247 -0.874427 70
-0.193224 9.39215 70
-20.5675 -8.80143 70
18.8047 8.60943 70
-8.96564 -1.3418 70
-1.24112 10.333 70
0.742753 8.50605 70
9.00766 11.352 70
1.23447 10.3751 70
-9.05632 -0.690103 70
-10.1472 0.852624 70
1.34555 10.8142 70
-0.937311 20.9984 70
-0.0693084 18.7608 70
100.603 21.2159 70
-9.614 -0.177666 70
0.830088 11.214 70
-0.22579 0.289308 70
-10.1 -1.42015 70
-1.48387 9.87631 70
-9.24389 1.38731 70
19.9144 10.1715 70
-8.97903 9.7533 70
-19.8851 -0.264029 70
-20.7677 9.65386 70
-0.700377 9.15251 70
0.607681 10.035 70
-21.1999 0.990467 70
118.541 19.8209 70
-0.380438 0.630296 70
-9.13747 0.429513 70
1.42717 -40.5264 70
0.0392635 -38.9501 70
-1.2859 10.7765 70
-0.0155999 11.3173 70
9.34926 10.3348 70
-0.619749 -0.0447838 70
-10.2332 9.51162 70
-1.00661 11.3832 70
11.4673 9.42317 70
10.7897 8.88922 70
-9.76213 -0.851182 70
-0.291685 9.19246 70
-1.47892 8.91246 70
-20.3485 9.4374 70
-28.9752 -11.3246 70
-41.1339 -1.0372 70
-0.991232 11.2159 70
49.586 10.0483 70
1.059 10.8916 70
1.40542 0.242466 70
-0.0567012 0.968906 70
-19.1443 -18.8062 70
-8.57802 9.62505 70
0.612373 -0.0890561 70
-9.1668 1.02622 70
-1.12572 30.0635 70
-9.2712 -0.380674 70
0.614578 -1.17981 70
-0.94028 -0.10178 70
-11.3298 -19.1486 70
-21.3962 30.9285 70
-0.553921 -0.492351 70
9.00815 -0.00443459 70
-9.86683 11.4993 70
19.9167 20.9563 70
-9.04873 0.297998 70
-39.7523 1.25443 70
-60.1326 10.0218 70
-1.30579 -1.12582 70
-21.1253 -10.1362 70
-9.78533 8.86825 70
-10.9388 29.2312 70
-0.326848 39.5988 70
11.0365 -31.1155 70
-1.12832 9.3318 70
1.29229 -1.33545 70
-18.9622 89.4908 70
-0.739362 0.14474 70
-1.10007 9.09513 70
-0.227277 -0.910068 70
8.77448 0.997075 70
1.46151 -0.819073 70
-0.306777 9.62858 70
9.61757 20.8272 70
-19.6118 8.95258 70
-11.1988 30.8796 70
-10.0326 29.4414 70
-1.45202 20.1634 70
-1.46504 -1.02365 70
1.2016 -1.32752 70
-10.2495 19.1521 70
-9.08643 9.9816 70
-10.5089 10.2898 70
-41.0385 -9.66123 70
-0.841588 0.411119 70
-10.0929 -10.6524 70
9.59857 -1.34117 70
1.33859 9.52883 70
8.99646 29.627 70
-18.6816 11.0984 70
-0.294755 0.686732 70
-19.1642 -30.8724 70
-0.961074 -0.146087 70
-0.568718 -1.31386 70
-10.3801 -1.07635 70
-0.702706 11.4732 70
-1.40147 8.97429 70
0.279924 0.289739 70
-0.691204 -0.869759 70
-0.557246 20.9726 70
-0.992572 -11.0234 70
1.22564 -9.64525 70
-59.9497 50.0049 70
-20.3448 8.68819 70
11.092 10.7129 70
9.85078 10.5204 70
-10.7629 1.09733 70
-10.752 -1.40129 70
0.270645 -0.553744 70
-1.26982 0.789037 70
-0.339628 -1.32115 70
-8.7222 19.165 70
-8.8681 21.4848 70
-8.55551 -1.12202 70
9.38471 -1.34543 70
-0.704595 -20.5606 70
