0.00515644 -1.26211 70
-21.4904 108.802 70
-0.172887 10.6508 70
-38.8535 -19.9048 70
-0.0843193 0.229651 70
-0.723878 9.99164 70
21.0732 21.1775 70
0.169391 21.3162 70
0.344309 -0.825617 70
-29.3876 -110.192 70
1.33251 8.60686 70
1.22147 0.652984 70
11.004 1.28596 70
-10.0071 -59.0187 70
-9.46404 21.2939 70
1.4086 10.4555 70
-0.784908 20.7231 70
9.8596 -0.949401 70
1.18909 9.23605 70
-0.360807 -39.4457 70
-0.504597 -1.46987 70
-9.59777 9.40484 70
-1.41869 -1.38807 70
-0.599566 11.3403 70
0.141948 1.44716 70
0.8038 9.62965 70
0.637265 11.2933 70
-10.1128 -0.653496 70
-9.2024 0.941677 70
11.0204 0.261674 70
0.873647 9.1604 70
-0.535572 8.60154 70
1.1924 1.37722 70
-9.9755 -9.23314 70
-1.30995 0.562038 70
-69.9242 19.3951 70
-10.3926 41.4036 70
-10.806 39.7062 70
18.5589 -41.2402 70
-10.6158 -0.472827 70
9.91308 21.1165 70
0.353721 -0.246832 70
0.0630426 -0.594005 70
0.0962068 -11.052 70
-30.7004 9.57568 70
0.419894 10.6317 70
0.762643 10.073 70
0.657011 8.89173 70
-0.515468 9.57095 70
-69.9357 -69.9197 70
-0.267009 8.74223 70
-11.0994 9.46892 70
1.40151 0.526693 70
0.169246 -10.3223 70
-10.8066 -0.760788 70
-20.3611 9.08012 70
50.0632 39.1098 70
10.8132 -1.34284 70
9.28169 38.7468 70
-1.37311 -0.441799 70
-10.8015 -9.97209 70
9.6537 -0.123525 70
-19.1096 -0.956763 70
9.96154 19.344 70
9.01191 -18.7006 70
19.1384 -0.533213 70
0.00514393 -0.33424 70
-0.81353 89.7592 70
-1.3036 11.1465 70
1.04202 1.28094 70
0.0483984 9.87445 70
-0.0761306 1.01957 70
-1.20041 0.40179 70
-0.135458 -0.0414733 70
1.33146 10.7705 70
-0.057718 11.2709 70
-1.30551 0.377642 70
1.479 -10.9027 70
0.192532 -11.2406 70
-19.9876 10.2119 70
18.9018 9.93153 70
8.93043 -9.59107 70
-10.7938 -0.298019 70
1.43221 -1.3404 70
-19.686 -20.7668 70
-20.1029 8.70361 70
-1.48457 -1.2822 70
-0.338774 0.812032 70
-1.36017 -1.42987 70
20.2878 9.21577 70
-1.48865 30.0532 70
40.1035 30.806 70
11.313 -10.0329 70
1.04418 -20.2379 70
-9.70887 11.2328 70
9.85067 -1.02364 70
-0.507963 1.0761 70
-9.29996 -1.14569 70
0.922986 0.00243592 70
1.40048 9.47623 70
-19.0112 -41.1922 70
1.02948 39.895 70
0.34926 10.2692 70
71.3234 -30.2191 70
-10.5646 0.746524 70
-1.37509 -1.35558 70
20.5357 29.0902 70
18.8601 29.1892 70
-10.2922 9.28973 70
48.645 40.637 70
11.2538 -9.39621 70
-0.10574 9.44753 70
-30.4292 20.9199 70
-120.09 -10.6049 70
-1.02259 10.5323 70
-0.984319 -1.39175 70
31.3749 0.239769 70
-0.121037 11.1669 70
0.244842 10.0829 70
8.83228 10.4688 70
9.78481 -8.56335 70
-1.38528 1.46093 70
-10.9583 -8.92504 70
-18.9901 31.1239 70
10.4028 9.05772 70
1.44405 10.3735 70
-10.8465 -0.832416 70
10.354 -8.95461 70
-0.668394 0.473221 70
41.129 10.9087 70
-10.0349 10.2054 70
-11.0057 0.934458 70
-10.0795 -1.35818 70
1.10456 49.1015 70
-20.6131 -30.74 70
-0.480066 -1.21389 70
-0.662225 10.8984 70
8.84386 30.5753 70
0.846485 10.3883 70
-10.6204 0.834858 70
-10.3727 0.240326 70
-10.9663 -18.9172 70
0.292299 11.1922 70
9.09832 -60.9108 70
-10.4901 -0.54184 70
0.252375 -21.4412 70
1.14229 -20.9918 70
-11.1741 -10.4037 70
11.0325 -0.716383 70
0.784806 -1.27971 70
-10.6997 9.52278 70
0.790332 0.376925 70
-21.2913 -30.5059 70
-0.977567 0.69761 70
-10.534 0.974031 70
39.1146 -9.55126 70
-11.0012 -30.6984 70
-10.8927 10.0056 70
-0.807464 10.4814 70
-0.151711 1.24047 70
1.40506 -0.529179 70
-0.247212 -1.40577 70
0.0344549 0.829368 70
-8.75985 -0.206323 70
29.8123 1.49838 70
10.7508 19.8507 70
-1.39352 -0.896913 70
-11.3876 8.57616 70
-1.44607 9.44702 70
0.90426 0.378886 70
0.782135 -0.291414 70
10.9874 -0.570092 70
-29.4163 9.38956 70
-29.2388 10.4339 70
-18.6645 9.06421 70
0.617857 -0.840298 70
-0.816259 0.784654 70
-10.6602 -0.317322 70
-0.356726 -1.17729 70
1.48987 -0.804539 70
1.47896 -0.595591 70
0.359235 10.4173 70
0.989112 9.36727 70
0.168622 -0.892177 70
0.952413 -11.4453 70
0.547568 10.7691 70
0.137128 -41.471 70
-0.913441 9.58652 70
-10.3736 -1.46079 70
-1.14505 0.0710436 70
-0.110794 -11.2599 70
-9.55182 -0.566085 70
-9.03528 -9.73525 70
0.599679 18.6014 70
11.332 -1.08919 70
-20.9008 -20.6565 70
-21.4549 -18.7146 70
1.32985 10.7116 70
-0.327052 -19.5063 70
-0.253473 21.0332 70
9.88939 21.0936 70
-1.24579 -10.5126 70
20.7289 28.8088 70
-0.0526613 -18.53 70
1.03498 -0.281324 70
19.2622 -9.64486 70
0.879132 9.16016 70
-0.709689 0.195228 70
9.84209 0.108225 70
0.647085 -0.220865 70
-0.81793 11.0382 70
30.0067 10.2518 70
-9.47927 8.56616 70
0.973869 21.176 70
0.947881 20.674 70
0.810798 -0.230416 70
-30.3013 10.0905 70
-10.8021 0.900323 70
-20.2731 10.271 70
-19.3675 -19.6868 70
-0.587051 -10.5611 70
0.0214096 9.07833 70
8.6003 0.253254 70
0.869387 0.808557 70
0.875197 -0.850803 70
-1.1944 9.68147 70
0.014461 11.4273 70
11.4858 9.34489 70
-0.0424682 -10.2984 70
-8.51794 -8.59708 70
10.0699 11.3161 70
10.8037 31.4473 70
-18.8528 -8.98679 70
-10.9311 9.59665 70
-19.4568 -1.28281 70
10.1606 29.751 70
11.2679 -18.7836 70
9.97459 -9.24869 70
-0.299133 -0.295466 70
9.97019 -0.522941 70
-0.097473 -1.03641 70
-10.9474 20.4586 70
-0.248952 0.41161 70
0.897564 0.821889 70
-0.527767 0.738459 70
20.8489 19.9369 70
0.37689 -20.0637 70
19.9803 11.1476 70
-11.0744 -0.295452 70
-20.6982 21.3907 70
-19.6543 20.8374 70
-18.9458 10.5888 70
11.0802 -11.4758 70
-49.0636 78.9722 70
-10.497 10.7326 70
8.52233 -40.7206 70
-29.6394 9.37687 70
1.42594 10.1209 70
-9.33005 -19.4335 70
0.58849 10.7069 70
0.536098 20.7152 70
-10.5848 10.3012 70
-11.2793 8.7646 70
-9.7824 -0.288557 70
-1.2734 1.23981 70
-11.0978 20.2992 70
-1.48574 -0.531422 70
-9.01639 10.2535 70
-10.7741 10.9503 70
-8.78198 -1.41472 70
-11.1702 9.45997 70
-9.83059 8.76581 70
-0.999324 1.3438 70
18.9363 -0.6502 70
-10.6885 9.06072 70
-9.42276 9.87863 70
0.775932 -1.33331 70
-0.745701 -0.541122 70
-109.265 0.917186 70
-9.90268 -8.74379 70
-10.5873 -8.70558 70
0.649129 0.439212 70
-11.2031 -49.7796 70
-10.1759 21.3836 70
-10.2974 1.00787 70
-1.27485 10.6118 70
0.110154 -0.366407 70
9.50485 21.3307 70
9.91841 -8.5424 70
0.291543 -9.40488 70
0.249446 1.28582 70
-39.4111 9.61435 70
-0.501549 9.10376 70
-18.7554 0.0590303 70
69.1124 -29.3501 70
0.238452 -1.36857 70
0.203233 8.58972 70
-0.516722 10.224 70
-0.449844 8.80367 70
1.15437 20.5523 70
0.0711081 1.41517 70
-1.27963 10.0975 70
-19.9457 21.1157 70
10.7647 1.30293 70
0.923247 -9.61563 70
-9.05539 0.853891 70
-49.1065 120.879 70
-0.441313 -1.31092 70
-10.4979 -0.0173544 70
-1.25041 10.5895 70
-11.2843 8.70061 70
-9.12528 -1.27061 70
10.1009 -30.3486 70
-21.1924 0.097715 70
-19.7306 0.788796 70
-18.7778 -10.0399 70
-19.9686 -10.5094 70
-79.7671 -59.0661 70
-1.19189 10.3607 70
0.139457 9.47079 70
-0.78414 -10.2026 70
-1.06232 -10.116 70
-1.02833 9.73668 70
0.0620007 9.46587 70
61.2517 51.0283 70
-9.8878 -18.6997 70
-1.17845 -0.255223 70
0.429362 -0.308603 70
-8.8978 -0.743186 70
-0.538917 10.7053 70
1.03536 10.9239 70
1.02272 11.1825 70
9.87761 20.252 70
-90.064 19.3366 70
10.6221 9.63906 70
-8.66761 -0.101109 70
0.23442 1.2754 70
9.56266 20.9753 70
30.2761 0.315803 70
-9.09228 9.36965 70
-10.6504 0.182449 70
-8.58163 -1.24526 70
-0.297832 0.960036 70
-11.4129 9.59343 70
-9.91577 -8.86605 70
9.48421 -1.06692 70
-10.6103 0.437857 70
1.15259 -1.49672 70
40.9642 -108.554 70
-30.5403 20.2486 70
9.55716 0.844601 70
10.3089 -0.846914 70
9.91021 29.4529 70
-0.0636164 11.4652 70
-0.143198 8.81839 70
19.7479 1.38405 70
-9.81606 28.7426 70
-18.6919 -19.3445 70
-11.4138 28.6301 70
-58.9308 -31.3602 70
-9.73604 9.18897 70
-0.897175 10.84 70
-19.5437 -30.1162 70
-0.826291 11.2566 70
-10.2046 -0.361137 70
10.7687 20.5031 70
-9.9894 -1.17487 70
-29.5409 -29.6381 70
-9.95096 -0.0381606 70
-1.23663 9.54624 70
-8.9753 -20.3306 70
1.18139 0.402721 70
-1.02657 9.95205 70
0.295831 0.371674 70
-0.716564 -11.3473 70
-8.94205 8.85659 70
0.421662 0.719439 70
9.71888 -0.182451 70
-9.62857 -0.467818 70
-0.243069 9.46557 70
-10.8743 9.29993 70
-10.3933 10.3721 70
-10.2846 50.7273 70
1.09625 9.39836 70
-0.838227 -0.182815 70
0.137573 20.1216 70
48.6803 -50.1933 70
28.9392 10.1764 70
11.3491 10.0843 70
-8.67059 -0.93695 70
-0.129382 9.92728 70
1.47478 -0.335854 70
-9.37337 -9.50469 70
0.00136608 1.25799 70
-1.32628 11.0001 70
-0.00279468 0.952825 70
-30.3111 0.755006 70
1.41387 11.0517 70
30.6705 79.6716 70
9.51668 8.64025 70
-29.6899 39.7851 70
8.63014 11.1427 70
-11.0444 0.688504 70
-1.12979 0.366112 70
1.43229 -20.9754 70
10.5867 9.82795 70
-11.3289 -0.399824 70
-1.45962 0.232889 70
-11.0554 0.522253 70
0.784122 1.27292 70
-11.3213 9.26999 70
-10.5483 11.4517 70
9.2633 0.443399 70
9.74852 10.4268 70
-70.3936 40.7974 70
-9.67158 -9.21903 70
0.587291 0.812051 70
-10.3697 0.0319077 70
20.2325 0.710277 70
-9.56162 -1.25063 70
0.903194 -0.854937 70
9.2341 0.778525 70
21.3249 -9.13305 70
0.27081 -0.557785 70
0.440181 11.0469 70
-10.3799 -10.4136 70
1.18668 -0.855489 70
-1.07697 -0.905299 70
-29.5981 8.87188 70
29.173 -9.34731 70
-0.116408 9.71369 70
40.9987 -101.09 70
1.4408 0.571574 70
-11.301 -1.2558 70
-9.46975 -20.7378 70
68.9717 11.1898 70
0.377411 8.64365 70
-9.43144 -0.331387 70
-10.8525 -0.291589 70
29.0005 40.8418 70
-0.59769 11.2064 70
-10.0275 0.975047 70
0.0721566 9.78738 70
-0.87626 10.6576 70
1.3877 10.226 70
1.29615 11.4155 70
11.1408 31.2417 70
1.39555 -19.9277 70
-10.1935 9.72387 70
-20.1716 1.49521 70
-10.6678 -0.949549 70
8.7279 1.38182 70
30.3601 -0.444892 70
0.336951 -0.611875 70
-10.1775 51.4936 70
1.01697 -0.869377 70
-10.1096 0.438452 70
20.9866 19.5318 70
0.0998528 -9.8582 70
-10.6843 20.065 70
10.1577 11.1916 70
-19.4691 9.91836 70
-9.98475 0.425771 70
0.6033 0.771709 70
0.219876 1.35306 70
-20.4996 11.2318 70
-9.80988 8.56124 70
0.437424 -8.99981 70
-0.192243 8.95745 70
-8.97814 10.2668 70
-0.875255 8.62109 70
1.27131 10.3065 70
-28.5582 9.85033 70
8.74572 18.9733 70
0.600835 10.6413 70
-10.3599 -19.6525 70
19.2588 20.2545 70
0.333489 0.105336 70
-1.14803 0.999705 70
9.43953 21.2104 70
-9.51434 11.1352 70
-10.9303 9.43225 70
1.48453 10.555 70
-18.8468 11.3846 70
-9.87461 -0.187765 70
19.7558 18.9891 70
8.86228 0.757482 70
30.912 -11.0181 70
-8.51787 -8.6399 70
0.33236 8.88965 70
-30.1597 -1.08671 70
0.505757 8.7969 70
-8.85421 11.283 70
-10.7425 10.5246 70
8.61329 -19.3134 70
10.7933 -20.266 70
18.5283 21.197 70
-8.60442 10.4516 70
-0.905969 -0.0707621 70
1.28796 9.84401 70
-1.30268 11.3513 70
-0.607239 9.80353 70
-9.86474 -10.3515 70
1.22707 -0.834551 70
-69.8821 -40.6217 70
-41.3386 9.48265 70
0.560679 30.6442 70
0.661208 -1.08725 70
-0.0458091 21.2463 70
-0.897967 1.28076 70
0.332165 -0.760032 70
1.02369 -0.268897 70
0.276206 21.3344 70
11.2521 -1.41913 70
0.453069 19.2158 70
10.36 8.6382 70
30.2815 1.04326 70
-20.0909 -1.20825 70
-10.6655 21.4533 70
18.8801 11.3404 70
0.0510817 10.0501 70
-8.92372 -11.376 70
-10.29 0.940223 70
-0.317181 18.961 70
0.0363634 9.91899 70
11.3372 -9.52593 70
0.371348 10.0664 70
1.36698 9.61387 70
-11.245 9.23782 70
1.24508 -0.63244 70
-20.0618 1.10557 70
0.0551853 8.56823 70
1.31944 -1.19234 70
0.755687 -1.16381 70
-69.9421 -19.2196 70
-9.66967 -8.75517 70
0.427387 -10.9726 70
-10.3519 10.5106 70
-0.248974 -0.282645 70
-0.56926 1.43568 70
51.3169 -39.7154 70
-10.2417 -0.221821 70
-1.44073 10.8573 70
1.45853 9.49659 70
-10.4677 -9.24015 70
-48.5081 20.8132 70
8.70918 9.09758 70
0.536148 11.0207 70
-10.0216 9.69157 70
11.2924 -0.60246 70
-9.95628 10.3609 70
-19.9299 0.843537 70
20.4269 8.54478 70
-9.48251 9.99614 70
0.194839 10.763 70
0.737506 1.24812 70
0.772536 9.41727 70
19.6076 29.7778 70
-9.24893 8.97681 70
1.43134 -1.34023 70
-21.289 0.268709 70
-0.962613 0.021887 70
-0.377334 1.08432 70
0.781679 19.1204 70
11.2724 1.3169 70
18.6414 -90.7024 70
-100.397 29.2611 70
-0.385948 9.51051 70
0.869837 11.3353 70
-0.548156 10.8022 70
1.35228 -1.41034 70
1.20784 1.09849 70
9.6822 9.74413 70
1.19525 11.3687 70
-0.299745 10.1913 70
0.514205 -1.30043 70
0.390923 -0.729623 70
-0.611598 -8.84942 70
8.56549 19.0096 70
-21.1492 -0.506543 70
-21.2988 -0.993645 70
-10.7835 -0.664857 70
-0.0101108 1.21197 70
-9.36884 20.7714 70
-9.64399 11.2998 70
-10.4299 1.34101 70
-0.102008 10.5965 70
0.419678 10.9196 70
10.6446 18.861 70
30.4848 -8.51024 70
0.516258 8.87369 70
-0.891958 1.28453 70
10.1269 10.4107 70
-0.18247 -1.31416 70
0.53655 0.180927 70
-9.96373 10.8335 70
-20.6639 20.6586 70
-0.0974837 -0.770961 70
-0.480642 0.0133176 70
1.43933 -10.4286 70
0.10456 41.093 70
-48.5578 -0.190311 70
20.2936 9.27207 70
-11.0079 0.408787 70
-0.975848 10.2218 70
0.788598 10.1689 70
-10.1158 -60.6952 70
-18.7339 11.2826 70
1.30511 -1.43149 70
1.1321 0.192274 70
-0.0363408 -0.809354 70
41.2989 41.0538 70
-19.4621 -39.2527 70
1.32434 -0.525905 70
-20.3382 -1.47328 70
-20.2204 8.83533 70
9.19617 19.7082 70
-0.815984 20.3713 70
8.85637 -9.65267 70
8.87195 29.1718 70
-10.0296 10.2831 70
-10.8157 10.79 70
20.1356 50.3829 70
-0.501571 19.364 70
0.205514 20.6424 70
-0.710303 1.40411 70
10.3278 -1.30281 70
-40.2654 -0.291952 70
-0.814876 -0.164892 70
-9.27942 -0.727498 70
-9.36167 11.1727 70
1.47688 0.988447 70
101.317 -59.8544 70
-10.5643 10.3171 70
-0.65528 8.84894 70
-10.004 -0.94563 70
-11.3245 -1.24241 70
108.864 -0.103965 70
-0.403733 19.6081 70
1.3112 -0.293798 70
31.2715 18.7153 70
1.14245 -0.601095 70
-9.68104 20.3926 70
11.13 11.2603 70
-70.9313 1.42608 70
-0.913432 9.70835 70
-0.947551 9.21883 70
11.4551 -19.6448 70
0.888522 8.5317 70
0.0462029 -0.969813 70
-20.3978 30.1813 70
-19.6948 -51.2209 70
-19.5581 -50.0903 70
-0.209567 19.4081 70
-11.0522 -18.7575 70
10.0504 10.6496 70
30.2602 -18.9312 70
-9.17126 9.81092 70
-0.470051 11.0308 70
-8.80661 20.0292 70
1.42609 -0.721709 70
-0.688989 0.624615 70
-1.31375 0.359623 70
-11.2231 18.8253 70
-20.0388 20.5544 70
1.01324 -1.41632 70
1.38247 -1.04645 70
-9.3471 -9.92685 70
-10.3991 20.3836 70
10.8134 -0.754948 70
-19.6445 9.87704 70
0.290647 9.85769 70
-9.50906 0.145939 70
-11.1677 0.531336 70
-0.177458 -0.338064 70
0.469967 -40.3702 70
-0.0959235 9.6547 70
-9.27486 -20.0188 70
0.483215 10.0202 70
-0.642871 8.84483 70
0.0572658 1.34894 70
-0.78212 0.250168 70
-0.50286 1.42357 70
-0.541663 0.511573 70
30.901 20.1243 70
-11.3447 -0.844129 70
-0.629395 1.33719 70
9.0737 19.563 70
-20.5857 -59.8255 70
0.344128 11.4159 70
-11.4757 -1.30756 70
-9.01608 -0.785123 70
0.282541 10.2312 70
0.320283 19.9467 70
-89.4305 0.468326 70
9.49708 9.08839 70
-10.4802 58.7566 70
-9.26609 20.6898 70
0.479956 -10.5617 70
8.95585 -38.6097 70
-18.5992 30.8725 70
-0.689045 1.2561 70
0.633281 -0.678612 70
1.35004 0.607047 70
-10.404 -18.5191 70
-1.07587 0.272058 70
-20.0426 18.9578 70
-21.0773 18.859 70
21.1973 -50.8608 70
-61.1452 41.1289 70
-20.8016 -10.8472 70
0.000139 1.28085 70
19.1748 -10.0581 70
-9.09356 -0.902749 70
-28.5254 9.29083 70
1.04573 0.76505 70
-10.2335 -0.443534 70
11.0879 19.0551 70
0.715434 -1.3022 70
-1.47652 -0.0460885 70
-1.0707 8.74776 70
0.0742811 -0.942368 70
-10.9223 -10.0666 70
9.93181 10.6457 70
8.68392 -0.311267 70
-10.395 1.17883 70
-30.9528 -0.549202 70
18.5344 1.35706 70
0.780063 9.83726 70
0.435101 8.69864 70
-9.06737 0.128586 70
28.5791 -10.7853 70
-11.1525 20.1514 70
-40.6182 11.1015 70
1.31615 -0.320363 70
-8.98251 -11.3173 70
-8.65454 0.872842 70
10.1835 0.95893 70
-0.756127 -0.829628 70
-8.54354 0.280583 70
-0.144009 10.4701 70
-0.834802 11.1872 70
-9.31018 19.8057 70
-18.8299 28.832 70
