-10.9707 10.5313 70
-38.8051 18.9769 70
1.24459 0.679648 70
-0.61205 -1.07425 70
0.387343 -0.742405 70
-11.0532 31.3299 70
41.4844 -19.9146 70
0.456786 0.572974 70
-0.212263 0.453661 70
-39.9672 -21.3422 70
8.57595 -1.0957 70
-11.093 1.28382 70
-11.344 0.227465 70
8.55565 8.93526 70
1.40945 11.0711 70
0.260175 10.1973 70
0.413734 -0.979073 70
0.527609 -10.8201 70
-1.3741 11.056 70
-0.183368 -39.9926 70
-9.28817 40.3999 70
-0.121418 20.3314 70
0.669976 -19.3348 70
-0.785821 -10.4967 70
-1.0508 -0.839183 70
-0.715551 -1.2828 70
-11.3826 11.4935 70
1.21018 20.0486 70
10.7556 -10.827 70
1.05782 21.2878 70
-0.687706 10.1684 70
-0.285181 -0.238392 70
0.59671 -0.775075 70
-0.492217 0.443277 70
-0.503754 -0.824615 70
-9.3444 11.2668 70
10.4388 -0.538762 70
1.05256 0.271775 70
11.0239 -1.16909 70
-39.6022 30.7245 70
-0.202523 0.947899 70
-29.2603 39.3055 70
30.5955 0.0346587 70
-1.05643 0.304008 70
1.2208 -0.961552 70
10.5468 -9.32867 70
1.05188 -9.29082 70
-0.778601 -0.773694 70
0.0977743 11.1933 70
0.342916 -0.114104 70
-11.0516 -11.0906 70
-9.63136 -8.59946 70
-8.78637 10.9848 70
-19.0964 -9.60287 70
-8.5595 9.34071 70
8.99716 0.814389 70
-9.44509 -0.240403 70
-1.00539 1.41374 70
10.6973 8.58495 70
10.8852 -0.533421 70
9.45427 -0.629969 70
0.00983983 -0.159838 70
8.83754 11.166 70
0.0308169 -1.05542 70
11.42 1.116 70
-9.78776 -0.630962 70
-1.02543 -1.43737 70
0.384163 0.222327 70
-0.889338 8.59697 70
-10.6956 1.1707 70
-1.1595 -0.445657 70
-0.243788 9.97997 70
-0.424599 -30.4574 70
-19.4191 20.7302 70
-0.87944 1.06261 70
9.65972 -0.845591 70
1.39905 -1.10575 70
-1.35184 0.380456 70
59.1556 -10.4472 70
-1.46727 10.1915 70
8.64803 11.4106 70
11.1706 9.60643 70
0.81088 40.6288 70
-20.3684 -0.997933 70
-1.47853 10.6311 70
0.424 1.36202 70
0.940121 0.811015 70
20.4406 11.4969 70
-0.712023 -29.5268 70
0.778088 -0.483496 70
-0.161057 0.394219 70
1.45737 1.06062 70
-0.832352 0.475945 70
1.11715 -0.531293 70
-0.131893 -0.774378 70
0.258526 -0.547027 70
-10.639 -10.4236 70
1.10593 0.1055 70
0.105708 0.895626 70
-0.832776 -0.710143 70
-19.1921 18.6082 70
-10.5617 -0.112625 70
9.31476 19.4856 70
-0.0225625 10.747 70
-1.20647 10.9746 70
70.4351 8.72243 70
-1.16901 -8.61047 70
-0.23741 0.666135 70
1.47833 -0.772856 70
-0.130904 0.966289 70
10.9985 1.37915 70
10.4202 21.1829 70
-8.90053 -20.7471 70
-1.30681 8.61049 70
0.775946 1.21079 70
10.8753 -19.1154 70
-11.1981 0.272544 70
-41.466 -20.752 70
9.56349 -0.646846 70
-1.29492 -0.850465 70
11.2781 9.00587 70
10.7584 0.0664331 70
11.3838 -29.4552 70
-1.00335 -10.9425 70
-9.0383 -60.1806 70
10.1435 20.528 70
-11.2561 9.04966 70
0.673572 -1.06351 70
1.19609 -1.08881 70
-1.08899 0.994848 70
-8.94976 9.4878 70
-0.384873 1.0191 70
10.4861 10.9068 70
-1.24856 1.09786 70
39.6659 68.7479 70
-19.43 9.94136 70
-19.8255 19.19 70
1.21719 8.67873 70
9.07681 -11.4551 70
9.12836 -10.462 70
1.14441 -0.374243 70
18.699 -0.728346 70
11.0527 -28.6192 70
48.5145 -110.54 70
-19.7844 -8.86172 70
0.404635 18.7373 70
-11.2584 -9.39121 70
-10.7882 -1.44341 70
1.22875 11.3937 70
-0.810588 -10.3065 70
10.0025 9.03325 70
-9.12021 -0.205762 70
-10.8777 -1.45842 70
-9.36952 9.0087 70
-0.874162 0.788349 70
1.17539 0.322918 70
-9.66488 -0.0597172 70
9.27887 -0.447322 70
10.2986 0.913479 70
0.0850809 -1.26164 70
1.25857 11.4007 70
9.43257 -1.06913 70
-18.977 -0.942992 70
-10.7466 -10.5853 70
1.20649 0.665095 70
0.646271 0.737399 70
-9.34904 -9.55393 70
-19.3707 -29.0421 70
-1.32578 29.5948 70
1.09365 -1.33733 70
9.87847 -11.23 70
-10.3773 1.17181 70
9.09427 -8.56281 70
19.9875 40.688 70
0.933581 -0.040763 70
-9.55908 9.46825 70
-30.7366 18.6886 70
-39.7993 1.06904 70
-0.151134 1.43495 70
-28.5794 -1.29475 70
-49.9254 -60.0776 70
-0.807137 -30.9498 70
0.635406 -0.211786 70
-0.671977 9.28485 70
-0.467391 8.51481 70
-0.119891 0.827745 70
-0.630215 10.2982 70
10.6973 -61.0205 70
11.0745 0.0708658 70
-0.00797073 -1.24409 70
1.24868 9.55805 70
-19.4931 -1.22669 70
0.912021 -1.2784 70
10.8938 8.57582 70
0.699328 -21.1757 70
1.07346 -1.08849 70
-9.12086 -18.8805 70
1.45664 -8.62722 70
-10.6396 -8.85028 70
0.799548 0.156885 70
10.813 -20.9374 70
0.901266 -1.27511 70
11.2856 -11.1145 70
10.5666 -11.302 70
0.905019 -1.01423 70
0.877721 -0.679494 70
-11.4901 29.1891 70
-0.307257 -8.77066 70
18.7618 -10.3466 70
-10.9619 -8.99862 70
-0.32903 10.905 70
1.24697 -10.6393 70
0.977082 0.55326 70
-8.80572 -1.01355 70
-1.3925 -0.655287 70
1.23864 -0.127048 70
-10.1453 -0.285982 70
0.316517 -0.367044 70
-10.0519 40.1001 70
-10.7535 39.5175 70
-8.75335 -1.04356 70
0.311964 1.36886 70
-10.7055 10.1687 70
-9.34554 9.76036 70
-9.96569 0.148584 70
-10.9855 -11.3692 70
-29.9635 0.595703 70
9.7253 1.48998 70
-20.2146 0.773458 70
-0.156308 11.2803 70
1.21235 30.7336 70
-11.0881 -11.3154 70
-10.8329 -0.778343 70
9.51277 10.3623 70
-1.33046 -1.38394 70
1.03793 0.977331 70
-1.4347 1.47462 70
8.93454 -9.63521 70
-0.413393 -0.667194 70
-20.6132 59.9575 70
10.5791 29.317 70
-19.8876 -88.87 70
0.807832 1.44632 70
0.966272 1.03461 70
-10.2467 -9.91733 70
-30.1688 -41.0839 70
-28.8342 -41.0707 70
1.09646 19.07 70
-21.1383 11.291 70
-11.0539 -10.979 70
-8.73725 30.7697 70
-28.8747 -9.891 70
50.828 40.6303 70
-1.08053 0.851021 70
-9.36206 -0.0389824 70
1.02998 0.653771 70
-1.39341 -9.2335 70
-0.0977117 0.852207 70
9.80276 8.55927 70
-0.593048 -0.500964 70
9.38026 -10.4799 70
1.3272 -1.4182 70
20.1493 8.59728 70
9.03345 9.18885 70
-1.03922 1.40751 70
21.3819 79.5626 70
-11.2942 0.515648 70
-11.2371 -19.6228 70
-18.9664 21.3941 70
-1.36588 1.13746 70
-0.641416 -1.0029 70
-9.28771 -49.1652 70
-0.796963 -0.87851 70
-0.5311 0.891816 70
-10.749 9.74221 70
0.0135871 -0.845361 70
-1.2555 -0.229635 70
1.02274 -0.541332 70
1.37884 1.39108 70
11.1972 8.62977 70
-1.42989 -1.25534 70
1.24885 -0.737489 70
0.93713 0.311205 70
-0.851324 1.09307 70
-1.18889 11.1256 70
0.658908 1.05689 70
-0.0692502 0.547288 70
0.645207 0.646333 70
-41.4767 -1.39913 70
11.124 10.3602 70
0.0744814 0.700319 70
-1.49168 -11.0984 70
-19.145 20.755 70
0.122029 -1.44041 70
-1.03427 10.9526 70
10.336 -0.101913 70
-0.990914 -1.16292 70
-11.0452 -1.00088 70
-10.326 -0.247396 70
-9.23635 0.191494 70
-9.44017 18.7833 70
-0.944889 -0.358822 70
0.755591 8.56273 70
-9.84767 0.0414495 70
10.334 9.0808 70
-9.14666 0.93878 70
9.60505 -0.888699 70
10.3363 11.275 70
-10.734 19.488 70
9.61179 1.12764 70
0.858905 -0.111045 70
-0.101096 1.16228 70
9.25659 0.346984 70
0.835648 -0.619363 70
-9.44094 18.8024 70
-0.243757 1.09902 70
11.2091 11.1641 70
0.971159 -0.686329 70
-10.3807 20.8978 70
-0.977375 -0.0209134 70
0.145776 9.14513 70
-0.459765 8.71379 70
-1.22695 -11.047 70
0.617344 0.422577 70
11.4193 -1.37249 70
0.292664 0.757108 70
-0.486546 9.8709 70
0.251925 -1.44344 70
49.9234 40.2483 70
48.8418 39.7034 70
10.1203 30.0759 70
-8.82717 0.508416 70
0.859633 0.429885 70
-0.820426 9.88225 70
-10.4573 -9.97726 70
9.45836 -9.95332 70
11.1967 1.19415 70
-0.655014 9.58783 70
-20.6275 10.6843 70
-9.24608 -1.02459 70
1.22956 0.369779 70
-10.174 8.93835 70
1.41371 -0.671973 70
9.55768 1.34626 70
-10.6895 10.7449 70
50.935 10.547 70
-10.4783 1.35219 70
-11.1964 -0.292791 70
-1.38671 9.0439 70
-30.8415 38.6385 70
-28.7727 40.2364 70
-0.63429 11.2966 70
0.274305 9.67658 70
40.6592 8.5917 70
-9.274 -10.3288 70
0.201672 8.73738 70
-8.86664 0.0523669 70
40.436 -29.56 70
-10.1925 9.63965 70
0.237523 -0.966654 70
-0.378885 -0.357397 70
1.03887 -1.19812 70
8.60031 -48.6304 70
9.55629 9.04322 70
11.3003 9.91071 70
-0.408358 -1.40529 70
-10.2563 -9.9416 70
0.659397 9.53971 70
0.524429 8.763 70
10.2203 -0.973933 70
1.06158 -11.3741 70
9.01176 19.3597 70
-11.4399 0.0844272 70
-0.413606 8.70065 70
0.950347 -1.42503 70
38.6269 -0.892738 70
-0.1988 9.75479 70
-0.468627 -0.508272 70
9.95171 28.7203 70
-71.1253 69.3484 70
0.592979 -1.46551 70
-10.1329 1.46693 70
-1.3522 -0.67145 70
-9.83021 38.7964 70
-20.1407 1.49986 70
0.00436361 0.0748803 70
-8.59456 0.672585 70
-19.9883 28.5696 70
-80.5762 50.4063 70
-0.286905 -1.32285 70
-10.1498 0.298206 70
-79.543 -0.764532 70
20.8759 -30.9816 70
-0.934129 0.353142 70
-0.370526 1.06723 70
1.45875 0.261418 70
19.7646 -0.966555 70
-1.11604 8.51779 70
11.0966 -10.9781 70
-0.343347 1.40192 70
-9.46824 8.6666 70
-1.49318 11.3912 70
-9.05801 0.948202 70
-10.7371 -9.99524 70
-9.98022 8.55654 70
-10.4394 9.60016 70
11.0627 -0.0269904 70
-0.911561 19.7784 70
1.38251 10.2198 70
-9.76474 11.1033 70
-20.5919 8.91398 70
0.819202 -0.854129 70
19.0878 0.0558042 70
0.317305 1.01759 70
20.8552 -10.3803 70
-0.433698 -1.45964 70
-11.1435 1.17414 70
-0.917742 1.29992 70
10.0703 10.5079 70
-10.5624 0.23074 70
-0.72868 0.575637 70
-9.36369 21.3214 70
-0.850709 -0.200306 70
-0.894109 0.481011 70
-10.007 19.4229 70
0.38275 11.3651 70
1.20486 -8.68178 70
-0.977833 -0.0233707 70
-0.846153 -0.509319 70
0.444831 0.889414 70
-11.4254 -19.0084 70
71.0863 -9.30141 70
0.921029 -0.302906 70
0.568676 -0.513878 70
0.74753 9.60056 70
-9.56112 0.096063 70
-11.3963 10.9713 70
-18.6939 41.0975 70
-1.40799 8.67053 70
10.9908 49.8307 70
1.43877 1.27671 70
1.47465 1.39229 70
101.252 120.798 70
9.68587 -0.184523 70
-10.9737 10.2454 70
0.427326 0.929774 70
1.13438 -1.41196 70
-8.81027 11.3536 70
-9.44585 10.2032 70
-8.92063 20.71 70
0.751318 -0.163656 70
10.0381 9.87752 70
0.845623 0.412325 70
-9.8721 -8.51257 70
0.174222 -21.3555 70
1.30181 11.2917 70
-10.3373 -1.24941 70
-1.39972 0.71412 70
-1.48069 -0.310433 70
0.762965 -1.01248 70
-0.956653 -0.6935 70
-0.0910828 0.0120368 70
-0.0540667 -21.2521 70
0.945939 -0.982952 70
-20.8417 -38.6949 70
-20.221 -10.7141 70
51.0841 -60.6578 70
-8.90557 -0.548234 70
-1.04166 18.6107 70
-0.955204 0.0385025 70
-0.738772 -29.6079 70
11.255 -18.7907 70
-58.8403 -48.8845 70
-0.312851 -21.4357 70
-10.8478 -0.856551 70
-11.4283 -1.04911 70
-10.6766 0.449094 70
-10.9502 8.97037 70
0.148157 9.23038 70
-9.99153 -0.590707 70
-20.939 19.4797 70
-28.875 31.0018 70
1.22547 -0.262859 70
9.0547 -10.7958 70
1.31717 8.67848 70
-21.4188 -10.9987 70
-11.4159 -1.04921 70
-1.16477 -8.69537 70
19.8641 -18.5995 70
-1.22233 0.0100675 70
9.28079 28.5821 70
1.36135 -1.00302 70
0.0622088 0.261198 70
-0.945406 -10.752 70
-0.921887 0.616883 70
1.39277 -0.871955 70
0.0827171 -10.1629 70
-1.14669 0.300526 70
9.91548 9.32722 70
0.690219 10.5429 70
1.03825 -9.78353 70
-0.167675 8.99339 70
0.398778 0.768084 70
-0.703869 -29.5511 70
10.2443 -8.50685 70
8.51243 8.73324 70
10.8955 0.360384 70
1.39817 0.0950439 70
-0.579679 -9.11593 70
-1.37872 -1.19877 70
-0.931072 0.788222 70
10.2526 10.7707 70
-0.170058 11.1173 70
-0.496973 -1.07243 70
0.354109 -20.664 70
1.04339 -1.35906 70
28.7542 51.3356 70
-1.28833 -0.975564 70
0.833809 10.7519 70
-0.335255 -9.19335 70
19.0374 9.70561 70
10.8107 9.41387 70
-9.63829 0.776971 70
-1.07652 -0.749302 70
-0.93723 0.19554 70
21.2497 -18.9842 70
21.1158 0.463864 70
18.8602 -0.0830204 70
0.986336 -0.865882 70
-0.53122 -0.29848 70
-10.598 0.725463 70
0.343937 9.03236 70
-10.384 10.2775 70
-9.91257 -9.12637 70
9.34659 10.1883 70
-9.00396 -1.31893 70
-1.30828 -18.8407 70
1.06936 1.4795 70
20.0541 -0.857777 70
0.404777 0.47449 70
-0.48366 1.0907 70
78.8443 -21.1361 70
9.73403 10.259 70
-9.11539 -29.7479 70
-0.650512 -1.0247 70
8.57236 0.144748 70
-10.0313 18.9591 70
11.2815 11.3204 70
0.112321 9.89668 70
-11.3843 1.20614 70
-30.9083 9.89404 70
-0.995238 -0.0410625 70
-1.29074 0.84202 70
0.282805 0.0589865 70
-0.100749 1.01401 70
-0.682577 9.76503 70
1.10181 -10.577 70
-9.78337 -11.1044 70
-8.59415 -8.99163 70
10.7768 -1.19822 70
9.45004 9.29137 70
0.790083 9.77843 70
-0.844971 0.802424 70
11.2411 1.22253 70
0.0506434 0.580871 70
1.00876 1.46072 70
39.2201 -39.0017 70
1.44406 -9.32309 70
1.44702 -21.2738 70
-0.240846 -1.07635 70
-10.8914 -18.5955 70
1.39386 0.549461 70
-0.80896 11.3391 70
-0.815906 -0.223281 70
18.8493 -29.7248 70
-9.41871 -0.1355 70
0.979683 -0.414073 70
9.54773 1.46329 70
-8.9826 -1.03892 70
1.15437 1.4169 70
-1.135 -0.948257 70
-10.4217 19.577 70
-0.301176 0.299747 70
1.12346 0.351005 70
-8.86667 40.2044 70
-9.65943 10.5628 70
1.02509 -0.366003 70
-8.86936 11.474 70
0.0127231 1.11554 70
-1.24548 -8.54289 70
10.5767 9.72288 70
-11.4537 0.597502 70
-9.7991 1.42946 70
0.989551 1.10458 70
1.47707 0.766344 70
-9.65167 -49.4723 70
-1.40347 9.9115 70
-9.80362 -11.2814 70
-0.146635 -0.613711 70
-9.74366 -10.2976 70
19.4076 -29.1102 70
1.27852 -0.901701 70
-0.405904 1.34056 70
8.82825 8.88205 70
0.162746 1.48643 70
0.0606532 1.06285 70
-0.303367 18.6042 70
0.825595 -0.179879 70
-39.0249 8.50964 70
-1.38545 29.8992 70
-59.8739 88.7736 70
-0.676641 10.4379 70
-11.3963 -9.69253 70
-10.5283 1.18884 70
98.5897 -50.0628 70
8.86986 19.0247 70
21.4265 8.79356 70
-0.279545 10.2225 70
0.953028 0.679944 70
8.70028 0.51386 70
-1.08664 -11.2955 70
19.4676 9.71476 70
-11.1041 41.4087 70
-30.8194 -8.71771 70
9.23457 10.4933 70
59.3853 -89.1609 70
-0.0189452 -0.326787 70
-8.68285 -8.90069 70
-20.5489 1.1023 70
-29.9392 49.8545 70
-31.0036 49.6614 70
0.167666 0.918399 70
-10.9501 11.2158 70
-0.650034 0.461814 70
-10.5637 -1.17096 70
-0.146668 -31.1127 70
11.2007 -10.1613 70
-0.213902 9.77566 70
-0.110563 9.61856 70
-8.58326 -8.85497 70
-11.2837 1.19934 70
-0.799727 -0.322062 70
0.89619 0.142444 70
1.29437 -10.648 70
-1.39386 0.342136 70
-0.275979 -1.21479 70
-0.0368347 1.11503 70
-50.2304 18.948 70
0.0566284 100.32 70
-0.862667 -0.872076 70
-0.574081 1.07478 70
-0.383911 -0.827948 70
-8.74337 10.2109 70
19.07 -10.3206 70
18.8216 0.194667 70
8.64333 -0.717605 70
0.560452 -1.35863 70
1.02373 -1.3562 70
0.58831 9.62996 70
1.10375 1.43741 70
1.46606 0.439695 70
-10.1504 -9.41965 70
20.5796 -10.239 70
10.3104 -18.993 70
-9.73468 8.57291 70
28.8008 11.0985 70
10.0138 20.491 70
10.1272 10.3472 70
-1.2297 10.0079 70
-20.1448 -0.778907 70
-9.16787 20.2095 70
-0.841883 -8.9424 70
-0.727457 9.92478 70
-1.01365 0.50469 70
0.555522 -1.37487 70
-9.84567 30.8357 70
-0.798722 -0.215994 70
0.872917 0.104362 70
0.00778732 -8.57927 70
0.836915 -10.7123 70
-10.5608 10.3849 70
1.11678 19.8514 70
1.08796 1.04685 70
30.5748 49.3863 70
-9.89561 -0.0334434 70
-8.50389 -0.32057 70
20.4564 -0.256862 70
21.1774 -0.586026 70
-0.930484 -0.645191 70
-20.8054 21.4914 70
-31.2111 -0.63923 70
-1.097 1.4506 70
-1.28763 10.8035 70
-9.23287 -11.0709 70
1.17195 -20.5711 70
-1.18061 -0.101986 70
-18.8043 -8.64624 70
-10.6959 -10.8246 70
-0.229191 -0.27041 70
9.43765 -11.3809 70
1.10156 1.45391 70
-0.459605 1.03504 70
0.562465 0.517274 70
-10.5539 0.718514 70
-0.959621 -0.0834001 70
9.94783 -21.4539 70
0.0639211 -10.6027 70
-0.24562 0.808125 70
-1.20096 -1.03718 70
0.0518102 -1.1909 70
-11.3092 -9.18796 70
-9.34689 -30.6587 70
0.0535389 -1.31527 70
-1.10511 8.59291 70
-21.2881 -21.001 70
-21.3559 -21.1157 70
109.529 18.7678 70
-0.525809 18.6377 70
0.061341 -1.08803 70
-11.049 8.50943 70
-20.1699 1.1625 70
0.053497 0.0312917 70
9.80089 0.327543 70
0.125552 -1.19453 70
-8.71425 10.0003 70
11.1093 19.5467 70
9.76862 11.0097 70
-20.6152 -11.0799 70
-19.5824 0.935814 70
-19.0508 50.474 70
0.439188 10.3361 70
9.95844 19.3008 70
-1.3656 -0.0430092 70
-10.6363 -8.9329 70
-10.7135 10.3832 70
1.41578 -1.04632 70
1.27661 -0.346499 70
-10.6027 -0.891744 70
9.16514 20.1964 70
-0.61929 -9.81485 70
20.5067 -0.659245 70
1.47128 0.563422 70
-18.5532 1.23635 70
-10.2007 -0.335003 70
0.397538 0.595523 70
9.6268 -21.2348 70
-8.7408 -0.693305 70
-10.4824 11.2715 70
-19.0215 11.0892 70
0.633319 -1.29692 70
30.867 -1.25114 70
0.79074 0.504595 70
-0.504026 1.49581 70
0.943243 0.542118 70
-10.0443 0.351938 70
0.000192144 1.44969 70
41.0124 49.0746 70
-19.1154 9.73228 70
-0.940894 -1.48863 70
0.425736 18.59 70
0.99562 -0.775922 70
-0.541637 -10.9785 70
0.141711 10.118 70
1.16666 0.266126 70
-10.9186 1.02062 70
-1.09247 21.2422 70
-1.30673 1.37185 70
0.638179 -0.0180534 70
-9.04167 -18.8273 70
-20.596 -1.06923 70
-0.12695 10.8985 70
-21.4924 29.8333 70
0.165142 -1.41373 70
0.774482 -0.654662 70
1.0682 10.7859 70
-1.38581 8.78881 70
-0.313795 0.0102515 70
0.74315 -0.0780356 70
0.975632 -0.448856 70
0.951366 -1.40117 70
-28.772 19.8159 70
-20.7113 10.41 70
-20.4172 10.3489 70
11.085 29.456 70
0.786007 0.450597 70
-0.636915 8.93614 70
-49.8987 -9.47108 70
9.44715 10.1424 70
-1.02835 11.2582 70
1.11755 1.47302 70
-11.2567 -0.816652 70
58.5829 30.9411 70
9.90513 19.8972 70
19.4113 11.0329 70
-9.86833 1.23396 70
20.5215 -10.6882 70
21.4689 -9.49636 70
10.8833 1.29142 70
11.4604 8.75427 70
-0.347105 0.427192 70
9.83518 9.38883 70
0.180931 8.71155 70
0.192601 0.696311 70
0.404843 -0.0684459 70
-9.77324 -0.742533 70
-0.995646 -0.621633 70
-20.5349 -9.80008 70
0.307483 0.589225 70
-11.3199 28.758 70
1.05653 -0.288901 70
-0.665083 -1.06105 70
-19.8064 -0.0885935 70
-0.943156 -49.2557 70
0.333972 -1.46743 70
-30.5942 -19.0043 70
