-9.92289 -20.3833 70
-1.15219 -0.809357 70
8.83939 -10.6672 70
-18.5794 11.1242 70
-1.324 -0.113674 70
-0.687518 -0.194395 70
-1.04437 0.827332 70
0.420794 -9.50952 70
9.38234 0.269119 70
9.16756 -0.744428 70
0.691533 9.08595 70
1.37462 0.83966 70
-59.1483 19.8401 70
-1.33482 -1.44023 70
30.1448 -8.60135 70
-11.101 8.60681 70
28.717 11.1621 70
-10.1428 -9.76604 70
0.80683 -0.207433 70
0.380581 -0.811958 70
19.7852 49.6332 70
20.5826 48.7449 70
19.2557 49.391 70
-8.72093 -9.99554 70
-9.98259 -10.7535 70
0.374298 -0.146659 70
-1.32355 -8.6978 70
0.729526 -1.28943 70
-58.7346 -18.9766 70
-59.7506 -20.8095 70
1.08687 -9.19023 70
-8.7625 -8.60581 70
0.864806 1.19288 70
-31.2029 9.53993 70
-19.7508 30.3047 70
-20.4964 29.1316 70
-0.561397 -9.28694 70
-0.994836 1.24154 70
-9.76021 -10.8113 70
11.3289 -1.17206 70
-30.4215 10.9722 70
0.849021 -11.1161 70
19.8459 -10.7755 70
-11.4286 10.8313 70
-9.60397 -18.7215 70
1.41255 0.663183 70
0.920757 -10.5185 70
0.746086 0.584179 70
0.782973 0.916153 70
-40.0882 10.6854 70
-0.205654 11.4534 70
-61.2798 1.15048 70
-10.1326 1.20908 70
-9.34636 10.3662 70
-10.401 -10.0724 70
0.0237822 -10.0851 70
0.562334 -30.2921 70
1.30468 -0.6681 70
20.2789 0.533453 70
18.5122 1.25589 70
-9.76825 11.3226 70
0.236911 -10.8028 70
0.830989 -9.47112 70
10.0477 9.81239 70
10.2419 -9.42623 70
9.53574 -8.73849 70
21.1874 -11.3453 70
1.24504 -0.798691 70
20.551 1.29878 70
10.3524 -9.10168 70
1.05788 -9.01397 70
-38.9642 -1.1595 70
-9.88913 1.05344 70
-9.24573 0.15588 70
-0.391773 0.930824 70
0.978391 -9.82933 70
1.14594 1.27637 70
0.244532 -20.0459 70
-29.5958 0.307642 70
1.28281 1.47914 70
-0.58204 0.596746 70
-9.02759 29.9269 70
-0.381112 -0.239107 70
-9.11912 38.5776 70
-0.126831 -9.90015 70
-0.287217 -20.746 70
-8.81805 1.05796 70
1.38342 1.07986 70
-19.1088 0.474163 70
-0.575015 10.1072 70
-21.1425 1.16175 70
0.550319 -1.20074 70
0.919354 9.5852 70
-0.950921 1.23093 70
0.477066 1.24851 70
1.44696 -1.30108 70
-18.7051 -121.404 70
30.2347 -18.9134 70
10.5177 -11.4177 70
-20.4903 -10.2119 70
10.7422 0.594122 70
-1.06961 -0.891236 70
-9.54085 -10.6391 70
0.752751 -10.2073 70
-11.179 -10.0917 70
-31.1777 -61.2937 70
0.458606 10.0274 70
-0.576973 -10.751 70
-29.3294 -70.7749 70
-30.4946 -70.3317 70
0.867229 0.910582 70
1.4465 0.00664342 70
1.04103 -9.14855 70
-0.599385 -9.52051 70
-9.1984 -9.894 70
-9.42005 -10.9094 70
-1.33437 0.997597 70
-10.3442 11.3693 70
-0.648542 9.67685 70
10.5423 -9.27085 70
-10.0235 -0.758369 70
-9.08591 -0.399609 70
1.39859 -9.77663 70
11.3822 -8.6514 70
0.572984 1.29167 70
0.384049 -0.967334 70
11.4922 -1.4126 70
10.6197 0.168438 70
-8.54507 -9.77647 70
-21.1254 11.0339 70
0.17889 0.122009 70
-10.9499 0.761747 70
0.45594 -20.2492 70
-1.19433 -0.24857 70
70.6872 -29.7041 70
-70.5921 11.0889 70
9.88184 -11.1995 70
0.0997711 0.0759267 70
0.815441 1.14151 70
1.31575 -1.38722 70
-9.57344 -11.1678 70
0.166792 -31.4645 70
1.24262 -8.65728 70
20.2529 40.0593 70
9.28915 -38.7012 70
-1.23757 -9.78317 70
-0.974423 -0.821333 70
10.9878 0.587531 70
19.5589 18.6967 70
9.26816 -8.8563 70
-20.1494 -10.1737 70
11.1882 61.2369 70
8.85941 -21.2211 70
10.2919 -9.81372 70
0.740365 -11.023 70
-9.50766 -9.53902 70
-10.8112 -0.156584 70
-1.36489 1.04475 70
-9.89443 -8.80856 70
-9.30537 1.0571 70
0.453084 -0.616718 70
19.3396 -9.49935 70
-21.3314 -21.1798 70
-9.67881 9.30662 70
-0.565392 9.47119 70
0.276665 -0.671229 70
-0.6957 -0.212332 70
0.747738 0.927777 70
-0.103928 1.46884 70
-20.0922 99.4846 70
-8.65675 1.16271 70
9.12269 -20.7455 70
19.9444 -10.3299 70
1.16619 0.317555 70
-1.18364 1.44998 70
29.6857 8.85078 70
-10.3909 -19.7309 70
1.31271 -0.335934 70
-1.44806 0.42869 70
9.92845 -18.9121 70
10.9332 -19.663 70
0.439544 0.160528 70
111.125 0.900405 70
-0.120603 0.568372 70
21.4579 9.2734 70
39.9787 -11.3041 70
-0.282265 0.101507 70
-1.45309 -0.577879 70
21.0434 19.4722 70
-9.35698 -9.21075 70
-0.955653 -10.606 70
-18.735 0.427166 70
0.76984 -0.33904 70
0.12919 -0.898149 70
0.852827 0.048399 70
-1.44929 0.652626 70
-9.15225 -9.95917 70
19.069 -91.218 70
0.206138 29.8435 70
0.476581 -0.82778 70
-20.2214 19.2525 70
9.93424 58.7992 70
-0.245776 -30.7472 70
9.62947 -9.80533 70
-9.8076 9.92962 70
30.1535 -10.6356 70
-0.506388 59.8013 70
-0.538057 59.8148 70
11.4357 10.7118 70
1.42582 -0.778174 70
-30.3439 -1.03449 70
-9.46554 -0.418948 70
11.223 -10.5566 70
10.7068 -11.3842 70
9.04963 9.38756 70
9.44234 9.42483 70
-0.575887 -1.38021 70
9.07143 8.55951 70
8.64518 -29.6037 70
-10.9756 -60.4028 70
-50.4427 29.26 70
-11.3515 -10.6481 70
-0.391582 11.0613 70
9.3023 -10.2767 70
-20.9323 -11.0626 70
-9.79078 0.391069 70
-9.30972 -11.3415 70
-9.01212 20.7488 70
9.06248 -0.0427976 70
-0.273065 -9.90241 70
-8.65941 9.96626 70
-9.7611 -0.694749 70
8.67802 -20.947 70
90.1024 109.495 70
-21.1375 10.8558 70
-1.3849 0.892948 70
0.384809 -10.0084 70
0.95107 -1.25035 70
-41.4465 -29.9853 70
20.6397 21.0669 70
-0.255112 -8.898 70
-0.728359 -31.0226 70
-0.914403 0.934864 70
-0.934883 -0.818651 70
0.352816 1.15571 70
-59.8481 -40.1535 70
50.4092 -10.62 70
0.798102 -9.3799 70
-0.716315 0.744409 70
-19.3362 -28.5495 70
-10.4848 1.33999 70
-0.577631 0.97948 70
-21.0975 10.052 70
-10.3184 -1.40904 70
-0.547266 0.277209 70
0.693182 1.4282 70
-1.04236 8.69511 70
-9.72695 -1.40848 70
-40.2452 20.9086 70
-11.2017 28.8554 70
-8.96028 41.0011 70
8.89555 38.5775 70
-1.23432 0.137454 70
-30.3909 1.26288 70
-1.25004 -1.39607 70
-0.642137 0.013741 70
1.35057 -11.4144 70
-60.5123 -41.2607 70
-118.51 -79.9197 70
1.38436 -10.8874 70
-19.9293 0.690178 70
8.84952 -88.6811 70
-1.47028 -1.30524 70
11.1364 -10.0816 70
8.75875 -9.62295 70
0.824264 -21.4998 70
-0.787371 -8.64102 70
0.455279 9.33029 70
-39.4575 -18.5138 70
-1.43116 -0.429575 70
-0.668529 -0.416079 70
0.100857 9.8765 70
0.571648 -1.42971 70
-18.9077 -38.5012 70
11.1954 11.195 70
10.1798 -10.2645 70
10.8416 0.768315 70
-9.26152 0.135729 70
1.16109 -11.1141 70
11.4201 -0.864686 70
19.8704 -8.63505 70
21.0905 -9.89711 70
28.6389 -11.3677 70
-30.4057 -10.6215 70
-11.2384 -0.00580047 70
0.126749 -1.02202 70
0.562725 1.30042 70
0.187886 -0.827541 70
1.39794 -9.923 70
-8.68076 -1.41376 70
38.6205 -121.316 70
-11.4469 10.8743 70
11.2108 0.9401 70
8.60009 -19.4974 70
-0.646928 -21.2075 70
-0.324887 0.883385 70
-0.937288 0.216143 70
80.4953 31.1301 70
-48.9832 -1.08081 70
99.1553 9.12692 70
-0.802383 18.6314 70
1.0969 1.2555 70
-1.047 10.9143 70
0.635463 -20.4461 70
0.343898 -20.9627 70
21.2941 9.39436 70
-30.3578 1.25766 70
-9.46298 20.9629 70
10.4334 -20.5852 70
1.11599 0.706923 70
-0.541725 0.399444 70
-11.0821 -18.5221 70
-60.4593 -8.63001 70
-0.981983 1.07188 70
-0.726114 0.416737 70
-8.99098 -10.6394 70
-20.7381 -11.4413 70
0.968301 1.36137 70
1.44358 -9.26871 70
-0.281889 11.3932 70
-10.2921 -31.2109 70
0.578074 -20.0715 70
-9.81428 -8.54407 70
-19.6336 9.36666 70
-0.520606 -0.738028 70
-10.6221 1.21266 70
0.0947198 -29.1985 70
11.1015 -10.9266 70
-9.0696 -0.548652 70
-1.30847 0.361393 70
-9.27179 -9.31124 70
-9.08574 -9.1531 70
-0.70097 -8.56751 70
19.739 68.6879 70
-9.16706 -31.227 70
-29.9538 -8.65755 70
-0.14672 -1.10111 70
80.7504 -80.6685 70
80.9906 -80.6542 70
10.1345 -10.8641 70
-60.2878 -39.6655 70
0.0938711 -0.758477 70
-1.20277 -9.9016 70
-61.0473 -8.91466 70
9.65677 0.936349 70
-20.9444 -9.43964 70
41.2627 11.312 70
-10.7635 0.48224 70
-1.16461 -0.543887 70
10.2116 9.06612 70
-1.32741 -10.7424 70
-9.23211 -0.134149 70
-0.617625 -8.96845 70
0.0928671 -9.97407 70
-10.6181 10.9643 70
-20.3276 19.8782 70
1.45659 -0.0891229 70
-11.309 1.40088 70
-0.500619 -1.07365 70
-20.8337 -29.6453 70
-10.7422 -10.1106 70
-19.0656 -10.0527 70
-10.2519 -0.979187 70
-20.9917 30.0526 70
0.360166 1.46373 70
-40.5341 -1.11811 70
-19.3694 -28.7959 70
-1.04883 -8.96657 70
1.29314 -9.6989 70
-9.37626 0.97283 70
-1.31467 -8.95691 70
10.5071 -9.73517 70
-18.6761 -8.55739 70
-9.12363 -9.20558 70
1.11942 -11.4878 70
-8.57756 -49.3268 70
1.0336 0.981975 70
1.27571 1.29927 70
-9.26618 10.5343 70
9.47119 -18.5993 70
-9.1313 -9.25475 70
0.996732 -10.4827 70
-0.964837 0.709624 70
-1.40694 -10.9717 70
-19.4689 0.892756 70
-19.4701 -9.62096 70
9.61883 0.0281528 70
-20.7877 -1.16814 70
0.366261 -10.4473 70
1.28036 -10.8985 70
-1.00958 -1.37866 70
-81.4995 -20.063 70
-0.659571 -10.8113 70
70.2359 118.799 70
1.48666 -0.157475 70
28.5233 38.6854 70
10.3901 -0.894578 70
-21.3127 -9.53258 70
-0.789838 -11.2816 70
-1.04003 -1.04697 70
-0.701098 0.512523 70
20.973 -10.1065 70
20.9447 -10.3453 70
0.343284 -8.95626 70
-9.11549 -8.59996 70
1.33969 0.809473 70
-0.987398 0.706953 70
0.468897 -10.8421 70
9.55394 1.05961 70
-1.06536 -8.79415 70
0.737876 10.9426 70
-0.82981 -19.3796 70
0.0688358 -0.580209 70
-1.14606 1.42685 70
-20.2647 38.8785 70
-0.239701 10.602 70
-1.30787 0.751051 70
-10.8532 -20.7627 70
0.70781 0.130006 70
-1.1905 1.47586 70
0.40553 -0.0713659 70
-20.5763 -11.4733 70
-10.2402 -0.832755 70
0.683909 1.04508 70
1.05452 -9.62726 70
-0.205479 -10.6752 70
0.0699546 -9.37903 70
1.14272 -0.879704 70
-10.1917 -11.1728 70
9.80416 9.35623 70
10.316 -0.982543 70
10.6272 31.2712 70
-0.944685 -9.84378 70
-0.139578 0.264437 70
-0.592615 1.31108 70
-0.124311 -10.7699 70
-1.49447 1.07975 70
-8.75828 0.0285507 70
-0.394296 -1.33803 70
1.4114 0.2451 70
11.3158 -20.2983 70
-0.400374 -0.437314 70
-10.6873 -10.1642 70
9.92821 -10.6968 70
-1.45533 0.596272 70
-10.1068 1.05954 70
1.15504 21.3815 70
11.445 -1.49415 70
1.30923 1.11811 70
-9.36661 -1.45644 70
1.10645 -11.3709 70
-0.371509 1.43077 70
-9.61728 -10.7354 70
-1.12462 -11.2817 70
1.45662 -50.1473 70
10.9775 10.6764 70
-10.2701 -8.80667 70
-9.82989 -0.839815 70
18.9206 -0.370721 70
-10.6478 0.458641 70
-20.138 -0.476145 70
-20.3461 8.87686 70
29.9664 -9.36174 70
11.0926 1.23196 70
-9.95654 0.379336 70
0.751376 -1.4245 70
0.293373 0.547269 70
-9.74786 -1.16179 70
-9.07031 -0.378894 70
-9.75532 -0.203373 70
-8.87047 8.63406 70
-8.57202 0.593792 70
-40.0014 1.24428 70
-11.1094 9.35143 70
1.17571 -10.2923 70
-11.4477 -1.39443 70
-10.9431 10.1281 70
-9.40826 -10.8717 70
1.03147 10.3045 70
-11.1014 -9.53268 70
0.892139 1.06318 70
-29.2844 10.8726 70
-8.98401 -28.7833 70
0.423822 0.0432401 70
-10.6944 -0.95023 70
-10.9911 -21.1207 70
-10.2528 -9.89757 70
0.370251 1.24048 70
-9.04631 -10.6768 70
1.17189 0.55025 70
-0.210506 -0.975743 70
10.4253 8.57702 70
9.80336 11.2999 70
0.228815 0.265764 70
-0.863822 0.446904 70
-0.988474 0.808559 70
-9.62445 0.84032 70
-0.865436 1.38214 70
-8.6821 -1.48323 70
29.3915 -10.6634 70
-0.354121 0.325339 70
1.27804 1.44016 70
-8.56442 9.39708 70
0.119125 -0.970569 70
-8.97572 19.3186 70
1.20335 0.531865 70
-0.0115898 -0.914 70
-0.372085 -1.18466 70
-1.0124 -9.74197 70
-38.8643 11.3638 70
-9.203 -10.8706 70
-0.333902 11.188 70
1.44622 -10.5142 70
-11.1831 20.6846 70
-0.0586388 -1.33704 70
-11.3519 -10.4001 70
0.961981 -20.106 70
-8.91425 -9.50054 70
-18.8542 -1.48174 70
-9.98158 21.1493 70
-0.135603 -0.172455 70
0.398351 -10.6722 70
9.61327 -10.0729 70
-9.71992 0.36422 70
0.054509 -0.215363 70
-19.4416 0.42583 70
18.8382 -11.2033 70
1.49115 0.337532 70
-10.5634 -0.0403925 70
-20.4183 -9.0607 70
-10.3818 0.0710704 70
29.3338 10.6025 70
10.2743 9.76859 70
9.2073 -0.890229 70
10.7522 1.14171 70
9.20408 -0.398699 70
1.48371 1.36003 70
1.33229 -1.39127 70
-0.812175 -8.70716 70
-11.1389 -19.9457 70
-0.443783 0.847637 70
-30.1991 -39.6721 70
0.146998 0.0608645 70
-9.00595 0.805557 70
-0.0183945 9.40774 70
-10.0213 29.2698 70
-0.0253405 -0.47811 70
-11.3347 0.82376 70
0.563745 -9.2587 70
9.72531 0.498053 70
19.2936 -8.61959 70
0.644495 0.733036 70
0.461625 -0.17456 70
0.645289 -20.5875 70
0.462113 -0.635987 70
-1.08671 -0.334347 70
-1.17193 -20.2959 70
-0.427726 10.3488 70
-8.55322 9.17191 70
-0.298663 0.432424 70
-69.6274 30.8954 70
0.167542 0.0518449 70
0.0726614 0.741605 70
1.13539 -10.3982 70
-0.639367 0.405462 70
10.0472 -9.12212 70
-10.6729 9.30389 70
0.717381 -1.49087 70
19.5194 10.7327 70
20.5768 8.57171 70
-10.7244 0.360788 70
8.92508 0.739337 70
-9.53065 -0.434861 70
-11.0623 -9.76101 70
-0.835063 -1.12603 70
-20.4046 -8.74166 70
-10.0427 -38.6344 70
19.4943 -0.802905 70
-1.16011 -0.433119 70
-20.5175 -0.8999 70
-10.363 19.4445 70
1.16709 -0.533969 70
0.967072 1.43055 70
-9.79309 -9.04534 70
-1.23082 -1.17414 70
-1.22187 0.233141 70
-0.298 0.0229345 70
1.19878 -10.7599 70
-38.6844 -20.9477 70
1.4391 1.46735 70
0.579718 0.308405 70
0.565749 -9.81311 70
-9.02362 0.754934 70
39.5232 -19.2764 70
-1.02602 -0.0375588 70
-9.64149 -11.1638 70
-20.3002 -18.8334 70
-0.586342 11.0342 70
-0.926141 -0.710951 70
-10.2157 0.706202 70
-9.34114 21.0689 70
-9.32758 11.4959 70
-0.431348 -19.9919 70
0.197902 -10.667 70
-20.3631 -1.45425 70
-79.1156 -10.989 70
10.277 -9.44648 70
0.981108 0.104413 70
0.506294 -0.421778 70
-0.656276 1.42003 70
-9.57595 10.0783 70
0.159044 -11.1358 70
-8.72004 -1.16688 70
-20.7769 -9.9606 70
9.88329 -10.2487 70
-9.20572 0.0355365 70
-1.39225 -10.1646 70
-0.138517 19.1955 70
-1.03257 10.9384 70
-10.357 -21.4148 70
-21.2621 8.79165 70
0.343471 -0.333133 70
-0.433957 -19.0557 70
0.967584 -59.4117 70
-29.2725 -10.4782 70
-1.07912 -0.473695 70
-0.477539 -8.80222 70
-21.0152 8.5331 70
-18.6669 0.946408 70
-11.1842 -10.1382 70
48.765 10.9734 70
-11.0069 -21.2545 70
-41.3378 -11.0505 70
-8.85334 0.272005 70
-10.4879 0.666656 70
-0.387982 0.0517756 70
0.184714 -9.67535 70
-20.4037 -28.7 70
-1.20666 -0.412625 70
-20.8793 8.73098 70
0.174788 -11.2121 70
-1.12494 -11.4703 70
9.66194 -1.46163 70
1.38253 0.72737 70
0.444499 1.43987 70
1.43452 -1.31306 70
0.855942 0.704227 70
-9.15532 -1.30873 70
1.15563 0.0643858 70
1.3044 -11.2525 70
0.440324 10.2309 70
-9.57763 21.1736 70
1.05764 -10.6394 70
-10.5816 -10.2076 70
-1.37504 -10.4553 70
-90.3778 -28.8952 70
0.307241 0.808209 70
1.43256 -0.23308 70
-0.976717 -9.07387 70
-0.300979 -9.94419 70
-9.25853 -31.4728 70
-9.99897 -10.8079 70
20.6022 -9.13734 70
-0.430725 -0.287757 70
-10.4892 -10.7009 70
0.41284 0.264503 70
-0.378656 0.358792 70
-1.353 -1.14222 70
29.1795 -1.22925 70
0.463502 -30.6947 70
