-0.38742 -0.802976 70
0.363407 -1.34766 70
8.87839 1.00159 70
-0.143418 1.01886 70
-1.3751 -0.958369 70
-10.7801 -11.0213 70
0.62784 -9.06222 70
-0.225228 -11.4553 70
11.1774 -10.4297 70
19.5415 -19.3071 70
0.508571 -1.24906 70
9.31886 20.6506 70
-30.6917 -9.14287 70
-30.0574 -8.87772 70
-1.07036 -0.861159 70
-1.32984 1.12644 70
-0.531102 -1.39614 70
-0.797703 -1.12214 70
-0.317756 0.985996 70
1.34885 -0.143132 70
0.661684 -9.82029 70
-0.429075 0.730076 70
-49.1094 18.7395 70
0.297142 -1.30122 70
-1.45205 -0.548271 70
-1.40773 0.569156 70
0.275519 -0.546724 70
1.34316 -1.06531 70
-0.662587 -0.231763 70
0.248933 1.08969 70
-0.324032 1.05348 70
8.51028 9.89722 70
-19.5677 8.97306 70
9.36478 30.0547 70
0.630542 0.322793 70
-0.709988 8.57482 70
-18.9174 -1.01485 70
1.3153 -1.25526 70
-1.16108 0.671724 70
-10.5193 11.1501 70
-0.375956 0.353207 70
-1.06887 1.11584 70
-18.874 59.5795 70
0.639351 9.55885 70
-89.4209 -9.86518 70
-9.97956 10.1589 70
-0.357993 -0.83615 70
19.7123 -100.865 70
0.848542 1.13373 70
-11.2155 0.761698 70
1.13806 0.0197685 70
-0.749516 -0.523389 70
10.2729 -1.27632 70
-10.8595 10.3492 70
31.3902 100.421 70
-0.668043 -0.222351 70
89.8163 90.2459 70
0.808156 -0.0259159 70
1.47113 -11.1921 70
-0.221566 -49.0773 70
-0.309617 -0.407787 70
-11.0333 -31.4208 70
0.452435 -1.06497 70
1.40483 -0.3775 70
0.46432 0.113464 70
0.611442 -8.93461 70
11.4886 0.858381 70
-0.375054 -10.2889 70
-0.507489 -0.0503978 70
-11.2944 8.60934 70
1.07103 1.17724 70
0.403375 -0.0693675 70
10.4457 59.5304 70
10.6846 -1.1639 70
-0.882834 0.541982 70
0.0834063 -0.338232 70
11.0025 -10.8101 70
-0.391965 0.831135 70
-0.252702 0.931078 70
-0.542992 -10.5295 70
49.8082 -28.8 70
19.1447 -11.4056 70
-0.123157 0.815786 70
0.455629 -1.38637 70
-0.433519 -1.45774 70
-1.25557 -0.797261 70
-0.0496427 0.437705 70
-70.8856 59.5934 70
-9.19886 0.907809 70
-20.6539 -10.4258 70
-0.583901 10.5374 70
-1.24131 1.49733 70
-1.05953 -0.293741 70
-8.70769 0.764517 70
0.0520211 1.26841 70
8.87359 0.215513 70
48.6023 21.0436 70
-0.0987134 1.27103 70
-29.5219 30.4336 70
10.8636 -0.708088 70
10.2452 -0.110215 70
8.70784 -1.45165 70
-8.56991 0.716564 70
-11.1432 -11.0449 70
0.626871 -0.136297 70
-0.70281 -0.536735 70
-1.33316 1.44235 70
-10.4146 -0.291254 70
-10.6016 -39.2296 70
-0.482081 -0.371278 70
-1.27416 1.16812 70
1.02439 -1.29081 70
81.399 -10.1262 70
-21.4047 29.9963 70
9.7487 19.196 70
-11.2793 -10.1303 70
-0.579776 -1.15792 70
20.0698 40.9409 70
1.31273 1.06714 70
-10.8345 0.234103 70
-0.607682 1.40516 70
48.999 -20.6521 70
60.9883 -79.2366 70
-0.499698 -0.905553 70
0.175685 -1.10462 70
0.171511 -0.210642 70
-0.83028 0.0703335 70
-10.022 -0.658182 70
11.1689 19.896 70
9.24855 20.9005 70
-0.305391 -1.13058 70
-8.60415 0.945379 70
-20.4096 -8.63773 70
0.807365 20.8249 70
-50.7275 20.1339 70
-19.8724 9.49367 70
-10.3907 -18.5403 70
-9.29673 -10.0831 70
10.2962 20.3447 70
-9.51102 0.280203 70
0.707761 1.22538 70
1.22176 0.632618 70
-1.44477 0.806181 70
-0.820533 1.08812 70
0.292599 -0.531735 70
-0.00569242 0.731957 70
-1.41075 0.067844 70
0.841284 9.92389 70
-0.35119 -0.80865 70
0.355887 -0.817243 70
-10.7793 -10.9453 70
1.29046 11.1536 70
-18.7857 -0.0131604 70
-9.42985 9.10717 70
-11.4557 9.39165 70
1.31894 0.558243 70
0.153785 -0.516753 70
10.7305 -1.06622 70
9.69825 -8.85279 70
-59.7139 -29.3238 70
19.585 9.13579 70
-1.26045 0.927333 70
10.6255 -0.550507 70
1.49455 39.8848 70
-8.82169 9.16337 70
1.07455 -0.230621 70
0.241574 10.1222 70
-39.71 -0.124869 70
-0.273913 -50.826 70
-0.493193 -1.24333 70
-31.2182 1.31892 70
-0.0667218 -10.503 70
-30.489 -10.7045 70
-0.533498 0.0338963 70
-30.6611 -19.9479 70
1.07268 0.132286 70
0.971489 10.8773 70
0.510745 -0.647824 70
-11.1672 -1.11358 70
-11.3115 -11.1338 70
11.2706 -18.6004 70
10.4152 -19.4152 70
40.1783 -1.00945 70
-0.0856113 -1.19948 70
1.15287 -1.24178 70
-11.0278 -8.80668 70
1.22004 -9.49909 70
0.343838 -0.944858 70
11.1626 0.530166 70
-1.44611 -0.24346 70
-0.415104 9.84814 70
-31.4644 -11.2044 70
-30.7459 -31.3455 70
-0.865365 -0.371044 70
-11.0014 -20.6794 70
0.135028 1.37837 70
9.26958 20.7531 70
-9.94124 0.380507 70
-1.04335 -1.22617 70
1.13801 -0.470045 70
0.0131511 0.564935 70
0.332328 0.186678 70
0.145474 -10.6839 70
1.23007 0.0949949 70
-1.1955 0.192894 70
-9.41218 1.04298 70
-0.673413 1.0635 70
1.15506 0.548678 70
-9.86462 -0.510723 70
-19.9839 19.9751 70
0.712589 -0.643832 70
-0.985606 0.155283 70
-9.43701 0.0791804 70
1.39691 0.936473 70
0.938014 10.4422 70
-10.1085 1.33278 70
0.999296 -0.839095 70
-20.0243 0.0821774 70
0.345096 -0.0142915 70
-11.4192 -0.534806 70
-40.2531 10.9796 70
-9.93302 9.87621 70
0.859092 1.40028 70
-10.6536 0.139599 70
-9.58791 -20.4369 70
-0.436833 -1.15177 70
0.21229 0.475219 70
51.0736 8.68553 70
-29.9308 -1.33693 70
1.01631 -0.938715 70
10.282 -0.259715 70
-0.986493 0.319644 70
10.328 1.46445 70
-21.4438 8.50692 70
-21.1074 -9.39386 70
-19.7389 1.22188 70
-0.0763445 0.637738 70
-0.671987 0.296337 70
1.01875 -0.907972 70
-0.491616 -1.35302 70
-10.6515 0.311267 70
-11.0789 -0.310828 70
0.602077 -9.44732 70
-1.22533 1.38522 70
1.20673 9.76367 70
10.8458 0.468577 70
0.490247 -0.237317 70
0.188171 -10.2932 70
0.690457 0.707574 70
1.14832 -0.655801 70
0.55103 0.0928014 70
0.808382 -1.09508 70
-19.1719 -10.5391 70
-39.3989 -50.1084 70
0.600753 1.40433 70
0.751352 -10.8128 70
18.8931 -9.72762 70
-9.62147 -0.803176 70
-38.5979 -19.0159 70
-0.677326 -0.0836804 70
-0.888438 0.370255 70
-9.90581 -0.726203 70
-19.1306 0.977828 70
-1.03139 1.05844 70
-0.146541 -8.68063 70
19.8738 0.762087 70
10.315 -11.152 70
0.685545 0.0607129 70
-0.309862 -0.0373444 70
-1.12662 0.142456 70
-0.721932 1.09155 70
-10.5027 -19.4668 70
-20.0341 0.258309 70
10.2733 21.1871 70
-0.285201 0.473657 70
-10.2291 0.709864 70
-30.6012 -9.99175 70
28.9381 10.4731 70
0.10985 -8.88331 70
-1.164 9.60533 70
-9.54694 -11.3351 70
-0.962063 1.39984 70
10.8187 -20.8561 70
21.3324 28.5986 70
-1.37644 -0.426325 70
-0.252722 -9.87806 70
10.9781 -18.9546 70
11.1944 -0.200994 70
-1.36355 -0.701083 70
-0.0622526 -9.44612 70
-1.47513 -0.957976 70
18.5704 -10.8361 70
11.1961 -10.3642 70
9.88445 -10.8167 70
1.42165 0.0255091 70
0.821409 0.111562 70
-0.53031 1.31303 70
-10.2425 -9.89015 70
-1.15997 -0.380102 70
-0.521797 -1.10429 70
-0.912891 0.654737 70
1.23011 0.0401995 70
-20.8627 -11.2775 70
-1.33053 1.44565 70
0.461734 -0.511897 70
-0.504479 19.5396 70
-1.22194 0.928309 70
10.9689 -10.9786 70
-1.01214 -1.49845 70
-1.35233 -0.146995 70
-38.6183 0.0127203 70
-0.903651 0.994427 70
0.161798 1.3233 70
-1.39289 -0.737456 70
8.93682 -11.2339 70
11.4327 -10.5027 70
1.31559 -1.46861 70
-1.47747 -1.47064 70
0.0564471 0.294595 70
-0.0419506 10.2128 70
-11.0875 -11.2401 70
1.49672 -10.3782 70
-9.32868 -0.960245 70
0.199623 -0.345216 70
0.761504 -0.914203 70
1.19909 0.844272 70
-0.285776 10.7285 70
-8.88509 0.297214 70
-0.715388 -0.205585 70
1.04363 -1.3591 70
-9.98677 -19.0599 70
-8.60194 -1.26456 70
19.9622 0.122341 70
-0.22219 -0.160801 70
1.33719 -1.32207 70
-1.41307 -1.41115 70
10.8176 -20.0427 70
-10.1247 -10.9649 70
9.1926 49.1559 70
-20.0497 -10.0564 70
-1.40573 8.69331 70
0.469111 -1.06728 70
0.363961 0.969199 70
-10.2617 -0.119728 70
21.0944 11.1835 70
10.9659 29.0959 70
0.380399 -0.0516494 70
11.226 11.1396 70
0.775025 0.0709339 70
1.00436 -9.45287 70
-1.036 -0.215358 70
-0.868776 -1.13212 70
-0.140278 -71.4505 70
-19.6568 28.7785 70
-0.46939 -0.68315 70
-9.25723 -21.3195 70
-9.70604 -11.3445 70
-0.57016 -1.30088 70
0.852186 -1.00567 70
-10.1731 10.583 70
-10.6242 9.07876 70
-1.48719 0.615803 70
-39.1859 19.0931 70
0.148929 1.12531 70
-0.424454 -9.4798 70
-0.818164 -0.471536 70
1.40824 -0.375574 70
10.9918 -10.4056 70
-8.84352 0.758975 70
0.404161 -9.121 70
-10.0517 -0.245782 70
-0.657207 -9.15093 70
1.03982 9.18677 70
40.5509 -18.9805 70
30.7631 10.0194 70
0.680524 18.5423 70
-10.997 9.60008 70
-19.3665 1.18435 70
1.18192 -1.40314 70
0.372017 0.199503 70
-0.837678 1.39006 70
10.0922 -11.3737 70
21.1546 19.0707 70
-0.964917 -0.435348 70
-1.1745 -0.724891 70
10.5297 8.79282 70
-60.6633 81.1111 70
-58.7705 79.3014 70
0.0276392 -0.630364 70
31.1361 -8.844 70
-0.957004 -0.619364 70
9.75199 0.298354 70
-0.997722 -0.822901 70
-10.7722 9.26618 70
-0.687966 1.28491 70
-28.8569 -48.5127 70
-11.1047 -11.0287 70
-19.2196 -19.7795 70
0.754393 -0.267899 70
-1.25899 -0.379446 70
-0.712328 0.108472 70
-0.0554392 0.686923 70
-10.44 -0.620336 70
-10.5647 59.2348 70
-10.0382 -29.2572 70
-0.240048 1.42002 70
0.413656 -1.40334 70
10.8635 -1.23886 70
11.2535 28.6106 70
-0.696309 -0.187571 70
0.280522 0.304662 70
0.116046 -0.911371 70
-18.7697 11.3347 70
-0.338922 0.867785 70
0.962139 1.08701 70
0.0955333 -8.77781 70
-40.3407 29.9827 70
28.6635 20.0832 70
-0.434372 -1.03423 70
-1.34197 -1.46882 70
1.01845 -0.881931 70
0.802658 -0.195072 70
0.299645 -11.4149 70
-11.4253 -1.11118 70
1.12929 -0.805099 70
-11.2994 -9.1186 70
-9.53432 -0.888808 70
9.23628 1.48918 70
0.646027 -0.14061 70
10.9593 -8.97851 70
-0.6387 0.199796 70
0.0735437 1.25835 70
8.98632 0.116291 70
-0.602006 10.8599 70
-0.0624877 9.94501 70
-0.294 1.08969 70
-8.56308 -0.675837 70
10.1156 0.165816 70
-19.4463 -20.5256 70
-19.0657 -19.8175 70
-8.61242 11.2776 70
-1.35782 1.40303 70
-10.5376 9.78415 70
-0.369937 1.43382 70
20.3744 -20.5881 70
-0.15356 -0.0717093 70
9.16392 -9.98528 70
0.0348153 1.00108 70
1.08985 0.546799 70
-0.0539222 -0.267115 70
0.673716 0.285478 70
10.9123 -8.94707 70
-0.980257 -1.31192 70
10.7367 -0.356229 70
-30.7498 30.3379 70
-0.788676 -1.2172 70
10.357 10.8636 70
0.0937693 0.476281 70
-81.0494 -28.7801 70
-21.0991 -10.6269 70
-0.0133025 -10.3371 70
0.505946 -0.85805 70
0.703779 9.52204 70
-1.29398 0.0874114 70
-10.4038 10.2417 70
-0.404612 8.98695 70
-78.8897 0.947527 70
8.98907 -29.7096 70
-0.780123 -10.3622 70
10.2275 0.448944 70
-0.343798 -0.248391 70
-1.30401 10.2472 70
0.902839 9.43893 70
1.4972 0.114264 70
-9.81608 19.0577 70
-10.0673 -9.88926 70
0.733768 -18.9524 70
-1.0565 -9.44404 70
0.449858 -21.0221 70
-70.3395 38.7778 70
9.60516 9.25105 70
41.1242 -50.2466 70
-9.66683 -9.83629 70
-0.666082 -1.19057 70
-1.11329 0.176734 70
1.32442 -0.284605 70
-0.28105 10.021 70
-20.8204 -31.1915 70
-10.4212 11.1344 70
41.4247 10.3099 70
0.719967 -9.4792 70
-0.117358 0.908686 70
1.3287 0.482245 70
1.43311 -0.688939 70
-0.388595 -0.0901057 70
41.3494 -11.0405 70
1.33749 0.954136 70
9.34015 60.7467 70
0.792446 0.642658 70
0.969464 1.07535 70
8.83486 -30.2341 70
9.02024 -29.826 70
1.38338 1.35195 70
-51.1207 29.5084 70
1.39893 0.40552 70
-1.0393 0.214475 70
-0.745921 -29.3953 70
-0.560089 0.641505 70
-38.8049 -90.0427 70
9.37781 0.309356 70
0.114755 -1.0955 70
-19.0525 -11.2869 70
-18.6632 -9.90506 70
40.9821 -21.3086 70
-40.0658 81.0221 70
-0.613439 0.0632979 70
21.4884 11.1942 70
-11.0008 -0.274367 70
-39.0284 19.9301 70
-10.845 -1.2484 70
-0.544139 -19.0227 70
0.47497 -1.16614 70
0.552237 20.7496 70
-0.594988 0.856566 70
-50.325 -0.572931 70
-20.5078 0.0262239 70
-0.743128 -0.363423 70
0.382616 -10.9153 70
-10.5926 -9.04284 70
-1.46139 -0.797398 70
-0.482087 0.93644 70
-0.365464 -1.23411 70
0.201176 -19.883 70
1.41125 -0.293812 70
9.29731 -8.81978 70
39.3177 8.74523 70
21.3936 -1.27873 70
-0.799141 21.0279 70
-19.8325 -9.30283 70
0.471893 1.40278 70
-0.139557 -0.639961 70
-9.97921 10.7419 70
-10.2718 8.67001 70
10.4627 -80.4378 70
8.5034 9.47421 70
-20.1335 -20.9542 70
0.145409 21.2396 70
-10.6978 -0.0680501 70
-11.0525 -1.21237 70
9.94335 28.9289 70
59.5394 60.3912 70
11.2727 -0.508233 70
0.232048 -1.00744 70
0.0215789 -1.49543 70
-1.42646 -1.49828 70
1.07263 19.519 70
-0.0114707 -0.297022 70
-10.7861 1.41788 70
-21.3968 -9.84192 70
-0.5479 9.32395 70
-0.328997 9.22178 70
-1.41855 1.47002 70
-0.27325 -9.23867 70
-10.0448 -10.6914 70
1.24804 -8.78592 70
70.211 -8.53006 70
1.39474 -0.150206 70
-8.60672 1.1607 70
-0.882179 -10.3904 70
-0.978464 0.318292 70
-11.1814 0.757221 70
11.1133 9.54267 70
10.8849 9.55827 70
0.540227 -0.61051 70
-10.1342 11.0691 70
0.343524 -0.703567 70
0.972052 10.1754 70
-9.84008 8.70573 70
-8.79429 -0.600053 70
0.158972 -0.052743 70
0.951593 -0.0322709 70
1.17857 -0.934548 70
11.4311 10.6674 70
-1.31283 1.01702 70
-0.712163 -21.1062 70
-20.6586 -8.73335 70
-19.2547 -11.402 70
-0.613822 -0.258931 70
1.47626 -8.97031 70
-1.03512 -10.8007 70
9.42229 -30.6894 70
-20.7174 0.821936 70
8.9393 -0.0331523 70
-9.74298 0.0797028 70
9.00311 -0.0204275 70
0.38458 1.0481 70
-88.7848 10.0208 70
0.347628 8.97245 70
0.743317 -1.05051 70
10.4148 -19.1051 70
-20.1497 -19.5027 70
1.13275 -1.11484 70
-0.125242 -1.31321 70
1.26165 0.370851 70
-1.37198 -0.785044 70
-1.42066 -1.0246 70
1.31508 -1.30309 70
1.39335 -1.37195 70
1.0801 -1.22345 70
-10.9141 31.1396 70
1.47476 1.26103 70
0.253643 0.31173 70
0.746878 -0.134066 70
-0.477304 0.444328 70
0.769603 -10.3937 70
-0.890948 0.773974 70
-0.261839 -0.806479 70
-9.80238 0.593027 70
-0.0729881 0.656777 70
-0.27857 0.564366 70
0.807918 1.46416 70
-19.09 1.39693 70
-0.650044 10.0028 70
0.902556 1.24885 70
0.456768 -20.2082 70
11.2008 8.50389 70
31.1471 9.68207 70
9.09664 -50.1562 70
-0.843015 -0.180598 70
-0.0554839 -0.961814 70
-10.0836 0.99035 70
0.612682 0.915472 70
-19.067 21.4661 70
-20.0819 18.5297 70
-28.8164 1.06784 70
1.22489 9.18985 70
0.32967 9.02348 70
-0.0915063 -1.31918 70
-0.698202 0.243566 70
0.217156 1.07312 70
8.89339 0.368097 70
-10.1513 -1.15616 70
-1.28728 -8.50638 70
0.96959 -0.998694 70
19.6821 -9.16205 70
0.164799 70.7972 70
0.193889 0.795121 70
29.407 -28.6421 70
-1.08154 1.17319 70
50.2893 20.7744 70
9.63043 29.0445 70
8.9826 11.435 70
-38.6574 -11.3604 70
-79.3193 -8.99816 70
0.732008 -0.302644 70
-0.315693 0.623886 70
-29.767 10.9667 70
-20.2891 -9.78082 70
0.102419 0.0123375 70
-38.5606 -28.5321 70
0.502686 0.31202 70
10.0083 -10.1679 70
1.49884 -1.49901 70
0.933221 0.781654 70
-0.150318 -0.333962 70
-1.15313 0.66271 70
-0.884679 -10.5348 70
-20.9268 9.98374 70
-9.52725 -8.84488 70
-11.1644 -9.72185 70
-19.0683 20.4095 70
0.429914 11.4457 70
0.515442 -1.3506 70
-0.176902 -11.0306 70
-19.9823 41.4472 70
-10.6116 -1.08659 70
10.1797 -0.0494271 70
-11.1433 -10.9202 70
-1.31959 -0.299023 70
61.042 -61.1435 70
-1.34763 -1.33259 70
-0.436573 -9.13884 70
-0.095953 -20.812 70
0.711557 -0.573057 70
-0.312067 -1.14727 70
-20.4621 21.1088 70
-1.15319 -0.684882 70
-19.0562 -8.65802 70
10.2171 -0.0755977 70
0.690595 -0.85107 70
-20.0683 -0.911833 70
-1.02566 -0.728413 70
-0.934221 1.4226 70
1.02428 -1.44802 70
-0.478346 -1.15654 70
-0.779326 -1.1984 70
-0.880391 -1.37581 70
1.20977 0.309723 70
-1.24644 -0.396283 70
10.5643 18.6149 70
0.770651 0.722282 70
0.621676 29.6809 70
-19.2616 -10.1366 70
49.8582 9.1838 70
-10.9393 -8.58229 70
-0.136565 1.42335 70
-20.1514 -19.4238 70
-0.483103 -1.02848 70
-20.9157 8.76922 70
9.84286 -0.0670248 70
0.691028 10.4009 70
0.524648 -10.7203 70
10.7976 -10.4357 70
0.981312 8.72888 70
-10.245 -0.464342 70
-11.1125 -1.01001 70
-9.5016 -0.211614 70
-0.846889 -0.91121 70
0.859877 -1.21515 70
0.832598 0.308083 70
-1.37986 -0.328673 70
0.521083 -10.3395 70
-0.684751 0.305271 70
0.352356 -1.02447 70
-0.519942 1.00824 70
0.796249 -0.97464 70
-0.89735 0.765199 70
0.276526 8.8362 70
-68.8392 28.5981 70
0.610547 -0.886768 70
0.144046 -0.513103 70
-0.843512 0.970514 70
-0.612342 0.223854 70
10.5329 -31.4518 70
-0.299037 0.582299 70
48.6654 -59.6562 70
-0.574908 0.831974 70
-0.5412 0.0771174 70
-50.8237 40.7838 70
0.498616 -0.411809 70
-0.952044 -0.466864 70
-1.01654 -1.10845 70
-39.3732 -29.5692 70
-0.235902 -9.01268 70
-0.351995 -0.401002 70
-0.452958 -1.15576 70
-8.88234 -38.9105 70
-8.6882 1.03069 70
0.88253 0.889825 70
30.8886 -1.28619 70
0.194589 -0.0779599 70
0.869225 -1.40409 70
-0.580743 1.08633 70
0.969906 -0.752074 70
-10.4294 -0.550714 70
-0.214751 0.402036 70
-1.07213 1.46736 70
-39.5993 10.0987 70
-0.884501 11.2253 70
8.8911 -20.9268 70
-1.16417 1.32599 70
-1.19053 0.0722633 70
100.253 -101.237 70
0.51906 0.689127 70
1.41441 0.78392 70
-1.45628 -0.661421 70
-0.999121 0.129692 70
10.5472 -1.33689 70
0.827016 1.2549 70
-0.217375 1.47268 70
-19.317 10.71 70
-0.761185 -1.31066 70
10.7352 -0.248977 70
-0.571225 -0.0418977 70
0.810769 -19.7063 70
-0.97453 0.834924 70
1.48024 -0.847276 70
-0.090676 -0.484924 70
0.266278 0.466164 70
-9.07825 -9.38936 70
-0.726855 -9.55925 70
-0.426563 -0.822592 70
0.0588698 1.27567 70
-1.0201 1.07601 70
60.3588 -1.31792 70
1.17887 -1.26156 70
29.8577 18.8859 70
10.8716 -8.87753 70
-30.6092 -29.3264 70
9.7443 10.6256 70
-20.8308 -8.60783 70
-0.140089 -11.4581 70
19.57 -30.3452 70
9.9895 -0.310325 70
8.80782 1.42141 70
0.767401 10.2281 70
10.0185 -10.665 70
69.8423 -39.9429 70
-0.317442 0.796787 70
10.0561 11.1344 70
-0.938754 1.12353 70
0.883485 0.612705 70
10.7899 -19.5179 70
-0.165317 -1.06259 70
-0.686339 31.2518 70
1.28231 -8.73204 70
1.11277 0.159395 70
-0.293934 0.771961 70
0.925053 -1.35204 70
-9.79354 -0.399285 70
-0.879806 -0.00728842 70
0.208202 -1.20783 70
-0.925322 -1.43431 70
1.13577 -1.4703 70
29.6432 -0.0485527 70
-28.5469 -10.0754 70
10.0159 1.34245 70
1.38297 1.10479 70
-0.925868 1.16544 70
-9.729 9.45492 70
10.091 0.827054 70
-18.7528 -19.9496 70
8.54745 9.53881 70
1.14545 0.897571 70
-1.45408 -0.13021 70
-1.45046 10.7908 70
-0.814763 8.66325 70
-1.17407 -0.137549 70
-0.723586 -1.08128 70
0.921327 -1.08663 70
-8.97673 -18.5258 70
0.088165 -8.79439 70
-0.88697 -9.50072 70
-29.4498 19.1064 70
-1.1174 18.675 70
-1.4683 -0.974209 70
-0.376278 -0.0798936 70
-10.2403 0.907092 70
1.48838 -0.0124703 70
-60.3647 9.51326 70
0.0783237 -0.719968 70
0.925299 1.14171 70
0.25829 -8.65424 70
1.34515 0.0463123 70
0.829618 -0.270309 70
-1.4727 0.401398 70
1.26235 -10.6735 70
9.06205 -11.2504 70
28.7411 30.9411 70
0.12613 -1.18245 70
-9.29466 30.3762 70
-0.370107 -1.33281 70
0.15556 -8.67185 70
-0.7238 -10.1348 70
1.47448 -9.05849 70
8.99615 -0.358163 70
0.998041 0.0136454 70
0.824616 -0.636877 70
-11.182 -0.847973 70
9.93555 -1.22604 70
-11.2104 9.79311 70
0.473303 -0.64636 70
-19.8249 -8.90026 70
0.951743 -10.9803 70
-0.195538 0.0749146 70
9.04225 -1.08753 70
0.635287 9.27736 70
-8.63808 -11.4108 70
-9.75742 -51.012 70
-0.659343 0.382668 70
-1.19016 -9.58942 70
0.733336 21.2518 70
-0.579989 21.4175 70
11.2092 -0.897688 70
-9.44272 11.1574 70
10.5396 -1.1195 70
8.84949 -0.873899 70
0.599396 -0.738339 70
