-50.572 -9.96466 70
1.39791 0.826487 70
0.41252 0.657999 70
-10.3205 39.8425 70
-1.38083 -8.99736 70
9.97823 -1.31785 70
1.37941 -0.314634 70
-0.971801 19.1132 70
1.43326 -0.263643 70
-11.3225 9.70142 70
-10.4594 1.19988 70
0.861523 -0.770784 70
1.04967 1.13322 70
-0.235198 18.7273 70
-1.49324 -0.776355 70
-0.805829 1.20461 70
-9.73161 -8.64209 70
-9.11071 0.211638 70
-10.8335 1.10243 70
0.796264 -0.8535 70
1.27084 10.1567 70
20.8446 39.3702 70
-0.153434 -1.4409 70
-0.194507 0.0748391 70
1.13965 0.926504 70
-9.95751 -0.62393 70
10.2477 9.56439 70
-1.40272 0.508066 70
11.0983 11.2958 70
-9.00706 50.3661 70
-11.1244 -1.23321 70
-8.69873 1.31396 70
-0.736443 1.18833 70
0.546839 0.191931 70
1.23979 0.908873 70
11.403 8.59069 70
0.329986 -1.4556 70
9.98725 20.0446 70
-1.09825 1.32127 70
-1.37771 -1.11428 70
0.0739172 0.0769091 70
0.0102987 1.40023 70
-9.08925 0.517486 70
11.1754 -9.28811 70
-0.715311 -8.74465 70
-0.458859 -9.61813 70
0.843199 0.3735 70
-11.1994 -10.4602 70
48.5356 -21.2497 70
-38.8018 19.1042 70
59.8781 -19.3215 70
-1.18897 -0.284512 70
0.527175 1.39365 70
0.0831538 -10.0788 70
1.37631 -9.73237 70
9.65377 9.70823 70
-0.284757 -1.42113 70
0.0555011 10.9909 70
1.06416 -0.98472 70
-10.1092 -10.3233 70
-9.97973 -10.9341 70
1.23914 -0.167205 70
-21.4062 0.681853 70
-0.323052 30.8313 70
-20.1616 28.7253 70
10.4765 11.3339 70
-1.02478 1.17154 70
-20.766 39.1483 70
-11.1328 1.08486 70
0.903333 11.1237 70
10.3576 10.2348 70
1.34714 10.6926 70
0.860346 19.4189 70
9.65735 0.350074 70
-19.0108 -8.60009 70
0.716536 -9.66308 70
18.9672 -0.6459 70
-9.25188 -1.30561 70
-1.13029 -0.0366079 70
40.7106 -1.04812 70
-10.1888 -10.1935 70
8.64002 -1.2092 70
39.5157 -29.6121 70
-9.94955 0.259393 70
-10.0325 0.51521 70
-0.213842 0.85117 70
-8.84738 -9.902 70
0.399665 -0.0719302 70
-9.15235 0.695277 70
0.153857 10.8375 70
-121.17 -9.38859 70
-0.0221618 -0.813188 70
-0.836676 11.3349 70
-0.705662 -0.168465 70
30.2643 18.5096 70
-9.66146 -0.121556 70
-8.8639 0.219806 70
0.0468128 -1.37576 70
0.224943 10.8719 70
1.38384 0.077714 70
-0.82623 -1.1353 70
-0.261568 -0.416919 70
1.40399 -0.354439 70
-18.821 -0.35993 70
-0.695877 1.14995 70
0.225687 -9.69113 70
-1.49794 -10.3623 70
-0.818411 -1.10148 70
49.4351 29.7474 70
1.12743 -0.806668 70
-10.1571 -10.9734 70
-1.46177 9.03408 70
0.0553316 -0.680401 70
0.853444 -1.26822 70
11.0593 9.37281 70
20.1916 -1.29747 70
-21.4653 29.9773 70
0.342472 -1.22846 70
-1.18941 -0.489419 70
9.82557 -11.113 70
-1.06061 0.570675 70
-29.1522 -10.3244 70
1.45682 -0.697002 70
-1.44503 -1.28144 70
-20.2294 10.9077 70
-0.377259 0.478723 70
-0.988219 -10.8521 70
21.0396 20.6986 70
10.1192 39.9231 70
-39.374 -10.4985 70
-10.4451 0.844579 70
-20.5041 8.6282 70
-10.9477 0.466457 70
0.542658 0.416478 70
-1.42638 1.3463 70
-10.1682 1.06487 70
-1.00498 -1.49501 70
-9.2996 -1.25994 70
-0.158234 0.502251 70
-8.53678 1.01325 70
-19.1845 -50.9254 70
-0.165309 -1.26545 70
1.35781 -0.766577 70
0.488168 0.470839 70
41.0165 -30.3137 70
-0.47668 10.7129 70
1.02811 1.47016 70
-0.882611 -0.0774416 70
-9.12891 9.2977 70
0.477422 0.674142 70
-20.1767 -10.5107 70
0.547031 10.787 70
-1.11816 -0.29574 70
29.777 -49.6193 70
1.31596 -1.21324 70
-0.557837 20.3419 70
-1.40976 -11.0659 70
8.92123 9.89719 70
39.1972 29.0863 70
20.5436 -0.376344 70
0.206967 -9.54533 70
-1.17966 -1.17081 70
-9.02373 10.0155 70
1.18231 -0.563735 70
9.66235 20.1202 70
-1.20648 1.04036 70
-1.08838 -1.42312 70
-1.19235 0.0835433 70
-0.385505 -10.2017 70
100.875 1.47935 70
11.2938 -31.2616 70
1.23208 -0.972566 70
-1.07923 -1.39138 70
0.334667 -0.163976 70
-10.366 -90.0946 70
0.532624 1.27258 70
-0.0639641 -0.796075 70
20.0984 -9.86483 70
-0.625554 -0.761765 70
-0.466655 -9.27728 70
-1.14244 -0.288807 70
0.237089 1.40626 70
-0.681405 0.0105439 70
8.67835 9.72095 70
89.8217 10.5727 70
-70.2538 11.1233 70
1.14019 -9.08773 70
-10.1178 -1.2514 70
-1.14025 0.819512 70
-11.1597 0.333353 70
-0.46518 -0.114128 70
-8.7365 0.317638 70
-10.709 -0.0497052 70
-20.7409 -9.05847 70
0.853749 -30.3881 70
0.812934 0.906984 70
-11.4694 -9.993 70
21.0177 20.1261 70
21.3354 40.1844 70
-0.357807 -8.81575 70
-1.06954 1.21717 70
-30.8234 -30.9045 70
-0.37365 1.23568 70
21.437 0.389034 70
-0.857908 1.23569 70
-10.7094 0.588351 70
-8.9042 9.48929 70
-10.6955 9.05619 70
-8.95986 9.19505 70
0.219181 -0.507944 70
-28.749 19.7627 70
1.02893 -0.10063 70
0.0360269 0.109227 70
60.8499 -20.4097 70
0.197433 0.339051 70
-19.8026 9.06265 70
1.293 10.2037 70
-0.128903 0.169646 70
10.8219 -0.553079 70
1.49789 -0.483233 70
-1.05943 -0.77006 70
-0.994529 -0.792901 70
-10.6886 -9.26466 70
-1.15688 -10.1304 70
19.1083 -20.9294 70
10.9419 -9.36614 70
-0.114896 -8.75257 70
-61.2203 -40.2343 70
-10.7975 -0.465372 70
-0.554671 -0.566517 70
-18.854 11.1381 70
-0.910259 9.52286 70
-0.754328 -9.62927 70
0.539846 -0.969346 70
0.26838 0.159185 70
0.766362 1.00581 70
-0.973868 -29.2153 70
-8.67042 -9.88635 70
-9.84561 -0.966262 70
21.2638 -8.66208 70
0.617088 0.0785777 70
0.240141 -1.03783 70
-10.3702 0.493299 70
-10.7863 -0.0745305 70
-1.21558 -11.4466 70
11.4894 10.7592 70
-39.9369 8.57755 70
0.498019 0.961134 70
-1.00314 -1.19897 70
0.270102 1.1286 70
-10.8446 0.394625 70
20.0634 -20.8242 70
-20.2519 10.7435 70
1.43885 8.80922 70
-30.3333 -20.0847 70
-0.1683 -20.4936 70
38.9482 -10.7138 70
0.358547 -0.947022 70
-91.0989 100.387 70
0.921033 0.108318 70
9.94042 -10.8949 70
0.873779 -0.499296 70
-0.597543 1.06113 70
-0.153189 0.461459 70
-10.6794 8.834 70
10.2795 -30.4783 70
-1.12424 -10.417 70
-0.877891 -10.1412 70
-40.1655 20.2956 70
-0.0128572 -1.31332 70
-0.040091 1.42913 70
0.514094 -0.704009 70
-0.374698 -1.20489 70
1.46696 -1.42976 70
-0.266461 11.4305 70
8.88611 11.2982 70
-1.40867 1.49807 70
-0.425234 0.958007 70
-1.0474 -0.767211 70
-0.993967 1.31934 70
41.3695 51.248 70
-0.173038 20.2613 70
0.530521 -1.41047 70
0.422244 -0.840829 70
-9.67081 0.0662444 70
1.00716 -1.00821 70
0.068874 11.419 70
-0.517273 -11.0884 70
-9.52623 -20.4615 70
-18.9264 18.8747 70
0.436163 0.765431 70
0.439796 -0.153735 70
-59.9222 48.6044 70
0.879491 -9.69676 70
0.468876 1.14513 70
0.177056 -0.616163 70
-30.6131 19.3712 70
-31.4898 19.492 70
-9.60614 1.34504 70
-19.5345 0.156567 70
9.70472 91.2514 70
1.33534 1.1025 70
-9.36166 0.972824 70
-1.30888 0.00634452 70
-1.18227 0.00525529 70
-0.85639 -0.076897 70
11.1676 -20.3282 70
-10.0577 -0.235066 70
21.2381 19.9114 70
1.13091 0.924222 70
-0.919113 10.8087 70
1.19265 -1.02342 70
1.11157 0.12576 70
58.8894 19.4208 70
-0.926095 1.43214 70
-1.37152 -0.241811 70
0.862079 -0.938219 70
1.38798 0.34723 70
-0.516737 0.844654 70
-1.44747 -9.23071 70
0.416298 -1.32367 70
11.2304 -30.9574 70
0.799024 -9.10756 70
-9.48822 0.793455 70
-10.799 1.18186 70
0.33546 1.42784 70
0.255758 0.279366 70
-0.65811 -9.36486 70
-9.46564 -9.86389 70
-1.06845 -1.3367 70
1.05501 -0.196916 70
1.23017 1.2474 70
-1.32035 0.226605 70
29.3439 -31.4355 70
-0.563477 38.9374 70
0.747628 -18.6525 70
1.07994 0.927455 70
-9.04639 -0.86771 70
1.17976 0.48508 70
0.761971 -1.34618 70
0.654623 -10.2338 70
0.456259 -0.147647 70
20.4157 -19.115 70
8.71291 0.258828 70
1.14499 1.47608 70
-10.054 9.03973 70
8.85686 -1.00683 70
10.0995 -1.48568 70
10.0631 -1.29211 70
0.210272 1.24712 70
8.79536 -10.8855 70
10.1938 -9.06564 70
0.615115 19.9145 70
-0.664709 -1.03364 70
-10.0186 -0.689176 70
-9.32566 -1.26299 70
-9.19385 1.45503 70
1.42263 -9.05166 70
-8.5229 -0.254468 70
21.3601 20.8033 70
0.386582 0.454102 70
8.68749 21.4496 70
-0.685362 30.4298 70
0.63218 -1.45465 70
-1.10746 8.60633 70
1.47198 -0.316341 70
0.296592 -9.03527 70
-1.19822 -9.29184 70
0.735087 -9.7925 70
-0.858394 0.482988 70
20.3902 -0.370269 70
8.53357 0.898609 70
-10.3699 0.278537 70
0.283036 -11.4157 70
-0.400902 9.83223 70
0.807955 -1.30218 70
-9.13666 21.1579 70
1.15214 -0.877983 70
-0.462859 -0.117228 70
0.0938653 0.634241 70
10.9082 -1.28893 70
-29.8281 39.6071 70
-1.43851 0.254889 70
9.3084 0.699081 70
1.12336 10.6605 70
-70.9274 9.43656 70
10.7553 -11.3958 70
-11.4339 8.97096 70
-0.187933 39.6463 70
1.42704 39.0541 70
0.949197 1.02373 70
-9.82434 -10.8394 70
0.0926237 -0.400922 70
8.92954 0.273728 70
9.37446 -0.556173 70
-0.208634 0.576985 70
-18.5618 9.52242 70
121.35 -0.684544 70
10.0746 9.3672 70
-1.11122 10.1781 70
-29.753 1.38753 70
-0.0419578 -10.4503 70
1.29727 0.830736 70
0.592821 -1.45224 70
-0.375077 0.42349 70
-19.3296 9.5491 70
-8.70036 0.284997 70
0.130199 0.447307 70
0.320145 11.0861 70
1.48876 9.18357 70
-0.669746 1.4778 70
-0.659722 0.197825 70
19.3682 10.351 70
18.9017 10.013 70
-19.1142 -20.0859 70
1.41056 -0.087677 70
9.47024 -11.4365 70
30.2113 19.7793 70
29.2228 20.4536 70
1.39901 0.152196 70
-0.55286 0.982275 70
-0.111465 -1.44285 70
-0.638785 -9.13009 70
-0.643903 -1.08094 70
-0.319283 -1.28447 70
59.5088 -49.6874 70
-1.25707 21.2033 70
1.08583 9.26902 70
-0.47507 -0.654376 70
20.3361 38.6978 70
-1.21295 -1.06492 70
-19.0815 9.97797 70
-48.7686 29.2505 70
-0.212842 1.28962 70
-0.801551 1.01557 70
-0.463684 -1.2055 70
1.24064 -1.26039 70
0.258156 -0.0271861 70
-1.17639 -9.66511 70
0.566384 -0.289734 70
1.06346 9.75242 70
-0.310762 -78.7891 70
0.367576 -80.21 70
-0.183021 0.902593 70
1.19753 -0.345666 70
70.2027 -50.3769 70
-70.9719 48.82 70
58.8872 -21.3825 70
0.717291 -1.19095 70
-1.24873 0.607719 70
-51.3248 9.35294 70
-10.5784 9.51162 70
-0.842883 -0.740336 70
10.3772 -18.5081 70
-20.8071 20.9645 70
10.0406 29.9095 70
-1.18247 -11.2362 70
61.1759 19.3254 70
0.179422 -19.4047 70
-0.320055 0.142458 70
-1.33269 -18.7213 70
0.0501469 -0.444062 70
10.1724 -0.699734 70
-11.2596 10.1309 70
-20.6676 -9.65596 70
-0.741029 0.775492 70
-0.792119 -9.39731 70
-19.7518 30.1498 70
-0.213492 0.756447 70
-0.453909 -9.44725 70
-1.09017 -9.16735 70
-9.2571 -10.0084 70
0.630556 0.479591 70
-11.4587 -1.11528 70
-11.2698 -9.74944 70
9.5847 -20.2537 70
-9.2097 20.3118 70
-1.47709 0.483459 70
-1.00794 -1.02826 70
-11.4106 1.07538 70
11.1917 8.83948 70
-10.9882 0.264977 70
-0.56296 1.42609 70
0.348978 0.365615 70
-0.279172 -8.77547 70
-8.59703 20.4623 70
-0.569509 -0.891559 70
-0.967704 -19.1657 70
-0.620643 19.2123 70
18.903 -1.24359 70
-11.2508 -0.606915 70
-11.4201 0.409746 70
-11.4558 0.978101 70
-9.55824 0.310189 70
11.2677 -1.08715 70
8.83308 -29.2899 70
11.1378 -11.0343 70
-9.04314 0.9661 70
8.59521 10.9782 70
-9.65589 0.630658 70
0.577482 -0.0922455 70
-29.1886 -28.6726 70
1.25344 0.176797 70
-1.33427 11.2019 70
-0.368754 1.33307 70
9.40453 -0.708363 70
-1.31321 0.58497 70
-10.2412 -0.802955 70
-1.36411 -1.19975 70
0.380401 -0.966179 70
1.38997 -9.94632 70
-0.819277 -11.103 70
-1.31913 -0.325535 70
-0.353518 -11.138 70
0.0299762 -8.55189 70
-10.8259 -0.293263 70
19.78 20.2058 70
0.124745 0.810586 70
-10.8629 0.0773906 70
-9.24285 1.01712 70
9.04818 0.194237 70
-1.03318 -0.249723 70
1.06185 -0.487002 70
-10.1868 60.3272 70
20.2158 9.80852 70
10.92 -40.1656 70
-9.20605 -0.375195 70
-0.20769 -0.120337 70
-39.5709 9.50308 70
-0.6667 -0.465256 70
-11.4346 10.1471 70
0.647992 -0.996913 70
10.5711 0.248677 70
10.2076 10.2926 70
-0.784969 9.06599 70
0.961262 -0.748514 70
-1.04557 -1.38232 70
8.55528 41.3757 70
8.67732 -20.0886 70
9.58274 -21.0722 70
21.0563 10.3104 70
0.020398 -1.25403 70
0.30918 0.210128 70
-0.102801 -10.0488 70
-8.6019 9.6733 70
0.431197 41.3677 70
0.317168 0.419863 70
-1.13697 -1.33745 70
0.129889 -1.29499 70
-9.54914 0.390683 70
0.726867 0.78687 70
-9.1885 -18.7894 70
-8.99687 0.356677 70
21.3278 -30.4392 70
-20.6146 -39.6598 70
-51.2051 -0.216968 70
-0.330091 -0.0835265 70
-0.69779 10.1767 70
-1.49505 -8.65713 70
-11.3497 -8.963 70
18.5485 -8.89117 70
-19.1178 -40.185 70
-0.681357 1.01152 70
-1.49442 -0.233966 70
0.362457 0.0517798 70
9.65766 9.20484 70
9.90023 -1.25559 70
1.33068 1.34882 70
10.9721 -10.6901 70
-0.102934 -0.315426 70
0.12275 -1.00714 70
0.641241 1.1176 70
-8.81247 -1.15703 70
-9.76339 19.3077 70
-0.886065 19.8237 70
-1.45985 1.00434 70
-11.3749 0.774679 70
-10.867 0.3353 70
10.5366 0.200939 70
-0.352901 -19.5962 70
1.29901 0.773672 70
0.44284 -1.21237 70
8.68655 30.0422 70
-0.593543 -0.0290196 70
9.47362 10.503 70
-0.763483 -1.38267 70
0.541382 0.331144 70
-20.7779 8.88821 70
-0.888356 20.0696 70
0.872519 0.0719331 70
-0.359734 -0.986583 70
-0.087516 1.32286 70
10.9113 -1.37807 70
-0.115192 -0.975763 70
-1.49584 0.495288 70
1.30468 0.143069 70
0.652067 1.22272 70
-11.0787 0.526685 70
-0.692063 1.29083 70
-18.5212 9.87863 70
-9.94281 -10.7648 70
-0.197114 0.0431042 70
-21.2798 8.52297 70
-20.2656 9.93897 70
-19.9709 10.441 70
-29.6791 1.26118 70
-0.66196 1.49246 70
1.37028 1.26756 70
20.1981 -0.249652 70
0.734455 -0.404101 70
8.84277 9.38986 70
-18.6652 1.42889 70
-0.249382 0.267182 70
0.550743 0.0897139 70
0.956875 40.609 70
-18.7517 -10.9019 70
-0.218106 0.430538 70
30.201 -39.2215 70
-8.57479 -0.89174 70
9.65955 -10.2623 70
-20.3251 -1.00226 70
1.2404 -1.07481 70
-8.71376 -10.2951 70
-9.7071 -11.2572 70
39.9329 -10.9653 70
-41.1794 -19.1522 70
1.21852 0.169726 70
-11.4603 -1.48149 70
10.4125 20.7109 70
1.39569 -1.46179 70
-0.560597 -10.4358 70
-11.3491 0.0844553 70
0.364503 -9.91919 70
0.234311 -1.21263 70
-10.6582 -10.5256 70
-0.997532 0.694738 70
-1.09897 -1.47177 70
1.2129 -18.7223 70
1.46272 0.164574 70
-0.611475 -1.06136 70
-0.88136 10.1518 70
-38.583 -10.0143 70
-1.19019 -0.757428 70
-20.0321 -10.7724 70
0.945965 -0.94066 70
1.4097 0.636766 70
0.530494 -0.675668 70
0.437412 0.824226 70
1.46776 1.42344 70
11.1035 8.66025 70
19.9081 10.7638 70
0.0782592 -0.506583 70
0.10173 -0.799492 70
0.941429 -0.0640623 70
0.607226 1.04704 70
-9.98475 -9.40732 70
-10.0973 -11.1356 70
1.45916 0.524457 70
-0.506183 1.03448 70
-9.27648 9.44555 70
-1.1896 -1.39289 70
-0.336536 -0.841954 70
0.106404 0.175519 70
0.012455 1.29226 70
9.90891 -39.0303 70
9.07405 -41.4685 70
-61.244 -28.8859 70
-58.8122 -29.4478 70
1.46261 9.8626 70
-9.98608 9.81775 70
-1.36202 -1.11598 70
-1.28201 1.09147 70
-8.67641 0.551371 70
-1.2071 0.77021 70
-110.715 -71.0852 70
41.3827 -79.886 70
31.2507 -1.43055 70
0.283336 -0.982811 70
1.44422 -0.521887 70
0.364907 1.37438 70
-0.379981 -9.54687 70
-20.7605 -0.42343 70
-0.0342688 1.23568 70
-19.0597 29.0693 70
-8.83877 1.14621 70
1.33312 0.115927 70
-0.532091 -10.6804 70
0.176029 -10.3854 70
0.493453 -0.0964907 70
-10.6456 -11.3426 70
-0.530068 -0.908293 70
20.7586 9.21143 70
-1.34057 31.1112 70
0.296718 10.296 70
10.1128 0.207761 70
10.7911 0.722611 70
-11.159 9.97678 70
-1.30522 -21.1411 70
-9.99391 -0.0755276 70
-20.2122 8.79484 70
-9.72185 1.09872 70
-0.184475 -0.52688 70
-9.36519 -0.865126 70
-0.551244 0.76198 70
1.07144 -1.34538 70
0.0677148 -0.368946 70
-0.216623 -9.79809 70
-1.152 -1.19817 70
-20.4903 11.463 70
0.63852 -0.336569 70
-11.2825 -9.15476 70
0.252946 1.08988 70
-1.17599 -0.962913 70
-11.2137 0.267657 70
-49.6857 0.396127 70
-1.49878 -0.953247 70
-1.248 1.40864 70
-19.1225 50.8357 70
21.0448 -11.2108 70
-1.44942 1.26875 70
-20.2502 -11.4795 70
-0.867826 0.965142 70
-0.180314 0.0702897 70
-8.93066 -29.1114 70
-10.6187 -31.1651 70
-30.851 -0.658649 70
0.759551 1.49743 70
0.0877946 -0.973009 70
-1.2482 0.929015 70
-1.2382 30.3109 70
1.24359 -10.1405 70
-28.7725 -0.185532 70
-0.96709 -0.568123 70
1.12126 -0.853663 70
-9.23402 10.6006 70
-0.69706 -11.1428 70
1.4432 0.255558 70
-1.40091 0.871786 70
-31.4217 -8.98587 70
-1.1966 1.11895 70
-10.9347 -19.8291 70
0.110095 -1.13298 70
0.584785 -0.0649101 70
-1.28296 -1.16195 70
-1.38872 -10.5911 70
28.8015 10.4583 70
-11.4113 0.221849 70
0.879012 10.3366 70
0.262845 -10.7847 70
-10.746 11.0483 70
0.546817 -0.991905 70
29.6383 -61.2242 70
-19.2598 29.7464 70
-10.7584 20.7683 70
-11.3136 19.4892 70
-0.770941 0.303648 70
-1.4534 0.747082 70
8.9745 -0.72566 70
-9.81416 10.6637 70
-0.289012 -9.12298 70
-0.976374 -9.70926 70
0.204262 -31.4589 70
0.95013 0.915215 70
-0.210805 9.22175 70
-29.8851 -9.13716 70
-0.549789 0.353422 70
-0.544073 -1.01475 70
-19.0841 10.7679 70
-20.4869 9.15834 70
19.6454 -1.45924 70
8.985 -11.1581 70
-50.3585 0.249754 70
39.4919 -40.1982 70
0.641615 0.906172 70
-9.69105 -70.9053 70
-0.0328068 -0.908721 70
0.738149 1.2694 70
-0.953557 -0.0594856 70
-0.192962 -0.354784 70
-10.5302 9.14146 70
-29.8378 -70.0462 70
-0.373149 -0.278076 70
0.625661 9.99211 70
-0.602466 0.534785 70
0.453243 0.161323 70
-9.44074 -0.555889 70
10.0015 -9.35967 70
60.2945 29.7063 70
9.82999 0.538776 70
-0.215803 1.00894 70
-0.863796 -0.186511 70
-1.25241 0.00656925 70
-9.04907 -0.386607 70
-1.47465 -20.0536 70
11.2347 -9.75879 70
31.4369 29.269 70
-0.763964 -0.709684 70
-20.5901 9.19471 70
-0.657231 0.982831 70
-0.770578 -8.54676 70
-1.03371 8.71553 70
-10.4408 10.7712 70
0.237332 -1.19836 70
0.72287 -1.25015 70
-9.25811 11.0691 70
1.29649 11.3091 70
-11.0093 8.91828 70
-10.3985 11.4196 70
39.5353 29.2718 70
18.6494 10.5563 70
1.02922 -0.582406 70
-1.38565 1.44444 70
1.39285 -0.847132 70
21.2884 9.65542 70
-0.788994 -1.42594 70
0.43378 -1.1341 70
0.548098 10.9231 70
1.12368 -10.0581 70
0.264292 0.735996 70
9.81192 -1.12389 70
-0.431322 0.924944 70
-0.734251 -0.728167 70
11.3941 30.0941 70
-28.9563 0.0942169 70
-1.46075 0.953595 70
-1.07889 0.15926 70
-19.9084 8.56038 70
-10.969 0.0876269 70
-11.2588 -0.971762 70
-10.9629 11.4707 70
-59.3736 -50.747 70
1.18834 1.05294 70
-1.0732 1.3233 70
-0.528337 0.452451 70
0.656398 -10.6393 70
20.539 -9.90816 70
1.46633 1.13507 70
-9.53413 11.3376 70
1.28009 9.78178 70
1.12504 11.4219 70
-11.1327 -0.592385 70
-8.69282 0.517581 70
-10.7466 1.00147 70
1.38101 -0.803469 70
69.505 40.0239 70
-0.535293 10.3907 70
-0.952662 8.82117 70
1.01235 9.17708 70
-31.1095 11.1109 70
-11.1383 -1.21613 70
-0.47328 -0.790149 70
-10.7938 11.1181 70
0.0439893 11.4704 70
0.982955 1.31963 70
21.3955 18.9514 70
0.444464 9.85867 70
-0.139973 -19.4068 70
20.1698 41.2401 70
-9.20966 18.9198 70
-0.795367 0.523159 70
-10.1531 0.951014 70
-8.56736 -38.9228 70
-20.9653 9.20152 70
-0.57019 0.58061 70
-11.4852 19.2076 70
0.151896 1.16523 70
-0.339048 0.566074 70
-0.482761 0.983925 70
0.730846 -0.917659 70
-0.600977 1.26047 70
-0.667561 -10.9073 70
8.83823 0.0177321 70
-20.5422 90.9764 70
-11.2547 9.51483 70
-11.2893 8.8932 70
-0.0985447 0.627293 70
0.532033 1.06068 70
-0.873288 1.29477 70
-8.55154 -9.19262 70
0.149183 -0.151809 70
-1.48928 1.42264 70
