-8.64724 -11.3516 70
-40.181 -29.8134 70
-19.3679 -11.1106 70
-19.6517 -10.0418 70
10.9474 -0.418332 70
-30.5003 -10.2501 70
-9.66071 -20.8071 70
38.7713 10.4687 70
8.78747 11.0521 70
-9.58163 20.3766 70
-30.5481 -10.0538 70
-10.3048 -0.0570853 70
-10.9097 -0.83795 70
-9.11692 -0.0744035 70
0.54361 -1.07595 70
1.29054 8.60302 70
-1.12766 -8.67726 70
-10.9523 10.3603 70
-10.0309 1.23897 70
8.92353 18.7847 70
-10.8837 -19.4112 70
-9.14901 -1.44983 70
-10.1872 -1.41611 70
-11.1918 0.920183 70
0.881406 -0.666217 70
-20.0166 11.2402 70
19.0372 28.961 70
-20.1045 -0.892191 70
-29.1258 0.116076 70
-9.75489 0.126834 70
-9.67486 0.880479 70
-0.385765 -20.8389 70
19.8742 0.658322 70
-10.6363 -11.274 70
-11.2788 -8.52434 70
-70.8031 80.1027 70
19.2495 19.5288 70
-71.101 70.859 70
-8.75079 -0.655043 70
-9.45446 -8.72253 70
-10.9372 8.89251 70
0.289896 0.0894768 70
-9.53013 11.1751 70
-9.02069 -1.3041 70
-1.47856 11.2856 70
-10.0841 -11.4996 70
-0.986306 -0.589124 70
-0.826739 0.823163 70
-0.12396 0.704564 70
-0.114116 -1.12497 70
-10.5123 -0.533615 70
-0.0253251 0.184634 70
-30.0556 10.5535 70
-8.74178 0.732589 70
-11.4815 -0.32327 70
-9.56792 -0.715838 70
-0.289741 29.6752 70
1.00599 0.170409 70
-9.08468 -0.952341 70
39.4605 9.77537 70
10.0146 -9.21057 70
18.5838 1.17446 70
-29.2275 8.87509 70
-19.9657 18.7068 70
-21.2417 8.84623 70
-10.5723 0.683291 70
-9.73403 -1.21625 70
1.0475 1.29544 70
-8.64502 -0.389825 70
-1.10727 1.23173 70
-21.2901 0.602176 70
-0.499406 -0.772704 70
-8.77617 10.1888 70
-28.9589 9.63952 70
-30.4929 10.9771 70
-20.7249 -19.1767 70
1.14044 -0.0619526 70
9.41799 -9.91764 70
-58.6439 -8.66657 70
40.1836 30.4133 70
-1.37486 0.375893 70
-9.62765 -1.24811 70
9.37951 9.65106 70
-11.4033 -0.94676 70
11.0675 20.3066 70
0.998093 -1.42079 70
1.09133 -1.32048 70
0.942475 -20.077 70
0.109442 1.13044 70
-39.964 -79.455 70
-10.8524 10.1211 70
10.6985 -19.5311 70
-0.658769 0.698208 70
-1.35806 10.3627 70
-40.0654 -71.0237 70
-0.547849 -0.248052 70
1.36817 0.816916 70
1.22479 -10.6596 70
-0.305736 -10.3751 70
-21.1392 10.0158 70
1.23971 0.790853 70
0.780781 -10.2376 70
-11.408 0.268118 70
-39.052 -1.16145 70
0.973021 1.24122 70
1.44367 0.00533503 70
-8.90337 0.277898 70
-19.5208 -1.45199 70
-10.3091 1.12185 70
-10.9673 9.04309 70
-10.1712 -19.1662 70
-0.205654 -1.49626 70
-0.257456 39.0872 70
-0.170334 40.0511 70
10.102 0.751375 70
-8.60905 21.433 70
9.72927 -10.0751 70
29.8464 -28.8284 70
-19.7009 -1.21319 70
-29.9478 11.2651 70
-60.3045 29.5329 70
-9.82093 1.3383 70
-8.59745 11.4256 70
-8.88224 -1.14839 70
-29.6208 -29.4769 70
-20.7359 -0.743621 70
-9.95584 0.186434 70
9.92314 -0.590889 70
-39.1655 -30.6067 70
-1.41681 9.18177 70
0.96448 -8.84625 70
-9.21579 -0.694551 70
1.37043 -8.81368 70
-0.774551 -0.817752 70
1.23334 -10.2883 70
-11.4002 0.42908 70
-29.2629 0.565455 70
21.3609 -9.32293 70
19.216 -1.47717 70
19.7336 1.06002 70
20.3519 1.1357 70
-1.04242 28.9013 70
-0.260131 0.320406 70
10.7636 -20.8643 70
-1.3315 -0.705115 70
-10.0981 0.368913 70
-11.3286 -19.3014 70
-9.75441 -1.30803 70
-9.85583 0.0304722 70
-0.343892 -0.0967561 70
-8.97878 -1.17298 70
-1.38713 -11.3875 70
-10.5009 -0.777844 70
-1.13645 -0.279364 70
-8.94331 -9.94706 70
-20.9441 -0.483167 70
-21.0849 21.3279 70
19.2374 10.9621 70
11.4059 -9.8839 70
0.309416 -0.471106 70
-19.104 21.3029 70
-0.88431 0.411775 70
-9.84466 9.77756 70
0.871285 -8.93878 70
-10.604 19.8263 70
-28.7275 -10.853 70
-0.956277 1.4621 70
21.2944 20.1835 70
-59.2005 -30.6324 70
-1.45372 -0.134544 70
-10.3212 1.48744 70
-1.33926 8.56718 70
-39.4098 -29.4555 70
-20.8116 0.430113 70
-19.7178 -11.1856 70
-20.0586 -11.0564 70
-8.65302 -8.8176 70
-70.3739 49.4254 70
-1.4983 0.482384 70
0.122707 -0.893931 70
-10.4106 10.2208 70
0.313477 -1.20686 70
11.4826 -9.18658 70
-30.6577 1.23795 70
-10.0297 9.27531 70
-18.9206 18.6563 70
-1.0863 1.31899 70
-0.521932 0.851161 70
-1.19314 -10.1141 70
0.500012 11.1287 70
0.458935 -59.0817 70
-9.91245 11.3529 70
-9.59826 -1.17431 70
-9.98569 58.5813 70
8.71374 -21.1019 70
9.42483 10.2165 70
0.737133 -0.122532 70
9.91728 18.5615 70
21.0327 -30.3582 70
1.21243 -10.2585 70
0.116993 1.45433 70
18.8235 38.5105 70
-0.81146 -10.8042 70
-40.9385 -31.1912 70
-10.0276 -0.912774 70
-10.4718 0.412391 70
-10.3653 -0.140167 70
-9.35821 0.0209184 70
1.25003 -1.25509 70
-9.26824 1.37447 70
-0.515485 8.62585 70
-60.4639 -10.3161 70
-59.8259 -10.6171 70
-8.98327 -10.8118 70
-1.49103 0.732556 70
0.460482 0.744212 70
-0.08017 -0.44153 70
-11.1562 19.1293 70
9.1742 8.98956 70
-10.8345 0.849124 70
0.686875 8.71287 70
9.82826 1.34703 70
-9.7262 -0.277922 70
-40.0727 109.802 70
-11.0391 -0.39866 70
-0.271069 -0.222784 70
-21.3311 80.9279 70
-1.19733 0.564399 70
-9.5156 1.07205 70
-11.3314 -0.545563 70
-0.530121 -10.3371 70
1.08308 -9.38436 70
-9.13954 -1.4973 70
19.5845 -60.3898 70
1.44764 0.786407 70
-10.2529 0.996411 70
0.831817 1.03486 70
-8.59771 10.2958 70
-0.592985 10.9953 70
-20.3628 -20.2315 70
-9.30818 -0.0980911 70
-0.357154 0.977733 70
1.28824 0.92134 70
31.115 -41.1435 70
20.3698 9.60655 70
60.6194 -9.0491 70
-9.44284 -8.5272 70
-29.5916 19.8595 70
0.252396 30.8858 70
-9.27233 -0.338752 70
11.3966 30.1216 70
-1.22725 -1.311 70
0.782087 0.870996 70
-10.3999 10.8081 70
-9.69585 1.06154 70
31.1981 29.624 70
0.0864003 -8.55805 70
-28.9235 38.7344 70
-11.0568 -0.905119 70
-0.75074 1.04892 70
10.5736 9.7604 70
-40.1636 -21.387 70
-0.653093 -0.666337 70
-10.8814 1.04513 70
0.34204 1.03945 70
-0.519528 -30.3198 70
-10.4405 0.537694 70
11.2242 -9.02371 70
0.616847 -8.94206 70
-10.4397 0.326951 70
-9.53319 10.9011 70
11.0306 -1.06304 70
11.2712 -0.760801 70
1.43109 -19.9148 70
-10.126 -8.61425 70
-19.0038 -10.1944 70
-1.48212 0.75355 70
-0.177311 11.4018 70
19.3655 19.398 70
19.7447 18.7043 70
-20.3005 -0.659693 70
0.555644 0.101534 70
-9.02362 -0.015266 70
-11 8.63693 70
-9.86531 -20.9935 70
0.0159227 -1.46088 70
0.168538 0.437822 70
-9.50515 28.9346 70
-9.48546 -9.29518 70
-9.8287 -31.1893 70
-11.2219 0.586538 70
-18.7162 0.108264 70
-20.8183 -9.66942 70
0.177181 0.645558 70
10.3423 -10.6023 70
-19.5203 29.9733 70
-9.72576 1.44744 70
-9.14113 9.44834 70
-9.29132 -0.224073 70
-9.41856 0.280963 70
-8.63678 9.56249 70
-1.40651 -8.99203 70
-1.06611 -8.78766 70
1.12208 -20.9737 70
-10.2333 -10.0329 70
-0.226984 1.31587 70
-11.3417 -8.79181 70
-0.210722 -19.5287 70
-9.75916 -10.1362 70
-1.35613 -1.18713 70
-41.4361 1.24103 70
-28.7011 39.1812 70
38.7851 -19.7969 70
-1.49678 0.17966 70
-18.9589 0.332729 70
0.338329 1.31595 70
-9.77881 0.326966 70
-9.80723 8.52793 70
-8.93747 9.92165 70
-11.0453 10.1428 70
0.476666 10.9167 70
11.3392 -0.373882 70
20.5609 -31.0567 70
-19.3629 -10.6123 70
-10.9244 -21.295 70
8.58067 -29.3022 70
-9.67484 8.75849 70
10.739 8.8327 70
9.7165 10.0001 70
0.706875 1.12688 70
-9.04286 -19.7937 70
-10.8757 1.1936 70
-0.0987879 -19.0988 70
1.1119 -1.05587 70
-10.778 -9.40593 70
1.13587 10.5772 70
-10.2736 -0.607726 70
1.42202 9.0264 70
59.8681 40.8448 70
-30.7636 -0.113041 70
-30.7744 -1.28157 70
-1.20173 -8.56617 70
-9.24936 1.08279 70
-20.083 -9.76598 70
-9.64816 10.2692 70
-9.66143 9.84634 70
0.856403 19.1036 70
-9.70251 -0.976186 70
0.715941 0.334036 70
-89.9558 71.0257 70
-10.4408 9.80716 70
-0.436994 -0.493307 70
-10.4284 0.709659 70
-9.89778 10.1204 70
-9.0933 0.190385 70
-11.0501 0.22152 70
-9.31522 -18.6435 70
30.2778 0.597174 70
-21.3959 19.3608 70
-30.6528 19.4056 70
-8.74524 -10.2217 70
0.395016 0.159197 70
9.80624 -9.44043 70
19.2697 -10.6223 70
-11.234 0.541438 70
-11.1917 0.979361 70
1.31577 0.885202 70
-8.57344 8.5371 70
-8.51722 -1.19698 70
-10.7934 -0.449147 70
-10.9223 -0.70873 70
-11.2803 0.363861 70
-1.30024 -1.08307 70
-10.4192 -11.1742 70
-21.4207 -11.4708 70
-10.8054 -19.899 70
-9.77552 1.47316 70
-9.52233 0.134792 70
-1.49781 -31.2503 70
10.7106 9.55594 70
-10.9593 -1.09686 70
99.6038 121.1 70
-9.77666 -1.3868 70
-0.46777 -10.6887 70
9.9051 10.1674 70
10.2049 9.62868 70
10.3128 11.4233 70
-20.2908 -49.865 70
31.3805 -10.7743 70
9.54009 19.1119 70
-9.62879 29.2371 70
-9.41326 1.02794 70
19.5665 19.0307 70
-9.98305 1.34247 70
-9.54325 0.425353 70
-10.2673 1.02628 70
-11.0095 -0.139235 70
0.292324 -11.4547 70
-0.192843 -11.0734 70
0.574462 -11.2786 70
-9.53342 0.738659 70
-29.6092 -29.4135 70
19.0605 1.17126 70
0.22469 -0.13708 70
-10.6163 0.760819 70
-10.7163 -1.08042 70
8.58372 -9.4624 70
1.4833 0.425917 70
-59.7611 8.83246 70
-0.504066 -10.7252 70
-1.04501 0.636356 70
40.8334 -10.4014 70
-8.94836 0.220437 70
8.85411 -1.37877 70
11.3158 -10.6824 70
-10.1887 0.213122 70
-10.4229 -0.215215 70
-19.52 -10.4416 70
-19.074 20.351 70
10.2348 1.06891 70
-0.900766 1.28087 70
-10.7167 0.98055 70
-9.24994 1.31669 70
-59.3254 -50.39 70
-9.33138 11.4139 70
-19.13 -10.5472 70
-11.2277 0.295558 70
-9.47347 10.8414 70
20.0555 -1.23698 70
1.2839 -8.65501 70
0.247375 38.6606 70
-10.447 -1.42902 70
1.29432 28.8424 70
-10.173 -0.772184 70
-8.50574 -0.252139 70
-9.07077 -0.820502 70
-10.5971 0.705819 70
1.37487 -0.476485 70
60.1923 -8.94623 70
-9.34164 0.524457 70
-0.318416 29.6226 70
-8.62566 -0.79693 70
10.1264 10.2958 70
-1.48258 -1.04227 70
-1.32386 -19.2913 70
-9.43214 -0.745928 70
-8.63828 1.46948 70
0.658504 0.408421 70
-10.3543 -30.1839 70
-0.100735 -11.2702 70
-11.3883 9.82148 70
9.95352 59.5096 70
-8.53975 0.639272 70
-11.3057 -9.98054 70
1.30523 8.64977 70
0.460372 -0.551515 70
-1.06148 1.17061 70
-10.5131 1.38028 70
-8.75462 1.13036 70
1.33802 -10.7202 70
-11.3781 -0.917651 70
-0.281536 -1.12258 70
11.0825 0.767417 70
8.7718 -11.365 70
-0.746686 0.93274 70
0.0759936 1.18736 70
-11.4853 -1.35412 70
10.3482 19.3546 70
-11.1234 0.560183 70
-8.56313 -0.408669 70
0.903838 10.7263 70
-10.7727 10.3726 70
-9.43929 -30.3455 70
19.5279 11.0255 70
0.255882 -0.101478 70
-10.8672 0.416298 70
-0.335785 -0.509967 70
1.12125 0.169449 70
-0.335532 0.837481 70
-10.1771 1.03197 70
-1.13725 0.371005 70
1.19115 0.260212 70
-0.611808 1.19214 70
-9.98688 -20.4695 70
-8.89678 0.560727 70
-11.3322 -10.075 70
-0.194791 -9.33493 70
-9.95997 -11.4179 70
-8.51209 -11.4302 70
-9.14688 28.5828 70
-8.98117 -0.198229 70
-11.1235 10.0184 70
-11.2975 -9.32204 70
-9.00135 -1.4982 70
40.4427 -41.1024 70
-30.2161 -19.5897 70
0.922644 -0.802175 70
0.998108 1.02917 70
-1.44751 -10.0921 70
-19.4127 11.0629 70
-8.78012 -8.75479 70
-10.5499 1.10168 70
0.529183 0.706778 70
-0.176327 68.6166 70
-11.3328 -0.928929 70
-18.5997 -19.0756 70
-20.9376 -20.7976 70
-8.6983 9.38469 70
-8.57837 11.1531 70
-31.2675 -19.572 70
-20.4196 -30.0723 70
0.132352 -31.0391 70
-9.43689 -0.712953 70
-58.8303 -19.6089 70
-9.26202 -9.20556 70
-20.4534 -19.3701 70
10.5892 10.6293 70
-9.82072 1.39027 70
-10.9562 -0.333557 70
-11.1342 -0.592706 70
9.74576 8.95855 70
0.321259 0.235366 70
11.0867 -9.95031 70
-10.8658 -1.05576 70
0.346896 -10.74 70
-8.82214 0.531963 70
-0.574055 0.206908 70
-10.5266 -0.174769 70
-1.36751 0.154686 70
1.04746 0.00754838 70
-1.40667 -9.84334 70
-10.4337 -1.13042 70
10.7762 -31.4607 70
0.154295 0.904086 70
-1.11126 -9.6094 70
-8.85702 -0.183604 70
0.394173 -1.47922 70
0.45273 1.18276 70
20.1861 10.2304 70
10.8454 28.8107 70
80.4303 -89.8897 70
-1.41233 -10.6093 70
-0.487998 1.16872 70
-19.3247 18.8906 70
-10.6003 10.9648 70
8.79083 -21.4716 70
-8.6131 1.33802 70
0.33552 0.0315098 70
-9.76922 -0.0356979 70
0.188116 0.578803 70
-10.3092 -1.00009 70
0.957712 0.341423 70
-9.94121 -1.38078 70
9.64725 1.47212 70
-1.41171 -11.39 70
-10.3512 1.21024 70
-30.8262 -10.7388 70
-0.458375 0.557111 70
-0.386404 -0.117148 70
-29.4016 -8.64155 70
0.481754 0.551629 70
11.3321 -1.28507 70
9.12492 -1.25452 70
-20.376 -18.7674 70
-28.7398 30.0846 70
-10.6086 -0.771939 70
0.905159 -0.322231 70
-9.4731 11.3439 70
1.09152 18.8909 70
-8.54189 -10.4887 70
-10.1123 -0.40031 70
-11.4016 -8.83158 70
-8.99168 -9.88596 70
-0.763295 -0.526808 70
-1.0386 -0.558094 70
0.010584 8.70116 70
-11.0691 -0.657417 70
61.0246 10.319 70
21.1932 -0.803216 70
0.981322 -21.2255 70
-19.268 0.844753 70
0.534309 0.438159 70
10.4975 20.1674 70
-0.959037 10.2314 70
1.17175 18.7434 70
1.29055 -0.0302544 70
1.4673 -8.51031 70
1.49789 -0.809858 70
-18.9879 0.148034 70
-28.5856 11.307 70
-8.53851 -1.34899 70
-0.0559134 1.35093 70
-11.2268 -1.01584 70
8.80503 -21.3347 70
-8.9134 29.5838 70
-31.1537 18.7425 70
1.09007 -1.30736 70
-9.21668 -0.618704 70
-10.5309 0.29757 70
0.512384 0.66977 70
-19.5931 9.00945 70
-9.10379 10.4773 70
-19.4298 1.32536 70
9.11424 -10.5274 70
-8.68814 0.0983564 70
1.18347 0.00198699 70
-8.54798 -8.67859 70
-19.1461 -0.546681 70
-9.43742 9.7379 70
9.75814 20.7291 70
0.59594 -10.2707 70
-11.1877 1.43392 70
-11.2209 10.8678 70
-9.52302 0.680737 70
-9.75372 -0.766705 70
-10.8877 -1.11134 70
-8.55881 8.73312 70
28.8395 1.45747 70
-9.53193 1.13236 70
-39.8736 10.3618 70
-10.788 -1.26441 70
-10.5542 1.08097 70
-0.58059 -0.199573 70
9.27831 -59.9998 70
-0.285401 -1.49288 70
-8.5875 -8.58072 70
-38.8678 -11.2587 70
-0.717843 21.0068 70
19.3389 9.54554 70
-19.1381 -1.16206 70
-9.26272 -10.536 70
9.85788 -59.5675 70
1.23315 8.55223 70
-29.1036 30.4648 70
-30.7511 10.0244 70
-29.7922 10.5107 70
49.5647 -49.32 70
-20.026 31.175 70
-20.9024 0.788226 70
-69.0913 -18.5332 70
-29.8246 -30.1013 70
-9.86883 1.28128 70
-0.0588736 0.322652 70
40.5498 9.45734 70
28.8048 41.1687 70
0.234771 0.703996 70
-9.07266 -8.65247 70
-11.4813 -9.16804 70
-10.8613 -0.845019 70
-20.7203 0.356642 70
-11.3933 -0.513229 70
1.28836 -1.1485 70
-8.62047 -29.5309 70
1.37616 -9.39107 70
-28.7921 8.6191 70
-10.6873 -0.698804 70
-1.44098 -0.775553 70
-1.27509 -0.501273 70
11.2866 0.320829 70
-9.0155 0.835312 70
1.29841 18.9353 70
1.16284 1.48856 70
-38.8797 28.769 70
-18.7102 -0.80378 70
-21.4757 9.88894 70
19.7507 -10.0782 70
-10.6573 0.569182 70
-11.2822 -20.455 70
-69.445 51.0331 70
-0.984445 -0.331355 70
-21.1781 -30.3437 70
1.47229 -19.7859 70
8.8921 -30.4531 70
-11.0294 0.58909 70
-1.13481 -1.11837 70
-10.4651 18.7946 70
0.388951 1.26482 70
0.494688 -21.2429 70
1.10448 0.636054 70
0.566706 0.0342215 70
-10.2005 -1.12837 70
-11.4751 -29.0949 70
9.45948 18.6566 70
0.593828 1.21141 70
10.9993 10.2942 70
1.21206 0.84515 70
0.141945 -0.405486 70
8.56167 1.45435 70
1.22117 9.86215 70
-9.15264 -0.377546 70
-0.937066 -0.985822 70
-80.1163 -19.9951 70
-8.54038 -1.27097 70
-11.2084 -0.68739 70
0.831071 -1.33934 70
1.15581 -0.0431538 70
-38.9988 -11.3111 70
10.325 -1.31027 70
10.9703 -0.0385202 70
10.515 9.32535 70
50.4753 -39.656 70
8.7109 8.53668 70
20.179 9.4493 70
-19.2013 -10.3227 70
-9.93279 10.977 70
-20.1376 10.9462 70
1.34082 -9.29135 70
-10.9629 28.534 70
0.841592 -0.293145 70
10.5622 -0.157357 70
-9.6103 -0.594952 70
-8.77121 1.15779 70
-10.8809 0.84033 70
-9.59376 0.454875 70
-9.50506 1.05496 70
-19.5478 -1.24301 70
-9.99827 -0.782064 70
-40.6814 -51.3493 70
-1.49398 -1.25272 70
-19.4666 8.72082 70
30.1837 20.319 70
-0.275191 29.1669 70
-10.582 -1.17997 70
0.826805 28.9884 70
-9.30521 -1.15185 70
-19.3816 -11.3114 70
-1.04735 20.5815 70
-30.2499 19.2093 70
-31.2762 59.0139 70
-8.93645 9.40355 70
-8.89453 11.0229 70
-1.31802 60.1461 70
-9.41557 10.119 70
-9.75209 0.33757 70
-0.428974 -21.1493 70
0.245696 -8.65171 70
-0.131481 1.0053 70
1.02181 1.05393 70
1.29283 9.60847 70
-0.202065 -1.32686 70
-0.135176 -0.979999 70
0.393292 -0.671068 70
0.112696 9.58961 70
8.64911 -11.4723 70
-20.7092 39.858 70
-0.837837 0.750415 70
9.73028 -0.959593 70
-0.633653 0.589579 70
-9.04615 0.749434 70
-11.1555 -0.869592 70
9.31388 -1.08352 70
-8.80203 -18.6787 70
-10.8412 -10.4732 70
0.975963 -0.308082 70
10.241 -19.1526 70
-10.7926 0.471235 70
-0.786097 8.51868 70
19.3707 -29.8935 70
1.4739 8.6202 70
-9.03928 -51.3384 70
-49.3138 -29.8135 70
