10.5595 -9.80565 70
-0.401296 -69.3096 70
-70.1415 -39.9353 70
1.2712 -10.7275 70
10.2358 -11.088 70
-1.28984 -9.00827 70
9.09488 -1.07422 70
8.71135 0.609988 70
1.07953 -8.98005 70
10.7415 -0.157426 70
9.33118 -0.142671 70
18.9472 -19.4883 70
19.1008 -9.64579 70
1.3271 -9.61293 70
70.5203 -29.3583 70
0.371614 -1.08105 70
0.231993 -1.40197 70
11.0736 -0.31278 70
11.0005 0.0708385 70
9.58812 -10.4534 70
-10.5578 -10.0234 70
0.305909 1.17396 70
10.3936 -1.09309 70
-0.744432 0.323069 70
-9.00274 20.9001 70
29.4033 -20.2263 70
8.89014 -11.4971 70
-9.00481 -10.3405 70
11.4284 -1.12595 70
-0.75738 -0.0326785 70
-0.188747 -0.465412 70
18.5123 -1.01575 70
9.01688 -9.09317 70
50.8505 30.6417 70
-9.45483 1.43127 70
-0.0694401 -28.956 70
-0.743631 -1.49037 70
-0.371146 -0.414619 70
0.740863 0.609857 70
11.0924 -18.649 70
-1.15805 0.431042 70
9.52592 -1.31999 70
-1.44022 -1.05005 70
8.85122 -8.78971 70
-1.04351 -0.416526 70
30.1488 -10.2069 70
-41.4411 -68.7489 70
-1.32622 -8.60282 70
1.01144 -0.254631 70
1.22117 1.44536 70
11.4918 0.156495 70
21.0465 0.396955 70
-19.7735 -0.578575 70
10.2913 -18.5527 70
9.6409 0.316179 70
10.6721 0.665851 70
0.792724 1.46088 70
-8.55513 0.701972 70
0.764173 0.766802 70
10.7079 11.008 70
51.3703 -58.9463 70
30.1667 -11.2391 70
0.747369 -19.346 70
9.24747 -1.16279 70
-8.90627 9.73645 70
-29.0846 -61.0861 70
-9.25024 20.6779 70
60.7997 -29.9079 70
-60.2212 -89.0058 70
8.85011 0.267724 70
9.81709 -0.103313 70
10.9203 1.42848 70
-10.9317 -0.791134 70
-19.8659 0.794335 70
31.4009 -19.1301 70
-11.3463 -8.54459 70
-19.6294 -20.1932 70
19.9819 -19.6323 70
0.802192 0.346031 70
0.788249 0.492398 70
9.60139 1.47895 70
10.6889 21.0268 70
-0.965914 1.24911 70
10.6082 11.2178 70
9.04371 10.9615 70
8.69262 -9.35612 70
29.3241 -19.6642 70
29.2677 -19.4383 70
29.1495 -20.0258 70
11.1298 0.31588 70
9.15287 10.5385 70
-8.59487 -9.49315 70
-10.8811 -10.6529 70
18.5097 -49.3617 70
8.53224 -9.54964 70
11.0178 -11.4271 70
-21.0949 70.0853 70
-9.72773 -30.3145 70
31.3442 9.71465 70
20.311 -0.881758 70
19.3139 11.4478 70
10.6059 -1.12512 70
0.750898 -10.6977 70
11.2712 0.931199 70
1.03699 -21.2817 70
-10.0944 -19.5919 70
80.0051 -10.1512 70
9.84526 1.47791 70
20.7521 60.2736 70
-20.2373 -28.6691 70
0.648969 29.449 70
0.611351 -10.3771 70
0.102625 1.22944 70
11.0818 9.36326 70
-0.865441 10.3684 70
0.336428 -18.9853 70
10.5131 0.326901 70
0.230783 -1.32742 70
-88.5951 19.3811 70
-9.48472 -10.0028 70
28.9769 -1.04222 70
0.199119 0.430074 70
-1.39091 1.1482 70
10.5056 1.42489 70
0.363259 -1.47991 70
8.85382 -0.783667 70
9.18042 -1.01682 70
-10.7326 -0.641811 70
-1.35039 0.252033 70
-11.4664 -8.66749 70
-0.673168 1.15845 70
9.51804 30.8377 70
11.3853 -9.6024 70
0.705312 1.29516 70
-11.4636 -9.40698 70
21.3604 11.4107 70
-81.4792 40.0708 70
-10.7743 -9.23459 70
9.99776 0.749788 70
0.934945 1.18499 70
9.99993 -0.27454 70
-10.0532 1.37611 70
-11.0232 0.228795 70
11.1632 0.567375 70
0.219079 -9.17287 70
9.31741 -0.903792 70
10.517 1.45065 70
-0.173182 -1.18696 70
0.0244039 -20.0593 70
0.604368 -9.61226 70
-1.3437 -10.8571 70
9.04113 10.9591 70
111.472 10.0319 70
10.6868 10.7113 70
-8.98642 -1.44816 70
-0.283044 0.802466 70
-8.54543 20.1025 70
10.2148 -1.16328 70
1.20661 -0.700689 70
-20.9473 10.4698 70
11.4181 -0.526726 70
11.1644 1.0514 70
8.66714 -0.747171 70
50.9237 41.428 70
0.135295 10.8888 70
-30.8801 -19.3813 70
18.698 -8.85205 70
10.1773 0.0469141 70
11.0792 -0.217422 70
10.894 -8.98421 70
-1.33922 11.0151 70
0.111094 -41.4343 70
-19.0566 18.676 70
0.492715 -9.53977 70
11.4282 9.35483 70
110.596 70.9061 70
-9.44982 -10.6533 70
10.9812 -1.06661 70
-20.9916 -18.8259 70
-0.2182 1.34398 70
-10.6528 -29.4581 70
8.68721 -8.57606 70
10.6006 -1.17739 70
41.3637 -20.3701 70
10.386 -20.2423 70
20.4061 0.955515 70
9.59728 -21.2227 70
-0.465031 -19.6375 70
20.0114 -20.1388 70
-0.266697 -10.5008 70
8.99787 -0.95795 70
9.71636 -1.33997 70
10.4141 0.879144 70
-0.360638 1.06682 70
0.807483 -0.836841 70
11.333 -1.07975 70
1.00526 -11.1041 70
9.07749 -10.836 70
-0.315021 -0.821313 70
-1.2425 -1.25704 70
9.1187 -9.59323 70
9.98365 1.3917 70
-0.801904 -18.956 70
19.5876 -18.6692 70
-0.35639 9.79722 70
11.2481 0.230763 70
-21.4607 -10.9035 70
10.6968 -0.52856 70
9.66619 -40.8361 70
1.45881 0.604971 70
0.634215 -1.0656 70
-9.84484 10.4256 70
10.9385 -0.64742 70
9.72542 -19.8454 70
9.37537 -18.5814 70
-9.56881 21.0302 70
9.10278 -1.29823 70
0.260182 1.37927 70
-0.466067 0.175937 70
8.61125 0.912723 70
-9.96302 -1.16382 70
118.664 40.7316 70
9.88911 -10.1555 70
8.77315 -9.01228 70
-108.689 -59.7125 70
-0.675348 -0.729558 70
-0.274612 0.417512 70
11.3243 -1.47122 70
-1.49688 -1.40913 70
30.0032 -21.0355 70
21.157 -0.0290316 70
9.7277 -11.2831 70
8.65248 -0.994985 70
9.77791 -9.23838 70
-1.13759 -21.3882 70
0.0218204 -9.94352 70
-0.107654 0.758097 70
-9.72531 -28.6608 70
10.373 9.49433 70
8.84333 -1.14314 70
8.96149 0.806499 70
-0.371303 -8.69187 70
1.49367 -9.59926 70
9.86453 11.3895 70
-0.66293 -8.75905 70
9.71046 1.3749 70
11.2427 0.168273 70
11.141 0.222406 70
1.25064 -0.807513 70
0.0423859 0.388419 70
-20.7731 9.16691 70
11.0276 11.0638 70
11.1581 20.7308 70
9.38415 19.2986 70
1.01823 -10.6376 70
0.493356 -0.274864 70
-9.02581 -9.42257 70
20.1428 -9.80948 70
-10.7201 9.9561 70
-21.1394 10.2048 70
9.37985 -8.9798 70
0.193812 -20.9363 70
10.158 -18.8523 70
1.23227 -0.574495 70
0.208082 -0.648673 70
-8.94308 9.52262 70
10.9206 -0.144852 70
-0.973425 -21.4271 70
1.32972 -11.2954 70
-10.9885 49.3552 70
10.5366 -0.70066 70
10.2871 -1.05748 70
10.7348 1.37329 70
9.04776 -10.6115 70
-10.75 -9.28478 70
-8.84341 -19.5628 70
21.4546 -8.62074 70
18.6052 1.03515 70
0.520406 0.962322 70
1.16782 0.909136 70
0.515156 0.798844 70
0.277711 -19.2979 70
-0.527529 -11.2966 70
10.7848 -1.37253 70
-10.942 1.21549 70
0.728106 -0.808404 70
-0.50765 1.13949 70
69.6902 78.8181 70
-8.55726 1.12273 70
-0.406763 -19.7105 70
0.422136 -21.3783 70
-1.37009 10.9485 70
1.02605 -9.89712 70
10.6912 1.43774 70
48.9121 -41.1671 70
-0.507859 -0.16111 70
9.54901 -20.113 70
-1.05066 -8.54799 70
-1.08134 -0.41344 70
19.2394 -29.4653 70
-0.817569 0.554831 70
8.82972 -9.49974 70
10.2118 9.25342 70
40.4116 30.3045 70
0.975335 0.940787 70
0.160651 19.6572 70
0.941584 -0.693885 70
9.31595 1.34019 70
10.1813 -8.61967 70
31.2767 -41.0356 70
9.81145 -10.0284 70
-51.1509 -59.8735 70
-41.3013 -9.82652 70
10.2824 0.341998 70
-9.9571 -29.2289 70
18.8041 -20.5867 70
19.4378 -8.54803 70
-0.398222 0.598026 70
0.563159 -9.86681 70
-20.9795 0.417054 70
9.58048 9.78287 70
-20.0007 -21.3284 70
-10.6274 8.51121 70
0.186105 1.42709 70
18.6984 -50.6599 70
48.5815 -80.088 70
11.4955 1.19936 70
-1.45418 -10.2587 70
58.8126 -8.8558 70
-0.294545 -1.20783 70
21.1326 -30.806 70
10.7824 -10.4524 70
-11.3989 -0.345075 70
10.0388 10.1165 70
0.501761 1.49297 70
10.9815 -9.74789 70
-1.47844 0.543634 70
-18.5543 20.4443 70
19.1523 -8.8285 70
39.4503 -41.4896 70
9.53079 -11.1378 70
20.9599 8.81411 70
10.5016 9.27205 70
0.967171 -20.8734 70
10.6975 0.713597 70
-0.720782 -10.8094 70
1.26819 -0.470639 70
-50.9361 -39.9127 70
30.2052 10.8743 70
9.29907 -0.603841 70
-9.36855 80.3125 70
1.14724 1.02765 70
-0.283976 8.53082 70
-0.125622 0.658623 70
11.3136 -9.56897 70
10.6617 -9.51241 70
-10.8078 -0.4894 70
39.5417 11.0592 70
9.58085 -9.8787 70
0.980351 0.383329 70
0.0456381 1.21299 70
-0.354491 -0.356128 70
8.75943 -10.5342 70
1.36228 -11.4744 70
-0.0839447 -9.94167 70
-30.1118 -0.943531 70
21.1527 -41.2594 70
29.8058 -19.7771 70
0.862572 1.10531 70
10.507 -9.41765 70
-1.1839 49.5654 70
-9.23158 -11.4602 70
9.69769 -9.26807 70
-8.86621 -0.66316 70
11.3872 -10.2213 70
-0.22969 1.03666 70
1.49939 0.133254 70
-0.147915 -10.4019 70
-1.31484 -8.5063 70
-1.0996 1.48788 70
1.30586 0.0273171 70
11.0264 1.46154 70
10.0193 0.989348 70
21.352 -1.10713 70
31.4026 -0.401788 70
10.6145 -10.2834 70
-1.40511 -0.139996 70
-0.149718 -19.6908 70
8.93546 -0.566996 70
-1.19422 -0.59389 70
-38.5566 21.4155 70
9.08945 9.43297 70
-1.4498 0.307904 70
0.221771 -21.0739 70
0.0778405 0.877074 70
1.3179 -11.381 70
1.11929 -11.0769 70
10.9903 9.12914 70
10.0931 -8.91417 70
1.32591 8.57583 70
-0.757085 10.8472 70
-0.300339 -0.264322 70
60.5591 58.9445 70
-0.172463 11.0542 70
10.6282 30.0426 70
10.1219 1.00627 70
29.1974 -9.89604 70
29.4109 -11.2293 70
1.2583 -9.3431 70
10.1727 9.12842 70
-8.56451 -0.715635 70
0.848941 -11.3033 70
1.2577 -9.00491 70
-10.2818 -19.9879 70
-30.0253 40.6551 70
-78.7161 -20.7058 70
-80.8569 -19.6468 70
1.148 -11.4568 70
0.892299 0.240993 70
9.46171 -1.09798 70
8.59992 -0.335055 70
-0.656102 0.77717 70
-1.17277 -30.5688 70
9.86636 -0.164321 70
10.6196 1.09806 70
8.73817 -10.464 70
9.38536 0.526048 70
9.34552 1.44191 70
8.77748 18.9306 70
-0.684551 -0.491409 70
9.35643 1.2092 70
19.5144 -1.29352 70
10.5999 -10.5136 70
9.71038 -10.6102 70
11.3233 -10.3013 70
10.5335 -19.3625 70
10.9014 -8.68605 70
-28.5324 -19.9761 70
0.667721 -9.36416 70
0.0329244 -18.5646 70
0.81559 -1.05866 70
0.0897776 -10.0583 70
0.155632 -19.8796 70
-9.95874 30.8121 70
-9.70189 -9.50418 70
9.68592 -20.1855 70
-1.10348 0.486046 70
-9.50972 29.8026 70
0.4292 8.72522 70
0.856632 -9.93623 70
11.4688 9.39401 70
-10.3396 -0.555085 70
9.90178 9.37315 70
9.43213 -9.64745 70
20.1857 -20.4083 70
19.3432 -19.3 70
-8.77964 -11.0705 70
9.92726 -0.339216 70
31.2944 -1.48615 70
20.3849 -0.214968 70
29.3761 1.17693 70
-20.9136 -9.34598 70
-11.4084 0.800703 70
-8.90071 10.7319 70
0.539457 0.748291 70
-0.930924 0.659137 70
-0.674839 0.0397638 70
0.0803208 1.46908 70
9.11961 -0.36641 70
8.55358 -1.48825 70
10.8246 -0.928766 70
29.4746 -9.06105 70
-1.05381 -9.65446 70
9.80594 0.268961 70
-10.1066 -0.83411 70
10.1491 -11.3676 70
0.484488 -0.711999 70
8.81271 -1.03406 70
30.6351 9.12116 70
-20.6165 0.118472 70
-1.33654 0.773711 70
-0.82218 -10.3314 70
10.9533 -1.41736 70
8.81885 0.883302 70
10.6051 1.47672 70
-1.24731 -0.340792 70
0.754119 -9.17157 70
10.2083 20.6074 70
51.4779 -90.7506 70
9.46757 -1.25626 70
-1.44236 -0.488722 70
-9.902 8.8463 70
9.76881 0.988997 70
-29.2381 -10.5968 70
9.11209 -10.3732 70
8.61177 -10.6468 70
10.2259 -9.29891 70
29.508 -11.4343 70
9.48632 -10.1471 70
11.3741 -0.461316 70
-0.158361 -9.30888 70
-9.82805 -8.55472 70
-8.69343 -9.91716 70
-58.954 70.6614 70
9.46742 1.39101 70
8.63247 -10.2928 70
8.65819 -9.01889 70
0.948343 -10.3345 70
-1.2162 1.18592 70
60.0143 10.8831 70
-11.082 -29.5145 70
1.46162 1.49078 70
8.50667 -8.63176 70
10.3927 0.435307 70
11.1656 -59.4986 70
0.0924575 -28.8658 70
29.6495 -0.342978 70
1.35836 -19.2933 70
9.40678 -1.2648 70
-49.07 -60.456 70
-19.2852 0.389997 70
19.6629 -0.841183 70
9.08386 -10.6368 70
-0.503302 -9.26207 70
0.341674 -20.2084 70
0.993871 -8.57084 70
9.96082 -10.7495 70
-9.55942 11.1889 70
-50.0456 49.6879 70
1.28844 -9.49116 70
10.9084 0.79027 70
30.8829 -29.485 70
-1.05267 -8.71138 70
9.49242 -10.8011 70
0.646364 10.121 70
-31.3591 -19.3433 70
9.55023 -0.465431 70
-0.58397 -8.81182 70
1.12078 -20.7104 70
0.41944 10.7162 70
10.9082 -10.5459 70
9.75296 1.13808 70
-19.7963 -9.64391 70
-20.0302 -9.97665 70
-18.5844 -10.5309 70
10.4937 -0.67106 70
1.01213 -10.3951 70
0.0586514 9.68185 70
-0.567013 -0.532078 70
10.0459 -9.89749 70
8.84773 -0.165852 70
11.0531 -0.659002 70
10.9021 0.0398411 70
40.7488 28.5997 70
-0.390506 -11.295 70
-9.13033 -0.424033 70
11.0763 -9.83593 70
11.2786 -9.3065 70
10.9005 -10.3309 70
8.53437 0.576389 70
-10.7594 -9.29821 70
10.2349 -8.69968 70
0.748385 11.4199 70
10.0877 10.7567 70
-10.214 0.0755934 70
1.49629 59.3845 70
8.9042 1.00421 70
-0.647702 -0.0602211 70
19.927 -10.9577 70
1.16109 -0.864669 70
0.411966 -11.2062 70
1.26907 1.11927 70
1.43894 0.0318083 70
0.271269 1.36407 70
0.011871 -0.296273 70
0.694409 -1.15698 70
0.480414 31.3322 70
10.6613 0.884789 70
9.18149 -1.24292 70
10.2893 -11.016 70
9.9515 1.11699 70
11.1922 -18.6399 70
9.42163 -0.996911 70
8.70221 9.5983 70
10.2184 -1.29221 70
-1.07406 -11.2713 70
8.74241 0.792659 70
1.22238 11.3921 70
10.1436 -8.53892 70
-60.5713 18.742 70
10.2296 -1.34151 70
0.403131 9.30819 70
-0.495207 -39.774 70
-50.7883 -48.7023 70
60.8799 -30.1129 70
-0.432323 -9.17065 70
-0.395263 -9.47956 70
-0.863267 -9.72188 70
-10.9057 -9.61472 70
0.105721 -0.228638 70
8.97166 -0.377876 70
8.69799 -9.30487 70
1.1293 -10.8455 70
-29.9536 30.8116 70
-28.9505 20.9246 70
-19.2573 -21.3813 70
-19.6231 -11.1291 70
9.82963 8.97269 70
-9.25149 20.2175 70
19.1532 -10.3009 70
1.24871 -10.1427 70
-1.35612 -0.0938955 70
9.50564 -0.226971 70
1.17089 -10.9621 70
9.29931 -41.1984 70
19.4909 -11.3752 70
10.3249 9.94527 70
-10.5332 -19.0575 70
-8.66847 21.4643 70
0.522652 -1.24468 70
10.3844 0.976997 70
-0.21094 0.314767 70
-9.60751 -29.2536 70
10.2951 0.466132 70
20.5411 -9.84318 70
0.554128 0.802955 70
28.7186 -19.6722 70
-0.984571 -0.64935 70
-10.2433 -48.9432 70
8.65506 0.872528 70
0.997132 -10.2385 70
11.2189 -0.0487337 70
-9.60472 38.793 70
-1.071 -0.613381 70
-20.512 -39.1494 70
-21.2597 18.5175 70
-40.0211 -98.9125 70
-11.3946 0.0194154 70
10.4933 -0.517643 70
-0.96432 -0.832934 70
10.1127 21.098 70
0.637773 -0.486523 70
-8.78705 10.7506 70
-58.8232 68.9492 70
11.0299 1.30391 70
8.92116 -1.3078 70
-0.790945 0.202209 70
-0.294294 -0.973341 70
11.1316 1.10974 70
-0.630441 -8.81608 70
-8.53362 -0.825448 70
-11.2812 80.7665 70
0.203189 -9.08358 70
8.56157 -10.5088 70
38.804 28.7382 70
69.3111 -8.51744 70
-11.3401 -0.834949 70
10.8436 0.522627 70
29.7909 20.8043 70
8.92126 -9.75391 70
9.58549 -10.9701 70
-1.24353 -89.0319 70
-9.55865 8.80105 70
9.13023 -30.2703 70
-0.323862 -9.83152 70
10.9993 -9.99197 70
0.776945 1.49508 70
-1.11794 1.13962 70
-10.255 10.1084 70
8.83296 -1.03894 70
-1.3589 -0.54928 70
10.7693 0.491855 70
11.4133 -1.47007 70
-0.0609606 -11.3009 70
-0.906399 -11.2757 70
40.6606 -41.0256 70
9.46537 -18.7092 70
-0.544952 -11.436 70
9.62719 0.804385 70
18.8276 -11.0405 70
9.4162 -10.1101 70
11.2481 -9.20977 70
-0.170074 21.3973 70
-0.109259 0.539997 70
1.22893 10.5181 70
30.3397 8.64126 70
21.4234 20.4726 70
10.507 -29.1804 70
9.27951 1.00191 70
8.69817 -10.3812 70
10.5441 -1.09847 70
28.9716 -19.6652 70
11.1229 -18.9266 70
-20.5462 -8.85769 70
11.1989 0.58185 70
10.1657 0.561387 70
-8.71665 -58.9924 70
1.18854 -0.220006 70
10.7931 0.527652 70
1.01899 -10.0698 70
0.810344 -1.34655 70
1.08083 -0.06455 70
41.3302 -49.5086 70
18.9551 19.6087 70
11.4045 1.20717 70
-108.566 -110.517 70
