-8.71875 -10.5288 70
-10.7113 0.549656 70
0.8152 -0.319849 70
-0.895865 -11.0364 70
78.7477 -49.3223 70
-0.973679 -0.0305727 70
-41.0129 -10.5769 70
-11.3782 20.6705 70
9.45761 -0.380348 70
-1.22055 -10.0493 70
0.130811 -10.5049 70
0.709692 0.792019 70
-20.8303 9.00783 70
-20.7037 10.1697 70
80.2423 -39.4794 70
-18.6217 -8.7556 70
1.24555 -0.313147 70
-0.986784 1.38046 70
-0.598914 1.13991 70
-0.360074 -9.57907 70
-0.500037 -19.5649 70
9.28698 -0.681502 70
-1.29303 -0.659029 70
-11.216 -20.1708 70
-8.69207 -19.9722 70
0.752116 -1.17609 70
20.5771 -9.97614 70
18.6852 10.2104 70
-10.3419 8.95347 70
-9.95236 -1.257 70
1.13192 1.35673 70
-9.23698 0.169866 70
-0.496952 -0.273071 70
-9.6736 -0.00490076 70
10.1086 -10.3996 70
1.30031 -20.7232 70
9.92371 -9.46399 70
-8.80015 -0.318919 70
10.7952 1.41793 70
10.8603 -19.8234 70
-10.6803 -0.390296 70
0.921827 9.77704 70
-0.30675 -10.5979 70
-9.60429 10.6587 70
-0.530811 0.549508 70
-0.122925 10.1657 70
0.0613613 -0.788636 70
-9.89704 -9.50531 70
0.794225 -0.725246 70
40.8297 -11.479 70
-11.3698 -29.0437 70
-29.9036 21.2858 70
1.25402 0.5765 70
0.392507 -0.631853 70
0.859708 1.47441 70
1.30234 11.0751 70
8.81383 1.31268 70
1.46927 1.18537 70
41.1278 -29.8896 70
0.792307 0.391429 70
-78.8238 -60.3357 70
-8.92632 -21.3431 70
-1.34864 1.47132 70
-1.32113 1.34544 70
-0.168509 0.408583 70
-0.53197 0.325968 70
19.5515 9.0285 70
21.2298 -19.7383 70
-0.282796 0.804071 70
0.177839 0.177277 70
-1.13396 1.40938 70
11.42 20.3262 70
1.4191 0.0463977 70
0.296926 10.3131 70
-1.08743 81.0511 70
-0.914953 0.0152719 70
11.2492 8.87867 70
38.5249 -10.4115 70
-0.95991 1.39508 70
9.57467 10.7485 70
-1.44124 1.34187 70
10.8837 -0.848109 70
1.0473 1.02115 70
31.2366 -21.3221 70
-1.45931 -20.9887 70
-9.13118 -8.6128 70
-0.462368 -10.1424 70
1.4039 -10.8619 70
-0.260512 -9.54848 70
0.1304 0.00670429 70
0.886436 41.2687 70
-1.40509 -10.1126 70
0.236883 -1.12008 70
19.7139 0.221317 70
0.86814 -9.91064 70
-11.2005 0.642647 70
-21.0662 -10.993 70
-0.172419 -8.72699 70
-0.653478 -9.84943 70
-10.5713 0.910029 70
-1.43931 -10.0481 70
-0.0467715 -9.91263 70
-18.7014 9.58589 70
-0.071624 0.247152 70
0.487621 -0.770744 70
-0.362951 1.12132 70
-0.134012 -1.27153 70
9.91897 9.04007 70
-9.30263 10.6204 70
-9.28126 8.78747 70
-20.9938 -9.60052 70
-0.934399 20.6299 70
0.477045 -1.20794 70
8.56418 9.13907 70
8.75345 9.43429 70
-0.806582 0.608186 70
0.374056 -0.657657 70
-1.0023 0.331154 70
20.8883 21.2758 70
31.332 -20.9665 70
20.9258 10.0828 70
-8.82825 1.14421 70
1.18317 -8.72158 70
-0.94662 -10.3594 70
0.0353109 0.694171 70
-10.6783 -8.62619 70
1.23997 -1.15463 70
-1.16729 1.00095 70
0.4005 -1.32246 70
11.1168 8.64915 70
1.21935 0.443296 70
-9.44301 -10.0537 70
0.965606 0.532976 70
-19.2486 70.2161 70
-1.08112 0.227332 70
21.1226 -40.4367 70
18.8079 -41.4174 70
20.1995 -0.369966 70
-9.78635 -0.357682 70
-0.0190332 -10.988 70
0.637062 -10.58 70
-20.8542 -9.70086 70
0.651045 -0.404684 70
9.76836 -1.46138 70
0.590959 -1.15782 70
-0.00262483 1.01935 70
0.25526 -1.24037 70
-30.7109 8.55882 70
-40.7339 -48.8454 70
-120.137 51.3264 70
-21.175 0.583308 70
-1.48318 -9.79663 70
-9.95894 0.43448 70
0.91456 0.824768 70
21.0681 20.8945 70
-20.2302 -9.24806 70
9.57431 9.19769 70
11.1057 -0.217616 70
0.406057 0.466249 70
-0.565135 -0.245935 70
-1.48687 -0.211629 70
10.9524 -1.03071 70
-9.40172 0.946593 70
11.4976 -21.399 70
-19.7141 -19.5472 70
-11.0931 -1.15332 70
0.428467 -9.26749 70
109.403 -9.64951 70
1.31751 -0.606725 70
30.4993 -11.4949 70
-9.45684 0.0572156 70
-1.39799 1.49921 70
-9.61781 21.2966 70
-8.53683 0.779168 70
-1.49076 -10.5057 70
-0.232867 -0.397812 70
0.328754 -10.7168 70
-0.8028 -0.326788 70
-8.82486 -10.7897 70
9.71561 -11.1887 70
1.05721 -1.46386 70
-0.151219 -11.1112 70
9.02096 28.7121 70
-10.1574 -1.30596 70
-9.75913 -0.0176152 70
-0.598463 -9.29278 70
-10.4057 9.75207 70
-70.3911 108.927 70
0.770789 1.09279 70
-10.8417 -10.9664 70
-1.03122 -0.3134 70
-1.15315 0.371733 70
-9.88247 19.246 70
-9.36531 20.1335 70
-0.513288 0.37633 70
28.9745 20.9321 70
10.0199 -10.7261 70
0.301965 -0.733183 70
20.7097 1.2277 70
20.0167 28.5841 70
-8.51232 -1.39552 70
1.0246 10.2227 70
1.34614 0.832828 70
-39.8685 -18.7505 70
-0.278359 -0.957251 70
11.0367 0.542198 70
11.2915 0.080105 70
9.77334 -9.39391 70
-1.43033 1.31251 70
-10.076 -10.4664 70
-1.2806 11.021 70
-39.5727 9.03414 70
-18.988 10.7241 70
0.731608 -9.24665 70
9.88113 -0.178087 70
-1.00112 0.0397319 70
-0.126736 9.82394 70
-9.30189 -0.697681 70
-0.132938 1.36041 70
-10.8647 19.1378 70
-0.377739 1.03549 70
-19.0478 -18.8447 70
0.854982 -1.19496 70
-1.49766 -30.7599 70
9.48868 -18.941 70
10.0785 -10.6593 70
0.035513 -0.297028 70
11.3079 -1.29483 70
0.618406 0.542623 70
-11.3521 0.942064 70
-0.647933 -9.37308 70
-0.874584 -0.106861 70
-0.0508437 -10.7845 70
-9.97717 -21.2614 70
-10.6007 -8.71353 70
-1.19267 0.290785 70
0.138596 -1.11367 70
-0.0379323 -0.313861 70
-10.8458 0.276916 70
-10.9725 -0.369293 70
-18.9038 -8.7919 70
-0.515932 29.3579 70
1.34254 -10.1811 70
48.6522 -1.38807 70
-9.38804 10.7638 70
0.15652 -0.0803724 70
-0.202548 -8.70594 70
10.796 -8.99706 70
-0.344465 0.740479 70
-0.593364 -0.515644 70
-9.87182 -10.1929 70
-18.592 9.64482 70
1.2342 8.54042 70
29.0643 -31.3714 70
9.3757 -9.55503 70
-11.433 -19.7916 70
-1.21908 38.6049 70
-69.3834 79.5954 70
-1.18187 -11.3179 70
10.4172 -8.81329 70
-10.6015 -0.530833 70
-1.08679 -0.953019 70
9.35867 0.261633 70
-0.246034 -1.36561 70
-20.1528 -10.4237 70
0.74231 1.49344 70
-11.0605 10.3813 70
-10.5284 1.26935 70
-0.396878 9.44838 70
1.47277 8.58481 70
-10.1251 11.3457 70
31.1661 -0.817978 70
9.00017 -11.0424 70
-10.4902 -9.69451 70
-1.00702 -0.335514 70
0.189648 -9.85441 70
-10.6269 19.1971 70
-0.72613 10.7597 70
-9.44417 -8.73928 70
-1.12204 -1.05933 70
0.0680943 -1.14619 70
-29.2587 59.9922 70
-0.207368 1.39795 70
10.5482 -9.40552 70
-0.938504 -1.392 70
-11.1317 8.6243 70
1.07718 -8.62065 70
-0.370597 -9.12518 70
0.908129 1.05592 70
11.4901 -8.85362 70
-10.6566 -9.34305 70
-20.7111 28.7289 70
-9.81089 -10.7989 70
18.7033 -38.5234 70
-20.3771 -40.077 70
-1.41716 -0.064971 70
-38.5913 -19.0403 70
-0.835254 21.0988 70
-38.7858 -50.7587 70
-40.8953 -50.3296 70
-0.695831 -0.103132 70
0.359171 1.16728 70
20.1997 -10.7365 70
-1.25465 11.208 70
18.5893 9.93759 70
9.87399 0.54039 70
-0.394367 0.210326 70
0.272002 1.43698 70
0.010185 0.262314 70
0.78172 -11.3893 70
-19.0852 0.643466 70
-0.00921047 0.287546 70
-19.5554 -29.5344 70
-1.19581 -1.43999 70
1.06886 0.538207 70
19.816 -40.953 70
-10.3229 -0.639545 70
-1.4672 0.157828 70
-10.3031 -10.9202 70
-10.3195 -0.932071 70
0.193463 -0.724243 70
-0.485069 0.685798 70
-1.29175 0.160221 70
11.456 -9.37079 70
-0.56592 11.3092 70
-0.852924 0.879816 70
0.555877 1.11903 70
0.0576209 -0.136064 70
-0.706645 10.7745 70
11.3674 1.21 70
30.0678 -30.7057 70
1.12583 -9.97318 70
-40.1613 -31.4956 70
-1.07481 0.348216 70
-8.91573 -0.0167209 70
0.508936 -30.643 70
-9.34597 -0.10869 70
-1.20981 0.490767 70
9.70595 -10.8977 70
-60.8934 10.0914 70
1.39695 -9.05536 70
1.37081 10.535 70
-0.244669 -1.08446 70
-11.0566 -9.18073 70
1.39068 1.10109 70
-0.977207 0.0255351 70
-1.12833 -1.12555 70
0.197271 -0.22969 70
1.12112 -29.3239 70
-0.265349 0.276048 70
-9.69357 -20.1879 70
-0.204251 -10.0108 70
0.18201 -49.4866 70
49.2148 29.0565 70
0.972601 -0.195847 70
0.237754 -0.781493 70
-20.373 10.2903 70
-1.48517 -10.5381 70
0.464973 -0.168595 70
0.813486 1.03386 70
-20.7098 -70.4557 70
-20.6412 9.4151 70
1.30112 -8.54444 70
-1.19029 -8.77056 70
-1.49376 0.628243 70
-39.9003 10.8714 70
-20.8514 -9.92544 70
-1.24814 0.610795 70
11.4547 -20.7022 70
-9.92461 -0.771249 70
0.950073 -9.29586 70
9.84073 10.7887 70
0.993262 0.550702 70
-0.564585 -0.816272 70
-10.5893 0.489665 70
1.11165 -0.2856 70
-1.11719 -1.29852 70
-0.749593 -0.718792 70
1.46672 0.739128 70
-0.274567 -0.951221 70
1.20097 -29.5278 70
-10.4614 -19.7767 70
-9.11344 1.36573 70
-9.16989 -0.0911465 70
0.086196 -19.8431 70
-0.195625 0.468708 70
-1.28296 -9.57262 70
31.1064 -9.37123 70
-9.81075 -0.503214 70
-30.4387 -0.0869334 70
-8.76292 -19.7064 70
19.7622 -11.0606 70
-1.28983 -0.216453 70
59.2043 -30.0366 70
-10.3756 -0.349963 70
-10.3178 -0.198732 70
0.135218 -11.2554 70
-1.46791 9.02742 70
19.3798 1.37522 70
0.563677 0.272667 70
-0.17452 0.889132 70
-58.6363 -21.0069 70
9.17901 0.870023 70
-0.555996 -1.45309 70
-9.49417 -0.454378 70
-10.0957 -9.22429 70
49.7096 29.076 70
-0.438019 -0.559568 70
-1.19957 -1.47748 70
8.99815 -0.669244 70
-1.32524 0.687397 70
-10.3839 -0.885714 70
1.30788 -0.545854 70
-10.8319 8.94759 70
-1.45836 -1.23864 70
0.613921 -0.403771 70
-0.972863 -11.1659 70
-10.7248 -8.52262 70
-8.64569 -9.65578 70
-10.3037 -9.80317 70
28.7889 -10.2382 70
0.612642 11.2612 70
9.62642 0.244494 70
9.45716 11.1197 70
-1.17086 0.778411 70
-0.376491 1.19647 70
0.0383698 -19.026 70
-29.9756 9.0589 70
9.98519 -0.0328511 70
9.67662 10.4083 70
-1.2072 -19.8281 70
0.127391 -50.4827 70
-0.00844872 0.390361 70
1.22106 -0.802522 70
0.123523 -0.253856 70
0.571541 -20.3516 70
1.26669 0.971788 70
0.615829 -0.329241 70
-0.804687 0.833321 70
-8.58772 18.8484 70
-8.66032 -1.26347 70
-9.37613 -9.73642 70
-0.887273 -8.85668 70
-39.0682 -10.7873 70
-19.104 -9.87535 70
0.0627182 -1.08707 70
-11.202 10.0014 70
48.9088 -9.81475 70
10.6075 0.976892 70
8.92227 0.923145 70
11.1048 -20.9419 70
-1.16185 -9.77669 70
0.621408 -10.9145 70
1.08356 -1.17232 70
0.083205 0.253291 70
9.6643 11.4937 70
-19.0824 -21.2133 70
9.48983 -0.203194 70
-1.06531 1.09118 70
9.4624 29.6068 70
-0.27096 0.628538 70
-10.0313 -0.831211 70
1.25513 0.725634 70
-8.69394 8.61103 70
-29.5942 -20.2546 70
-60.9477 -19.4872 70
0.110171 -0.363991 70
-29.4299 1.4893 70
1.17671 -1.34578 70
-0.607212 -19.0531 70
-38.959 -49.2035 70
10.4127 -10.2292 70
-28.9475 -30.7442 70
-31.1316 -9.08868 70
0.843529 -0.568908 70
-0.246816 -9.09666 70
-0.990379 0.486081 70
-0.261905 0.372944 70
0.608205 -1.20721 70
-0.885257 1.334 70
-0.498022 1.38157 70
-0.207228 -18.9673 70
1.148 -1.47093 70
1.06754 1.2881 70
-0.443741 10.9178 70
-0.19653 9.27549 70
-11.3201 -10.126 70
9.44957 -11.2332 70
10.2106 -9.33124 70
9.96839 -8.69957 70
-8.86352 1.09247 70
1.2723 -1.08668 70
-9.16666 -0.0827821 70
-0.907327 -0.73649 70
8.98051 -9.26639 70
1.27712 0.0775247 70
9.85464 0.716484 70
11.2837 1.44776 70
-71.1688 -20.2086 70
-1.42115 0.17086 70
-1.314 -10.9414 70
-20.2309 -8.6343 70
-19.4132 29.7836 70
120.957 -21.1381 70
-10.3363 -8.87503 70
0.337606 -8.94543 70
61.0613 -31.2156 70
-1.20055 -10.3023 70
0.814594 0.037628 70
9.46447 -30.7454 70
0.102037 -10.0112 70
-0.54962 -8.55539 70
-0.429535 0.481279 70
81.4877 59.8313 70
40.7361 28.7412 70
-8.59119 -10.9176 70
-0.938752 11.271 70
-1.28971 -11.0391 70
0.141106 -1.46823 70
10.0706 0.323909 70
-1.22779 -9.96716 70
-0.304227 0.623515 70
-8.61928 -1.3271 70
-41.2441 10.3709 70
40.1357 -28.7228 70
9.34163 -1.16804 70
-18.5974 9.51421 70
-0.552371 0.469093 70
29.9768 -40.6337 70
-80.1897 -79.949 70
-9.33953 -30.8951 70
-0.0145961 -10.655 70
61.1707 19.0311 70
9.21634 -8.80369 70
0.953747 0.28537 70
-0.0318761 0.429793 70
9.61179 0.636959 70
-9.1256 0.994493 70
0.0617986 1.49879 70
119.787 -99.6472 70
-0.489964 9.74225 70
-0.389585 0.775114 70
9.00506 -9.13998 70
29.5906 -0.198441 70
-10.2852 -21.3269 70
-10.1707 11.4469 70
-9.45441 11.4979 70
-9.84259 51.343 70
-0.996201 -0.726307 70
11.3578 -39.0818 70
19.2586 19.533 70
-0.148334 -19.3314 70
-1.21605 -18.6744 70
9.17906 0.100513 70
0.197336 8.86251 70
-1.29173 0.15402 70
-0.791131 11.3741 70
-19.0845 -1.13476 70
30.4765 -19.0125 70
9.81101 -0.365899 70
-10.9816 0.732705 70
9.29536 30.0902 70
-0.659463 -0.840344 70
-0.643249 -10.1791 70
10.118 9.70241 70
-9.3932 -1.26634 70
-0.406577 -9.28688 70
-1.05736 9.17628 70
-11.2612 -19.2122 70
-20.0714 -29.7494 70
-9.05532 -8.9891 70
30.8961 -9.73397 70
-1.48926 -0.143004 70
-0.853121 10.6039 70
-8.63001 -0.789017 70
0.267041 1.22035 70
11.421 1.16185 70
-10.8865 29.378 70
-0.411825 -1.29479 70
-0.167949 0.369852 70
-0.90331 -9.18723 70
0.623541 -21.2351 70
0.767489 -11.4706 70
-9.59815 -10.8245 70
10.356 -9.95269 70
18.9921 -19.1282 70
10.8302 1.03392 70
0.919465 1.11362 70
-9.15889 -9.80367 70
-10.3852 -9.61229 70
9.04072 -51.1412 70
-1.31836 10.2894 70
-9.27973 11.1482 70
10.7305 0.860802 70
-10.3749 -11.1088 70
-10.0244 10.2147 70
0.454149 0.900471 70
-0.313243 -9.96919 70
11.3367 -0.535279 70
-11.1547 -1.42229 70
-1.38206 0.52547 70
-10.2954 -19.815 70
-21.1299 -9.05614 70
-0.845553 -9.33238 70
11.2127 -8.81349 70
10.0033 -8.986 70
0.734771 -1.31378 70
0.233294 -20.4487 70
-10.6811 -0.927807 70
0.0703428 9.86639 70
-8.70188 -11.3488 70
0.612241 -9.25212 70
9.98478 8.8967 70
-11.1701 -11.4418 70
-0.187204 0.737736 70
1.2155 -0.315155 70
49.3988 110.463 70
-8.85967 -9.11783 70
40.4183 100.569 70
-10.1082 -10.0911 70
-11.2652 9.66699 70
10.394 -9.38522 70
-0.423702 -9.64241 70
1.06677 1.34572 70
9.20338 19.1254 70
1.21008 -0.919658 70
-0.997541 -0.770115 70
-20.3492 21.3596 70
-10.9159 -31.4011 70
1.1577 -11.1115 70
-1.08521 0.0243019 70
1.36622 0.700427 70
-30.708 -0.160802 70
-1.07379 -9.88962 70
60.799 10.219 70
-1.19996 -1.3577 70
81.1036 -28.7632 70
10.5546 10.5591 70
10.5172 8.56177 70
-0.629609 0.317925 70
-41.3111 20.2038 70
-0.533055 -29.4894 70
40.4486 -49.7214 70
-9.98808 0.222364 70
0.167985 -0.64689 70
1.3495 -1.02101 70
-1.30241 -1.10666 70
9.27935 -0.862583 70
-10.6343 19.7648 70
10.1868 -19.122 70
-11.0101 0.168565 70
-0.13363 -1.23759 70
1.11289 -1.07762 70
-1.08674 10.7535 70
9.80513 -21.4498 70
-0.799383 -10.4283 70
8.88124 -10.8122 70
68.7517 19.0537 70
-0.628174 -0.44306 70
-9.31117 -30.2829 70
-28.8595 -20.2387 70
-30.274 -20.5051 70
-0.433371 -1.43355 70
0.709401 -0.975177 70
-60.6554 -9.05342 70
-0.591877 -31.1064 70
-0.884589 -30.0352 70
10.3762 9.13066 70
-8.54068 -9.85051 70
1.23811 -0.924723 70
-9.61215 10.1641 70
1.29373 1.09462 70
-10.105 -9.72483 70
-8.88488 0.608662 70
-10.1364 0.446025 70
-8.67178 0.0834195 70
9.73026 -1.1603 70
69.5463 -88.7664 70
-11.1145 -30.1952 70
-9.25155 -9.05922 70
0.511843 0.268402 70
-0.354123 18.6861 70
10.2665 -0.264014 70
10.3437 -0.0558596 70
10.0171 -1.2598 70
50.8519 9.75863 70
49.8218 10.3381 70
-0.215629 1.40062 70
-0.27445 8.89614 70
0.29511 30.786 70
-0.141932 30.4685 70
-79.4981 19.6543 70
8.89938 -20.3959 70
0.0950146 20.8633 70
-1.41551 -0.639971 70
-0.990607 -0.290944 70
-9.28517 0.560773 70
-10.9616 1.00704 70
0.495151 -8.67747 70
11.2581 -9.35865 70
19.1519 20.0876 70
1.31186 11.0235 70
-0.0752678 -1.03696 70
11.0694 0.358754 70
21.1639 48.5005 70
18.5619 19.974 70
9.91354 20.3284 70
1.04789 0.100023 70
-1.41438 0.725559 70
9.23883 -19.471 70
0.838298 -0.652486 70
-8.88019 -8.89313 70
-0.381012 0.250657 70
10.9494 -29.4465 70
0.622066 0.740227 70
19.0478 20.4835 70
9.72663 -21.3678 70
-18.596 1.46389 70
10.2804 -8.8165 70
-1.35121 -20.651 70
-1.21265 -10.8768 70
1.11246 0.22707 70
0.646696 -0.848614 70
-0.188384 -10.9766 70
-10.5775 -9.25524 70
-0.532549 -0.804246 70
-9.87577 0.753248 70
9.28213 -40.7054 70
-9.54292 11.4647 70
-11.1375 9.27407 70
-1.23542 -0.522852 70
-21.1124 108.831 70
0.663032 1.12658 70
-10.0076 0.739946 70
9.17109 10.0516 70
20.6596 0.452825 70
-39.6604 18.5909 70
-8.75016 -0.71165 70
-1.25768 20.4663 70
10.8634 11.3605 70
-10.4633 1.02232 70
-40.7012 -20.7722 70
0.627938 -0.716798 70
1.12225 -10.0035 70
-0.984953 -0.40124 70
11.3816 -21.3768 70
0.967655 -0.128796 70
-1.39746 -0.933211 70
21.2897 0.540125 70
18.5486 21.3076 70
-11.1683 -28.6571 70
-8.69904 -10.0158 70
-10.6249 -0.716404 70
-9.37682 -11.3973 70
-1.14794 0.405463 70
-0.780456 -10.2315 70
-11.3077 0.593956 70
9.85417 11.4691 70
30.8615 21.1397 70
1.1119 -1.34537 70
20.1441 -11.1028 70
