-0.794709 10.7226 70
-10.4691 -70.7766 70
8.54541 0.93816 70
11.0745 -10.6503 70
0.200093 1.21782 70
-1.4562 0.347181 70
0.492957 -1.41502 70
1.26181 1.49225 70
1.2795 1.34919 70
9.04416 18.6215 70
-0.87662 -0.966479 70
8.94296 9.21226 70
10.3075 -0.785985 70
9.61019 0.542701 70
10.6628 -1.37982 70
11.092 -1.17648 70
1.07079 0.654298 70
0.944328 1.11914 70
9.9414 -31.4101 70
-29.6846 -110.512 70
-31.3214 -109.213 70
0.0822025 -11.0882 70
-1.02126 -0.837141 70
-1.23347 0.29715 70
11.4171 -10.5436 70
-0.925209 0.347244 70
30.7936 -0.576729 70
30.5091 -1.19977 70
8.96978 -0.333278 70
-9.66865 -10.4531 70
0.543245 0.761249 70
9.08669 -10.7042 70
10.5016 9.92501 70
-40.9487 -30.924 70
0.877271 -10.213 70
-9.06146 -9.38402 70
-0.43205 1.25572 70
-60.1532 20.8943 70
-0.0960195 -1.28485 70
0.429996 0.413282 70
-1.05129 0.996654 70
10.449 -9.5449 70
-1.0898 -0.854634 70
1.41691 0.358835 70
0.121712 0.137712 70
49.6264 -10.1147 70
49.6291 -9.58443 70
20.1593 -11.4913 70
1.41651 -1.15357 70
0.952153 -0.919754 70
20.7333 -1.25618 70
-0.19289 0.926207 70
9.8399 30.1366 70
40.3854 -20.3232 70
18.8994 -0.0118107 70
-1.07431 -0.906974 70
10.2424 0.696252 70
-31.385 -10.2163 70
1.04897 -0.399174 70
11.1873 -1.09687 70
-11.1854 -11.3477 70
10.134 -9.71306 70
-1.29716 -0.985153 70
-0.7687 -1.43016 70
-9.02266 -9.04522 70
0.324956 9.73263 70
-0.190539 -1.18989 70
9.63705 8.75006 70
11.3324 8.71417 70
-0.0684524 0.529985 70
29.4982 -29.0884 70
0.987051 9.00357 70
1.47236 1.23331 70
-0.238438 -0.255489 70
0.478419 9.40198 70
-1.36593 10.8052 70
9.32757 -9.46977 70
-8.67268 -29.1956 70
-0.0440389 9.26642 70
-0.769993 -0.466195 70
-0.704958 0.346048 70
9.72019 0.506625 70
-8.74085 21.2872 70
0.83854 0.506452 70
10.0412 -21.437 70
-1.03879 -0.0161508 70
0.273845 -9.74228 70
-11.3334 -0.311491 70
110.405 -60.9228 70
-0.534793 1.08511 70
9.78653 0.570722 70
-21.0043 0.662097 70
0.909938 -1.42765 70
-10.344 -1.41957 70
1.04279 0.413074 70
10.5428 10.6227 70
19.9125 1.05047 70
10.199 10.2795 70
-9.60106 9.7657 70
11.3241 39.1514 70
9.47218 -1.27659 70
-0.0313847 -0.625861 70
-1.28516 -0.711665 70
-11.06 -20.9363 70
10.571 -9.75192 70
0.340026 0.758565 70
39.3912 20.3049 70
-0.649887 -0.223764 70
-29.7732 -29.3999 70
18.5674 1.27186 70
40.0491 -81.0038 70
-0.0605886 1.3388 70
-29.0931 50.2415 70
0.0046096 30.9473 70
-0.282105 -9.12862 70
8.76362 9.38618 70
-8.58201 8.85864 70
0.314454 0.680841 70
31.1944 21.4358 70
30.6092 21.1337 70
28.8175 0.332572 70
0.911192 1.21846 70
-9.33974 10.6727 70
-9.34342 39.6139 70
1.44257 -1.41984 70
-0.446228 0.143041 70
-0.169949 -8.76949 70
9.54563 20.8903 70
0.0229593 1.03966 70
10.5601 11.0154 70
19.1886 40.8128 70
11.4042 21.3978 70
-0.0947119 0.71559 70
21.4131 9.67578 70
29.2325 -20.562 70
1.23304 8.57081 70
10.9655 -0.365842 70
-10.0619 -9.35552 70
8.84595 -9.97268 70
0.744083 -1.27237 70
20.8503 -1.40468 70
0.317827 -9.39976 70
-0.467761 0.490045 70
10.1826 -1.16499 70
9.6872 11.3784 70
11.0008 9.85866 70
-19.8907 -20.5772 70
-0.973634 0.169136 70
0.24652 10.2656 70
1.02512 9.37485 70
10.0196 0.506827 70
-1.04151 -0.00821678 70
-0.546893 0.601971 70
-19.8077 11.0902 70
0.118732 11.0839 70
8.7668 18.5544 70
-18.8409 -1.03942 70
20.6357 -0.0904438 70
41.1145 -21.413 70
0.552732 -0.35142 70
0.932811 9.72365 70
49.3025 48.844 70
-19.6635 29.4973 70
-9.87688 -8.95751 70
0.648973 -0.36863 70
1.04804 0.729859 70
-11.2558 39.2648 70
21.2777 10.2419 70
-1.31007 1.26041 70
-9.12203 10.1945 70
1.36969 -0.243145 70
8.8472 -0.656602 70
9.01202 1.14154 70
-19.4394 8.98357 70
-10.0439 -29.195 70
-1.48273 0.722861 70
-9.51455 -10.1897 70
-0.699329 0.233123 70
-11.4798 0.876266 70
0.433086 -0.75679 70
20.1358 10.0731 70
-8.79673 1.47676 70
0.454247 10.4547 70
1.05292 -9.62187 70
1.24024 11.0832 70
-1.01885 -9.1193 70
-0.213262 -10.1362 70
-30.0212 -28.5108 70
-40.0914 -18.7451 70
-1.05192 -1.48634 70
-1.3916 0.0474959 70
-0.286051 -0.770034 70
31.0123 10.0069 70
-0.462127 0.985472 70
-8.87699 0.193158 70
-0.0201424 1.26166 70
20.733 9.21535 70
-19.7197 1.41438 70
0.372212 -0.394041 70
-28.7735 -28.9238 70
-30.2196 -29.5801 70
19.3176 -20.5742 70
0.742077 -1.21063 70
29.7026 -101.426 70
-10.2991 -18.7306 70
0.762233 1.46432 70
-11.0449 21.4744 70
9.88627 -1.26981 70
10.1308 -9.09379 70
1.12956 0.8618 70
8.7509 -0.492282 70
-9.29364 1.32725 70
10.3592 -1.15235 70
38.513 20.6706 70
8.86791 11.0852 70
0.364879 -0.220424 70
1.05637 -1.12164 70
9.05794 30.0186 70
9.01744 29.495 70
0.799195 0.0703296 70
-10.1688 0.360769 70
-0.683657 -20.6402 70
-0.455106 0.166347 70
10.291 -31.057 70
0.179915 0.0967074 70
8.7838 -0.208658 70
59.2169 -9.3327 70
-31.23 -28.8887 70
0.930168 0.521648 70
1.33904 0.568982 70
-0.888757 0.760534 70
49.9949 49.317 70
19.693 9.52398 70
-29.3469 -18.8217 70
0.81899 -1.41021 70
0.441881 0.0480668 70
30.5838 0.285175 70
9.82293 9.58864 70
9.49875 9.68804 70
10.3062 0.54042 70
11.4701 1.08176 70
11.2781 -0.285356 70
9.17563 -1.0715 70
10.7359 19.5242 70
-108.71 -30.1408 70
1.31026 -0.549362 70
9.83548 0.810056 70
8.62156 -10.0613 70
40.6888 -80.9928 70
18.8692 -0.76387 70
30.7674 29.9189 70
0.192003 1.00934 70
-0.649787 10.9338 70
99.6543 40.6827 70
0.889278 0.171611 70
19.9345 -21.0271 70
29.4115 8.9004 70
-1.42556 1.2317 70
10.1188 -1.42187 70
20.954 21.3019 70
11.0226 0.896823 70
0.0792336 -1.40297 70
-10.1182 1.36509 70
-1.32403 0.122802 70
-0.946142 10.3239 70
11.359 10.9465 70
10.1154 -1.09318 70
0.597978 0.547101 70
1.41138 0.97323 70
-9.59862 -10.6214 70
0.25589 10.9392 70
-1.02205 10.7433 70
1.16283 10.6838 70
-0.707201 -0.232886 70
-19.2728 -9.12256 70
-0.844472 -9.67346 70
0.55546 0.0389108 70
18.5421 0.52833 70
-0.551774 21.0716 70
10.976 -0.0196142 70
-0.0157177 -0.129894 70
0.37585 19.968 70
0.00860937 0.612907 70
19.8163 1.42762 70
9.07348 9.17166 70
41.262 -39.4831 70
-1.48794 -8.79067 70
-0.673312 -1.44062 70
48.5272 -99.9749 70
9.57064 -0.0343013 70
-0.375102 0.223207 70
0.600663 -10.2482 70
1.32742 -0.966032 70
-9.15749 31.3849 70
-9.87124 -20.98 70
1.47035 0.103088 70
-1.49609 -0.129994 70
0.15523 0.622473 70
-30.7457 60.2263 70
10.7455 0.937487 70
10.2323 -0.251046 70
8.75945 -0.599689 70
1.06821 -1.34374 70
-1.48428 0.148789 70
-19.3177 18.9866 70
10.0632 -0.782657 70
10.4241 29.8732 70
-11.3591 -30.2467 70
0.9351 21.4605 70
1.43547 0.873317 70
-1.08769 0.535292 70
0.779895 -1.30975 70
-0.753888 0.20273 70
-0.308206 -0.258127 70
-0.20993 1.20906 70
0.193423 -1.28635 70
-1.39916 -20.4063 70
-0.575352 1.11096 70
0.550424 0.790828 70
0.745527 0.997316 70
9.82897 10.772 70
-10.55 9.96409 70
-9.99109 11.2533 70
29.3305 -39.0944 70
-0.321791 10.0299 70
-41.4221 0.927406 70
-0.85441 1.08808 70
0.363361 0.819803 70
1.17932 0.970575 70
-9.77928 10.8396 70
21.1718 -28.9299 70
-0.945652 11.1038 70
9.98048 -21.1136 70
-9.86655 11.2017 70
10.5529 8.87004 70
-8.90946 1.32736 70
0.0371115 20.8114 70
-18.8639 -49.0597 70
-0.494049 -0.369739 70
-10.5941 9.86621 70
0.710426 9.80723 70
1.0899 10.0609 70
0.900541 10.0372 70
9.35283 0.561895 70
11.4087 -10.8382 70
9.62062 0.904584 70
9.82691 20.8931 70
-1.48992 1.02552 70
19.4756 8.82108 70
-9.21696 9.99888 70
-0.750708 -1.36882 70
0.168375 0.290563 70
20.5553 -21.3367 70
8.92226 -1.08009 70
0.0294482 1.09386 70
-1.23983 0.217862 70
-1.14107 -0.714522 70
-28.705 -0.45968 70
20.2647 20.4175 70
-0.0553241 0.328249 70
28.7301 100.316 70
9.09031 8.50679 70
-1.11325 -9.1851 70
21.0468 -10.0982 70
11.1033 21.0589 70
30.7423 8.74083 70
-9.92464 -31.2331 70
-21.059 10.4241 70
8.79963 -0.918376 70
-19.2036 10.128 70
10.9919 19.8002 70
-20.1437 -20.7641 70
-11.3802 -0.251175 70
-9.39994 9.64183 70
30.9314 -0.765951 70
28.7467 -1.49946 70
-0.110215 -10.9139 70
20.5584 21.1857 70
-10.8995 -0.156971 70
-0.305312 1.01451 70
9.84259 0.704147 70
-0.394505 0.39331 70
9.0909 0.667792 70
10.2879 0.653513 70
10.5443 9.59173 70
0.0315331 -9.89563 70
-1.18339 -0.0976123 70
-10.9301 -0.340938 70
-9.95854 -19.0063 70
8.85685 0.324538 70
-9.77643 0.28221 70
19.5433 -51.4329 70
0.810796 -11.1151 70
-8.99533 -30.0721 70
-0.689771 -0.433544 70
18.6909 0.350808 70
-0.0913472 10.4284 70
1.00445 -0.778454 70
0.362989 -8.86891 70
1.22433 1.39652 70
-11.0425 -9.91966 70
9.94728 0.445749 70
-0.995676 -0.311347 70
0.997843 0.44934 70
-21.4923 19.7452 70
30.4081 61.0594 70
-0.318819 8.76662 70
8.70479 30.0651 70
-0.939077 0.0760503 70
19.6266 9.9191 70
-8.51611 -0.399397 70
1.06987 0.801191 70
1.10306 1.12165 70
-21.0034 10.7018 70
0.696722 1.11427 70
10.655 9.04488 70
-1.23707 1.48045 70
-19.5804 19.6656 70
8.65084 -30.6087 70
-1.08776 0.431306 70
-10.742 -9.98861 70
29.2926 30.7112 70
9.37589 0.757495 70
8.71839 -1.26439 70
1.26289 -31.4845 70
0.775215 -0.483651 70
-10.9866 11.048 70
10.634 10.8996 70
20.7178 -29.9295 70
-10.1619 39.1499 70
-10.0776 -0.436963 70
0.872445 1.33312 70
-0.431665 0.0596276 70
0.0301764 -1.04838 70
10.8546 -59.608 70
-1.46345 9.07427 70
19.4151 49.5523 70
-0.411083 9.43136 70
-0.118424 10.0879 70
19.5409 -9.98883 70
1.15507 1.07319 70
0.641953 -1.00468 70
-1.31898 -9.71081 70
11.0353 -10.742 70
0.594554 19.4596 70
1.31667 28.7381 70
10.3302 11.1962 70
8.62048 9.86145 70
9.55939 0.991323 70
-9.09039 0.222608 70
40.7387 -41.36 70
-10.6585 -0.131118 70
-0.674931 11.2171 70
1.47328 -10.7747 70
-1.23783 0.00198226 70
0.273864 -0.0159864 70
0.444994 -1.28709 70
10.0856 11.4221 70
-0.823218 0.14751 70
-1.10295 0.423541 70
-0.570213 -0.85182 70
0.749422 0.683855 70
10.5857 10.9303 70
0.945325 -0.181592 70
0.839591 -0.493796 70
1.38304 -0.985775 70
-0.715438 0.446711 70
-19.5047 -19.3986 70
-0.665904 -0.600293 70
-0.802668 0.721629 70
-0.587765 -0.182525 70
10.5553 -20.4215 70
-9.16518 -50.9736 70
-1.19924 -1.35824 70
0.228327 1.28072 70
-10.1576 -21.2444 70
10.0074 -10.1453 70
-10.3898 -61.0516 70
-18.7279 -0.169568 70
0.794142 1.06736 70
89.2258 -0.566599 70
10.1252 11.4422 70
9.18264 60.1123 70
0.607867 -0.24617 70
-9.69409 -1.23778 70
-1.17082 -9.25121 70
-0.794558 -0.130577 70
-19.8949 -9.35003 70
-1.14779 -9.56161 70
-1.13582 1.28992 70
1.04702 0.165467 70
-8.8775 0.388961 70
19.6568 11.3324 70
20.4272 -9.13751 70
8.86036 -0.784279 70
10.0969 -0.416697 70
0.0802149 0.497299 70
-9.80796 8.65088 70
-30.7256 -0.984747 70
20.9868 0.240554 70
9.23769 0.478295 70
10.9671 1.30529 70
0.637138 -8.78032 70
-19.3348 -9.51329 70
-40.1104 -30.4308 70
0.405502 1.3213 70
-1.27712 -1.22019 70
49.2548 -21.0243 70
-0.717723 10.8635 70
0.239018 0.240535 70
121.043 -39.5377 70
-1.32957 -0.182627 70
-10.3356 50.7245 70
-0.0304475 -1.12461 70
-1.33278 -1.46107 70
0.766835 0.949037 70
-0.858816 0.141685 70
-10.8015 -9.36509 70
-11.4633 -20.2406 70
-8.62253 -20.0158 70
-9.25218 -9.44401 70
31.0559 -1.22331 70
0.686643 0.900985 70
-10.8397 -10.5155 70
1.04675 1.30375 70
-1.33128 -0.984056 70
9.49675 0.528375 70
8.93357 19.5298 70
-1.3454 -1.21241 70
0.685265 10.6188 70
-1.29233 -9.97731 70
1.35407 20.6658 70
29.4361 39.3772 70
-10.489 -9.35721 70
8.54359 11.1439 70
-1.12964 -0.45262 70
-0.841514 -0.811025 70
0.159601 -10.6299 70
0.944249 -1.04947 70
9.36665 -20.5246 70
-0.967019 1.49147 70
-10.8392 -0.403011 70
10.7131 8.51853 70
10.3622 -1.02728 70
0.406578 -1.31334 70
-0.400333 -0.0704644 70
-0.918076 -0.591649 70
1.45593 -0.754341 70
-0.0377881 -0.93459 70
-1.30154 -21.3309 70
-1.41671 -21.1656 70
-0.224129 0.382913 70
-1.18776 -0.383635 70
-0.317098 -0.226677 70
-40.3943 19.4405 70
-40.8883 39.1442 70
0.219684 11.1579 70
-0.0701908 -19.0094 70
-0.79703 8.63367 70
-50.1471 -79.2916 70
-50.0552 -79.9194 70
-0.307504 -8.70501 70
0.775292 11.4715 70
0.411939 -0.650697 70
9.21358 40.5445 70
19.4615 -10.5558 70
78.5346 -110.966 70
39.9731 11.2624 70
10.2709 -11.3532 70
19.1261 0.850046 70
-0.195582 -0.559527 70
1.06807 -0.835226 70
-30.7968 10.5733 70
40.2274 31.4212 70
0.157295 -0.790735 70
0.308101 0.310872 70
-0.298569 10.6752 70
-0.573913 0.19989 70
-11.4543 -19.796 70
-1.05007 0.513795 70
1.25507 1.11384 70
0.818741 0.80982 70
-1.09233 -0.00983907 70
11.4791 9.52396 70
0.310833 -0.273835 70
0.623615 -0.5019 70
0.401742 -8.67657 70
0.00441028 0.191113 70
0.0674314 1.16438 70
10.2659 -10.2126 70
-9.96028 9.66287 70
-0.506648 -0.0236458 70
-0.647706 -0.860729 70
-0.88657 -11.0278 70
-0.331742 -10.0971 70
1.26378 -0.446488 70
-0.934253 -0.0222299 70
1.13377 -0.970275 70
1.07384 10.3604 70
0.3172 0.135822 70
11.1051 10.9073 70
-60.0452 -0.00866286 70
10.5275 -20.0572 70
-0.0560769 -0.746682 70
20.319 -20.5834 70
21.4976 31.2144 70
0.544057 1.13307 70
-1.33572 0.389917 70
8.68763 -1.30674 70
-9.70469 -1.15195 70
1.2786 9.25029 70
-0.910858 -0.981963 70
0.627814 -1.422 70
-1.30261 0.360173 70
-48.7124 -0.682991 70
-8.58791 10.7659 70
1.43454 -0.327198 70
-0.806394 -0.00566005 70
1.22258 1.49187 70
8.5394 0.187525 70
0.703498 -0.38347 70
1.07964 -1.03695 70
-10.8644 20.2875 70
-0.449034 0.709117 70
19.0878 -30.0746 70
0.390695 1.26126 70
18.6627 8.87656 70
-1.37305 0.0234776 70
0.647469 10.2684 70
0.391055 11.4245 70
20.9049 -18.8828 70
21.3599 -21.3203 70
1.30046 1.39532 70
10.2529 -0.397261 70
-20.6816 -0.572336 70
19.9379 0.354897 70
40.9069 -19.833 70
10.306 0.552634 70
-1.4088 -11.2857 70
11.0919 10.7214 70
9.93291 -18.8542 70
10.7776 -20.744 70
-1.38411 0.510645 70
-19.343 10.2338 70
0.693214 -0.991495 70
10.4074 0.746042 70
-1.30423 0.627347 70
-0.170187 1.21601 70
-0.581485 -0.980508 70
49.2239 9.11291 70
50.3082 9.20441 70
9.22131 9.7219 70
0.371072 -20.8135 70
-9.81754 0.551423 70
-1.44787 19.1339 70
-0.577749 -0.927827 70
-1.07027 1.49953 70
10.3002 -9.7017 70
-0.186625 -11.2353 70
9.12961 -9.67166 70
9.95982 -9.50049 70
-0.878385 19.6514 70
-39.2212 0.760246 70
-49.7336 -51.0274 70
-0.224867 0.420724 70
-10.0062 20.3828 70
1.1935 -0.586221 70
10.1437 0.426847 70
20.8479 0.302673 70
19.3976 -0.617432 70
20.0508 20.6591 70
-9.31833 9.19695 70
-1.46729 -11.318 70
-1.0097 1.31734 70
-18.6939 -30.6324 70
10.8509 21.3801 70
1.09672 0.642442 70
-1.0921 -10.5874 70
-110.427 -9.75796 70
10.5869 20.9728 70
8.85847 0.923109 70
9.25034 -9.3409 70
-0.0236448 -9.53699 70
-1.31268 0.200422 70
20.2278 8.67381 70
-18.9238 20.1978 70
0.432091 -20.2878 70
-10.2457 49.7793 70
0.741091 39.4859 70
8.66239 -10.6553 70
-0.166293 0.382925 70
40.4272 -29.298 70
-1.21444 -11.0233 70
1.20518 -1.07527 70
9.31845 -18.8055 70
21.0144 10.978 70
10.7727 1.34668 70
8.61709 10.8906 70
-40.7485 -8.79029 70
1.26066 -0.254486 70
-9.48639 0.054828 70
-1.35918 9.19415 70
-1.48214 0.116301 70
-110.564 1.47506 70
8.53484 -11.0398 70
10.3846 -0.41913 70
-0.789352 -0.487595 70
1.05562 -0.907914 70
0.810333 -0.0187206 70
9.26156 -0.833051 70
0.8981 -11.0117 70
19.8371 11.2243 70
9.57097 -0.33928 70
11.0942 0.360271 70
40.1263 -70.6015 70
-9.32989 -8.50834 70
8.93318 -11.1155 70
11.052 -9.88371 70
20.2456 -30.2822 70
-29.2854 -30.1859 70
19.1885 -0.717081 70
-10.0098 39.6421 70
9.7186 -1.2178 70
8.88736 1.14466 70
-0.00744298 -1.47825 70
9.74464 -0.293349 70
-10.2361 -0.703066 70
-1.10991 0.767601 70
11.3926 -8.95653 70
-19.5494 -1.19988 70
-0.723167 10.3664 70
0.227827 -0.479956 70
-0.145986 -0.256869 70
0.749302 -1.05061 70
-19.5484 -29.482 70
0.0127447 -0.721075 70
18.8271 18.8914 70
-9.02972 19.1436 70
0.139495 1.10572 70
0.794038 -9.43156 70
11.3283 -11.0576 70
8.97237 -0.877959 70
1.02722 -0.883332 70
-0.46531 -0.867494 70
69.9268 -50.3743 70
69.209 -49.3341 70
-20.2271 -31.149 70
-0.44414 0.831559 70
-1.20188 9.12272 70
9.59512 11.2563 70
1.20862 1.15358 70
49.0513 11.3136 70
-1.4626 0.288261 70
0.436489 1.0865 70
-0.67618 0.628116 70
11.3828 -9.446 70
8.99833 1.08938 70
0.497769 -0.572512 70
0.0765745 -0.942222 70
-1.11806 -9.69643 70
9.87499 -10.0908 70
-0.606221 0.0813438 70
8.702 -0.953647 70
10.3246 -0.0640956 70
-40.6287 -69.3825 70
9.28486 -19.536 70
0.147127 0.141176 70
8.67438 0.890926 70
10.4694 0.114733 70
-10.7978 -20.256 70
-9.35165 -20.2546 70
-19.4514 1.18942 70
9.90284 61.2212 70
-1.43123 9.12464 70
0.778732 11.0511 70
10.82 -11.07 70
0.683423 0.112918 70
-8.78986 50.2815 70
10.0236 0.796212 70
59.2385 -10.0187 70
-0.958674 0.199034 70
19.1698 -0.407206 70
