-9.16612 1.1048 70
-1.13764 -1.35535 70
-1.1991 -0.377259 70
1.46306 8.59004 70
-9.85643 1.4087 70
-21.0278 20.1815 70
11.4678 31.3075 70
-0.70214 0.914291 70
-1.4285 -0.217905 70
10.4763 -8.88182 70
-11.3508 -9.78607 70
-1.08901 8.77075 70
-8.95805 -0.710069 70
-9.87955 -10.6981 70
-50.494 -10.0114 70
-28.604 19.2947 70
-20.5159 -10.6176 70
-18.5343 -10.2091 70
-29.8474 1.44249 70
-0.14103 30.3608 70
-0.253787 11.3891 70
10.1283 0.973984 70
1.1119 0.930003 70
-9.99074 9.35442 70
-11.3534 -1.11046 70
8.8909 -11.0397 70
49.5746 81.47 70
-9.06285 0.189372 70
-19.4968 0.877117 70
-19.7383 1.48967 70
-10.2028 -10.1404 70
-0.131432 -11.0176 70
-11.1225 -11.1229 70
-0.369874 -10.0349 70
-10.6529 0.25469 70
-0.742106 0.639662 70
11.3013 -0.46195 70
10.1196 -1.42214 70
-0.0454687 1.28893 70
58.8451 10.2419 70
-9.80014 9.23345 70
-1.1093 0.732311 70
30.2778 -20.1746 70
-29.8602 1.43314 70
11.05 8.77433 70
1.16132 0.321114 70
-10.6045 -1.4195 70
0.184954 0.963556 70
0.698041 -20.1012 70
-1.49037 0.441879 70
0.517284 10.8983 70
1.12194 9.12409 70
-9.10475 -0.524096 70
-10.1343 9.1913 70
-10.7803 0.681536 70
19.0859 -10.7429 70
29.7636 0.941312 70
-11.3719 -8.81502 70
-10.2219 -11.2657 70
0.0900608 0.805187 70
9.03534 28.8685 70
-18.5812 0.0508126 70
-9.40044 0.239865 70
-11.4073 -0.474173 70
-0.623963 0.677435 70
-31.4376 18.677 70
0.319908 0.531974 70
-0.932893 -0.947866 70
-0.5759 -19.6422 70
0.380383 1.34286 70
1.17436 -9.75246 70
39.5011 -20.9721 70
-10.2043 -0.703862 70
-0.0858749 9.75696 70
10.9508 -9.48953 70
-40.6143 28.9395 70
0.251086 8.58684 70
-31.1212 1.20994 70
-9.6221 -0.635246 70
-9.45473 10.5729 70
-0.492875 -0.409091 70
0.409258 0.673926 70
-29.1912 9.07637 70
9.17603 0.87875 70
1.38336 -19.3664 70
-8.89931 -1.47703 70
-10.0191 -0.618062 70
0.174754 10.3459 70
-1.35489 0.00456195 70
-8.72224 10.2038 70
0.603774 10.1427 70
-1.28893 -9.34668 70
0.66111 10.1947 70
-0.450074 11.2557 70
-1.20106 10.1609 70
-0.674082 11.3961 70
-29.8487 -8.84944 70
-10.7588 0.259838 70
10.6004 -11.3414 70
-9.10874 0.484405 70
1.3322 0.881266 70
-0.650456 -0.0241234 70
1.19584 8.95529 70
-0.772923 19.4193 70
0.6235 -0.500549 70
8.64804 -28.9436 70
0.323864 90.9835 70
-38.8543 -18.6883 70
-9.11087 -0.211796 70
-1.02449 10.9728 70
-18.5725 0.470483 70
-0.530045 21.2371 70
-1.46529 -1.40113 70
0.867861 1.33632 70
-9.59015 -0.660801 70
-29.071 -40.3123 70
-21.3958 0.287789 70
10.9726 -18.7271 70
-9.90309 -0.965482 70
20.4178 28.7424 70
0.0503136 0.563789 70
10.3974 0.794729 70
-0.355911 -9.89448 70
-11.1804 0.634433 70
11.0123 -1.3907 70
-0.320334 0.895543 70
21.2003 -19.9054 70
10.1822 19.1543 70
-0.498103 0.49234 70
-49.4577 11.0849 70
-1.35935 -1.23967 70
-19.9149 9.89144 70
-21.1593 11.232 70
0.755848 -0.210441 70
1.01484 9.12967 70
-10.6408 -9.9503 70
-10.9029 -8.67129 70
-9.64946 9.60865 70
-8.54987 0.513258 70
-8.85883 -0.281524 70
-10.029 9.73428 70
9.48807 1.28437 70
-18.9509 19.2186 70
0.386889 11.0656 70
-1.48537 -0.615471 70
-11.4538 -29.1447 70
19.1949 18.6868 70
-0.169513 9.19797 70
-8.87323 11.3401 70
-10.5735 10.3742 70
-11.13 -0.338028 70
-8.80634 -0.82244 70
-29.3617 30.1032 70
-31.3499 29.4522 70
-0.595486 -8.8723 70
-8.7848 -10.828 70
-18.5476 -10.1968 70
-20.1749 18.6433 70
11.2546 30.9549 70
1.19528 -0.710977 70
9.91422 30.8702 70
-9.95693 11.3429 70
19.1949 -10.8038 70
-20.0265 -11.4484 70
0.58255 20.3411 70
9.51593 9.63097 70
9.60323 -8.64955 70
-19.8852 19.6364 70
-9.61883 -0.508964 70
1.07481 0.393391 70
-1.03472 9.662 70
10.3566 -20.7782 70
0.359906 9.64596 70
-49.4248 -30.278 70
0.427034 0.0596241 70
19.9863 38.7344 70
-0.504644 -0.981455 70
-10.5871 19.2734 70
10.6736 51.3867 70
-0.794014 0.471256 70
-1.03844 1.07399 70
-10.3531 9.45158 70
-18.5668 -19.2744 70
-0.223764 0.76698 70
9.17339 10.9173 70
-10.6459 1.00446 70
-10.518 1.0699 70
-9.16073 -10.0453 70
0.876714 1.4229 70
1.48433 0.344339 70
-19.9023 -20.083 70
-20.5193 10.5057 70
30.3082 -9.1835 70
-9.21743 19.5056 70
-0.32732 -10.9461 70
-9.40674 9.45558 70
19.3619 -18.8462 70
-9.68722 0.883439 70
-1.22312 0.810228 70
0.567683 -11.0145 70
0.920831 -0.604418 70
19.7183 31.3827 70
18.769 1.45601 70
1.21686 11.3088 70
0.790454 -0.383815 70
0.0766916 0.822677 70
-9.21275 1.36338 70
-39.3188 18.8599 70
-11.0155 0.359526 70
-8.69793 -1.326 70
-10.0747 -0.821002 70
1.49809 0.611368 70
-10.658 1.22422 70
-9.75133 -0.887317 70
-10.9148 -18.8278 70
-10.6225 10.2899 70
-11.4153 -0.497776 70
-10.0283 8.98185 70
-10.6449 -10.5104 70
1.25031 -39.3475 70
11.2591 20.8856 70
-58.5753 -21.1827 70
-0.509548 0.0476219 70
-19.8805 -21.013 70
-18.9804 8.54991 70
10.0449 10.7818 70
30.7873 18.7 70
10.8246 9.46161 70
10.9938 11.34 70
9.23858 -11.0618 70
-9.56666 30.5843 70
-21.011 -21.0901 70
-0.197794 10.2739 70
-0.410914 0.252134 70
0.882281 -39.2775 70
1.43278 9.01026 70
0.226642 -9.70542 70
1.08323 -10.5888 70
-0.215647 9.84955 70
-8.52002 39.9394 70
10.0855 9.85291 70
0.675729 -1.23696 70
1.27838 0.695679 70
-10.7971 -18.8159 70
-0.114048 8.9408 70
-9.26798 -0.449716 70
-10.4885 0.0453647 70
-1.07037 -9.60348 70
-28.8091 -11.2019 70
9.08732 -1.07294 70
8.79153 -0.0364268 70
-0.0798687 0.716972 70
11.0482 0.463136 70
0.476162 -0.480693 70
-0.330062 -1.36014 70
1.34911 -1.22963 70
-0.53655 1.45101 70
-1.17901 8.97459 70
-0.154276 10.8553 70
21.3049 9.6896 70
-9.01331 -0.602744 70
-9.43535 9.02923 70
-9.85484 -0.17883 70
-29.7694 -20.9459 70
-0.440091 1.38875 70
-10.1047 0.901263 70
9.5391 -1.32775 70
59.828 60.417 70
-1.36924 -1.16706 70
-10.9372 -1.09255 70
19.0111 30.9056 70
-0.417573 0.0268706 70
-9.99622 1.10339 70
70.1845 -18.7198 70
-21.0009 0.402694 70
-9.22026 -1.26556 70
-0.177017 0.704316 70
-9.25907 -1.34589 70
-11.3828 0.594324 70
8.54237 8.76748 70
-1.04872 -0.476035 70
1.4468 0.418341 70
-9.95423 8.9544 70
20.9937 20.3677 70
-30.8408 -1.13721 70
-30.0645 20.6374 70
8.55356 1.22673 70
-1.15231 -0.208231 70
18.6902 -9.48554 70
1.21219 0.403805 70
-1.35627 -1.0578 70
-1.14933 -18.5175 70
0.0568116 1.24836 70
-9.13511 -11.2063 70
0.465743 -1.28235 70
0.100954 -1.00953 70
-11.333 10.1835 70
-0.416034 -1.16253 70
-19.9525 10.4325 70
1.19038 0.414474 70
-1.17069 8.55904 70
8.70313 -31.3704 70
11.3056 10.0815 70
-11.2644 0.433823 70
-11.4166 0.404775 70
-10.3366 18.8199 70
-9.32694 19.4368 70
10.7267 -10.637 70
11.3462 -10.8105 70
10.7192 10.3872 70
-10.7684 58.5676 70
-9.48491 -8.50855 70
-0.671697 -0.748406 70
0.958668 -1.04059 70
-0.113481 -0.24122 70
-0.631589 0.0931287 70
-1.45201 -10.3646 70
-10.5407 -29.6238 70
1.16861 11.3943 70
0.312515 -0.14519 70
-9.68004 -0.800933 70
1.37724 10.6376 70
11.3071 10.186 70
20.1487 -9.61489 70
-110.416 -51.3572 70
-110.561 -50.8206 70
-0.0413123 0.042472 70
-0.643165 -0.642417 70
1.022 0.900918 70
-10.5229 1.05382 70
-10.016 0.903195 70
-40.6581 10.8236 70
1.08461 -0.119296 70
-0.687084 9.0925 70
-0.903575 -0.6595 70
-31.2057 -0.518093 70
-1.34734 -0.979648 70
-10.9591 -0.0891976 70
10.0849 -10.8143 70
-9.47741 -0.466455 70
-9.09674 -0.355594 70
-10.6533 0.352497 70
-9.90973 -39.0312 70
1.33167 9.62445 70
0.476291 11.4587 70
-21.4114 -19.7671 70
-11.287 10.4043 70
0.726227 9.76744 70
9.02111 40.9689 70
1.27792 0.351182 70
-9.13979 10.1173 70
-0.154383 10.6576 70
-19.1407 -21.374 70
-1.4776 0.65764 70
-11.1874 -29.4188 70
-11.2529 -0.434462 70
11.2857 -1.02479 70
0.0352389 8.95494 70
-30.5366 -19.0052 70
0.0141355 0.697904 70
0.87326 -1.27054 70
0.00412249 1.28865 70
-0.111482 8.56058 70
0.251492 0.875913 70
-8.58861 -8.5409 70
-10.2316 0.422791 70
-10.0089 -0.757055 70
-8.56256 -0.763067 70
0.341336 0.121815 70
-1.10946 -0.252998 70
9.88196 -19.9646 70
-1.10144 -1.1411 70
-0.362182 28.7825 70
-29.218 80.2962 70
-11.3005 39.8572 70
-10.7271 0.661966 70
-8.87698 0.505432 70
19.0527 40.7568 70
-0.926118 29.4855 70
-9.27817 -0.971539 70
-10.1896 1.21136 70
-8.59427 11.2147 70
-20.1518 10.9498 70
-20.8988 -30.4521 70
-21.1923 -30.2912 70
-9.06745 9.88768 70
-21.455 -1.14263 70
-10.183 -0.59191 70
-9.51204 0.0511861 70
1.03686 -1.3709 70
9.09509 20.1472 70
-19.5679 1.34315 70
-10.9667 9.78341 70
-0.691664 0.544118 70
0.188323 1.36996 70
0.596824 -10.3835 70
-20.2859 11.2512 70
1.43806 -10.7008 70
-0.262339 -0.0511485 70
11.3911 -1.26283 70
-10.4232 -0.0248041 70
-8.73684 1.18343 70
-9.3642 -10.8373 70
0.799136 10.6577 70
-10.8209 -8.51335 70
-8.77325 20.4314 70
-9.71154 60.642 70
-9.90753 -1.39259 70
-0.481273 -1.17458 70
-11.3665 -1.35386 70
0.218272 1.24258 70
0.264836 10.9604 70
-19.7511 10.2518 70
-11.3784 -0.0579017 70
0.691743 -9.29487 70
1.19488 1.1858 70
-18.9936 9.94415 70
-0.658836 9.10951 70
29.4614 19.0396 70
-39.8844 1.43719 70
-8.7781 8.66302 70
-1.18993 11.0133 70
-0.347248 -8.87594 70
0.414011 9.34498 70
-1.25915 10.0882 70
-11.4835 9.66418 70
18.5843 9.06759 70
1.25668 11.462 70
-0.603996 9.96358 70
1.22604 11.4043 70
1.42373 0.930966 70
0.446489 8.83981 70
-11.0985 0.194324 70
0.0513257 -9.13059 70
-9.58771 -0.621955 70
0.323111 11.0661 70
-9.49916 -20.6963 70
0.0887401 0.183855 70
0.0853039 -1.30274 70
0.171405 10.0943 70
-0.878484 9.58008 70
-1.06376 0.184654 70
0.998937 -1.03923 70
1.48868 11.4454 70
11.1352 0.901438 70
-1.09603 -9.58599 70
-9.50189 -10.2471 70
-11.0136 -1.40122 70
-9.02484 -1.01952 70
-10.4434 0.80137 70
-9.44741 1.12379 70
-10.4668 -31.389 70
11.0592 -9.44853 70
0.27748 1.30801 70
-9.52377 0.0407211 70
-0.40578 -1.32208 70
-0.0611397 -1.30917 70
0.818942 1.1464 70
-0.142084 -0.17079 70
0.720875 1.11443 70
0.242343 -1.26025 70
-0.0253679 -0.492286 70
-10.2308 -11.0066 70
19.2174 -30.1475 70
-10.6367 8.84005 70
-0.649613 -0.350535 70
-20.9834 0.898819 70
-10.6389 10.6856 70
-10.2608 8.8687 70
0.831591 0.231065 70
58.7714 -59.1785 70
8.69826 1.30143 70
98.9106 29.5762 70
0.0598729 -0.51612 70
-20.2807 9.87407 70
-0.993064 0.688633 70
-90.7946 -40.407 70
0.540208 -0.805464 70
-0.567764 -0.364463 70
0.622436 -28.9275 70
-10.1161 11.2879 70
39.0799 51.3039 70
-19.1612 1.25566 70
-9.04508 21.4043 70
-11.3065 0.404081 70
40.9632 50.7761 70
0.793248 11.3555 70
1.47191 10.9985 70
-19.7351 -0.0258731 70
-11.2243 9.20286 70
-0.531723 1.33031 70
11.4786 11.4468 70
-19.7726 11.173 70
-10.9101 -11.3857 70
0.160622 59.9296 70
-18.7025 0.00490163 70
-0.356806 0.537767 70
-1.48779 9.21824 70
-1.24987 -1.19768 70
0.327755 -0.489078 70
-10.4614 1.19365 70
-9.31329 0.488404 70
-1.22144 1.47513 70
-18.8704 -0.182297 70
30.5639 41.1437 70
-20.7896 0.853607 70
-9.18119 10.5857 70
9.70972 19.8012 70
-8.81113 1.03473 70
9.43307 8.64807 70
8.7044 10.6404 70
-9.17399 10.178 70
-19.0527 1.22003 70
-8.86348 0.540054 70
0.753336 1.24626 70
1.02711 11.2514 70
0.839528 10.4078 70
-8.70251 -1.11795 70
-0.423076 0.404365 70
-1.00187 -0.140307 70
0.694045 0.988207 70
-18.565 -59.7072 70
-38.849 -0.568734 70
-10.6868 -0.404723 70
-10.0163 -8.78111 70
-11.1672 0.145276 70
-9.92751 9.35292 70
1.20567 9.13568 70
-10.1839 0.649895 70
-9.84699 8.97923 70
-29.8257 -28.631 70
19.8224 18.6996 70
18.6759 -0.520502 70
1.26427 0.366317 70
-8.90231 -0.898126 70
-0.0829197 0.153073 70
1.13495 0.55112 70
-10.189 0.932349 70
-1.47694 1.29914 70
1.1849 0.384546 70
11.1388 0.0305408 70
9.84224 0.832547 70
19.2407 -19.2931 70
-9.17094 1.26891 70
-1.42282 -0.352519 70
-11.2808 10.4884 70
-9.16996 -0.148126 70
10.167 9.86957 70
-9.13817 0.550912 70
18.9078 -10.5119 70
-10.1169 0.744898 70
21.097 -20.7996 70
-1.05291 0.431253 70
-39.459 9.35743 70
-21.492 10.0039 70
51.1338 29.776 70
-18.9155 21.0127 70
-11.0614 -0.662125 70
-9.26241 0.494986 70
1.4376 0.589224 70
-10.7859 20.8593 70
31.1828 29.299 70
-30.8264 0.285593 70
-0.371598 -50.1286 70
-8.74365 49.9786 70
0.230941 -0.339231 70
-28.5661 0.566732 70
1.43414 -8.8893 70
-0.62719 1.47989 70
-1.36273 1.42502 70
0.196345 -0.716441 70
-0.191975 9.30851 70
1.0193 1.37064 70
0.653874 0.66464 70
-11.0783 -9.24837 70
-8.83643 -10.977 70
-8.92959 9.09524 70
-11.242 9.37229 70
-0.684827 1.41366 70
-10.1703 0.273611 70
-10.6541 -9.57408 70
-8.97323 -0.642097 70
10.7057 11.3113 70
-0.141848 20.1698 70
8.54729 0.910885 70
21.4283 0.282865 70
9.70059 11.3256 70
0.608147 0.474144 70
0.129801 29.6269 70
-10.3033 1.05783 70
20.2232 10.8393 70
-0.659294 -0.183748 70
0.953091 -1.01409 70
41.0197 30.9071 70
-0.691773 0.237952 70
-0.0981113 1.15453 70
-8.71068 -0.864842 70
-8.75445 18.9695 70
10.2334 -9.0546 70
-9.85749 -10.7511 70
-20.4405 -11.0878 70
-0.936019 -9.34929 70
0.0137512 -9.87485 70
-10.3255 0.284641 70
0.470565 -1.46819 70
1.46138 0.599416 70
9.00787 9.31727 70
-9.3253 20.6747 70
-19.8462 -20.9994 70
0.292131 -0.449479 70
-20.5784 9.10834 70
18.7408 9.23409 70
-59.2538 89.5361 70
-10.3557 0.476928 70
-0.824289 -11.3092 70
-1.05246 -0.067013 70
-11.4703 8.766 70
-10.3308 -1.0536 70
-1.06596 0.837449 70
-19.6439 -9.0913 70
-9.61357 0.445801 70
1.06938 -10.8656 70
-20.576 29.4069 70
-30.7962 0.584755 70
-9.18477 9.07387 70
-0.826843 -0.533014 70
0.516162 -0.811718 70
-0.596984 -9.38964 70
-40.89 21.2122 70
-20.4137 -60.1702 70
-29.4188 9.54829 70
-1.49529 21.3425 70
-39.1036 31.411 70
-41.1978 28.7519 70
1.27643 1.08828 70
69.2583 31.394 70
19.2081 -9.56692 70
19.5545 9.99206 70
-1.30122 -9.01532 70
10.6507 0.645353 70
9.65829 10.0564 70
-0.156856 10.7415 70
9.94097 10.1481 70
-8.71036 11.0111 70
-10.1585 -10.7493 70
-0.205462 0.322436 70
-0.684941 -1.47965 70
18.796 -10.8975 70
-0.486152 -8.56574 70
-19.7794 -9.26185 70
-50.8488 -109.787 70
-19.7807 9.60782 70
-9.01298 -0.198457 70
-0.223868 1.22332 70
-19.8533 11.1978 70
11.2836 69.8256 70
19.5393 -20.9141 70
0.0713079 -0.851617 70
-0.24384 10.1945 70
-8.69119 38.9172 70
-9.22264 -0.732199 70
-1.39457 -0.0321091 70
-0.908592 19.3462 70
-49.103 -11.0321 70
-0.922515 10.4944 70
-0.796267 0.255634 70
0.0546861 9.59418 70
-10.6936 -0.972587 70
-20.3187 8.62364 70
-8.51374 -11.4731 70
0.83131 9.98346 70
-11.0605 9.85103 70
-19.1234 -1.45444 70
-10.5404 10.4452 70
-0.832839 -1.09811 70
-10.3705 1.30493 70
-9.42415 -0.581147 70
-10.1328 -0.415724 70
-8.65778 -0.38778 70
11.2129 9.61263 70
11.0792 10.7661 70
0.646404 -10.784 70
1.457 -20.228 70
-0.835548 -20.1594 70
0.139411 -1.16906 70
0.268658 -1.09606 70
-0.801334 21.1911 70
-11.3011 31.4284 70
-0.676734 -0.15323 70
-9.66427 -10.03 70
-9.96468 0.0334903 70
-0.877862 -1.32658 70
10.132 78.7213 70
-10.8929 -9.51307 70
-0.166031 -0.941181 70
-18.5012 0.985194 70
-18.9001 -30.7969 70
-29.7159 68.6469 70
-21.186 -9.02293 70
-9.05049 1.04998 70
-0.871698 1.35752 70
-10.1179 20.2804 70
1.28885 -9.91358 70
-1.43121 10.5895 70
-39.6624 28.7442 70
-19.8722 -21.2728 70
70.1141 51.2631 70
8.73668 -21.1491 70
-21.1909 -19.8244 70
-50.2192 71.1221 70
-30.1059 -11.2317 70
-0.580823 -0.950943 70
0.880835 -41.1854 70
1.07631 9.53755 70
29.5183 -79.8145 70
-0.343619 -0.637912 70
-19.4439 49.7442 70
0.659896 0.544929 70
-0.601306 10.3862 70
-0.310305 21.2073 70
-21.3345 9.21756 70
0.841045 -0.504253 70
0.969779 21.3399 70
0.55459 30.0999 70
19.7789 -0.288547 70
-0.144548 -10.0577 70
1.03221 -0.0420823 70
-18.5461 -1.08822 70
-8.54039 20.6647 70
-10.8216 20.5215 70
0.35705 -0.454465 70
-1.11336 0.521115 70
1.38921 10.545 70
10.5702 0.461144 70
0.336866 -1.05475 70
1.22984 1.31775 70
-9.49051 0.322222 70
0.408472 29.4961 70
0.663141 -1.07344 70
0.886474 0.199604 70
-1.20593 0.889208 70
11.0232 19.3952 70
0.0599981 0.451153 70
0.995083 11.4137 70
-11.1417 9.58853 70
-39.6567 -31.0158 70
19.387 9.27845 70
