0.52942 1.2983 70
0.435401 -1.40959 70
-10.5692 -11.179 70
-11.0139 -8.82709 70
51.1284 9.44977 70
11.0867 0.641341 70
10.9248 -10.7836 70
9.80243 -10.3605 70
10.5702 0.399189 70
10.9528 -0.518403 70
-1.34591 1.10367 70
-0.955729 0.902844 70
10.4648 1.49687 70
-0.566141 -11.1944 70
1.3218 -1.12513 70
19.2936 -9.83151 70
9.70316 1.26601 70
1.16747 0.132208 70
9.89352 -9.0012 70
-0.168394 0.301919 70
-1.09506 1.066 70
1.45629 -19.4534 70
0.506499 -0.325371 70
9.72048 -0.415937 70
8.92646 40.9134 70
1.47347 -11.2447 70
-0.939382 -9.56798 70
-1.29962 -9.54366 70
11.0277 -0.565592 70
11.2067 -10.602 70
-1.08184 -8.63785 70
1.33104 -0.0284575 70
-1.44658 -10.2863 70
11.0511 -29.1332 70
-11.1332 -11.4384 70
-9.72928 -0.762261 70
-11.1252 8.98894 70
-9.22719 -8.56465 70
0.0960353 -11.3817 70
0.313857 10.0951 70
9.76196 0.600765 70
-0.98125 -8.84002 70
9.90158 -0.203472 70
10.2743 -9.1504 70
-1.09775 -0.0121349 70
8.79057 -11.2604 70
1.25842 1.28971 70
-8.60849 -10.5022 70
-1.26136 -0.682291 70
20.7812 28.9276 70
8.9842 11.1565 70
8.98933 -9.40147 70
-8.89736 19.2172 70
-1.06448 10.5735 70
29.4246 8.73349 70
10.7186 -0.822045 70
41.0357 10.9657 70
38.8301 10.3016 70
10.6246 9.10466 70
19.4077 -11.0027 70
-10.5964 8.75344 70
1.4798 -1.38362 70
0.236491 -9.17014 70
-30.7232 49.5752 70
10.7271 9.43228 70
-9.64515 -8.63956 70
1.09842 0.143403 70
-11.4654 0.495492 70
18.9092 -1.07531 70
-0.822476 -0.0768658 70
-8.54383 -30.99 70
-9.58002 -31.1806 70
-11.3152 -29.5338 70
9.94338 -28.9231 70
1.16871 0.601046 70
1.15204 -0.739047 70
-0.498304 -9.6338 70
-10.841 -0.467739 70
-1.3327 -0.747792 70
9.56302 -21.1215 70
10.9108 -1.05399 70
-10.0656 39.7582 70
-68.8899 -49.7766 70
8.54156 -9.31968 70
-10.1129 8.90417 70
-10.1165 0.0454954 70
-38.7844 79.8657 70
-10.0036 0.507743 70
11.0717 0.0502152 70
10.4771 0.260417 70
0.801672 -9.17275 70
19.9815 19.1069 70
19.5168 20.4295 70
0.944039 -9.36013 70
10.6087 0.636265 70
-1.1979 -8.80679 70
9.35612 -9.25467 70
9.95624 0.972247 70
-10.1976 9.11494 70
9.32577 11.3508 70
11.291 1.37203 70
-1.25152 0.856306 70
9.47518 -18.5825 70
-10.2991 40.1251 70
-10.3165 -9.24387 70
-11.1995 39.0011 70
10.5328 -9.09824 70
9.36392 -40.6444 70
9.2607 0.258991 70
30.7 9.40294 70
29.4077 8.84623 70
-10.1011 -10.816 70
0.634153 0.124016 70
-0.636048 1.02491 70
1.37926 -0.778991 70
-1.40561 -1.0469 70
-10.8104 0.59024 70
0.261161 -1.41058 70
0.481843 0.485033 70
9.52058 0.958877 70
-29.9577 8.7747 70
-19.4567 11.4085 70
-1.35231 -1.35466 70
0.628752 1.2089 70
10.3925 20.3968 70
0.527056 -9.91169 70
19.1574 -29.0632 70
-0.427171 -21.3455 70
-0.303398 9.33984 70
0.854414 -0.832152 70
19.5356 -11.1836 70
9.82595 0.458831 70
11.0732 19.0652 70
0.281905 -9.19318 70
18.9697 10.9128 70
9.65801 0.486687 70
-1.18329 -0.591919 70
-11.1734 0.383933 70
9.07845 0.934545 70
-21.3137 -10.5705 70
-10.8978 -0.182927 70
-1.26114 -1.30068 70
0.454321 -0.494025 70
9.63301 -20.9797 70
-10.123 9.06349 70
-21.4603 10.0429 70
18.9617 20.9064 70
0.616938 0.00756574 70
1.36887 -0.0808551 70
10.5061 30.3506 70
10.8566 9.44068 70
-9.54451 0.545091 70
9.36018 -10.6306 70
28.6668 9.87394 70
0.594971 1.18608 70
-0.329326 -9.939 70
9.61119 -9.26866 70
-1.05837 10.6001 70
9.09407 -9.63661 70
11.4335 0.602103 70
9.6716 -0.342221 70
-10.1903 -51.0503 70
-1.19143 -1.37711 70
-11.1961 -9.66532 70
-10.395 -0.981228 70
-0.756782 0.627129 70
9.6634 -0.96402 70
10.3844 -28.9173 70
0.360352 -10.8229 70
-1.48617 -19.1386 70
0.926498 -9.08925 70
-0.148661 0.770499 70
11.4368 1.08706 70
10.8267 -20.8086 70
-9.50539 18.8422 70
11.451 -19.7397 70
-0.690663 11.4887 70
9.86127 -41.2262 70
8.59567 -0.954942 70
-20.8476 9.82759 70
0.464116 -19.5844 70
-1.23585 0.907772 70
0.85486 0.597826 70
21.1987 10.9577 70
9.05244 0.732553 70
21.1283 -19.2558 70
-1.08001 -10.9868 70
-1.29323 -0.430883 70
1.23211 -0.618306 70
20.4637 10.9642 70
0.267153 -0.562435 70
1.21354 -20.2976 70
11.0733 -10.5527 70
19.7401 60.131 70
20.8459 60.2578 70
18.647 60.8348 70
1.1726 50.2878 70
9.19622 11.3108 70
11.1989 0.0670846 70
10.9062 -0.152424 70
-0.559284 9.53599 70
10.4765 -1.1906 70
-10.1823 0.48428 70
0.328583 -10.0554 70
-29.6827 9.86344 70
9.37128 1.24765 70
0.58632 -0.127927 70
10.5395 -9.09554 70
58.7803 -29.4136 70
-0.321442 -9.19439 70
1.22344 -1.12022 70
10.3861 -0.293621 70
-21.1653 -8.98869 70
-20.4114 8.74261 70
-41.0694 -10.0429 70
0.772797 -20.0449 70
0.55493 -0.802518 70
9.24787 1.29636 70
0.817201 -1.25113 70
10.6735 41.1488 70
-11.0372 -9.6398 70
-0.0855042 1.22615 70
28.5605 -10.1744 70
10.7851 -0.416331 70
18.7946 20.5599 70
1.0821 -18.7329 70
10.7712 21.1742 70
-20.136 11.2987 70
1.39436 -0.0180601 70
-1.21321 1.4102 70
21.1531 -18.8211 70
-0.490826 9.10225 70
-1.43815 0.651888 70
29.9798 20.3782 70
60.954 70.9312 70
0.382082 1.0578 70
-0.601425 -1.11712 70
-18.9036 19.5091 70
1.18195 -0.499759 70
-0.156166 -9.63779 70
-1.12749 -0.555283 70
-10.0019 -9.78954 70
-1.20628 -21.3519 70
9.31849 10.1086 70
10.042 21.054 70
11.1707 -8.72776 70
-39.427 -39.5442 70
1.06657 -9.14367 70
-0.0565504 -18.8677 70
19.0294 -10.9252 70
0.639484 -20.5559 70
1.12577 -20.3646 70
1.0678 -19.2503 70
9.56576 -0.299417 70
0.261738 -8.58349 70
-8.55545 1.10114 70
9.30813 20.3296 70
9.21032 -0.303821 70
19.9157 -0.630243 70
9.44022 -8.61533 70
-8.93438 -0.51396 70
0.459815 -10.2224 70
0.118142 -11.1581 70
8.61577 8.77356 70
-29.7692 -9.30527 70
0.270918 10.8546 70
0.995055 10.2443 70
8.50076 -1.26937 70
-0.814979 -0.829591 70
-38.603 0.330152 70
1.36786 -20.7586 70
1.2976 -10.8877 70
0.899202 0.342302 70
10.7471 11.4454 70
-9.14175 -58.5322 70
0.329196 11.1184 70
9.99431 -9.1212 70
-0.507704 -10.6495 70
21.3896 9.4802 70
-11.3443 -80.5049 70
-8.68413 -39.3156 70
-0.99101 -18.8212 70
48.7693 39.0176 70
10.1121 8.66287 70
-9.48374 -20.7656 70
-0.596921 10.9862 70
8.9425 1.0058 70
1.07415 -0.242773 70
-0.710911 11.4878 70
-0.297658 -0.0354631 70
11.2017 1.49701 70
0.594431 9.78128 70
28.5408 11.255 70
0.293032 -0.736772 70
-10.5613 9.88593 70
-9.95921 10.1075 70
10.8586 0.8312 70
-0.611775 -9.28311 70
49.0588 -0.691727 70
-0.514233 -9.45874 70
0.49109 -0.154332 70
10.6774 -0.0916587 70
-0.936113 -0.909105 70
11.1292 1.11728 70
-0.922499 1.05014 70
8.59204 10.067 70
1.26211 0.668973 70
-10.7401 -9.18842 70
0.313591 10.6896 70
-0.814645 -0.54644 70
-0.502798 -10.0465 70
9.97281 -0.255822 70
20.4693 -59.1456 70
-9.75237 -1.2281 70
29.9586 0.778755 70
9.60166 0.57201 70
-0.19882 -0.25844 70
1.20432 1.12458 70
18.8325 -10.9387 70
9.47955 20.113 70
9.34973 -8.50235 70
-1.01134 -28.911 70
-0.587074 10.0207 70
-0.742524 -11.2503 70
9.57148 0.14681 70
-29.8952 20.4581 70
0.0920225 1.16802 70
-9.08073 -19.1548 70
20.1566 0.38691 70
1.47567 0.313536 70
11.133 -9.16871 70
-0.805792 -19.0867 70
1.23101 -21.2029 70
-19.2165 -9.46988 70
-28.5974 -19.1986 70
-0.869024 -9.82356 70
21.4303 -10.3774 70
-19.8453 -9.95754 70
19.1665 -20.473 70
10.3651 30.5982 70
9.7031 -9.12136 70
10.4234 9.44332 70
19.3878 -0.881769 70
19.7348 -0.83564 70
-1.35603 -1.30386 70
0.285817 0.0994107 70
38.6915 -19.4772 70
-0.976518 -11.2237 70
0.477221 -20.3151 70
0.179365 -18.9443 70
-1.05169 -19.7102 70
31.1031 -20.0218 70
-1.02877 -9.00439 70
11.3589 -11.016 70
10.633 -10.8393 70
19.3683 0.160802 70
-0.170635 -1.08041 70
9.27237 -19.4368 70
11.4607 -20.5602 70
0.849541 -0.124867 70
30.8642 10.6764 70
-19.3238 0.440302 70
0.196142 0.0376685 70
-1.4042 10.1409 70
50.1714 -0.547493 70
-9.91961 -21.198 70
-8.66872 -19.443 70
9.46429 -8.76281 70
1.44821 0.160019 70
20.5351 -0.612436 70
8.82659 0.796887 70
19.1129 21.3184 70
10.2015 -9.34962 70
9.95505 -19.2567 70
10.4469 0.854024 70
-20.7017 -21.4576 70
10.909 -9.92997 70
10.5251 -9.89922 70
0.833625 -10.23 70
40.562 89.9392 70
-0.467412 0.154702 70
-0.50777 -11.2904 70
-21.4416 -0.897137 70
-0.844113 0.169204 70
10.2986 -1.14331 70
0.814921 -0.440904 70
0.884231 -9.4244 70
30.87 -0.51373 70
9.17596 0.285681 70
10.3746 9.26315 70
0.9534 -11.3623 70
0.342513 -0.0600169 70
10.6233 -10.917 70
9.49246 -10.0977 70
-0.0386802 -8.6761 70
0.303673 0.612624 70
10.4594 0.449126 70
-40.0064 20.7325 70
-11.1807 -31.3517 70
10.418 -8.76978 70
10.9765 -9.45591 70
-0.327778 -0.777045 70
-40.3393 11.0143 70
-10.8917 -11.0233 70
-0.646827 -1.48051 70
59.6062 -10.941 70
0.43456 1.11962 70
-0.18928 -1.01485 70
50.8998 -40.1131 70
-19.5441 19.3243 70
-20.0625 -59.0535 70
0.958448 -1.49186 70
-59.5909 -19.6693 70
-61.3977 -19.2841 70
-0.757618 -0.0214374 70
20.8401 10.7528 70
0.123364 0.873637 70
11.3389 -0.747083 70
-1.24612 -1.04269 70
9.50582 -1.06648 70
10.4939 -9.02778 70
-0.486639 -1.21024 70
-0.439577 -10.4814 70
0.682925 0.17717 70
1.49491 0.0813652 70
-1.39135 -8.63673 70
18.7067 -11.4407 70
-29.499 29.1984 70
-21.1625 -28.9634 70
10.6639 9.04859 70
-8.88331 -10.6495 70
19.1742 -0.525776 70
-30.75 -29.3826 70
-10.631 -0.969946 70
11.3176 30.5223 70
-8.58785 -0.0911222 70
-11.4651 -0.834121 70
11.06 -0.730268 70
-1.3487 -10.4054 70
1.03881 -0.38337 70
8.56915 -10.4143 70
-11.0044 20.086 70
-0.260026 0.608436 70
10.5213 -10.192 70
9.07857 19.9063 70
9.56309 8.60806 70
8.9947 -0.182217 70
0.981254 -0.386339 70
-0.811348 -11.0124 70
0.430698 -10.8269 70
8.67516 -0.992668 70
9.37342 -1.04447 70
59.4262 28.9956 70
9.97153 20.6252 70
9.19249 -1.2304 70
0.339931 -0.499924 70
69.2311 8.95959 70
-0.292217 0.714316 70
0.260162 -11.2844 70
-11.23 -10.4012 70
-51.1174 -8.86633 70
10.0569 9.40146 70
-9.08844 -0.438137 70
-0.513218 -8.64562 70
0.871244 1.36996 70
-10.2839 -20.5825 70
-10.7002 9.04961 70
-0.204202 0.779236 70
19.6735 1.4334 70
-11.4611 -0.17263 70
-0.344684 -1.22076 70
-9.19539 -0.405881 70
-21.0371 -9.99679 70
61.1962 -68.7673 70
10.4301 11.2417 70
11.1137 10.7115 70
-9.65894 -0.772681 70
0.320003 0.591093 70
-0.330035 21.1726 70
1.44532 -0.856469 70
-0.419415 -59.9038 70
-0.821127 -59.7245 70
19.5503 -10.3165 70
-11.2704 -0.296504 70
-0.971784 -11.0353 70
11.4335 8.65726 70
20.6146 -20.1779 70
-30.3963 -20.405 70
-0.24057 9.65004 70
9.59312 18.5261 70
11.1483 -0.62012 70
-1.48075 -8.689 70
10.83 -10.745 70
11.4872 0.939478 70
10.3706 -10.6198 70
8.709 -9.4508 70
0.682321 1.03171 70
10.7727 -0.109291 70
0.0504723 -0.602449 70
1.40046 0.329987 70
0.48106 0.310405 70
9.87224 -1.37035 70
0.976467 -10.8348 70
9.33736 -0.200582 70
-10.7334 -9.11203 70
-9.26594 -0.916105 70
8.69955 0.603645 70
-9.99018 1.43156 70
20.3247 9.87657 70
50.4813 0.266075 70
1.17644 31.2889 70
-28.654 -0.079569 70
-0.447726 -1.22975 70
-30.8287 -20.5971 70
-11.4032 -20.9614 70
19.0462 61.3857 70
-10.7965 10.2191 70
-40.4858 9.80653 70
-21.081 20.9305 70
59.7344 -11.0466 70
0.142051 -31.3901 70
21.3172 19.999 70
9.43239 -1.29858 70
11.1769 -21.4104 70
9.44881 -21.2361 70
1.42807 0.987267 70
-0.709808 -0.836712 70
-10.9783 10.9603 70
-9.67559 8.67447 70
21.3127 -0.530062 70
9.1473 -31.4116 70
9.71543 -8.74355 70
-21.4485 -8.75473 70
10.4594 -0.180417 70
21.2583 -1.13887 70
-20.7525 40.974 70
9.90325 -1.18772 70
1.00316 0.926087 70
0.556013 -10.1656 70
9.00471 -1.01074 70
0.41749 10.0094 70
-0.0481662 0.32265 70
-20.0884 29.5642 70
19.0914 -9.32014 70
11.4086 -0.574711 70
10.3578 9.9118 70
-1.33644 0.0147322 70
0.378312 0.305955 70
-0.548193 1.35627 70
0.255113 -9.49643 70
-1.45897 -0.885518 70
-19.295 -9.64367 70
9.19831 21.0715 70
8.7598 -9.98091 70
0.628838 -11.1306 70
11.1692 -0.241347 70
-21.4045 -29.7391 70
-0.111621 -1.12509 70
-9.33742 -0.824349 70
-10.9014 8.95827 70
9.40907 -29.6717 70
19.6303 10.1794 70
8.78176 19.5915 70
0.71968 1.36787 70
-0.519485 -1.46358 70
0.818909 0.348102 70
9.55972 -0.326121 70
18.9093 18.8738 70
9.10899 -10.3902 70
8.82744 -11.1559 70
-11.3582 9.89166 70
0.68594 -9.17519 70
0.101789 -11.4067 70
-1.42796 -11.4125 70
10.0359 0.708336 70
8.91511 1.40634 70
8.82579 -9.51591 70
9.39124 -0.0518181 70
-1.15252 20.2518 70
-0.696179 20.6469 70
0.965028 1.10122 70
1.05016 1.08046 70
-1.27929 10.9939 70
0.0527549 9.37568 70
21.2325 -40.1618 70
-10.4817 -1.37879 70
20.1202 -31.0839 70
-0.246449 0.224842 70
10.7116 -0.113272 70
-9.04668 9.16368 70
8.52709 1.3199 70
11.3343 -1.49391 70
9.84311 9.92071 70
31.4802 -30.9807 70
0.720666 10.7045 70
-8.65833 -10.5636 70
9.86799 18.9088 70
48.9958 -11.4504 70
59.9308 -19.1473 70
9.71614 -1.39138 70
1.33068 -0.641453 70
-0.337917 0.76979 70
-9.94202 -11.4832 70
8.77462 0.443105 70
0.537535 1.15514 70
-19.96 -58.7641 70
19.2019 0.118365 70
-9.92122 -11.3293 70
10.3817 -9.93541 70
10.5331 -8.57176 70
10.2238 -9.09141 70
9.81235 1.42778 70
-10.7839 10.1789 70
-20.002 1.10213 70
9.04886 8.89722 70
-0.725397 0.95045 70
18.8962 8.86916 70
-20.6932 1.15426 70
-1.41584 -8.80266 70
9.97363 0.358913 70
18.765 19.0572 70
1.00496 -10.1667 70
20.8641 -10.679 70
0.60269 -8.57759 70
-10.5056 9.70503 70
-10.429 0.77039 70
11.4209 1.32852 70
11.1989 -1.11767 70
20.6652 8.98368 70
-69.4988 -29.4536 70
1.02873 -0.618141 70
38.8232 10.224 70
9.22523 -10.2307 70
50.0655 -21.0507 70
1.30101 -19.0709 70
9.39954 -9.18626 70
21.0658 -0.28425 70
10.5821 10.5562 70
-0.794072 0.176308 70
0.349069 -0.0566978 70
10.618 -0.542354 70
-18.9699 1.23065 70
-0.0746512 -1.27431 70
-0.0642399 -1.09918 70
-1.19406 -1.16239 70
-0.707625 -0.445638 70
-0.727471 -0.986193 70
39.6298 31.1729 70
-28.5466 19.9905 70
-0.132119 -10.8873 70
10.2135 -1.42445 70
8.65241 -1.09367 70
11.0199 10.9126 70
11.0279 10.3059 70
59.0134 91.4533 70
-9.85355 1.34241 70
0.0814753 -10.6421 70
-29.4835 91.2947 70
1.25589 1.09116 70
0.852715 -1.22276 70
1.04632 8.70928 70
120.595 59.589 70
19.0905 9.70088 70
-11.1415 -1.09346 70
9.70164 -10.8227 70
-0.796427 1.10087 70
1.49207 0.838246 70
10.1134 11.4079 70
-1.00213 10.346 70
-0.837156 -40.2478 70
-1.16737 -10.6236 70
10.6833 -11.0344 70
10.7732 -0.532775 70
10.6789 0.242841 70
-30.7468 1.20125 70
8.97754 -11.1331 70
1.28425 -10.8418 70
0.561796 8.54735 70
11.2811 10.7478 70
19.0639 18.9743 70
78.6153 0.711785 70
80.7493 1.21493 70
10.6871 -10.5921 70
9.35656 -0.517779 70
0.308081 -10.0093 70
-1.01374 0.111678 70
9.90265 -19.824 70
-19.9553 38.7818 70
-20.834 20.2615 70
-10.3669 9.06273 70
1.12303 -0.868224 70
-0.736426 -8.99756 70
0.681263 -0.434881 70
-1.09214 -10.4164 70
1.49324 1.00161 70
0.319971 -1.41452 70
-9.27605 -20.2694 70
-1.32629 -9.25019 70
11.1982 -9.70949 70
10.6014 -10.5841 70
-1.38447 -9.52671 70
8.93 -1.18762 70
-8.78375 -18.7099 70
48.6554 9.53063 70
-21.4097 10.96 70
-21.4991 10.8428 70
-20.2296 18.8552 70
-20.6174 20.2943 70
40.0413 -0.90027 70
0.69741 0.395102 70
-0.297877 0.612441 70
-18.8457 -19.3263 70
-1.01615 -9.36784 70
0.0690399 -1.12221 70
-21.0295 -9.73239 70
20.0225 19.7374 70
9.43212 -0.759047 70
-1.25344 -19.6621 70
10.507 -9.64589 70
9.36607 -10.1285 70
-1.03195 0.672652 70
-1.39616 0.376906 70
0.018418 -0.924276 70
0.5294 -10.4323 70
0.381075 -0.056326 70
-8.85218 20.4388 70
10.4233 -1.35982 70
19.2249 19.0865 70
31.084 -18.8191 70
9.89853 -0.0967701 70
-8.76586 -10.3742 70
-0.805565 -10.6602 70
-0.969942 -18.9366 70
-60.6123 -50.7967 70
-1.24925 -1.13363 70
0.697106 -9.49629 70
19.2026 0.278035 70
8.73532 -9.92929 70
-30.6282 -19.0197 70
-9.47339 -10.973 70
-1.33492 -0.873442 70
11.4377 0.712156 70
20.2599 -18.7578 70
10.777 -9.48349 70
-0.59642 -9.86759 70
-0.791572 -1.20677 70
0.804065 0.0389424 70
-10.4749 -9.31675 70
0.972115 0.482363 70
9.98 -0.410907 70
10.7239 -19.7167 70
0.41977 -9.34758 70
8.66367 -21.3937 70
-19.16 0.0749995 70
-1.4641 -0.199809 70
9.73959 1.39218 70
10.3197 -10.8815 70
1.38823 -30.996 70
-0.606315 -9.10665 70
-19.6578 -40.2149 70
-11.026 -0.139933 70
-10.5904 -1.24299 70
40.3099 -19.4663 70
9.67841 -0.596769 70
-10.2113 0.0238876 70
0.105787 -10.9001 70
-8.77044 1.40892 70
11.1401 -0.792056 70
-9.31738 -21.2954 70
11.088 -0.432074 70
