-8.54927 19.0843 70
-1.34278 -8.79165 70
1.06359 1.17733 70
-18.8714 -9.33889 70
-0.208532 0.835016 70
-10.9398 -19.1666 70
-10.2621 -0.891321 70
-0.0518524 -20.8593 70
0.187042 1.08842 70
1.35026 -1.08912 70
0.978309 -0.917328 70
-8.94136 -0.273204 70
60.5969 -59.509 70
0.083105 -29.7434 70
58.9298 59.8205 70
-60.2704 -31.037 70
-8.85347 -9.15344 70
-9.86669 10.1696 70
18.6014 51.3709 70
-1.10901 -0.78182 70
1.07732 -1.12599 70
0.874875 -0.841466 70
10.144 -19.4986 70
-0.311975 0.25272 70
-0.871481 0.163434 70
0.298328 0.81777 70
1.30872 -0.00364388 70
-1.24002 -0.729133 70
21.4316 -9.20978 70
-20.6352 1.05617 70
-29.0035 -11.1699 70
21.3413 8.50249 70
-9.45988 10.0191 70
-1.14233 -9.20295 70
-8.9904 0.701382 70
0.770511 1.28836 70
21.0782 51.4511 70
1.45549 9.12934 70
98.5777 39.1755 70
1.21082 38.6046 70
-10.1845 99.6765 70
-0.73099 -1.49584 70
-0.509817 -1.49213 70
-9.69314 -9.49224 70
-1.38003 11.1425 70
10.9314 -19.6534 70
-0.0861183 -1.187 70
18.7189 8.98439 70
-1.42349 -0.432952 70
-8.55058 0.335238 70
10.9613 -0.826902 70
18.8084 -20.0603 70
-0.166344 -31.0943 70
0.778504 -0.348694 70
1.427 -9.99152 70
0.162153 -0.572622 70
-10.0131 -39.9311 70
0.389506 -0.230034 70
9.31741 -0.621563 70
-10.4787 -9.56849 70
-1.38907 0.0676237 70
-8.64433 -0.502481 70
-11.282 10.0539 70
1.12967 1.05894 70
-11.0304 -10.3613 70
-0.972308 0.744251 70
-11.4662 -11.0728 70
1.1945 -9.29226 70
0.63581 1.06363 70
-0.329676 10.9462 70
-1.29749 -0.294164 70
-0.407611 -8.5179 70
19.3809 41.1872 70
0.94488 -1.04556 70
11.3136 9.09138 70
-0.241837 -28.5265 70
-9.56882 -0.971588 70
-1.23125 -1.05799 70
-0.284362 -0.567943 70
0.182326 0.19513 70
1.08326 -0.555171 70
-0.42087 -11.1342 70
1.11864 -8.93263 70
60.2926 -48.945 70
-10.0698 -10.3168 70
-11.2681 -0.555027 70
-0.574103 -1.27108 70
-0.0689871 1.39487 70
-9.91516 -9.49334 70
1.17155 -10.5725 70
-1.26518 -9.16258 70
1.3887 -9.4228 70
-11.4933 0.825688 70
-1.03938 0.842771 70
1.34401 -0.178709 70
-1.34723 -1.42787 70
0.39487 -0.689493 70
-0.550301 0.983984 70
10.8743 8.96719 70
0.513814 -9.51849 70
-0.0957106 -0.0274825 70
-11.0888 -8.55487 70
-11.2868 -9.57118 70
0.0443843 -8.90483 70
-8.63127 -0.351454 70
0.567201 -0.216819 70
-9.106 31.0772 70
-0.0780279 0.926089 70
1.41317 -21.3907 70
-9.71775 -0.883709 70
-1.22586 0.08227 70
0.650837 -10.2306 70
0.0722549 -0.0541566 70
-1.34778 -10.3325 70
41.4701 40.7619 70
-0.154853 10.6255 70
-0.0667102 9.71331 70
20.548 -11.3231 70
20.8471 -10.1317 70
0.926536 -10.3821 70
8.52217 -1.2504 70
0.744745 0.117086 70
0.639916 0.813459 70
0.579883 -1.23496 70
-8.87937 1.13848 70
-8.5964 -0.305578 70
-0.822061 -0.521609 70
-10.4355 9.49514 70
-0.836823 0.306776 70
-21.4353 -41.4851 70
-19.8376 -41.2302 70
20.9157 -70.5385 70
39.4299 -1.07875 70
38.5849 0.0962894 70
-8.95506 10.8139 70
-9.26424 0.43342 70
0.657602 10.4539 70
1.25641 11.3393 70
8.58503 19.1171 70
0.623236 -0.745872 70
-1.35628 0.382365 70
1.36236 1.31682 70
-19.08 -30.2485 70
28.6579 38.9915 70
0.202344 -10.2638 70
-1.06577 -1.49582 70
-11.4942 -10.8735 70
1.4928 1.34282 70
-10.5966 -8.87963 70
1.44005 -0.203788 70
18.5897 -0.4162 70
9.56786 -30.3294 70
-0.978561 -9.77523 70
10.2399 -0.632089 70
0.194269 0.118736 70
-0.993114 -9.75627 70
11.0612 -20.6837 70
8.92229 -8.9606 70
-8.93557 11.0963 70
-0.604658 -20.181 70
9.4665 31.1713 70
-10.6723 0.787161 70
-19.2343 -0.179601 70
0.693428 -28.6577 70
10.6057 11.007 70
-0.321392 0.965882 70
0.499668 1.45017 70
0.13835 -0.581092 70
20.432 -9.99011 70
-1.19811 -20.7047 70
-0.552092 0.739579 70
-0.110055 -11.0314 70
0.169757 -1.21212 70
0.516132 -0.57174 70
59.483 30.518 70
0.937806 -9.22289 70
-10.3291 10.0517 70
-1.00711 0.709338 70
-0.337359 0.0586902 70
0.934571 0.0213999 70
-8.63636 0.339221 70
0.722734 0.902201 70
-0.266402 0.456984 70
-29.1911 21.374 70
-1.34757 -0.37621 70
1.25021 -0.110093 70
-10.9477 40.3973 70
9.84312 9.19338 70
0.810333 -0.357961 70
-0.505671 1.00654 70
-11.4772 1.34251 70
19.0569 -11.2864 70
11.3027 -9.38693 70
-30.5198 11.0233 70
-8.51721 9.0396 70
1.14228 -1.41032 70
-9.25197 -9.42662 70
-10.3757 -8.71284 70
10.6842 -28.6279 70
0.135008 1.14241 70
1.04838 0.19088 70
-10.8665 10.3864 70
29.5037 10.9594 70
1.49894 0.92124 70
-1.25448 0.187402 70
-0.684149 10.0776 70
-19.5461 -9.4122 70
0.624876 -21.2322 70
18.8242 -8.88194 70
0.85723 -1.3712 70
-11.1913 -0.843252 70
-0.847375 1.34024 70
-11.2136 -20.4624 70
-0.479719 -28.6408 70
-0.757533 0.604228 70
-1.42485 8.74047 70
0.808605 -0.930856 70
-21.1759 0.19212 70
0.957295 -8.56204 70
30.0081 29.7592 70
10.2928 10.0763 70
9.06773 -41.0897 70
-0.823396 -0.903026 70
-9.07242 -9.14997 70
20.0696 -9.89479 70
-11.3764 8.78379 70
-19.8987 -10.4374 70
-20.6755 -10.3925 70
-1.26714 0.369965 70
-9.68444 -9.15286 70
-1.35081 1.45097 70
50.2445 -59.9173 70
-30.3516 -10.3226 70
1.08344 -9.83025 70
-9.37426 0.345369 70
9.53942 0.585092 70
-9.01328 -8.6232 70
1.45098 0.269256 70
-20.801 31.0034 70
-9.74451 10.6018 70
-0.969117 -9.31231 70
-0.557354 -0.922389 70
-0.78581 -10.9501 70
-10.0678 -0.357094 70
-19.809 58.5708 70
-49.0419 -79.5612 70
1.35318 8.57707 70
-1.10635 1.37849 70
-0.101556 0.248582 70
8.75325 18.8266 70
9.08046 19.9405 70
-9.75141 9.47133 70
-11.0181 0.257142 70
-0.63456 0.175846 70
8.85948 -28.8975 70
-0.101287 1.2236 70
-10.9766 8.68838 70
59.2626 -60.9002 70
-59.9431 21.4558 70
9.02294 11.3734 70
-0.99766 -0.402538 70
-30.1749 -18.5676 70
-1.35338 0.190414 70
-10.5581 -9.9014 70
-9.03573 -29.1549 70
-0.27987 -0.506756 70
1.37719 -20.8551 70
-1.06487 0.00210891 70
-11.219 -10.9481 70
11.4018 -9.48445 70
-88.8976 -21.3464 70
0.468629 10.1126 70
-1.42594 -20.0152 70
-9.06055 10.824 70
-9.0411 9.21521 70
1.1489 -1.09773 70
0.802593 1.05444 70
-0.48517 -19.4123 70
-0.432149 -8.62399 70
-0.910079 -9.44448 70
-0.64295 -19.7255 70
-49.3658 -0.173715 70
11.043 -0.892141 70
-9.0672 28.8646 70
0.00523181 0.924262 70
10.3119 -0.92946 70
0.100598 -20.3928 70
-29.4691 11.2911 70
9.13668 -9.103 70
-19.2392 -21.1193 70
-0.889997 0.913465 70
21.4109 1.11198 70
-20.8537 21.0093 70
-0.931694 -0.736361 70
-0.858105 1.0443 70
1.15056 -0.551142 70
-59.0028 -21.4776 70
0.40915 1.41905 70
18.7765 0.211145 70
9.31557 0.906019 70
29.1717 -29.7973 70
0.0814557 1.39995 70
-0.51622 0.408116 70
-10.301 -10.2247 70
11.4426 1.48818 70
0.815415 -0.0939049 70
0.822886 8.90328 70
0.416031 -0.803804 70
-9.49742 1.1936 70
1.35283 -9.89248 70
0.217723 -1.06797 70
1.19449 0.554862 70
0.193282 -10.6191 70
0.924266 -9.60242 70
-9.40327 -9.5633 70
-10.6809 20.3628 70
1.40525 0.616896 70
1.24979 -1.32853 70
-0.312344 1.4808 70
0.762785 -0.00977296 70
11.0924 -20.3586 70
-9.76301 -10.6764 70
-0.14696 0.725535 70
-19.5371 -18.634 70
69.3117 68.5938 70
-21.1873 -0.611157 70
-1.16475 0.161055 70
1.12051 1.37946 70
-0.284313 1.14791 70
1.49671 -9.60979 70
0.713053 -8.50124 70
1.23562 0.897719 70
1.17344 -1.02975 70
-1.09288 0.177931 70
-0.522761 9.39152 70
-0.999265 9.2034 70
-0.399627 10.3809 70
0.638506 21.1321 70
-9.49601 -1.35518 70
1.48332 0.904811 70
8.95829 0.975285 70
-0.592106 -9.35574 70
1.18166 -8.8632 70
8.96233 1.16859 70
-10.8391 1.25111 70
-8.5006 -0.409358 70
-8.94731 -31.2606 70
-20.401 -1.42732 70
-18.7058 -89.8142 70
-21.3667 -91.3406 70
-8.55771 9.67676 70
11.2176 0.782856 70
8.94562 -11.0523 70
-0.222887 -8.62375 70
-11.2336 -1.31419 70
-10.039 -11.1401 70
11.0721 1.27379 70
29.9923 19.5766 70
-9.03164 -0.633051 70
-1.43426 -18.9241 70
-41.0458 10.1148 70
11.3772 -70.3177 70
0.674923 -8.68054 70
-8.63473 8.81694 70
-0.50317 1.06891 70
-0.421431 0.326578 70
-1.19038 -9.06007 70
50.1245 -11.0589 70
-8.65074 -1.33015 70
-8.86848 9.16975 70
0.410836 11.1105 70
-1.13772 -1.23727 70
-1.39282 0.324694 70
-10.2369 -30.2721 70
0.0785661 0.808524 70
-1.16498 -11.3374 70
-1.16841 -11.4925 70
80.4487 -109.277 70
29.697 -8.93624 70
9.27297 1.2254 70
49.1361 -10.7172 70
19.6969 10.4871 70
-21.3198 9.70065 70
-58.6113 41.3558 70
-0.142915 -0.236505 70
-9.4827 0.853934 70
-39.7093 -0.161248 70
11.3267 11.4051 70
-0.701365 1.21538 70
0.809864 9.6005 70
-10.9777 -38.8994 70
-9.22476 0.391913 70
-10.5027 -0.627201 70
-1.02007 -11.4047 70
0.412745 0.278997 70
-0.531496 -9.62581 70
-60.1614 41.1273 70
-0.622874 0.0816323 70
0.48558 -1.25302 70
-1.01058 -0.197664 70
-39.5973 1.05783 70
1.07715 1.47741 70
-1.3494 -0.478801 70
1.3804 18.7853 70
-20.8497 -10.5423 70
-9.67035 -8.77524 70
0.705774 0.271428 70
10.6977 -9.19776 70
1.07672 -21.4975 70
-10.3167 11.3394 70
19.4036 20.3992 70
0.714358 -10.0909 70
-9.75794 -30.3444 70
-31.1288 28.9829 70
0.555668 -0.0572344 70
-10.7894 -1.21047 70
11.3745 10.4433 70
-1.4141 -1.46304 70
-1.01499 10.0239 70
0.167284 -10.9219 70
10.9299 8.74479 70
-0.798364 -30.0294 70
1.44076 -28.5396 70
0.0861389 -0.723485 70
-0.0277513 -9.23566 70
-1.31803 -0.413387 70
-0.503374 0.424863 70
-9.32568 10.6841 70
-11.0189 -11.2234 70
-0.590388 0.55658 70
10.8667 9.66382 70
1.34191 0.552587 70
11.3248 0.483865 70
-0.146199 -1.12226 70
-10.8039 -1.00507 70
-9.0192 -28.5501 70
0.695258 20.4733 70
-20.3166 -28.6986 70
1.16836 0.892736 70
-0.373456 1.39006 70
21.2958 -29.5331 70
0.123962 10.3855 70
-0.719467 20.8074 70
10.2359 -10.1938 70
-9.23164 0.738216 70
11.2796 -19.4937 70
-50.8474 -28.7799 70
-21.1462 -19.8969 70
1.36785 -1.27761 70
0.134964 -9.28422 70
9.85318 -59.4105 70
11.3388 -59.6956 70
-9.19654 -1.247 70
-8.88285 0.572376 70
-9.70966 -0.578869 70
-0.278392 -19.1554 70
-20.2273 19.9361 70
-8.80337 -19.049 70
-11.4656 1.24988 70
0.896357 0.299538 70
0.633035 0.159885 70
-0.482815 0.262094 70
-0.230213 10.5902 70
-0.601707 0.967283 70
1.12743 -0.958393 70
10.8706 -0.797001 70
8.73726 -9.77774 70
0.807391 0.405085 70
10.0273 9.46766 70
1.24411 -10.3719 70
-8.91568 -19.8254 70
0.637814 -0.771215 70
-30.4175 58.6764 70
21.1864 -0.906259 70
-9.56946 1.29349 70
-0.838972 -1.43051 70
0.412871 -1.11826 70
-11.4193 1.30457 70
-49.7685 -9.45774 70
-11.1113 0.00830718 70
1.2319 -0.541997 70
9.19348 -9.18027 70
0.518213 -9.11887 70
-0.585674 1.4725 70
-1.33343 -40.697 70
0.0532512 -10.1659 70
-10.3535 -10.3224 70
1.47845 9.88304 70
0.187192 1.26644 70
19.6385 0.215699 70
0.116316 0.576926 70
-1.34696 -20.1993 70
1.13797 -20.1573 70
-11.0127 19.8864 70
8.68253 -60.1928 70
-8.68393 -8.7431 70
1.43428 9.78358 70
0.863709 9.61308 70
-9.00074 21.122 70
1.11941 -0.661753 70
0.333311 1.00914 70
19.2096 -1.02666 70
-9.28904 0.744409 70
29.2007 -0.280605 70
-1.44607 0.86173 70
-9.21838 -1.06271 70
-9.17322 0.392776 70
0.356638 -1.10176 70
-19.4415 20.4133 70
-1.0166 -9.80053 70
-18.6499 9.16238 70
0.295679 -0.553491 70
-0.892656 0.63698 70
-1.07399 -9.87109 70
-0.710712 -0.613796 70
68.8535 10.4367 70
10.7195 18.9126 70
-19.7151 -29.9858 70
-1.37509 -10.2724 70
-20.1212 19.6578 70
-0.120373 0.569819 70
-29.5234 29.3589 70
-10.3111 -9.39165 70
0.261416 -0.174888 70
-30.5843 -10.3913 70
0.55091 -0.684176 70
-9.48799 -8.59989 70
-8.88888 -0.324498 70
-11.0233 -21.2996 70
-41.0116 -1.48345 70
-0.512314 0.00720456 70
-9.53531 -9.05092 70
-118.535 20.8922 70
0.553721 -10.5351 70
1.00672 28.6948 70
-0.581868 0.0374041 70
10.7113 0.874003 70
68.6966 -1.19507 70
0.873075 -0.0470235 70
-19.9176 -11.3328 70
9.17578 18.9721 70
1.23506 0.749215 70
-0.00207778 -0.575438 70
-0.926385 0.845892 70
-10.7153 -0.841852 70
-10.4012 1.32069 70
-9.8921 -18.8544 70
-10.5526 -20.4739 70
0.508742 -10.4139 70
-0.752417 0.957347 70
1.00717 -1.23834 70
-50.9372 -20.5458 70
18.852 -1.33397 70
-0.263395 10.3686 70
-1.49928 -0.0363844 70
-9.38694 29.2022 70
0.33095 9.65305 70
-10.549 1.1643 70
-0.264527 -10.6505 70
-11.1011 -10.1421 70
1.22624 -9.96289 70
11.079 -19.6898 70
-10.3404 -0.950484 70
-8.77847 0.51244 70
-0.222595 0.346178 70
-11.3684 -29.7815 70
0.6064 30.5849 70
9.69211 -31.4582 70
-1.2175 -8.97826 70
-1.19803 0.853838 70
-20.9684 29.5673 70
-10.0176 -0.822592 70
-10.612 -11.0175 70
-1.11647 -19.5551 70
-0.98942 1.04461 70
-1.02581 0.948014 70
-9.62752 -0.737291 70
0.381315 1.15915 70
20.1908 1.13241 70
-0.181382 0.564125 70
-31.0037 8.52129 70
-0.462958 -9.93148 70
-0.541493 1.39539 70
-18.5757 -21.4769 70
-20.0836 -19.3563 70
9.21575 -1.26083 70
0.519848 -1.45035 70
-0.992711 -0.873453 70
-8.55342 11.1563 70
1.4976 8.71096 70
9.08639 -8.54658 70
-9.84242 -18.8497 70
0.646117 0.362656 70
1.49603 1.2943 70
-1.26478 1.12272 70
-9.3241 -1.41657 70
10.185 1.03508 70
49.3209 -0.634579 70
-10.4494 0.801504 70
1.04229 -0.665005 70
40.8879 20.7187 70
9.29603 10.5477 70
-19.9937 1.38124 70
0.991601 -0.315321 70
1.4121 1.09372 70
-39.7242 0.0315278 70
-1.39529 -1.34033 70
-9.62429 -19.3696 70
1.30867 0.36967 70
-1.32649 -0.711604 70
-8.78239 -0.893275 70
-8.82413 -0.15845 70
-11.044 -0.602433 70
9.55734 10.3233 70
20.4583 -11.2953 70
0.315703 -1.0174 70
29.4916 -30.6796 70
1.4375 -19.7904 70
9.59699 0.599008 70
11.3998 1.11529 70
-0.147278 -29.927 70
-1.17622 -0.268273 70
1.40667 29.9783 70
0.855002 0.393911 70
-9.54276 -0.314511 70
-9.08998 0.149691 70
-0.107317 -0.329941 70
9.82372 9.57235 70
-1.21817 -0.258134 70
-11.4247 -10.4357 70
-10.1011 0.748478 70
8.70436 1.23616 70
0.608653 -0.853888 70
-119.344 -81.3561 70
-120.752 -78.7699 70
1.41007 -9.78809 70
-20.7817 -19.0141 70
-0.703108 -0.168873 70
-9.26894 1.04741 70
-10.2517 10.0123 70
9.668 -29.7073 70
39.2507 20.6759 70
0.978754 0.944718 70
0.0869932 1.02164 70
-0.811622 -19.2299 70
-0.492225 20.2172 70
-10.0705 -10.1278 70
-10.6472 -10.9894 70
-50.7488 -61.4171 70
0.145375 -0.557257 70
10.4008 11.211 70
-10.6495 1.41472 70
30.1518 68.9504 70
1.09224 0.312385 70
0.348613 31.0529 70
-70.1132 -20.8329 70
1.44965 0.80427 70
-0.435975 0.337123 70
0.253696 0.505592 70
0.362062 -0.0441582 70
0.859815 0.836987 70
-0.263047 1.44054 70
0.802833 1.10385 70
-1.06689 40.269 70
1.05114 0.805518 70
-10.1627 9.56353 70
-0.547406 -0.609696 70
-1.35844 1.05081 70
-40.9187 -19.4666 70
10.9466 38.9751 70
-8.5486 1.44026 70
11.3997 -10.48 70
0.0191399 0.373485 70
10.0924 -9.08421 70
-0.454532 11.3303 70
0.475652 8.8942 70
-0.329369 0.386665 70
-8.68573 1.14067 70
0.248501 1.09861 70
10.7367 -29.0894 70
-9.8946 0.476043 70
-0.628996 20.393 70
-1.17724 -0.882972 70
18.8248 -11.2295 70
-0.408136 10.9921 70
-1.14041 1.27172 70
-19.5265 18.914 70
-11.4425 -0.203276 70
8.54001 0.977559 70
-0.365636 0.943917 70
-0.247007 -9.90887 70
0.487301 -9.04965 70
0.9097 -10.3553 70
-0.849336 0.842107 70
0.625686 -0.307201 70
1.2811 -10.1386 70
9.33229 -1.46576 70
1.09278 8.81979 70
0.591023 -20.6332 70
-10.4943 1.0291 70
-1.33226 -10.5282 70
-10.8732 -1.25983 70
-1.16165 -0.663453 70
1.32865 1.06363 70
-0.392456 -18.9299 70
-29.8822 28.5253 70
-29.6379 21.2246 70
0.0129065 -10.0439 70
8.85134 48.5781 70
-0.454468 8.59284 70
-11.0989 -11.2877 70
-78.6216 -0.0405636 70
28.5102 19.3892 70
-0.437744 -8.9338 70
-0.509665 -0.360247 70
-0.624829 -10.1948 70
-20.8262 9.85332 70
-10.4609 19.3434 70
-19.9746 -31.4703 70
0.782562 -1.47412 70
0.817069 -9.37951 70
-11.0852 58.821 70
-10.8905 11.0063 70
0.446919 8.77277 70
-49.4105 28.917 70
-1.00569 -31.3159 70
-11.2257 -10.2069 70
-11.3502 -10.3425 70
-51.3308 -31.3316 70
-10.5236 -18.7449 70
0.689661 -19.576 70
-1.36497 0.269023 70
-0.926782 -0.801819 70
31.2028 20.3436 70
-1.34032 -21.409 70
20.9983 -59.4028 70
20.3807 30.6751 70
0.176614 0.259518 70
0.0878614 -0.503843 70
40.1815 10.1926 70
-21.3316 -1.29637 70
-11.097 -9.52472 70
1.41409 -0.766902 70
-0.87107 -0.137812 70
29.0315 -1.37335 70
-0.333779 -0.522813 70
-8.97854 -19.8917 70
-9.43787 -11.0588 70
