8.91587 -1.09513 70
-40.6016 -10.6734 70
-40.0163 -9.23257 70
49.2733 70.5085 70
70.4286 -98.7203 70
69.7772 -99.1444 70
-1.25228 0.542799 70
-0.884232 0.511001 70
10.5798 0.25231 70
-39.3002 10.9821 70
-0.098405 -0.484257 70
9.31903 0.0288873 70
30.1916 -18.8778 70
19.4683 -9.979 70
-1.18408 -9.44594 70
-11.2394 0.655265 70
1.48955 -0.384462 70
10.352 -0.0368424 70
-18.5885 10.8852 70
-0.914517 8.8135 70
0.589918 0.781376 70
-0.376186 0.144232 70
1.02526 -1.3535 70
1.44151 -1.13218 70
-10.7919 -1.14367 70
-10.7184 -1.20477 70
0.920411 -60.7684 70
11.143 10.7306 70
11.3397 0.294135 70
0.261843 -9.18148 70
-0.64093 -11.1526 70
0.00114769 -8.60286 70
0.52123 1.28868 70
31.2522 18.8293 70
21.1886 1.32878 70
0.564954 10.4958 70
69.9475 60.6423 70
20.1699 -0.59365 70
-18.5459 -11.3901 70
-19.8598 -11.4845 70
-0.390859 -0.620673 70
0.262276 0.286861 70
-9.33217 -10.3977 70
-1.16502 -0.882361 70
1.2649 1.3169 70
0.385301 -10.332 70
-1.00483 0.848623 70
0.818161 -0.751303 70
-10.9326 -8.98201 70
-1.24158 -9.05238 70
-9.52425 0.716341 70
-0.960051 -10.8914 70
0.971775 -0.826351 70
11.1346 0.513842 70
-18.7938 28.8422 70
1.45564 18.9225 70
-1.1099 -11.1598 70
-8.58346 0.799365 70
0.56345 -10.425 70
10.1061 -10.9415 70
-1.39535 -0.185416 70
-0.393339 -0.44759 70
38.6179 -10.9333 70
-1.02572 -0.140056 70
1.23371 -0.719199 70
30.6207 79.923 70
0.748409 0.916026 70
1.43359 0.0497723 70
-0.847254 0.0561691 70
-50.4254 -0.913794 70
11.1627 0.114507 70
10.5386 20.1911 70
-49.3212 20.5289 70
1.34871 0.0664689 70
0.0560275 1.38985 70
18.5971 20.7339 70
-1.14438 1.14106 70
-10.189 -10.5747 70
-0.325753 0.740691 70
-19.0728 19.8072 70
-0.548021 -9.60378 70
-0.00161512 -10.2413 70
10.5417 28.7096 70
-0.277462 -0.0038875 70
-8.67973 -10.9239 70
-0.758934 0.088925 70
-9.46451 -0.66842 70
-11.1917 -28.5655 70
-10.3952 -10.6489 70
10.7035 -68.8611 70
9.53069 -69.1129 70
-29.7881 10.1416 70
41.1752 -59.9053 70
0.988479 -30.2718 70
1.32972 0.538388 70
0.484312 -10.4158 70
-1.37666 -1.30872 70
-10.4027 0.397158 70
-9.00553 -10.565 70
-61.0692 59.0891 70
-39.228 0.908307 70
9.01328 -20.1496 70
28.5903 21.2511 70
0.609167 -21.3757 70
30.4449 0.37495 70
-8.89892 1.18615 70
11.4063 0.000103218 70
0.0768375 -11.0251 70
-1.37043 -0.00781459 70
-0.0810957 0.0680129 70
0.594886 -0.0951633 70
-1.26035 1.47408 70
0.987617 0.218075 70
-0.502993 0.994285 70
1.41002 -11.3048 70
10.6313 1.0077 70
0.134397 -18.8263 70
-29.5862 110.943 70
-11.4694 -21.2 70
1.05977 -0.842264 70
-1.19555 10.6774 70
20.5945 -41.3712 70
0.933243 -0.794419 70
20.3767 20.9383 70
-30.2052 20.4244 70
0.755638 1.44276 70
1.44129 -0.538548 70
-10.5228 -10.4506 70
40.8412 -40.2554 70
-0.477306 -0.591093 70
0.557611 -1.35529 70
-0.461903 -0.676394 70
-8.62415 -20.759 70
-8.78427 10.0803 70
0.561789 -10.6178 70
-9.62111 0.795721 70
-9.84616 -9.01187 70
0.372779 -0.730927 70
0.250545 19.9723 70
-10.3428 0.44177 70
-1.36352 -0.316202 70
0.754024 0.963298 70
0.859854 20.3325 70
-1.09379 1.34319 70
-9.07693 -0.310306 70
30.6295 0.585675 70
0.287914 -0.807541 70
11.2829 -0.142608 70
11.2881 8.86911 70
-28.821 19.4968 70
21.0282 1.45442 70
-9.68721 -0.681689 70
0.028967 0.546003 70
-19.2145 -0.432032 70
-9.43283 -10.9687 70
8.86214 -10.7669 70
-8.61844 -0.181102 70
-8.69511 11.4667 70
-9.35086 0.759692 70
-0.960011 11.2219 70
39.0389 28.5491 70
0.602481 0.737702 70
-1.00231 10.69 70
11.1212 0.415032 70
-10.8334 0.176941 70
9.90505 -0.107324 70
1.43607 9.41912 70
1.35693 -0.864803 70
-11.1763 -10.389 70
41.2247 -18.7309 70
1.14233 0.150518 70
-9.879 1.14593 70
1.38159 0.791691 70
1.2698 -9.77527 70
19.5345 9.42617 70
8.88888 0.943866 70
8.71843 0.898059 70
-10.9576 0.388579 70
9.74462 -0.917727 70
0.213069 10.2384 70
-19.2063 18.9362 70
-9.41103 11.3443 70
1.27863 -0.624726 70
20.2608 -10.5533 70
30.472 29.6601 70
-0.966103 -11.1628 70
-0.352118 -9.64554 70
0.744757 -9.13333 70
-1.39678 -19.5906 70
-9.46993 28.7011 70
-9.85952 10.869 70
-8.77521 0.482839 70
8.99825 -29.0044 70
10.2555 0.678181 70
11.3442 -0.139433 70
10.373 -10.3388 70
-9.79783 28.5433 70
0.813441 -10.3218 70
8.92443 -1.00359 70
1.05995 0.385492 70
-0.152654 0.7313 70
-30.8743 1.1887 70
9.32374 -0.655838 70
-19.3974 -60.7879 70
-19.7302 -59.4572 70
20.9126 -0.844571 70
10.1568 -11.1329 70
-0.651585 -1.3844 70
0.116193 -0.284026 70
0.213404 -9.90229 70
-0.924111 -9.58631 70
-8.67249 -8.90695 70
0.943539 0.385315 70
1.10843 -10.643 70
-9.13127 -0.929888 70
-1.09675 28.7101 70
-20.1006 1.18583 70
-40.8218 -68.8294 70
0.833483 -0.0739031 70
21.2413 -10.938 70
1.38715 10.8004 70
0.578448 9.37604 70
0.433429 0.705589 70
-20.1147 0.378962 70
1.12975 0.730084 70
-19.2486 -1.19872 70
-9.97133 11.0607 70
-9.71886 -11.3623 70
29.7455 -11.2488 70
-10.0881 -1.44335 70
0.511186 0.123546 70
-20.1648 -10.536 70
-0.529288 1.39225 70
-1.04772 -11.1873 70
-0.747708 9.84124 70
-0.0605398 -8.95968 70
-1.12876 1.26762 70
0.280875 -1.10425 70
0.16018 -0.979398 70
-9.35318 -0.292071 70
-9.3439 1.47881 70
-8.98745 -0.653945 70
1.08256 0.723194 70
1.40123 -0.899664 70
-1.40934 0.793989 70
-19.4946 -28.9604 70
0.443777 -0.197442 70
9.9179 -10.4003 70
-0.306502 -8.5661 70
-11.4503 9.24593 70
-0.433134 0.833821 70
-0.204431 -0.0728568 70
-0.0314438 -0.0172839 70
-0.153881 -0.594576 70
-38.9745 -39.465 70
-9.05938 0.0456411 70
-0.762994 1.01126 70
-11.0574 -18.9688 70
-0.953234 0.742518 70
10.9547 -0.0747647 70
-0.870038 -1.01526 70
1.42161 0.564804 70
-0.274086 1.19381 70
-0.914002 -0.843341 70
-10.1638 -19.1155 70
9.68074 1.14405 70
-0.523327 -1.07264 70
1.19401 -0.209843 70
50.8963 30.3262 70
1.17801 1.18349 70
0.177119 11.4322 70
1.335 -1.25953 70
8.77734 18.9059 70
40.587 1.01089 70
1.14631 0.335232 70
1.17125 0.277541 70
10.1076 -0.501269 70
10.4593 -19.3888 70
0.820961 -30.909 70
-10.0165 -0.591825 70
-0.654486 18.9145 70
-19.9536 -20.2431 70
-1.06443 -0.60532 70
40.6003 -21.1244 70
0.386951 -0.294058 70
8.58324 0.826269 70
1.13726 1.49037 70
1.34443 -0.607363 70
-1.12335 -0.468126 70
11.4135 -10.4067 70
-1.29788 -0.764932 70
-19.6876 -8.701 70
20.2319 -9.85465 70
0.904938 1.43438 70
0.470085 0.716997 70
-9.16671 -20.9067 70
-0.0162332 1.48656 70
0.883651 1.39914 70
-0.542466 1.35292 70
-19.0755 -18.628 70
19.5309 -11.4745 70
-11.2135 0.864044 70
1.3996 -31.0482 70
-0.77752 -28.6319 70
9.65458 0.451157 70
8.62728 -8.52054 70
-11.1501 -0.912255 70
0.831274 -1.45769 70
-1.1126 -1.20577 70
0.299657 -0.139353 70
9.21955 19.9665 70
-9.01443 -9.28623 70
-1.25057 -9.49218 70
-40.7773 -110.797 70
1.32342 1.46812 70
8.84969 0.363774 70
1.37684 -0.732618 70
1.15604 -0.641696 70
30.7357 -19.9058 70
19.2816 0.141202 70
1.26249 0.109968 70
-10.4602 9.75609 70
0.664829 0.675033 70
0.784989 0.882236 70
-8.51986 -19.2737 70
-0.444886 1.28642 70
-0.229478 -0.446777 70
8.9946 8.72466 70
-70.9932 -40.5787 70
-1.08524 11.4589 70
9.92448 0.926899 70
9.69658 -0.355036 70
-1.20667 -1.09922 70
0.971262 0.517411 70
0.636864 0.501044 70
-0.623502 0.0222226 70
10.167 -9.46511 70
-1.19676 -9.13424 70
-18.747 -0.610453 70
0.0723015 1.23351 70
38.5641 -48.918 70
-10.2663 -19.683 70
-19.5837 9.549 70
-0.602642 0.0658348 70
0.058891 -0.310656 70
-0.424802 10.6853 70
-19.1065 -10.7227 70
-21.36 0.58315 70
-8.51873 -0.55166 70
1.30877 -0.109109 70
1.37463 -0.15919 70
-0.82551 -0.404912 70
-0.849039 1.40728 70
10.9076 0.999434 70
-8.54145 10.9844 70
-1.2338 -1.36112 70
-60.0836 9.43985 70
-10.3294 0.0343107 70
38.6989 11.0547 70
40.8892 8.6397 70
8.9453 11.3465 70
0.847756 0.0488531 70
-9.84857 8.98042 70
-9.04164 9.08419 70
-1.35632 11.1103 70
-39.3928 50.7554 70
10.0809 0.303153 70
1.28214 10.7625 70
11.4932 0.116995 70
-10.0928 -0.450378 70
-29.6557 28.8248 70
39.9688 -19.6897 70
19.4822 21.2875 70
-11.2386 11.2313 70
-1.20558 -0.233943 70
-48.8306 -30.0873 70
0.257227 0.0478385 70
1.16272 9.70641 70
20.1183 10.592 70
18.5151 -0.148231 70
1.34105 0.313919 70
-1.34794 -51.2007 70
-10.6351 10.4434 70
-0.522641 -0.930643 70
-0.75159 -9.11181 70
-1.08713 -0.873383 70
-0.194984 -1.30523 70
0.516194 -10.7625 70
0.1128 -9.54825 70
8.70837 -0.0254756 70
-0.49878 -8.72505 70
-19.9939 0.0678213 70
-0.871906 -0.888995 70
10.459 9.34731 70
0.758983 -0.079681 70
-30.7969 -40.8102 70
-11.4013 8.90857 70
-0.580372 0.839919 70
0.586689 -20.2608 70
-10.2803 -9.96389 70
-10.5751 -11.1974 70
-9.94063 11.0489 70
1.35428 -0.328212 70
1.14209 0.373083 70
-0.400239 -0.0300811 70
40.3308 -8.99701 70
-21.1976 10.0586 70
-0.0266826 1.25469 70
-10.978 -10.6845 70
-11.1169 -9.37306 70
-0.945448 -1.20111 70
-20.2251 0.705789 70
-19.5324 -30.8626 70
9.6008 -1.18682 70
10.1223 0.182522 70
8.56844 9.68136 70
8.99982 11.4561 70
20.3672 -20.8011 70
-10.4219 -0.86901 70
-8.6025 1.41439 70
-10.0225 -0.530557 70
-48.7291 -20.4611 70
11.3743 11.0093 70
-0.568127 -0.984368 70
0.238041 1.42313 70
0.862495 0.721035 70
-1.18161 1.07415 70
-0.0925095 0.764596 70
1.05761 -10.8685 70
-1.47209 -18.6938 70
-0.718797 1.20062 70
1.05701 0.0612115 70
1.0565 0.130686 70
0.909716 -1.31084 70
-40.9489 -19.182 70
-9.67395 -20.4357 70
-20.9245 11.0574 70
-19.2365 11.277 70
1.06587 1.11212 70
-0.195459 -11.2715 70
1.08488 -8.52255 70
10.7287 -11.2489 70
-10.4334 10.4684 70
-0.102433 -1.13856 70
1.2262 -1.31222 70
-1.38275 -0.203686 70
-9.37401 -0.635491 70
-1.41102 9.67319 70
-10.3974 8.99069 70
-10.8595 9.44616 70
-8.59443 -8.77573 70
0.0803707 -0.576692 70
-0.602734 0.69102 70
19.3556 -31.4266 70
9.27114 -30.2112 70
-0.761837 -10.0274 70
1.2828 -10.3467 70
-29.1532 0.508167 70
8.54945 -49.8643 70
10.2616 21.1912 70
9.32614 0.488315 70
-0.646193 20.5999 70
-49.6546 60.9293 70
1.14827 -1.25517 70
-9.81641 -1.3366 70
10.4843 9.80079 70
-0.160987 -0.903822 70
20.867 1.39867 70
10.0657 -18.5243 70
8.98994 -20.0794 70
-0.782663 0.558287 70
8.7302 0.758639 70
0.35513 -9.64512 70
0.147081 1.10208 70
-0.657103 1.21529 70
-10.5953 0.998626 70
-0.358683 -1.31111 70
-0.670091 0.913276 70
-9.63447 0.548119 70
19.0525 0.901788 70
-1.3313 9.05762 70
1.48287 50.1341 70
10.6153 -10.8235 70
-0.355545 0.443682 70
-20.9974 -8.8738 70
-1.09999 -8.78608 70
0.53434 -1.40737 70
9.96339 19.028 70
1.14668 0.705176 70
-0.485598 -1.44586 70
-8.91849 -0.8501 70
0.204278 0.873287 70
-10.4332 1.40374 70
-0.299027 0.270647 70
-19.2379 -9.2759 70
21.457 29.4 70
8.5879 -8.56119 70
10.1531 -9.13243 70
1.12326 -0.277217 70
0.229981 1.15796 70
-0.335245 -0.68769 70
9.75621 0.823434 70
-9.32154 -8.87956 70
1.39819 -108.609 70
19.1035 0.519434 70
1.10671 1.27362 70
0.326868 -0.206297 70
20.5289 -0.0422378 70
-1.47646 28.7669 70
-0.259492 29.1501 70
0.403451 0.780612 70
8.81272 10.2741 70
-1.40005 0.406108 70
10.2884 -20.5025 70
1.06648 -9.71598 70
8.75325 -9.43457 70
0.0898258 0.777517 70
1.25868 10.6183 70
1.1975 -0.120016 70
-10.8589 0.353683 70
0.0185976 -0.0543918 70
0.402349 0.59916 70
-1.04307 1.10953 70
0.942083 1.0987 70
-0.937831 -0.223021 70
-30.6246 20.8512 70
-10.6591 -9.6701 70
0.850229 -0.158802 70
0.762458 8.9705 70
-71.2195 8.73736 70
-0.0759238 -1.0807 70
9.90754 10.3061 70
-1.07205 -8.86219 70
0.422799 -9.09661 70
-0.889397 -11.1933 70
-0.189392 -9.90405 70
-1.37409 -1.23227 70
-9.71905 -0.0622665 70
0.282126 -10.3694 70
9.74413 -0.55371 70
-9.22914 1.2145 70
-1.2736 0.0568257 70
-30.1076 30.204 70
0.602507 19.6762 70
-0.953898 -20.9384 70
0.860874 -0.09676 70
-51.0274 -50.2929 70
-0.893059 61.4006 70
-21.2984 8.78889 70
9.21359 -9.26919 70
10.7564 -10.8671 70
1.0979 -0.656132 70
0.768677 -0.750121 70
1.15214 -0.30847 70
10.3816 -28.7914 70
-8.7496 19.7783 70
0.977824 -0.846889 70
-39.902 70.0916 70
-1.3246 -1.32607 70
60.8105 21.2286 70
-1.2845 -0.00732254 70
0.138096 0.931464 70
0.571727 1.26195 70
-1.32194 -9.84921 70
1.10323 -0.980733 70
0.0618865 -0.61954 70
-0.188517 0.177342 70
-0.772867 -0.457778 70
-0.197684 -0.695508 70
-0.518206 -0.00752448 70
19.0951 19.3934 70
1.06429 -0.819958 70
-0.0118098 -9.91961 70
20.7392 -19.653 70
-0.880912 11.4562 70
31.2888 18.7585 70
-19.7004 8.59812 70
-0.497601 1.19584 70
68.8347 20.1372 70
9.03716 1.07497 70
0.191839 -1.12713 70
1.09053 -0.3204 70
-1.32387 0.719502 70
10.5268 -19.537 70
0.195302 29.7477 70
1.08099 -11.3774 70
-0.964302 -0.628145 70
59.8726 20.6736 70
-10.2549 8.57386 70
1.12261 0.55893 70
-0.968957 -0.0697097 70
-8.67756 -19.0382 70
-0.555292 -0.799906 70
11.3203 10.2661 70
9.41571 10.9346 70
0.491726 -0.883271 70
9.74325 -10.1747 70
8.94173 -9.11817 70
-0.838282 -0.418936 70
-1.28861 -0.756784 70
10.9791 -9.74118 70
0.539423 1.29549 70
0.556751 -0.541751 70
0.747711 -1.40052 70
-9.95615 8.83852 70
8.53107 10.5863 70
-1.14238 20.473 70
20.1331 10.3624 70
1.02534 -0.92064 70
-0.364837 -8.93826 70
-99.4024 -59.9535 70
-0.53565 20.3969 70
-19.4845 -8.96094 70
1.04682 -9.34823 70
20.3477 -9.35513 70
0.83505 -0.05593 70
19.4702 29.8333 70
-10.2992 0.0365527 70
0.785445 1.20131 70
8.89855 -31.4057 70
10.7742 1.31611 70
49.3824 -10.3873 70
11.4461 -11.247 70
-9.08137 -1.20376 70
31.4341 21.3236 70
-1.13517 0.601665 70
-50.8784 18.8145 70
1.01674 -0.792727 70
38.5607 -121.287 70
-1.3764 -0.575507 70
1.17877 -30.0741 70
19.9661 -28.5336 70
9.40137 -20.8996 70
-18.5105 -110.735 70
1.05044 0.0334515 70
9.61289 -9.7732 70
10.2347 -11.2523 70
9.7118 -0.148209 70
1.40931 0.139358 70
-0.820656 0.106669 70
0.627632 -10.0831 70
-0.457553 0.410603 70
61.0431 9.75903 70
-28.5225 20.9241 70
0.980718 -0.287579 70
11.2397 -59.8333 70
-9.05428 10.8242 70
-10.9018 -10.337 70
11.1485 -0.514284 70
-0.966522 0.991723 70
-0.0311985 -1.49763 70
-0.742418 -0.785341 70
0.600247 -1.20025 70
10.7502 1.39768 70
-10.4228 21.4103 70
0.72099 -1.44413 70
20.32 1.38163 70
10.022 -11.3308 70
30.2563 8.67282 70
8.69007 -0.399259 70
1.21876 0.950188 70
-0.936676 -10.3626 70
-0.964865 -9.22417 70
8.67362 -11.028 70
0.358558 -0.201251 70
1.33614 1.14986 70
-8.53673 -9.26345 70
-8.71957 0.692081 70
0.344254 109.986 70
-1.18264 9.15508 70
-0.42404 9.74978 70
-51.1004 -21.3242 70
1.06295 -0.411762 70
0.215169 -0.226178 70
0.584968 -0.86259 70
19.7308 -20.8358 70
-0.4335 0.983717 70
0.828056 0.710562 70
-11.0765 -0.581779 70
-1.44034 11.0701 70
-1.07217 -0.787452 70
-8.70488 -10.6153 70
10.7414 -19.5004 70
-0.997119 1.36056 70
-9.82943 0.51384 70
-9.50339 -1.35247 70
10.0639 -0.297823 70
-9.14319 -9.76678 70
-0.510567 1.23147 70
-1.39077 0.631815 70
1.24212 1.33603 70
-9.61264 0.999848 70
-81.4055 -29.1688 70
-9.98136 1.07439 70
0.927147 10.2408 70
-20.8355 -9.33816 70
0.544269 0.817365 70
-8.61043 0.748892 70
-11.191 9.39217 70
-8.94951 9.23574 70
9.05732 10.0705 70
10.0017 10.2331 70
0.169554 -0.00762452 70
-9.01528 -9.63518 70
-29.4798 40.7627 70
-1.32456 8.65692 70
11.0495 -8.93847 70
10.0373 -9.21892 70
0.45011 -1.29192 70
-1.09769 -0.231299 70
49.0465 30.8767 70
0.850693 79.9749 70
-0.887356 0.00950959 70
0.367227 1.46523 70
20.5697 -10.3548 70
-0.553536 0.676086 70
-9.76962 -10.4982 70
-0.51228 1.47143 70
-1.01054 0.11265 70
0.00195787 -0.274906 70
0.796079 -1.25063 70
-29.6937 -41.2144 70
-0.816117 -10.717 70
-0.988436 -9.07427 70
-1.29194 -8.69962 70
10.475 20.6922 70
0.969393 0.230189 70
-1.23729 -0.600551 70
-0.89262 0.112998 70
-9.57405 0.802717 70
1.26236 -9.85713 70
-11.2839 -9.75435 70
11.1177 19.3323 70
-0.194983 1.33088 70
0.928851 0.173164 70
29.2329 -8.90456 70
-0.662025 0.571219 70
-1.12923 0.594908 70
-0.186165 -0.560768 70
-21.2262 -0.457371 70
-50.6532 -58.501 70
0.464789 -1.01839 70
28.5143 -18.9999 70
-9.66025 -20.8107 70
1.13912 0.745072 70
-10.1489 9.22405 70
-9.15441 1.07626 70
-0.166099 8.61432 70
11.4111 0.507476 70
-9.49688 0.059749 70
-1.1525 0.286809 70
-10.277 -19.5904 70
-10.8229 -8.76956 70
0.656739 -0.483112 70
0.678623 -1.06081 70
-9.65006 0.0997643 70
-21.4909 -30.0399 70
0.619991 0.639542 70
-29.3844 20.5926 70
-29.3728 20.6722 70
-1.43647 -11.1354 70
-9.88198 -10.9304 70
-19.5766 -9.62993 70
-11.3865 10.2669 70
-60.9748 68.5738 70
-0.603434 -0.0869967 70
-0.103884 -0.992849 70
-50.0153 -51.2283 70
-1.35573 50.5238 70
9.62521 0.917443 70
-8.74695 -9.20979 70
-8.55453 -9.24366 70
28.9463 -40.6383 70
-8.65878 0.125138 70
0.817584 -0.304399 70
-0.0387611 -0.409041 70
-21.3913 -1.48317 70
-20.3766 -1.35405 70
-1.18242 18.6844 70
20.4182 -10.67 70
-1.07155 0.224132 70
-11.3698 -10.5887 70
-30.7438 41.2682 70
-0.66924 0.867705 70
-0.825548 0.142296 70
-1.37792 0.124596 70
-1.47323 -1.0723 70
-11.0453 9.50012 70
1.01659 -0.440447 70
-0.028001 1.17568 70
0.455959 -1.06694 70
1.3186 -0.203435 70
-20.7219 0.756291 70
-20.751 0.235304 70
20.6765 0.0401739 70
20.0587 -8.56372 70
31.303 -40.0025 70
10.8721 -8.92199 70
10.7514 10.9178 70
8.70602 -11.1571 70
1.01559 0.395321 70
-10.2827 -10.5256 70
-0.185861 -8.52348 70
-1.2463 1.22048 70
-0.314012 -1.3149 70
-11.0611 -19.2308 70
-11.3924 -10.0714 70
-19.1264 -0.374896 70
-10.7014 -9.44045 70
11.2302 11.1461 70
9.97879 10.877 70
-1.20308 -19.4589 70
1.24624 -8.79006 70
-1.08802 -0.583647 70
-0.972954 -0.416243 70
1.00981 -8.80821 70
10.0033 -9.43674 70
0.944599 -8.55272 70
-10.575 -9.88594 70
-11.1131 -10.1226 70
11.4471 -0.922024 70
-20.2911 -9.34117 70
-0.101807 -0.463982 70
-0.776479 30.5589 70
8.65583 -18.6661 70
20.033 -11.3583 70
-0.856552 0.343721 70
28.9721 -50.0405 70
-0.410298 -11.2061 70
0.595452 -0.916318 70
9.86472 0.78872 70
1.02308 -0.854209 70
10.5442 10.2109 70
11.4577 11.3708 70
-10.871 10.9251 70
-0.399531 0.945821 70
-9.07603 -19.9319 70
