9.83985 1.45184 70
101.03 58.8623 70
-10.6914 8.73785 70
-1.14591 -1.07606 70
10.887 -0.00169597 70
-10.2387 19.1645 70
11.0625 10.8406 70
21.3512 -1.22709 70
9.43133 -0.223379 70
-1.22265 -0.757867 70
78.5326 -38.9985 70
-1.01499 0.583789 70
31.3034 -59.188 70
-10.3859 -1.4632 70
0.230917 -9.57055 70
-0.371902 10.2228 70
-11.3343 -28.9402 70
40.3504 9.72357 70
10.9691 29.3243 70
11.0253 9.51859 70
9.99924 9.27802 70
11.0486 18.9565 70
-1.43407 -1.14932 70
0.050855 0.727838 70
61.2952 -59.2732 70
1.00016 9.75175 70
-0.796014 -1.0557 70
-0.70548 10.6141 70
-120.4 -31.3536 70
10.2185 -0.166561 70
-1.08062 0.0437204 70
-29.3802 -0.940044 70
-0.369823 1.09575 70
19.4422 10.0936 70
9.89893 0.152059 70
9.98462 10.5434 70
0.666334 -1.08051 70
-19.2232 21.1906 70
-0.107499 39.9708 70
8.88331 1.07285 70
-1.31796 0.561373 70
10.0752 10.2735 70
1.00609 11.2483 70
8.56844 -0.150255 70
-8.90408 29.9676 70
-0.492613 9.18506 70
-9.89969 -9.48168 70
-10.0648 -0.485355 70
0.657154 0.319982 70
0.710225 -0.495383 70
8.83167 1.2428 70
1.33933 -0.147837 70
9.75797 -9.4516 70
0.802145 9.1188 70
-0.14813 -0.258331 70
20.6116 -0.317664 70
-11.4467 -9.56567 70
20.4104 -21.3463 70
9.70619 11.1555 70
-0.59979 -0.2796 70
9.59325 -0.277667 70
38.6241 30.3548 70
-1.0229 0.733888 70
58.5401 -58.9631 70
78.7828 20.7312 70
10.4703 1.00043 70
10.3639 1.3241 70
-0.626764 9.47819 70
61.1926 9.31449 70
58.6021 9.98317 70
-11.0206 1.41388 70
30.3629 -8.74542 70
-1.09048 9.57384 70
10.5016 -0.515476 70
0.263848 -0.203084 70
-0.556683 0.755533 70
8.91587 10.7691 70
8.68623 11.1457 70
19.9391 28.5779 70
-120.595 50.7113 70
8.65708 10.8588 70
-49.5485 10.1556 70
20.4941 -0.249265 70
18.8123 0.518512 70
-10.3898 1.0575 70
19.0315 -9.12816 70
-11.4527 -81.1188 70
9.84542 -9.40018 70
10.0124 0.629106 70
0.636573 -0.648357 70
0.565236 10.9733 70
30.6172 -19.4863 70
1.32675 0.773901 70
8.63875 -8.70971 70
31.2219 -30.0461 70
9.45253 -9.67265 70
0.59766 0.438616 70
18.5267 -11.313 70
-0.618011 -1.47422 70
1.16283 -1.36781 70
9.30462 11.1886 70
0.0108698 -9.71179 70
9.66515 -0.544005 70
0.0681967 -9.67556 70
39.6661 8.52414 70
0.949018 -0.859759 70
11.2049 0.625509 70
-20.098 19.4168 70
28.8908 39.046 70
30.2137 38.8275 70
121.429 119.145 70
0.563821 -40.3051 70
10.8483 -8.92928 70
10.8543 -39.4877 70
1.43164 -10.379 70
10.7127 -0.39071 70
9.32259 -0.0580953 70
28.6628 61.3764 70
20.4 8.70113 70
8.63651 -1.15492 70
0.701282 1.00383 70
-10.752 -19.1017 70
0.301519 0.471903 70
0.0159093 0.346568 70
19.877 10.9284 70
-9.94325 10.7338 70
11.1043 0.645731 70
9.65128 -0.798133 70
79.6588 -50.4427 70
11.0273 -0.156408 70
30.2199 -59.1995 70
-1.39741 -11.2829 70
-0.786903 1.44068 70
-1.10723 -0.00482756 70
1.24679 -9.87335 70
-1.36503 0.433034 70
-10.9112 0.379923 70
10.6582 -1.33931 70
8.83071 1.04749 70
0.13164 -19.5854 70
8.92761 -29.8767 70
30.3307 0.75864 70
9.12652 41.0392 70
9.97608 19.0568 70
0.0390105 -11.4071 70
-0.477683 20.9527 70
11.3358 19.9003 70
11.1693 0.478122 70
21.445 8.92812 70
0.421508 0.390338 70
-8.95534 -0.52268 70
-0.485849 -9.32637 70
9.9889 -11.3178 70
1.03994 10.8755 70
10.1532 -0.887593 70
11.4403 -0.289424 70
0.664453 0.3497 70
-0.301485 0.540253 70
1.43783 -0.865322 70
-0.272881 0.0835205 70
9.63597 0.720414 70
19.1888 -9.58638 70
0.63565 10.6682 70
9.87733 1.40562 70
1.043 -0.534109 70
20.0571 8.72113 70
-20.6878 18.9192 70
-41.1624 29.0712 70
-99.5242 59.9466 70
1.46939 -0.602962 70
-0.139326 0.0885483 70
-0.297892 1.25468 70
0.529576 -1.14394 70
-10.9217 -10.3121 70
21.2281 -10.8024 70
9.19807 -1.08341 70
10.523 -1.44433 70
-18.5001 -10.0544 70
-0.180805 0.111207 70
-0.607093 11.2452 70
0.771437 19.4672 70
10.2301 8.64734 70
8.96426 -20.3644 70
10.4088 -19.1408 70
0.812771 0.828709 70
-11.1649 -20.971 70
21.4842 8.86323 70
80.0407 51.1972 70
11.147 0.758363 70
9.74207 0.0867576 70
18.9973 -21.0716 70
10.9597 -11.4655 70
9.52764 -20.7578 70
-9.39542 -1.00623 70
0.352884 -11.2147 70
11.4588 29.4721 70
-1.03874 -0.182589 70
10.4957 0.653806 70
50.013 20.752 70
11.2999 0.32168 70
-0.417283 20.7425 70
0.431409 -9.90875 70
-1.47386 10.1889 70
-0.191142 -11.4218 70
-0.0249306 0.341289 70
1.06374 21.1648 70
-0.566411 -0.681756 70
50.09 9.41655 70
10.0767 0.381064 70
20.0399 10.6626 70
0.245923 0.224673 70
0.39851 -1.2066 70
-0.239264 -10.1227 70
-1.21462 -40.4596 70
-0.952651 -40.971 70
8.55749 -0.179492 70
30.4287 -0.596198 70
30.0589 -0.406373 70
-8.51199 -38.5541 70
-0.249285 10.7254 70
9.03796 -0.725262 70
-8.82165 10.0125 70
-0.951996 -1.42874 70
1.37231 0.132296 70
0.891911 0.465028 70
18.8365 1.25951 70
100.382 19.0474 70
-1.48068 39.7202 70
11.0248 0.291176 70
-0.935939 -8.79118 70
-8.8236 9.10412 70
-0.780774 -10.565 70
11.2031 1.16535 70
-1.08231 8.8593 70
8.75721 0.0283786 70
-0.318795 -0.195554 70
-0.593815 -0.262162 70
10.1051 -19.7599 70
0.772797 1.29316 70
1.39181 -31.1014 70
-49.6449 30.8344 70
19.4309 -20.2124 70
-21.1518 9.28037 70
58.8243 39.0346 70
1.06185 -1.49368 70
-9.82979 9.19339 70
10.2508 9.98105 70
-68.8737 30.2373 70
1.47512 0.253002 70
8.54124 1.14981 70
-50.531 -60.0862 70
-0.345408 28.7904 70
20.9271 29.6237 70
-0.341403 -0.762502 70
0.913901 -10.6121 70
0.791967 -1.15653 70
1.241 -10.8808 70
8.67921 0.374351 70
-40.0042 20.311 70
0.486781 -0.515758 70
11.3762 0.792892 70
20.6802 0.782906 70
-10.5328 9.42369 70
-0.98617 -8.54557 70
-1.26186 0.0587895 70
10.0787 -10.8114 70
-1.4118 0.421335 70
-50.7342 59.7568 70
-0.923453 -10.2972 70
-9.34827 -21.0804 70
18.9566 -21.4829 70
8.64445 -11.3032 70
8.5565 -21.2454 70
-21.3891 -1.06489 70
19.2273 -1.09477 70
29.9788 -10.679 70
9.824 0.206764 70
11.3928 -1.2421 70
9.04095 21.1606 70
-0.581619 0.609228 70
-0.805097 -0.364813 70
-1.17177 1.25853 70
0.507721 0.37437 70
-0.556976 0.107895 70
-21.3058 -1.0237 70
50.1995 -20.0109 70
-1.01852 -0.416983 70
-90.8204 -29.8927 70
90.0177 -8.72243 70
9.91007 0.0731481 70
-0.867438 21.3497 70
-0.474117 0.666078 70
-0.621697 -11.2449 70
21.0859 1.32307 70
19.5976 10.0884 70
10.4383 -0.594363 70
-1.14512 0.778954 70
-9.85563 18.8466 70
-8.97882 18.9081 70
-20.8234 1.39012 70
9.38733 10.1367 70
10.2128 9.63362 70
-0.414125 1.45403 70
1.41134 -0.10891 70
0.194245 -0.0261738 70
18.819 -18.9547 70
9.5295 0.15504 70
-0.0478472 0.4987 70
0.733447 10.0162 70
29.4615 -18.9236 70
10.9997 11.3535 70
11.3511 -0.876938 70
30.2851 -10.8727 70
10.3904 0.0692602 70
0.910896 0.611809 70
0.896956 8.71246 70
10.3778 18.7949 70
1.22246 11.0739 70
-0.531956 -30.6419 70
0.798582 9.33263 70
-51.2272 39.6315 70
-51.4991 41.354 70
8.95883 -0.73084 70
18.6908 -11.1138 70
-1.46883 -9.68703 70
0.704348 -10.6755 70
10.3524 -1.36047 70
9.32378 20.8319 70
8.78334 0.739252 70
0.566785 0.256881 70
-8.57492 10.1065 70
1.25465 11.0567 70
-11.3219 9.24369 70
-1.35217 -8.7668 70
9.89327 9.61225 70
11.4469 10.5952 70
-1.4297 0.348977 70
8.88799 -0.285029 70
1.30192 9.2564 70
0.319998 0.74866 70
-9.81976 1.18584 70
-0.107172 58.5199 70
0.566295 -9.566 70
10.5428 1.14123 70
11.2799 0.907544 70
-10.5973 -10.026 70
11.4495 9.51375 70
-0.460904 -0.820474 70
11.2013 -0.279014 70
38.5129 39.1833 70
11.3776 20.7184 70
9.51597 -0.245215 70
9.63398 11.4397 70
10.8587 -0.46429 70
1.42174 0.259556 70
9.68079 9.93318 70
11.2313 9.49848 70
-49.8583 21.2554 70
21.2775 -19.6404 70
0.215871 -0.537394 70
18.9672 -1.31105 70
20.9016 11.3346 70
-10.9659 -10.0313 70
-1.35359 -0.0770649 70
0.35623 -10.8892 70
31.0254 31.2294 70
-0.855677 -0.837179 70
-0.392909 19.6125 70
-0.528713 -0.805504 70
20.4851 10.2129 70
-8.84743 19.5228 70
-29.1203 58.528 70
-19.9592 10.4371 70
0.0621657 21.3194 70
0.252674 10.0209 70
18.6704 0.442244 70
-20.2778 -10.3274 70
10.235 1.05456 70
8.90243 -0.260238 70
9.04715 0.971794 70
11.4527 9.50777 70
1.3173 20.1721 70
40.7687 -110.427 70
60.6448 89.8338 70
0.39057 -28.8301 70
-0.416431 -1.30345 70
0.310274 1.24217 70
-1.43893 -0.978979 70
-0.817643 -0.649592 70
0.143252 11.4194 70
0.811578 -0.790611 70
10.6154 0.425715 70
-0.828013 -8.96465 70
-71.3341 -39.073 70
0.533029 -0.181951 70
-0.0133075 9.83667 70
11.0278 -8.78942 70
49.895 1.02744 70
8.75913 0.238106 70
11.2058 -1.26924 70
1.28447 -29.7094 70
-1.29138 0.259662 70
-1.0631 1.14194 70
9.32725 -1.16705 70
10.4491 0.340136 70
8.78553 -0.133026 70
-0.815172 0.505023 70
20.0807 -1.19353 70
10.0274 -20.9897 70
9.14511 -20.6991 70
9.29031 10.8205 70
8.91761 9.28454 70
-10.6315 8.56283 70
0.570446 0.190811 70
9.11602 -0.316347 70
8.61376 -1.18284 70
-29.3823 -51.062 70
-8.59923 0.644616 70
9.95613 9.44895 70
8.54571 10.0886 70
9.53745 0.404795 70
21.4701 -11.2778 70
0.845936 -1.20029 70
9.00672 0.120215 70
0.558601 1.28848 70
9.86063 -0.7833 70
11.1754 9.80148 70
-10.892 9.18198 70
10.7303 0.559538 70
9.30324 8.68837 70
0.245311 0.61826 70
29.2414 11.4365 70
1.14282 0.939187 70
9.33918 0.88304 70
9.62648 1.06279 70
18.9887 9.93737 70
31.4442 19.2624 70
60.076 31.4928 70
9.51425 -0.610358 70
19.563 -50.8577 70
0.551458 -1.39827 70
30.1395 1.23673 70
10.5151 -30.5056 70
19.2718 -10.6734 70
-20.1585 -9.47937 70
-0.760636 -10.9004 70
18.8147 -9.88019 70
10.5881 18.7729 70
-0.319138 -9.66996 70
-9.02171 19.0877 70
9.10978 -1.0294 70
10.5075 -0.351427 70
-48.8878 -8.60369 70
20.0787 -9.7441 70
-60.7925 39.0361 70
10.0764 -0.143182 70
20.8723 8.53467 70
1.3878 -9.64222 70
8.59482 -1.17897 70
9.37148 8.75236 70
19.3215 -39.1958 70
8.60682 0.54895 70
28.7542 9.13521 70
-40.8422 -48.9882 70
38.8743 -1.40857 70
-39.0731 -1.13363 70
-0.180223 10.2556 70
-0.174076 1.35285 70
-0.871243 1.13548 70
8.91256 0.906111 70
9.2396 -1.23581 70
21.4744 0.257311 70
0.94234 0.890243 70
-0.257501 41.1574 70
-0.794275 0.223504 70
29.6058 18.6401 70
11.0451 10.8103 70
10.1949 1.00194 70
9.77991 -0.703103 70
0.987279 8.5615 70
-0.660418 9.93711 70
10.7298 -1.12466 70
9.93921 -1.26977 70
-0.323862 -1.10691 70
11.0817 11.4766 70
20.7106 19.629 70
-10.5515 -11.2533 70
-0.894674 0.0731857 70
10.3436 -8.56166 70
9.76098 10.1375 70
9.79369 0.00473205 70
-11.1646 19.8198 70
-31.0045 0.404396 70
-0.484246 0.733063 70
0.46245 -0.945223 70
8.82317 -8.60561 70
10.9287 1.30127 70
30.118 -0.312444 70
1.15893 1.35035 70
21.4586 51.3851 70
-18.744 -10.3427 70
-1.01857 -0.689652 70
-1.21685 -8.5351 70
9.98102 -21.3998 70
9.18518 19.8951 70
-0.271289 -0.535337 70
0.988957 -0.799353 70
1.48215 -1.1468 70
10.004 -19.9401 70
-11.1218 1.06609 70
-0.505973 18.5218 70
10.0642 8.71835 70
-9.27475 0.20295 70
-0.723746 -10.9572 70
0.684127 -1.30044 70
0.50515 -0.597387 70
8.77405 19.7749 70
29.014 9.23767 70
20.6505 -0.383878 70
-1.15569 -0.559436 70
-0.76497 0.0514064 70
10.8374 -0.160552 70
0.492167 0.15636 70
0.907099 0.712648 70
-10.7789 11.0452 70
8.67774 0.144549 70
0.0654837 1.00301 70
10.1478 8.99802 70
28.5091 -20.4427 70
-98.6835 -51.4841 70
-19.1282 1.20344 70
-0.497655 -0.538524 70
-11.2978 29.549 70
0.203882 10.2868 70
10.3994 -0.381051 70
11.1836 11.495 70
-10.6047 -10.1589 70
-9.66653 8.53697 70
9.40949 -10.686 70
29.2697 -9.34082 70
29.3768 -9.35611 70
9.52201 1.11615 70
-8.76404 -0.206368 70
-19.5156 -48.5171 70
-0.0468781 -1.28428 70
11.2688 -0.315039 70
-0.0421023 -0.041707 70
9.33153 0.199833 70
8.64164 -0.462129 70
11.2761 -0.466153 70
29.5195 18.9224 70
19.1309 10.874 70
-0.611698 -9.6045 70
-90.5812 -8.58109 70
-10.2122 -0.480201 70
20.1254 -9.05484 70
-40.7395 -110.698 70
8.65977 -0.959237 70
1.04117 -1.40195 70
31.4126 -79.4459 70
30.6114 -79.7684 70
1.48533 -8.96891 70
0.447352 8.74993 70
-1.17666 -0.139291 70
-1.31189 0.796216 70
19.1889 9.49926 70
20.7176 11.4976 70
-1.24185 -0.462416 70
-1.31141 -1.26363 70
9.54338 -9.47486 70
-0.0409766 -1.30919 70
40.0553 -9.29075 70
-0.650243 -11.0107 70
10.6715 20.8576 70
0.553769 0.625412 70
9.78841 11.4574 70
-0.0126888 10.8353 70
0.537344 1.4715 70
19.6638 -21.2392 70
19.3175 -20.7506 70
19.7924 -8.903 70
21.4599 -8.79174 70
1.41727 -10.5626 70
28.7844 18.8347 70
-18.8793 -9.6292 70
20.5726 40.7779 70
20.4293 0.640087 70
-0.573574 0.625874 70
9.37316 0.16019 70
21.4153 -10.5756 70
9.52485 -31.4258 70
8.63374 0.68069 70
40.598 -1.48253 70
0.487133 1.09684 70
0.499749 -20.6614 70
9.62421 1.00133 70
10.0294 0.210499 70
11.4989 -1.29271 70
10.3083 -0.666399 70
-0.749866 -0.8169 70
9.76596 9.52428 70
8.68639 10.8595 70
1.18169 0.112789 70
0.258673 -11.0436 70
-9.21164 -0.0646617 70
19.8109 -0.224207 70
0.8124 -0.767617 70
-0.876982 0.732682 70
9.8919 19.9707 70
20.523 -9.10079 70
9.37877 -9.99474 70
11.2726 -1.00985 70
-0.0577026 -10.7461 70
10.6389 1.26224 70
-1.06034 0.348454 70
9.63452 -1.31747 70
-40.7336 20.5003 70
10.142 9.83862 70
-30.4769 51.1899 70
-20.3351 -1.28689 70
10.5195 -0.609786 70
-8.75507 8.62504 70
70.7038 10.194 70
-8.70467 8.61848 70
11.2565 -10.732 70
10.9805 -1.25774 70
0.613143 -19.0819 70
60.2555 0.970088 70
9.85608 0.332032 70
-0.747501 -1.15835 70
0.848282 0.177153 70
-0.344653 79.8895 70
10.062 10.1302 70
10.7783 10.1502 70
-29.3875 80.4102 70
0.14326 0.931163 70
-70.5718 40.6273 70
1.00202 -0.386827 70
19.9065 -9.11906 70
-8.76888 20.3597 70
10.8432 -0.0708303 70
-0.478096 -1.45265 70
-39.8438 50.882 70
-10.7466 0.0109856 70
0.452114 -1.07445 70
-8.98624 -19.6128 70
0.656333 9.2819 70
10.5595 -1.10977 70
-0.785054 0.741416 70
9.54175 79.5372 70
11.3602 78.8076 70
-9.50923 -10.7153 70
20.4658 -1.32036 70
9.50808 -10.2065 70
-11.2127 0.156521 70
8.63811 -8.71837 70
0.195784 -10.7773 70
8.58779 39.4093 70
20.4955 -11.4757 70
10.528 10.8687 70
-20.0461 9.37317 70
0.812177 19.3278 70
1.40508 0.347381 70
-8.9861 -9.11569 70
0.535971 0.146639 70
-9.38055 -10.5294 70
0.218196 -10.6606 70
0.657718 11.3936 70
8.81155 -0.360701 70
9.21536 0.18578 70
-0.739661 -0.0440663 70
-0.857902 -9.497 70
18.6302 -9.73126 70
-20.3987 19.3062 70
9.28676 18.5529 70
10.9729 20.6865 70
-11.3999 -9.99728 70
10.7171 -1.13174 70
9.63355 -1.1208 70
30.4597 110.137 70
11.0467 20.4545 70
41.0904 -10.6207 70
0.819278 -20.4049 70
9.46587 -1.35364 70
0.900994 0.302439 70
-9.46606 31.2123 70
0.258016 10.8652 70
-9.74841 19.255 70
-10.6856 18.9728 70
0.936686 0.302788 70
9.77452 -0.15166 70
0.505224 0.635001 70
-0.354193 -0.241468 70
8.54167 -0.343038 70
-29.4991 8.59468 70
10.2837 10.9912 70
19.1078 -10.0058 70
8.9328 -19.8467 70
10.7534 0.104883 70
9.85931 -1.4254 70
9.22977 -0.492276 70
11.3612 -1.15068 70
10.5783 1.46058 70
8.85222 0.426291 70
9.48805 0.980526 70
-9.94049 -1.49631 70
-11.0658 -0.848428 70
19.2156 -40.1001 70
-8.89022 -1.29173 70
-10.7672 -0.851772 70
11.2314 9.18751 70
-0.599584 0.771542 70
0.279662 -0.576561 70
8.70616 1.05218 70
30.0138 -10.7376 70
-0.979285 -0.346372 70
-50.4938 -10.5588 70
-1.1961 -21.2085 70
9.17052 -8.85972 70
-0.261434 -0.81225 70
19.9969 -1.42305 70
18.5681 9.52155 70
0.142474 -10.0228 70
-0.567803 11.1905 70
-21.1209 -0.168733 70
-19.9826 -9.96168 70
-0.888832 -8.58556 70
-9.38886 -31.0898 70
19.8316 -11.2727 70
0.0348996 -8.66949 70
-1.14313 10.9893 70
0.478623 -9.95034 70
-0.371223 -10.3518 70
20.5466 11.0438 70
0.495484 0.910889 70
9.6264 1.28143 70
0.730884 0.738419 70
0.360945 0.26198 70
21.0702 9.08899 70
-49.285 40.6242 70
