1.11611 1.23595 70
10.3989 -20.1465 70
9.68215 -18.9725 70
-61.2785 30.7314 70
20.8192 9.87692 70
21.0375 31.4003 70
-49.2252 20.1102 70
-0.847333 -9.24788 70
30.9463 -38.5107 70
-0.765883 -20.4194 70
29.8749 -50.934 70
-0.160882 9.41384 70
-10.5546 50.1409 70
10.6253 -30.6934 70
-10.0995 19.794 70
20.4985 -11.136 70
-10.4575 1.25818 70
9.9991 -0.523742 70
0.0126951 -11.054 70
0.43658 1.41101 70
-11.01 0.569509 70
-8.53606 0.309228 70
-9.6322 -0.389715 70
-8.56382 0.183011 70
-9.26248 -0.769347 70
1.31271 -0.915466 70
0.86964 0.653591 70
30.8235 8.72308 70
-9.06542 -0.138175 70
-0.800704 -10.4675 70
0.325699 -0.159705 70
-10.6613 38.7167 70
-0.796308 -11.1015 70
-11.1544 18.7425 70
-10.2252 19.5106 70
-10.837 -0.0353043 70
-0.0442691 -8.76073 70
-11.2051 0.827992 70
-0.763384 -0.550693 70
-8.6009 -1.12065 70
-1.01558 -0.289737 70
1.47985 10.3011 70
-8.68848 -8.91337 70
9.50625 -10.3154 70
-0.70704 1.16908 70
0.77224 -19.5602 70
-11.2606 -10.5584 70
-9.33095 0.244086 70
-20.343 29.5774 70
-10.5937 31.1397 70
-8.67335 11.3183 70
-0.683564 -9.91978 70
-0.484013 -0.61691 70
-31.1748 -18.9827 70
-19.5403 20.0771 70
8.6839 1.4941 70
0.541934 -0.00659098 70
1.18372 0.495667 70
-11.4533 1.28704 70
10.0803 -0.724279 70
1.10843 -11.3635 70
1.33361 -8.50037 70
-61.3973 59.9311 70
-0.301853 1.18779 70
9.80088 0.925203 70
11.3801 -21.2388 70
-29.9635 10.9011 70
-9.46277 -0.413766 70
-20.4844 0.754463 70
-10.9499 -1.06855 70
-0.780896 20.3262 70
-40.8644 -1.30911 70
-11.4142 0.941987 70
10.9154 -10.0979 70
20.4493 -28.8639 70
-8.9491 -31.0888 70
1.43634 -0.0490556 70
0.447941 0.797192 70
19.3458 -1.29794 70
-9.72777 -0.888705 70
-10.1076 -0.613247 70
-9.2417 -0.277919 70
-9.93926 -21.2709 70
-11.037 -9.74464 70
-11.4774 -0.102539 70
-9.11761 -9.65482 70
0.416672 -1.08078 70
0.706397 -11.2221 70
-8.77929 1.23258 70
0.352276 -0.12576 70
-0.86924 0.601518 70
-30.041 0.392311 70
-1.26605 -0.281289 70
-11.2576 0.46302 70
0.662297 -0.98581 70
-9.04969 -10.2723 70
11.1144 9.29147 70
21.1735 -18.5649 70
-0.368752 -8.89628 70
0.699977 -0.426126 70
0.550443 -8.5248 70
-10.2222 -0.308983 70
-11.1027 29.9083 70
28.5172 -31.1406 70
-1.0505 0.0249677 70
18.5128 0.822762 70
-9.48032 0.918355 70
-8.65968 -9.32931 70
0.226737 -10.9781 70
-9.54713 -9.90843 70
-0.723262 -9.35044 70
0.342376 -10.2638 70
0.909743 -31.0734 70
-8.84436 1.23434 70
0.0639506 0.734768 70
-10.8214 1.34575 70
-39.2979 19.3544 70
-0.721265 8.52862 70
1.40047 -1.01409 70
9.22753 0.925463 70
10.2226 19.1095 70
-9.71633 -0.296806 70
-0.377705 1.09555 70
-0.9746 -1.34166 70
18.8191 1.0027 70
1.26206 -10.839 70
10.5324 20.9067 70
-0.286394 0.859338 70
0.686713 -9.32349 70
-71.3453 -40.7855 70
11.4728 -20.1011 70
1.30006 -0.00531295 70
0.549522 1.09591 70
1.43568 0.365254 70
-0.0821337 -1.49924 70
11.0707 -8.561 70
-61.4121 38.8391 70
11.2076 0.00776051 70
-11.1155 1.39652 70
-30.3924 0.498114 70
11.4449 19.4414 70
9.35359 19.5966 70
9.52658 -21.0375 70
-30.4896 40.8991 70
-9.61613 -0.841799 70
-1.27969 1.4718 70
8.68111 21.0247 70
11.2125 21.2085 70
-0.904743 -18.9361 70
1.06858 -1.12174 70
-0.027119 0.00648207 70
-20.5397 9.87565 70
-10.1802 -20.8654 70
-8.72513 -0.311203 70
-1.1823 -0.388111 70
-0.80523 -0.772844 70
-10.296 -11.061 70
-11.0862 -9.72077 70
-49.3555 49.8711 70
0.850418 0.75884 70
-11.3141 -0.473392 70
-9.10198 11.0796 70
1.17522 -11.4043 70
-11.2308 11.3196 70
0.0911874 -0.530822 70
9.69734 -0.389545 70
-10.074 -11.4199 70
-10.8877 1.47404 70
-8.97248 -1.33703 70
-10.6404 0.513284 70
-9.39836 -0.935082 70
-11.0871 -10.3887 70
21.0763 -9.31024 70
1.24816 -0.708759 70
-39.2558 49.828 70
-0.99779 -1.34876 70
-8.65212 -1.01277 70
-31.1425 40.7609 70
-9.90877 0.298624 70
-11.1927 -11.4869 70
-10.7421 -9.51305 70
-10.7432 -10.3871 70
-8.59393 0.616018 70
1.39686 11.1866 70
-0.343315 -0.231135 70
-0.494229 9.09639 70
-0.855016 0.965818 70
0.0594381 -0.759205 70
-10.0369 -1.36201 70
20.3608 10.1335 70
-8.88627 1.22009 70
29.9089 -8.53076 70
29.5638 -11.3518 70
-9.04895 -11.4582 70
-39.3404 -28.9243 70
-10.9987 -11.4397 70
1.16657 -0.838999 70
-11.1439 -18.5728 70
0.187826 -0.372951 70
-0.920118 1.40403 70
-0.22233 1.46427 70
0.485066 -9.09803 70
10.7004 -0.318605 70
-9.80641 9.47505 70
-10.7683 -0.205642 70
1.03635 -9.78222 70
0.44154 -10.9418 70
31.4116 98.6849 70
0.0717883 -11.1389 70
-9.07076 11.423 70
-30.3301 -10.5452 70
18.5678 48.8042 70
-0.699327 -1.42531 70
0.658446 9.35131 70
-70.2776 -20.5592 70
1.12509 -19.8289 70
-8.92455 -0.320646 70
29.5787 -39.9027 70
1.499 -10.7262 70
-19.1034 0.912135 70
88.9721 -70.5101 70
-78.6945 39.8991 70
-9.24319 -9.62118 70
-8.86688 11.4643 70
10.9954 -1.36398 70
-9.53893 -0.349436 70
-9.3928 -10.9493 70
-0.754652 -60.5108 70
-0.436176 0.960556 70
-0.585216 11.378 70
-1.17305 -1.40337 70
-11.165 -0.0707024 70
40.4388 40.4773 70
0.246871 0.983566 70
-20.4644 -0.21982 70
-11.0513 -0.653868 70
-20.0906 -1.00796 70
19.3559 -9.57433 70
1.00121 -0.241555 70
-10.293 -1.31894 70
1.33613 1.34013 70
0.601199 0.918547 70
-8.98379 10.4762 70
-11.2246 10.4864 70
-10.3791 -9.9832 70
-0.811796 -11.2698 70
-10.8814 -10.7699 70
-9.97493 -10.3382 70
-0.418954 1.49555 70
-0.0313926 1.1194 70
-10.804 8.81958 70
-40.4076 -91.3392 70
-0.29215 1.23965 70
-40.0525 -10.5373 70
-20.9606 1.27492 70
11.488 -0.452406 70
-9.86637 18.6216 70
11.3716 -10.0877 70
8.6368 -21.2571 70
-9.46943 1.48581 70
-10.5633 20.5836 70
0.663994 -9.04647 70
-8.91157 11.0284 70
-10.0607 10.755 70
0.689869 -0.303902 70
-0.0269596 -18.5902 70
0.195285 -11.1309 70
0.96359 -20.0676 70
-11.2429 0.799084 70
0.727519 -9.20503 70
0.569669 1.4719 70
0.0365273 -0.863967 70
-10.3238 -21.2972 70
-19.4325 -19.1546 70
-8.69415 0.997113 70
-109.97 -39.0633 70
-11.3602 1.46876 70
-9.01143 0.256871 70
-10.1273 -0.451398 70
-8.99091 -11.4868 70
-0.525224 -1.15295 70
-9.02222 -0.98336 70
-10.1234 -0.544129 70
-0.575218 -0.206564 70
0.551986 -1.15401 70
-1.45183 -9.76162 70
0.619694 -9.69227 70
-1.07511 -9.62003 70
-10.5965 -20.9042 70
-10.8864 -8.63253 70
-11.2783 0.139866 70
-20.0053 -0.0475919 70
-9.12303 39.2523 70
-29.1975 -0.398986 70
-11.1206 -1.29001 70
-8.95079 -10.3836 70
20.8149 -19.7982 70
1.23619 0.0501853 70
-11.4148 0.511345 70
0.421687 1.09171 70
10.8157 -9.99823 70
1.22161 -0.709133 70
-1.27496 -1.27841 70
0.105483 -0.448 70
-8.67172 -0.400017 70
0.76896 -0.218698 70
-8.66264 -0.686024 70
-0.42002 29.1764 70
0.937354 1.49841 70
-20.7062 9.22466 70
18.9133 30.9699 70
-20.8215 11.2264 70
-60.2119 -10.9356 70
19.5176 -50.8791 70
-0.274378 -10.2376 70
28.5848 -19.0457 70
28.9043 -18.9867 70
-9.77879 -9.57336 70
0.789131 0.769576 70
-0.136554 -91.1026 70
48.7846 -29.3226 70
-0.858481 1.08892 70
0.562089 11.3018 70
10.2562 1.24335 70
-10.2075 -0.738867 70
-11.1047 0.270415 70
-0.105848 19.6772 70
-0.672163 19.513 70
-0.971123 -0.427149 70
-10.1039 0.126061 70
-18.6048 -11.048 70
-0.660292 -0.309512 70
0.891717 -18.6995 70
-10.2219 -0.121803 70
-9.86736 -18.6481 70
69.3252 -19.6604 70
0.920722 -10.0134 70
10.6099 10.8659 70
-29.462 20.5442 70
-29.6935 20.4691 70
-0.724753 0.829163 70
-0.142513 -1.25294 70
-8.65945 -9.51211 70
10.0381 -21.1876 70
-79.101 -30.8668 70
-9.29554 0.875501 70
-9.05589 0.5427 70
-1.33592 10.0526 70
0.715926 -11.4746 70
-0.33525 8.71759 70
0.94096 -9.00616 70
-10.1856 19.9955 70
1.49786 -0.62449 70
-10.3324 0.225029 70
0.62262 -10.7908 70
-0.325881 0.974901 70
-9.86009 -21.402 70
-0.327591 -11.1344 70
9.18623 8.98057 70
-9.45775 10.5831 70
-19.9715 10.9519 70
-10.7458 -30.1259 70
-1.37274 -9.63886 70
90.913 29.6327 70
0.0320491 -1.03684 70
-0.0531206 -11.4515 70
0.605837 -11.1906 70
-9.48938 -21.257 70
-11.1183 -20.5015 70
-19.6753 -10.7917 70
-0.413865 -9.41643 70
20.744 0.181965 70
-9.44985 -9.58533 70
9.6508 39.9507 70
-1.26755 -0.72372 70
0.313923 1.2211 70
-0.431773 -11.0874 70
-8.69306 -10.6398 70
-10.4873 0.883651 70
-10.5796 -0.450584 70
-10.6118 -0.446558 70
-9.26614 -10.376 70
-10.6573 19.3125 70
49.39 -60.3096 70
0.755606 0.29207 70
-30.7747 61.058 70
-31.0686 29.4543 70
0.830712 -0.902283 70
0.246598 -8.53484 70
8.73692 -40.2461 70
-0.700948 1.00677 70
20.2194 -20.7309 70
-11.2984 0.136847 70
-10.4412 11.1475 70
-0.969295 1.15391 70
-11.4016 -1.33573 70
1.45313 10.0869 70
-1.17418 0.866542 70
0.888533 0.90261 70
-9.30538 9.00771 70
-8.50204 9.12875 70
11.256 -0.090582 70
8.95209 -1.16009 70
0.748747 1.03155 70
10.1353 -39.9573 70
0.736999 0.915395 70
-9.63235 -0.336135 70
0.371446 -9.47437 70
10.915 20.3332 70
30.451 39.4061 70
-11.0572 9.78014 70
-1.20745 -9.04638 70
9.21686 -0.0941271 70
10.0922 -8.66261 70
0.016924 -0.819649 70
-10.7358 0.175026 70
-8.52856 1.23452 70
-10.4013 0.968111 70
-41.3096 39.6277 70
50.4251 -58.8755 70
-1.46714 0.192805 70
0.700853 20.7652 70
1.423 0.305203 70
0.807988 1.23088 70
-9.16627 1.15635 70
-0.986108 0.0806701 70
0.778872 -18.6674 70
0.431236 -9.56981 70
-1.24447 -9.91052 70
-1.36881 1.24908 70
-0.249324 -0.0344152 70
-41.4776 -8.71174 70
-20.025 0.0128267 70
8.70249 9.45518 70
0.102077 -9.0092 70
-0.986145 39.526 70
-20.2127 8.61223 70
20.6909 19.4307 70
18.698 -21.2586 70
0.967795 -0.196277 70
-10.1778 0.148415 70
-10.8779 8.67137 70
0.560405 0.162008 70
-0.164521 0.696012 70
-11.4719 -10.4412 70
-21.244 -21.1178 70
-21.3721 -18.9433 70
-11.1383 -0.145215 70
68.8769 -8.84097 70
-61.2905 20.0378 70
-11.0006 -8.91613 70
-18.8974 0.171045 70
-40.6171 11.4682 70
-9.04817 -39.5268 70
-0.33735 -10.1643 70
-29.5451 30.1605 70
-10.8592 -11.2318 70
0.0337077 9.30405 70
0.337972 11.188 70
-10.4237 -8.62884 70
0.584191 -1.22739 70
-9.89201 -0.0498972 70
-10.9457 0.217833 70
-0.265535 1.42131 70
-9.28615 10.1415 70
-0.233574 -8.53547 70
-10.4319 -0.985643 70
-0.631282 0.120468 70
61.2351 -11.3663 70
-10.5399 20.2135 70
-10.6833 19.2433 70
-0.39696 -1.45231 70
-9.27944 -10.2115 70
-11.1243 -9.02775 70
-8.94329 21.1078 70
-8.5342 -9.69057 70
-8.87774 -20.3595 70
-49.596 40.74 70
-10.219 18.5696 70
-11.0859 -0.111013 70
9.99699 -30.4212 70
-10.7673 0.209074 70
-10.0815 0.698972 70
-10.5063 -10.5599 70
-9.27195 -10.8363 70
0.589397 -9.14836 70
-20.3055 10.4826 70
-1.19172 51.4619 70
-19.8339 -0.94811 70
-8.93159 0.15801 70
-0.856687 1.05729 70
-11.1272 -0.439349 70
-9.6848 -19.9334 70
-10.8857 -20.0234 70
-9.39184 -0.153206 70
-19.2027 -0.274829 70
9.51858 -31.383 70
0.886036 -20.4367 70
8.64895 1.23339 70
-8.7609 -0.972611 70
-8.9415 -10.0736 70
1.24465 -1.21262 70
-20.84 -1.19901 70
0.45603 -1.23182 70
10.2689 9.90394 70
0.913432 -11.3146 70
-9.41505 -9.39925 70
-11.1648 -11.3463 70
1.41527 10.4546 70
-9.11112 0.137657 70
10.6556 -0.0312598 70
-9.51205 1.02892 70
0.963278 0.637657 70
20.6978 -10.5695 70
-19.841 -10.863 70
-0.961415 -0.231204 70
-11.1529 0.715027 70
-9.69391 0.418276 70
-30.0335 9.3181 70
-18.9078 1.06593 70
-0.399157 -0.894817 70
-8.72136 -8.92046 70
8.90975 -9.82374 70
0.600604 49.8507 70
-19.822 0.926461 70
-1.02564 -0.502831 70
-20.6406 39.2743 70
-1.38361 10.9504 70
-1.4755 10.1733 70
-0.844276 -1.29703 70
-0.934963 0.813901 70
-8.78334 -0.439345 70
-9.80891 0.764853 70
0.423361 -9.01336 70
1.45849 0.317052 70
1.17124 0.870428 70
-18.5526 21.1445 70
-0.115214 -1.03981 70
0.227494 -0.422714 70
0.301266 0.395947 70
-1.33092 -8.56592 70
-10.5614 0.220805 70
-21.2747 -0.687861 70
-20.0771 8.68165 70
69.5075 10.2042 70
71.2644 11.4873 70
1.14014 -10.0079 70
-29.6296 -19.5954 70
0.354356 1.03352 70
-9.00233 -28.9663 70
-9.26193 -10.6362 70
-8.62885 -9.83212 70
0.682779 -8.93047 70
-0.785791 -11.1769 70
9.20021 -9.90836 70
1.01199 0.198397 70
20.7664 -21.42 70
1.46487 0.704601 70
0.441665 0.121057 70
-10.7493 -1.48569 70
-8.82498 -9.12817 70
8.739 10.0927 70
-9.47256 -18.7691 70
-31.0889 -0.210813 70
-10.2872 40.2128 70
59.83 79.4098 70
-0.448592 -0.979345 70
-1.01827 -0.0217428 70
9.4476 -40.1688 70
-29.9891 1.29832 70
-10.6084 0.217308 70
-1.12106 -0.706044 70
-9.88658 20.2347 70
-1.46896 8.77954 70
-9.42445 0.94743 70
-10.0571 9.83262 70
-1.3739 -0.346816 70
0.0955034 -58.6935 70
-10.4235 -0.491767 70
-0.291621 19.924 70
-0.738101 -0.7534 70
-11.1839 -8.85833 70
1.05006 -0.268687 70
-8.65054 0.786445 70
-90.7045 -8.82438 70
39.5146 -0.468191 70
-20.351 -8.93238 70
0.795951 0.0849387 70
-0.875565 -0.170949 70
-11.1224 -0.767678 70
11.4507 -31.0999 70
-0.177552 8.92939 70
-10.7942 -8.6846 70
1.35056 -0.268328 70
-10.697 9.86646 70
-10.1369 9.14722 70
0.86561 -8.75721 70
0.302619 -10.1404 70
-0.795559 -20.3929 70
110.202 49.6134 70
1.16791 -9.81222 70
10.0419 8.96162 70
-8.66073 -9.66966 70
0.809547 -10.3659 70
20.1983 41.4049 70
1.27756 -1.44088 70
-1.23432 -19.7579 70
-0.226281 -0.792714 70
-10.3007 100.185 70
20.4646 21.094 70
41.1284 0.768314 70
-21.3734 9.91873 70
-20.0301 9.82775 70
-0.917301 0.518126 70
-1.09425 0.164583 70
-0.340774 -0.806208 70
0.713525 -0.784496 70
-19.0793 -10.0754 70
8.84883 -0.473135 70
-10.4368 -8.84149 70
-11.0477 -0.927936 70
-1.26638 -9.72466 70
1.47199 -9.00609 70
10.2152 -8.92909 70
1.05087 0.852513 70
-28.6414 -8.65933 70
-10.9428 1.01038 70
0.963242 0.111615 70
1.03859 -0.586975 70
0.992808 -8.71303 70
8.84934 -30.8293 70
1.18965 -1.02345 70
-9.37761 0.400114 70
-11.1491 1.26216 70
19.8134 9.24863 70
101.055 10.3955 70
51.4271 70.1819 70
-30.566 20.6465 70
-21.3298 -1.27847 70
0.828317 -9.30787 70
-30.8756 -1.11383 70
-1.2276 0.673717 70
19.2357 -8.90315 70
0.294201 1.13017 70
-0.612385 -8.99194 70
-0.435312 1.14128 70
-10.5247 -0.772664 70
-9.26744 -8.97283 70
0.113794 -8.7317 70
0.941049 1.24378 70
-0.456826 8.99235 70
20.5195 -9.56486 70
-0.673287 -11.4066 70
-11.251 -0.799637 70
-0.0172651 -9.50388 70
-8.90083 -20.9539 70
19.8234 61.2738 70
-1.37969 1.21841 70
-10.4056 -8.69494 70
0.0229981 -0.103338 70
-8.78914 0.991928 70
0.331739 10.4107 70
30.4827 9.59753 70
0.995384 -0.0134563 70
-20.6744 -19.6453 70
-0.858578 -10.016 70
-8.54651 0.859592 70
40.8793 -49.7476 70
0.0838526 1.27812 70
-8.80527 0.662815 70
19.2793 -19.0435 70
0.0504724 0.0674871 70
1.23215 -1.00565 70
-10.1448 -9.22517 70
-0.772941 1.24646 70
28.8515 -51.4944 70
28.9811 -48.7913 70
-0.366111 0.30498 70
10.4477 10.5229 70
10.0942 9.82933 70
11.4965 -10.2394 70
19.7455 0.0279108 70
-9.20396 -11.1979 70
-1.00898 -1.36255 70
-1.30732 -0.000695794 70
-10.1793 -1.02885 70
1.48849 -0.407601 70
-11.2599 -8.88355 70
-21.1566 -40.3227 70
-10.1002 1.17453 70
11.3923 10.672 70
1.17669 -9.67171 70
