9.81901 0.228245 70
9.57508 -1.29208 70
10.7916 -0.650305 70
-9.07489 -10.2863 70
9.44155 9.00344 70
-0.808889 0.321279 70
10.1144 -0.220876 70
-0.382739 0.526528 70
10.3933 9.33107 70
1.0511 -0.21465 70
0.52739 1.20831 70
-0.378816 0.769476 70
0.45887 -0.724589 70
0.078298 10.863 70
10.4663 0.922916 70
1.12352 -0.574741 70
-21.113 -19.016 70
40.0136 -11.037 70
0.463037 -0.418582 70
0.559368 9.37072 70
0.107024 -19.4367 70
-0.164658 -0.927283 70
69.6624 99.5874 70
0.885757 51.423 70
20.4096 -30.7038 70
-0.0471108 0.28189 70
19.5715 9.1643 70
0.0710158 10.2724 70
9.41153 10.6839 70
1.12685 0.681776 70
0.247049 1.47276 70
-0.0514016 -9.79954 70
29.7071 -20.5168 70
-11.2748 -0.985199 70
10.3493 0.157354 70
10.608 -10.1873 70
-10.9422 -50.149 70
0.514342 0.876444 70
-8.63925 -10.0546 70
-8.55986 0.917424 70
-11.3217 9.48488 70
-0.338528 -9.63285 70
30.8232 -20.6769 70
0.956015 0.520475 70
30.4561 20.6922 70
1.22967 -0.313806 70
0.772371 1.02228 70
-0.405406 -0.400053 70
0.524588 1.13427 70
0.192563 -0.0201619 70
31.3981 30.9607 70
-9.01557 0.094344 70
-20.9557 11.2828 70
-21.4285 11.16 70
19.8584 1.4397 70
9.82552 11.3795 70
40.7743 -40.0407 70
1.32262 10.9822 70
9.41067 0.705287 70
9.12757 -9.43658 70
20.7898 20.6885 70
9.14627 10.2218 70
-0.654919 8.63815 70
18.8037 -9.58088 70
9.90634 -0.661312 70
20.6105 -21.3803 70
1.12367 -10.0987 70
10.6442 -0.672547 70
0.0157683 -0.0828271 70
9.79204 -0.28193 70
20.1703 -9.42749 70
0.247387 0.361616 70
-0.377931 -1.42782 70
-50.7908 89.2358 70
10.0977 8.67397 70
0.276994 1.14522 70
9.38306 0.988571 70
0.51747 19.245 70
9.5435 -9.11443 70
-0.99855 0.0137918 70
-20.3837 -29.0436 70
18.5813 9.7816 70
29.2288 10.8965 70
-9.72622 21.3555 70
0.543884 9.34973 70
1.16101 0.563834 70
-19.2624 59.9378 70
11.4388 -0.705051 70
-0.705589 0.975081 70
21.4417 8.59399 70
-20.1543 10.1298 70
0.0850502 10.0572 70
1.38786 -10.935 70
1.17264 -1.21748 70
-71.2056 -30.7482 70
20.6523 -9.72023 70
-10.8863 9.10475 70
10.5391 1.20167 70
-0.160059 -1.39178 70
0.684717 9.75334 70
9.77238 1.48015 70
-0.00386325 -1.14326 70
1.19599 20.2524 70
-1.32405 0.722724 70
18.5719 -10.571 70
-8.68253 9.70029 70
9.41742 0.704252 70
0.729218 -9.02456 70
100.847 80.8949 70
19.535 -20.9478 70
-0.0927856 10.6885 70
10.9077 11.0887 70
9.38538 -10.2838 70
10.5921 9.77001 70
0.744346 -9.47134 70
-41.2742 11.0402 70
-10.7923 -10.1862 70
-0.784287 -20.8518 70
0.977781 0.769622 70
39.8233 0.430993 70
-9.06384 -1.06397 70
8.57835 -19.6827 70
-0.748999 -0.393557 70
-0.668073 0.65831 70
-19.6126 -48.7673 70
18.5463 -8.85582 70
-29.1209 0.828864 70
59.1591 -19.2616 70
8.66352 10.1477 70
9.83772 -19.7534 70
8.5142 -8.78199 70
-10.1928 11.0276 70
10.4826 0.705156 70
-38.5577 -11.2 70
-0.329793 0.540913 70
10.7863 -9.32926 70
-1.03881 10.257 70
9.47191 -0.179032 70
9.49682 10.3819 70
8.50909 -29.241 70
1.10712 0.334868 70
10.0671 8.56884 70
-30.4451 -50.812 70
0.957885 9.93795 70
10.378 0.581474 70
10.7722 11.439 70
1.47365 -11.3636 70
0.466414 9.61322 70
11.1109 -0.117245 70
-0.0123422 -1.29631 70
0.0305389 10.6885 70
10.4877 -1.16984 70
-0.0834171 1.00307 70
70.7745 20.3467 70
20.8673 -0.115381 70
10.9356 -39.1281 70
20.0567 -0.131164 70
1.31777 -1.2263 70
0.688257 10.5166 70
59.4568 -31.0583 70
-19.5396 -0.768575 70
9.80652 1.39415 70
1.45532 -10.6197 70
0.712275 0.34261 70
-29.0874 8.54052 70
1.45364 -10.5984 70
9.59422 -9.79377 70
8.66649 10.1584 70
-18.8615 -10.4961 70
9.20044 -0.594344 70
9.85757 -0.175489 70
0.754916 -8.9643 70
60.7601 -21.4031 70
-1.09086 0.139443 70
19.8357 28.8564 70
31.2441 -20.6644 70
8.68266 -0.729007 70
0.865776 9.05769 70
-41.4957 -49.2229 70
-0.328139 11.0263 70
29.0004 -29.3151 70
0.135004 0.164324 70
-0.0693192 1.05194 70
10.3754 11.2063 70
9.54853 -0.221099 70
-0.386296 -0.320212 70
-0.945433 9.86202 70
1.10323 0.545519 70
10.0315 0.883402 70
10.0165 -1.33716 70
9.1413 0.94568 70
9.72397 1.47543 70
9.18957 9.4686 70
38.8301 -9.16766 70
-8.57323 -10.0053 70
10.7691 0.806928 70
-8.97557 -11.4653 70
0.193065 1.21895 70
-10.8242 -29.4059 70
0.109471 1.48772 70
-0.0618557 -1.15025 70
10.2439 -20.2834 70
9.92206 18.9424 70
9.11194 9.67662 70
-1.43887 10.0804 70
10.0169 -0.328842 70
9.40035 0.817647 70
9.8283 10.689 70
-1.35712 -1.10322 70
-1.36153 1.23585 70
0.726241 11.0679 70
-21.2627 -39.803 70
11.2327 11.369 70
-21.1176 10.2666 70
-0.263229 1.34697 70
49.657 -39.4418 70
-1.00412 9.82073 70
-10.4786 29.392 70
31.2844 -20.6781 70
-10.2946 10.766 70
-1.32393 -0.378643 70
10.1331 31.1377 70
11.0133 31.1193 70
-19.8468 -1.01908 70
0.307446 11.4486 70
8.97048 1.47907 70
-1.08881 10.387 70
-10.1247 20.2574 70
0.953238 11.444 70
-10.7738 -9.96858 70
80.9725 88.9322 70
-0.290854 -8.82462 70
20.3591 21.0838 70
11.105 -1.15017 70
0.112439 -0.941531 70
60.6258 -39.3769 70
0.68556 0.75892 70
10.3783 -1.49759 70
-1.24251 -0.00978116 70
-20.4639 -10.4924 70
0.564738 -1.3318 70
-0.391117 0.191302 70
-0.357564 1.45823 70
-0.275553 -0.439264 70
1.07861 1.46694 70
0.916702 71.0268 70
10.644 -40.547 70
-11.227 0.0403437 70
-20.1508 30.8691 70
-9.77474 21.3462 70
-21.4215 1.19761 70
-10.5271 -0.67436 70
0.21882 -0.674029 70
-0.930707 0.515603 70
81.3893 8.59145 70
-1.30412 11.3345 70
21.284 -19.3787 70
-0.26863 0.942239 70
-8.90693 -0.400922 70
-108.529 -119.701 70
30.8459 -11.4039 70
1.13316 0.847679 70
-0.837827 1.13652 70
-1.42474 0.209309 70
8.50693 0.708802 70
-0.197131 -0.298442 70
-9.77497 9.81575 70
59.5735 10.8065 70
0.157829 -0.292979 70
-1.26392 0.545458 70
-1.43096 -28.695 70
1.43933 -0.031366 70
10.6332 19.3848 70
0.761795 -1.44011 70
8.75076 0.800188 70
-0.0756481 19.3786 70
-31.4338 -31.2816 70
18.881 20.9452 70
20.9201 11.0228 70
19.3601 -1.00116 70
-1.14385 -0.408418 70
20.5309 30.9813 70
20.0182 8.5981 70
-0.766747 -1.37978 70
0.279713 -0.994432 70
-0.0833344 -20.1147 70
20.4739 20.2285 70
1.08297 10.7786 70
-1.47612 9.78771 70
10.2444 9.28683 70
18.8917 -29.7464 70
1.33841 -1.13434 70
0.66245 0.714243 70
0.401193 -31.1976 70
10.0128 9.35909 70
-0.43038 -11.2622 70
10.2698 8.9578 70
9.14861 9.07013 70
20.2183 -0.27669 70
10.7585 -9.401 70
0.906931 0.0618037 70
19.4895 -11.1927 70
19.9948 -50.7069 70
18.8946 10.564 70
-8.53304 -28.9494 70
18.5743 21.0632 70
0.89212 -0.825023 70
1.16919 -9.09029 70
10.4805 8.72799 70
-9.34674 0.899297 70
0.970872 9.3903 70
-10.8969 9.25223 70
51.4396 -29.5134 70
19.5134 -10.4389 70
-1.11301 9.70182 70
8.50538 10.2615 70
9.25817 0.522065 70
-0.0819481 29.4774 70
10.5345 -0.446369 70
0.253679 9.80859 70
20.3616 1.18061 70
-1.24755 -9.47513 70
-10.9155 20.2787 70
11.255 -0.976628 70
-21.1856 8.79809 70
-0.239525 -1.1372 70
-1.38907 8.8245 70
41.1305 20.3914 70
11.1851 10.8446 70
1.43729 0.258359 70
-30.1224 0.267088 70
10.7767 19.3255 70
-1.4338 1.48102 70
0.559006 -1.13028 70
0.364099 9.81778 70
20.238 8.88943 70
-0.594335 -0.686242 70
-1.44832 9.41409 70
8.56042 -1.17174 70
8.75151 -9.40393 70
0.894009 0.384198 70
10.0627 8.85997 70
11.4231 0.380844 70
10.8717 -1.20733 70
-69.6462 -88.9275 70
10.8316 -9.32306 70
-1.1694 18.6564 70
0.119993 -20.3511 70
-29.0246 1.21549 70
21.0079 -1.21708 70
9.07361 10.6221 70
38.5015 31.039 70
11.2368 -1.155 70
0.447722 10.0451 70
-0.95116 -21.0233 70
79.3815 49.6979 70
48.6524 1.44123 70
10.311 0.994611 70
20.0785 -0.908073 70
-0.344682 1.40764 70
1.24058 0.461641 70
0.826785 -1.46896 70
1.42257 -0.897369 70
9.36508 0.857676 70
-1.42015 0.879654 70
-1.31475 10.3938 70
0.771331 0.7137 70
0.158959 0.899988 70
9.05606 -11.0148 70
9.14175 -0.771557 70
-1.13566 8.8751 70
11.0016 -1.1325 70
-20.119 0.136001 70
10.0173 21.2336 70
10.7656 9.58784 70
-1.33918 1.21368 70
-11.2305 -0.931639 70
19.0895 10.3999 70
0.0662353 0.354007 70
10.3192 0.869875 70
-0.718007 -0.300934 70
0.766032 -0.0399115 70
48.9951 -58.9757 70
0.713615 8.99975 70
-1.06645 1.19021 70
0.780654 8.7114 70
10.2794 -19.9246 70
-0.932012 10.8906 70
9.58294 11.3824 70
0.21051 -0.309384 70
10.2055 -0.627492 70
-0.130101 -1.41392 70
0.0621468 0.516817 70
-1.4493 0.25936 70
10.7987 21.4226 70
-1.09269 -0.347256 70
-0.54286 -0.0271855 70
0.857159 -10.2427 70
10.0283 9.73339 70
20.8576 9.34402 70
21.074 -18.911 70
-0.883266 -0.387263 70
-1.28185 0.770173 70
19.8684 8.5925 70
-0.820499 0.33408 70
-11.2782 19.8586 70
-8.72649 19.6166 70
-9.80816 19.7395 70
69.5884 -19.0131 70
-10.0299 1.22091 70
-0.981341 -9.87535 70
9.04244 1.46416 70
10.2284 30.2796 70
-1.00121 -0.323972 70
0.455103 1.36694 70
-39.2418 -0.551316 70
10.7925 -11.254 70
20.9727 -0.589438 70
-0.700003 0.796826 70
19.8612 -1.23276 70
-20.7092 -10.7039 70
-59.8884 10.4347 70
-0.987453 -0.792365 70
0.638854 -0.537745 70
9.41668 1.06386 70
-0.317675 -0.196776 70
20.4602 -19.0822 70
-0.341843 1.11835 70
-0.882879 10.4214 70
10.9193 -11.1695 70
10.9265 9.62008 70
1.21559 9.63118 70
18.6644 1.373 70
100.007 0.764152 70
-0.354269 11.3996 70
-0.788281 -1.0448 70
-60.7936 -61.1525 70
-9.59645 1.12273 70
1.20184 9.62132 70
10.7129 0.283148 70
10.1361 -11.4379 70
-1.384 11.3238 70
51.0066 50.1242 70
-11.1934 -30.4146 70
29.9281 10.5629 70
0.368134 10.3658 70
1.25429 0.576281 70
10.6395 0.742119 70
-1.01588 20.2956 70
10.314 9.04651 70
-9.36246 10.3843 70
0.139496 -1.28015 70
0.446852 -10.0777 70
-99.0494 40.9453 70
9.09758 9.05171 70
8.90298 11.2428 70
0.485282 -10.5006 70
19.2079 8.66861 70
11.1978 -10.7596 70
9.56777 -0.555119 70
-20.2631 8.55431 70
-49.6331 -19.5776 70
11.4715 9.52447 70
11.4481 -0.729905 70
11.4729 30.0923 70
-0.239466 -0.13527 70
30.5834 20.4593 70
-10.1759 0.839366 70
-19.886 -19.9787 70
9.76814 -11.1884 70
0.805876 -0.38515 70
-0.069411 -8.68597 70
9.93104 8.89065 70
11.3773 -0.67089 70
0.747649 19.2109 70
-0.660855 -10.6855 70
-1.07906 1.2862 70
10.503 -1.2193 70
10.6972 1.28363 70
10.6592 -1.31679 70
9.0058 11.0324 70
0.286729 -20.6862 70
0.127003 -1.49969 70
19.0455 0.775755 70
-10.3072 -10.0551 70
-9.87126 -8.93884 70
10.0579 0.0460268 70
10.6115 8.94781 70
8.56551 -11.3522 70
19.512 11.3645 70
-18.5856 -0.726857 70
-20.1278 0.883942 70
0.625689 10.9047 70
-0.248381 -0.104545 70
-1.37893 0.571511 70
10.1101 1.12064 70
-0.635221 -9.66925 70
-0.280223 10.61 70
0.149308 0.790165 70
9.55494 -9.74075 70
-0.303283 -0.716809 70
1.49927 0.606332 70
-1.43777 0.590763 70
-1.15846 -8.72572 70
1.23943 -11.3526 70
20.6281 9.22926 70
-9.71157 9.62025 70
-10.6153 -21.2524 70
-0.181924 0.0488678 70
9.59096 0.913322 70
1.33037 10.1239 70
-1.39324 -20.5878 70
9.78865 -0.511796 70
-0.87839 0.00554718 70
39.3828 -40.5075 70
-0.10054 0.878425 70
21.2702 10.1707 70
-0.973493 -0.449162 70
-0.185193 0.750302 70
19.3921 10.7227 70
38.8091 -0.862101 70
18.8735 -39.0051 70
-0.671396 9.2671 70
-1.11531 -0.0571996 70
-21.2954 30.7488 70
-19.1268 31.4079 70
39.9051 -31.2672 70
19.5238 -9.75582 70
-0.0922698 11.042 70
1.35197 11.4048 70
-10.375 10.2807 70
11.1409 19.4881 70
20.6974 10.4211 70
0.0920993 0.656255 70
-0.966901 -10.8668 70
11.1679 -0.0439328 70
29.4549 -30.6501 70
10.5553 -0.257883 70
9.34044 -10.4726 70
-1.25241 30.7429 70
-10.5378 -10.1808 70
-0.734422 -1.36325 70
-1.25359 0.262897 70
-1.47362 1.22778 70
0.287581 -0.651886 70
-9.33444 -8.94378 70
50.8209 49.1465 70
10.6586 9.87605 70
28.5756 1.17607 70
-0.847592 0.0227134 70
11.3317 1.31519 70
10.3292 8.59895 70
-8.60078 9.39097 70
10.1787 -11.0065 70
11.2136 10.3823 70
-20.5288 10.7434 70
-1.2419 -0.859984 70
0.43607 0.0823925 70
10.8482 9.57704 70
-0.154915 -0.107171 70
-18.8481 0.0338309 70
10.593 10.8704 70
0.28292 -9.78307 70
10.5329 21.475 70
-11.2394 8.76246 70
9.52947 10.1057 70
10.743 -9.29531 70
11.2765 10.8521 70
-9.17454 -9.41452 70
-18.9089 11.4423 70
10.5423 -11.0877 70
-1.04922 -10.4845 70
8.73472 19.3355 70
9.7578 11.1122 70
10.6481 8.54386 70
10.5113 -11.327 70
8.64391 9.3544 70
9.70741 8.93317 70
0.878742 0.659858 70
9.14461 19.914 70
-11.4874 10.7547 70
48.5223 79.283 70
20.2738 8.53693 70
0.526151 0.229516 70
-0.18536 0.615903 70
-0.545476 0.85172 70
40.2052 8.55349 70
0.999206 0.734866 70
-1.35039 -0.559662 70
8.61397 -0.353897 70
-0.523865 9.61483 70
0.620542 -11.0577 70
0.680485 -0.774396 70
9.81768 1.10452 70
-8.75833 -1.39998 70
-39.7021 -10.1607 70
0.0652043 11.2247 70
-0.641324 10.0373 70
10.8285 -9.64599 70
9.64956 -10.9496 70
10.1967 40.5777 70
10.9851 -10.886 70
9.01682 -1.37496 70
-0.617096 1.3392 70
10.2099 0.291671 70
-0.502242 0.158194 70
-0.90632 -0.967721 70
19.3136 10.334 70
20.5423 10.5865 70
1.08964 -0.259321 70
8.63544 0.333104 70
-10.8833 0.314599 70
9.63992 -1.27073 70
0.00335656 8.6402 70
11.2307 0.18819 70
1.26573 1.06822 70
40.6071 -11.071 70
10.4065 -9.14329 70
-1.01098 9.1548 70
9.891 -0.618574 70
20.5333 0.0508621 70
-1.19346 -8.79176 70
-0.900393 -19.42 70
-8.9838 -0.637294 70
10.3219 -0.279665 70
29.8293 -60.8834 70
9.1312 0.032094 70
11.1341 -0.560563 70
10.0901 0.764912 70
0.980221 11.2836 70
18.5718 -1.30922 70
19.461 10.2149 70
10.3284 0.271011 70
-29.2777 1.17999 70
0.0455319 1.43694 70
-0.183856 -1.12843 70
-9.61379 -0.788375 70
-0.9524 -1.44359 70
21.3128 20.997 70
10.288 49.6485 70
-1.33669 -0.779496 70
-19.8946 40.181 70
9.17346 10.0472 70
-9.43108 -9.49664 70
-0.839869 0.131265 70
-9.70225 21.2023 70
10.5062 1.30153 70
-79.7515 -10.0416 70
-0.81922 0.500379 70
-31.3324 -30.7865 70
-1.02989 0.380081 70
-1.13468 8.58728 70
10.0242 8.57212 70
-1.2301 29.4478 70
29.0391 39.7858 70
0.997421 1.36925 70
0.884471 -9.77116 70
-1.27134 0.534855 70
9.18133 11.1034 70
-0.193647 0.365283 70
110.229 -88.9029 70
9.63376 -1.098 70
9.96681 -19.8966 70
-0.887729 0.173557 70
0.0613892 9.03674 70
20.6473 9.14955 70
