-10.493 9.81172 70
-10.6316 10.7807 70
-10.4898 11.4931 70
40.8417 -0.448038 70
-11.0153 -0.498441 70
-0.766035 -0.46081 70
-0.347999 20.8294 70
29.4679 10.6607 70
18.5619 -0.0898548 70
-0.461416 9.72832 70
-8.87631 9.20031 70
-0.713343 0.771787 70
-19.2337 19.3649 70
-10.0641 -10.7182 70
-19.3871 10.8184 70
-10.9652 9.05161 70
-9.07287 10.5207 70
0.0911223 10.0977 70
9.31012 9.72237 70
-18.6011 20.5969 70
-10.6674 -10.5282 70
-0.107487 -10.0199 70
29.1986 -29.2776 70
0.49985 -1.4815 70
-29.7781 -20.0398 70
-0.207549 0.380822 70
0.142815 19.912 70
-9.27818 0.321537 70
-1.10612 1.43498 70
-1.03393 10.6462 70
-1.07761 8.97486 70
-18.9539 -9.59334 70
9.33884 29.0289 70
19.5489 -0.954996 70
10.1765 -11.3664 70
-0.970476 -0.994862 70
1.06345 -19.8771 70
-10.6077 -0.852666 70
0.580876 18.6845 70
-20.7301 1.21579 70
-9.91872 10.0345 70
-8.7077 10.7408 70
10.4703 8.74131 70
-9.93629 -1.41144 70
-9.0902 1.33104 70
0.118634 -0.100796 70
-51.4007 9.15432 70
-0.340705 -1.14351 70
-19.2139 18.6009 70
-1.32104 -8.59382 70
-29.9987 -19.3382 70
-19.2579 -39.0767 70
-30.2245 10.7367 70
-1.48417 -9.76776 70
-0.922697 0.836596 70
-19.3883 9.20016 70
-28.5201 0.492378 70
-49.3183 -8.87236 70
10.5485 -9.38385 70
120.401 89.6175 70
-1.25452 10.4511 70
1.04374 8.71447 70
0.550321 21.1349 70
-0.786027 10.9634 70
1.0605 -29.9163 70
-10.0695 11.0475 70
-18.6185 20.8309 70
-1.2139 -1.26475 70
-21.0301 21.228 70
-10.2322 -0.0637314 70
10.8794 -21.2489 70
10.4631 0.190549 70
1.15703 -9.93957 70
-0.74543 1.011 70
20.029 -8.93241 70
-19.9446 -9.99817 70
30.653 -30.6724 70
1.18533 -39.5049 70
-8.69508 30.7613 70
-9.76986 8.64441 70
9.71847 -31.3874 70
-10.4678 -1.42645 70
0.510165 -10.8609 70
-1.39134 8.99949 70
1.015 0.428133 70
0.688007 10.277 70
0.187213 11.397 70
-1.27024 -0.290757 70
-1.45656 1.47713 70
-9.54763 -0.422741 70
-8.63832 1.21714 70
-1.19004 -0.0900359 70
-20.7267 11.3357 70
1.07 -1.11421 70
-0.353396 19.442 70
1.13466 10.3281 70
-9.91703 8.84051 70
-0.607936 1.47863 70
-0.201744 20.2287 70
9.90719 0.576183 70
-10.9018 0.832882 70
1.34628 -0.0647287 70
-9.06772 1.12161 70
-19.5142 19.8959 70
0.0530087 11.016 70
-9.98754 -39.6045 70
-8.88346 0.228877 70
-0.0174311 -1.11289 70
-10.2471 -50.0082 70
-18.7721 -0.488119 70
1.40469 -0.744484 70
-19.2637 -18.9541 70
1.40003 -0.416096 70
0.232345 -0.270234 70
-8.67715 -9.79148 70
-0.159036 0.998741 70
11.1939 1.34749 70
-9.1972 11.4479 70
-21.0806 -11.3731 70
-9.36097 0.0412507 70
-9.46765 9.46267 70
-10.6133 -0.302768 70
-9.1963 -0.119264 70
-8.96775 9.05655 70
-10.9527 18.9797 70
9.0515 80.81 70
8.69746 -8.5934 70
-11.209 8.70299 70
-0.581635 -1.11068 70
29.2277 -31.0959 70
-19.4539 19.9397 70
-11.4527 -0.23778 70
11.3138 1.45341 70
-0.194512 10.9806 70
-1.43245 9.40331 70
0.463554 -0.746602 70
-30.2707 19.5873 70
-20.6253 18.6826 70
11.089 -10.4978 70
8.76883 1.23052 70
-8.87026 -31.0441 70
20.3854 -0.270413 70
-0.930684 0.106329 70
-10.0292 -10.176 70
-9.96748 1.08715 70
0.842841 -0.0854688 70
0.391279 -0.312146 70
29.4167 8.73674 70
8.86007 8.62636 70
-20.8757 -21.3814 70
-9.85934 29.6181 70
-30.6667 -40.6277 70
-0.623314 -18.8578 70
-9.16007 -1.38861 70
-9.0071 11.2047 70
-9.95643 -1.37934 70
-10.2293 0.248385 70
0.437368 29.4761 70
10.2382 10.0994 70
-10.0668 -0.105468 70
11.3815 9.98653 70
-30.7198 8.89755 70
8.86384 9.22148 70
10.9981 20.3384 70
10.2641 40.3263 70
9.78078 -9.34368 70
-51.0869 19.9525 70
-0.314083 -0.738728 70
-11.1244 -0.00936561 70
30.7116 1.39923 70
10.2007 -0.311981 70
0.486454 0.843034 70
9.00352 0.350027 70
1.29091 -0.495035 70
0.694847 0.800833 70
1.48031 8.66368 70
-9.82631 0.774874 70
-1.35581 -1.10839 70
8.97093 0.463828 70
-11.3275 1.40463 70
-1.02401 -0.854627 70
-9.72998 -1.08514 70
10.4615 -9.93626 70
-9.39572 0.388044 70
-0.299403 -0.43754 70
-0.060712 -18.6882 70
0.641264 0.25921 70
1.20604 10.5514 70
-40.9571 -29.8145 70
-20.6965 8.68885 70
-8.85973 10.2109 70
0.227854 20.4746 70
19.5532 30.5829 70
0.139403 9.5591 70
-30.9178 -0.928723 70
0.613478 1.14852 70
-9.31444 -0.458184 70
-0.506126 0.908569 70
-10.0116 10.2797 70
-8.82135 -10.7819 70
-11.4615 10.8591 70
-9.58808 8.79839 70
10.9054 51.0413 70
8.51449 -10.582 70
-9.04688 11.0466 70
-8.85438 -9.2413 70
-1.1194 0.49248 70
0.225866 20.3529 70
10.198 1.41939 70
10.7097 0.793717 70
-0.934543 0.185529 70
19.463 29.0411 70
20.5264 -28.5021 70
0.896903 1.16335 70
-10.2492 10.6196 70
-1.44464 -10.9628 70
-11.151 8.96062 70
10.3102 -0.300984 70
11.3616 -9.23158 70
-0.674735 -0.153441 70
1.21528 10.9174 70
-8.69561 10.1744 70
-9.13305 8.85956 70
0.890953 -0.266887 70
0.587255 -11.2027 70
-10.9779 9.97287 70
11.1453 -11.0121 70
-11.2946 -0.594739 70
-19.0713 10.1615 70
1.46069 1.33163 70
-19.7496 -11.2362 70
0.313044 0.0491267 70
0.8003 1.31059 70
-19.3783 -9.12687 70
-0.706046 11.3963 70
-0.90846 11.3908 70
19.5495 29.6143 70
10.4172 10.746 70
-10.4469 8.62832 70
1.38662 8.65714 70
20.7698 -10.1366 70
11.3243 9.53262 70
-18.5224 -9.60872 70
-29.1719 0.949871 70
-10.951 10.6994 70
0.555547 0.329869 70
0.445917 -0.348597 70
0.19301 0.598738 70
-1.20159 -0.238655 70
-9.22795 1.25411 70
-0.291739 10.3995 70
-10.0173 18.9539 70
-0.124725 1.35768 70
-0.780119 -1.18076 70
-0.495242 -19.7416 70
0.804857 -1.00353 70
-0.136346 -1.20176 70
-9.4312 0.0107235 70
0.914878 -0.311646 70
1.16185 0.953051 70
1.07685 -0.232188 70
-40.5496 69.4052 70
0.760871 8.55475 70
-0.971232 21.4105 70
-11.1045 -0.413451 70
0.736079 -1.41579 70
-8.75739 1.24219 70
-0.454964 19.6946 70
-11.4414 0.741223 70
-21.1275 9.25112 70
-0.948133 1.14034 70
-10.2535 40.8871 70
-0.731797 -0.39773 70
-40.5892 -21.4296 70
-0.568619 0.472302 70
-10.3273 8.79155 70
-8.96172 10.7999 70
-10.1779 -0.196192 70
-11.3884 -0.0755942 70
-0.338278 -0.572861 70
10.3439 -1.02723 70
9.20536 -1.07048 70
-1.04735 -20.8818 70
21.2414 29.5134 70
-9.03062 1.32768 70
-10.6671 -1.19218 70
-1.37084 0.605919 70
-10.6847 0.949811 70
-11.0572 10.723 70
1.35678 0.0774456 70
0.766525 0.957825 70
-11.2757 11.1491 70
1.20217 -0.350715 70
1.47764 -1.17666 70
0.822334 18.5904 70
0.73919 10.0671 70
-41.0369 -10.7707 70
-41.0267 -9.98336 70
-9.16127 -1.10013 70
-30.7556 19.8936 70
0.13982 11.389 70
0.0445148 9.18116 70
11.0452 0.261073 70
0.830866 -11.3135 70
-0.315969 1.02532 70
-1.44978 0.973222 70
-1.27041 1.30837 70
-20.0698 -0.00469963 70
0.995149 1.48013 70
-0.870203 8.92752 70
0.462496 -0.685703 70
-9.14137 -29.1984 70
30.3947 -38.9888 70
28.9554 -39.8436 70
8.62418 -9.94395 70
0.647317 9.17633 70
-1.26541 -0.579651 70
19.4012 -0.386192 70
18.8282 -20.8294 70
-1.08931 9.05388 70
-9.62038 9.54099 70
-0.396236 20.6736 70
0.661994 10.3718 70
-9.73453 0.554929 70
-0.294358 -1.05403 70
-0.96505 1.02122 70
-9.23794 1.44296 70
-11.1467 21.1479 70
1.241 10.6132 70
-9.64959 0.824539 70
-8.73517 0.160047 70
-9.25263 -0.252633 70
-1.30141 11.3142 70
0.273433 1.25975 70
-9.43603 0.715761 70
-20.2491 -10.9011 70
-9.24003 -9.12616 70
0.179545 -0.104778 70
-0.731206 11.439 70
-0.860854 10.3228 70
0.144169 8.93698 70
9.93433 9.76743 70
11.2005 -0.600789 70
-8.59707 9.31894 70
0.307091 9.57332 70
1.04862 -0.811944 70
10.1914 -8.57045 70
-0.202532 1.13582 70
-0.0773839 1.20339 70
-0.570805 -1.35943 70
-20.0237 -1.29655 70
-0.322844 -0.142526 70
0.998234 -0.106172 70
-1.49423 9.46929 70
-10.5246 -8.82116 70
0.0763229 8.58932 70
0.451626 0.803066 70
-0.969395 -30.1943 70
0.973057 30.79 70
-1.02357 10.5534 70
-9.66097 20.2466 70
-8.91093 31.0003 70
-10.1352 -11.351 70
-9.50253 -8.88095 70
-9.59287 9.05819 70
20.7958 -0.532645 70
0.0249139 10.9471 70
39.1498 9.43318 70
1.15311 20.9404 70
0.167899 -1.25204 70
-0.233271 -0.408935 70
18.6319 -10.9688 70
-9.77954 -1.06538 70
-0.359301 -1.13707 70
-10.877 10.0833 70
0.0285438 10.0375 70
-29.1163 -18.8662 70
-20.4908 18.7113 70
10.6919 -19.0859 70
-0.131953 -0.751469 70
10.5778 -30.9019 70
-0.165102 -1.19012 70
10.0799 1.38613 70
-9.28177 11.1362 70
1.01896 11.3407 70
9.52128 10.3501 70
108.544 59.0614 70
110.533 60.2792 70
0.944166 -31.2188 70
-11.2979 -10.2448 70
-10.3021 10.8614 70
-9.62142 8.8862 70
-0.163122 8.98611 70
-21.1636 30.9614 70
0.120867 11.0242 70
-0.807701 9.18623 70
-0.885841 10.9829 70
-0.120059 0.179325 70
0.598136 -0.165943 70
10.9605 10.7518 70
-9.66096 11.3548 70
-21.3008 8.92807 70
-28.6917 18.7915 70
10.8282 9.75135 70
-1.25283 -39.9415 70
39.4595 78.7634 70
-0.686759 0.538609 70
-9.17681 -10.5541 70
-10.5987 8.5175 70
-0.614854 0.966043 70
-11.2481 0.916881 70
29.557 1.35908 70
-0.0410394 -10.6154 70
-9.50282 -49.2878 70
-11.45 -0.656706 70
-0.305564 0.122194 70
10.9706 -9.92834 70
-9.64736 10.9629 70
-9.52174 61.0783 70
9.6697 0.129925 70
30.3802 -0.49804 70
50.1792 -9.8935 70
1.24006 -0.913963 70
-9.09848 -9.29962 70
-0.0315536 10.2689 70
-0.118973 -0.412461 70
-49.627 0.410552 70
9.45605 8.62825 70
0.607897 -1.02045 70
19.9806 -0.80531 70
-0.414959 -9.23926 70
-10.2824 19.122 70
-0.483909 -0.982655 70
-0.202207 1.08414 70
0.953644 30.2294 70
-0.940389 9.4232 70
-8.84928 9.48912 70
0.771871 -0.413594 70
-10.7244 -29.3116 70
10.3559 9.93958 70
-29.5699 1.16122 70
-30.2542 -30.8889 70
-0.83916 -1.17816 70
1.32894 -9.50984 70
-21.2109 -1.41976 70
0.831742 11.0448 70
-8.94734 -0.597222 70
-10.1481 0.657779 70
-0.801414 -10.8592 70
1.05741 -8.94286 70
1.06488 0.234928 70
-0.339352 11.3584 70
-11.1836 0.573625 70
0.139843 0.618061 70
-30.7717 -9.16238 70
-50.5725 39.9375 70
-10.0638 11.233 70
-11.141 -10.9158 70
-1.04858 0.887326 70
0.732225 18.9657 70
-0.300699 19.1417 70
0.25889 -0.974439 70
-9.33497 19.0724 70
1.2033 10.8892 70
0.267811 0.325572 70
0.123392 10.7748 70
-0.0123309 9.23732 70
19.6816 -30.0058 70
1.2223 0.728315 70
-19.4437 -1.14558 70
0.706754 -1.04681 70
1.07974 11.1344 70
-18.7778 -10.015 70
8.70178 -1.1129 70
0.677678 -0.44434 70
-0.413844 0.818101 70
-0.502906 -11.0003 70
20.4985 10.0634 70
-0.549721 0.171318 70
-0.747011 8.80195 70
-21.0302 -10.0664 70
9.26831 -19.1012 70
0.0164433 0.561493 70
1.15458 -9.87503 70
-11.4478 0.178382 70
-10.183 0.952943 70
-9.66253 19.9315 70
-8.89101 10.9955 70
0.13885 0.0919702 70
-0.447485 0.983919 70
-0.0702143 10.4088 70
0.0859585 0.128714 70
-8.78571 -9.77615 70
-10.3905 -0.458728 70
38.6802 20.394 70
0.63577 -9.42013 70
-98.8772 19.497 70
1.32006 10.2716 70
9.86851 0.877493 70
-9.06953 9.89895 70
0.489233 -0.96118 70
-0.887561 29.3089 70
-0.249015 8.70542 70
40.5456 -118.516 70
-9.98206 -0.922894 70
-9.07124 -0.975528 70
-21.0988 -0.143029 70
-28.8103 11.2664 70
9.28857 -39.2528 70
10.6033 9.02854 70
88.625 -31.4729 70
-9.45649 -30.748 70
-0.356566 -1.40329 70
0.802948 -8.85858 70
1.08393 0.995217 70
-19.8187 -29.3574 70
1.11264 -0.139353 70
1.10227 9.14683 70
-0.697895 -0.765812 70
-1.04684 10.6124 70
-8.82356 0.710725 70
-9.76375 59.3916 70
-10.0094 59.6884 70
-60.7517 51.3354 70
-0.530764 0.877548 70
30.4527 1.32267 70
-9.87043 -0.317202 70
-0.0169203 -10.1315 70
-0.538043 8.63096 70
-0.153758 21.3095 70
0.238845 0.464028 70
-8.59474 -0.361666 70
10.0488 9.56929 70
-0.53436 0.0902306 70
-40.3647 -10.0851 70
1.12537 0.330414 70
-1.38097 -1.40895 70
9.62165 8.51725 70
-0.694008 -0.463434 70
1.10647 -0.0713579 70
10.5477 11.4726 70
-9.94838 10.0087 70
-20.1576 0.483428 70
-18.5421 10.9019 70
0.854334 0.620327 70
-38.9034 -11.4011 70
40.0734 0.96624 70
0.556247 9.50224 70
-49.6893 39.7019 70
1.20331 9.18476 70
-0.890629 -0.435946 70
-1.00973 -0.83722 70
0.818348 0.0328405 70
1.08123 8.51972 70
0.438133 -0.170465 70
-0.857656 -10.5053 70
-10.3989 10.1582 70
1.49959 0.674557 70
-9.41392 9.66297 70
0.221518 9.13897 70
-89.1358 -100.047 70
0.701061 -11.1813 70
80.0993 -79.6162 70
1.20864 8.6205 70
8.63944 20.4362 70
10.5255 18.69 70
-49.4324 -80.9796 70
-21.045 -0.186263 70
-8.77454 10.9952 70
-9.24158 -29.8412 70
1.42641 0.121732 70
-1.00177 0.440585 70
-11.4459 0.787635 70
-0.0661303 -1.21745 70
0.147895 -0.931425 70
-10.6208 -0.666909 70
1.45734 -9.57469 70
0.519064 -9.88914 70
1.15827 0.331109 70
-0.617872 -0.954802 70
-19.5593 8.92602 70
-18.9241 8.54469 70
-0.93219 19.1229 70
8.93753 -1.09405 70
-1.36878 0.911338 70
-1.41246 -0.712997 70
-0.998914 -0.604526 70
-1.04495 8.57153 70
-0.468275 9.17727 70
0.810678 10.4205 70
10.9168 41.4377 70
-8.90918 -1.16042 70
59.2468 -41.2047 70
-1.24281 -0.858168 70
-0.465154 -0.385958 70
-9.01198 0.155665 70
21.3616 -9.84857 70
-9.94318 -8.81414 70
8.73735 -1.35488 70
39.9219 19.6373 70
-0.503474 10.7567 70
-0.0752134 0.295964 70
0.504801 -11.3795 70
9.57995 -9.12988 70
9.47409 9.18944 70
-0.171289 10.2844 70
-0.273825 10.4852 70
-1.34994 0.0983228 70
71.0495 -20.0117 70
-41.4798 -0.455526 70
-9.67548 -0.360277 70
20.959 11.1477 70
0.93682 10.842 70
1.02474 9.0233 70
-11.2043 -0.28414 70
20.512 0.73492 70
0.756241 -0.259726 70
11.016 0.135843 70
-11.2798 -20.7469 70
0.149912 0.645629 70
-11.3432 -9.72069 70
-10.256 0.585043 70
-0.763582 -1.09723 70
1.35136 8.56871 70
-19.8675 0.726368 70
-29.1611 -18.5585 70
-21.4322 20.5981 70
-10.3847 -11.105 70
-0.467117 41.3287 70
-19.4367 9.34746 70
-1.12049 -1.45847 70
0.445443 -9.1105 70
1.11327 10.7117 70
0.0867603 9.92872 70
-21.2105 11.0289 70
-1.02789 9.40363 70
48.9091 -10.6244 70
10.0097 -9.62772 70
9.01721 -10.1191 70
8.66027 -8.70612 70
18.5509 -10.0201 70
-0.794839 9.55298 70
-8.61941 -0.328472 70
-40.827 -68.7008 70
-0.938461 9.16255 70
0.831414 1.37583 70
8.71124 -10.9524 70
-1.37785 -10.6773 70
11.4685 -19.2554 70
1.0262 0.705578 70
38.5565 8.63393 70
10.3233 -10.5494 70
38.6539 30.2602 70
29.4132 -19.4906 70
-1.40417 -10.8786 70
-19.0968 20.2527 70
0.606773 20.0255 70
-10.9338 8.9305 70
-10.269 -9.76256 70
-11.4822 -10.7371 70
-61.3528 100.29 70
1.34351 -0.0341104 70
-8.96022 -0.578071 70
10.3246 10.8572 70
-69.5747 89.8834 70
-20.0538 1.21968 70
-0.330015 10.8717 70
-10.2822 11.3972 70
-0.570992 1.12215 70
1.08098 -1.24245 70
-11.3143 -0.394399 70
-8.60935 -0.7951 70
-8.68682 1.03037 70
-19.62 -8.63628 70
-8.83708 0.940108 70
-11.3054 10.9325 70
-21.3501 9.32865 70
10.6296 11.1708 70
-20.4648 -0.654119 70
-18.9514 19.355 70
-0.332081 -0.56601 70
-9.0372 -1.48316 70
11.4958 -10.7835 70
-8.84582 10.4454 70
-10.8292 9.14359 70
-0.286585 -0.615018 70
-10.122 0.369165 70
9.49078 0.484065 70
39.3795 0.401919 70
-10.2733 20.37 70
-8.57547 11.3246 70
0.492829 0.79037 70
-10.2357 30.9772 70
0.206027 -10.5427 70
8.52358 0.121608 70
11.0989 1.31904 70
-19.3501 -19.6937 70
8.63062 -9.78604 70
-11.0846 18.7783 70
-20.4552 -1.14269 70
0.612709 1.29174 70
-1.0514 9.27712 70
30.9364 10.5473 70
30.928 101.178 70
-10.8244 10.4848 70
0.384508 -1.08734 70
-0.706141 0.375013 70
1.09793 9.91205 70
-0.747239 10.881 70
0.308423 0.768682 70
-10.9877 -1.43665 70
-0.573328 -0.115303 70
20.9517 -31.4836 70
1.09371 9.49047 70
0.626217 1.28608 70
-0.347406 -0.570257 70
-8.67448 -20.4326 70
0.968925 -0.269162 70
0.938326 0.71706 70
-9.78488 10.624 70
-9.91598 9.46949 70
-8.76394 1.21406 70
-10.8369 0.797714 70
-0.787769 10.8958 70
19.0825 19.6792 70
1.04215 -0.348205 70
-8.8408 9.59318 70
0.251672 -10.2483 70
-10.7544 0.51863 70
