0.284551 -0.358036 70
19.9691 9.49999 70
19.1913 11.4988 70
0.390117 -1.19643 70
10.143 1.16196 70
8.64514 0.461549 70
10.3644 -11.138 70
11.0049 -8.75708 70
0.147066 -1.26694 70
-10.7701 -20.6062 70
30.587 -19.4813 70
-20.3063 29.2584 70
20.4449 0.513769 70
9.09258 0.889259 70
-100.576 49.054 70
-10.0611 -0.984499 70
38.9738 40.0296 70
-1.14408 9.82885 70
0.161609 -0.935499 70
-1.06915 -0.702578 70
10.2968 0.269853 70
9.59211 -0.847436 70
20.7797 1.39695 70
10.188 -1.28216 70
0.296873 -0.392053 70
9.92719 -0.707054 70
-18.9923 -18.8734 70
11.1832 9.14879 70
10.2804 -1.31011 70
-20.9821 -11.1206 70
21.4752 8.912 70
11.3513 -0.553255 70
9.91093 -19.3522 70
41.3657 -21.0221 70
40.474 -18.903 70
-0.61223 1.01275 70
9.45813 10.7471 70
-0.806949 0.248931 70
10.9978 -19.487 70
-0.598813 8.551 70
-1.4058 -0.980958 70
11.4841 -0.697795 70
8.52024 8.61319 70
10.7391 -0.363898 70
1.42647 0.96965 70
0.15179 10.8084 70
10.796 -1.06182 70
21.3367 10.9889 70
1.23062 0.227804 70
0.161388 9.60079 70
9.24344 10.4633 70
-51.4697 110.043 70
-1.24717 10.1228 70
-0.848976 1.08332 70
0.558692 0.630876 70
1.41928 10.8468 70
-0.446812 0.831647 70
21.431 10.1757 70
20.2507 -19.4468 70
11.0287 -8.62166 70
-1.06375 -18.8279 70
10.9791 -0.465119 70
-31.3437 -19.1043 70
8.67665 -0.63513 70
-0.267326 -0.172975 70
19.0711 0.618524 70
0.529024 -0.941595 70
10.6267 0.280724 70
-8.6606 19.9889 70
10.3204 8.76771 70
-0.0599737 -1.29205 70
10.5485 0.121205 70
-60.6753 30.2933 70
10.2763 8.79109 70
9.04175 1.46529 70
18.6818 -11.1541 70
19.7177 0.0218372 70
-68.6495 -18.5882 70
58.7009 70.1329 70
1.45715 0.952049 70
1.26633 11.2692 70
9.1616 -9.66993 70
-10.4713 -19.803 70
48.5886 -10.364 70
-0.227127 0.00441245 70
10.8808 10.1576 70
10.1732 -19.0708 70
10.0672 1.2184 70
20.9806 -9.26912 70
11.4794 10.6321 70
8.55685 9.05018 70
11.4717 9.27113 70
-1.32837 0.653546 70
10.3148 1.37192 70
1.24012 8.57631 70
-1.39455 1.27724 70
-10.6904 -8.57309 70
39.5408 -31.4425 70
9.50648 0.73562 70
9.27304 -1.0045 70
10.886 -0.357592 70
-21.3241 -9.47375 70
10.5133 0.395663 70
10.2269 0.606712 70
21.2788 -9.06025 70
21.387 9.17774 70
20.1394 11.2632 70
-0.859183 18.9119 70
-1.21986 0.129952 70
19.5498 19.4931 70
-19.433 30.0712 70
-1.19657 -1.35929 70
-0.524903 -0.272024 70
9.8797 20.6453 70
-9.85429 0.965059 70
0.0238821 1.45216 70
-40.9441 -29.3124 70
-41.0169 -38.744 70
-9.68332 -18.8469 70
11.1806 39.8819 70
9.76608 39.5377 70
9.97843 -0.565509 70
-10.9563 -8.90684 70
-1.26583 -10.8877 70
1.35433 -9.2835 70
8.95157 1.01906 70
-0.103588 1.39519 70
49.582 -10.9829 70
39.4189 19.837 70
0.391667 1.39759 70
10.1193 1.28152 70
9.01354 -1.31183 70
1.40491 -10.0378 70
11.2155 11.2218 70
31.3331 20.2636 70
8.647 -29.6045 70
9.78393 -1.40427 70
-1.06174 9.44692 70
9.78155 -19.3984 70
9.72655 -9.70503 70
11.0334 -18.7205 70
8.95335 -0.386639 70
-1.17647 -0.802107 70
9.01851 11.4935 70
18.64 -30.9913 70
9.25749 0.773712 70
9.65859 0.900364 70
-0.23113 0.980033 70
-1.35377 -10.1348 70
11.2703 -9.44521 70
0.876961 -0.921401 70
1.26576 0.770212 70
1.09538 10.2065 70
-8.98784 -9.12207 70
61.4321 10.2367 70
1.39358 0.480023 70
-0.521758 0.993844 70
-1.36555 9.09065 70
9.55152 1.17104 70
11.0069 -0.703458 70
39.4593 28.7993 70
-1.12804 -0.435327 70
-10.2274 0.819523 70
10.1471 11.0128 70
1.04275 0.726147 70
-0.0622473 0.41842 70
8.65882 -0.817427 70
-0.789383 0.815407 70
0.887551 0.274486 70
19.2678 -31.3239 70
11.2714 -9.05603 70
-9.99202 -0.184632 70
-9.78411 -1.24537 70
1.02865 -0.611062 70
8.94671 -10.1477 70
9.989 -0.0172495 70
0.504721 -9.06882 70
11.2952 9.43608 70
30.6133 -8.71285 70
10.95 8.66023 70
9.88924 30.4151 70
11.3048 -1.2154 70
-1.08203 11.3948 70
-39.6024 -40.2491 70
-40.6291 -41.3421 70
-8.98563 8.63523 70
-1.28346 8.94003 70
30.8616 40.4016 70
21.0599 -20.9517 70
8.68876 -0.0984321 70
-8.57381 -0.204589 70
1.36879 0.455969 70
10.9202 1.46702 70
-11.2136 -1.17597 70
19.7101 -0.261033 70
1.01825 0.0477031 70
11.1015 -1.36308 70
-1.00412 -1.37459 70
-8.63297 10.8272 70
11.3745 0.155307 70
18.6476 19.3641 70
20.4805 -11.1569 70
-0.293298 -0.966596 70
8.68278 0.289462 70
11.0332 0.050935 70
11.0909 -1.32895 70
-10.8651 1.42281 70
-9.1683 -0.85195 70
49.4083 50.9926 70
1.28496 -0.673731 70
1.13329 -1.09776 70
10.3849 0.943731 70
10.348 -0.140554 70
49.4143 -20.1523 70
1.40208 0.950544 70
-18.7026 -21.4807 70
11.2295 20.5534 70
8.98477 21.4239 70
-10.1906 -8.61884 70
10.5803 9.69303 70
19.68 9.96149 70
11.2461 -20.1808 70
19.8025 40.7975 70
1.04482 -0.0347372 70
-0.772648 1.15826 70
-9.82853 -11.1352 70
1.40873 40.3099 70
-9.51453 -8.7548 70
20.6172 -8.97512 70
8.96141 10.3413 70
-29.307 -29.7604 70
11.4688 0.53815 70
-19.1651 19.4055 70
40.9177 -38.8838 70
-0.585429 10.0198 70
39.9481 10.2998 70
-29.7999 -70.3267 70
-0.151785 -0.772219 70
-0.865118 -11.4853 70
0.662285 1.14416 70
19.4227 29.5557 70
30.1792 29.4979 70
11.191 0.375166 70
30.5986 -39.5966 70
-10.0324 -10.4711 70
10.1154 28.9272 70
10.2081 70.4406 70
8.68956 -0.632852 70
-20.2712 -58.874 70
-11.3381 -10.6168 70
-1.0449 -0.770081 70
11.3183 1.25305 70
-0.0296808 -0.342579 70
29.8868 30.7626 70
-0.816972 1.25103 70
1.19916 -20.3361 70
10.9318 9.92869 70
-79.8132 -61.2094 70
9.50869 -0.699717 70
10.5454 1.33349 70
-0.104606 0.551234 70
0.640501 0.728559 70
9.67568 11.1666 70
9.04923 20.1717 70
0.288661 11.1854 70
0.198949 -0.296673 70
0.00358884 0.757961 70
1.00034 0.235404 70
10.0395 -1.45026 70
19.2952 31.0123 70
0.236233 1.09293 70
-1.01065 -10.3861 70
1.06674 -1.35959 70
10.9075 -1.40848 70
11.4718 -1.18442 70
-8.64518 0.8188 70
0.503149 -0.540866 70
-20.369 20.0861 70
19.3035 -0.0129408 70
30.8162 11.2839 70
-28.7645 -48.7591 70
-0.695411 0.809572 70
-0.459299 31.0873 70
0.223517 10.1695 70
10.6869 10.1093 70
10.5373 9.55555 70
-1.45141 -11.1919 70
9.67193 -0.225314 70
-0.0395052 -10.2217 70
19.8789 1.47059 70
49.1203 -101.365 70
11.0005 18.5943 70
9.11689 0.800298 70
-10.8757 -1.43006 70
-0.644521 -0.508197 70
0.436609 9.69495 70
-1.49422 0.35236 70
9.8836 -1.29084 70
0.902544 0.9267 70
-11.1185 -10.2157 70
11.2815 -9.1776 70
0.176864 -0.0617452 70
19.7214 1.10575 70
10.6556 -1.1695 70
9.7686 -1.48159 70
9.95641 1.47649 70
1.31368 -9.02589 70
8.97666 0.273195 70
8.76072 -0.0998221 70
-1.37741 -0.480373 70
1.2733 -0.611848 70
0.499358 9.55857 70
-20.6654 9.37879 70
-9.61565 30.3222 70
1.0435 21.4233 70
30.0422 19.442 70
-30.4491 -1.1488 70
1.08234 0.226438 70
-10.9842 19.28 70
-9.69221 -10.9685 70
-18.8553 61.1729 70
18.5856 -18.6749 70
-9.84677 8.65517 70
30.8291 11.4045 70
-0.207656 0.7777 70
-1.05044 0.71587 70
0.736752 1.21963 70
9.89491 0.947266 70
39.7748 -28.9654 70
19.9808 10.4006 70
-0.490543 -0.350512 70
-1.31336 1.09056 70
-0.160708 10.7422 70
8.96685 1.36329 70
10.5757 -10.6668 70
-19.9079 28.6407 70
0.557761 -19.3113 70
10.1773 -9.32037 70
19.6873 -11.1733 70
9.80054 1.39811 70
-0.658402 9.65101 70
0.301433 0.283666 70
11.3521 -0.562293 70
10.9066 -0.29791 70
9.60687 -0.0422119 70
99.3424 1.2807 70
-8.57283 -18.9414 70
-9.11866 -20.5359 70
-9.4134 10.4963 70
-0.14389 8.94363 70
-8.90919 -20.0504 70
-0.539754 1.44511 70
-0.293015 1.09429 70
0.340677 1.17579 70
9.41463 20.0134 70
0.248219 0.201987 70
10.3912 -0.366232 70
-0.912155 18.682 70
8.9912 21.1661 70
0.376481 0.18381 70
-0.776817 9.74518 70
1.0998 -0.935066 70
-90.9848 91.3945 70
9.1763 10.463 70
10.3639 0.75425 70
10.7572 0.372131 70
-0.904389 10.3492 70
8.53146 1.26238 70
30.9291 -40.9256 70
-8.88759 -99.3016 70
1.17519 0.547719 70
0.75654 -0.799334 70
78.5674 89.3564 70
78.8667 89.653 70
40.1032 -39.8705 70
-10.6073 1.26752 70
-0.504821 -10.7028 70
8.99545 9.24131 70
-50.5383 0.354053 70
-49.1826 1.36319 70
1.07869 -9.02774 70
1.22223 -0.837211 70
-20.7532 30.5077 70
21.1984 9.69305 70
9.27551 0.174123 70
-8.71023 9.51771 70
0.246645 9.10158 70
-0.611373 1.01968 70
0.681358 0.527369 70
11.1869 0.580279 70
10.9213 0.774907 70
0.926415 49.6128 70
9.47483 -9.2414 70
9.25513 1.10702 70
-1.45416 10.3011 70
-9.13905 8.62925 70
0.544685 -9.92573 70
29.2879 9.49056 70
10.3927 -10.9908 70
8.70624 9.91655 70
-9.0789 0.227239 70
0.461805 1.10522 70
10.1335 -11.3629 70
-0.945182 -10.0099 70
11.1283 0.18738 70
9.70067 -19.0169 70
-0.691594 -0.316624 70
91.2937 -21.4445 70
20.4656 -0.880048 70
119.131 -40.2437 70
9.44051 0.295618 70
41.4924 8.89026 70
-18.6449 -31.2137 70
-0.673529 10.9473 70
10.2162 0.925122 70
-9.50217 -9.21971 70
-0.603478 0.566541 70
9.41684 0.80662 70
9.14892 -0.509353 70
10.8407 10.9703 70
9.23741 -9.52236 70
11.1542 -8.87372 70
28.8942 30.3282 70
-0.543425 9.71139 70
-11.3895 1.42385 70
0.438 1.46231 70
9.73209 0.990341 70
9.80232 11.1873 70
-9.25491 19.7408 70
10.1583 8.82749 70
-0.66235 -0.485183 70
11.1825 0.931253 70
-10.1851 -0.0392287 70
18.7908 1.12782 70
50.6526 -19.8046 70
39.2914 110.175 70
0.32359 11.4772 70
10.4625 -0.899094 70
8.55114 -9.74018 70
-11.1887 8.70652 70
-30.4345 -70.2511 70
-0.152591 -0.218991 70
1.16169 0.525218 70
9.95977 0.697215 70
9.29291 20.1563 70
-30.8259 19.135 70
-1.21469 11.193 70
10.0355 -0.326485 70
40.5413 10.6486 70
1.12416 -1.39751 70
0.298814 1.35319 70
9.55392 11.319 70
50.9275 -9.10166 70
-0.687285 -9.58793 70
9.3419 -1.23806 70
-0.214145 18.9127 70
11.2511 -0.80936 70
20.7382 11.3583 70
-40.8361 -49.5267 70
-10.2533 10.6392 70
10.743 10.4563 70
0.665545 0.422031 70
0.0993445 0.401468 70
-11.1197 -10.9606 70
-1.0585 1.16562 70
0.455977 -1.47095 70
-1.29423 -0.34741 70
29.1229 -8.52736 70
9.45331 9.99001 70
9.19427 -19.1986 70
-20.2136 19.3774 70
9.09646 10.9236 70
10.298 1.31352 70
-0.761651 8.68511 70
10.8836 10.5287 70
9.04089 0.0197371 70
20.5658 18.5085 70
-1.08968 8.73321 70
-0.676017 10.3449 70
11.3088 -9.65746 70
-0.497884 0.467625 70
-18.9041 -30.3651 70
-20.4658 -31.4128 70
11.1186 -1.20662 70
0.485055 -1.2012 70
0.55252 -0.393559 70
-9.64547 10.7578 70
20.5359 10.7179 70
0.699003 10.1633 70
8.83649 0.251085 70
10.1847 -0.536246 70
28.9577 -28.5898 70
-0.223144 -10.7645 70
-18.8233 -10.7531 70
10.8382 9.1134 70
8.73738 -0.0483981 70
-21.2086 -31.2281 70
0.0815266 0.0932963 70
40.5003 30.9048 70
8.52713 1.30998 70
10.7001 -10.7087 70
30.5542 -10.9309 70
-0.661918 0.0134574 70
10.7154 -11.2719 70
8.85153 11.2878 70
10.8887 1.04097 70
11.2776 -1.30949 70
-9.01639 20.593 70
8.86482 0.288996 70
9.93248 1.17461 70
8.79474 1.32061 70
9.1817 10.5165 70
9.38451 9.14332 70
21.3695 -11.0855 70
21.3278 19.0289 70
-0.110168 -0.867813 70
0.736325 -9.84473 70
-9.04186 -11.0716 70
0.465844 -10.2797 70
-0.487528 11.3439 70
-10.4601 -1.18625 70
20.3138 1.23329 70
19.6356 1.33741 70
-8.51964 -1.03208 70
21.3924 -19.0371 70
-9.74 -1.38176 70
-10.5432 20.3234 70
18.6948 1.36322 70
10.9275 -1.19519 70
-0.0219633 -0.374794 70
88.9448 70.1887 70
-1.15302 0.764977 70
9.88227 20.0062 70
-8.90185 1.05019 70
11.1664 9.06093 70
11.3961 -0.20875 70
-28.5429 9.65596 70
-1.44038 -20.2626 70
10.8025 -0.540274 70
-18.7332 21.3144 70
11.0517 -0.381157 70
-0.758521 1.03152 70
8.77634 1.01654 70
10.2218 29.6003 70
30.7999 -31.3459 70
20.7172 -10.8561 70
-0.633344 -0.309776 70
9.57763 1.43464 70
-1.01382 10.4918 70
-18.904 -0.413231 70
19.242 1.0054 70
11.1429 1.02111 70
-0.407202 -1.3656 70
10.8556 -0.0758562 70
8.87758 -1.4142 70
0.240525 -0.64646 70
68.8078 -1.40568 70
31.4161 -10.9365 70
0.340407 9.86194 70
50.6635 28.8484 70
0.635671 11.1608 70
8.98891 8.76522 70
-21.0635 20.7185 70
9.92987 -9.1804 70
10.4165 -0.259406 70
28.7519 18.7955 70
20.622 -10.4726 70
9.07733 21.3018 70
-1.19344 -21.1377 70
40.0706 -10.0855 70
0.924873 -10.3708 70
10.3796 -0.163037 70
0.359924 1.39439 70
-1.27643 8.53239 70
9.09209 58.9173 70
0.0421492 1.34046 70
-11.4104 8.52867 70
10.3199 -19.2784 70
-0.470425 1.16511 70
-10.2828 -9.57365 70
9.7912 0.377061 70
-30.7407 49.121 70
9.98768 -0.701059 70
39.2359 -40.7379 70
29.9998 29.7717 70
-11.0001 -0.32056 70
-1.33876 29.1787 70
-18.8673 -0.226479 70
49.1193 10.9258 70
-0.984974 10.5642 70
11.4726 -0.856534 70
38.5 40.6277 70
30.691 9.00953 70
1.0749 -29.2655 70
0.456649 -0.151677 70
0.495642 0.292555 70
-1.14492 -0.694953 70
-10.6672 21.0138 70
39.1008 -20.8661 70
10.2929 10.5053 70
10.5459 8.79598 70
19.3009 0.551467 70
10.7044 -1.01448 70
-11.16 11.0209 70
-9.13153 20.4772 70
-11.4085 9.21643 70
10.8866 9.12909 70
9.74916 10.6447 70
-0.94218 19.7951 70
-0.442646 -0.612819 70
-0.448206 0.0881684 70
10.5652 1.07526 70
9.04611 0.0763288 70
9.34518 0.15117 70
20.23 20.5594 70
20.2714 19.6086 70
19.4434 -1.42024 70
10.8372 -1.4914 70
30.0709 -29.0189 70
8.97542 0.0437957 70
10.3344 -1.28499 70
0.254805 1.37708 70
60.2291 -21.431 70
59.0082 -18.6612 70
11.0446 10.8754 70
1.45466 9.9511 70
41.1243 -0.0639354 70
-10.9305 -0.588549 70
-0.535384 -0.753821 70
0.0755235 -11.3001 70
-0.203956 -9.484 70
1.32769 -9.23787 70
-1.32577 1.01838 70
8.98056 1.4983 70
0.269629 50.7145 70
8.5528 -9.23822 70
10.8793 0.736522 70
-0.213415 10.0413 70
19.9814 0.907844 70
9.30192 -20.8126 70
58.7489 11.1521 70
11.3546 -1.32332 70
9.27379 19.0261 70
-79.2225 9.88301 70
9.7319 -1.21384 70
-1.06773 -0.653409 70
-28.6822 -11.4673 70
-0.384191 11.32 70
0.55129 0.38064 70
19.3713 -8.85187 70
-0.101981 1.28251 70
-0.843961 -0.704908 70
-0.1197 -10.9447 70
-0.651046 9.20109 70
-19.3762 -0.106791 70
-20.2288 -1.00655 70
0.643535 8.86871 70
8.73761 0.20041 70
39.0995 -18.7263 70
18.5806 0.306517 70
10.2057 1.38994 70
-0.797608 1.46004 70
11.1622 -10.1201 70
21.095 -9.90086 70
-1.23379 -1.30424 70
-1.21883 1.24501 70
-0.060915 0.937344 70
-0.915114 0.257086 70
20.1847 -18.6895 70
18.9425 19.1372 70
0.536814 -10.2062 70
1.42913 -0.142147 70
0.608096 -0.879133 70
0.646443 1.24188 70
10.4281 1.18934 70
9.31805 0.377758 70
-1.3752 0.507012 70
0.169786 1.34032 70
0.289095 -1.41869 70
-0.468323 -0.539071 70
39.4069 100.013 70
0.538677 11.3734 70
31.0121 18.923 70
-1.4471 -10.4171 70
11.1376 0.639783 70
11.2532 0.0243631 70
21.4082 -79.3391 70
119.616 9.68275 70
21.1301 9.09604 70
9.61914 -20.5984 70
10.4127 11.0923 70
8.86706 -0.294351 70
