11.3742 -11.059 70
1.3299 10.439 70
9.73566 -19.3639 70
19.8035 -0.999595 70
9.08699 -0.742009 70
9.64605 -0.818095 70
8.7573 -8.65119 70
8.86002 -1.04393 70
9.64596 -10.4649 70
-0.524595 -9.06022 70
11.411 -9.65402 70
10.0628 0.987011 70
-1.34851 -9.90701 70
0.97339 10.1097 70
39.4455 -19.7266 70
10.6001 -9.21985 70
10.7275 1.04385 70
-0.0311912 -1.47763 70
-1.26937 -9.4225 70
8.55734 9.59338 70
9.0172 -0.862922 70
39.5842 29.796 70
-10.7881 11.4501 70
30.9663 -61.2508 70
9.55961 1.15575 70
11.1892 -1.3988 70
-30.9912 -8.88412 70
-29.9531 -40.2529 70
-28.5611 -40.5349 70
1.4325 -9.05104 70
1.04262 1.1179 70
0.568542 0.786617 70
1.34618 -9.43516 70
10.6728 -1.26819 70
-19.9076 19.4164 70
10.1576 -10.0576 70
11.1444 -10.65 70
9.56099 -1.463 70
19.3976 -21.2108 70
1.46204 -11.2619 70
29.6908 -10.0692 70
28.7433 -9.69865 70
39.1877 -11.1606 70
48.662 10.8235 70
-10.7676 1.41026 70
-9.85515 9.52645 70
-11.0756 20.0044 70
39.7746 -11.0306 70
-0.261813 -8.96751 70
10.0115 1.106 70
10.9045 -8.98292 70
-9.66891 -0.0717029 70
-1.13685 -10.7673 70
-9.7109 -10.0891 70
-0.256663 8.56351 70
-1.47604 -0.158312 70
19.6285 29.5691 70
-1.09063 9.22995 70
-0.935355 -11.4374 70
-1.21164 -10.4869 70
0.256037 -20.934 70
10.61 19.0176 70
20.0704 19.8468 70
20.9392 19.1545 70
9.49575 -10.9652 70
9.92026 0.830729 70
-29.7298 -69.8978 70
9.8869 0.653825 70
19.453 -9.82478 70
0.53204 -9.85091 70
1.0768 -8.99318 70
-1.37849 -30.0225 70
1.39713 -0.831673 70
1.35307 -0.404705 70
20.1971 0.746631 70
0.401604 0.730653 70
-20.0225 90.8619 70
0.588514 -19.4815 70
10.6494 21.0086 70
18.5674 -9.58247 70
0.0816469 -8.52411 70
18.8908 -1.34891 70
-1.30726 0.937271 70
-0.529177 -11.2373 70
-10.5937 10.1682 70
-0.172812 -9.41892 70
-79.1325 9.47336 70
-0.726167 9.55925 70
-11.1716 19.4725 70
1.44321 1.29685 70
10.8718 0.9509 70
0.822298 -10.8428 70
-40.2073 -50.806 70
19.121 -18.8458 70
-0.567398 -9.27115 70
-9.19118 -30.4345 70
-10.2712 -29.3416 70
9.58896 -19.6623 70
1.4256 0.0577774 70
58.5599 -10.4166 70
0.859816 -8.99244 70
21.1284 10.7528 70
8.53187 -9.30413 70
-10.4564 -9.59831 70
1.18007 -0.342707 70
9.44846 0.0188768 70
10.0932 0.444442 70
-40.2134 20.266 70
-49.923 49.0155 70
1.31539 1.17257 70
-1.31238 -0.834198 70
11.3512 -50.3435 70
10.6245 -49.0185 70
11.0336 9.71617 70
1.06143 0.0693102 70
20.059 10.2922 70
20.8046 -0.240209 70
11.0213 -19.189 70
-11.1909 19.879 70
11.1536 9.08145 70
-0.985596 -19.6565 70
0.48427 -19.4841 70
9.82323 -0.315144 70
-11.1413 -8.69768 70
10.883 58.8944 70
0.265421 0.338018 70
40.4905 -19.5157 70
31.1154 -61.2821 70
30.0217 -0.0768125 70
11.0645 -11.3012 70
-1.24681 0.502993 70
38.6352 -0.4629 70
8.60601 1.12313 70
8.8719 -8.57556 70
-0.48901 -20.9107 70
8.67818 -0.984501 70
9.61658 -10.9062 70
1.0205 20.8513 70
0.509375 -9.27652 70
8.97858 -18.9485 70
0.74986 0.397568 70
19.6908 20.5523 70
-0.221146 -20.2253 70
31.1043 0.270327 70
29.1337 -1.04715 70
8.99275 9.76714 70
-30.8072 70.3782 70
19.6057 -8.93437 70
0.63514 -0.0684581 70
8.77024 -10.5839 70
-21.4753 -30.1679 70
0.259277 -9.47169 70
0.397022 0.177219 70
9.55525 0.858713 70
20.2007 11.3591 70
-0.0338005 -10.7929 70
0.192173 -11.1772 70
-19.9117 -18.7489 70
-0.603919 -9.25597 70
1.12523 0.716227 70
0.243749 -19.1675 70
-10.4781 0.519028 70
10.4846 0.410516 70
-10.592 -49.1207 70
1.39585 0.395022 70
9.65801 -0.703445 70
1.274 -8.64723 70
11.1621 -0.886874 70
10.3084 -0.789486 70
-20.2275 -1.31086 70
0.689464 -0.407204 70
1.16328 -8.82956 70
1.09901 1.2435 70
9.80625 -9.47183 70
1.45516 0.619491 70
0.0464923 -0.650387 70
0.839002 -1.16832 70
-9.46838 0.716221 70
18.977 39.4916 70
10.6645 0.802863 70
10.8418 0.1577 70
-109.412 80.8951 70
30.9221 0.386652 70
9.9003 -1.44159 70
-0.5764 -9.05463 70
0.39696 9.40414 70
-1.17299 -10.4842 70
-0.0837539 -0.647204 70
10.5011 -9.59501 70
-30.8041 69.1195 70
10.6186 0.740397 70
-8.97651 -10.41 70
-0.60661 -1.15099 70
-1.46181 -0.313598 70
9.14232 -11.1195 70
11.0305 -9.43206 70
10.6984 -0.8146 70
9.06629 -10.1811 70
-1.38152 -10.4526 70
11.1928 10.7271 70
11.1975 0.172976 70
-11.1821 -19.8793 70
11.0482 0.24892 70
-10.5858 -18.5056 70
-8.91499 -9.05668 70
1.25896 0.745114 70
10.5484 -9.24332 70
1.35193 -0.65535 70
-0.987821 -1.29004 70
-50.2351 -39.6278 70
0.525441 -10.3196 70
10.0301 -0.1442 70
0.336699 0.526571 70
-60.1178 -9.93239 70
29.6122 -8.53699 70
-8.7032 -0.868566 70
9.67617 -11.4101 70
0.871168 -0.0826675 70
20.295 -19.7087 70
0.216242 0.481155 70
-10.499 -20.4726 70
-0.623376 -11.0919 70
9.51271 10.1015 70
1.03793 -0.814003 70
-10.6569 8.65053 70
0.0409887 -0.62416 70
9.13903 -1.25725 70
18.7481 10.5756 70
19.8095 10.2485 70
-0.86435 1.15077 70
-0.247018 -20.8345 70
0.0447849 -0.350038 70
9.92976 -9.73466 70
8.85393 -29.5666 70
-0.264549 -8.82393 70
9.3485 -9.16975 70
-1.28177 20.4408 70
9.77016 -9.51881 70
10.2008 -10.1427 70
0.429934 -0.101298 70
-20.0097 20.3539 70
-19.4996 19.3745 70
-0.268181 -30.7097 70
0.985863 -1.17639 70
9.81348 -9.0523 70
19.823 0.981795 70
-1.35716 10.3124 70
30.3244 9.39138 70
10.3489 9.07037 70
-0.316705 -9.28488 70
1.15641 -11.087 70
-1.18862 10.8303 70
9.54047 -10.9243 70
-0.677113 10.35 70
48.6365 -59.9222 70
-0.366198 1.11127 70
-21.3002 -41.0779 70
18.7069 1.31666 70
0.86309 0.215594 70
1.22446 -9.36448 70
11.4517 -29.2402 70
20.0887 9.5368 70
0.634811 -0.708274 70
-18.5108 -10.0649 70
11.186 -50.6556 70
0.126396 -9.23573 70
9.8392 9.82264 70
11.2718 -0.855534 70
10.7352 1.23651 70
11.1648 -28.7068 70
60.6196 40.5434 70
9.28649 -1.42711 70
0.340163 -0.00126597 70
-1.29593 -0.792293 70
9.5172 -30.5972 70
-10.0258 0.971408 70
39.6816 90.4808 70
1.45031 -19.1755 70
-0.971361 -11.1 70
28.7168 -39.5254 70
0.957006 0.323974 70
-0.732252 -0.222681 70
19.3972 8.9139 70
-31.0693 -18.6363 70
30.8108 -10.8935 70
9.31542 0.952011 70
9.35474 21.2681 70
9.2938 -8.53613 70
1.27341 -21.1068 70
-0.427132 1.3238 70
-21.1765 49.9022 70
-0.681133 -11.0529 70
-18.6545 -48.9913 70
0.626494 0.499805 70
-9.24319 -10.5269 70
-20.3355 38.689 70
20.3593 8.6497 70
-10.4123 -21.1988 70
-0.308934 -9.7938 70
-21.3879 20.6255 70
-0.344648 -8.756 70
0.241508 -19.7264 70
-1.43874 11.0635 70
-18.6064 -29.5357 70
-19.5952 -30.4948 70
60.8134 -68.844 70
8.64476 20.7457 70
9.39329 -0.169816 70
10.2383 20.1194 70
-40.3446 9.97006 70
-18.9668 -8.64517 70
-1.34805 -11.4211 70
18.8189 0.958919 70
-0.896788 -10.8595 70
10.6206 -41.1571 70
0.409889 -10.4668 70
-18.6428 -20.0939 70
21.3553 8.94688 70
-9.86995 -10.5008 70
31.1168 39.6836 70
-50.6746 10.2459 70
-0.458633 9.74114 70
21.354 -19.7716 70
0.969416 -10.7087 70
-20.7773 -20.5178 70
0.015361 -11.4866 70
11.4564 -0.910423 70
9.81636 -9.05357 70
-0.248455 18.9906 70
11.4035 1.15306 70
-9.60933 -10.0631 70
11.3993 -8.80287 70
-1.17376 -0.869351 70
11.2616 0.465255 70
18.7075 -0.615289 70
-0.909299 -0.233822 70
11.4242 -21.1271 70
18.7188 -10.4864 70
1.18148 -0.596078 70
8.51274 -10.3982 70
-1.48135 11.066 70
9.33484 -0.0761464 70
10.9788 -10.226 70
19.2906 -21.3469 70
-1.20869 -0.606287 70
9.25856 -20.6254 70
9.22186 0.343106 70
10.0131 -0.889633 70
8.86006 -0.787905 70
68.5639 -69.8611 70
-1.37668 11.135 70
0.38445 -10.7387 70
19.6462 -11.2439 70
-9.10696 11.4134 70
-0.0348642 9.12712 70
0.867363 0.487046 70
8.54334 9.50444 70
-11.4035 10.4307 70
1.46896 -0.990856 70
-18.5684 -11.3458 70
11.2966 -0.163573 70
11.4926 -10.2998 70
10.7227 -0.53954 70
-1.08599 -9.66552 70
19.8398 9.58783 70
20.5832 9.80722 70
11.2527 11.4508 70
-0.446025 8.85907 70
0.738542 -9.01051 70
-0.897784 -1.4746 70
9.64218 10.0011 70
9.21099 0.479688 70
0.720616 -0.0515181 70
20.6942 9.15712 70
20.3974 8.65569 70
90.837 31.4829 70
-40.3167 -1.19402 70
-1.44868 -0.653326 70
9.82518 -10.7168 70
-10.3442 -20.6558 70
9.65551 -10.2653 70
-10.7597 -0.577468 70
0.480453 -10.4132 70
10.1946 -9.18015 70
9.30319 -8.68688 70
0.678783 -0.952706 70
11.3062 -0.948702 70
11.4365 -11.3372 70
8.89194 -0.0756083 70
10.2442 -8.6639 70
0.743325 -0.770617 70
1.00788 -9.3619 70
-9.16072 -10.2763 70
-18.7761 -10.4712 70
-50.0674 -29.4467 70
-20.2989 -11.2638 70
-10.47 9.13623 70
-10.2914 10.468 70
10.3403 -21.4434 70
-0.330496 0.349716 70
-0.447872 -9.07577 70
0.571901 -11.3509 70
-0.996042 -10.6306 70
21.446 -29.5854 70
-11.2672 -0.243512 70
1.32697 -0.358428 70
20.0639 9.58461 70
50.7818 -0.865867 70
-0.394051 0.296531 70
29.121 19.2894 70
28.6734 20.6334 70
-40.9436 -49.418 70
9.52682 30.8387 70
1.07123 -0.189241 70
-0.589387 1.27449 70
-10.121 -10.2827 70
-0.413994 0.22605 70
1.2419 -11.1402 70
-10.5763 0.611723 70
-1.36944 -8.62956 70
29.4309 -58.9592 70
39.6698 -30.2942 70
30.7958 19.293 70
29.9833 41.2213 70
21.0625 -0.590753 70
10.3646 8.96202 70
0.566707 0.699137 70
8.83401 11.3634 70
-1.41852 9.34247 70
69.6708 -40.5872 70
21.1893 -9.52169 70
8.98891 0.678434 70
-0.1307 -19.9237 70
1.11019 60.632 70
-1.29748 39.9199 70
-10.4083 -11.1556 70
-1.24462 10.0557 70
20.4069 10.0606 70
10.6698 -0.276702 70
30.9279 10.2534 70
-1.13405 -9.83005 70
-0.761095 0.0285573 70
10.2286 -1.25396 70
11.367 -11.2331 70
-1.43018 -9.87337 70
8.84666 9.28877 70
9.34216 0.658079 70
10.964 0.109021 70
9.553 -21.2915 70
0.804836 -0.0636505 70
-30.1496 -0.346782 70
8.75158 9.67031 70
0.662675 -20.975 70
89.7488 60.7587 70
19.3331 -10.8507 70
10.4577 -9.30226 70
10.6775 -0.0419582 70
0.403846 -0.241583 70
-0.879791 -1.27483 70
0.885558 -9.0316 70
11.3399 0.283514 70
-0.137976 0.839531 70
-50.5775 -9.7014 70
-0.165012 -10.2413 70
8.93317 -9.41604 70
1.37965 -39.1214 70
-29.4266 1.48491 70
-0.682939 0.679883 70
18.9379 -1.19484 70
0.597861 20.0975 70
-10.0613 10.1687 70
0.374492 -20.0254 70
-0.446601 -1.09771 70
-9.87093 -9.9996 70
0.882894 0.385827 70
-8.69587 -10.769 70
8.85054 -10.1358 70
-0.347554 -9.95427 70
10.4868 -10.6868 70
9.43461 11.0472 70
10.2319 -11.2733 70
-0.359054 0.141645 70
-0.603513 0.0296372 70
-1.27454 1.26118 70
-8.58566 -1.42985 70
-1.35953 -0.510768 70
10.7913 -9.90779 70
-9.19527 1.08877 70
9.82181 -0.649453 70
-0.923944 -8.72227 70
10.3714 0.32583 70
0.679929 -0.0356172 70
8.86692 -9.23812 70
21.2556 -8.73006 70
-59.0883 -29.378 70
-0.603504 -9.9134 70
18.6215 -9.64323 70
10.5395 -0.0755505 70
18.8454 -20.9125 70
10.1235 -19.9895 70
-9.99989 0.270904 70
10.4639 -0.604869 70
0.553746 -18.6744 70
10.7972 9.1796 70
11.3668 1.32113 70
8.60091 -10.9817 70
20.7496 21.107 70
10.0723 0.681734 70
-10.6945 -40.4434 70
-69.8596 39.5417 70
11.4253 0.0601143 70
9.33378 0.00239986 70
18.8572 -10.2387 70
-10.7701 -10.0145 70
19.2702 -38.8971 70
9.28768 -9.50027 70
-0.625019 -1.49755 70
-1.24565 -9.59299 70
-0.965854 -10.5848 70
0.786902 -0.818163 70
10.4469 0.975706 70
1.0354 11.3549 70
9.50661 -30.9279 70
-19.3279 10.9846 70
-1.21229 -1.36874 70
10.036 -11.1622 70
20.1769 -10.6699 70
61.1816 29.9807 70
-0.710514 -11.2181 70
39.8787 71.2547 70
28.7599 -21.31 70
-10.6928 -10.3901 70
19.1588 -8.75993 70
19.5109 -30.3255 70
1.34247 -10.4537 70
0.23418 -0.876173 70
-0.373006 0.295652 70
-28.7296 -8.57289 70
9.75641 29.6799 70
-1.23618 0.0281546 70
48.849 -68.6485 70
-0.698243 -9.55849 70
1.02749 0.370712 70
1.34234 -1.48281 70
8.92783 -0.270304 70
19.3356 9.1728 70
20.1533 9.3879 70
-1.389 0.326283 70
-0.224764 10.4122 70
8.5767 10.2374 70
0.500474 -0.37902 70
8.62571 -10.5032 70
9.08885 19.5618 70
21.4356 -8.743 70
10.9594 -10.0705 70
0.156858 1.45124 70
-30.6865 10.6161 70
19.1417 21.2217 70
10.4594 -8.88264 70
0.537087 -10.2955 70
-8.81615 -31.3677 70
19.1964 -9.63333 70
10.7692 -8.77426 70
10.5026 10.7085 70
10.1397 -1.10647 70
11.4067 -1.07883 70
1.20139 1.12797 70
-0.916475 -1.03888 70
9.06543 8.90181 70
-10.5237 8.59079 70
-0.752527 -0.638025 70
1.35351 -0.130106 70
-0.362006 0.0152875 70
20.7176 -11.0705 70
8.52218 -8.72433 70
40.3806 -19.2029 70
-0.241914 -9.4785 70
10.7027 -0.95215 70
8.99641 0.462358 70
0.551945 -10.0323 70
10.7672 0.603373 70
10.3698 1.16964 70
9.22594 0.875775 70
-0.666856 -9.1987 70
-1.05871 10.5947 70
-9.91436 -10.1475 70
0.183687 0.0250296 70
10.2547 -9.40293 70
11.3498 -1.27236 70
20.3441 -10.9948 70
-0.299758 -0.5394 70
8.66878 0.89725 70
-11.3986 20.9576 70
-1.06873 -9.15267 70
-0.235521 -1.11535 70
0.823675 9.58502 70
-0.669355 -1.46217 70
0.540941 -8.8681 70
-0.8789 -10.1208 70
-0.118962 -9.08584 70
9.65686 0.909798 70
79.1984 -70.9527 70
8.75155 1.25815 70
19.1136 10.7171 70
-0.600526 -11.4122 70
9.57888 11.1475 70
-9.57008 0.873544 70
-1.34769 -21.0035 70
11.4969 -9.26187 70
-11.2863 -20.0615 70
0.117678 -19.6751 70
0.405198 30.0186 70
0.151 0.728057 70
-8.8107 -8.97473 70
-0.484754 -8.65415 70
10.9317 0.621163 70
-1.1335 -10.023 70
1.18706 11.186 70
0.288353 -0.424862 70
0.9911 -8.65745 70
1.42077 -0.0476796 70
1.4993 0.713209 70
-0.340663 -10.5143 70
0.0909427 18.8227 70
40.8281 -28.9786 70
9.66781 11.1262 70
0.397387 1.03466 70
9.25333 10.347 70
10.5354 11.0629 70
8.68274 -19.3883 70
0.412422 -1.11226 70
-0.745342 -38.8656 70
1.26897 -40.5506 70
10.8267 -1.48212 70
-1.26689 1.06881 70
-29.1919 -18.5539 70
-8.85315 8.95536 70
28.8924 9.74203 70
30.4865 10.1227 70
-0.242316 -10.7591 70
11.1367 -0.796435 70
58.9217 -50.826 70
0.963919 -11.2659 70
78.7365 41.1502 70
11.4078 -39.8559 70
40.5908 -30.9531 70
9.69329 -10.7366 70
1.42392 -11.0113 70
-58.7676 -121.163 70
-10.8673 -11.2509 70
9.62722 -11.0064 70
-9.0905 19.638 70
19.2931 -1.49807 70
0.256087 9.59404 70
0.153405 -0.485519 70
-1.16173 -9.66479 70
19.228 10.1837 70
-10.2686 1.24831 70
11.1682 -9.34347 70
0.292051 -9.53861 70
120.482 121.07 70
1.13365 -1.3346 70
18.9703 9.08053 70
9.50181 0.00605806 70
0.852362 -0.601267 70
9.73343 0.766709 70
1.13624 0.781725 70
-49.1365 -119.785 70
10.3232 1.18724 70
-18.8737 9.53851 70
-8.75129 11.1966 70
0.896071 1.45435 70
-9.66743 -9.73729 70
0.650997 -0.525063 70
-0.437744 1.06839 70
9.58482 -9.86372 70
10.5202 -1.48685 70
11.1735 0.0364818 70
0.980932 0.636752 70
9.4435 -1.47505 70
1.30594 -11.3296 70
9.62499 0.433304 70
-0.24407 -8.73112 70
-50.6337 20.7495 70
10.4269 -9.08952 70
1.05514 -10.9319 70
8.59956 -10.3518 70
9.89924 -1.16371 70
-1.41931 -11.4401 70
29.4392 -20.4006 70
0.474534 -0.0675819 70
0.18966 -51.3807 70
0.499805 0.815178 70
