9.03298 0.569784 70
51.2041 10.214 70
10.4216 -0.845518 70
9.2913 10.2755 70
1.41504 8.78667 70
10.2404 0.123936 70
-9.03438 38.7353 70
9.33478 -9.78392 70
1.0106 -9.9976 70
11.3567 8.73971 70
9.01535 9.74297 70
9.2363 -1.1392 70
9.88189 -1.18843 70
9.75288 -9.94275 70
20.0424 -8.79333 70
-10.4745 28.8083 70
21.2629 39.6758 70
8.52466 -8.70988 70
10.6352 -8.83745 70
-10.5991 -0.54627 70
19.3244 9.02183 70
10.2635 -19.263 70
1.16525 0.703428 70
-30.8113 -28.9785 70
0.337048 -28.5061 70
-1.22957 -9.26857 70
1.08726 0.371015 70
8.54195 0.272484 70
-0.664658 -9.30013 70
11.0173 10.3198 70
8.5729 -8.89676 70
10.5042 -10.9155 70
-38.9769 0.222568 70
40.4472 -10.2139 70
1.15275 8.53808 70
-0.679623 -0.257057 70
1.31415 -0.710352 70
-9.41119 19.1516 70
10.3605 9.99027 70
-0.545712 0.224063 70
-0.898643 0.180224 70
-0.415386 0.913731 70
-0.297081 -1.1248 70
-1.47589 -0.591099 70
0.587245 1.19831 70
0.865239 0.704441 70
-11.3991 10.0643 70
-0.976766 -0.450392 70
-0.56671 -0.618616 70
-0.523065 0.1279 70
-0.533953 -1.17478 70
9.41459 1.00593 70
-1.08481 -11.3747 70
-8.93603 -8.91293 70
-0.0960118 11.161 70
11.0936 -1.00497 70
10.8632 -1.03349 70
8.55394 -0.535763 70
-0.0897688 -10.6298 70
20.7565 -9.24985 70
1.0192 10.2353 70
10.4234 -11.1043 70
11.415 0.46152 70
-21.2949 9.6113 70
-20.047 9.245 70
10.8695 -0.131497 70
9.58307 -0.947522 70
-10.7571 1.04493 70
-0.634681 0.460007 70
-10.7402 -10.4363 70
1.28993 10.2767 70
10.8834 1.25253 70
10.9942 0.0501128 70
10.8172 -0.924085 70
-0.960932 1.10849 70
60.7446 -69.7646 70
0.688246 -11.0464 70
18.9578 -30.4538 70
19.888 -30.4622 70
9.52472 0.324295 70
0.255626 -11.3089 70
-0.866979 -19.0771 70
0.0331994 9.78568 70
-1.26712 -10.1395 70
9.41436 -10.6437 70
10.168 1.33409 70
-9.91518 -10.8772 70
31.0214 -11.024 70
-19.4572 1.47634 70
0.29148 0.240289 70
0.229492 1.34398 70
-9.77111 -0.00183636 70
8.91864 1.17054 70
19.0206 -1.44412 70
10.8385 11.1342 70
10.4448 -0.570196 70
-0.187046 -9.79536 70
-1.04887 -1.10906 70
-39.157 40.4219 70
10.0131 -10.3224 70
11.1189 21.1015 70
-28.5391 -8.63157 70
-18.7743 9.09415 70
18.9409 -0.885961 70
1.25549 -0.629348 70
39.7365 18.9965 70
11.2388 1.17304 70
-9.23655 -10.5863 70
9.99199 -8.50179 70
10.3846 -9.97989 70
0.448364 -9.0714 70
9.80751 9.4262 70
0.342882 1.4355 70
-9.79578 0.621505 70
99.6407 -80.1247 70
0.381304 -1.23459 70
9.53768 10.4406 70
-0.557168 -0.289156 70
-0.874285 1.32414 70
1.39973 -0.0814248 70
-9.94124 1.20671 70
-0.121454 -1.27367 70
-0.160065 21.4625 70
11.2546 -18.9591 70
-10.1933 0.949738 70
1.40095 -9.55902 70
-19.5151 -29.9825 70
0.25175 -9.1341 70
19.7355 -9.47551 70
1.24079 -1.024 70
0.495452 -10.3314 70
-0.670934 0.71581 70
-10.4405 0.329275 70
1.24761 -0.398128 70
-9.8311 9.96892 70
10.0157 -1.27628 70
10.534 18.9378 70
19.3428 10.422 70
21.3624 10.706 70
8.546 -20.3456 70
1.07592 0.0550937 70
-0.779423 20.149 70
-30.8991 -50.8069 70
-1.44061 0.974604 70
0.123295 -8.50231 70
10.8286 -20.4339 70
-0.471394 -9.8229 70
1.10359 -10.6683 70
-1.30124 0.444226 70
-0.474553 -9.7347 70
-0.487558 -8.91389 70
11.1404 9.87448 70
0.740611 41.046 70
10.7357 0.881851 70
-0.539181 -0.495983 70
9.79319 -0.137205 70
0.241997 8.82142 70
78.5863 -50.8658 70
-38.6956 -61.2519 70
39.2848 -20.7151 70
-0.755848 -0.129856 70
-0.686538 0.701513 70
1.13738 0.175953 70
-0.186078 -20.282 70
0.104419 -0.0418995 70
-0.759912 -8.85889 70
10.5558 1.08937 70
-11.3414 9.3654 70
0.69899 1.39106 70
1.22373 -0.424479 70
9.6914 11.083 70
-30.1164 -39.5499 70
-29.5786 28.9524 70
10.5755 10.6863 70
-30.9327 -9.62849 70
-0.595 -0.32681 70
0.634144 0.794086 70
10.7377 -9.06301 70
0.197524 1.01126 70
-19.2602 -10.8773 70
-19.837 -9.74533 70
10.0083 0.782316 70
1.01401 0.889675 70
-0.907832 0.956492 70
9.45005 10.5903 70
-0.352165 19.6854 70
0.757362 -9.98396 70
18.7862 -10.4403 70
8.70795 1.46325 70
19.8263 10.9262 70
39.9856 -0.113957 70
-0.844003 10.9185 70
-1.18649 -1.36533 70
-9.099 -20.0414 70
-21.1807 -10.4308 70
10.1339 -0.264212 70
-0.650168 -39.8571 70
-0.401382 9.10755 70
10.8656 -0.0601648 70
9.08629 -1.2971 70
-11.0548 0.862719 70
-51.2254 71.4523 70
19.9314 11.1859 70
-10.2688 50.0735 70
-8.71488 -9.99577 70
0.60484 1.2746 70
21.4298 -19.7927 70
-19.7186 1.17959 70
-9.33477 0.706028 70
-9.98966 -0.0473754 70
0.368766 -11.4588 70
10.8523 1.0766 70
10.2507 9.11297 70
10.0782 -21.0559 70
-0.627228 -0.505207 70
-10.0288 -0.978974 70
10.2382 9.60417 70
8.84223 1.27284 70
-0.957264 -0.677651 70
-21.068 50.0772 70
8.83835 0.184135 70
9.03018 -0.551552 70
0.0150138 -1.09082 70
-51.1861 38.9198 70
-9.81401 9.65631 70
-10.3876 -30.3721 70
11.0773 -9.95668 70
9.68277 -10.79 70
9.70422 -0.0800123 70
-10.4181 -0.181728 70
-0.275426 -10.1733 70
8.82591 19.1074 70
9.58002 0.989329 70
1.42116 0.210733 70
0.783851 -8.86584 70
9.51843 19.942 70
11.2629 -0.669273 70
-20.4692 -9.37976 70
1.07297 0.377269 70
-1.05073 0.961167 70
21.4711 108.908 70
-0.575964 0.330991 70
-1.05472 9.82911 70
10.589 -0.0955366 70
0.582889 0.209122 70
9.58573 -1.13188 70
-0.317336 0.998696 70
-39.5421 9.75783 70
31.1334 0.277963 70
-0.372655 0.640817 70
-50.8555 -108.966 70
79.7195 -10.9879 70
9.98061 -1.05228 70
-0.381973 11.2612 70
0.0396726 0.523299 70
-1.15964 -10.3542 70
0.176053 1.167 70
49.3333 19.0662 70
-10.6942 -0.965315 70
0.659351 0.379804 70
10.811 -9.82385 70
0.802056 0.522816 70
39.4025 10.5667 70
1.03376 29.0351 70
-10.2309 -8.81292 70
-8.86062 -11.0448 70
21.4381 -80.1605 70
19.1288 -79.2562 70
-30.6298 10.8085 70
0.90856 0.903436 70
19.0439 1.30399 70
-59.6768 51.4303 70
11.3715 -8.994 70
1.01907 -0.133931 70
-0.218862 1.46791 70
9.51211 -1.14566 70
21.4664 -31.4753 70
-20.0549 8.62483 70
-18.5781 60.5949 70
20.2291 1.19511 70
-9.6076 11.4936 70
1.49185 -0.065792 70
-8.62738 19.0761 70
20.9899 -1.4799 70
18.7254 -0.727967 70
-8.79879 -28.8317 70
-20.105 38.7321 70
21.3711 -1.20499 70
11.0441 -18.5754 70
8.8332 10.1773 70
-0.47613 10.1442 70
0.969262 1.32749 70
11.1899 -0.973604 70
-9.97965 10.6088 70
1.09348 1.40375 70
9.16968 -19.6045 70
0.15747 -9.96108 70
-1.07126 -1.2757 70
-0.697861 -20.2092 70
10.3385 0.890967 70
9.82972 1.43179 70
-21.2909 58.8301 70
0.928392 9.28478 70
31.4331 49.9407 70
89.5478 19.2598 70
-0.579574 -0.72417 70
-0.505809 -8.62538 70
-0.365887 1.00161 70
10.8065 -8.97431 70
1.33854 0.614497 70
0.589217 -8.63883 70
-99.9451 -20.0486 70
9.90275 1.02067 70
10.9006 -20.9723 70
11.1512 -1.18554 70
0.49869 -20.7043 70
0.325478 -0.973024 70
39.907 -19.1472 70
10.0548 1.34073 70
9.24992 9.42582 70
1.10755 1.33032 70
-21.3654 -20.3966 70
-0.00581517 -0.0364042 70
0.493715 0.781909 70
-0.881396 -0.892003 70
9.18538 19.2071 70
-0.193054 -21.1317 70
0.195355 -0.188681 70
-21.3097 110.661 70
-1.05819 21.2476 70
0.412654 -10.33 70
0.978479 1.2094 70
-20.7761 -48.6321 70
-10.2505 11.2651 70
-9.80847 9.87933 70
-120.843 28.652 70
9.5126 1.18158 70
-11.0805 -0.792604 70
-28.6816 20.1543 70
0.788628 1.12194 70
0.364377 8.67059 70
-1.22494 -0.633997 70
-20.0334 -59.1087 70
1.06291 -10.1185 70
1.19258 -11.0145 70
8.51126 -9.45547 70
-59.1376 9.44914 70
-9.98241 -1.48976 70
0.793583 9.59156 70
10.8166 -0.158099 70
18.7705 -28.8784 70
0.668777 0.108212 70
-20.8379 -29.841 70
-0.748728 -0.154207 70
0.294733 -1.04817 70
0.102365 0.853488 70
-111.04 -58.7255 70
-21.3519 -19.2596 70
51.3666 30.1422 70
10.1836 -0.252111 70
0.518887 -0.712858 70
30.1262 -60.1463 70
10.1568 -0.553074 70
10.9537 -49.3249 70
18.9523 39.1383 70
0.512182 -1.17259 70
-8.5655 0.730812 70
1.25843 0.580436 70
-0.410196 9.10442 70
0.411935 0.239238 70
-0.00277586 0.759692 70
31.3203 -0.11749 70
-10.3291 -10.5997 70
-0.493751 1.25346 70
9.21248 -28.8134 70
-1.30003 0.636614 70
-0.241965 -1.36998 70
10.3567 1.1421 70
10.0241 10.741 70
0.458251 -1.40838 70
1.05201 -0.483047 70
0.273843 -0.370588 70
-10.3584 -10.4063 70
-10.3947 -10.0291 70
11.4145 -1.33486 70
11.4457 8.74932 70
10.6304 0.342732 70
30.4453 -9.26853 70
10.8467 -10.6797 70
-50.5106 -60.932 70
-39.1112 69.7329 70
-0.339776 8.63501 70
-0.196918 -10.5583 70
0.411878 -1.01977 70
0.491039 1.0729 70
-0.744811 -0.397041 70
19.1517 -28.7303 70
-1.13545 -1.03586 70
10.5518 10.7542 70
8.66145 -1.38846 70
29.2664 8.73355 70
-30.6686 0.647709 70
0.0401696 1.22803 70
10.6799 -0.755163 70
0.971833 -0.438731 70
10.4811 -0.603904 70
11.4337 0.625688 70
9.38228 -9.99292 70
-11.0405 -9.09872 70
11.3022 -10.1915 70
19.1923 18.6404 70
9.83583 41.0854 70
-0.399067 0.75187 70
0.623994 0.830147 70
9.79515 -10.7269 70
9.99724 -11.1797 70
-1.14247 -1.48344 70
10.8142 1.44253 70
8.50531 0.473725 70
-9.64411 -19.4494 70
30.8329 -0.621772 70
9.15668 1.48507 70
9.14377 11.4058 70
0.703314 0.457891 70
9.30604 0.658091 70
-1.12147 -0.431934 70
-0.799657 1.0645 70
0.471625 -10.0224 70
-0.269899 -9.45643 70
0.0669935 0.976733 70
49.6224 -50.1887 70
50.4527 -49.555 70
-10.2718 -8.53457 70
-11.1192 -8.55968 70
-0.335734 -0.496627 70
-8.88475 -40.9932 70
49.3707 -40.5821 70
0.0918235 -10.7504 70
0.866856 28.919 70
10.5236 1.48618 70
9.87816 -0.523964 70
20.7989 29.5568 70
-9.46722 0.859763 70
90.3131 40.9735 70
0.0993361 0.74947 70
9.67525 0.908625 70
0.0187505 0.435912 70
-0.12189 0.278899 70
10.1402 -0.592951 70
0.701659 0.198852 70
100.333 -11.0272 70
-10.4865 -0.52286 70
29.3687 9.45731 70
-0.226195 -1.31654 70
0.140329 -0.219851 70
11.119 -10.3262 70
-11.1979 11.1391 70
-1.06582 1.41592 70
21.1409 0.563219 70
9.74439 1.13985 70
29.5905 0.807145 70
-40.9271 0.123488 70
8.98126 -9.73012 70
-11.3837 18.7509 70
11.3229 -0.773423 70
1.18961 10.3153 70
10.6553 0.605799 70
-9.71295 -18.7086 70
0.936764 0.186671 70
8.87096 -8.87922 70
20.6986 -0.994321 70
-8.69591 1.22434 70
-1.11397 -9.36904 70
11.3729 30.3164 70
-0.212374 -20.7954 70
0.129893 0.467695 70
-0.0178907 -0.268924 70
-0.825309 10.4883 70
31.0639 -0.834316 70
20.688 -21.2548 70
-0.371694 -1.32218 70
1.16104 1.29579 70
10.5635 -9.40743 70
10.8194 -0.0476315 70
1.34251 1.1433 70
-30.9874 -31.0765 70
11.1467 0.0116851 70
30.5162 -10.1265 70
10.9147 -8.73274 70
-0.95594 -18.9267 70
-9.5364 0.446548 70
1.37411 -9.96581 70
1.23976 -10.3426 70
10.1332 60.7456 70
-10.902 10.475 70
0.060419 0.928833 70
9.28403 1.22146 70
9.30081 0.796306 70
10.9997 -69.4845 70
30.4071 11.3114 70
-9.07926 9.72085 70
1.20105 1.32755 70
-0.164502 20.9977 70
1.29117 -0.744114 70
0.311565 -0.470511 70
-20.4199 19.6215 70
9.72715 -0.444976 70
9.26751 -0.563801 70
8.80921 0.47198 70
10.0279 0.211748 70
1.31212 20.9488 70
49.2015 8.86284 70
49.8739 9.61016 70
-0.17321 0.161175 70
28.6903 -21.0049 70
1.24307 -18.6055 70
-1.04044 -1.36908 70
10.8936 9.00994 70
-0.691311 -1.41315 70
-20.286 20.9014 70
60.9788 -99.3482 70
10.4975 -1.31521 70
9.36247 -11.0448 70
-9.31953 -9.83085 70
-0.854231 0.655937 70
-10.1276 -11.4872 70
1.07831 -0.925697 70
0.633427 -8.96283 70
21.1237 10.7809 70
11.3178 -1.22834 70
10.5434 1.30604 70
10.9088 -1.45454 70
8.96627 -0.576222 70
1.25767 -9.03953 70
8.79211 1.04409 70
19.298 -20.7358 70
0.579088 -1.21889 70
29.3622 1.47842 70
-10.3848 -10.4605 70
10.4709 -31.1773 70
-0.207587 -18.7758 70
-1.11526 0.873056 70
1.01305 -0.363867 70
-9.21174 0.87687 70
10.3266 0.357305 70
19.7408 20.0591 70
8.77788 0.85789 70
10.8112 1.19986 70
-1.30116 -18.6284 70
-71.1676 -21.0966 70
-10.2092 0.625727 70
-0.962488 0.181864 70
20.8882 -19.4245 70
-39.5064 20.7646 70
-0.582727 0.309102 70
8.68884 -9.73784 70
1.3511 -29.2802 70
10.0993 -30.8581 70
1.02895 9.15851 70
1.17951 0.877891 70
-10.9185 -11.2642 70
1.42538 10.3026 70
9.54799 -0.829838 70
0.293385 -1.47999 70
11.175 0.434116 70
-0.746519 -0.2279 70
-20.7877 0.0869231 70
9.12077 -10.3555 70
10.5178 -11.3634 70
-28.952 101.187 70
10.8056 -9.33814 70
-1.22162 -1.29019 70
-0.317221 -0.315063 70
-1.24638 10.5963 70
-0.837657 19.3022 70
-1.22476 9.49597 70
19.5673 -1.31953 70
0.997198 -0.371095 70
-0.73495 -11.2442 70
10.4007 -10.1773 70
11.1936 1.17418 70
-10.604 40.7091 70
-11.1091 19.2325 70
-9.51325 -0.84146 70
30.8874 -101.317 70
10.1663 -50.0549 70
-9.8515 -0.241552 70
30.899 39.1515 70
-0.633146 -9.06466 70
51.187 -0.000369713 70
9.32162 -0.728499 70
11.3089 20.7488 70
10.1622 -0.596973 70
10.2477 19.7406 70
-11.1767 -1.49664 70
11.1317 -9.02375 70
1.37963 -10.0267 70
-1.21951 0.174146 70
9.52921 -8.60938 70
10.9019 10.5433 70
-0.336933 0.800459 70
-1.2027 -1.12048 70
0.171297 -10.2896 70
-0.514491 -9.79335 70
10.7455 -1.25451 70
-0.56123 -1.45468 70
0.0184809 1.47163 70
10.5886 -0.92329 70
0.18282 -1.49777 70
-0.823114 10.249 70
0.843979 -1.29935 70
-1.38595 -1.23597 70
-39.9484 -39.6408 70
1.22875 -1.41039 70
-1.06375 0.239143 70
8.96767 -40.1871 70
-1.29567 10.6894 70
11.3337 -10.6728 70
10.5352 1.11637 70
-0.482768 -0.653806 70
0.317407 18.8848 70
0.713201 1.35311 70
-1.34943 -19.917 70
9.36009 -8.60008 70
-0.159257 0.847762 70
29.4282 10.6334 70
-9.46116 11.1198 70
18.8862 -9.9862 70
61.1778 -21.1586 70
8.86817 1.20697 70
60.6854 -18.827 70
19.4957 -38.5223 70
-0.555521 20.5396 70
20.9632 0.984184 70
-0.169108 0.325636 70
8.69014 1.36276 70
0.498502 0.729876 70
-9.20518 -9.52355 70
8.79014 9.26161 70
9.04336 0.959444 70
-1.199 -0.124149 70
9.48814 21.1343 70
-19.4419 -18.6041 70
-0.426922 1.34832 70
9.13846 -8.70273 70
-1.3 -1.08044 70
-0.62737 -0.235275 70
-0.257888 -1.19049 70
-11.2531 9.76054 70
-28.665 1.21397 70
0.80174 -10.6104 70
-0.325389 -10.3236 70
11.4773 -0.691767 70
1.03598 -0.401815 70
30.5597 -8.90277 70
61.093 9.5741 70
39.7339 1.21104 70
1.38555 0.687793 70
21.3899 30.1568 70
-0.451836 20.8177 70
-0.216589 0.157147 70
19.6301 -29.6807 70
1.13561 -0.803513 70
9.10578 0.0711078 70
-0.13593 -10.0409 70
8.98385 0.964673 70
8.99427 -9.07384 70
-0.859107 1.36066 70
8.90348 -10.0456 70
1.35603 -28.73 70
0.793102 1.18796 70
8.99831 9.67833 70
-20.2888 -0.618147 70
-11.2441 -8.97061 70
-9.35501 -11.2154 70
0.716225 -0.00118378 70
0.636746 -30.1836 70
0.355461 11.1786 70
88.9838 9.82591 70
11.3977 -9.72082 70
10.6443 -0.777597 70
-0.850431 0.878981 70
-19.4628 28.7271 70
0.756583 -10.4182 70
30.141 -1.30358 70
10.0096 -0.519432 70
-1.32934 11.0598 70
-0.496078 0.907423 70
11.0357 -0.686203 70
-8.73407 9.72135 70
0.907192 -0.992742 70
9.81287 -8.61815 70
9.2959 -11.3053 70
9.99399 -31.3998 70
10.005 -8.55739 70
-8.9475 20.7521 70
0.659005 -0.225418 70
11.3536 -0.666716 70
1.09346 9.05646 70
11.03 -39.1871 70
0.695479 -1.1276 70
-9.64938 -20.4566 70
10.9241 1.26835 70
9.5081 -0.972555 70
-11.0118 8.69564 70
19.0806 0.982759 70
10.5465 0.0190261 70
21.3171 -18.6317 70
-0.021509 -1.28816 70
30.8107 20.9507 70
1.00273 -9.60633 70
30.5618 11.2081 70
11.0903 -0.0702599 70
0.375838 -8.55779 70
-11.4003 -0.885384 70
11.4446 0.907198 70
9.49348 -8.99911 70
10.9383 -0.7973 70
11.1359 10.3141 70
9.14634 11.1151 70
69.8739 -69.1692 70
-119.271 -8.93611 70
19.1905 -0.431689 70
10.8431 -19.3318 70
1.07508 -0.684467 70
-1.16007 20.5185 70
19.5178 -9.68817 70
8.79786 -79.9368 70
-9.21228 -11.2203 70
9.73353 -0.741214 70
0.24579 -11.1444 70
10.0287 -20.4572 70
-30.4124 -10.9077 70
0.759904 -9.4891 70
-9.64691 -8.90311 70
11.3347 -10.8917 70
11.1577 -0.871608 70
0.062828 -0.612121 70
-29.1075 -48.9402 70
-9.18924 9.99307 70
9.0571 -10.665 70
0.42178 10.4558 70
0.649051 -20.5058 70
9.57075 -0.443032 70
30.3494 -9.99916 70
0.147191 -1.20151 70
-1.08039 -10.9212 70
-19.8382 -29.4675 70
0.644538 11.2236 70
8.64239 -1.45458 70
10.1015 -9.48237 70
-20.1877 -11.0897 70
10.4847 -0.270333 70
