-9.32449 -0.160865 70
0.0726487 -11.0051 70
-1.3544 -19.7745 70
0.880325 -0.259912 70
0.685455 0.398187 70
1.31047 0.761246 70
1.18045 -1.16304 70
-28.8216 -0.208782 70
-10.7449 1.46953 70
18.7041 29.2598 70
-1.3107 -0.906059 70
-0.692564 8.90719 70
-0.22088 -0.275161 70
0.192116 -0.0970613 70
-1.14528 1.28531 70
-9.61319 0.540544 70
-11.4467 -30.3579 70
-1.0276 -20.0395 70
-0.444537 -1.30867 70
20.59 19.6233 70
-8.8282 -0.785502 70
1.11555 -8.70835 70
1.33484 -0.963897 70
1.39783 10.4484 70
-0.325938 0.239325 70
-80.3013 -50.8152 70
-30.8452 21.4164 70
-11.2102 -20.5217 70
-10.3367 -1.26514 70
0.0640956 10.1372 70
-10.111 -1.01332 70
-10.7527 19.4726 70
11.3649 0.252378 70
-8.9813 10.2783 70
-10.8537 9.52877 70
41.1249 -0.643911 70
-10.2611 8.67507 70
1.17411 -1.31666 70
0.769564 9.48396 70
1.26487 0.910843 70
-20.5547 1.46398 70
-9.79489 -9.33219 70
-1.35262 1.41676 70
-9.89026 0.312312 70
-10.11 60.3198 70
-11.2745 -1.30197 70
0.674661 0.428787 70
10.4851 -10.2078 70
11.2256 -29.6086 70
-0.856223 0.25434 70
-10.1181 -1.12229 70
-0.501381 1.4288 70
0.288353 0.346423 70
-0.129483 -9.09631 70
1.22318 -10.1467 70
-30.3208 0.988221 70
11.2062 10.4273 70
-10.0359 -11.2945 70
-0.632069 -0.767353 70
0.287733 -10.3686 70
1.07377 -0.81742 70
20.3161 10.4921 70
20.5931 -20.6387 70
-10.8268 1.44739 70
1.40661 29.7248 70
1.31487 9.06724 70
18.9669 -0.614245 70
19.8294 -0.170055 70
20.8961 10.1874 70
-0.627654 -1.22332 70
-0.0784592 19.9461 70
-10.6833 39.596 70
1.37428 1.18791 70
9.70697 -0.550629 70
10.4935 1.32331 70
1.30378 0.322078 70
0.321582 71.0972 70
1.02811 -10.1044 70
10.0737 -0.243128 70
-9.48852 -8.9173 70
-0.367152 9.23657 70
-10.6681 1.08395 70
-1.26218 -0.385015 70
-10.1661 11.3933 70
-19.9716 9.58997 70
-0.822758 -11.1595 70
-1.24862 11.3416 70
-1.1088 1.07903 70
-0.338314 1.44749 70
-41.1648 -20.6511 70
0.866568 -0.435669 70
-0.21352 1.29148 70
-0.300059 1.46597 70
1.32368 -19.0762 70
-19.4666 -10.7299 70
0.671585 1.46523 70
-1.21323 9.87735 70
1.17372 19.1888 70
1.25001 1.0695 70
-0.727311 -0.508749 70
-0.864139 1.06749 70
1.07917 0.292586 70
-11.4666 0.307927 70
18.6094 29.4889 70
-0.657179 9.95066 70
-10.332 10.0027 70
-0.907903 0.0308852 70
-10.0291 1.06195 70
-0.50674 -18.9427 70
-0.718205 -1.28735 70
1.43725 -1.3194 70
-20.1442 1.28645 70
8.92623 10.0105 70
0.211843 -0.700033 70
-0.562985 -10.9014 70
-0.600042 8.95667 70
-1.40408 -0.90523 70
-9.0365 10.2469 70
-10.1865 9.02443 70
19.1684 -19.5121 70
-0.0895217 -0.808584 70
0.915985 -0.838496 70
-8.96345 -1.26563 70
9.89724 -9.11875 70
-10.2275 0.262758 70
-11.2661 0.309671 70
-0.650478 -0.676869 70
-30.426 -40.1826 70
1.48177 -9.28801 70
-1.2051 9.63714 70
20.6314 11.0753 70
-9.64796 -1.44441 70
0.286001 0.344494 70
-0.13692 -0.509539 70
21.1794 0.909954 70
-8.59963 -0.343547 70
1.47751 0.237018 70
0.036977 1.43248 70
11.0623 29.9411 70
-10.6997 -1.09356 70
-10.0519 1.13606 70
-1.22997 8.77715 70
-0.00151831 -0.81033 70
0.395124 8.9996 70
-8.99962 -0.00426053 70
-9.74275 -8.52318 70
-9.22332 -0.879321 70
0.616499 -0.722179 70
-10.1046 31.254 70
-0.018381 0.181203 70
-1.48803 -1.28193 70
0.915352 -10.2559 70
-0.0850936 1.06982 70
1.45611 0.520874 70
-0.853278 -1.09248 70
-39.0696 11.4239 70
-0.575981 -0.199672 70
-0.352231 -11.2416 70
-11.1412 0.957188 70
-1.27822 9.20806 70
-10.9218 10.8398 70
28.7 69.0489 70
-9.08979 10.7221 70
-1.3874 -11.2728 70
-1.00714 -9.61849 70
21.2102 0.577507 70
19.4091 9.08286 70
11.2501 -10.2577 70
-10.901 -1.2921 70
59.6313 9.93218 70
1.09072 -10.9132 70
1.1466 -0.733201 70
9.17734 -0.00399048 70
1.40061 -1.33743 70
0.426371 -0.164343 70
-49.5809 0.590432 70
1.29165 0.766326 70
19.2974 -18.7042 70
19.4175 -28.5869 70
-0.614119 -0.878303 70
0.239065 0.416567 70
0.154849 -41.0005 70
0.240204 -9.53345 70
9.13008 -1.10632 70
19.0947 18.992 70
-0.937902 -0.699927 70
0.163483 0.62987 70
-0.0900812 1.05875 70
0.166727 -0.181102 70
9.77288 0.963832 70
0.0339164 -0.514918 70
8.87032 21.1539 70
-0.426771 -1.2663 70
-1.14482 0.663932 70
-8.55482 -0.491336 70
79.416 90.4866 70
0.901159 0.160936 70
-9.09144 -0.289701 70
-0.190719 -0.970173 70
-0.714532 9.71751 70
-1.2774 -0.162049 70
9.2341 -0.218448 70
20.8767 10.4795 70
-19.6523 -0.289159 70
-10.4278 -1.30506 70
-10.2059 -11.1096 70
-30.3223 -10.1957 70
0.548315 10.0647 70
-0.329408 -0.756631 70
-8.89286 0.750302 70
-18.8381 -19.9637 70
-1.33162 1.26733 70
10.0008 1.34622 70
-0.56509 -1.08269 70
1.12957 0.861269 70
-1.00445 0.507358 70
1.49804 9.17995 70
0.808014 -1.13431 70
10.0861 -1.41016 70
-19.6843 -0.276386 70
-10.8155 0.800065 70
-0.974792 1.23824 70
1.08992 -0.934784 70
0.960666 9.3405 70
-60.4415 -8.88853 70
-9.12939 0.724866 70
8.91094 -0.441063 70
-0.354538 -29.0139 70
-0.00570437 1.24107 70
1.23695 -21.3591 70
-18.5525 -11.1996 70
-20.7316 -8.90542 70
-0.318889 8.73031 70
1.42677 -0.900207 70
1.44279 -0.46972 70
89.932 51.2504 70
-8.86778 -0.620584 70
10.2915 -31.076 70
-30.0085 -19.9673 70
1.33434 -10.1435 70
59.5903 -0.789939 70
-9.29112 -8.90658 70
0.403082 0.253506 70
-10.4058 -1.13627 70
9.90851 0.505014 70
0.17669 -1.17327 70
-11.0583 -0.494358 70
-1.09819 0.65352 70
-0.749152 1.0837 70
0.613335 1.33414 70
-11.0466 -10.5729 70
-8.81914 -10.6374 70
-9.95957 -1.33362 70
0.109127 -0.747187 70
1.03504 30.6767 70
0.828067 -10.9163 70
10.9295 29.6377 70
-0.347323 9.86279 70
1.28032 1.0511 70
1.47229 -0.985168 70
1.49963 -1.19556 70
0.24756 8.52971 70
8.83709 1.28326 70
-0.778039 89.1149 70
10.9757 -19.5791 70
-0.573425 -0.391408 70
-11.0594 1.06662 70
0.620641 0.611539 70
-1.3281 -1.34862 70
9.23296 -99.7679 70
0.425823 -49.853 70
90.6119 -80.3759 70
-0.225455 -1.33146 70
10.7335 8.53067 70
-0.802001 -11.0335 70
-0.583351 9.34999 70
0.726132 9.94552 70
1.09141 -0.307659 70
-1.36691 10.6643 70
-0.603529 0.425539 70
1.31324 1.08569 70
-1.45435 -19.967 70
-1.36632 0.142515 70
0.510122 -11.0616 70
-9.84533 0.470335 70
1.44541 -0.553541 70
-0.211715 9.93603 70
9.29189 0.00644884 70
-20.99 19.4527 70
-1.15626 -0.336825 70
-19.2488 -10.8226 70
-0.147607 0.455617 70
-0.902249 -1.40248 70
-9.28523 10.73 70
0.34886 -10.95 70
11.0259 8.92094 70
-1.40479 8.74664 70
0.387505 0.617281 70
-9.19661 20.9221 70
-0.015881 -0.99389 70
31.1525 -1.48472 70
1.39642 10.6652 70
-20.1828 -31.2096 70
-39.9105 -20.7241 70
-10.6543 -0.654466 70
1.13058 -0.762886 70
-19.771 30.6287 70
-10.0136 -0.527387 70
1.25706 -19.7113 70
-28.6952 -19.0022 70
0.182051 0.861728 70
0.935559 19.9522 70
1.2051 0.972382 70
11.1989 -0.164523 70
0.713081 1.05698 70
-9.2111 -0.397339 70
-8.76053 29.061 70
20.203 -9.7482 70
-19.6019 -1.02994 70
0.513425 9.28333 70
41.2331 0.695473 70
1.32825 -1.38803 70
-0.579929 0.851702 70
1.27291 0.974619 70
0.456811 1.08583 70
0.175214 -0.893071 70
-0.918256 -0.361778 70
0.883757 -1.31977 70
-10.3853 -1.48174 70
-0.616742 1.3556 70
0.521277 0.967925 70
-38.8269 11.0079 70
-0.946152 9.43459 70
10.5509 9.48486 70
-0.330412 0.391112 70
-10.4826 0.406052 70
-10.0966 0.0912565 70
-1.41747 10.1522 70
-10.2369 -10.9833 70
1.38405 10.5259 70
0.0977523 10.3694 70
-11.2095 -8.9365 70
-1.42937 0.0912983 70
-29.9315 29.9295 70
1.31722 1.11521 70
0.117018 -0.866945 70
11.4224 -1.3437 70
19.7638 0.403504 70
-0.198339 -1.09378 70
-8.84896 11.0611 70
1.15087 0.960667 70
-11.2654 0.767028 70
-1.15546 0.027436 70
-9.5004 18.6715 70
0.346976 -0.353271 70
-10.833 8.54317 70
-20.9437 -29.7462 70
-10.077 -0.326157 70
-8.65327 -0.357622 70
-10.7675 -1.12389 70
-0.697706 -0.206148 70
11.3125 -20.4753 70
-1.22532 0.182253 70
10.0751 -9.4824 70
-9.48869 0.215216 70
0.277517 0.00322793 70
-0.656459 -9.27644 70
-10.263 19.8746 70
-1.02402 48.6369 70
0.744749 9.60104 70
-30.2989 -9.72305 70
0.180454 -0.807363 70
9.12886 10.622 70
-11.0741 0.911586 70
-8.85645 -0.220668 70
-60.4743 -18.9931 70
0.0649638 -1.09217 70
-19.4157 10.7272 70
0.934386 -0.556601 70
-10.4502 9.34989 70
-30.3838 -10.7163 70
0.30851 1.42696 70
-9.30433 0.88552 70
1.4962 -10.2019 70
-19.0414 -1.31974 70
0.96864 -0.0157723 70
-0.735992 0.17378 70
-1.36647 10.5895 70
-9.90819 -1.26183 70
-0.373255 -20.6911 70
48.7568 -28.5198 70
-0.418966 1.08993 70
-0.8873 -8.87999 70
-10.9914 0.921337 70
-0.950941 0.188684 70
-9.55787 11.0968 70
-29.8699 -10.8421 70
9.53823 30.2589 70
-0.381457 -0.5995 70
0.0396308 -0.947263 70
0.0822806 0.83023 70
-0.244237 -1.4188 70
-0.103177 -0.633043 70
29.792 1.42061 70
-21.1853 0.395588 70
-8.61338 -9.50787 70
-0.674734 -0.372285 70
-9.89121 10.6242 70
-8.66986 10.8196 70
-0.0760851 -0.39703 70
-11.0628 1.19674 70
9.51632 -10.5551 70
-1.01112 -0.345614 70
-10.1086 0.407733 70
0.245499 -0.574777 70
0.1292 0.475465 70
-10.6434 -1.1121 70
-0.890056 -10.511 70
-10.2787 79.0936 70
-9.55957 -30.9456 70
1.37088 -20.8238 70
0.682247 1.02481 70
0.24595 0.395475 70
20.8096 91.0352 70
1.13612 10.0277 70
-9.2029 -0.959426 70
-20.4373 19.4925 70
-0.0800266 -1.09639 70
-1.48689 -10.2113 70
-0.167868 -0.141954 70
-1.2568 0.35027 70
-59.8307 49.6503 70
-11.102 -0.511305 70
-9.17956 0.419493 70
-20.6164 -0.334922 70
-0.202189 -0.970185 70
-0.961822 0.222938 70
10.9867 -11.2785 70
9.01381 -0.366112 70
-18.5943 19.8384 70
-9.2741 -1.03733 70
-10.357 -1.13811 70
-11.0188 0.416477 70
-1.12609 -0.218182 70
-50.481 -1.36353 70
-10.0952 -0.851851 70
-20.8088 -0.0349069 70
-9.18166 9.55336 70
-0.662022 19.7796 70
-1.12883 -0.982854 70
-18.9 -0.269333 70
-1.47433 -0.134439 70
-39.0827 -50.209 70
0.238125 -1.10312 70
-0.882827 1.0133 70
-10.4513 11.217 70
-28.569 20.7047 70
-10.7128 1.21912 70
-1.18516 0.698385 70
-9.41263 1.4436 70
-9.64071 10.7128 70
-0.322971 0.315474 70
-1.49582 8.55265 70
9.28063 -0.61886 70
9.35135 1.16821 70
1.46758 -1.33194 70
0.385009 -0.569213 70
-0.56413 -0.731855 70
1.33758 121.325 70
0.000949528 119.054 70
48.7019 0.0631799 70
-0.0817792 0.109004 70
-8.94374 1.42463 70
49.1454 -19.077 70
-0.150274 8.9504 70
1.26952 8.99272 70
-9.14583 8.82757 70
-11.3017 9.41137 70
18.8638 39.6986 70
0.351742 -9.95206 70
20.052 31.1662 70
20.4825 29.8521 70
0.248434 -9.61681 70
-20.2792 -10.5239 70
9.28467 -0.613086 70
-10.9776 -9.18363 70
0.00183709 1.42913 70
-0.911572 -1.12016 70
-8.98622 -8.8819 70
0.860516 21.0282 70
-9.28393 -0.693923 70
0.462655 0.624395 70
-0.724898 0.701912 70
-0.0462965 1.36466 70
-0.138254 -1.04393 70
-11.408 0.336539 70
-8.63087 -0.924045 70
0.123877 0.127079 70
-20.0224 -1.47748 70
-0.878842 0.566644 70
10.0245 9.12603 70
-9.66384 -0.15259 70
10.6053 30.3903 70
-28.7417 -20.2511 70
-1.15557 -9.06239 70
0.307746 9.53045 70
-0.658386 -10.6945 70
-71.2316 -71.1506 70
-11.3047 9.17954 70
-19.3722 19.1103 70
29.4557 10.7896 70
-1.06861 0.330773 70
0.85219 8.8756 70
-10.2089 9.65281 70
-0.0375359 -0.0562054 70
-10.928 -1.42715 70
-10.4197 10.1508 70
11.0541 -11.3851 70
1.29091 9.32047 70
-10.4156 8.60361 70
9.1495 20.5835 70
0.598246 9.80148 70
0.86412 0.946843 70
-10.5948 -1.02998 70
-9.99759 1.44564 70
0.681879 -0.228788 70
-0.446562 -0.947369 70
-38.8981 20.4298 70
-9.68947 -0.775153 70
-0.613046 1.12421 70
-1.03735 18.9253 70
-1.12737 -9.09545 70
-1.05612 -0.327126 70
-1.07122 0.909212 70
9.9655 0.646387 70
9.83432 -1.40718 70
-10.7074 8.59194 70
-0.0659306 -10.7283 70
-1.47153 -1.05907 70
-1.35333 30.3943 70
0.00242579 28.5211 70
59.6173 0.288126 70
50.5089 -21.0476 70
-9.23022 1.05632 70
0.849643 -0.439277 70
9.50773 0.272223 70
8.78539 58.6844 70
-9.29933 0.377859 70
-10.4493 11.1525 70
0.322827 0.963888 70
-9.64087 -18.8707 70
-10.7306 -20.139 70
-11.1805 -11.4715 70
18.7345 -29.8232 70
0.314361 -0.404506 70
-0.939299 -11.1795 70
0.581074 -1.09794 70
-9.05643 9.04592 70
0.0119053 -0.463403 70
-29.1854 0.352285 70
-10.3491 11.349 70
-8.51175 -1.29475 70
-0.935839 -0.194404 70
-1.11005 0.376614 70
-1.17687 -19.0768 70
1.42889 0.0661039 70
-40.0212 8.76985 70
-30.5633 -81.0029 70
0.861847 -11.0238 70
-1.23505 0.85341 70
1.27509 0.932605 70
9.69821 0.0149202 70
0.314309 1.21507 70
10.6224 9.60881 70
-1.34496 -0.531259 70
-0.118506 10.2552 70
1.19753 -1.21183 70
-119.61 -50.4651 70
0.66199 -1.25382 70
0.903365 -0.929199 70
-10.2375 0.567204 70
19.5481 -38.9012 70
-1.27678 -8.75502 70
-1.45034 1.00166 70
0.728701 -0.263675 70
-68.6822 100.193 70
8.98515 31.1748 70
9.92224 30.9686 70
20.438 39.7448 70
-0.00414198 9.28799 70
-20.4662 -10.2883 70
8.95808 -0.898619 70
-18.6563 0.451631 70
-9.53624 -18.7227 70
-8.58122 -1.40042 70
0.239719 0.708388 70
-0.697413 8.50178 70
-11.4425 -10.1106 70
1.10353 10.328 70
-0.550078 -1.49398 70
-9.60293 1.42163 70
-11.4939 -0.179559 70
19.7347 10.5567 70
-8.79872 0.4489 70
0.178083 -30.242 70
-1.36145 1.33006 70
-10.719 -9.91093 70
0.71364 -0.306331 70
-1.01033 -1.18727 70
10.1739 -9.19334 70
0.569318 -0.584827 70
-10.5198 -10.3631 70
-9.35993 0.167725 70
10.3222 -0.765615 70
8.80015 9.30513 70
9.09352 -10.6705 70
8.59244 -10.8518 70
0.821173 1.21739 70
0.0942415 0.967991 70
-20.4068 10.0227 70
-21.4589 0.165878 70
1.23839 -1.30898 70
-1.32325 -10.3589 70
-0.383545 1.27708 70
-9.83076 10.1336 70
31.2719 -60.6968 70
-20.4886 -9.87231 70
0.616537 -1.46977 70
-50.4024 -11.0121 70
-21.1722 0.673935 70
-9.98762 9.86683 70
-0.159885 0.673833 70
-0.928581 -0.64861 70
-19.4594 21.3493 70
-1.1416 1.18922 70
0.565864 -29.9831 70
21.3488 41.1113 70
0.359328 10.8549 70
1.46808 10.292 70
1.39783 -0.278152 70
-0.145323 9.03723 70
-0.797283 0.199547 70
8.97656 8.6573 70
-10.6366 0.805853 70
9.82181 10.3831 70
-10.975 9.87977 70
18.8069 -8.80481 70
-0.513578 1.20777 70
-0.539349 1.18368 70
-19.006 0.236473 70
-11.4027 9.98608 70
1.32889 9.38713 70
8.86959 19.9403 70
-0.116464 1.34509 70
-0.179748 -8.97271 70
-0.56844 -1.33085 70
0.787926 0.655853 70
-39.7648 -20.5697 70
-1.2431 -10.7497 70
1.45785 38.965 70
0.24478 0.102647 70
-50.9567 99.9433 70
-0.70702 20.4598 70
19.0513 1.20747 70
-8.88342 -0.420276 70
1.33277 -0.485012 70
8.78753 -10.348 70
10.3996 9.55257 70
-9.68188 20.7857 70
-9.80036 18.5306 70
31.4457 31.0183 70
-10.8481 0.507238 70
0.302236 0.270599 70
-0.867938 -9.30033 70
0.662022 0.079177 70
-0.953406 -0.222877 70
9.26438 40.0497 70
1.21898 -8.88398 70
30.623 -9.54985 70
29.6015 -8.8843 70
0.622209 -0.737127 70
-8.70799 11.3234 70
0.560149 0.231907 70
60.0484 -79.0341 70
8.98133 -0.133943 70
9.19482 9.94067 70
-0.99374 -0.832784 70
-1.21714 -0.878708 70
0.134039 -0.293837 70
-0.0952861 -0.558786 70
10.4021 19.1679 70
-0.105691 9.37719 70
-0.598491 -20.447 70
30.4198 20.2757 70
0.69474 -11.0016 70
0.128581 9.026 70
-10.238 51.1809 70
-0.523836 9.08839 70
-1.14739 9.50797 70
1.00655 0.15225 70
1.00499 -0.0496068 70
0.0728065 0.234862 70
-0.936007 0.946138 70
-0.471881 -0.866713 70
-20.0233 -1.05444 70
1.46687 1.01936 70
-29.4672 -19.6347 70
19.6858 -8.77379 70
-0.568051 -1.31461 70
-10.7295 39.4793 70
-1.4971 9.92379 70
1.45284 0.972447 70
-8.99753 -10.7338 70
1.46294 0.515249 70
9.33986 -8.8302 70
-9.14282 -8.83133 70
1.01279 1.30535 70
-41.0327 -0.473503 70
-19.4768 -8.88926 70
-1.21683 0.160637 70
-0.194142 1.20626 70
0.726803 -1.08229 70
-0.791988 1.49962 70
1.31477 -1.15704 70
-10.1015 -0.0579188 70
-0.542424 0.493628 70
-19.2091 -10.892 70
0.873297 9.01245 70
-9.82085 -0.74359 70
-0.50799 20.9045 70
0.579644 0.278269 70
0.157 -0.608586 70
-9.10322 40.5208 70
-8.67879 9.2063 70
-10 -10.0316 70
-11.1921 -11.0258 70
-8.89624 -1.16678 70
-0.42057 0.780389 70
-0.0569791 0.745814 70
0.0856097 -0.176989 70
1.4564 -0.922704 70
0.335869 0.986104 70
-29.4275 -21.1157 70
1.4953 -0.0518933 70
1.1793 10.3074 70
0.335464 -0.615214 70
-11.31 0.197381 70
-1.22612 9.50281 70
-0.494785 -0.00376635 70
1.06425 9.01687 70
-1.08322 9.8912 70
1.05499 -0.220931 70
-10.6771 0.907363 70
-19.5428 18.7662 70
-19.1222 19.9635 70
-10.1529 0.520328 70
-9.80416 -0.504114 70
1.33216 -0.422127 70
