8.52386 -9.26355 70
-11.1358 -19.8 70
10.5213 0.0187031 70
-19.6727 -20.1274 70
21.2518 9.0319 70
8.72003 -18.9467 70
0.308907 -1.376 70
1.30713 -11.0107 70
29.6348 -10.1396 70
29.9082 -10.362 70
10.1841 -0.750267 70
19.1835 1.23837 70
1.063 -1.02516 70
10.4966 -8.51607 70
9.34235 -11.1559 70
-1.1555 -8.71122 70
-0.543971 1.04524 70
-0.263423 -0.88954 70
1.34025 -1.24274 70
-40.5278 29.8804 70
20.4468 -0.368885 70
-1.47791 0.945017 70
-1.14748 -1.26678 70
1.16942 0.808325 70
20.8479 -21.4265 70
0.0261486 -28.8999 70
1.07033 -30.0926 70
-9.36032 -9.62691 70
-89.4126 59.7893 70
-0.579665 -11.0968 70
8.84608 19.5854 70
-0.522474 -11.1004 70
40.1582 110.055 70
-0.736262 -10.5049 70
29.2693 -0.627621 70
1.19969 -10.3635 70
0.122676 -0.923364 70
9.05238 18.9997 70
-0.790426 -0.424294 70
11.1673 0.430824 70
9.91678 0.0874234 70
-20.2902 -10.5507 70
0.494846 -19.3934 70
-0.180526 -20.6033 70
0.372253 -0.301018 70
-21.0239 -0.789317 70
29.4038 28.9985 70
-21.285 48.786 70
10.0778 -8.84754 70
-1.48459 -9.46576 70
-9.95604 11.0968 70
-0.880748 -0.0965687 70
1.42153 -1.23742 70
11.4414 -1.10863 70
0.224018 -9.34157 70
1.05594 -0.0126321 70
-8.66741 -11.4726 70
1.04288 -1.3188 70
10.3891 -10.0076 70
-9.61574 19.3268 70
10.6553 1.34847 70
-9.99256 -9.91689 70
-1.49782 0.940953 70
1.36196 -0.211261 70
29.8768 -10.4621 70
29.6218 -10.5103 70
29.8217 9.56003 70
11.0248 -8.73511 70
0.319518 -11.0141 70
-0.540031 -10.4845 70
1.289 -11.1307 70
-0.350145 1.03225 70
-48.8001 -38.6126 70
-58.8853 -39.8673 70
-11.1054 -1.14192 70
19.0525 -9.99502 70
-19.7676 -20.6108 70
10.171 -10.0805 70
8.56602 -8.54212 70
10.8785 -9.71567 70
10.7309 1.02305 70
1.04112 -20.3731 70
9.54538 -9.16184 70
-9.2678 -1.23934 70
9.66943 -1.12405 70
-1.11057 0.295586 70
-0.642554 -8.58239 70
11.4483 -9.50102 70
-1.03959 -0.129704 70
9.24178 -8.60617 70
0.720748 -1.44443 70
-38.7256 -0.660272 70
-10.3761 1.46977 70
10.7 10.4891 70
-0.988042 1.35651 70
-59.6001 29.4894 70
-39.9185 -19.6487 70
-1.45107 49.7739 70
0.123083 -0.343899 70
18.9111 9.53499 70
9.24176 1.07091 70
-0.58303 -10.8497 70
-0.706453 -9.80779 70
-0.542786 9.01987 70
1.20006 -0.441043 70
11.0435 -10.6413 70
9.51924 1.02593 70
38.8295 -70.1353 70
11.2722 -20.7874 70
1.36644 1.38432 70
8.89886 1.12615 70
20.5875 9.61279 70
9.43915 -0.387826 70
-1.38856 -11.3547 70
-0.57795 1.23977 70
-1.2372 0.046216 70
9.04881 -0.356589 70
11.4377 -0.669603 70
-0.0845072 10.1836 70
19.6572 1.10012 70
0.44006 0.253065 70
0.179239 -1.47452 70
-31.1188 0.242313 70
0.111286 -0.888998 70
20.9281 -9.0443 70
20.444 -9.23748 70
-19.0297 40.316 70
-10.259 -11.1365 70
-0.295683 0.516097 70
39.7506 -51.308 70
-0.0260127 -10.4145 70
-1.45389 0.792147 70
1.16604 10.1217 70
48.7525 19.409 70
9.02724 -10.7772 70
9.13399 1.33442 70
11.1162 1.05822 70
11.3588 -20.2802 70
-0.482965 8.6603 70
1.08949 0.952275 70
-0.130357 -19.7247 70
-1.0533 -9.96564 70
-20.632 -10.4487 70
8.54701 -41.4459 70
-8.96447 -10.3463 70
1.15558 -9.03176 70
-20.7837 -10.7331 70
9.06834 -10.822 70
8.72449 10.4377 70
10.951 -0.966701 70
50.3545 -20.9794 70
21.1451 31.2272 70
-1.15114 -0.234774 70
8.9194 -1.42153 70
-1.17641 -10.8291 70
-0.148731 9.65157 70
10.979 -9.07111 70
-8.9911 -1.26649 70
9.8307 -20.9576 70
49.1235 49.2944 70
9.56677 0.72345 70
10.2831 -11.2395 70
50.1122 -30.9884 70
-0.926159 -0.826572 70
10.3864 -1.22126 70
0.567405 -1.36884 70
0.406878 -9.03373 70
0.235866 0.322698 70
9.52153 -10.2626 70
0.307405 -9.54188 70
0.176979 -10.3725 70
28.5727 -28.76 70
-31.1411 -20.4011 70
28.7466 -18.8531 70
-9.78197 1.4906 70
31.3822 -10.4743 70
-10.4872 -9.94748 70
0.516544 -9.97678 70
20.1737 -9.38621 70
9.33931 31.4895 70
10.5666 -0.606668 70
9.63748 29.6212 70
-0.116648 -1.09562 70
-9.21162 1.24855 70
-20.6894 -10.7326 70
0.128476 -10.8637 70
-11.2814 0.737466 70
-1.04291 1.10327 70
11.2516 -10.8873 70
-0.893265 -30.5826 70
0.695144 -9.31717 70
20.9867 1.29792 70
9.69654 -10.7711 70
9.54916 0.472935 70
-0.773518 90.8919 70
-1.21447 8.97925 70
0.828829 0.0107553 70
10.3631 -1.41099 70
9.26679 0.732324 70
-0.986446 -9.9392 70
-0.185006 -10.3992 70
-9.89531 -8.57356 70
10.2499 1.4359 70
-10.085 10.169 70
9.20427 -10.998 70
9.46877 -10.0915 70
-10.4942 -1.16267 70
-1.01928 -8.61949 70
-1.01965 -0.799608 70
0.183936 0.744873 70
10.8402 -0.121206 70
-11.2227 19.3745 70
-10.3099 20.2702 70
-1.45959 9.65117 70
-0.454669 0.0280767 70
10.9755 -11.3915 70
-0.0173753 -0.22246 70
-0.522532 0.945957 70
0.467158 -0.0178184 70
11.497 9.27313 70
10.0039 -9.40268 70
9.31736 -11.4114 70
0.1095 -1.1606 70
-0.940397 -1.13765 70
-9.90613 -0.181833 70
-1.13211 0.141589 70
9.69273 -18.7359 70
9.67269 -10.0555 70
10.6012 0.223323 70
-8.67351 -9.59899 70
10.7309 -9.53859 70
1.30141 -1.43569 70
38.7398 -8.95972 70
39.09 -10.9683 70
-89.2762 51.3639 70
8.87362 -1.13278 70
-0.555917 1.0669 70
-1.16632 -10.6175 70
-41.3399 1.4533 70
-1.26923 -10.375 70
8.75383 -10.8781 70
0.122724 -1.27591 70
0.375624 0.22625 70
-1.40268 -0.497727 70
8.50926 -10.9653 70
9.8313 -9.53922 70
19.7256 -0.129739 70
-11.4714 1.12901 70
-0.752267 -9.64896 70
10.4412 0.703346 70
10.8324 0.658326 70
0.914522 -98.735 70
8.62805 1.25278 70
48.7939 -60.8164 70
0.990826 0.611016 70
21.0872 9.31226 70
-0.743896 19.7846 70
1.45734 -11.2014 70
1.38353 0.615818 70
19.7876 -11.0387 70
0.592347 -1.03403 70
9.51269 -10.8219 70
8.62947 -0.155151 70
21.2474 -10.3216 70
8.96301 0.42476 70
1.2673 -0.988473 70
-8.87272 -19.5793 70
-8.88503 21.2808 70
-0.647945 8.97177 70
-0.928453 -11.0174 70
0.241684 -0.443666 70
11.0397 9.11957 70
9.89534 -10.3317 70
0.677232 0.0112441 70
1.30952 -0.246617 70
-71.1727 -69.698 70
-40.0014 -9.70493 70
-20.2772 9.17752 70
19.9436 8.63575 70
0.602945 0.824976 70
11.289 -0.0890848 70
10.2152 -8.59679 70
-1.07074 -0.303557 70
-0.962736 0.0128523 70
-1.44264 0.551807 70
0.880597 -0.448471 70
-1.1484 0.435496 70
0.227328 0.700444 70
0.831659 -1.47254 70
10.6271 0.289381 70
-80.8159 100.597 70
-0.648063 0.62509 70
8.61559 -10.3875 70
9.5231 -9.50217 70
59.6292 40.1524 70
0.693042 -9.79026 70
0.394359 9.65864 70
8.71951 0.208016 70
0.375892 -0.161394 70
119.404 -80.5844 70
31.2358 -18.7941 70
-0.358702 0.638162 70
1.14759 -0.82855 70
0.270001 11.1602 70
19.2969 -20.0807 70
0.228469 -1.04529 70
1.22755 -20.9778 70
-1.06426 -50.6752 70
-20.3474 -19.0653 70
11.0857 -8.52141 70
40.6165 -30.2578 70
10.3499 -0.169036 70
9.9038 -0.693842 70
59.7007 -100.07 70
-10.0897 -0.384451 70
-0.0143474 -10.0451 70
-0.482151 0.153483 70
0.98129 -0.291746 70
0.0212007 -50.7551 70
1.44641 11.4636 70
9.53781 -0.0209891 70
-1.44974 -0.990203 70
0.0749052 -0.0708016 70
0.308109 -9.54272 70
0.627583 -9.34021 70
-1.29198 0.663333 70
18.5303 -11.0746 70
-8.62364 -11.2099 70
1.25233 -8.89258 70
9.98668 8.87086 70
19.6256 30.7155 70
-29.1455 30.548 70
8.72444 -0.847679 70
-1.44859 9.08589 70
-18.7584 39.6514 70
11.0783 -9.71381 70
9.44643 -9.55643 70
8.80509 -0.423199 70
-20.0783 -80.6791 70
11.2452 -10.5015 70
-0.625947 49.1454 70
11.3058 10.5244 70
-28.7651 -18.5641 70
0.162489 0.251592 70
1.43724 10.3477 70
9.28822 -9.18243 70
19.3599 -0.0665041 70
10.4989 20.7034 70
-49.7821 -38.955 70
8.81387 -19.8455 70
21.2176 39.4477 70
-0.22723 9.76875 70
-10.928 -11.332 70
40.7514 10.7618 70
0.702271 -9.96271 70
9.25505 -8.9646 70
9.10657 -9.62534 70
0.709362 -10.4312 70
21.4643 20.5604 70
11.3273 10.4179 70
20.5835 -21.4886 70
-11.2575 -10.9907 70
-8.8852 -8.76667 70
0.589164 0.989103 70
-10.0912 -0.596737 70
11.0481 -0.47262 70
0.121262 -8.89904 70
-30.2992 39.917 70
10.4486 -9.20845 70
-0.196892 -18.9461 70
-28.889 40.7402 70
-0.0828794 -9.24799 70
0.0163457 -10.2283 70
-20.1238 19.7959 70
1.41841 -9.7728 70
-1.06489 -1.3988 70
-1.37937 -1.2608 70
-0.00404427 -0.685729 70
9.46431 -8.8117 70
0.73541 -0.240922 70
30.5501 -30.8841 70
29.8707 9.76256 70
10.6277 -0.378118 70
-0.0388594 -1.34545 70
-49.4882 -19.2512 70
-1.07453 -9.08698 70
0.486815 1.12776 70
-1.22111 1.01726 70
-0.159028 -9.14792 70
10.2943 -9.25552 70
0.924881 -8.7059 70
-1.06443 -60.8465 70
-0.985671 -9.38907 70
1.45675 -0.873324 70
-8.60873 -20.6962 70
-0.710297 -9.18562 70
-0.0904209 -19.8221 70
0.555267 18.6614 70
0.0122928 -11.0671 70
-59.8473 -51.0142 70
-19.7597 19.9941 70
1.21126 -0.159692 70
9.03031 -9.19551 70
-1.10459 -10.4893 70
10.2066 -0.135797 70
-0.170346 -8.91996 70
-39.6518 21.1061 70
-0.406907 -10.7132 70
-0.453261 -1.08746 70
-29.866 9.11668 70
0.782501 -9.5266 70
11.2754 0.321536 70
-10.0588 -20.5293 70
18.6829 0.869112 70
-11.2054 -20.9788 70
0.490242 1.38465 70
0.0875698 0.909945 70
-29.6561 10.9172 70
0.0663666 -0.807807 70
1.47038 -9.90178 70
10.4184 -9.039 70
0.659597 0.561232 70
19.0236 0.148017 70
9.78888 0.227223 70
69.9728 20.9263 70
-0.305585 -0.00565115 70
8.96966 20.9631 70
1.43927 -0.138668 70
-1.05831 -18.7104 70
0.1882 -1.02401 70
1.05468 1.14015 70
-0.153913 -0.93301 70
-1.06919 -11.0694 70
-0.396184 -11.228 70
-0.314719 -8.78084 70
0.0141287 -1.23649 70
9.56328 -9.32743 70
-0.918577 -0.532186 70
11.3067 -0.183964 70
-30.5178 -20.1789 70
-28.7217 -20.8234 70
9.75313 9.95579 70
-0.232049 -11.1741 70
1.21871 -9.58783 70
-1.28128 0.755165 70
-0.736258 20.2592 70
9.84285 1.309 70
-0.681261 0.342133 70
-11.2614 -1.40834 70
-8.56552 -0.24022 70
0.87094 0.801473 70
-18.6616 -101.219 70
-9.10759 0.12194 70
0.850608 30.0134 70
11.0316 0.816746 70
-1.23481 -0.717586 70
11.1441 1.31021 70
-59.564 -10.8865 70
0.69705 -0.891156 70
1.33874 -10.5685 70
-10.7765 11.0006 70
-8.89942 9.24768 70
0.587944 0.764396 70
-1.24944 1.43918 70
8.58038 -18.8737 70
9.15845 -9.9933 70
-0.866069 0.197353 70
8.6255 -18.6487 70
9.61162 10.5713 70
-21.1084 -19.2058 70
10.7978 0.688537 70
20.6637 1.48849 70
0.421584 0.494069 70
-0.909466 11.1963 70
0.869979 9.83764 70
9.24757 -10.8797 70
9.14919 -9.5248 70
-0.405849 -9.12248 70
1.44227 -9.06375 70
1.22867 -9.22918 70
0.234763 -10.4576 70
-9.8026 10.3984 70
-20.9528 -48.6437 70
-8.52465 -10.6939 70
-0.629558 -1.30355 70
0.878028 -9.30687 70
-1.21702 8.96428 70
9.42176 -10.6371 70
9.57283 -1.48372 70
19.8465 -10.8399 70
8.82716 -0.330794 70
9.89475 0.0441825 70
1.09466 -0.362586 70
-8.67761 0.202415 70
-9.53074 -1.45204 70
1.22031 -10.7386 70
11.3249 1.39305 70
-10.204 -8.73423 70
10.7587 1.03459 70
-0.680298 -9.7716 70
0.52318 -10.7289 70
-1.33185 -1.02847 70
-1.14611 99.7472 70
-0.946428 0.51096 70
10.6584 -20.4373 70
-0.560517 -0.321876 70
29.5022 -18.628 70
-1.02739 -9.96879 70
1.18998 -10.6067 70
9.47305 50.2556 70
8.95259 1.39504 70
10.5417 -0.146334 70
0.58044 0.791574 70
9.58294 -0.448951 70
-0.227964 9.70224 70
0.844752 0.315145 70
10.7616 -0.929276 70
21.0262 -10.7103 70
19.075 10.8861 70
28.9339 -1.00992 70
-0.765664 -1.41961 70
19.2146 19.2768 70
-18.9226 11.4818 70
0.24354 -11.499 70
29.4333 -1.49554 70
9.66551 -30.8954 70
8.5298 29.2302 70
9.18719 -30.989 70
21.1823 -9.63617 70
1.12062 -0.784563 70
-0.464636 -0.739603 70
-0.719598 -9.4634 70
-19.9421 -10.5681 70
21.3235 -21.2834 70
-10.5367 -1.45356 70
0.409639 -20.0266 70
0.131526 -19.5308 70
1.31296 9.60773 70
9.28169 19.819 70
0.74555 -1.38359 70
11.1351 -9.97049 70
1.02535 -0.658383 70
-9.49991 -59.5107 70
11.1056 -18.8777 70
0.153933 -0.997536 70
9.96831 -8.77902 70
1.34318 -0.930503 70
-1.08129 1.11766 70
8.56979 -9.57999 70
20.8416 -20.1311 70
10.6108 -1.31347 70
-31.3198 -10.7365 70
0.705982 48.8801 70
11.032 8.552 70
19.174 -20.6254 70
-9.63247 1.45155 70
28.6917 1.26049 70
-50.821 -60.9606 70
-9.93256 -19.8541 70
1.11269 1.2776 70
-0.618868 1.3555 70
10.4254 -0.0311375 70
-0.129803 -9.4776 70
-0.447693 -1.3688 70
-1.49745 0.597435 70
-0.85097 9.27495 70
1.07658 -11.321 70
-1.29316 -1.39078 70
0.936163 -0.884402 70
19.9913 -20.1145 70
-1.08745 0.692506 70
-10.9022 -10.4117 70
9.7112 9.28317 70
10.3987 -9.40815 70
-0.392209 -10.1946 70
20.5916 1.31588 70
0.231987 0.318582 70
59.5794 -18.9381 70
-18.868 -39.6557 70
19.4712 -21.4044 70
0.535164 -1.27746 70
0.157508 1.05839 70
30.5864 -20.0789 70
8.66245 9.13283 70
-19.6981 -11.0613 70
-0.623732 -9.43484 70
9.86221 -0.157626 70
9.67638 -11.0086 70
-1.15769 -8.75074 70
9.25099 61.2663 70
50.9054 10.7727 70
10.1027 -0.373835 70
21.334 -39.5563 70
10.4538 1.42263 70
19.833 -10.7997 70
-0.387164 -10.8248 70
-0.132635 9.41882 70
29.2476 -0.312218 70
11.1683 -0.0340167 70
20.6263 49.8114 70
-10.4334 8.60039 70
8.58205 -0.547291 70
0.376419 -9.07737 70
19.8899 -20.367 70
9.15026 -11.1236 70
19.5912 41.3744 70
1.41506 -8.99369 70
0.661037 -1.29131 70
-10.826 -19.0689 70
11.4619 9.06019 70
-18.576 0.682851 70
0.0525253 9.92158 70
11.0441 -8.87444 70
9.37251 -31.2735 70
-89.583 -100.145 70
10.8174 -18.6151 70
-8.74247 -10.9075 70
1.01017 1.18231 70
9.77659 -11.3259 70
10.2922 0.724667 70
0.829943 0.44724 70
29.8206 9.60159 70
-0.772192 0.487463 70
1.04751 -0.264098 70
-9.17988 -19.3271 70
9.90042 20.3642 70
-1.12616 -10.3943 70
8.66448 -9.50237 70
-11.3054 -10.6995 70
8.66668 0.586229 70
20.4221 -9.64923 70
-0.522477 -10.1785 70
28.8491 -30.6499 70
1.06722 -9.73746 70
-0.505565 0.600205 70
0.386005 -0.447604 70
-1.02825 -0.53131 70
-1.20849 -0.04512 70
1.10466 9.20875 70
9.07011 -20.7828 70
0.599976 -1.04687 70
-9.88592 -18.8333 70
50.7801 20.6385 70
60.8442 -68.8313 70
-9.01639 -1.03898 70
1.3762 -10.5543 70
49.9885 0.406836 70
38.5538 1.04629 70
-0.140594 0.334778 70
11.0756 1.13277 70
11.1283 0.330414 70
0.350082 -0.681753 70
0.897687 -1.31043 70
9.31746 0.692661 70
-40.4695 1.20392 70
-9.10841 -10.4684 70
0.110614 0.798751 70
0.287741 -10.2692 70
20.2942 -10.8886 70
9.18309 9.12873 70
-10.0041 0.41693 70
10.9541 0.849965 70
-1.31298 -21.105 70
-10.4368 -9.33916 70
9.45357 -9.14431 70
-1.49057 -9.30815 70
-20.6594 -0.86971 70
-40.1607 -29.9446 70
9.55277 -10.3727 70
1.11614 -9.01193 70
9.0587 -9.20872 70
-0.202256 1.49245 70
-0.238319 1.21276 70
-0.944183 -8.80167 70
1.10066 -11.0391 70
-0.0467438 -10.7699 70
28.7156 -10.0345 70
-0.000293167 1.49124 70
0.198288 -0.678659 70
-0.436684 0.230282 70
