9.8949 9.03301 70
-0.495321 -9.04084 70
10.5888 -0.865608 70
-10.4663 -0.949787 70
10.2426 30.3417 70
19.6795 -0.404291 70
8.70907 1.24522 70
1.31986 8.51417 70
11.247 -9.83553 70
-99.2471 -1.00827 70
-100.753 0.105398 70
-1.02451 -1.16733 70
-0.309581 10.3989 70
10.8248 11.1972 70
-20.077 9.29052 70
-1.07514 1.08862 70
10.5338 11.0849 70
29.5825 10.9624 70
9.10945 1.07831 70
18.998 9.20327 70
9.87533 0.362469 70
-0.624724 -10.6724 70
18.8863 -1.34668 70
1.19082 -10.2993 70
-1.08351 9.27166 70
1.18548 -0.721089 70
-0.238402 -0.122955 70
1.35834 -0.0648908 70
10.8714 1.02383 70
-10.7075 10.2062 70
-9.50397 9.67322 70
0.939261 -1.10419 70
10.934 0.218657 70
20.3744 -61.1479 70
20.6009 -0.98697 70
-20.5725 -0.950286 70
8.64943 11.1816 70
9.63824 9.34633 70
18.5844 0.502668 70
8.73399 0.542462 70
-0.310958 1.23376 70
1.08191 -1.08096 70
28.5727 10.6842 70
-1.24674 8.79063 70
29.761 21.3931 70
-8.67878 19.6186 70
-10.2284 21.2997 70
-0.498083 -10.6457 70
10.3188 -11.114 70
11.4764 1.13281 70
-1.2557 -0.524507 70
0.675015 1.33877 70
-31.4736 19.0365 70
9.64288 -0.453032 70
11.3051 10.774 70
-18.5325 41.4222 70
-20.3445 38.9354 70
9.68728 -9.29671 70
0.225339 9.68926 70
0.959587 39.8787 70
-0.314299 40.2944 70
-0.0301943 10.2631 70
9.93997 9.6381 70
8.78786 20.4134 70
11.4241 -1.07042 70
0.865261 11.1963 70
18.6508 8.70016 70
-49.4328 -20.0501 70
-48.8307 -19.8811 70
9.88732 -0.0951583 70
1.18598 9.09472 70
18.6003 -10.4047 70
21.0667 8.80151 70
11.3426 9.89351 70
9.43621 9.80497 70
-10.5803 -18.6846 70
-1.02616 9.61942 70
-11.2312 -29.8733 70
-0.554714 10.0705 70
0.340266 9.75852 70
10.309 0.821261 70
-19.5362 -9.01964 70
10.9902 8.93511 70
29.471 0.642039 70
0.312382 1.28289 70
0.0901573 9.22382 70
8.5553 9.76509 70
11.2071 -18.5615 70
0.0151305 -10.2829 70
9.25909 -119.43 70
28.7565 10.1761 70
-0.782232 10.2833 70
0.90702 0.785603 70
0.978732 10.5334 70
1.07815 -8.85715 70
0.559411 18.8772 70
11.456 0.635678 70
-11.242 1.44197 70
0.939091 11.2587 70
-8.98235 8.6506 70
28.5721 -20.4782 70
-1.09403 20.9031 70
-9.53031 0.57968 70
-9.54719 19.072 70
-19.5394 -20.3438 70
8.82004 -40.2157 70
0.535531 -9.15515 70
-9.79466 20.8765 70
-11.2187 21.4161 70
-9.50665 20.7684 70
0.306181 9.44683 70
9.7054 10.3262 70
0.502365 70.1246 70
-20.7636 -48.6553 70
0.983492 -0.753924 70
-1.13561 0.426001 70
30.8226 8.65832 70
8.85088 10.4324 70
9.50036 9.22941 70
9.74551 10.9642 70
9.56574 -10.4443 70
0.206058 11.4036 70
11.3384 -0.0696443 70
11.2148 -0.762455 70
-0.360923 0.507468 70
-0.214044 0.234116 70
0.443215 9.6959 70
9.64536 0.671139 70
9.07416 0.590775 70
9.50296 19.1544 70
0.777789 1.36357 70
-1.4778 -0.0226364 70
9.43183 10.2362 70
0.034147 9.76426 70
10.4526 11.0405 70
-19.9075 -11.324 70
-1.25808 -11.3014 70
-0.104953 0.283393 70
10.0669 21.0584 70
-8.51397 -11.4086 70
10.1747 -1.44997 70
8.50593 10.9267 70
-111.348 109 70
-8.75635 0.133202 70
-8.57978 -1.40333 70
-1.45451 -8.94609 70
-0.154224 1.00855 70
-0.843672 1.31365 70
20.7731 -1.04674 70
10.0864 -10.2065 70
-0.0911874 19.1779 70
40.1303 -10.2224 70
-1.07594 0.553981 70
-0.62917 0.246361 70
9.46529 10.7182 70
9.72759 9.64242 70
10.7054 -1.15704 70
0.503814 10.5408 70
-0.0501332 21.3242 70
10.0865 8.87299 70
1.47366 8.62077 70
70.0785 28.7709 70
-18.5413 -0.449686 70
-10.5483 0.869931 70
21.0064 -0.708166 70
0.140626 -1.35359 70
0.678942 11.1856 70
9.39656 9.64563 70
10.1684 0.903653 70
-30.4223 -19.7197 70
8.5504 -0.841526 70
1.14474 9.08775 70
0.0798922 -1.23207 70
10.3714 9.67264 70
-0.479053 -1.41681 70
-0.75139 9.45878 70
19.1933 0.547853 70
10.3479 -0.781674 70
31.4829 -30.2358 70
9.45761 1.34872 70
10.552 19.1748 70
-1.24658 8.60268 70
9.05756 1.27586 70
11.4335 0.305198 70
-0.22243 -8.53124 70
9.28897 10.9902 70
-0.4869 9.13435 70
-0.244375 1.08633 70
-49.1042 -10.684 70
-0.93065 0.211794 70
10.5041 -0.447923 70
0.429673 0.129697 70
0.408598 8.65269 70
-8.99891 11.3153 70
19.662 -9.58824 70
70.2009 -70.6787 70
-9.46862 10.3571 70
20.9311 1.15957 70
-20.8717 50.747 70
-38.6326 9.53412 70
-1.23257 20.1203 70
0.907609 -0.506581 70
-11.0257 -0.336172 70
9.55775 -1.25529 70
18.6503 18.6142 70
0.958988 10.5271 70
10.1616 9.26903 70
10.6725 1.18521 70
-1.30804 -28.8963 70
10.4767 -1.3518 70
9.51917 0.858874 70
10.6148 1.4145 70
-1.23004 -0.073707 70
19.7991 8.65905 70
28.9991 1.41371 70
20.8134 9.64536 70
9.85133 -0.0231157 70
10.7938 9.70704 70
-0.25404 10.687 70
8.85587 0.873053 70
-1.27548 9.44517 70
38.5927 11.4458 70
-0.448941 9.31762 70
-0.835588 11.4705 70
-0.923065 1.24036 70
0.0213781 9.27659 70
9.17608 18.6948 70
-19.2435 30.4984 70
-1.16027 0.557474 70
1.11376 10.79 70
1.13213 -1.419 70
9.40562 8.9038 70
0.858133 0.574708 70
8.93311 0.0447539 70
9.95086 1.04434 70
-1.33296 9.31992 70
-0.160483 10.8043 70
9.56834 -19.0042 70
-9.47969 19.9644 70
9.47599 1.05996 70
-0.455459 -0.607021 70
1.14044 0.465589 70
-0.793019 0.0599574 70
0.257937 -0.759443 70
-9.14611 20.0724 70
19.4727 0.963271 70
0.43068 -0.406915 70
-1.36759 -0.554676 70
-0.264056 11.2495 70
0.797282 -1.40928 70
-10.8961 0.32422 70
0.626709 0.866353 70
50.2538 0.274376 70
0.667006 10.4089 70
-39.0187 10.4781 70
0.598339 -1.32024 70
10.0873 10.1374 70
10.8768 8.605 70
-10.8991 29.7121 70
0.740459 11.1036 70
0.281651 1.10591 70
0.102374 -1.33182 70
1.14361 10.7092 70
1.21183 20.335 70
21.2168 31.3074 70
10.6154 8.60505 70
11.3381 8.89424 70
41.3156 -10.0558 70
18.9075 20.6177 70
9.01548 10.7421 70
-39.4802 -10.4462 70
-0.168238 -0.941204 70
9.7633 0.668004 70
-10.8877 -18.7288 70
-40.6318 -59.354 70
-11.4611 -29.7081 70
29.4359 19.5789 70
-1.06831 1.44737 70
9.72317 -0.359333 70
-0.321261 -21.1599 70
0.260064 9.40346 70
28.6277 -20.962 70
-0.472316 -0.0344324 70
9.84671 -1.27436 70
20.0862 20.018 70
18.5735 -10.225 70
9.24391 10.3373 70
-0.396289 9.32919 70
0.125838 10.8571 70
18.9909 -1.36708 70
10.8519 21.3316 70
19.6365 10.6901 70
-30.3116 -10.5503 70
-1.06043 9.36223 70
1.26696 18.588 70
10.9532 0.635591 70
79.3394 20.9675 70
1.24103 9.19285 70
8.52869 -0.499003 70
-0.804352 -0.89152 70
0.731304 -0.380007 70
1.3237 -48.522 70
-1.29675 1.14814 70
19.2211 20.5099 70
0.0203606 9.26164 70
8.53044 9.21332 70
0.356973 0.990217 70
11.4856 9.76774 70
48.6128 -0.969805 70
-0.945127 10.1464 70
8.77225 9.39386 70
-9.07073 59.2317 70
0.511669 0.844218 70
21.2624 39.814 70
29.9176 18.754 70
-0.500088 10.3465 70
19.408 -1.25891 70
0.150564 -0.649154 70
-1.207 69.9938 70
21.1562 -31.0896 70
9.36466 -0.343355 70
-38.8437 1.06673 70
8.5754 21.4798 70
10.5938 -1.10412 70
0.491224 -0.588149 70
9.04304 -1.05155 70
20.0861 0.773995 70
0.834701 20.0127 70
0.200272 30.0467 70
0.949319 30.4175 70
-38.593 -59.4362 70
20.07 -18.624 70
-9.51789 -10.7878 70
8.51068 10.662 70
0.550873 0.899277 70
9.88521 20.5329 70
11.1305 0.294318 70
8.53302 0.991544 70
-29.6858 -1.32304 70
-31.212 0.203776 70
-10.7582 -0.241258 70
-10.6972 -0.71936 70
0.880602 0.054975 70
-0.0652148 10.4866 70
-9.08128 10.4666 70
-21.0593 19.1372 70
11.2483 0.185245 70
9.20591 1.37315 70
-1.47362 -0.148372 70
-9.40943 0.91867 70
11.4862 10.6375 70
11.1793 0.676327 70
19.6359 -40.3316 70
0.322868 -0.83213 70
1.25533 -11.2999 70
-1.25034 -0.75543 70
10.8836 9.48894 70
11.2137 1.06054 70
18.5937 9.50186 70
0.607354 9.86904 70
10.5095 -0.529737 70
1.32296 -0.770629 70
-1.48028 0.400825 70
8.80403 0.234435 70
20.1627 0.608642 70
1.25228 19.6626 70
-8.72383 10.83 70
-9.14547 10.8967 70
8.82509 -1.02669 70
21.4541 9.19763 70
-18.8507 -0.836091 70
-20.4926 0.958288 70
-0.34103 10.4214 70
49.0419 -21.1347 70
-18.7849 10.8776 70
28.9211 -10.0556 70
-0.897911 8.51435 70
0.670358 0.0559538 70
10.4833 0.792905 70
-20.5306 21.0082 70
10.6083 1.02898 70
-9.95307 -20.7341 70
9.56726 -8.73018 70
-31.398 -10.4344 70
-1.17324 11.4662 70
9.09088 -1.19986 70
0.635315 9.68387 70
-1.4176 10.5866 70
-10.6358 8.69749 70
-1.34914 -10.8704 70
1.22238 9.42306 70
80.4372 -41.265 70
10.0839 -20.7095 70
1.47866 -0.0521466 70
-0.441504 11.3216 70
-8.7495 1.32095 70
0.0536824 -9.38826 70
19.6647 11.3898 70
21.0967 -1.3074 70
10.9634 -10.1905 70
-1.15181 0.00458684 70
-0.401706 50.0265 70
49.3307 -29.7923 70
0.735885 -0.897913 70
39.0189 -8.77785 70
11.1139 51.3004 70
-8.8318 9.40005 70
11.3693 9.21029 70
1.18618 21.4474 70
21.0163 28.926 70
19.6267 29.8502 70
-9.97943 -18.9092 70
1.24244 0.997969 70
121.012 -40.184 70
19.5211 -0.961414 70
-1.41819 50.6117 70
-50.7865 -8.85085 70
-60.8342 49.1108 70
110.365 -59.4408 70
0.810073 1.44228 70
18.8652 -30.992 70
-1.3758 -0.809768 70
-21.4889 -10.2117 70
0.569975 11.1525 70
0.521393 0.30029 70
-0.526449 8.67337 70
110.744 -8.52056 70
10.1358 -0.387807 70
-30.078 -108.865 70
0.31723 10.2682 70
-10.8598 -10.17 70
-1.21318 -1.34801 70
-0.497491 9.38677 70
-11.0891 -0.890499 70
8.87464 -1.11071 70
-20.9939 0.543296 70
-19.4505 0.952001 70
-19.9984 10.798 70
0.794029 0.595848 70
1.10294 9.60883 70
0.0306931 -0.169781 70
11.0727 -1.45203 70
8.75172 -11.3454 70
9.93576 19.3219 70
1.07559 8.85886 70
-1.42002 -0.141809 70
10.9477 10.0958 70
10.2719 -0.233973 70
18.5554 -9.73809 70
19.8272 -11.2289 70
9.5927 28.9851 70
-11.0831 0.477704 70
20.5465 11.4659 70
-0.0416475 -0.407181 70
10.2077 -20.2159 70
20.582 -18.543 70
10.2362 0.874004 70
1.34438 0.4621 70
-9.62525 0.324156 70
-10.3326 1.05143 70
80.8924 10.2508 70
39.2314 -41.422 70
39.2873 -39.041 70
30.2007 -10.4329 70
20.8209 -0.0279267 70
0.596144 1.36072 70
8.66043 -10.2298 70
30.4368 -39.8038 70
29.387 -39.829 70
11.3238 1.14546 70
-0.294004 1.12342 70
-0.798307 -0.0580261 70
-0.505728 -0.827355 70
0.397056 20.2476 70
0.589179 1.42583 70
-10.745 -0.689938 70
-31.2816 0.649695 70
0.316704 8.61301 70
-10.6381 10.5336 70
-9.31639 10.9786 70
-0.869876 -8.92696 70
0.816205 -9.83497 70
-10.0108 9.83905 70
-0.951154 -1.34869 70
29.5225 10.2975 70
79.0383 -39.8127 70
-0.800364 -1.41891 70
8.98012 -1.24074 70
-10.9679 0.0634263 70
-20.3671 20.0624 70
-0.796356 -0.920927 70
1.41423 1.42328 70
28.5611 -1.04711 70
-31.0922 -9.52751 70
10.9998 11.2696 70
10.2719 -0.243692 70
8.56406 10.0105 70
11.1481 10.7518 70
-0.813426 8.56938 70
19.0811 0.00258006 70
0.0376834 -0.442463 70
20.3097 10.1023 70
89.2545 48.7217 70
21.1842 -1.1276 70
9.55563 11.2434 70
11.2332 9.29807 70
11.2917 11.1452 70
-1.2403 11.0422 70
9.97173 -0.166237 70
8.67296 -31.4159 70
21.0965 9.45057 70
18.757 11.0054 70
-0.380562 21.3724 70
1.48134 10.9254 70
1.38349 -8.90385 70
9.08033 -1.13062 70
0.848935 0.771484 70
11.2222 -9.27593 70
21.0562 9.6999 70
-0.651399 11.2201 70
8.73237 -0.133323 70
9.04382 0.116364 70
10.9089 0.234012 70
11.4015 1.09643 70
8.58384 8.93808 70
10.4473 8.97854 70
21.3946 9.84611 70
-0.971467 39.9557 70
20.8002 -19.2164 70
-0.210547 10.9131 70
-1.47962 -0.0500198 70
9.35066 29.8987 70
-11.2619 20.8569 70
-9.80568 18.8174 70
0.154383 0.833808 70
-0.0275413 -0.0118192 70
9.77121 -0.532808 70
-1.21391 9.56565 70
11.4343 -19.4742 70
-1.02028 -0.80671 70
10.045 1.33273 70
49.6532 -0.930593 70
10.5359 28.9827 70
-30.4496 40.07 70
0.0621365 -0.413551 70
-0.235948 -1.41708 70
20.2809 9.28721 70
-1.44979 19.4949 70
11.4593 1.45405 70
11.0409 -0.496505 70
8.50053 50.54 70
49.3234 -29.4219 70
21.2155 40.3845 70
-20.1977 18.989 70
-1.12617 -0.157171 70
1.44716 -1.2429 70
-0.270544 9.87192 70
1.27263 10.1549 70
0.882083 -9.66324 70
90.685 -40.2628 70
8.87298 0.393647 70
19.9795 51.1242 70
1.34342 -0.843587 70
19.7315 -9.6005 70
-10.9516 1.33196 70
1.47453 -0.716963 70
-0.15054 -0.980828 70
-9.57266 20.9325 70
-9.37938 -9.53319 70
18.7479 -1.0862 70
-0.28129 18.701 70
20.8138 10.1276 70
9.3831 -0.882389 70
9.27895 -0.414632 70
0.86312 -1.22537 70
-1.26556 8.50543 70
0.71035 9.70046 70
9.47895 -0.257676 70
10.2485 10.5791 70
0.252711 -0.775596 70
-9.46861 -21.3383 70
-8.74344 1.0439 70
-30.7912 18.8688 70
-0.304683 19.2322 70
9.81853 11.4005 70
9.17156 9.09172 70
8.67028 10.4067 70
8.59886 10.689 70
10.3835 18.8218 70
-9.10881 -19.0028 70
-0.973952 -8.58804 70
-0.861053 -1.19532 70
8.56968 -9.73138 70
10.2767 9.38363 70
28.8766 20.2378 70
11.4897 10.0362 70
9.02983 11.2493 70
0.00980958 -10.286 70
29.511 -11.0864 70
10.3163 10.0645 70
11.3437 -9.49471 70
10.7501 21.4903 70
8.72587 11.4706 70
9.29847 0.0430856 70
-0.843618 -8.52072 70
-0.159289 -10.2149 70
0.977138 11.0793 70
9.74048 0.289895 70
-28.6075 -21.1071 70
-9.23382 -18.8767 70
10.1153 -0.639421 70
9.19758 9.86784 70
-11.1955 10.2299 70
-1.21885 -0.836781 70
9.23003 10.1171 70
9.95389 10.7161 70
-10.4612 -0.535775 70
10.232 10.6584 70
-1.1208 39.2438 70
-9.45813 -1.19336 70
8.62164 10.7574 70
10.2554 9.6936 70
-0.0970344 -0.065326 70
1.00196 -0.141456 70
-40.6958 19.4427 70
20.0512 0.617854 70
-39.4429 20.3181 70
-1.23297 20.7889 70
11.3117 1.38606 70
10.9746 19.9434 70
-8.89173 8.73893 70
0.480866 18.9804 70
-28.6241 -38.5115 70
0.369075 0.767061 70
-0.107424 9.82151 70
0.282345 10.8075 70
9.34929 -0.197717 70
10.6713 11.3897 70
0.133811 -8.58634 70
11.4313 9.16744 70
29.6482 -9.99018 70
28.5705 -40.7472 70
0.0335519 1.47351 70
20.5271 -0.262351 70
-61.2451 -51.0229 70
0.932365 -1.24881 70
-20.5537 20.7547 70
0.296271 9.00126 70
0.377854 10.769 70
10.7325 11.4096 70
8.78806 10.5243 70
0.0808181 -0.273653 70
10.5893 30.8343 70
0.86163 11.4763 70
9.33672 8.73038 70
20.105 9.54481 70
20.0707 -0.822955 70
0.987173 28.9416 70
-29.9336 -19.3056 70
-30.0885 -19.9394 70
10.7365 0.549257 70
10.3397 10.8973 70
-19.5093 9.02949 70
-0.915551 1.03003 70
-1.06699 -1.25092 70
1.24929 0.872456 70
-1.09259 10.7134 70
8.70081 11.0122 70
30.9601 -10.3337 70
-9.29291 8.70221 70
-0.413346 0.122933 70
10.001 1.40067 70
8.76221 -0.0602866 70
-8.73859 -9.32737 70
-0.334991 0.640479 70
9.67272 -0.365107 70
-10.5028 -1.32987 70
18.71 -21.0442 70
-9.04157 -0.620777 70
31.3557 10.7087 70
-20.9987 -0.680834 70
-1.47258 8.93316 70
11.4743 -0.0718478 70
0.975934 8.67133 70
29.5892 0.0269414 70
0.8118 1.36992 70
10.9135 -0.301986 70
19.6928 -0.848733 70
10.004 1.02391 70
-11.0576 0.53911 70
40.8668 -19.2026 70
9.15068 -0.943936 70
19.1138 0.919964 70
8.60873 -0.64762 70
10.6159 11.0682 70
29.226 79.9693 70
30.5662 19.7235 70
9.27081 10.9623 70
48.6219 1.10582 70
-0.922242 -9.78938 70
1.08025 -0.730759 70
10.6224 0.946875 70
9.97012 9.8996 70
9.82852 -11.2217 70
10.9635 10.4575 70
8.72385 1.27921 70
30.2611 9.04259 70
10.7522 1.12111 70
0.218075 1.05291 70
9.68427 9.46444 70
1.43193 -10.9893 70
-0.944512 -0.0428362 70
10.5052 0.619115 70
0.839641 -0.369216 70
9.86626 9.93133 70
41.1577 10.1951 70
19.194 -9.57453 70
18.5955 68.6606 70
0.651497 11.1131 70
11.1642 21.3081 70
10.0314 11.3963 70
30.7606 21.2002 70
30.8655 19.6863 70
