0.32679 1.11727 70
9.04652 -10.5446 70
69.4561 60.2348 70
-21.2001 -39.6601 70
-9.77405 1.16398 70
-10.8014 9.86983 70
10.1865 -31.0801 70
-28.6806 -90.8282 70
-1.11356 0.510578 70
0.609031 -20.2329 70
8.56988 -1.41895 70
1.3349 19.3348 70
20.4476 -21.108 70
-0.530761 -1.11048 70
-1.45608 -9.0856 70
9.32378 -1.02106 70
11.2089 0.0645751 70
9.70583 1.18903 70
10.4691 1.46641 70
8.73071 -10.1028 70
-8.65403 11.1222 70
0.772931 -10.502 70
0.572974 -1.00944 70
0.0726967 0.684463 70
1.34613 0.225234 70
9.41673 -0.375013 70
-40.8681 11.1761 70
-28.8765 -20.1553 70
29.9302 -60.8722 70
11.138 -0.625689 70
18.9588 -11.463 70
19.4374 -10.7549 70
10.6468 -0.519975 70
-18.7365 31.4255 70
0.89469 -0.120191 70
20.413 -10.7669 70
1.03104 -0.492796 70
11.3288 -10.3449 70
18.9275 -0.881884 70
10.4562 9.34225 70
-0.296454 -0.215019 70
0.328274 0.913769 70
11.0882 -1.03292 70
-1.41183 28.9575 70
-0.261249 9.86048 70
0.00803993 -19.4074 70
-0.184725 1.04829 70
19.6801 8.98534 70
-0.926756 -9.85955 70
-0.960756 0.866061 70
10.4718 -8.98469 70
-1.49632 -9.34289 70
-9.5866 -8.84649 70
-29.1024 -11.351 70
10.1715 -0.465749 70
-20.1434 39.0627 70
60.3665 -21.3804 70
-109.615 19.3069 70
0.908414 -0.396376 70
-1.41609 -0.0339145 70
-1.41564 -1.24878 70
-0.382954 -50.2509 70
10.5385 -21.1105 70
19.7914 -21.4582 70
21.3721 -21.3491 70
1.13184 -1.32122 70
-0.220479 -1.07435 70
18.8673 -20.7384 70
11.48 -9.23307 70
1.32124 -1.43687 70
-59.0307 -60.8577 70
0.369661 -0.807929 70
10.0827 0.722042 70
-1.12131 -9.80419 70
10.5627 20.2624 70
21.3256 1.39598 70
0.0902862 1.49819 70
0.610502 1.29115 70
-20.6342 -9.6902 70
18.6284 -28.9114 70
10.6394 -20.017 70
-19.3881 -30.5447 70
-1.38058 8.63301 70
31.1502 -1.41624 70
9.15986 9.4186 70
19.4537 -30.2854 70
0.59104 -9.27775 70
-0.00543686 -18.5105 70
9.61887 -11.2127 70
9.8809 0.574583 70
21.1756 9.75733 70
-31.445 18.7232 70
0.395958 1.17894 70
0.594107 -0.899698 70
11.1802 -0.601948 70
-100.405 59.3173 70
10.451 -11.41 70
-8.90831 -20.7247 70
10.4863 8.76662 70
1.30802 -0.366552 70
1.28314 0.0827269 70
-9.30481 -10.9346 70
10.3207 -10.9952 70
-21.0754 -20.6514 70
0.0875998 1.06595 70
-9.62918 -10.0994 70
-0.92805 -9.46604 70
9.9742 -9.78659 70
10.0984 -10.5244 70
0.426039 -0.400652 70
1.19358 -8.96638 70
-0.446235 -1.00522 70
9.5096 -19.6087 70
10.9297 -9.09356 70
9.79196 -9.20741 70
1.1939 -1.36668 70
-0.381367 9.25492 70
-0.336115 1.06708 70
-1.05854 -0.603312 70
19.5288 -9.55416 70
18.7019 -0.777161 70
11.4141 -10.6447 70
0.868753 -0.00874532 70
11.4996 28.7871 70
-29.9549 -29.8096 70
10.5765 1.03046 70
0.848195 10.5475 70
-0.267199 -10.8825 70
9.97776 -1.39999 70
-20.474 -18.8636 70
9.22084 -8.84239 70
-1.11346 -1.03951 70
0.799793 18.5034 70
8.79315 1.39054 70
10.8911 -9.46441 70
-8.93205 10.9423 70
0.879029 -0.827571 70
10.1478 19.2495 70
19.9006 -8.79836 70
31.3823 -10.1244 70
-0.746237 -10.6962 70
9.20451 -10.6401 70
30.8997 -18.6731 70
9.92768 -1.22448 70
-39.5563 19.0368 70
11.1793 1.24054 70
1.33923 -20.6161 70
10.3673 -8.94385 70
0.628719 40.9125 70
-0.0634541 -0.406801 70
-0.0304715 -9.8203 70
-10.6594 -9.20307 70
-11.1581 -10.9131 70
-1.49675 -9.36714 70
1.30028 -11.223 70
10.8504 -9.5856 70
51.0218 -0.57806 70
0.241617 -9.61683 70
-0.368096 -10.8247 70
1.19344 -10.8442 70
19.5178 -19.4295 70
18.8552 18.8083 70
-21.2675 -9.5406 70
10.9961 9.86762 70
8.92789 -20.1353 70
11.3183 10.5221 70
-0.683493 -8.50775 70
0.345216 -0.785398 70
8.71808 10.6488 70
1.18231 -10.8517 70
0.78289 0.240172 70
-1.2517 0.192264 70
0.55659 -10.2357 70
10.3829 -9.51779 70
48.8718 -79.7844 70
30.4408 -20.8793 70
10.6055 -19.1546 70
0.803651 0.461748 70
21.4312 -9.29278 70
-9.8896 0.609063 70
-9.71415 1.25371 70
8.91725 -0.0198168 70
-10.2453 1.41809 70
-21.4545 -0.795624 70
-0.0741025 -0.405835 70
20.5562 -9.91509 70
0.552151 -0.147257 70
-21.2814 -99.6779 70
-10.3525 -9.19828 70
10.8535 -1.04951 70
10.3413 0.807431 70
1.23529 -0.45905 70
0.893946 -0.364903 70
-1.17478 10.3425 70
9.59066 -9.77688 70
-10.8038 -19.9988 70
-9.09177 19.0778 70
9.33017 0.957207 70
0.254215 -1.05501 70
-0.267669 0.384498 70
1.49193 10.1771 70
-18.8112 19.5893 70
1.3752 -19.7371 70
-39.8906 -21.4562 70
-0.272913 -10.0865 70
-19.3838 -0.676486 70
10.2827 0.346287 70
10.5351 -8.62137 70
11.002 10.713 70
9.04707 1.01323 70
0.0840984 -9.24044 70
28.886 39.2807 70
10.6995 -1.03662 70
9.85681 -20.9167 70
-9.25813 -10.4774 70
51.25 10.5842 70
9.75008 0.448003 70
11.4646 -0.220035 70
10.0036 0.110946 70
-0.282122 -9.40096 70
0.239438 9.44365 70
9.15081 -10.5915 70
10.1802 -10.4316 70
-20.6419 -9.9698 70
19.355 1.31016 70
10.4193 1.21078 70
49.4726 -0.286739 70
-9.47698 8.83072 70
-0.625379 -0.992377 70
9.86863 1.40754 70
0.0307373 0.70472 70
-0.956555 0.822466 70
10.012 11.4283 70
-0.370509 1.35272 70
1.38478 0.482044 70
-0.592147 1.20169 70
10.2359 1.45819 70
-0.776074 -1.39933 70
10.8419 -11.0953 70
-100.824 20.9588 70
-28.9473 40.6241 70
-1.4482 11.1541 70
20.7688 -11.1476 70
0.184982 0.7789 70
31.1241 51.3405 70
-0.737926 0.0459325 70
-21.0734 -11.4178 70
9.71138 0.0867515 70
11.3436 0.422537 70
69.034 -50.8412 70
20.1991 20.9836 70
60.5869 19.4936 70
1.26036 1.44599 70
0.533406 1.45537 70
-10.9695 0.228331 70
-19.8257 10.51 70
1.25988 9.41347 70
11.0123 -40.238 70
11.3067 -1.02058 70
11.1301 1.05125 70
10.345 1.3702 70
-10.1141 0.809976 70
9.05446 20.4822 70
9.48166 19.7519 70
10.9952 18.582 70
1.32085 -0.188292 70
0.0342692 -0.925566 70
-0.666509 0.0557955 70
10.0677 -0.154202 70
9.43246 -21.228 70
9.35734 -1.04868 70
-9.73978 40.6963 70
-121.218 -31.1308 70
-121.353 -31.4387 70
0.352139 -1.30786 70
-0.495431 21.0647 70
-10.2422 1.46994 70
-8.92958 -20.6566 70
10.5079 9.51373 70
-10.0833 20.7466 70
-1.38546 -30.8587 70
-1.22268 -9.28216 70
-0.182999 -10.1768 70
11.4488 28.8189 70
9.94403 30.5349 70
9.29449 20.4436 70
-0.220965 -1.48365 70
-19.0057 19.4706 70
1.38699 0.570744 70
0.99803 -9.43093 70
11.4876 -9.81455 70
8.54381 -0.203069 70
10.6971 10.3208 70
9.75707 29.2273 70
-0.441364 -8.61856 70
10.4551 -10.3469 70
9.10625 0.921629 70
19.3564 -49.4111 70
10.2405 0.626801 70
0.932769 -9.75173 70
21.1339 -20.6525 70
0.673059 9.30072 70
1.13087 -19.1826 70
-0.697621 -20.73 70
-0.842303 -10.1356 70
0.465285 -0.738049 70
50.626 30.6338 70
41.3709 20.6697 70
9.93979 -31.4393 70
9.3479 -8.89218 70
-9.86498 10.934 70
0.847004 -20.4486 70
1.18391 -0.75046 70
9.83538 -0.849432 70
-0.83836 1.1293 70
19.5205 31.2273 70
21.4602 30.9421 70
1.20749 -19.6459 70
-39.8024 50.2534 70
-0.553067 -0.5113 70
21.2537 -19.966 70
-1.48442 -0.0730368 70
40.1515 19.8452 70
9.15458 0.869468 70
-9.7047 -11.1969 70
19.0761 -1.34227 70
0.0132911 -28.8566 70
20.8677 -19.3912 70
-10.596 0.548919 70
9.94807 -1.17173 70
1.09873 -11.0656 70
0.646504 8.68965 70
0.216312 -1.49903 70
28.7167 30.1296 70
-1.35729 -8.98866 70
-0.253013 -9.48415 70
11.029 -0.586197 70
8.81875 30.2277 70
10.7571 1.0649 70
-10.6885 0.916704 70
-0.338934 8.56853 70
0.402233 -8.79164 70
10.5962 -0.411267 70
9.5579 0.208326 70
60.0901 -99.6971 70
-9.8365 8.85511 70
28.6545 -9.81089 70
-0.0554698 -1.22366 70
9.72688 9.65535 70
20.0606 -8.67569 70
-1.25107 11.1135 70
8.51152 0.864174 70
11.2994 -10.5831 70
-30.8516 -29.0477 70
0.821937 9.12039 70
29.4498 -31.4102 70
29.8776 -28.5136 70
38.9887 19.775 70
0.850135 -10.5724 70
-0.505007 -8.51554 70
-0.251847 -0.356908 70
10.7912 0.681961 70
10.5035 -10.6718 70
9.57418 -11.4308 70
0.137004 -0.651153 70
0.285568 1.44722 70
10.341 109.449 70
29.8009 19.5134 70
28.6031 21.2087 70
1.17369 0.0100053 70
10.2545 8.94845 70
10.9353 10.0455 70
-0.408455 -0.0615825 70
-0.682231 0.294477 70
20.0938 -0.545747 70
28.5943 18.5335 70
0.617637 -0.762189 70
-68.5777 -30.579 70
-1.22757 -10.2073 70
0.0845567 -10.4122 70
0.236228 9.39958 70
0.681738 -9.78486 70
21.3252 -0.41378 70
11.3919 -0.38632 70
10.1236 0.896563 70
9.12025 -11.3135 70
20.6447 -11.0263 70
11.0822 -1.31225 70
10.1744 10.4981 70
-1.32449 -9.2837 70
10.2362 0.755029 70
11.0788 -0.135997 70
-59.5295 9.5322 70
1.14806 0.20763 70
0.310093 -0.151641 70
10.0909 1.44152 70
10.0482 -0.959737 70
9.37328 -0.295078 70
21.1338 0.205133 70
-19.8362 -68.7942 70
0.734977 1.13417 70
9.23748 0.746513 70
30.9471 -10.5371 70
9.39455 -69.9386 70
-1.14229 -9.24731 70
-40.9619 -30.1548 70
9.46157 -1.1902 70
0.989625 -0.198196 70
-8.79027 0.490024 70
19.1575 -0.771359 70
-8.89986 -1.40616 70
11.3625 30.6138 70
20.3577 -19.3299 70
9.53436 -19.7274 70
8.54985 -21.2004 70
-11.0788 -9.53614 70
9.99235 -0.817082 70
10.2451 0.98149 70
0.132201 0.816006 70
-1.34318 -0.489895 70
-9.1212 -19.4999 70
-1.21012 -9.35733 70
10.6623 0.14075 70
1.17911 -0.512153 70
11.1995 -28.5621 70
39.2543 -8.78132 70
-11.4291 -21.1673 70
8.7453 18.6004 70
-0.202697 -8.80446 70
10.5931 -20.3543 70
0.0544935 -0.327765 70
9.24855 -10.4506 70
-11.4549 -10.2393 70
10.7975 -18.5762 70
80.9003 -18.9555 70
20.146 0.751727 70
0.421013 19.2238 70
-39.0327 -9.86159 70
0.784028 0.46359 70
18.9351 -30.1248 70
-49.5166 -9.70167 70
-19.9679 -11.009 70
-0.716867 -30.5849 70
9.92461 -38.7118 70
11.067 0.818838 70
9.09438 -30.722 70
1.33005 1.27445 70
0.90778 -0.34855 70
19.4137 0.819642 70
20.2973 -70.23 70
-19.4541 -0.700059 70
9.09018 -0.716253 70
0.247011 -10.2831 70
-19.2774 -30.6866 70
0.489516 0.70717 70
20.5149 0.33868 70
0.672821 -18.6315 70
-21.3566 19.6135 70
-1.26871 -30.1769 70
0.229928 -31.2163 70
9.41001 -19.3309 70
1.4016 -10.8749 70
30.832 -9.47186 70
-9.66782 19.0861 70
-21.0056 0.225898 70
-18.738 0.752985 70
10.2471 9.99615 70
-10.4648 -10.1219 70
-1.25455 -0.300984 70
9.95958 -1.24209 70
11.3006 -9.09013 70
-41.041 29.3594 70
0.012708 -28.5597 70
0.997886 -11.2946 70
-0.772449 -0.743377 70
1.36344 0.56012 70
-29.0795 -49.502 70
-31.4755 -40.8407 70
0.934613 -10.3649 70
21.1767 21.1133 70
0.549262 -10.0195 70
69.6708 -0.469506 70
9.65993 10.1137 70
0.303989 -0.304579 70
-10.9023 -11.2024 70
-0.172449 0.853473 70
-1.07477 0.500061 70
0.0887092 -0.0310028 70
29.754 -9.25895 70
0.99241 0.155394 70
1.12387 0.631968 70
10.7296 -11.2634 70
-9.01227 9.26842 70
-0.586663 -10.2076 70
9.31722 8.74189 70
1.26275 -11.061 70
9.62213 -0.429229 70
0.75502 10.1763 70
9.55488 -8.8035 70
9.10834 0.905121 70
-28.921 38.6979 70
0.593638 -30.5375 70
-29.8752 -49.9244 70
8.60596 -0.886264 70
21.3609 -9.24117 70
10.4479 -8.68157 70
-1.49448 9.96369 70
-1.10333 0.144615 70
0.948127 30.3003 70
11.1596 -9.33622 70
-10.4393 10.1293 70
0.568031 -0.866182 70
-1.38654 -20.9373 70
-1.03248 1.30089 70
0.670091 1.12596 70
-1.33879 -11.0877 70
-0.315413 -11.3412 70
0.220369 0.306623 70
10.1401 0.355409 70
9.06464 -0.735929 70
10.5642 0.0966662 70
20.565 0.753182 70
10.3204 -8.93055 70
-1.06865 -0.229444 70
-9.7587 30.0413 70
11.0822 -0.854244 70
19.9267 -10.3255 70
-1.10286 -1.3223 70
-29.6961 49.9876 70
49.5138 1.47019 70
21.1074 -0.508057 70
-0.218203 1.36419 70
-1.31364 -0.871983 70
19.9793 8.98768 70
10.0074 8.67886 70
9.86612 -9.63278 70
9.40534 10.5435 70
-10.6661 -19.6533 70
-0.485045 -10.923 70
0.658188 -9.9734 70
-1.4897 -0.277981 70
1.16217 -8.5342 70
-0.723734 -10.4477 70
19.5078 8.65527 70
-9.29056 -10.5949 70
-0.824383 -0.875127 70
-11.0947 11.3737 70
0.0923181 0.970572 70
-1.10451 0.217948 70
10.1028 -10.5692 70
-8.98632 -9.42271 70
1.07812 -11.472 70
-10.767 -8.57392 70
11.0678 0.056235 70
10.6853 -1.43768 70
18.8348 -9.44539 70
8.84296 -11.3024 70
1.04457 -19.1305 70
-0.248456 0.932663 70
10.023 9.36781 70
-9.77778 -11.2837 70
11.4081 10.8162 70
10.1815 -10.9699 70
8.99221 -9.63814 70
11.3519 -9.83525 70
11.1726 -8.53232 70
11.3289 0.973549 70
9.38619 -0.101715 70
9.13615 1.28533 70
9.37639 -1.28961 70
9.10127 -11.3262 70
-0.0823812 -10.1429 70
9.40224 -11.4816 70
30.1957 -20.3885 70
31.4675 -21.4444 70
-9.18345 -10.4683 70
20.6595 38.9565 70
0.456414 -11.3325 70
10.0302 -8.72104 70
-1.42196 9.84555 70
9.23831 -1.3731 70
1.41094 0.314064 70
11.3566 0.55641 70
0.0619191 9.55108 70
11.1529 -0.101335 70
20.563 -41.0598 70
10.5811 -1.0444 70
-1.07428 8.81622 70
8.54644 -0.0937544 70
-9.22162 0.617572 70
10.7834 -8.69257 70
10.3282 0.379515 70
9.41182 -1.43028 70
10.9181 -0.150585 70
19.2785 0.569306 70
10.9338 -0.0268127 70
11.3817 -0.401863 70
0.577089 -20.3161 70
9.60663 -0.676015 70
-1.44355 20.9976 70
-1.45155 -10.2903 70
10.7568 0.914301 70
0.621805 -8.65407 70
9.65476 -0.136091 70
-11.4859 8.81898 70
-121.147 40.1436 70
8.84047 0.399529 70
0.577445 -20.8251 70
9.9837 0.191569 70
9.15623 1.16422 70
30.2041 -29.5731 70
11.3056 0.30014 70
-0.931935 -10.1981 70
0.2461 0.204916 70
9.37617 -9.9373 70
-1.43287 -0.983769 70
9.04128 29.6778 70
9.86036 -10.7326 70
9.61122 1.40773 70
20.3032 -8.94988 70
9.16323 0.762126 70
9.42683 0.913986 70
21.4939 -10.193 70
10.4925 -0.571715 70
28.6857 -10.3393 70
0.366074 -10.7694 70
10.9675 -18.9954 70
-8.63973 -11.0288 70
10.336 9.86893 70
-9.32917 0.972136 70
8.84413 1.1041 70
-1.12752 -0.570497 70
-10.8423 -9.34476 70
0.913214 1.14055 70
10.857 -11.2867 70
-10.0605 -0.490664 70
0.361046 9.74447 70
-0.371814 11.382 70
10.6933 1.36372 70
1.14519 -8.99913 70
-31.4685 -19.5855 70
18.6428 20.9442 70
0.605976 -1.09006 70
-0.317862 -19.3152 70
29.8198 20.2312 70
-0.699675 0.507198 70
-10.3492 -48.8482 70
9.43464 -10.2107 70
-9.24693 -0.381139 70
9.89364 -10.8321 70
-1.25999 1.44561 70
-8.55542 -40.1465 70
31.0381 -38.9266 70
-11.1761 0.54657 70
1.38373 1.42476 70
-9.13483 -59.0344 70
-0.719928 0.245019 70
11.2079 0.349707 70
-1.42299 11.1073 70
21.3723 -8.71067 70
0.24139 -8.76325 70
0.823688 -11.0797 70
39.8396 -11.1944 70
41.3407 -11.3076 70
-0.891329 -0.860801 70
-0.878768 -11.3094 70
10.4376 -1.13061 70
-0.583538 11.1773 70
-0.0774216 0.558545 70
40.5786 -8.50106 70
-1.07554 0.688003 70
9.91526 -0.677884 70
9.44234 0.47539 70
29.8995 -0.733262 70
-8.621 -10.8593 70
-8.88393 -9.85845 70
21.3106 -0.495556 70
-20.0252 -1.21432 70
-10.5452 -18.9305 70
-18.7997 -8.93982 70
9.92456 20.0662 70
48.9525 21.2383 70
-0.920153 -0.0795477 70
-11.3466 -10.4882 70
0.613952 11.3161 70
30.5337 -9.67267 70
19.1397 -20.2057 70
29.0188 -8.62746 70
0.930029 1.12841 70
-19.6073 11.2071 70
-10.0135 1.29528 70
-0.934835 18.5363 70
0.687863 0.35111 70
19.8501 29.4335 70
0.287995 1.10825 70
-11.2585 -8.98616 70
-19.5185 -8.78675 70
8.83683 0.893231 70
31.154 -20.6773 70
29.7326 -1.20307 70
-0.916716 0.809238 70
-50.6004 19.5315 70
10.2757 -10.3561 70
11.44 -19.0581 70
40.4083 -29.0348 70
49.2819 -19.6992 70
9.38999 -11.2343 70
8.71074 -8.98146 70
-28.5272 59.0937 70
20.1351 -21.1763 70
-1.11325 -10.1317 70
20.2621 21.0017 70
0.108278 48.7704 70
9.88626 -0.850414 70
9.61626 -1.40581 70
0.577471 -9.16577 70
-1.17081 -0.256358 70
1.17817 -0.770219 70
