-0.418356 21.2238 70
-9.99612 10.8965 70
-0.701303 -0.19433 70
-11.2927 1.298 70
-40.8927 -21.0402 70
-0.995216 0.313786 70
41.4334 -0.313713 70
10.9495 -10.6079 70
1.46056 -50.5195 70
1.06851 0.830635 70
-111.09 89.9562 70
0.886732 18.7583 70
118.981 19.7515 70
1.29165 0.480321 70
21.4941 11.4209 70
-0.372138 -1.08821 70
-10.4114 1.41692 70
0.394265 -20.1979 70
-10.4066 -0.337359 70
-9.78689 0.442871 70
-20.4237 -9.19677 70
0.817619 -1.2443 70
0.812714 -11.4727 70
-10.068 1.13489 70
-0.313594 -0.243884 70
-10.8895 9.98385 70
10.9152 1.31771 70
0.96109 -0.850053 70
0.780396 -1.04692 70
-1.36218 -0.322827 70
-41.0447 -10.9801 70
-0.720504 -29.3932 70
9.08174 -1.28207 70
-10.1615 -8.64449 70
-10.9991 -0.0283355 70
0.961389 -1.49716 70
0.788579 0.252643 70
-10.4767 20.9117 70
8.68819 0.966714 70
30.3183 0.870814 70
9.6307 -38.8308 70
0.502132 -0.755272 70
-1.2023 -0.972208 70
1.29613 -0.628214 70
-0.919976 0.308404 70
1.22158 0.544812 70
9.48177 -0.83992 70
-11.4997 19.5004 70
-10.7204 19.4595 70
10.8333 1.04467 70
-8.95268 -8.59134 70
-11.0604 0.837746 70
0.918061 -1.47674 70
0.956941 -0.761511 70
20.7253 0.0824681 70
0.464089 0.716724 70
-9.63302 10.9174 70
-0.609889 10.7382 70
0.248943 0.032473 70
-1.00008 1.38378 70
0.942164 -1.10281 70
9.65596 -11.4232 70
-9.27342 19.805 70
8.94282 0.84488 70
-0.958312 -1.25721 70
1.46046 59.4178 70
1.16121 -0.492036 70
-39.2071 10.4443 70
-8.661 -9.87096 70
-9.82609 20.5304 70
-0.184329 -11.2719 70
-9.2818 -0.828054 70
-1.17431 -0.199377 70
-0.181095 0.755592 70
-1.28359 -0.938516 70
-11.2902 0.802918 70
-20.562 29.8239 70
1.40396 0.0113023 70
10.7873 0.0636289 70
-10.7942 11.3442 70
0.700242 0.76453 70
-9.87983 -30.5084 70
-1.14991 -0.252594 70
9.46488 0.77954 70
-10.7034 1.45484 70
-9.12728 -10.3332 70
-10.2274 -0.372724 70
-0.376687 -0.926076 70
8.90068 -10.2941 70
-10.0594 0.687921 70
-10.4795 -1.2089 70
50.0584 -41.3013 70
-1.19534 1.07464 70
29.5396 9.66626 70
49.6819 -0.944481 70
1.02052 0.224331 70
-28.7523 -10.1173 70
-8.9366 -40.8665 70
-9.28365 21.1042 70
0.399757 -0.202372 70
-1.05387 -0.233112 70
-1.48323 -0.933248 70
0.583121 1.11362 70
-11.3965 0.140577 70
-19.5638 -21.4873 70
-0.575672 -9.72396 70
0.442895 -10.6005 70
-1.14519 -10.0498 70
-0.713037 -1.25647 70
-20.0471 -19.7159 70
1.2953 -0.368601 70
-10.3539 0.0232374 70
-1.22963 19.2174 70
-31.4293 -98.8063 70
-101.294 -21.4226 70
-1.36028 -0.260539 70
0.478033 -0.423755 70
0.685041 -0.920319 70
-0.180463 10.8643 70
10.4593 1.23625 70
0.280138 -10.1268 70
11.3625 -1.25778 70
-9.26102 8.76493 70
9.68835 9.19008 70
1.33641 10.6528 70
-0.73906 0.750559 70
-20.5772 -0.861865 70
-11.3851 -9.80732 70
-1.17006 0.459147 70
0.738718 0.396233 70
0.465236 0.469511 70
9.14288 10.5019 70
-19.8358 38.5138 70
30.8499 21.152 70
-10.4268 1.48506 70
-0.0983548 11.3273 70
-10.9826 -0.256006 70
-8.96195 10.8262 70
-1.43008 -19.1589 70
-30.603 81.1865 70
1.37211 9.0726 70
-0.648353 -0.459547 70
-8.90013 0.624152 70
-0.326531 -0.288089 70
0.687368 0.00716161 70
1.35739 0.470731 70
1.18124 -0.703474 70
0.0131778 1.11455 70
0.0550533 -9.77538 70
31.3741 1.41886 70
-1.36779 -0.896436 70
19.6994 -8.90808 70
-8.6062 21.4722 70
9.16524 10.649 70
-8.81731 8.87361 70
1.24724 -1.46688 70
9.19609 -1.46707 70
1.0992 0.801751 70
0.151919 0.646519 70
-1.35194 1.39922 70
-9.5141 -1.00933 70
0.94587 1.17984 70
-0.846724 11.2131 70
-1.2276 -9.01125 70
-9.33835 -1.34969 70
-61.3686 50.9035 70
-1.45442 11.3157 70
-0.0719478 -8.81488 70
0.432386 0.353828 70
-9.07066 0.980816 70
30.4062 30.542 70
0.75359 9.01686 70
-11.4884 -11.4553 70
0.254014 1.42318 70
0.838964 -9.28614 70
-1.35288 0.178336 70
-0.538578 9.99203 70
-1.47709 29.0463 70
0.866357 -0.883332 70
0.969212 0.839422 70
20.7859 -20.2096 70
30.763 -30.607 70
29.7924 -31.1316 70
0.0230702 -10.9527 70
-30.5406 50.8326 70
-28.6855 49.4413 70
30.3846 -50.9497 70
-0.483749 -11.4865 70
-10.3032 -1.22054 70
-0.671017 -1.03159 70
-28.822 0.462298 70
11.3319 -31.365 70
-10.1473 0.693684 70
-9.30389 -11.4509 70
-9.79398 9.80028 70
-1.17106 0.0322636 70
-0.218899 -0.392561 70
-11.4408 -0.691126 70
0.0585356 -0.534666 70
-59.7789 -0.331679 70
0.0367943 -0.571005 70
-10.8242 1.37899 70
-0.466326 -1.48253 70
18.8293 21.1633 70
-11.417 -10.7134 70
1.18958 11.0675 70
0.182183 -0.151569 70
-11.4391 0.439407 70
-9.80024 -9.42625 70
-0.447653 -0.272621 70
-11.4304 -0.560057 70
-20.7249 -8.53181 70
-1.09383 -29.0139 70
0.376832 -0.819171 70
0.739052 -0.0873545 70
10.7603 0.212326 70
-0.00336496 -0.33286 70
-10.15 -0.345699 70
-0.0168053 -1.03544 70
9.77248 0.419053 70
0.194692 -18.7173 70
19.6789 29.9702 70
-10.2172 10.7966 70
0.788437 8.5178 70
9.39926 -0.199851 70
-0.42864 -0.128792 70
-1.27785 0.0822353 70
8.89442 10.4782 70
0.600369 0.439622 70
-0.98378 -0.0162355 70
9.11271 20.9868 70
-9.62516 0.820044 70
-9.40105 -10.5957 70
-0.764683 -11.006 70
-1.06741 10.8955 70
-0.804372 -1.28734 70
-30.898 -31.3262 70
-29.9647 -19.7256 70
-30.0816 -20.641 70
0.651445 8.70858 70
0.160949 -9.84694 70
0.850006 -0.482857 70
0.712652 9.01833 70
-11.0667 -8.67176 70
1.41518 0.527453 70
-30.0589 39.017 70
-10.6317 10.6467 70
19.8881 29.1424 70
0.64207 -9.82234 70
-8.79375 -30.0072 70
-0.164941 0.366665 70
-0.227453 1.27761 70
0.26493 -8.83737 70
10.3731 -20.2357 70
8.67547 -9.29224 70
-11.4945 1.34084 70
40.0509 -51.3625 70
-0.85257 -10.4433 70
-0.754046 -0.172445 70
39.984 31.2206 70
71.2149 -20.3124 70
-19.5324 -10.0548 70
-0.368859 -0.0572072 70
-0.292374 -0.948864 70
1.15639 0.636637 70
0.773226 29.8295 70
19.1673 -0.929051 70
0.335303 -20.8942 70
-10.3062 1.27396 70
0.973984 -21.4744 70
11.2481 -0.424476 70
-0.629134 -0.860559 70
-0.648502 -10.6136 70
-0.0628395 -0.104645 70
0.951807 1.22204 70
10.8558 -49.2033 70
8.97663 -50.5823 70
-8.67633 -0.188925 70
-21.2819 0.927728 70
-1.23306 -0.677892 70
-0.483547 0.412871 70
0.318042 9.02151 70
-20.596 -29.7322 70
0.269268 -0.0647333 70
0.382142 -0.998756 70
39.6934 79.2861 70
-0.0833764 0.974632 70
9.69661 8.62566 70
0.348901 -11.0942 70
9.16682 -10.7606 70
10.0759 10.0354 70
1.04697 0.184878 70
20.3594 -8.55026 70
-1.37986 0.309575 70
0.0791997 -19.4269 70
-0.524844 0.576013 70
21.1269 -38.9409 70
-1.38453 9.20831 70
-19.9757 -9.31521 70
-20.4332 -9.28871 70
-1.36483 -0.884809 70
-9.13736 -11.4187 70
0.207252 -1.46441 70
30.0441 -19.9915 70
10.6464 19.0912 70
-0.78366 0.54225 70
-10.8203 -8.50148 70
20.6321 -19.6418 70
1.33688 -0.70683 70
-10.7787 -9.07156 70
-9.42856 -9.19383 70
0.30092 1.11674 70
-0.577222 -1.3569 70
-11.0851 18.6027 70
-10.4616 9.20803 70
-0.634658 -0.163576 70
-0.515176 1.04191 70
-0.748858 -11.368 70
-0.604315 -0.586009 70
-10.9049 10.8231 70
-20.6188 8.87769 70
-1.42445 -0.533218 70
-0.682054 -0.6689 70
0.0355073 0.928071 70
-0.271639 1.09764 70
21.2056 -20.9222 70
20.5974 -18.9532 70
-29.0159 10.6226 70
0.558347 -0.731259 70
10.4587 19.4476 70
9.42181 11.0372 70
10.9768 9.06343 70
-11.0423 0.64042 70
28.8123 -0.765375 70
-11.4202 21.0285 70
-0.422455 0.332077 70
-10.0062 -0.0198669 70
0.953198 -20.2083 70
-1.02701 -0.0854597 70
-0.121567 0.705568 70
-0.890796 -1.16535 70
-0.101062 -21.2739 70
-9.70763 1.35949 70
-9.96715 1.36384 70
21.3503 -30.3642 70
-40.3959 -9.87052 70
-10.6532 10.8916 70
-10.5189 -8.86698 70
-10.7124 -1.16963 70
-10.3301 -1.19042 70
-0.668556 -1.30497 70
-38.8995 10.1611 70
1.3704 0.609766 70
-0.194615 -9.79615 70
-19.005 -9.18729 70
-10.15 -0.541235 70
1.14965 -0.0417787 70
9.51738 9.10431 70
-1.29738 0.806735 70
20.3877 0.920731 70
0.934319 -0.230459 70
10.9566 10.9662 70
9.87161 -19.3325 70
31.0537 -29.2235 70
-11.1031 0.330044 70
-0.608678 1.09377 70
0.439027 0.712783 70
0.39317 1.16953 70
10.1096 -1.08177 70
-8.50694 0.110718 70
0.570421 -0.96691 70
0.691935 8.78971 70
-9.83352 -10.7618 70
1.23626 1.01382 70
1.37252 -0.0322605 70
0.835229 -0.312728 70
-0.579586 0.740938 70
-1.2995 -0.33165 70
-8.90106 -9.38966 70
0.263981 -8.8194 70
-0.343328 -0.867981 70
-0.539913 -1.06754 70
-9.93856 1.16602 70
1.25302 9.74411 70
-10.5038 -29.5385 70
0.0950044 -0.135284 70
0.43006 -1.16519 70
-8.54888 71.2269 70
-1.17475 1.28697 70
-1.12126 -1.25348 70
40.0436 -10.1792 70
-11.2749 19.5456 70
18.848 21.294 70
9.66632 -10.0702 70
-1.03038 -1.09207 70
-0.753067 0.134372 70
0.298073 0.0380816 70
-0.64444 1.33135 70
10.4481 -9.50598 70
-80.6053 41.2973 70
0.839618 31.1648 70
0.310832 0.753311 70
-1.44206 -8.74754 70
-1.09296 -0.681305 70
0.957996 -10.3164 70
-9.52874 10.2768 70
1.40598 -20.4511 70
0.985032 0.155819 70
-10.8502 10.3456 70
10.4576 21.031 70
59.5403 30.0478 70
-9.25468 0.663948 70
1.34149 0.849579 70
1.15535 -1.38195 70
-109.11 -11.1395 70
-0.742752 -1.25868 70
1.32927 -0.0599719 70
10.8474 0.691583 70
-0.0581452 -1.17082 70
-19.9184 -8.65178 70
-1.16825 0.696794 70
-1.19791 -1.06102 70
28.9519 0.930112 70
-10.3757 -40.3447 70
-11.4804 -40.5204 70
10.3314 -11.12 70
-10.6987 -0.67239 70
11.3005 -8.67857 70
-11.4301 1.10083 70
0.576211 -0.602323 70
30.1961 10.6844 70
1.0916 -0.14853 70
0.483073 -1.26463 70
10.5162 11.0862 70
-0.767503 0.922524 70
-11.2804 -0.282679 70
9.29623 -8.58856 70
-1.15456 0.534995 70
0.0492412 -21.0592 70
1.37491 -0.486599 70
1.23834 9.39051 70
-18.7396 20.5664 70
0.867073 9.21347 70
8.6749 -9.56581 70
-10.5051 -10.4864 70
39.9627 -39.9527 70
-20.7287 18.8021 70
10.0413 -9.16822 70
-1.21544 -1.28979 70
-0.312193 0.780244 70
-28.6532 0.728638 70
-30.189 29.7999 70
-0.382926 -21.4218 70
1.24121 -18.6545 70
0.331724 -9.48811 70
-10.4311 -1.28793 70
0.952501 -0.554326 70
0.92071 0.314104 70
-0.0936402 -38.5245 70
-39.8448 -50.1035 70
-10.098 0.987798 70
0.312981 -9.02787 70
-31.4738 1.0759 70
-8.95867 -10.4472 70
-11.4152 -20.2863 70
0.709679 -9.53998 70
0.870388 -11.3745 70
-19.4064 -60.1249 70
-10.2498 -0.523643 70
0.0106081 -0.711808 70
-89.7769 -59.9721 70
1.32203 1.48202 70
9.91659 10.479 70
-0.515586 0.705749 70
-9.79429 -10.6965 70
-8.72 -19.3406 70
-0.963004 9.53305 70
-9.64597 11.2672 70
-10.718 19.0448 70
-0.345154 -1.49416 70
-0.233924 10.377 70
-11.0583 11.2614 70
19.8937 -11.0736 70
-1.29763 0.127704 70
-0.724691 -0.0635626 70
21.3355 0.217324 70
0.518003 1.26845 70
-9.91096 -10.0322 70
1.36137 -10.4704 70
-1.35283 1.21808 70
-1.31144 -19.2694 70
8.7412 -1.02284 70
0.509624 -9.40317 70
-9.10366 0.871217 70
10.2838 0.821618 70
0.207717 -1.13219 70
-21.4238 11.4022 70
-20.5537 9.00739 70
30.8882 -99.6472 70
-59.0244 0.0506129 70
0.0161537 -0.328169 70
-8.58629 -1.40108 70
-0.697042 9.49601 70
-10.719 -0.074045 70
69.4353 51.3335 70
0.343974 0.406951 70
21.0519 -1.07549 70
-21.3525 -8.59042 70
-19.9514 0.180174 70
1.42812 -118.731 70
-41.2343 0.582436 70
-38.5948 1.29039 70
9.55542 -9.32054 70
9.88312 -9.91044 70
1.12986 -1.19669 70
0.617367 -0.0606156 70
-10.9933 10.2098 70
-1.42697 -1.17036 70
0.372597 -11.1627 70
-10.3341 1.36739 70
9.44657 0.115171 70
-10.8606 -0.937176 70
-10.562 -0.385857 70
-40.8958 49.1965 70
-0.273691 1.02135 70
-1.18368 -40.4649 70
-9.48449 11.0642 70
9.67191 -1.13992 70
9.00522 -0.480175 70
-0.863332 -0.662606 70
-0.75174 49.7241 70
-10.4275 -1.25798 70
1.35417 -0.684294 70
0.302261 0.720458 70
0.34458 -1.13063 70
-9.1461 -1.06426 70
1.40934 -1.02144 70
11.3006 -10.0164 70
-30.8274 -0.374414 70
-1.24621 -0.224832 70
0.657309 1.17791 70
-0.420194 -0.599365 70
-28.917 -11.2907 70
-0.356005 -0.750368 70
-50.2272 -10.5015 70
-1.10426 0.398495 70
-20.5648 -0.619039 70
0.871822 0.732614 70
-11.2177 -11.1671 70
-0.0548512 -10.8191 70
1.40298 1.15051 70
-18.6216 0.245482 70
0.999483 0.906382 70
19.0518 10.4911 70
1.19877 -0.58057 70
-1.05037 1.2877 70
8.97645 11.3277 70
8.60341 9.27863 70
10.9336 10.98 70
-0.39341 1.00589 70
8.97167 -8.53253 70
0.0581752 1.34253 70
-0.718784 -0.324147 70
-9.36919 -10.6087 70
0.0341831 0.350031 70
0.123805 1.17286 70
-10.455 -10.679 70
-30.1879 1.33892 70
10.2674 -9.98256 70
-11.2591 9.14921 70
-79.0063 -31.0477 70
-30.5537 19.0506 70
-20.7091 40.4341 70
0.393567 -0.151164 70
-0.281636 -1.00161 70
0.744366 -1.39057 70
9.75823 10.3509 70
-1.21148 0.215409 70
0.986949 -11.4198 70
-1.28632 -9.55661 70
-1.06811 -9.50832 70
19.9 -0.425866 70
1.07092 1.3598 70
-9.92508 19.3517 70
-1.04526 28.7953 70
0.920856 -9.9983 70
0.484495 -9.74081 70
20.7883 0.270973 70
1.11918 0.0570505 70
-1.3443 0.79291 70
-0.839481 0.655776 70
-9.89306 10.3198 70
-9.62263 9.57249 70
-9.78095 1.43819 70
0.912111 0.639309 70
20.1125 -9.21363 70
-1.19382 0.542403 70
9.48619 0.706804 70
-10.7023 0.399364 70
0.290958 -9.33334 70
-11.4568 -11.4835 70
9.63898 0.505654 70
-1.09756 1.21046 70
0.585727 -0.235284 70
-9.76877 9.52794 70
10.4894 -11.1628 70
-9.72268 18.6385 70
0.853342 1.21796 70
-8.99802 -0.75708 70
-1.41644 -1.35574 70
-0.90329 10.3373 70
-18.6632 9.13109 70
-1.15927 -1.05449 70
0.368316 0.446497 70
9.17361 -1.24016 70
-8.65257 0.376199 70
30.3726 -9.46389 70
0.499629 0.316157 70
0.558158 0.34075 70
0.869437 9.49579 70
1.02114 0.838328 70
0.754639 -0.876874 70
-9.93451 9.81463 70
-0.382016 9.83182 70
0.666574 -0.459184 70
-1.12862 -0.918703 70
-10.3639 -21.3547 70
29.1804 39.8538 70
-8.8648 -1.07798 70
49.6126 -40.9425 70
-18.5569 11.4838 70
-0.66698 -10.0879 70
-0.109585 0.692535 70
-1.36285 -0.295201 70
31.0333 -28.6543 70
-0.10969 1.06942 70
10.218 -9.04366 70
-0.210621 -9.9675 70
0.964734 -10.3207 70
-1.48011 -0.428961 70
-0.989399 -21.1659 70
0.735819 -18.5095 70
-1.36042 1.03249 70
0.0856028 -0.30128 70
-9.53651 -11.2944 70
-0.335003 1.17697 70
-9.11643 -8.79258 70
-19.1624 -20.5596 70
-0.78902 -8.74984 70
0.252346 -0.175242 70
1.23102 1.47673 70
-21.151 -8.5628 70
-1.23075 -10.289 70
-10.6484 -1.29957 70
-1.12165 -11.27 70
-8.70595 -1.0094 70
-0.214972 -1.20885 70
10.184 0.319792 70
0.676424 -0.374758 70
-48.6821 -99.1095 70
-11.2794 0.696308 70
1.01647 0.365619 70
1.4975 -1.27298 70
-11.4523 -1.08097 70
-39.4895 10.5561 70
-21.0426 9.11258 70
-9.85166 -1.27671 70
0.890427 -11.4792 70
-0.110068 -1.36969 70
-8.60039 -49.7179 70
-19.1487 0.428427 70
-1.07077 -9.80807 70
11.0881 50.0126 70
9.71252 1.11484 70
-0.309236 0.293811 70
-10.146 -0.661161 70
-38.9907 -0.452161 70
20.1478 1.42572 70
-0.347542 -0.798535 70
0.99063 0.738799 70
-19.4539 8.79418 70
-31.4719 19.5235 70
0.915266 -0.9755 70
0.207909 -0.24851 70
-89.256 48.6 70
-10.6713 1.14544 70
18.847 11.2877 70
19.1973 10.4476 70
-0.588792 1.29093 70
1.35988 0.573293 70
20.0091 8.78028 70
18.5262 9.41366 70
-0.865283 -0.352448 70
-0.210403 -1.33524 70
-10.4257 -9.92338 70
0.888774 0.795811 70
-21.254 -20.6444 70
-9.23751 0.204571 70
-9.68277 10.2438 70
-21.2814 0.671638 70
-0.751041 0.735174 70
0.965478 10.9724 70
0.161996 -10.2928 70
-10.7299 -11.2154 70
-9.37586 -8.67394 70
18.6801 -0.413678 70
-29.2401 -11.4206 70
1.11609 -0.739635 70
-0.0585029 0.0720009 70
-11.4607 1.34509 70
-0.600168 0.649888 70
18.545 -9.59502 70
-0.110194 -10.6038 70
-0.196283 0.381729 70
9.91298 -10.0266 70
0.878593 -10.22 70
-19.8217 1.13075 70
-0.461848 -0.648475 70
20.54 -0.74046 70
-20.4056 -9.32493 70
-20.1317 -0.435414 70
-9.9163 -10.6724 70
0.303773 -0.991028 70
0.229033 -1.15824 70
9.52721 -11.16 70
-8.82449 1.12576 70
-20.0751 19.8012 70
-9.04324 0.8972 70
0.569433 -8.80717 70
1.2022 8.56106 70
-0.967962 -18.8035 70
0.231194 1.13654 70
0.904972 0.712213 70
1.13686 1.46022 70
-20.0369 0.244093 70
0.319186 0.177749 70
0.24818 0.481921 70
-21.1166 31.0775 70
0.693106 -19.6711 70
-18.6548 -8.90828 70
-10.4203 10.7565 70
-10.8416 -8.72681 70
20.9648 -10.4809 70
0.171249 18.5691 70
0.732905 1.12432 70
0.38262 1.02052 70
-40.549 -9.07851 70
-0.656835 -0.875321 70
0.443497 0.947692 70
-0.449641 0.905104 70
0.177482 20.921 70
11.3833 -0.0623299 70
-21.1223 18.96 70
-1.09046 -9.86524 70
-0.1299 -19.1732 70
-40.2343 -20.8499 70
-29.2586 9.57285 70
-29.2437 8.62913 70
-11.1664 -9.53527 70
-0.845275 30.1431 70
