-1.18654 0.315766 70
-0.970601 9.03064 70
-0.0410781 19.4687 70
0.649773 0.0155989 70
-18.8591 20.5559 70
-0.161266 -18.5999 70
-9.11598 -10.6266 70
-9.98669 11.0644 70
-10.8954 -10.1528 70
-0.757046 -0.611473 70
-1.23385 -0.969385 70
1.38461 -1.0487 70
9.94313 1.10082 70
0.0999409 19.6546 70
-1.35543 -0.657071 70
-11.1946 10.2681 70
10.5258 10.0004 70
1.47198 1.21213 70
-1.30802 8.61856 70
-1.35012 -0.803074 70
1.04025 0.740082 70
-49.1678 19.5224 70
20.9193 -1.03914 70
-10.2363 18.872 70
-0.637044 10.5803 70
9.55977 20.0551 70
0.366035 19.3409 70
0.828967 -0.103768 70
-0.981133 -30.9994 70
-1.17916 -10.5564 70
-9.24471 21.0663 70
-21.1541 -8.86591 70
-9.5288 -0.340124 70
-0.715835 0.0734678 70
-1.46381 -1.46133 70
-18.7734 20.6496 70
0.288107 0.566078 70
0.859969 -0.235395 70
-9.82555 9.40159 70
-1.37418 0.284487 70
-1.26042 11.2169 70
-0.837234 -0.803648 70
20.6039 10.5991 70
-0.477939 -1.18734 70
-1.05643 -1.44692 70
19.0429 -11.1046 70
-10.7434 0.19528 70
-10.8757 -0.0457595 70
0.532112 0.619473 70
-1.49861 0.934453 70
41.4837 -60.7645 70
-10.5874 0.225152 70
10.8416 -9.94815 70
0.453386 1.43373 70
-10.42 -0.904896 70
-39.5682 -58.777 70
-0.376538 0.547726 70
-10.1265 -9.40816 70
0.921483 28.8269 70
-10.3236 -0.284978 70
9.18506 -9.84298 70
-0.807091 -30.4618 70
0.717783 9.82093 70
0.151598 -0.7468 70
-9.55594 1.33988 70
0.481396 0.893939 70
-10.4794 -0.574662 70
0.760848 -0.351912 70
-0.28487 0.377597 70
-19.3687 28.8245 70
9.1428 -9.1441 70
0.493947 0.754424 70
-59.4922 -108.991 70
1.46043 100.261 70
18.8479 -10.9534 70
-0.67167 8.87842 70
21.4288 -10.6081 70
-20.3459 -0.839721 70
10.2342 0.529429 70
0.256278 -0.930022 70
-1.05872 1.16393 70
-8.60543 0.751545 70
10.8726 -0.997979 70
10.8041 0.76623 70
0.656861 0.0866427 70
-1.25344 0.227936 70
-1.38017 -0.0935655 70
10.8397 -9.56057 70
10.0515 9.71224 70
-40.4304 20.5688 70
0.946695 0.93165 70
-11.449 20.5187 70
-9.46766 -1.34263 70
-0.0208619 21.1558 70
-0.139562 18.636 70
-9.20793 -9.47326 70
1.16795 -0.776891 70
-0.728019 0.660542 70
-8.76584 -9.36782 70
8.64006 10.3426 70
-0.312351 11.2531 70
-0.819387 -1.05721 70
0.33742 10.6757 70
1.42921 10.396 70
1.27732 10.3153 70
-0.358397 0.677482 70
-9.51177 -21.3055 70
-9.82904 -21.0476 70
-9.12072 -39.5101 70
20.9211 11.0585 70
0.0585486 0.704018 70
-10.4823 8.98861 70
-0.812294 8.92792 70
-0.664 1.10338 70
-1.42927 0.723215 70
1.13843 -0.616641 70
-9.80682 -1.45682 70
-0.744857 11.0753 70
0.207046 -1.10065 70
-0.0898606 0.303819 70
-1.39904 10.1075 70
-9.95096 19.8094 70
-30.5292 -10.8514 70
-0.613773 0.689837 70
1.04723 -0.546217 70
-0.87671 8.72122 70
1.37357 9.19376 70
-1.4194 -0.271858 70
30.2373 0.292073 70
21.3652 8.74664 70
-10.9757 8.87213 70
-0.306533 11.1582 70
-10.0237 29.3089 70
8.89144 -0.0723635 70
-1.03172 0.32268 70
10.951 0.138699 70
8.62783 10.6279 70
-0.333444 0.744285 70
8.81445 28.8562 70
-10.3871 0.62548 70
-0.767249 -0.390928 70
11.103 0.0748425 70
1.09081 8.89418 70
1.46293 -1.32949 70
-0.658302 8.92725 70
-0.661639 0.386797 70
-8.6907 1.35515 70
0.492938 -1.10039 70
9.31289 -9.25323 70
-10.3754 1.18326 70
11.4838 -8.8675 70
9.39486 1.1862 70
9.78353 1.00973 70
1.3988 0.559207 70
-19.8041 10.3637 70
-10.4924 -0.159379 70
-19.914 0.792612 70
-0.635312 -0.635714 70
10.4726 -20.8256 70
-11.4946 -1.43882 70
0.775834 0.802375 70
-31.0727 10.6705 70
-11.1309 -0.911697 70
-9.53044 -10.6793 70
19.3442 -9.61433 70
21.0783 -10.2226 70
-0.0194126 1.26075 70
10.5521 1.07684 70
9.073 30.164 70
-0.244746 21.2141 70
-21.417 30.5984 70
-21.3733 30.6576 70
-20.5402 10.1868 70
-0.57301 -0.00260157 70
0.487279 10.7669 70
-0.408678 21.1988 70
-0.914243 18.7846 70
0.700282 8.6185 70
-1.16111 9.58116 70
-0.251858 -1.23305 70
-0.625871 8.57352 70
-30.2831 30.6711 70
-21.4498 -0.865587 70
0.01527 1.12247 70
-10.6656 -9.35352 70
-0.12426 -1.11094 70
-89.5113 28.6961 70
9.12326 -9.30981 70
-10.0806 -0.0612535 70
-1.47208 9.39885 70
-0.726187 0.768554 70
21.0315 9.06559 70
-0.966773 0.231712 70
-1.23035 -1.1783 70
-10.7548 -0.887151 70
0.628498 0.55702 70
29.8575 -20.9929 70
-1.36933 1.38246 70
-19.1763 -19.4491 70
-0.300703 10.8094 70
10.7218 -59.4971 70
10.3607 0.216404 70
-0.112813 0.93168 70
-9.46778 -1.2971 70
-9.96066 -0.137688 70
8.66369 -10.5326 70
-10.5952 -0.548459 70
-10.4754 8.61871 70
0.135439 -1.49768 70
-0.885143 -0.443475 70
-10.0167 -0.925187 70
-0.836062 1.19569 70
-10.9715 -9.83145 70
-8.59778 -9.94063 70
-29.3184 0.668882 70
-20.4327 51.0547 70
9.85515 -21.1338 70
9.21067 -20.679 70
-0.588818 -0.899648 70
0.173354 -20.1583 70
-1.17165 -0.440253 70
-8.86992 10.8715 70
-0.000983266 0.606616 70
0.416112 10.5664 70
1.20245 1.07545 70
11.3263 9.13412 70
-0.383288 9.81572 70
-1.44 -9.41935 70
0.0524312 19.4233 70
-20.2768 50.1464 70
-0.745626 -0.385439 70
1.25377 1.47895 70
0.2444 0.524655 70
19.6683 -8.73914 70
19.4421 -10.6592 70
-0.255713 1.28087 70
-30.0078 -10.8951 70
-28.9872 19.7869 70
10.382 -0.286056 70
1.34161 0.980332 70
-8.9293 10.7733 70
50.2164 10.4487 70
-0.33371 -0.233209 70
8.96957 8.55156 70
-10.7214 0.855047 70
-1.3878 -1.26381 70
-0.207427 -0.283596 70
11.4634 8.86741 70
-11.0365 -1.02188 70
1.12141 -0.586931 70
11.3886 -11.2801 70
-10.4635 -0.489739 70
-0.935307 11.0472 70
-0.21105 -0.30892 70
11.4757 20.3053 70
-8.75618 -0.225887 70
-0.601705 9.01104 70
-0.772062 0.522477 70
0.836918 21.3381 70
-0.977735 11.2012 70
-0.337115 -1.19045 70
-0.472254 11.3006 70
10.629 -1.47686 70
0.635994 0.0977883 70
0.973661 -0.416291 70
-10.1413 10.2893 70
-0.782875 -0.673031 70
0.88495 -1.31008 70
0.958763 8.5434 70
-0.748867 -0.143092 70
-38.6977 1.01582 70
-9.19345 29.2058 70
-1.03806 1.10901 70
10.3801 10.3953 70
-0.879001 -0.0343328 70
8.61751 8.76676 70
-0.659012 9.07215 70
-0.17101 -11.352 70
-0.439037 0.339998 70
1.24729 1.24964 70
0.894048 -1.05178 70
-10.0025 9.62689 70
0.386037 0.783336 70
0.913043 9.11033 70
10.5824 0.141921 70
0.181207 -1.25075 70
1.36126 0.693266 70
-0.381022 1.28267 70
-8.55385 0.453485 70
-41.1281 11.3087 70
-9.10261 20.4598 70
0.689779 9.62438 70
1.20911 0.66342 70
1.2781 9.96521 70
-1.25956 -0.441851 70
10.8909 10.3704 70
-1.10182 -0.1831 70
-19.8451 -0.556408 70
0.308257 1.14991 70
-0.157284 10.2706 70
-10.2653 0.692518 70
0.505721 -8.73307 70
19.2551 19.7237 70
-1.01943 10.7866 70
10.1718 -9.00326 70
-10.5003 11.0446 70
-0.0949331 -1.47392 70
1.471 1.16065 70
-29.2293 -79.4832 70
0.980424 19.691 70
-10.6013 8.66617 70
11.0514 -0.186855 70
-0.514345 0.748159 70
-0.301866 -0.0900454 70
-1.41493 21.1508 70
-21.2329 -9.0957 70
1.33708 -0.324825 70
-0.479085 1.09668 70
-9.19286 9.06424 70
-8.5436 20.1736 70
0.561429 10.4751 70
1.0995 0.0477976 70
0.272373 0.283055 70
-0.889891 1.46124 70
20.8178 0.281728 70
-10.8476 -19.912 70
1.1313 18.7494 70
21.1159 9.77956 70
1.35554 -9.17974 70
-1.46123 -10.0232 70
0.537 21.4576 70
29.466 101.118 70
-11.2542 -28.879 70
11.1744 -9.47111 70
8.63403 1.32283 70
39.5075 -91.3773 70
0.120309 0.00341488 70
-39.2005 -0.145625 70
-0.140065 -0.625158 70
-18.5397 -19.8657 70
-10.3648 19.8082 70
-8.9354 -19.1667 70
8.64994 19.4984 70
9.8282 -10.8102 70
-10.1952 -8.74324 70
0.894811 28.5454 70
-11.231 -1.08577 70
9.61191 1.05655 70
-0.147569 -0.780588 70
0.26847 10.2604 70
1.33774 -8.52961 70
8.96094 10.7258 70
11.0254 -9.65017 70
-1.49395 1.05115 70
0.568111 -11.249 70
0.098694 0.814999 70
1.36459 0.89431 70
-50.5327 8.60292 70
-8.79944 1.18831 70
19.4633 -8.90941 70
10.864 -0.195677 70
9.97647 -0.0715147 70
9.0004 70.7337 70
-0.537514 -9.39875 70
-0.193403 1.46102 70
19.0794 -10.4213 70
10.5608 -0.923978 70
-19.3303 -0.314184 70
29.8561 20.9457 70
-9.24894 19.63 70
-10.1286 -1.17716 70
-0.112225 10.4771 70
-9.19067 8.51087 70
-11.1292 10.8626 70
10.1315 -0.464346 70
9.4205 -1.38542 70
10.0965 0.536212 70
-11.3695 -11.2395 70
-11.0964 -1.0649 70
-0.156686 -1.01625 70
-11.2515 -0.962798 70
-9.55951 -0.114585 70
-0.135421 0.917687 70
0.251964 0.613204 70
1.20704 -1.3803 70
-1.49913 -0.217888 70
49.6189 -0.530237 70
49.3727 0.366652 70
-9.7072 0.69611 70
-0.0323053 -0.785884 70
-0.989376 -1.15345 70
19.823 -20.7289 70
-0.689608 -11.177 70
-10.0242 19.2998 70
-9.76244 -9.18753 70
-20.9953 20.9807 70
-1.12113 0.237152 70
-30.3845 9.23167 70
-9.10189 31.0182 70
-0.531917 -1.30662 70
0.933836 -0.868762 70
9.96392 -9.60423 70
-11.3034 -0.674108 70
0.627508 0.928946 70
0.782349 10.4716 70
-9.77921 10.943 70
-0.672888 -1.14232 70
-10.6589 -1.01787 70
-99.5913 41.3071 70
0.224663 9.05336 70
29.8567 29.7943 70
1.0609 1.15904 70
-9.65619 11.042 70
-8.92991 0.659255 70
1.28359 -1.02184 70
-19.163 -0.467694 70
-31.3764 -10.1381 70
-0.182922 1.10131 70
-10.0714 9.41487 70
-101.015 -9.49009 70
-1.20981 -0.571295 70
-1.43509 10.027 70
-1.34959 -0.289921 70
-1.32783 -18.7279 70
8.83316 20.5707 70
-9.65274 20.5325 70
-28.5132 -20.3779 70
0.226746 -10.6585 70
-9.98716 31.2887 70
20.0941 49.2441 70
0.968533 -1.39315 70
-1.48744 1.36513 70
-10.8883 0.742736 70
-10.7322 -9.7807 70
-0.496419 0.97776 70
10.8215 -0.20194 70
-0.440513 -10.2387 70
8.77289 19.0835 70
8.7118 29.1202 70
-0.384701 0.487234 70
9.21683 -1.45648 70
-1.14536 9.55817 70
30.9316 -11.2122 70
1.41679 0.902424 70
1.37583 -20.377 70
-11.0765 -10.5698 70
-1.40613 -1.07105 70
-61.4954 61.4791 70
-11.1696 -0.939966 70
11.0669 0.535163 70
10.828 0.833073 70
0.0247709 -1.19068 70
-0.60039 9.81532 70
-0.827607 10.6186 70
0.431663 -0.877149 70
1.34192 -0.44059 70
0.411553 -0.675176 70
10.985 10.9215 70
-0.415848 21.2603 70
1.35371 -29.7523 70
1.26829 -9.96402 70
-1.20265 1.37581 70
-0.611707 -9.22243 70
-1.4182 -10.9722 70
-0.574676 -1.47453 70
-8.98858 10.5954 70
-18.5401 0.108304 70
1.03412 -11.2126 70
-19.3072 -9.32826 70
-1.45867 0.0541326 70
-19.5026 -0.541473 70
-0.781513 1.48831 70
-49.2972 -0.429219 70
-10.9385 -9.23347 70
-0.580302 8.72163 70
-0.0426374 -1.43172 70
-11.1786 0.500027 70
9.53356 -10.9803 70
19.4771 1.34947 70
-0.696495 -9.51495 70
0.0405514 -9.17033 70
30.8866 -9.11263 70
21.1799 10.2267 70
0.066571 -1.0697 70
-0.0850472 0.276826 70
-0.717051 8.52432 70
-10.7182 -0.55766 70
-0.567917 -0.402763 70
19.5674 1.05902 70
60.1069 1.13925 70
0.183955 -1.15188 70
0.810972 -0.303444 70
-41.3079 -20.0553 70
19.8208 1.08896 70
0.382966 -0.152896 70
1.33337 0.393308 70
1.15411 -0.637239 70
-1.30725 10.5775 70
9.54074 10.7383 70
-9.88186 -0.394234 70
1.06844 -0.0877836 70
1.06274 10.0454 70
-0.566083 49.8048 70
8.67448 1.37175 70
-21.3417 -9.76983 70
-10.4431 0.634494 70
90.7211 79.54 70
1.03919 1.34406 70
-8.52838 -0.238454 70
-30.4596 10.2745 70
-50.0369 39.7716 70
-1.41946 10.7001 70
8.89945 -8.80052 70
-10.053 1.30294 70
0.389008 1.22145 70
-0.694298 9.8391 70
0.497547 0.352635 70
1.32995 0.90064 70
21.3449 19.1931 70
-0.791256 -1.25859 70
0.297783 -0.0192542 70
10.2389 -0.605174 70
-11.1487 0.058461 70
0.795988 -0.552932 70
-11.2428 -1.40713 70
-9.01819 1.142 70
0.974269 -0.261787 70
1.4946 1.26487 70
1.25336 9.4069 70
-0.0862318 0.996152 70
0.849883 0.305539 70
0.624784 19.075 70
19.8802 -8.64581 70
19.0778 -8.89368 70
0.616169 -1.49624 70
0.906759 1.25486 70
-0.474317 0.89544 70
-10.1546 9.41741 70
-10.9798 -0.998461 70
0.524358 18.703 70
-0.635686 0.0682982 70
1.21201 -0.584381 70
0.722103 -9.10949 70
-1.28517 -1.13632 70
-10.9458 31.0548 70
0.87315 1.25441 70
-10.4806 11.2731 70
0.331162 -10.2467 70
0.295493 -10.5684 70
0.199714 10.8909 70
-0.489559 -0.994 70
8.78434 1.40367 70
10.9857 -0.928493 70
-10.5401 -1.23443 70
0.841703 -0.873535 70
0.141225 -0.107318 70
31.3521 30.3282 70
-10.2466 -30.2316 70
-10.6151 -30.1563 70
10.741 41.4233 70
0.63245 8.65705 70
11.3383 20.2661 70
11.1923 9.38124 70
-18.6676 -51.1534 70
-10.9855 -8.68295 70
0.949752 1.04672 70
21.1419 50.7141 70
0.660735 -1.31529 70
-0.363253 9.57552 70
-38.5541 40.5659 70
-0.978082 31.1745 70
20.1032 -9.93815 70
0.888522 19.4267 70
-30.9241 69.5997 70
0.860817 8.62752 70
1.16839 -21.4893 70
-1.47976 9.73356 70
1.28006 -0.621189 70
11.3838 -31.296 70
19.3824 -10.3824 70
-0.739771 11.3548 70
-11.4234 0.717158 70
-9.08482 9.04738 70
-18.8768 1.38743 70
31.3956 -90.3411 70
-0.480305 -1.23826 70
-10.7375 11.1387 70
-40.4797 120.86 70
10.7317 10.53 70
-10.6083 -1.4035 70
-10.3793 9.62435 70
-10.6353 -1.01862 70
-0.30053 9.98999 70
9.39687 0.874959 70
-0.909945 -10.5665 70
-0.205357 -11.4438 70
-0.895068 0.0937182 70
-10.7813 -10.2526 70
-0.302486 1.29824 70
-1.19572 -10.5748 70
0.30968 -1.41852 70
19.171 41.375 70
-19.7614 -30.6894 70
-11.2723 0.65129 70
9.69174 9.27419 70
9.94877 18.5267 70
-0.917437 11.4225 70
-9.69599 -0.485479 70
-0.909041 9.78824 70
0.484618 0.0822647 70
9.59924 19.0798 70
0.520252 20.9986 70
-1.00975 39.679 70
-10.1578 -0.159961 70
19.637 29.53 70
0.470703 1.0848 70
9.01247 -8.89641 70
28.9107 10.7086 70
-10.7167 -1.33041 70
0.734139 -1.20044 70
10.6947 11.2898 70
8.64548 -10.2377 70
0.862897 -9.46335 70
-1.01417 1.48379 70
0.18076 -1.46229 70
-19.2949 -0.326818 70
-1.41269 -0.372792 70
-19.2069 -0.0463976 70
-0.788563 -0.61208 70
-28.9387 18.6841 70
-19.3844 0.0941485 70
-1.42982 -0.383469 70
11.3067 0.969646 70
-0.174981 -1.00995 70
-1.24715 1.28762 70
-11.4136 9.5359 70
-0.641451 -0.924895 70
1.03381 0.931326 70
-0.714103 -0.432781 70
-10.6089 -10.278 70
-51.1151 -0.629959 70
-1.1858 -1.01556 70
30.0933 10.2074 70
1.44024 -1.48347 70
1.06765 0.673003 70
-1.18106 1.33389 70
-0.236952 8.64592 70
0.328647 0.46252 70
-1.09954 -1.13014 70
-0.918728 0.934919 70
11.0382 18.7683 70
0.139356 10.6112 70
-0.50259 0.165219 70
-0.427065 0.950812 70
19.2607 40.5989 70
0.0506582 0.51699 70
-21.24 -30.325 70
-0.259137 10.4375 70
0.00216283 -1.03452 70
-10.2634 -0.117728 70
18.7265 10.8922 70
0.342131 9.34267 70
0.624459 -0.751905 70
0.944374 0.68865 70
10.5398 -9.31385 70
11.0195 -8.55104 70
-9.43008 -0.726509 70
0.738669 0.566285 70
-1.37598 8.98686 70
-0.646312 -1.16315 70
9.60548 -1.08734 70
9.75005 -1.34726 70
-11.1262 -0.671901 70
20.9195 -29.4896 70
-0.698785 0.278035 70
-39.0762 38.9635 70
-39.6409 39.7932 70
1.43173 20.6791 70
-11.2764 19.8873 70
11.1816 10.7758 70
8.59352 -0.955965 70
-0.416757 -1.09291 70
-0.725573 -0.0123152 70
11.226 -9.089 70
1.20551 10.0725 70
-1.16748 0.341702 70
-9.25945 9.47738 70
0.251318 1.4382 70
11.206 21.2427 70
0.666102 0.58564 70
-9.70812 50.097 70
0.890277 0.702872 70
9.28358 -0.945898 70
19.0392 19.2739 70
0.486383 1.48598 70
-11.0722 21.2318 70
-0.926519 -0.162434 70
1.33063 11.3463 70
-1.48921 11.1506 70
30.7266 -9.70841 70
0.233015 -28.6464 70
8.90745 -0.572207 70
-1.38867 0.881 70
9.33123 20.5713 70
1.01723 1.45199 70
38.6735 20.7477 70
20.4164 -10.0471 70
10.4708 -8.95692 70
-20.8049 19.9284 70
-31.0679 -1.15346 70
-10.8555 0.387056 70
28.5656 0.841387 70
0.917548 0.0242344 70
-1.33605 1.13738 70
1.44799 -11.1967 70
11.2913 -68.6873 70
-10.0382 -0.44696 70
-11.4563 -0.104434 70
18.9874 -0.230293 70
0.924069 10.7312 70
1.46917 9.72556 70
30.4636 -10.2504 70
0.693553 10.1689 70
0.579926 10.2607 70
-10.3235 11.3575 70
8.88946 1.18454 70
-0.229464 10.3103 70
-20.636 10.1968 70
-1.3595 -0.939767 70
-9.16089 10.3576 70
-0.581697 -9.34135 70
0.567329 -0.809236 70
-1.21353 -1.20766 70
0.796728 -10.6612 70
-9.90539 10.8 70
-1.32393 0.00203693 70
-0.120293 -8.91737 70
1.07093 29.0164 70
18.772 -9.56802 70
0.854813 -21.2952 70
-0.978047 -1.35179 70
-18.9005 0.702021 70
-0.238232 -0.812869 70
0.707947 -21.4229 70
-1.24366 -19.9187 70
1.00807 10.911 70
-10.1238 0.0421536 70
-0.476114 11.2034 70
-0.334866 -1.128 70
0.744882 -9.74034 70
-29.5311 11.4677 70
-1.17588 29.8673 70
-0.0932872 -0.294741 70
-9.30749 19.097 70
-0.550442 -10.786 70
1.25545 -9.94084 70
-10.8582 -8.50944 70
1.11095 19.603 70
-8.63721 -9.71648 70
-9.96838 10.0074 70
1.29403 -0.791224 70
11.0312 8.96223 70
-8.67434 0.497361 70
-1.27572 10.7165 70
0.867172 -20.9947 70
1.40875 8.90464 70
-0.657964 -0.756539 70
10.347 -0.748912 70
