-19.8769 -10.5536 70
-10.8341 -9.94135 70
-1.16405 -1.0563 70
0.373056 -0.797963 70
-0.306155 1.18417 70
50.7634 -10.5962 70
1.07191 -9.83715 70
18.923 -18.9518 70
1.14765 1.47085 70
20.5473 29.7283 70
10.7584 -9.73552 70
0.130437 29.5622 70
-0.231733 28.974 70
-31.1951 20.3174 70
0.512277 -0.053085 70
-10.0417 18.8761 70
-9.95152 -1.17826 70
9.06689 -10.8514 70
-0.8905 -11.4154 70
19.1301 9.32341 70
1.19667 0.177204 70
0.79056 -0.5448 70
0.29937 -1.28523 70
-0.051421 -10.5725 70
-60.6742 -29.0039 70
-9.10182 -0.998251 70
1.33651 0.845491 70
0.562228 -0.0197994 70
49.2446 -70.486 70
1.32212 -0.683503 70
28.5569 18.7623 70
31.296 19.1239 70
10.3251 -1.22034 70
8.67285 0.767171 70
0.717333 0.826771 70
1.22741 -0.291671 70
-1.32917 -0.404508 70
8.94432 11.0959 70
-9.26663 -0.991088 70
-8.90369 -0.714114 70
-0.200278 0.319975 70
0.183893 -0.271658 70
11.3061 -1.32744 70
-0.0438294 -0.734945 70
0.738358 -0.334235 70
-21.3973 20.1668 70
-1.08272 -1.24958 70
10.2989 29.8021 70
11.3919 -19.7079 70
0.402312 0.78801 70
-0.475648 -10.5055 70
11.1024 -0.450342 70
-0.860168 8.8135 70
0.674829 9.4643 70
1.29481 1.03219 70
-0.0363763 -1.04918 70
-9.61666 0.409548 70
61.0835 -91.136 70
-0.690394 0.217337 70
1.01506 -0.933356 70
0.60121 -11.4062 70
-1.4015 -9.80539 70
-29.9255 19.9906 70
-0.93593 -1.4852 70
-0.292614 0.279719 70
9.65256 1.15838 70
0.379122 -1.33224 70
11.1044 -19.6704 70
0.17305 0.180511 70
-0.983684 19.857 70
-0.682837 -1.06195 70
-90.7059 -8.54671 70
1.10711 -0.745743 70
-0.617374 -0.144877 70
0.215213 1.22223 70
1.29087 -0.659436 70
0.252753 0.625484 70
-9.34931 0.0556913 70
0.959507 -0.753768 70
21.0857 -0.660606 70
20.3243 -21.4068 70
18.8078 -21.0461 70
-0.861965 21.2607 70
10.2864 11.3833 70
0.0259365 0.669802 70
-0.275506 -9.45131 70
0.47199 0.0650001 70
8.65806 -0.141387 70
9.53409 80.6834 70
19.4573 1.4446 70
0.929322 -18.5306 70
-1.23805 -9.09048 70
-19.3295 21.4864 70
1.16781 -1.43324 70
0.574732 0.228268 70
0.618586 1.23338 70
19.4693 -20.656 70
0.485195 0.838911 70
-0.614055 -1.08234 70
-29.0297 -20.0954 70
0.990892 1.38843 70
-0.000245154 1.04906 70
-1.38272 0.116215 70
0.0756499 -8.57639 70
1.11399 -11.0844 70
10.1295 0.463657 70
10.1542 0.92447 70
-0.791059 -0.401878 70
-0.669257 8.8427 70
-8.76713 -1.11214 70
-1.15753 -19.7865 70
-10.731 10.1457 70
-10.6201 -10.1729 70
0.248663 1.11867 70
0.0717376 0.35844 70
-20.3312 -0.91483 70
-10.624 -99.9482 70
-11.469 8.57871 70
0.00558614 0.317641 70
-11.239 -9.5377 70
11.0461 1.17666 70
11.2786 -9.37925 70
-9.97221 0.459748 70
-0.608495 -0.0665385 70
1.13484 -0.691886 70
-20.2901 -21.1343 70
-0.996351 -9.72718 70
-0.612736 -1.36979 70
-0.335909 0.393823 70
1.11077 10.2055 70
-0.309254 -1.0419 70
0.459882 -0.871613 70
9.67176 11.4877 70
-0.387908 -0.348698 70
-8.91881 19.8148 70
-11.1083 20.4088 70
1.41489 -10.1655 70
69.2466 -28.7476 70
0.814732 0.0122531 70
0.644018 0.333285 70
0.618095 -0.584304 70
-1.42551 1.46812 70
-10.7261 9.26457 70
0.0896045 0.567301 70
-8.88562 -11.4934 70
-0.300421 0.795009 70
-0.917532 -0.777956 70
11.098 1.15115 70
-1.3627 -0.315023 70
0.255228 0.458353 70
9.28353 -18.6299 70
0.994335 -1.01074 70
110.916 -39.5261 70
8.91898 -11.3429 70
0.15403 0.280155 70
-0.679332 -0.730994 70
-10.2801 -19.331 70
1.28768 -0.195384 70
11.1576 -8.96552 70
1.24896 1.31598 70
-0.225799 -1.38405 70
0.270187 -0.295882 70
-0.112612 0.431167 70
18.7343 11.2083 70
-0.77068 -1.09775 70
-19.8187 -20.6453 70
-8.84647 -20.1032 70
-19.6506 51.1406 70
9.72423 -19.5333 70
29.9823 -18.5672 70
-0.950738 -0.3218 70
-9.32693 -0.889292 70
-0.17922 -31.4205 70
9.51584 -0.667293 70
8.89432 -1.37006 70
1.48896 0.467627 70
-8.85469 0.325706 70
-1.22793 -8.94392 70
-10.9065 10.5504 70
-18.942 9.27133 70
-9.92559 -0.846213 70
-1.13351 1.39937 70
-19.4863 -8.54883 70
-0.150354 11.4444 70
-0.908661 0.24457 70
1.25514 11.2628 70
0.95447 0.815286 70
20.8769 11.4505 70
-0.29529 -1.05089 70
-10.5858 1.4931 70
19.5942 -40.9709 70
1.2349 0.595624 70
0.841568 -1.20772 70
1.45951 1.39535 70
-21.0217 -8.63436 70
-11.1036 -0.876696 70
-0.286733 1.18796 70
-0.663282 -1.43296 70
-30.5119 -28.6688 70
-31.3885 -28.9978 70
8.86386 -9.81419 70
-0.789337 -10.0659 70
0.277952 0.743783 70
-0.678698 1.07517 70
-9.60842 21.059 70
11.3072 -20.1279 70
-1.35057 -0.468323 70
1.25503 -1.33491 70
30.2673 -8.85466 70
-1.32085 0.973326 70
-21.2948 -30.1548 70
-9.10423 0.129464 70
-9.14932 -9.05274 70
1.19084 1.08858 70
-38.7506 -21.269 70
0.864902 -10.4306 70
19.073 1.34224 70
9.10921 -1.06485 70
-21.2638 10.2452 70
0.444465 11.4687 70
-0.410572 -0.8428 70
10.8605 21.4572 70
1.02965 -10.2017 70
-9.52153 -19.5889 70
1.49393 -11.007 70
-11.257 -10.2351 70
1.09885 -9.70066 70
-1.04932 -1.24237 70
0.761608 0.763998 70
8.70832 10.0831 70
-0.364305 0.980099 70
0.21743 -10.3513 70
1.27509 0.582382 70
11.0927 10.1304 70
11.0109 0.916836 70
-10.1426 0.677166 70
11.3907 11.4211 70
-0.610048 -0.993983 70
0.171469 0.326532 70
11.0785 -9.50103 70
9.86437 0.987753 70
1.30383 0.418585 70
0.740327 0.0354059 70
-11.3475 0.465272 70
-0.04825 8.8067 70
10.3309 19.6812 70
-1.33669 -0.212717 70
-0.284717 -48.8604 70
39.2752 -11.0252 70
-0.884246 -30.2587 70
-1.12304 -8.57994 70
-18.6011 -18.5619 70
-0.824085 -9.56075 70
-0.270895 0.0836239 70
-8.66473 -70.0775 70
-9.8621 -9.40649 70
1.23743 -0.387163 70
0.250903 -8.53937 70
21.3899 -10.1845 70
19.9525 -10.0032 70
0.137438 18.7088 70
19.7188 -1.12615 70
-0.166668 -10.4082 70
0.234452 0.928783 70
9.58752 9.98784 70
1.27583 -1.36497 70
-19.0945 11.2189 70
-1.02647 0.267782 70
-51.3919 38.9134 70
-0.697081 -0.647662 70
-1.47954 0.594597 70
0.732327 -0.948193 70
-0.768229 -11.0632 70
0.484586 -1.3653 70
11.4846 -0.706105 70
-0.905443 -1.20548 70
1.34857 1.14725 70
1.39026 -0.211761 70
-10.1696 10.4465 70
1.12071 -0.503153 70
0.510399 0.390718 70
-0.603481 0.0235385 70
-0.909703 -0.743838 70
-0.140633 10.072 70
-0.771801 0.143257 70
50.8309 21.308 70
9.10358 9.46647 70
0.144106 -1.24411 70
31.3123 68.7126 70
-0.917336 1.02649 70
10.0103 11.1572 70
0.40671 -0.28375 70
-10.7909 0.53388 70
-1.4835 0.604227 70
1.43312 10.1647 70
-21.3357 -1.15362 70
-20.0985 -0.337717 70
-59.7163 -9.9908 70
-8.86681 -10.5249 70
11.4902 0.710703 70
0.451887 -0.216204 70
-1.29328 0.337041 70
-9.05694 20.7353 70
40.2152 -31.194 70
9.02635 0.40515 70
0.602381 1.24073 70
30.8797 -51.4767 70
-1.44301 0.676972 70
40.8076 -0.712259 70
-0.315606 -0.564102 70
-1.40754 -1.01375 70
-1.15685 -1.28328 70
-0.593955 9.36455 70
0.442055 -1.21741 70
-20.6423 -18.7861 70
-0.396465 -1.15429 70
-10.9858 -1.24714 70
49.8261 1.44172 70
-0.27354 -0.298332 70
-19.94 9.47573 70
-29.8276 31.2889 70
-0.596763 1.03113 70
8.84029 9.73397 70
9.71 -8.94459 70
11.2129 30.9938 70
-0.296787 1.16644 70
-39.5047 -8.86207 70
-8.67361 11.1888 70
0.12177 1.30899 70
1.06115 -9.52445 70
-1.37756 -1.47866 70
-19.1795 -41.3659 70
1.13923 0.414628 70
-9.85228 9.29161 70
10.8419 0.713254 70
9.65867 49.3198 70
21.2838 -31.3497 70
10.9517 0.597481 70
0.710563 -0.895852 70
0.59976 18.6101 70
-0.342113 0.370482 70
-1.22558 -0.944174 70
0.857897 -1.16744 70
1.29975 -0.0510421 70
21.4855 9.29797 70
-0.778215 -0.787072 70
10.869 9.72343 70
10.7243 -40.4817 70
-10.009 -1.41961 70
1.20201 -0.187137 70
-0.728843 -0.373515 70
-0.770658 38.5308 70
0.115912 1.02081 70
10.0079 -20.8324 70
8.58479 0.367216 70
-1.21338 -9.73008 70
-1.20173 0.918247 70
0.713279 10.4417 70
-0.912255 -1.00379 70
0.535147 1.44615 70
1.17587 0.606889 70
58.7465 -19.7341 70
-9.89603 20.271 70
-9.57727 20.3044 70
1.29984 -0.50392 70
-0.208001 -8.78859 70
31.0832 -39.9472 70
0.882997 1.31788 70
-10.5033 9.82344 70
-0.687295 -1.36719 70
1.01372 -9.40629 70
-1.44265 1.47216 70
-19.2071 30.2551 70
0.31313 1.08597 70
-9.32371 -0.229772 70
-50.2869 29.8563 70
-9.09874 0.480648 70
-30.5452 -21.0322 70
-8.89948 -0.780533 70
0.254302 1.15654 70
-10.5149 31.3318 70
19.8644 0.89918 70
0.446577 -1.24805 70
0.852168 -29.7223 70
-0.145438 10.9823 70
-8.60342 0.381074 70
-10.8004 -10.0704 70
11.1559 10.7182 70
0.678499 -1.12969 70
0.776619 1.30177 70
-10.2792 -11.1311 70
0.795057 -1.43535 70
-8.78589 0.618535 70
10.8682 -19.7659 70
19.9829 10.6182 70
-0.342222 -0.782165 70
1.15875 9.68516 70
-11.4993 -0.38458 70
-0.188431 -1.37432 70
1.23369 -9.6778 70
-0.500228 -10.281 70
0.851516 8.96361 70
-9.4656 -20.9856 70
10.4516 1.31682 70
-1.11511 -1.33299 70
-19.948 -20.5726 70
-0.628714 -0.781756 70
10.7214 8.97957 70
-18.7446 10.2908 70
0.829879 -0.638739 70
-1.05141 -0.0419874 70
28.8666 -50.6232 70
30.8129 -0.423681 70
1.10611 -8.66501 70
10.1367 -0.349688 70
8.85572 -9.83248 70
10.5559 -11.1053 70
-0.696327 0.762838 70
0.477044 1.25243 70
11.0302 -8.61046 70
-0.655535 -1.44422 70
0.00724697 0.352605 70
-0.445716 0.724788 70
0.266867 -0.22219 70
20.6438 -1.35608 70
-9.25882 9.84453 70
-38.868 -49.2005 70
10.3446 -21.3323 70
-1.30207 1.00645 70
-0.121679 -0.11307 70
1.27307 0.630647 70
1.2648 0.320983 70
8.65214 -10.5395 70
48.7308 49.1 70
-1.03707 -0.999462 70
9.98082 -10.3365 70
0.5268 -0.171186 70
10.3259 -9.91086 70
-9.63479 9.75011 70
-40.7326 0.429268 70
-9.1229 -0.342863 70
21.3059 -59.1381 70
0.760483 -0.0722803 70
-0.787492 0.521621 70
-0.49256 -0.134443 70
9.86704 28.9221 70
-0.0131065 -10.3414 70
0.937055 -0.504758 70
9.94784 9.52284 70
-0.638233 -1.4413 70
-1.00949 0.036035 70
9.56314 1.21971 70
-10.0667 -0.80875 70
0.942869 -9.95684 70
-0.0394639 -0.474009 70
0.817305 -19.9294 70
0.852805 -0.311901 70
-1.27991 9.2911 70
-0.53344 0.733831 70
19.021 -10.4034 70
-1.33575 1.40644 70
0.479016 0.666091 70
-0.114117 0.0880281 70
-19.0675 -19.6111 70
-11.1001 18.8797 70
41.1103 29.3813 70
-10.635 -1.07663 70
10.6103 1.4166 70
-0.557793 0.0556922 70
0.193776 0.259475 70
-10.8009 -1.11794 70
-51.0513 -39.3035 70
0.383988 1.23939 70
0.377632 0.745386 70
-0.181904 9.11194 70
-9.86842 -0.211354 70
-0.694367 -0.52189 70
0.914962 0.266621 70
1.07435 -1.3735 70
-30.3541 1.27417 70
0.435368 -0.0208054 70
-1.4994 -0.380831 70
0.430309 1.33255 70
0.00149559 -1.49272 70
-1.19856 -0.734737 70
40.5465 29.3524 70
-0.793912 -11.1693 70
1.23529 1.07162 70
1.38527 0.530853 70
-0.841951 -0.0808982 70
-21.0892 -0.308616 70
-0.870856 -10.6237 70
-0.480286 -0.907883 70
0.269051 0.320744 70
9.00576 -29.763 70
1.49084 -0.566549 70
0.831398 -0.779389 70
-1.15752 -0.823162 70
10.5294 -1.37754 70
-0.682632 -20.2418 70
0.529701 8.5135 70
-0.713426 0.961861 70
-11.2021 20.174 70
-11.2234 9.17372 70
9.94424 9.33445 70
0.856184 -20.0977 70
19.7535 -50.0265 70
-11.3397 -0.224055 70
-0.611901 -0.484571 70
1.27733 -0.692635 70
-11.2962 10.1848 70
-8.62749 -8.5201 70
-0.308359 -0.810752 70
-10.8528 -0.546047 70
-1.09653 10.0062 70
-0.329006 1.257 70
-1.08126 0.768211 70
1.42508 9.84222 70
-10.4644 -9.61776 70
-10.5301 10.886 70
-8.54206 8.54031 70
-10.3291 60.1692 70
10.2936 -0.777247 70
-1.0381 -11.28 70
-0.553156 0.0338863 70
0.389014 -10.4617 70
-0.896605 1.18881 70
-0.583782 -0.909742 70
-21.2665 11.4285 70
10.414 -9.1614 70
-40.6029 -20.9531 70
-1.03839 1.42156 70
18.6816 -9.62227 70
-0.412775 0.376833 70
-9.7302 10.0399 70
-1.37346 -0.835016 70
-0.456261 -8.64509 70
-8.71175 11.2491 70
-0.776895 -11.0597 70
-8.70668 8.67545 70
-0.208476 -1.45571 70
0.446075 1.29891 70
20.3844 111.496 70
21.4454 21.4673 70
0.627743 -0.191248 70
-0.761548 1.40175 70
-0.684432 0.487779 70
-11.4348 -9.64378 70
-41.2643 8.89278 70
-1.07964 -0.993839 70
0.665597 -1.42243 70
30.1756 -0.384981 70
-8.81799 -0.288413 70
-0.88138 -0.123086 70
20.6523 -28.5311 70
1.37512 -30.0882 70
10.7695 30.5263 70
-0.0981846 1.4023 70
59.8122 -8.88862 70
-0.867009 -0.628998 70
9.64519 18.8908 70
-0.156608 -0.250418 70
-10.6364 -9.19805 70
0.144276 -0.739 70
-0.159877 -0.0623139 70
-0.121386 0.560877 70
-0.236299 -1.34582 70
-9.88743 19.3333 70
-8.64742 -20.8213 70
0.0626968 -20.6126 70
1.37244 -1.22584 70
-29.2209 8.83434 70
1.48953 -1.24242 70
1.17567 11.2604 70
0.800918 -0.127169 70
-11.1961 -10.1692 70
-0.594871 -18.9887 70
1.09854 -21.2877 70
9.63025 -0.407123 70
0.141059 8.58138 70
-0.215608 -1.43037 70
-1.18734 -0.57023 70
10.0765 -0.915722 70
-0.814288 0.874988 70
1.11842 9.19878 70
-10.4196 -10.9203 70
-9.92395 -9.47837 70
11.311 -11.3843 70
1.1151 1.34696 70
1.31765 10.4115 70
10.0896 -0.81787 70
0.0794075 -0.0322455 70
19.8754 1.08522 70
-9.63845 19.2173 70
0.384435 0.873479 70
0.709996 0.667352 70
-20.19 -81.4304 70
-11.3631 -49.4053 70
11.4648 9.67967 70
-10.5137 0.996336 70
-10.4533 -1.40547 70
-0.345765 0.0871038 70
0.807269 -9.83619 70
0.968711 0.568421 70
1.07549 -0.71272 70
0.597561 0.789718 70
40.9733 1.0508 70
30.3118 39.0628 70
-1.20712 11.263 70
-10.6771 -38.9283 70
9.92421 -0.603514 70
0.483342 -0.871908 70
9.58837 -10.2988 70
0.219346 -10.1992 70
-0.479484 -0.672792 70
9.04268 -9.24809 70
-0.173114 -0.751171 70
-1.02438 0.929688 70
0.106042 -0.592796 70
1.10192 -0.883384 70
0.656571 8.9257 70
-0.545386 0.623244 70
-0.130592 0.761536 70
11.2267 -20.408 70
-10.8417 -0.932296 70
1.00904 -0.0228761 70
11.0059 -10.8103 70
10.1338 0.108159 70
1.34337 -0.120736 70
0.409795 0.514306 70
-69.163 -9.18356 70
1.47812 0.14477 70
-0.428125 0.814254 70
0.357964 1.43022 70
-8.50671 -8.98314 70
-0.783248 -1.45456 70
0.717674 1.47823 70
-0.324264 10.3564 70
-9.71086 0.189018 70
1.33629 0.752719 70
0.887275 1.26423 70
0.610077 -0.175682 70
1.1671 -0.0873745 70
0.244183 -0.875812 70
0.4752 1.27794 70
0.140729 0.676421 70
-20.3825 1.29271 70
-0.584899 11.1548 70
11.358 9.37166 70
-0.235845 -1.06799 70
-0.387623 9.30224 70
0.506239 -9.14038 70
-1.18794 0.300097 70
10.9366 -29.2457 70
18.8015 -0.17884 70
0.912279 -1.45631 70
-1.10573 -1.1722 70
19.953 -1.11602 70
-0.899731 1.26837 70
1.20738 -0.654634 70
9.93601 0.114479 70
0.481204 -1.24141 70
-0.755157 9.73726 70
-9.08329 -30.1103 70
8.86926 9.20115 70
0.506778 -1.25663 70
-20.0625 -0.741469 70
-0.275902 -11.3991 70
-0.390521 -11.2308 70
0.306765 -0.127307 70
29.0329 -19.7748 70
-1.28378 -9.93783 70
49.8564 60.5117 70
0.331719 -0.732405 70
-0.521428 -11.1186 70
8.81529 -10.3798 70
21.2213 -41.3162 70
1.34202 -0.702255 70
-10.0454 10.1126 70
-0.616977 -1.18925 70
0.747426 0.194162 70
8.94332 0.0723596 70
0.585596 -11.3984 70
21.1761 -31.4121 70
0.717772 -0.121602 70
-10.9592 20.2695 70
9.18382 -8.61298 70
0.227263 0.12556 70
8.84038 -9.40528 70
-9.43814 -9.12772 70
-0.0803476 -0.743329 70
-9.04504 -0.923757 70
-0.919485 1.14529 70
10.6837 -0.477201 70
-0.768435 8.95271 70
1.14716 -9.61894 70
-1.40083 -0.983 70
9.72835 11.0231 70
-11.036 1.43798 70
-0.162488 -0.410611 70
-10.5088 0.751473 70
-0.659242 11.0877 70
0.935934 8.88068 70
-0.806166 0.713697 70
0.0865097 -0.823097 70
-9.15947 18.7384 70
-31.1548 -41.3255 70
-1.1561 1.41869 70
1.29789 1.33067 70
1.15983 9.16816 70
-19.8736 -31.136 70
-0.928875 1.14841 70
0.115368 9.44929 70
0.422221 8.97999 70
0.293878 9.35944 70
-1.03943 0.349439 70
-0.424145 -9.17542 70
-8.84928 -8.62057 70
10.2469 -11.3795 70
79.4979 39.3348 70
0.910149 -0.567176 70
0.121661 -0.0903749 70
0.441215 1.4947 70
-0.646807 0.776637 70
8.79707 -1.21446 70
0.0856097 1.2697 70
0.577801 -0.340964 70
21.3264 -30.5474 70
9.1269 0.473998 70
0.550984 1.1258 70
-11.0983 -19.2232 70
10.6327 0.403723 70
1.3042 1.48692 70
0.661817 -1.06344 70
-10.0143 -20.213 70
-80.5309 -19.0465 70
29.307 -18.7443 70
10.1728 -18.9279 70
-11.1506 10.3903 70
-0.0179 -0.490711 70
0.413108 -0.539868 70
9.99671 -0.974466 70
0.546769 -0.845942 70
0.267883 -9.90703 70
-31.0827 -20.7324 70
0.378742 -0.917798 70
-0.478345 -30.9291 70
21.1554 -9.85628 70
0.33902 -1.2647 70
-8.54646 -0.849221 70
0.901905 -0.61169 70
9.75543 39.5174 70
-0.658757 -0.378479 70
18.74 -9.28869 70
-9.8656 -88.9308 70
1.21047 -1.37478 70
-8.65524 9.47224 70
1.27573 -10.6012 70
0.697291 -0.696434 70
-0.158617 8.60543 70
-0.315352 -0.957478 70
0.600508 1.0041 70
-0.701839 0.655839 70
1.22072 -1.07436 70
28.5391 19.7282 70
9.8698 0.681985 70
99.1373 -108.949 70
-10.9407 9.8045 70
0.0668338 0.496703 70
-0.0107454 1.03692 70
-0.928912 0.977481 70
-9.27775 10.4895 70
-29.5228 59.9543 70
8.57159 -19.8964 70
1.08732 10.959 70
-1.40013 -0.203778 70
-0.321362 1.06128 70
8.50785 -20.3811 70
-19.8461 -0.294025 70
8.61151 -9.33543 70
-0.619588 0.112663 70
-0.268941 -1.1176 70
-10.1683 -11.4633 70
0.777949 -0.0638173 70
-0.321758 1.07126 70
-19.5812 -10.6137 70
0.88113 -0.384939 70
-0.511553 0.971467 70
20.1845 -19.9987 70
-1.21286 -1.35306 70
19.8365 -1.34224 70
10.1529 -11.4666 70
-9.14138 0.000710028 70
-0.346743 -10.8044 70
-9.77254 -29.9399 70
-21.1792 31.3133 70
-9.26846 -9.08509 70
-0.44235 -19.5374 70
-11.3564 -1.03828 70
0.474657 -1.18427 70
-21.003 9.18908 70
-20.5825 11.117 70
1.19227 1.3028 70
1.04668 -1.41756 70
-1.36249 -0.102335 70
-78.5952 20.1573 70
0.940641 0.766729 70
0.509711 -0.510953 70
0.458641 0.325635 70
1.44284 1.34336 70
68.9739 -21.4203 70
-0.0442388 0.772472 70
0.270832 1.14731 70
-9.68789 -0.636433 70
-0.727771 -1.05025 70
-10.6145 0.933629 70
-1.06286 9.64666 70
-1.29634 1.25316 70
1.27407 0.511976 70
-0.23705 9.47164 70
-0.870506 -0.828166 70
-0.65881 1.48161 70
9.95508 19.0925 70
-0.601557 10.597 70
-0.967769 11.2217 70
-1.35844 -11.3972 70
0.115387 -8.92215 70
9.1221 -11.4286 70
-0.00759396 -9.56182 70
-11.4944 1.0145 70
-0.831315 9.46114 70
-18.8458 11.3189 70
-1.33346 -0.1376 70
-10.0799 -1.40835 70
-0.00565739 9.90079 70
1.4203 -0.408819 70
-0.288493 0.00235283 70
8.76913 -0.693339 70
-0.0881358 0.854458 70
8.61496 -30.9232 70
10.2744 -19.0062 70
21.1781 8.50131 70
-0.763106 0.0730309 70
70.4984 -98.8235 70
0.881301 1.44147 70
-20.8153 9.88997 70
-9.50236 -21.1219 70
-0.778762 -0.495989 70
0.125474 0.802858 70
-0.810888 0.473451 70
8.66767 0.424988 70
-1.02069 0.586035 70
1.49209 8.8868 70
-0.568934 -10.1024 70
-1.38708 0.077367 70
