-10.1106 -19.8116 70
-20.4254 29.218 70
-0.674512 10.9206 70
-0.545236 10.3381 70
-1.00112 8.53131 70
-8.66019 -8.88859 70
-8.88814 -0.945551 70
-9.34352 8.89081 70
-11.0458 -9.36873 70
-8.5261 -11.0141 70
-11.223 1.12435 70
-0.927011 9.56278 70
-10.603 1.18521 70
-69.9066 -50.7408 70
0.572763 9.87829 70
-10.4761 0.133974 70
-11.1062 9.16357 70
-10.0491 0.755815 70
11.3118 59.8163 70
-21.4526 1.44059 70
8.50448 19.5268 70
-0.689522 -0.833553 70
0.960028 9.64328 70
-9.56366 -29.9131 70
29.0032 88.9754 70
8.78719 10.025 70
-21.2427 20.0775 70
-1.16339 11.441 70
-1.15532 9.71503 70
1.13566 10.712 70
-9.59504 -0.162683 70
-19.6018 19.6103 70
-20.2934 19.6145 70
1.20418 -19.8972 70
-9.40076 10.7957 70
-30.1832 -11.4238 70
-18.8281 -20.8793 70
-49.7037 49.0563 70
-10.7996 10.8319 70
-9.67835 8.88998 70
-0.344628 -0.71004 70
-9.18492 -1.28446 70
10.6003 -9.88941 70
-1.34061 -1.32903 70
-88.7691 -71.4372 70
-1.39808 19.5045 70
-10.4409 10.7155 70
0.837792 11.0832 70
-31.3988 -0.201182 70
20.1758 9.3774 70
0.674929 10.2996 70
-1.214 0.82983 70
18.5891 -20.7112 70
-0.808783 0.280331 70
1.4139 -9.10427 70
-9.20073 -40.9394 70
-0.37189 20.4328 70
8.9775 -0.382973 70
-1.03791 0.00515899 70
9.12316 9.50544 70
-9.34216 -1.29706 70
10.4752 19.2806 70
0.532765 0.0473438 70
-0.207222 9.65902 70
-1.33431 -0.542742 70
-0.649346 -9.07409 70
0.75563 0.218829 70
-8.68796 -0.24862 70
-1.09037 -0.732969 70
0.88785 0.35746 70
0.233129 9.45497 70
-19.1494 -1.31423 70
0.596846 -0.540146 70
-11.3562 0.0903749 70
-18.598 11.4997 70
-39.2331 9.96836 70
-10.1779 8.836 70
-1.18134 -1.16689 70
11.1899 9.42095 70
8.67325 9.28014 70
-50.3274 11.3451 70
9.07582 29.5534 70
1.2252 1.33102 70
19.6295 10.8503 70
0.256595 11.3097 70
1.09022 19.8704 70
-21.0547 0.815273 70
0.321138 10.5557 70
39.2168 -10.4045 70
-8.9474 -1.40259 70
-10.4967 0.343445 70
-10.07 0.883509 70
-10.7233 10.5592 70
-19.8577 30.7309 70
0.502303 0.968492 70
-10.7134 -0.654664 70
-8.85476 20.094 70
-10.692 8.72901 70
-9.10102 9.51812 70
-0.117089 9.04683 70
-11.2139 11.3993 70
-0.0394541 21.3685 70
11.3034 9.42769 70
-0.0164593 0.502431 70
19.9559 -39.2894 70
-11.0139 30.8055 70
-19.7826 -18.5772 70
-9.488 0.56675 70
0.802178 9.80163 70
20.5349 29.5109 70
-20.57 -1.08733 70
-0.697557 -0.554773 70
-10.9101 10.6194 70
-1.06279 0.822718 70
9.56599 19.703 70
-1.17329 10.3092 70
-19.7598 -10.5047 70
-9.92334 1.16856 70
0.0246196 -0.226054 70
0.537184 1.494 70
-19.8453 -1.41796 70
-9.58887 -9.98106 70
-8.93662 -9.60794 70
-10.9281 0.525476 70
-10.1998 10.3327 70
-1.23929 -0.255741 70
8.83092 30.1231 70
-18.6213 -61.2666 70
1.06227 8.76087 70
-10.0441 0.154849 70
9.60998 8.91286 70
0.868297 -0.590869 70
8.66401 28.9067 70
9.47595 31.0867 70
-9.48719 -49.9631 70
-9.3603 -50.5402 70
0.966469 21.1068 70
-30.6983 1.09816 70
-30.6894 0.713827 70
0.360447 0.855763 70
0.975882 9.47085 70
-8.9817 -0.939536 70
-0.946273 41.053 70
-9.61427 -41.2804 70
-8.98975 8.97275 70
9.54002 -1.08238 70
10.9356 -1.36308 70
29.5363 59.451 70
0.735569 8.5625 70
21.0426 19.6391 70
-18.8101 -9.98653 70
-0.46664 0.617107 70
-29.881 0.0815919 70
21.2659 40.3222 70
39.0401 -11.2485 70
39.5689 -21.2555 70
41.1607 -19.5354 70
0.0988182 -0.0167881 70
0.557003 -0.624951 70
-9.53471 -18.9378 70
-8.65272 9.17753 70
1.23171 1.33924 70
11.3381 -19.5245 70
-1.0514 9.40541 70
80.4218 -50.3339 70
0.581508 19.2584 70
1.24348 0.966885 70
-9.23922 9.39643 70
-21.4382 -1.21112 70
8.99791 0.102938 70
19.4353 -59.2396 70
-18.9166 0.417485 70
0.578767 9.46071 70
0.684675 -0.639711 70
10.7584 18.7466 70
-11.476 39.5878 70
0.342174 -0.59039 70
0.955942 -1.29494 70
-0.640371 -1.13896 70
-1.04554 -1.31653 70
1.17672 10.4898 70
9.37561 -0.972226 70
0.35247 -0.739484 70
-10.1422 -0.00134775 70
-9.18028 0.578636 70
0.822257 -19.7458 70
-10.9311 9.10412 70
1.00705 1.21339 70
-1.14365 -8.59886 70
-9.31422 -9.95162 70
-10.3433 -0.518447 70
-9.89472 0.269958 70
8.79785 69.6648 70
11.0829 -0.872264 70
-9.11316 8.69049 70
8.90182 -0.914043 70
9.46387 0.918844 70
-10.2739 11.1789 70
-0.559189 11.3889 70
-20.9491 30.012 70
-9.91488 -10.7354 70
11.2054 19.2735 70
1.0903 0.901537 70
-0.00200926 9.22744 70
-10.7557 10.8068 70
11.4226 -0.683116 70
11.3931 0.284155 70
30.2399 20.7451 70
-1.36487 10.0343 70
-9.71697 9.36835 70
-10.3211 11.2574 70
-20.6446 9.8555 70
-1.39022 0.924405 70
-28.9912 30.6395 70
-11.3224 0.693155 70
31.3381 28.6494 70
0.601666 -0.258362 70
0.184044 11.1833 70
-10.5591 0.183618 70
61.3703 59.8969 70
-9.60127 30.4748 70
0.580005 1.34421 70
-0.429724 10.4986 70
-10.5592 0.469674 70
1.38117 0.872505 70
0.670206 41.2946 70
1.38062 0.0849491 70
-0.150255 11.4375 70
-8.80531 -0.068374 70
70.7809 41.0089 70
1.13209 0.343541 70
-8.82327 9.61592 70
-1.18486 11.2702 70
-11.4493 10.7906 70
-11.2178 0.966957 70
-0.766222 9.83295 70
11.0245 -1.34839 70
-50.0782 -19.0967 70
-0.256959 0.689314 70
1.00805 -1.0179 70
-0.206705 11.3881 70
-28.5478 0.525258 70
0.179954 1.38172 70
-41.4809 -0.421295 70
-10.4818 1.44912 70
-0.104304 -10.3377 70
-0.510498 0.436929 70
8.63956 -0.120628 70
10.0126 -89.9229 70
0.362491 0.729006 70
0.954751 11.4201 70
0.399833 9.73325 70
10.2822 20.3784 70
-11.0791 0.9355 70
-0.976029 -1.46396 70
41.1413 -21.2514 70
-0.793422 11.0821 70
-1.41501 0.551628 70
-9.64435 1.01861 70
0.0757101 11.1077 70
-0.562603 11.4221 70
-1.49856 1.39058 70
0.56358 -0.266969 70
-0.711967 0.645873 70
-0.696798 0.742225 70
1.3098 8.71302 70
18.6719 -11.4992 70
-0.789937 -0.724261 70
1.19088 0.543796 70
-1.48823 0.0958504 70
-50.3469 29.4906 70
0.0572484 8.97221 70
0.411924 -21.0754 70
9.24566 -0.516214 70
0.0732038 -0.692611 70
-1.21266 11.1846 70
-1.26916 1.19334 70
-50.1027 -40.8283 70
10.485 -30.4429 70
-0.225744 10.1689 70
20.649 30.093 70
0.123154 0.103442 70
1.13715 10.7749 70
-1.17409 -1.27302 70
10.9094 21.1761 70
-9.97938 10.1044 70
-0.48428 -0.32728 70
-51.435 -81.3978 70
-9.50484 8.70365 70
0.948878 -8.70668 70
-11.2854 -0.427631 70
0.51435 11.3222 70
-8.74567 38.8178 70
-9.84194 -8.5426 70
10.9352 -0.179478 70
-10.9841 0.16232 70
-18.8992 40.3176 70
0.918471 -0.897374 70
0.90433 -0.524611 70
1.19089 8.50395 70
29.0124 -0.41431 70
11.5 -20.2778 70.0023
-9.0211 -0.38349 70
-8.56383 -0.579378 70
-11.128 19.687 70
0.626937 -0.154238 70
-0.113019 8.96812 70
-9.41516 0.193913 70
-19.9073 39.8438 70
0.182839 -0.808079 70
-10.6926 -1.19456 70
-11.495 0.476603 70
-9.1385 -0.247732 70
41.0043 61.4079 70
-10.3845 -9.45892 70
-1.07185 10.4005 70
11.2807 9.01 70
-10.9665 -0.796406 70
1.16145 -1.37044 70
-0.660216 1.35503 70
-0.345349 -0.387527 70
0.327116 8.50707 70
-11.4769 20.128 70
-10.2055 20.6278 70
-18.5565 -1.07288 70
0.291858 8.50372 70
-11.4349 -18.9544 70
-0.905585 1.22626 70
-11.048 0.34421 70
-10.3473 -10.7362 70
0.543908 -28.9058 70
19.4441 -0.92806 70
-20.691 41.3876 70
10.7387 -1.24308 70
-10.4898 11.1567 70
-0.703454 -0.0581041 70
-10.6803 10.424 70
9.12869 1.16621 70
-10.1711 50.5227 70
-10.2266 9.76056 70
-11.2963 10.6543 70
10.7244 0.280594 70
-29.7851 68.5743 70
20.3947 -30.2593 70
0.738624 9.69952 70
8.56617 19.1014 70
-11.1842 20.8113 70
8.95903 -8.61272 70
9.39297 28.773 70
0.121676 -10.7183 70
-10.095 11.4831 70
-1.29183 21.4621 70
10.7701 -11.0917 70
40.1777 -19.669 70
-8.52779 9.39402 70
20.0864 1.42681 70
-10.5641 -0.929101 70
0.1182 9.24527 70
39.8789 -9.00283 70
-1.10379 18.9336 70
0.965646 9.51897 70
-9.58048 -39.757 70
18.5615 10.5371 70
-0.676138 9.66386 70
-0.147063 9.48956 70
60.5518 -48.6899 70
-0.0657769 0.368779 70
0.723075 -1.36666 70
31.4974 -29.313 70
-10.97 0.318059 70
10.7111 11.407 70
0.643946 10.8125 70
9.21688 -1.48273 70
-9.79942 9.54661 70
0.674985 -10.3535 70
0.167932 11.2826 70
40.3213 -8.61306 70
-10.5175 18.8341 70
-0.685466 11.3089 70
20.8903 19.0243 70
9.92351 10.9452 70
20.1331 -10.3177 70
-9.55972 0.151317 70
-9.23929 1.04959 70
-10.4174 -10.6702 70
-19.7229 -50.2936 70
1.03176 10.4528 70
-59.1807 -31.2497 70
-1.28097 21.2583 70
0.404367 -0.822526 70
20.755 21.1934 70
0.194258 9.2033 70
50.3689 20.8648 70
-11.0174 11.2386 70
9.5807 20.6886 70
-10.8807 0.598951 70
11.3497 10.9471 70
-10.9454 8.62199 70
-10.3593 -9.77698 70
0.937923 10.6432 70
-30.9112 -0.955379 70
21.0917 -8.51764 70
0.261747 -11.1241 70
-11.4951 -0.0124948 70
-1.31722 0.146543 70
-10.3012 -0.0377839 70
9.05611 -9.59687 70
-9.13146 -0.579112 70
-0.821358 9.73761 70
-0.351612 19.1561 70
10.0437 -11.4871 70
-21.1561 -0.599756 70
1.32101 29.5887 70
-9.48514 -1.1671 70
0.253718 10.1377 70
1.22109 19.1176 70
-19.6466 1.17555 70
-0.964576 10.2478 70
0.336691 -0.523935 70
60.7348 1.24632 70
-19.7603 11.455 70
1.09338 -10.5586 70
-0.262708 -0.0954876 70
-30.1627 29.4697 70
-0.967301 10.7146 70
29.383 31.4601 70
-29.0576 -9.8656 70
10.3505 0.0350323 70
-9.9794 10.1464 70
-0.00489639 11.472 70
-1.40324 -1.35753 70
-21.0574 10.4525 70
-8.94525 18.8961 70
0.035769 -0.149219 70
-1.21249 11.0443 70
1.12476 1.1559 70
-1.48154 0.583431 70
-9.75907 11.0037 70
-10.1271 1.09329 70
-0.7794 9.89152 70
0.106434 0.54654 70
-11.1139 -0.529018 70
9.26542 -0.449173 70
9.38423 19.0502 70
-11.2522 -0.639475 70
-71.0196 1.40306 70
68.5737 61.1478 70
-9.00205 8.93111 70
-0.631564 19.3297 70
119.454 60.6586 70
-40.7832 19.3663 70
-40.3172 21.4109 70
0.151884 -10.8851 70
-21.0864 1.14549 70
-0.658824 9.13686 70
-8.71931 8.73946 70
8.5041 0.240659 70
10.022 -1.16425 70
-0.785147 8.64735 70
-9.89175 10.4784 70
-11.0422 0.096827 70
-9.12544 8.75085 70
-10.504 1.28795 70
1.37464 19.5482 70
-9.40963 -10.2906 70
-10.5326 8.57535 70
0.941871 11.3804 70
0.508839 9.09598 70
0.408441 11.1448 70
0.685114 -0.0539604 70
0.242057 10.4847 70
-1.46374 9.95432 70
-50.7606 29.661 70
-0.486256 -1.03627 70
-0.587187 -1.15845 70
-0.819408 -0.936914 70
9.10179 0.498858 70
0.839872 0.305177 70
9.15375 8.76243 70
-8.81807 19.5001 70
48.9667 -10.6381 70
-10.5618 8.98019 70
-10.0116 0.655786 70
9.69638 21.1625 70
-0.393068 -18.7499 70
-31.0496 39.3089 70
20.6884 30.5343 70
0.752028 0.131314 70
-1.04804 10.0645 70
-0.0930454 11.4777 70
-1.31382 9.50646 70
20.9634 -39.0416 70
0.625318 10.7457 70
-9.06925 1.01922 70
0.433328 8.86431 70
-8.90048 10.8443 70
-20.0123 19.7595 70
10.3808 -1.06115 70
-20.7044 19.5335 70
-19.4062 20.8146 70
-10.6173 -0.17663 70
8.63357 -1.16217 70
9.01621 10.2599 70
8.70912 9.98691 70
-49.4388 49.5231 70
39.2751 10.8302 70
11.3095 -29.909 70
-11.0935 0.791155 70
0.136429 -10.2276 70
1.36123 -0.46707 70
-90.7653 -28.6296 70
-90.6644 -31.3718 70
8.5245 9.17809 70
-0.741419 9.39554 70
1.12771 1.13128 70
0.124755 8.61282 70
1.31508 10.3292 70
-39.1214 -30.6478 70
29.4563 9.54155 70
-1.32747 18.5875 70
18.6265 11.1703 70
-10.6737 0.309755 70
-8.72238 -20.2079 70
1.37048 9.20742 70
-8.75426 -19.7449 70
-0.0825184 0.302576 70
10.9417 1.48149 70
-1.19222 11.1104 70
-0.426322 10.0008 70
-68.6104 -10.086 70
-0.155678 10.583 70
-0.99149 -0.344635 70
-8.82943 -0.749323 70
-11.1604 0.167398 70
10.803 -30.6359 70
1.23904 9.32304 70
-1.36159 1.04255 70
9.45335 -0.798034 70
-1.03891 0.864502 70
18.5966 0.213876 70
-1.29905 9.32339 70
19.495 49.754 70
-10.149 1.35686 70
20.903 -51.4197 70
-0.467801 -9.51919 70
-9.1007 0.12822 70
-39.9507 -8.71533 70
9.85459 40.8734 70
0.751446 0.213427 70
-21.3604 -9.43067 70
-10.4703 -0.749044 70
-0.469296 9.47387 70
-99.6292 -31.0161 70
10.5381 20.7796 70
0.52728 9.20989 70
-29.5572 -31.0845 70
1.23926 -1.0966 70
-8.64195 29.8312 70
8.76398 -18.983 70
10.1319 21.129 70
0.12737 10.2936 70
-10.9841 71.4467 70
-11.4958 -0.494057 70
10.6863 1.05848 70
11.1454 0.0354445 70
-11.1855 -30.8313 70
-1.00698 -9.52595 70
-8.70113 10.2792 70
0.955339 1.00775 70
20.3628 -11.1007 70
-8.79767 19.0769 70
-0.109779 -1.01125 70
-0.755875 0.75042 70
8.56248 11.1574 70
-39.8617 -1.09578 70
10.9834 20.8384 70
1.15505 11.244 70
0.548914 9.57496 70
-30.8569 9.09381 70
1.02009 10.5368 70
-10.7483 -0.753631 70
29.064 -70.4849 70
28.9795 -70.7661 70
-0.908213 11.0484 70
-19.4845 9.45118 70
-19.9194 -10.1148 70
-21.1921 -9.79112 70
-20.4954 18.662 70
-10.8353 10.3063 70
-20.347 -9.60773 70
-20.7526 9.03232 70
-10.0052 1.03468 70
-1.33399 -1.24686 70
49.7935 10.9271 70
0.85813 9.13489 70
8.96823 29.6592 70
-0.68167 1.1969 70
0.145221 -0.0856357 70
-20.5693 38.5484 70
-1.10994 9.68205 70
0.0745073 9.78761 70
-1.42004 1.3093 70
-8.94898 -0.541829 70
0.00704792 9.45929 70
-1.15465 1.24881 70
-0.104451 40.7555 70
9.45755 0.549689 70
-10.3782 8.95292 70
0.956331 0.621989 70
-0.692877 -1.22062 70
-1.00836 8.55038 70
-10.0868 -18.9731 70
9.83095 10.162 70
1.36843 1.01353 70
0.763308 0.91878 70
0.366948 8.9105 70
-9.4493 9.67326 70
-0.255274 0.0608421 70
-21.4404 -9.31243 70
-9.92037 8.78203 70
0.967999 9.9025 70
-10.4534 9.94103 70
-1.17695 0.169003 70
-10.035 9.65217 70
0.469335 9.54744 70
39.1323 68.5163 70
1.13717 -0.155055 70
-19.896 10.6909 70
0.992292 18.7394 70
-9.53884 -9.2588 70
19.9908 29.6389 70
0.671772 0.566793 70
1.26753 9.18447 70
0.683607 10.9419 70
8.73777 -8.6222 70
-0.315708 -29.8731 70
1.37199 1.20676 70
-0.296105 -89.6767 70
-9.8176 -8.51481 70
-9.82473 9.42903 70
-0.551715 30.6674 70
0.703399 11.0266 70
0.464103 -0.462238 70
0.544074 19.9236 70
0.662509 0.642402 70
-9.21517 0.137044 70
-10.6414 9.76501 70
9.6718 -10.387 70
-10.5284 -1.39361 70
0.864683 8.54272 70
-0.0248515 -0.165594 70
-10.0474 -9.17906 70
-9.36996 -9.77168 70
1.05329 -0.182982 70
-10.8544 -0.969956 70
-0.422517 -0.116678 70
-1.31724 11.0401 70
9.83744 -0.2731 70
10.4219 -0.993462 70
1.35527 -0.820819 70
-40.3366 10.973 70
-41.1453 -19.8762 70
-10.9703 -1.21242 70
-11.3961 29.9179 70
20.2209 9.46218 70
-0.175751 -0.834744 70
0.505432 10.3371 70
10.799 -20.6204 70
-29.7012 0.438445 70
-1.0136 0.0669754 70
0.211862 1.33291 70
10.5458 9.27634 70
0.750786 10.9779 70
-9.70802 -0.201938 70
9.74464 10.2098 70
-10.3891 -0.821201 70
-10.8381 0.0786088 70
-10.0618 18.6369 70
-10.3114 19.0256 70
0.88522 1.00002 70
-0.18086 -28.8816 70
1.2339 -0.863461 70
1.43279 9.34081 70
-9.45575 -0.142974 70
-0.223791 10.7281 70
59.555 69.3629 70
61.3905 70.8105 70
-19.5279 9.07136 70
-9.88117 -0.116516 70
-10.3828 11.4915 70
-28.6872 40.6254 70
