8.66445 -19.6284 70
-0.450652 -71.1539 70
-40.9646 0.779278 70
-9.17389 0.990528 70
-0.858946 0.0857318 70
-9.8438 1.13191 70
10.7937 20.3727 70
-9.58289 -9.96072 70
59.6803 41.2529 70
9.85089 9.06564 70
1.44289 1.47297 70
20.2789 -1.02246 70
-0.654023 -0.197549 70
-10.8039 -11.1001 70
0.049609 -10.0487 70
-0.0688848 0.75667 70
1.49034 -11.1611 70
-30.5353 30.6427 70
8.68886 -10.9723 70
-0.577985 0.439702 70
9.99213 -11.1187 70
-0.474578 -18.8384 70
0.257954 -0.787828 70
-0.709412 -0.0123735 70
10.9774 -9.26856 70
0.620607 1.14893 70
-9.08509 -29.6633 70
-1.0249 28.9349 70
-1.12946 -8.66999 70
-10.386 1.20705 70
0.841077 -1.23383 70
-10.9414 30.3003 70
-0.927506 1.47765 70
1.34928 -0.0434013 70
-0.196837 -9.0721 70
-49.3107 38.8107 70
19.2121 11.2266 70
-1.32763 -10.045 70
-1.09052 -9.26516 70
-8.5661 -18.7963 70
10.0296 -11.0229 70
11.4732 -9.87759 70
8.75886 9.59956 70
-0.0869955 0.0445097 70
0.528271 -10.0287 70
8.60777 0.346514 70
39.3487 1.05783 70
-18.7366 -1.10988 70
0.561102 0.63299 70
0.245281 -1.11732 70
-1.26127 0.664319 70
20.0481 19.7024 70
-0.292971 -10.4105 70
-11.475 -0.492289 70
19.0217 -8.75509 70
-0.20314 -10.4135 70
0.548512 -18.5569 70
-1.21561 -19.6453 70
-30.044 30.9259 70
-29.6022 31.1076 70
-0.875685 0.976016 70
-8.78453 -10.8732 70
9.40398 8.6914 70
10.5019 10.7457 70
-0.48555 0.331256 70
-0.642292 1.0099 70
-0.355548 -10.617 70
9.9476 -11.3376 70
-1.10409 -0.796036 70
0.182668 -1.05014 70
-0.443461 -11.4225 70
-10.0893 -11.3773 70
1.11397 0.397787 70
29.3929 -21.0687 70
-10.4021 -1.09092 70
-10.5667 -0.159556 70
10.6049 1.45062 70
-11.3793 -20.5529 70
-10.3793 -0.813245 70
-20.0354 1.2574 70
0.569523 -0.26243 70
1.16938 0.191393 70
1.05111 -8.84532 70
-1.28006 -9.86356 70
1.36829 1.07834 70
-1.07297 -31.4479 70
-11.2476 20.3314 70
-10.5442 -21.4521 70
-1.07633 -8.77183 70
-0.73291 29.6502 70
-20.1281 -39.8117 70
-10.1666 0.87081 70
0.929006 8.69283 70
11.0193 -18.535 70
-1.19145 10.1227 70
-0.615826 -11.2499 70
9.7985 -10.5252 70
-0.914457 -9.86123 70
0.985033 -0.905557 70
9.98395 -0.383437 70
-90.39 -61.1059 70
-9.71263 1.45435 70
0.442549 -1.3565 70
-20.4587 -0.607888 70
-0.59521 0.139794 70
0.735533 1.48143 70
-11.4015 0.0763472 70
-20.7755 -30.8639 70
-0.753964 -11.0365 70
-0.131175 -10.7989 70
0.772572 -31.2055 70
-10.5753 -19.6844 70
-10.409 -10.8749 70
18.749 -30.065 70
-10.8335 0.962781 70
-9.40977 -0.642737 70
30.2755 -11.1131 70
-0.914924 1.3078 70
-19.4914 -51.1067 70
-1.0959 10.3569 70
-0.569931 9.48339 70
0.347405 -1.16043 70
0.794333 -0.101866 70
-1.47472 -1.24291 70
20.4056 -19.3167 70
-10.2152 -1.37168 70
-0.577902 -9.29371 70
98.9811 -10.0167 70
-1.0878 11.149 70
-1.16913 -10.0687 70
-0.80277 0.205904 70
0.421852 -9.01977 70
19.0845 -19.1173 70
-59.2269 8.61996 70
-10.791 -48.8644 70
29.8322 11.0118 70
-21.2905 0.824224 70
-50.9848 10.3357 70
20.0635 -0.824149 70
-40.7728 -20.6675 70
-1.31023 -11.2805 70
-0.152901 -11.0882 70
-0.778813 0.863445 70
1.33049 -10.8225 70
-1.27308 -11.1919 70
0.164699 9.1705 70
-0.675549 -10.0465 70
-0.868028 1.24756 70
1.15874 -10.4885 70
0.278923 0.966746 70
-100.101 -30.9967 70
-100.41 -30.712 70
-1.24395 10.9642 70
10.7388 -21.2021 70
11.4395 19.0488 70
0.567749 -11.3172 70
0.0105722 -8.77462 70
-0.848483 1.28047 70
-1.0773 -9.53988 70
-1.43704 -8.70768 70
-10.1914 -19.2338 70
-29.5638 -20.8487 70
-1.29095 -9.92839 70
20.7773 -8.51386 70
-19.5448 -8.59516 70
1.36862 0.575067 70
1.25177 0.609712 70
-10.4562 -20.7777 70
-20.8532 -10.5416 70
-1.20621 10.1749 70
-0.178446 -10.7712 70
1.12218 0.546841 70
10.3998 -9.9357 70
-0.231771 0.862809 70
0.612478 -0.85911 70
-11.483 9.38383 70
1.23718 11.4796 70
-10.8353 -20.6009 70
-8.95583 -18.7013 70
-1.39985 -11.1922 70
38.5735 -28.7199 70
-71.2298 -10.1829 70
0.513567 -0.736314 70
9.53011 -20.2416 70
-9.1832 0.208146 70
-1.41968 -0.5923 70
9.03596 0.874276 70
0.5097 -0.70474 70
-30.4153 -19.5959 70
-0.0764926 -1.03008 70
20.2565 8.66192 70
18.9554 -21.213 70
-9.89974 -9.60814 70
0.168906 -0.645533 70
-0.475489 -9.05482 70
-9.00446 -8.54957 70
10.4451 1.42482 70
0.538908 -1.46171 70
0.430475 -8.92764 70
0.931496 -8.52176 70
-19.6078 -19.5599 70
-0.710882 0.595835 70
-0.747271 1.41963 70
-1.22371 8.8326 70
0.745905 -1.18227 70
1.2515 0.393747 70
-0.652546 0.130672 70
20.7949 19.5626 70
-60.242 -21.0633 70
1.47521 0.816471 70
0.318299 -0.555526 70
0.991449 -10.5923 70
0.500722 -9.77005 70
-11.4301 -19.7834 70
-20.9392 8.91409 70
-21.2986 -11.0193 70
1.19267 -0.866331 70
-19.083 11.28 70
0.290534 0.173431 70
10.06 1.3645 70
28.6099 0.828408 70
-1.08763 0.447499 70
-1.03156 1.27827 70
8.71674 1.0454 70
-18.5552 40.0145 70
-0.740804 -10.8265 70
-29.8819 -0.436005 70
-0.403061 -1.02949 70
18.9214 -0.173152 70
-10.2212 -20.6623 70
-10.1749 0.383181 70
-9.00453 0.775748 70
0.278636 1.02464 70
29.3907 -40.0999 70
9.96974 -9.8814 70
0.644346 -9.32405 70
-0.359061 -9.11361 70
-8.79867 0.180226 70
9.46619 0.297595 70
9.2045 -0.329693 70
1.07266 -1.0956 70
-0.248534 1.45146 70
1.45281 -8.6045 70
9.12791 -19.1293 70
-9.34121 -9.85395 70
-1.22661 -19.857 70
-0.132695 1.05736 70
-0.898855 -8.94177 70
-39.6792 -31.4794 70
-10.1235 -21.116 70
0.983414 -8.77603 70
-0.92418 -9.78354 70
19.781 -11.4195 70
-9.00434 -10.6216 70
0.155972 0.784613 70
-19.3195 20.9902 70
-8.53249 10.4832 70
11.3875 31.3611 70
-8.58818 8.63206 70
11.1435 18.6339 70
31.2032 -9.27193 70
-0.376627 11.4998 70
-0.441921 -0.534102 70
31.1486 -29.1627 70
-19.5802 -20.5527 70
-0.0542119 1.29247 70
-0.490053 -10.7452 70
-0.93935 -0.262772 70
-0.0427819 -9.07227 70
1.15355 -9.73081 70
-9.08727 -0.620288 70
0.262686 -10.0715 70
0.744753 -21.0283 70
-10.9962 59.4028 70
11.1466 0.689314 70
10.2356 0.444556 70
8.53188 -19.451 70
-10.4075 -19.5344 70
11.3843 -40.8731 70
-10.0269 1.49336 70
50.3572 20.7986 70
-29.4883 9.48947 70
-0.27082 -1.01394 70
9.57009 -10.5847 70
10.4263 -9.42233 70
0.165227 -1.20922 70
-1.30018 -9.10303 70
-0.0173642 -10.1007 70
11.314 -19.6975 70
-80.6125 40.9076 70
-1.48133 -8.83875 70
9.06593 -0.241128 70
0.0211793 -10.7183 70
0.103609 -28.5062 70
-41.4125 -38.9559 70
1.24177 -1.20376 70
-0.522804 10.9473 70
-1.46862 -10.1086 70
18.7153 0.601379 70
-0.425758 11.011 70
-9.51848 1.31664 70
-1.23787 -11.0845 70
8.89916 -10.1085 70
8.56045 0.178508 70
9.30665 11.1511 70
-9.10841 20.7453 70
-10.6568 -10.004 70
18.7525 -9.30672 70
-18.7526 -10.119 70
-39.1088 -38.637 70
8.61917 -9.89323 70
11.1754 0.0375459 70
-1.35661 -11.1933 70
-10.0574 -0.90245 70
0.263858 -8.50151 70
-0.12997 0.089704 70
10.3722 -9.45992 70
0.113204 -9.60283 70
9.127 -9.78246 70
0.292194 -20.4848 70
90.3127 -9.27046 70
90.8228 -9.77792 70
0.915112 -0.231382 70
-10.4343 -0.200974 70
11.2692 19.7411 70
-0.744609 -8.62292 70
0.567706 -41.2676 70
-9.35546 -20.032 70
0.0872157 0.886144 70
-28.7205 -19.7414 70
0.922769 8.6828 70
-10.9772 -10.0293 70
-10.3283 -10.7822 70
20.2687 -29.8926 70
0.643993 -0.56735 70
-0.977864 1.02803 70
-0.407357 0.00318666 70
0.352348 10.2749 70
0.844589 -10.0507 70
-20.5236 10.0128 70
-9.89615 9.82636 70
1.4495 20.1264 70
-0.0714633 10.8564 70
-9.49148 -30.1589 70
-8.64358 -28.9438 70
-9.73835 -0.896981 70
-9.22792 -19.1983 70
-0.277044 -8.9951 70
0.420743 9.15377 70
0.9797 -10.6206 70
-1.36953 -10.8085 70
-0.670411 -0.0125881 70
1.37711 9.41389 70
0.45375 -0.323948 70
-0.544756 -10.5369 70
10.1535 -9.15463 70
18.9553 -29.2014 70
-0.79911 -0.936008 70
39.341 -80.3002 70
-9.58677 1.3947 70
-30.3354 30.362 70
-0.937415 -10.7976 70
-1.25437 -0.431563 70
8.88301 -40.8842 70
-1.02468 0.680572 70
40.2058 0.69312 70
-49.6079 -11.2631 70
-78.9742 100.126 70
0.975866 -21.2052 70
0.178814 -10.4163 70
-0.184394 -10.0675 70
-0.336702 9.99294 70
-10.2353 -21.2474 70
-1.3867 -9.69115 70
-20.2351 0.404317 70
-18.7044 -0.451109 70
10.847 -10.9088 70
-0.547563 -0.461773 70
-0.19362 -10.8718 70
-1.02812 -9.07319 70
0.227815 0.524789 70
-0.758591 -0.661723 70
31.422 1.23922 70
-19.5794 -9.23502 70
0.162127 -10.1151 70
-0.777415 0.181656 70
1.05281 0.164939 70
0.391198 -8.87932 70
-1.42852 -10.5811 70
-1.44932 0.91847 70
0.384703 -1.42668 70
-9.14895 -0.817637 70
-20.9389 0.100255 70
-0.1097 1.12841 70
-10.1456 1.21734 70
60.7246 21.1456 70
-0.949683 -8.75161 70
-10.9676 -9.90152 70
0.145013 -0.446728 70
1.03986 -21.1503 70
-9.47129 10.9001 70
-0.176977 -11.3468 70
9.37364 -0.297037 70
1.29711 -9.14259 70
-0.724806 9.7422 70
-18.6388 -10.9399 70
11.0045 -0.0251282 70
-8.69882 -9.21117 70
-0.584986 0.64859 70
-10.087 -9.09157 70
-0.624937 -1.08111 70
-8.59275 -10.1973 70
1.19839 -9.77005 70
-0.170809 -0.471608 70
-29.3243 -0.933081 70
10.2169 1.23034 70
9.2712 9.25934 70
0.565403 0.849795 70
49.0717 -99.6835 70
20.0158 -0.320081 70
19.0439 10.4677 70
-0.2301 -0.0127659 70
10.7856 -10.8528 70
-1.21673 -9.44702 70
-1.49744 -9.85676 70
8.64155 -1.08124 70
-0.853681 -21.4849 70
-0.206495 -20.7571 70
0.967019 -0.268009 70
-21.1796 40.5707 70
0.933862 -11.1405 70
20.4573 -9.52802 70
11.278 1.08562 70
28.9516 10.9842 70
-11.2904 0.711356 70
-0.363639 0.290975 70
-0.6765 9.34482 70
-0.78398 -0.0550818 70
0.401517 8.50766 70
20.324 -19.3527 70
-0.0778888 0.619604 70
-8.5238 8.52727 70
-50.4296 -29.3404 70
-18.5433 -20.0141 70
0.475765 -0.793525 70
-0.604241 1.29138 70
-20.0943 -9.36338 70
10.07 -9.35647 70
-18.6994 1.42714 70
1.164 -11.1802 70
19.1897 -1.30515 70
-30.729 9.20496 70
9.34591 0.724442 70
-8.88369 -0.35977 70
-9.82223 -0.391577 70
-1.05505 -0.228887 70
-0.364473 -1.27456 70
-1.23046 1.28092 70
-0.252779 -11.2261 70
0.813877 -21.3236 70
-0.581436 -9.95992 70
1.24548 0.541007 70
9.37728 -10.8 70
0.988592 -10.8395 70
-40.9398 -28.7086 70
-10.0159 1.29679 70
-9.57171 0.193671 70
10.0898 -0.254541 70
-0.503749 -10.712 70
-0.744251 0.510023 70
-0.494862 -0.152741 70
-0.748449 -8.77543 70
-0.522039 -9.90538 70
-0.378645 -0.131014 70
0.816732 -0.660802 70
-0.232017 -1.02875 70
-0.352565 -11.1469 70
-30.3818 18.6716 70
1.40828 0.941813 70
-11.3631 -19.4923 70
-9.47702 -18.9124 70
-10.8453 -0.150973 70
-0.799487 0.5039 70
-20.9344 11.095 70
0.240967 -11.4401 70
-9.58703 1.41051 70
30.7702 19.7622 70
8.71668 1.33785 70
19.0914 -38.6516 70
9.194 18.6353 70
-0.605723 -9.44396 70
10.8533 -0.809144 70
-11.1486 -0.738159 70
-0.688241 0.683417 70
-10.4536 0.157189 70
-1.1706 -1.01657 70
-1.08778 -10.0739 70
-0.344545 -0.442808 70
-1.12942 -9.68108 70
-11.477 -11.3138 70
1.34837 -11.176 70
0.132496 -11.3377 70
-10.5969 -9.42106 70
0.104601 -10.9976 70
-9.2327 -0.560368 70
10.7263 -0.0137949 70
0.390476 -10.4884 70
-9.2656 -10.5954 70
-10.4165 8.75014 70
0.915485 -9.79383 70
1.14483 -1.48608 70
0.211194 10.7134 70
-0.914822 1.2384 70
0.795803 -20.2329 70
-19.1574 29.144 70
-31.3122 -1.30739 70
0.641051 0.528064 70
0.207882 -0.79996 70
-0.207412 -0.485445 70
9.84073 -9.94677 70
0.997539 -8.92613 70
-1.08471 -9.06882 70
-19.3226 -9.84247 70
-0.0307773 11.4195 70
-0.965593 -11.3748 70
10.6701 -0.0341427 70
-20.6805 -30.3896 70
-1.3402 10.7114 70
11.1744 -0.138851 70
8.66267 -10.309 70
-9.77163 -1.26796 70
-0.224014 -0.220679 70
-30.8116 9.44898 70
-11.3339 -0.705234 70
0.190766 1.22085 70
0.267906 -1.30642 70
18.6637 -10.0766 70
10.8752 -8.56323 70
29.7173 -30.4052 70
-0.14037 0.965603 70
0.0897926 9.57688 70
9.55781 -0.120972 70
9.91154 71.2737 70
1.11995 -1.03608 70
19.3104 -19.3461 70
-0.609792 -21.3879 70
29.5946 -49.0699 70
1.34333 -19.2515 70
11.0103 1.11391 70
11.0358 -8.86766 70
-9.17893 -19.6729 70
-9.24057 -50.6401 70
1.25443 -0.180346 70
-1.00232 29.1249 70
0.608992 -0.992011 70
-0.958852 1.24914 70
-0.494913 -10.5151 70
-1.23349 -9.66628 70
-9.59402 -9.74643 70
-0.437068 -8.89585 70
-19.123 19.0763 70
1.18541 -9.91286 70
0.158153 9.97544 70
-10.4618 1.24633 70
0.838215 10.3642 70
-1.23425 -10.4418 70
-0.553521 -0.361904 70
0.105952 -0.893783 70
-0.541801 10.5388 70
-0.171396 0.696476 70
-1.15366 -0.725896 70
10.7139 -28.9872 70
19.9 -10.7958 70
1.00521 -9.53965 70
-0.528854 -0.470286 70
19.4083 0.245685 70
11.282 -10.7892 70
1.06128 1.49142 70
8.88351 -9.35156 70
9.78149 0.0724057 70
0.231018 -9.54942 70
0.408002 -0.462293 70
-10.9553 0.438169 70
-1.06618 29.8337 70
-0.821331 -8.98451 70
10.5029 -10.8945 70
1.48341 1.37987 70
0.47417 -10.9792 70
0.278491 -9.5864 70
40.7414 -19.2661 70
-9.25031 -30.1928 70
9.74283 -10.9928 70
-1.25455 -18.8952 70
1.34206 -0.822237 70
0.299752 -1.4212 70
-0.217157 -10.9373 70
10.8558 -1.45983 70
9.48111 1.39725 70
-90.1705 49.0119 70
0.462961 -8.70104 70
-10.6119 -0.214859 70
0.810266 -39.5309 70
-8.64567 -20.2314 70
-19.1821 18.7367 70
-9.88448 -0.428353 70
0.0174025 -8.96476 70
-0.313218 19.5109 70
0.577805 -0.728849 70
18.8285 20.4453 70
-1.25072 11.233 70
9.86983 20.138 70
-30.1777 -8.92724 70
0.156637 -0.408875 70
-60.514 60.7117 70
-10.6138 0.410485 70
-30.6162 -11.1116 70
-29.9504 -11.077 70
10.6071 -9.80616 70
10.0865 -30.7451 70
-10.5497 -10.4552 70
-38.5398 0.0665702 70
0.296145 -8.77873 70
91.0488 40.5067 70
8.83269 -9.34126 70
20.5604 19.2161 70
31.2037 -28.6657 70
9.41907 -10.2725 70
0.141768 -0.826533 70
-0.892761 1.22768 70
11.3289 -8.69232 70
-1.33507 -0.712275 70
0.131477 -9.00843 70
0.216094 0.438809 70
-10.5245 1.28873 70
30.6749 -11.4424 70
70.0546 -20.8917 70
0.69063 -19.7839 70
-0.594172 1.23488 70
1.07748 -9.94883 70
-10.5797 1.1658 70
-38.9596 18.9914 70
-0.954361 1.31063 70
28.7237 -10.6565 70
-1.41667 1.39942 70
-1.1459 9.27567 70
1.16176 1.11422 70
19.1228 -9.74432 70
69.1199 0.463572 70
11.1738 -39.446 70
-0.397175 -8.6333 70
30.9188 8.50168 70
8.54602 0.654052 70
-10.19 -9.26237 70
-0.172313 60.5438 70
-19.1872 40.2185 70
-31.2298 -28.8581 70
-10.8313 -10.9113 70
0.0687136 -9.25557 70
-0.789652 -10.8873 70
-19.353 -40.1005 70
10.4897 9.48573 70
30.7249 -40.8576 70
-1.37788 -20.3612 70
0.935162 -1.46631 70
9.4916 30.1277 70
1.21787 -21.4865 70
1.06497 -0.523611 70
-8.53278 -11.0811 70
-0.807183 -11.0981 70
-21.4547 -0.990036 70
0.785534 -1.0047 70
-0.294029 0.155357 70
-0.189859 -10.1009 70
-19.3299 -1.47802 70
-0.520214 -10.911 70
1.17687 -0.649433 70
-18.5994 -29.291 70
-0.541732 -0.386993 70
-8.71302 -0.733645 70
-0.630461 -0.205951 70
-10.7405 11.2901 70
-1.18849 1.37503 70
-89.4246 -60.4332 70
21.391 19.5103 70
-1.0062 -9.57283 70
-18.9965 21.3451 70
1.35991 -11.3565 70
1.22183 -19.2636 70
-29.462 -10.4598 70
-0.51517 -0.011286 70
-1.32991 -0.472749 70
0.742889 -1.32285 70
0.624876 -10.096 70
-0.591958 -9.90753 70
19.0063 41.4192 70
-0.913275 0.250243 70
19.3879 -19.3741 70
-1.28257 1.40253 70
-10.6073 -28.9839 70
39.7551 11.494 70
28.8974 9.05344 70
0.10747 0.430777 70
-0.456094 0.344892 70
-10.909 -30.5704 70
0.71973 -10.8329 70
-0.654812 -8.57371 70
1.33977 -0.373356 70
-10.9378 -1.40048 70
-0.580353 0.232886 70
1.15562 -0.449753 70
-9.43705 -1.31118 70
-31.2671 10.5347 70
8.72128 -11.4183 70
1.17981 0.177489 70
-0.804115 1.01743 70
-9.41925 -10.2847 70
0.949029 0.355321 70
-9.26744 -1.45163 70
0.618144 1.01848 70
0.780361 -1.08276 70
0.931043 -9.7953 70
0.877574 -11.2008 70
0.421006 -8.97494 70
11.1088 8.95973 70
-0.264391 -10.4277 70
0.205572 10.3423 70
19.5888 -1.19665 70
0.839854 0.643158 70
0.660737 1.05322 70
-0.278415 -1.49769 70
-0.133735 0.876789 70
-0.348509 0.0800932 70
-10.6986 -10.7359 70
-10.4783 -9.98596 70
1.21641 -10.6506 70
-0.137637 0.196318 70
0.148298 -0.953775 70
-0.733801 -9.3981 70
10.6619 -20.711 70
-29.6765 19.7291 70
-1.23048 -10.3772 70
-0.864225 -9.8165 70
0.895896 -0.8451 70
-0.131001 -8.53674 70
-8.52728 8.9014 70
1.17252 -0.0853528 70
-1.00179 20.6132 70
9.8932 -11.1494 70
11.1759 -10.4863 70
1.45192 -9.54016 70
8.71002 -0.224371 70
9.71435 -48.7337 70
