11.1644 -9.32089 70
-10.7745 20.2825 70
-20.2569 -30.3666 70
9.05805 20.3054 70
8.75411 20.7856 70
-9.37199 39.6996 70
-20.7156 -9.23411 70
19.7131 1.17696 70
-1.23192 0.675279 70
-11.2331 0.46144 70
-9.74646 1.07083 70
0.325141 10.7258 70
-9.45462 9.2219 70
-8.66426 31.3078 70
-0.976372 1.23773 70
-0.810853 9.69895 70
-10.4323 0.329988 70
-9.17912 10.0101 70
-0.115419 -0.154589 70
-10.5624 -1.14329 70
-0.285438 -0.786259 70
-0.160295 0.934985 70
-0.268033 -0.774891 70
0.442454 10.6111 70
-11.3413 -1.4578 70
40.4647 -1.01737 70
-11.1117 -0.878884 70
0.445868 31.2214 70
-11.3577 8.55244 70
-8.65472 1.18065 70
-30.7868 -19.7813 70
0.870533 10.0938 70
-9.57775 1.03786 70
-60.7814 70.7356 70
-0.181632 8.69175 70
9.76645 31.0211 70
-0.293732 0.266584 70
20.1069 -19.9205 70
11.1306 18.5221 70
10.5146 19.0646 70
-0.23431 -1.32116 70
-8.68739 0.721569 70
-9.09523 -1.08143 70
-19.8318 -19.2492 70
21.1504 1.41058 70
-0.212615 -1.2514 70
-9.50994 8.9006 70
-0.0991135 -0.909646 70
-0.302477 0.192001 70
-10.8596 0.772651 70
-30.276 21.2017 70
-9.01057 -9.92834 70
-11.1552 9.04911 70
-1.37238 -1.21785 70
-9.56585 29.5964 70
1.25863 9.69114 70
-29.7257 19.4842 70
-9.29458 10.3992 70
-0.0378528 0.0343412 70
-0.669502 1.24684 70
-10.3857 1.26804 70
-1.18298 -1.08408 70
-1.07156 -9.74037 70
-9.79186 0.252895 70
-10.5958 11.2691 70
0.0563653 9.0083 70
0.522599 10.9426 70
-8.52758 0.233493 70
-0.348519 -0.760271 70
0.675983 1.39838 70
9.66705 -0.51815 70
0.217486 -9.15089 70
-0.0945963 -9.46626 70
-8.68919 11.0059 70
-9.55044 10.291 70
-20.4529 19.2038 70
-41.4714 11.0654 70
-10.9654 0.500871 70
-9.64391 0.627028 70
8.89507 -0.0530604 70
-0.062403 -0.228517 70
-1.0991 -1.05014 70
-0.413375 1.24149 70
10.5736 -20.9894 70
-0.0732457 20.2576 70
-0.981413 20.7476 70
0.461632 8.79511 70
1.19327 0.286824 70
9.63228 9.79735 70
-0.723358 10.7081 70
0.960838 8.57968 70
-1.22405 1.33155 70
-11.4528 -0.986845 70
-20.3771 10.2562 70
-30.8269 -0.497839 70
-1.3926 -8.84482 70
-8.98007 0.413131 70
31.0492 -29.4386 70
-11.0358 -10.836 70
-18.5046 -78.7226 70
-19.4913 -80.1841 70
-10.696 0.619831 70
9.34337 -8.54974 70
-29.3591 -10.6143 70
-11.3193 10.9188 70
-70.5259 -30.3743 70
0.264905 8.65673 70
-1.15957 9.28351 70
9.05332 -0.944635 70
10.9082 9.19006 70
0.977376 11.0987 70
21.0159 11.2892 70
21.0688 51.2347 70
-19.5733 -20.5698 70
1.19063 -1.29808 70
1.05305 19.7194 70
-29.4837 0.259964 70
0.190214 9.57934 70
-11.2683 0.887083 70
-29.3707 9.87522 70
10.7195 20.2943 70
-21.2503 18.5035 70
-9.67116 -0.364775 70
-1.41021 1.22848 70
-18.8884 8.61091 70
-9.2496 21.3901 70
-20.6625 -20.6006 70
-40.6625 49.5586 70
-8.72149 -1.26841 70
-29.679 -11.0565 70
0.306604 9.80377 70
-0.898164 -0.533051 70
8.59955 -10.0573 70
0.107314 -0.750425 70
-10.8136 -0.503852 70
-8.75383 11.0182 70
10.3485 8.57394 70
-10.1171 10.9764 70
18.5864 19.706 70
29.6685 -30.3329 70
10.9766 -20.1545 70
-9.12929 1.13901 70
50.9118 -80.9319 70
1.48951 -0.745035 70
-10.4836 -0.469589 70
0.552791 1.44311 70
-0.570686 0.870178 70
-69.3659 -69.1808 70
-0.165842 -40.1356 70
-10.8407 -0.504402 70
-1.19302 10.7152 70
-9.4491 8.82178 70
-19.4303 40.8407 70
0.328047 -1.37055 70
-11.1052 -0.200254 70
11.3355 9.60685 70
-1.1215 1.41781 70
-19.551 10.2453 70
31.3717 -0.721649 70
-110.877 29.205 70
0.738801 1.0503 70
-9.98732 -0.882289 70
10.2612 11.4653 70
-18.6067 0.0334777 70
-10.3424 0.211374 70
11.3669 -8.82591 70
8.97873 -11.1543 70
-9.65359 1.08815 70
9.28707 -0.0908061 70
-28.8037 -50.9864 70
-40.3637 51.4904 70
-9.8569 9.50669 70
-0.713453 -1.23688 70
-11.2078 -0.694523 70
-11.4347 -0.307709 70
-9.17452 -0.470605 70
-10.9569 -0.855429 70
-20.6074 39.8186 70
-8.89814 8.58906 70
-8.51695 0.415262 70
0.777133 8.53965 70
0.252939 -21.1413 70
0.606861 9.95651 70
21.0567 -9.17434 70
-1.15991 -0.108962 70
1.43999 10.2179 70
-9.98192 1.02571 70
9.89623 -10.8141 70
1.20968 10.2142 70
1.29244 -11.0233 70
20.9102 19.7488 70
-8.58049 9.2647 70
-30.3899 8.54011 70
-0.643372 -0.769872 70
-29.4283 1.03641 70
-11.3001 20.8382 70
11.4456 -0.651528 70
11.4596 -71.0064 70
-0.390545 -0.626597 70
-0.724187 1.33719 70
-29.0933 29.2047 70
0.455816 -0.981362 70
-1.45627 -20.616 70
-0.0212185 0.435669 70
-19.153 9.49098 70
1.0395 20.338 70
0.655087 9.16533 70
-1.45713 1.30402 70
-9.58715 0.147388 70
11.3903 10.8393 70
0.130694 1.24773 70
-38.8062 -61.3663 70
-10.9872 90.223 70
-9.58309 9.45661 70
-10.6473 1.12904 70
21.098 9.11502 70
0.257488 -0.025115 70
-10.4119 0.50449 70
9.1579 -10.6273 70
-8.94264 -11.4993 70
-9.33681 9.22236 70
11.4001 11.1018 70
9.58594 9.94383 70
-19.1599 -1.03719 70
0.847352 -0.322737 70
1.30569 -0.0878675 70
40.8387 89.1989 70
-1.2923 0.20723 70
-19.6926 -10.4634 70
-10.5875 -0.481999 70
-10.1081 -0.101325 70
0.343329 -0.206198 70
1.33691 -0.0303279 70
1.15538 0.956219 70
8.56705 0.935122 70
-9.66865 10.9574 70
-9.05032 -0.129745 70
9.09291 1.10268 70
-9.96796 -0.0741222 70
-21.468 -28.8518 70
-11.2625 29.9441 70
-20.4676 10.3788 70
9.72344 -0.243046 70
-31.0547 -9.16309 70
0.709767 -1.27149 70
0.65776 -0.321984 70
-10.0459 -11.0189 70
-11.2542 0.740612 70
-9.95492 10.0312 70
-19.8775 1.22426 70
-9.85853 9.76463 70
-89.7142 -30.3635 70
-9.37657 -10.9746 70
-19.1152 -10.8105 70
-8.76212 10.4871 70
-30.2334 -20.8468 70
-1.19444 0.48595 70
-10.7968 10.8705 70
0.895045 -1.15182 70
-1.31041 -1.46644 70
-19.9428 0.127033 70
9.23306 10.5058 70
11.1609 -0.989113 70
11.2284 -0.0474273 70
-10.4065 -0.593559 70
-0.178536 9.8586 70
-10.4551 1.17315 70
11.0938 41.0735 70
9.15582 8.52192 70
-9.94767 -1.04093 70
-100.072 68.7626 70
-11.0585 19.5431 70
-10.8202 21.0617 70
-0.395387 0.0101112 70
1.28925 1.32294 70
-9.02414 -38.7738 70
9.40918 1.41311 70
48.6475 -60.6978 70
-11.2655 38.6675 70
-11.3953 -11.2679 70
-11.2189 10.0147 70
-8.71952 -0.76254 70
-1.38387 -0.668235 70
-1.19189 -0.080714 70
1.2492 1.44125 70
-9.20532 -1.00161 70
-1.30436 0.104971 70
-11.2792 -0.766766 70
9.6506 29.0606 70
-0.320459 0.466548 70
-1.48979 1.401 70
9.21311 0.0398712 70
0.75303 -0.489899 70
9.34231 -8.84487 70
9.25619 9.24616 70
-0.856382 -9.13881 70
-0.309684 -10.3867 70
-18.7324 8.75408 70
-9.26213 0.416469 70
-9.84442 -0.95623 70
29.7446 18.6426 70
-28.6711 -31.0081 70
-0.665235 10.0752 70
-1.19092 10.1665 70
0.397411 1.45771 70
-18.8014 10.0701 70
-19.9435 19.9055 70
-11.0462 -0.434625 70
-18.6997 19.719 70
-9.15024 -9.87305 70
-11.4671 -8.78189 70
-1.11948 -1.18001 70
-9.56443 -0.901971 70
-10.6445 10.432 70
11.4537 40.965 70
11.4473 41.1872 70
18.9575 0.796456 70
-98.91 -9.58816 70
-0.564676 1.12265 70
-10.1556 19.3999 70
-0.29753 -9.05504 70
-8.82948 19.554 70
-11.2675 -0.847937 70
-9.40543 -0.717288 70
-9.53396 1.13201 70
0.866711 10.0261 70
-0.512166 1.36273 70
0.0526864 0.72492 70
71.4115 11.3808 70
-19.4397 -8.81988 70
18.9427 -0.124161 70
9.41199 10.7691 70
-1.01337 -0.836507 70
0.875328 0.663914 70
-8.85802 0.304687 70
-8.95899 11.0935 70
1.04445 -30.5592 70
-0.117509 10.0949 70
-9.41522 18.7499 70
-20.2043 10.6755 70
0.667491 -9.68094 70
31.0215 -28.6404 70
-9.71033 8.83079 70
-11.4412 1.29595 70
-19.5363 -1.31435 70
10.6828 -8.61185 70
-18.9804 -9.11406 70
10.1429 19.5605 70
-1.39616 0.782481 70
0.441805 10.7705 70
-11.0941 -10.6882 70
-9.92665 0.388004 70
10.0818 -20.2453 70
1.0436 -0.210767 70
0.468394 0.492284 70
-1.11688 -31.3458 70
-18.7014 9.09459 70
-40.5523 21.3644 70
9.62308 21.4303 70
-21.4395 -8.64567 70
0.14228 11.303 70
-0.77721 0.582172 70
-10.245 10.6742 70
-9.68382 8.55012 70
-10.0483 11.0238 70
10.5027 20.992 70
-1.47692 -0.657035 70
20.9902 30.9623 70
-0.775157 -0.141893 70
-20.4379 9.32111 70
-0.751075 9.56793 70
1.08115 29.0599 70
1.12702 20.3969 70
-0.730041 10.837 70
18.9315 -9.38622 70
9.27509 -10.1942 70
-30.1893 19.4907 70
-1.32073 9.12922 70
11.1924 8.62892 70
0.482172 0.181319 70
0.64569 -1.29107 70
-9.15783 -1.11632 70
-8.55714 1.02485 70
-0.107497 -0.785781 70
-20.7695 30.5677 70
0.0226623 0.557806 70
-11.3145 9.35758 70
0.815182 10.0345 70
0.223568 9.42231 70
9.71472 -11.07 70
0.464433 0.704565 70
1.27961 8.79514 70
-119.384 80.0554 70
-10.7756 -29.5105 70
-0.378977 0.882531 70
20.2887 -11.0921 70
-10.1759 11.4953 70
-10.4164 8.56455 70
20.577 1.47957 70
-9.61959 0.620581 70
-0.597067 0.489147 70
20.6781 29.6231 70
1.09348 1.28231 70
-1.2543 -0.370878 70
1.09773 1.36143 70
0.391279 -0.787761 70
-1.1691 1.14443 70
-11.4581 -9.9147 70
-19.931 -9.55947 70
-50.464 -20.6207 70
11.2173 -0.581228 70
40.1181 -0.0880889 70
1.15612 -9.59804 70
-10.2787 -1.33774 70
-1.3898 1.24316 70
-19.5675 -60.8862 70
-0.982706 -0.525333 70
0.621918 -0.886754 70
1.01663 1.07085 70
-11.406 9.08495 70
-0.513777 11.3695 70
-20.1508 9.47853 70
0.0956158 20.6579 70
19.9353 18.8648 70
9.30845 8.77562 70
-0.681446 9.27523 70
-9.86133 -11.0379 70
-1.41862 -41.1799 70
40.7476 68.7621 70
-20.2616 29.1734 70
-9.42489 -1.00086 70
-10.74 -0.245628 70
0.742802 0.71556 70
0.485628 9.22679 70
-10.922 8.62314 70
0.459975 -11.3111 70
0.273583 1.09429 70
-0.956448 0.285945 70
0.795044 -0.768388 70
-11.0645 -1.02667 70
0.772846 0.373919 70
1.45932 -1.32516 70
-29.6212 -19.3145 70
10.8976 -11.2253 70
11.3599 28.5298 70
-1.11635 -8.94161 70
-0.800364 -0.263228 70
10.1217 9.29107 70
10.9925 -31.4933 70
0.14735 -1.392 70
-0.728915 11.4663 70
-10.7206 -1.16008 70
1.32565 9.84358 70
-10.103 -10.7487 70
30.9236 18.961 70
-0.200872 1.12677 70
-0.0748448 9.60881 70
-11.2996 10.4117 70
0.13917 -0.918737 70
9.69863 10.2729 70
-0.677838 0.346101 70
-19.7737 18.9535 70
-9.41964 -8.50573 70
-1.06071 -10.5519 70
-10.1428 19.1263 70
-1.08338 11.3219 70
1.31273 -9.96372 70
109.619 -9.60558 70
-0.854593 0.313715 70
-30.6877 8.53753 70
0.802352 20.4563 70
-0.435767 0.753957 70
9.83377 -9.17085 70
-10.4186 1.28361 70
-8.86578 0.229066 70
38.5453 1.15071 70
-11.3913 -0.376423 70
-19.5868 9.13077 70
-11.4683 -0.968494 70
-9.07716 -20.5141 70
19.2848 -8.84334 70
-9.23954 -8.84567 70
10.4816 -8.67736 70
-10.3193 10.266 70
-9.17132 8.93971 70
-0.0747257 -60.0084 70
10.0567 1.0156 70
-10.0698 -0.337765 70
0.409146 -0.233389 70
0.615484 10.7641 70
-9.91263 -0.195188 70
-1.20319 10.2157 70
-0.866393 20.4359 70
1.45875 -10.4705 70
-30.4947 -21.2757 70
9.91497 9.80453 70
-11.3977 -10.4964 70
-0.207994 -1.18732 70
10.5983 11.4122 70
-1.02354 -0.446643 70
-19.7936 11.4415 70
-20.7026 79.4149 70
-10.6976 -0.622857 70
-10.7397 -59.874 70
-9.376 -60.2534 70
-19.4623 9.36421 70
-19.9762 -9.71668 70
-10.5735 0.351117 70
0.583366 -9.89949 70
0.490883 -1.13889 70
0.204162 -0.401605 70
-38.9817 -19.4332 70
0.319059 -1.02639 70
-99.7759 -9.87285 70
11.4131 11.3258 70
-0.579921 -0.341446 70
0.838805 -1.32001 70
-9.65 -10.8233 70
-8.70185 1.18976 70
-18.826 0.0429714 70
-19.4821 0.462894 70
-0.597292 0.847144 70
-0.239839 -0.534298 70
9.11156 -0.844275 70
29.5687 -31.0021 70
-10.5884 -20.9735 70
-11.4254 -20.545 70
-10.5689 10.2794 70
-0.988259 -0.369946 70
-29.9571 8.95829 70
-0.35787 10.4537 70
-1.07543 -0.0508612 70
-29.1498 21.0615 70
9.28353 -0.0220663 70
8.87482 0.199895 70
31.142 -10.5594 70
-9.9399 -8.54609 70
0.0498066 -0.47519 70
-1.13802 -0.42625 70
-10.5812 10.0623 70
-11.4184 10.3743 70
-0.272589 19.7916 70
-11.4025 9.03874 70
-9.54228 -0.200608 70
-0.602445 -0.246867 70
9.87828 -40.5479 70
8.52067 9.69788 70
-0.64022 -9.75498 70
-19.7665 9.68176 70
1.01971 -0.505207 70
-0.978523 19.8102 70
-0.858711 10.9826 70
-11.0234 -1.3973 70
-60.8617 90.9378 70
0.0474442 -0.908161 70
-9.32125 9.77989 70
-0.947757 0.34062 70
0.00423105 -0.0688708 70
1.16767 8.72349 70
-1.08927 9.47554 70
8.61576 -10.1767 70
-38.6172 68.5803 70
19.0238 20.4539 70
8.58206 1.03442 70
0.77784 10.9285 70
-0.394654 0.110072 70
-9.26192 10.1348 70
-11.2069 8.70082 70
-9.06731 -1.3088 70
-10.4065 50.347 70
-10.5316 -0.512816 70
-10.2893 -1.2091 70
1.08802 9.87723 70
-0.699088 10.0885 70
-11.2803 -9.01213 70
20.8621 -21.1759 70
-9.55189 1.38478 70
-10.7616 20.0236 70
19.3836 10.6368 70
-11.2992 8.9494 70
-0.122607 1.22547 70
-9.82488 0.49138 70
-9.27038 0.316504 70
-10.5837 1.14944 70
-9.96231 0.280761 70
0.996371 -0.0828995 70
9.41375 -9.07599 70
9.8387 -10.7582 70
-20.9699 10.1505 70
11.3085 59.636 70
60.3247 21.0463 70
-9.68932 -0.91741 70
-21.0176 -1.03616 70
-1.38341 8.72867 70
1.08346 -0.790004 70
-9.16615 -29.1402 70
-11.4538 8.53451 70
-0.783703 0.74097 70
-8.98855 -0.998265 70
21.4045 1.04611 70
-39.4073 9.82765 70
10.1851 20.4231 70
10.8603 20.0756 70
-9.74992 -9.68735 70
-11.4332 -9.5143 70
0.519363 20.8241 70
0.68928 -1.43974 70
0.790431 0.718383 70
10.1657 -1.15607 70
9.29906 1.09656 70
-1.00434 -10.7201 70
30.6189 -49.434 70
8.60086 -49.5899 70
-1.13998 10.908 70
-9.11789 10.2533 70
1.10281 -28.8701 70
-1.20465 8.74211 70
-9.9579 -1.23175 70
1.04315 1.03053 70
29.8742 -50.1903 70
-0.0105767 -10.7954 70
0.855368 -10.4121 70
-19.1965 9.09417 70
-20.76 -0.969944 70
0.530234 -18.6939 70
28.9524 10.4899 70
-8.88704 9.41462 70
-8.91121 8.64124 70
-10.3846 9.93026 70
-8.7368 10.5637 70
-20.2314 -0.00119831 70
-0.726077 -0.690338 70
-10.9155 30.7688 70
-1.33086 0.410443 70
-9.03774 1.34329 70
0.635718 -0.930785 70
-20.7611 -0.593791 70
-9.08639 -71.3089 70
0.0531872 0.563742 70
-10.6783 29.4084 70
-20.1147 -10.7441 70
0.685525 -1.30723 70
-21.2557 1.22886 70
40.6077 -31.2109 70
-10.9723 0.822074 70
-10.4712 19.7887 70
-30.5116 -11.0103 70
-10.1853 0.175737 70
-0.0955594 19.9923 70
-9.88442 11.0322 70
10.6989 -1.35383 70
-38.9816 -31.1308 70
-11.3382 11.0729 70
20.356 -29.7549 70
-51.4937 -0.298936 70
0.76495 0.405888 70
60.3675 88.9285 70
60.2968 91.084 70
-40.2346 -21.0433 70
0.241032 -1.01142 70
-10.1517 0.693843 70
-20.4339 1.45541 70
1.16794 -0.0837541 70
-1.34354 8.95016 70
