-9.9954 -29.9795 70
-31.4304 18.7331 70
0.112315 -1.40895 70
0.986292 -0.543634 70
0.267453 0.269167 70
-11.4222 -8.58618 70
10.7604 0.728783 70
-70.4689 -49.8062 70
-18.8669 -40.3184 70
0.553766 -1.37403 70
-0.901866 -1.3914 70
-8.85235 0.969033 70
0.181769 -20.5778 70
38.8757 -0.620921 70
-10.8941 -9.4736 70
1.2583 0.980048 70
1.08774 0.486066 70
-0.218363 20.6179 70
-19.3445 -9.32403 70
11.1789 -1.15176 70
0.845793 -0.866115 70
-10.2323 -10.6326 70
0.318068 -1.38319 70
-8.69667 -10.0428 70
-21.1001 -8.67004 70
-9.2398 0.734281 70
-0.205205 0.185354 70
1.36592 0.762697 70
10.0102 30.9036 70
-8.68205 19.462 70
-9.63783 11.0675 70
-0.319358 0.431464 70
20.4093 21.113 70
-10.5762 -0.988862 70
-11.4517 -10.2502 70
-1.16811 -10.3401 70
-9.58432 -10.103 70
1.08985 10.9458 70
-0.655606 1.33252 70
-8.71701 -10.3915 70
-49.6213 8.85832 70
-29.7065 -41.4383 70
-29.5036 -39.8844 70
0.320919 -0.470983 70
-30.2369 -9.56345 70
-0.830431 9.74987 70
-41.0583 -41.258 70
-9.01215 0.560346 70
-28.8518 -19.6971 70
-9.14112 -0.821051 70
-10.444 0.34114 70
-10.8807 1.21813 70
61.4693 -20.763 70
11.013 0.965253 70
1.38717 -8.87199 70
-0.180652 9.49702 70
-9.53516 0.111497 70
-0.0762314 1.29253 70
0.682334 1.34926 70
-0.911134 -1.29821 70
100.357 28.789 70
99.4677 31.1312 70
1.16895 -0.901419 70
0.17896 -10.3576 70
0.626134 -0.0720492 70
-0.613605 -1.21649 70
0.0218288 -0.0834951 70
-11.0704 -10.0706 70
-10.5252 -11.084 70
-20.4335 20.3204 70
-9.17519 -10.0623 70
-29.7073 40.3962 70
-10.3745 10.9922 70
-8.74057 -10.4523 70
-0.640498 19.8207 70
0.404945 -11.2362 70
-9.15202 9.5821 70
-61.3974 1.02708 70
-10.4707 -10.9874 70
-9.37033 18.7158 70
-31.3221 -48.5224 70
-10.3506 -0.0739502 70
10.5012 -9.74781 70
19.0689 20.5479 70
8.64619 -19.5308 70
-1.25792 -11.3627 70
-0.913941 -20.2492 70
0.493559 11.2401 70
-1.36767 8.50393 70
-20.9889 -10.9558 70
-9.93971 8.75677 70
1.04689 -8.8995 70
-9.69803 9.54457 70
-9.35279 -0.332511 70
-31.4192 -31.0436 70
-31.3637 -29.2702 70
-9.79078 8.83766 70
-9.20532 0.141634 70
-0.748709 -0.0788597 70
10.734 0.838687 70
-30.715 9.24195 70
-9.19045 21.1395 70
-8.98437 -20.4713 70
-0.0717285 -0.901095 70
-1.12208 10.1213 70
8.82752 -20.4103 70
10.4794 -28.7044 70
-21.0051 -9.81278 70
28.9164 28.8389 70
0.402699 -10.3809 70
0.381267 0.572307 70
-8.89747 -9.44483 70
0.705618 -30.3187 70
-11.3847 -1.13173 70
-10.2259 -20.3219 70
1.21454 11.4946 70
11.484 10.7632 70
-10.7548 -1.21118 70
0.819647 0.177708 70
-9.00856 -0.937799 70
-0.832962 -1.38963 70
-10.8347 19.0446 70
10.0747 -10.1262 70
-0.142916 -9.31686 70
1.25984 -10.0267 70
-1.3489 -11.4451 70
-10.3214 0.0183328 70
-49.2348 -30.5754 70
9.31775 -1.32232 70
-1.34368 -0.103372 70
1.2159 0.829612 70
-20.1672 -18.8056 70
9.87562 -39.7399 70
-0.1104 0.616389 70
-10.9014 -0.804642 70
-1.27702 0.876345 70
-0.71279 0.81916 70
-1.19001 -9.63419 70
18.7281 8.70803 70
-9.7909 -10.7217 70
-1.0201 -1.16559 70
-0.483787 -11.244 70
-10.8481 -9.20406 70
-0.935345 -9.185 70
0.176274 -0.0503111 70
41.3751 58.5629 70
-10.306 0.690136 70
-9.7937 -0.318444 70
-10.1614 -0.160353 70
-0.414795 -1.41802 70
78.8372 -110.179 70
0.852621 -9.65545 70
0.528467 -11.1609 70
-8.91885 -18.6281 70
10.9006 29.8712 70
1.37964 0.454285 70
0.725049 -11.0075 70
8.65961 -0.369168 70
0.000813144 -8.96358 70
9.1488 9.93366 70
-10.1172 -0.503912 70
-0.11795 0.582804 70
-1.45633 0.439481 70
-80.1644 -28.6059 70
-10.8757 -10.1592 70
-8.5129 -10.6325 70
1.21975 -10.3889 70
-10.3741 9.28067 70
-29.3337 -8.68123 70
-49.5837 -19.9565 70
-0.546905 -0.655968 70
9.02222 -8.76471 70
-30.4734 -0.780964 70
-9.78017 -19.963 70
-0.407522 0.941505 70
-11.2335 -0.647379 70
0.0460066 -30.7698 70
-8.95104 -11.1685 70
-10.0121 -10.4323 70
-0.484322 -1.11908 70
1.07009 -10.5764 70
0.0619214 0.943963 70
-10.965 1.21476 70
-10.2227 -9.61418 70
0.707029 -10.815 70
-11.1576 -9.85437 70
-9.27651 1.41852 70
-1.15667 -18.5381 70
19.1077 1.05278 70
0.305879 -21.2872 70
0.288737 -19.5208 70
-1.1871 -20.3701 70
-0.129974 -0.71263 70
-1.16585 1.45071 70
-0.732534 -1.37353 70
-1.40759 -19.6435 70
-11.443 -9.91212 70
-1.37529 -0.44884 70
-19.4845 0.168057 70
-0.637253 -0.460032 70
-0.239065 -9.25481 70
-60.2673 -10.7766 70
-60.3187 -10.6441 70
-11.1169 1.01122 70
-0.581772 9.76344 70
-9.61138 -0.520456 70
21.1532 -9.69274 70
0.434766 -0.150343 70
-0.249623 -19.8444 70
19.993 -11.1072 70
1.33574 -10.5497 70
-10.6079 -11.3394 70
-19.62 9.66701 70
-18.7881 8.87369 70
-10.0468 29.2672 70
-1.18359 -10.8317 70
19.1071 -9.4811 70
-49.7883 -18.6801 70
-40.6409 20.952 70
20.8075 10.158 70
-9.12892 -0.987375 70
-88.5218 20.1102 70
-40.1054 30.5086 70
0.273469 11.4294 70
0.682825 -10.7403 70
11.1744 1.43816 70
-0.690569 -8.65462 70
-11.3385 -1.26323 70
99.031 -9.17813 70
-9.18954 -9.46212 70
-1.03764 1.22296 70
-1.01118 10.5214 70
99.3286 0.911584 70
-0.522943 1.27207 70
-31.4139 40.5841 70
-11.0004 -9.27884 70
-8.73441 -19.1198 70
1.40434 -1.07668 70
-11.2146 -10.7759 70
-9.69626 0.193898 70
-0.261961 0.439352 70
-9.46908 -19.321 70
-9.21025 -8.59512 70
0.76318 -8.95146 70
8.57342 10.6703 70
1.37904 0.331529 70
-49.7546 0.955303 70
-49.3642 0.720659 70
-9.48075 -30.4831 70
20.351 -9.68433 70
0.850346 10.6467 70
-19.9756 -0.469085 70
-0.998935 20.262 70
-28.8054 -19.048 70
-0.16118 19.7142 70
29.3018 -30.1456 70
-1.03015 20.5894 70
-11.3381 0.621133 70
18.714 -49.5376 70
9.4204 -0.187506 70
-9.22081 -0.837549 70
-8.71611 10.5974 70
-1.30774 -11.0958 70
0.387919 -10.2869 70
-1.055 -11.3814 70
-0.543133 1.30876 70
-1.01023 8.87684 70
-0.354216 -11.1067 70
-10.2848 1.33769 70
-1.31687 10.5172 70
-100.336 -61.4636 70
-9.92637 -0.254566 70
-11.1197 0.92638 70
-10.1846 -20.6304 70
-21.1525 -9.96741 70
19.8629 20.2308 70
18.9628 -30.4277 70
18.6701 -30.6603 70
-18.5658 0.362145 70
1.27938 10.0496 70
-8.5137 -11.2978 70
-10.1098 -0.635441 70
-8.95531 0.946431 70
-0.777742 8.81398 70
-10.4483 -0.984642 70
-9.50041 0.942752 70
8.90771 -28.7814 70
0.343769 1.39091 70
0.74255 1.28651 70
-0.835956 -1.13355 70
110.347 0.150716 70
-9.61824 1.33985 70
-9.5056 0.120916 70
-8.69233 9.42078 70
-19.6436 10.8812 70
-20.5129 10.1857 70
0.591926 -0.613549 70
60.9766 -60.0675 70
9.43485 -19.5809 70
-1.28167 0.210311 70
10.3796 -21.227 70
0.986013 0.749864 70
-0.567476 0.0128805 70
-9.25277 -1.33877 70
-9.54193 1.33297 70
9.82878 -9.45443 70
-21.1308 -49.5886 70
0.242329 -10.2986 70
-20.6583 -99.5052 70
-28.8066 -19.3597 70
-21.3772 -0.280088 70
-10.9145 0.445554 70
10.7304 1.44617 70
0.750178 -20.6656 70
38.6109 21.4181 70
-9.08663 -18.6757 70
19.1015 18.6607 70
-8.93503 0.769364 70
-9.46636 -19.373 70
51.3578 -21.3837 70
1.47499 -21.2781 70
1.37689 -10.0951 70
-1.47756 0.725974 70
-11.3114 -11.4474 70
-9.68161 -9.40454 70
-8.88902 -0.298449 70
-0.204747 9.62121 70
-10.3543 -10.251 70
9.89523 8.90958 70
1.01252 1.49029 70
-11.3316 1.23263 70
-8.78782 0.0770352 70
-8.98879 -10.9663 70
9.35454 10.914 70
20.4525 20.2703 70
49.6907 -90.4131 70
-8.87929 -0.431757 70
0.0140601 -10.5684 70
-0.620969 -10.2726 70
0.652846 1.3821 70
1.13779 0.130376 70
-10.695 -11.3422 70
-9.79607 -0.96135 70
-0.953672 -0.938556 70
-21.3246 0.109522 70
1.25236 -8.87809 70
11.3236 1.07381 70
-8.52892 19.7092 70
0.840157 0.460146 70
-0.0853832 0.75162 70
19.63 61.1684 70
-0.240117 0.128118 70
1.10159 -9.09395 70
-19.5019 -0.835016 70
61.2601 -40.1 70
20.1287 -0.524287 70
99.1815 10.2496 70
-11.3846 -0.361812 70
-0.309606 -11.0509 70
-0.162937 -10.653 70
-11.0937 0.145724 70
10.5515 -1.04614 70
-0.302109 -0.508653 70
-0.00542202 0.954461 70
-11.3746 -0.258225 70
-9.88135 0.292474 70
-0.952041 1.30057 70
-51.0011 19.5765 70
119.678 -50.8134 70
-10.1985 10.7859 70
-28.8217 -18.5087 70
0.394812 -11.4845 70
-10.1562 8.63677 70
-21.3428 -19.7802 70
-0.692885 -8.86546 70
-0.675831 -0.216448 70
-0.590547 -0.0580053 70
0.12233 -9.32419 70
-9.01041 -1.19915 70
-0.113751 -11.1395 70
-39.4682 -9.39609 70
-1.43793 -1.11756 70
41.1687 -10.9574 70
39.1746 -9.20973 70
-8.93195 21.058 70
-10.279 20.8471 70
79.4779 -31.3729 70
-0.0122845 -20.6157 70
-39.9699 -10.2043 70
-10.1207 0.726984 70
0.548189 -11.1272 70
-10.419 -9.76721 70
-9.83571 -9.18594 70
0.588379 9.70917 70
11.2551 -31.089 70
0.0442732 -0.596389 70
-8.59466 -0.252991 70
-0.46082 -0.562698 70
-10.9021 -19.1435 70
0.57946 -9.53776 70
0.345132 -0.556922 70
-0.0299684 -0.681829 70
-0.069242 8.85946 70
-10.7684 -8.94589 70
10.8344 20.6124 70
-11.4939 -9.79405 70
28.9802 9.53021 70
30.9637 -59.5487 70
0.159833 -0.613866 70
10.5298 -18.7487 70
1.22804 1.24204 70
-0.733703 -0.573344 70
-10.0339 9.19428 70
-68.9409 -50.7696 70
-19.7301 -30.6167 70
9.61059 -8.70559 70
11.1986 -10.371 70
10.4086 -11.2822 70
-10.7696 -10.118 70
-0.804306 -10.6349 70
11.3958 1.07373 70
-10.7494 0.515183 70
20.3003 -0.54372 70
19.0689 0.377446 70
-10.2105 -10.6375 70
-58.9843 9.90342 70
-1.43969 -10.0839 70
11.4519 8.78509 70
-8.53974 -0.635867 70
11.0019 -0.951827 70
0.35664 0.339647 70
0.533974 -10.5801 70
1.34104 -11.0118 70
-8.74108 -0.422323 70
-19.141 -11.4346 70
0.578249 0.465506 70
9.67674 0.843668 70
-11.4078 10.5513 70
-10.5414 -0.140375 70
-9.47516 0.901432 70
-9.56623 -20.1643 70
-0.339832 20.5304 70
11.0669 -10.6547 70
10.3439 -0.637299 70
10.045 0.990635 70
9.98441 0.461338 70
0.552774 9.35066 70
21.1901 -10.2942 70
-0.299049 -8.85807 70
-89.0958 -48.9529 70
-0.573234 -0.58255 70
-0.0186416 9.09101 70
-10.6019 29.2418 70
30.9018 -11.4325 70
-11.0818 21.3904 70
-9.69645 20.0405 70
-8.5951 -11.3032 70
49.2301 -18.602 70
-0.393179 -0.738076 70
-10.8681 -9.10709 70
-51.4339 -18.7824 70
-11.0639 -10.4481 70
-9.49551 -9.8085 70
-1.47664 0.40804 70
1.46352 -11.4502 70
-10.2019 10.0576 70
-9.96981 9.33481 70
-10.0108 -11.0444 70
-9.49793 -10.8571 70
-31.0093 -29.3642 70
-28.7183 -51.1393 70
10.7637 -40.7473 70
-0.663705 10.8427 70
-9.64068 -0.168488 70
0.609681 10.6423 70
0.892124 1.14938 70
-0.58989 -9.64149 70
0.463222 -10.6138 70
0.766549 0.844668 70
-31.3948 8.73142 70
-31.0933 30.9892 70
-31.3924 -0.243964 70
-0.661148 11.3314 70
-0.0129499 1.41434 70
10.9342 20.9657 70
1.03814 -30.0597 70
-50.1395 -20.3159 70
-1.47046 0.727158 70
0.682903 -0.67097 70
-10.3884 -10.9983 70
-49.1501 11.2153 70
1.34881 1.31096 70
-11.0283 -0.491736 70
-10.3521 -0.429719 70
-1.25209 18.8223 70
-20.1647 -20.046 70
-9.02479 28.736 70
-0.0779317 -10.6228 70
-1.1544 0.713883 70
-21.3408 10.7696 70
-0.00927151 -9.68332 70
0.563683 1.47279 70
-0.251057 1.33233 70
8.64644 0.21431 70
-9.38278 0.412004 70
-10.7174 -10.0654 70
10.9532 -11.2953 70
-30.1334 20.6229 70
19.1691 -0.941007 70
20.8004 0.662659 70
-1.49878 -1.12675 70
10.9462 -1.31966 70
0.0400729 -10.2033 70
-1.13065 9.22566 70
0.906878 0.66841 70
-8.96107 8.60126 70
-1.16228 -0.539844 70
0.882174 19.5341 70
-18.9662 -29.6887 70
19.6934 -58.5586 70
-9.61544 -0.651653 70
-10.1424 -9.255 70
-59.7328 -31.2458 70
-59.9851 -31.4636 70
-60.991 -28.5967 70
-39.689 -21.4896 70
0.525351 -0.366786 70
1.11403 8.94055 70
-10.7144 0.76745 70
-9.03308 0.505585 70
0.977578 1.093 70
-1.03038 -0.973253 70
-19.7207 -20.4662 70
10.9542 -21.4798 70
-21.3542 -10.8679 70
-18.7575 -9.30633 70
-20.4809 -9.67895 70
-9.76196 1.30607 70
0.444675 -0.227543 70
8.93192 -11.2193 70
50.4194 -48.8702 70
-120.751 9.98554 70
-10.3257 0.871875 70
-21.2663 20.0563 70
-10.6434 1.34997 70
-1.18951 9.51656 70
-1.22829 -11.3234 70
11.0978 38.7015 70
0.877217 -21.0067 70
120.515 -29.8003 70
-8.74154 0.541476 70
-19.4164 -0.0998292 70
-1.36721 -1.30466 70
0.616353 -1.32094 70
0.609783 -0.722048 70
-0.950249 9.92029 70
-0.890949 1.14235 70
10.5205 -9.41883 70
-8.51846 20.6565 70
-9.25977 10.0704 70
-1.14955 -0.203741 70
0.36773 -9.32303 70
-11.0754 1.16776 70
1.49098 0.73402 70
0.383836 0.277022 70
-0.646363 -10.6508 70
1.10014 -9.01818 70
-20.3949 -18.8125 70
0.914656 -1.08365 70
8.97213 -50.4409 70
1.37817 -9.06133 70
28.9326 30.4422 70
-10.3855 -39.4096 70
9.29599 -30.6408 70
1.0641 -28.7549 70
0.751958 0.654634 70
0.0769034 -1.28037 70
9.50487 -10.3927 70
-19.6653 29.4226 70
0.534234 11.2198 70
-29.8112 -29.2994 70
-0.827263 1.0101 70
-9.92512 -0.419424 70
0.545474 -11.1612 70
11.0818 0.282286 70
9.05517 -9.64489 70
-29.1753 -11.2371 70
-1.41984 0.723204 70
1.12644 49.6446 70
9.04841 -20.5699 70
-10.1314 -38.8911 70
-19.4963 10.555 70
-1.10041 0.336486 70
0.245896 1.00933 70
-9.85238 0.524509 70
-31.4354 -9.13014 70
19.2074 -11.0604 70
29.6641 20.7437 70
-8.86299 -0.704698 70
-0.762231 10.1781 70
-9.50645 -0.11871 70
11.1383 -11.3772 70
-19.299 -0.343936 70
-9.50818 -9.42108 70
0.896126 -0.638035 70
-0.349955 20.5637 70
9.57355 10.9255 70
-9.11931 -9.88558 70
-9.27278 -10.0656 70
-18.9813 -9.51226 70
-49.0011 -21.1707 70
-10.1536 -10.6071 70
-11.4109 0.594087 70
-21.4245 28.9964 70
0.445189 11.3327 70
-21.1346 -21.1136 70
-8.93286 -8.60043 70
-9.24674 -10.0603 70
0.412235 -11.2884 70
9.89309 0.294257 70
0.387137 -1.22214 70
-1.06274 -1.44263 70
0.852656 -11.0592 70
-30.1849 -9.41546 70
-19.3317 -30.5381 70
-1.2488 -1.17526 70
-0.0703067 -11.2553 70
0.6652 -9.03643 70
-9.16776 -0.530914 70
-18.9774 9.99781 70
-18.6117 -1.15449 70
-1.34972 -11.2139 70
-0.0407131 0.678321 70
0.208243 0.706305 70
1.24048 -1.36755 70
9.69321 -0.103296 70
-10.6937 -9.47596 70
-10.8626 -9.58218 70
0.964557 0.959307 70
9.49957 -88.7364 70
-1.03341 -9.9443 70
-0.134772 -0.498457 70
-9.9119 -0.331915 70
-8.59193 0.253497 70
8.86701 31.1178 70
-9.24192 -10.9922 70
-10.831 -10.0397 70
88.5111 -20.5992 70
9.4233 -60.611 70
9.35329 -61.467 70
29.8685 8.62241 70
-10.1796 0.561854 70
-11.0722 -9.17856 70
0.266066 -0.337009 70
-9.49288 -10.0774 70
-11.0086 -0.747886 70
0.119095 1.36474 70
-10.8862 1.47357 70
-39.9892 9.93517 70
51.4672 -120.668 70
-0.525757 -10.3069 70
10.7317 -9.89913 70
-0.23339 -0.0352393 70
1.09894 0.472043 70
0.343464 -9.74678 70
-0.0854333 -0.300332 70
0.937746 -10.836 70
-10.7676 1.22308 70
-18.6381 48.7601 70
-11.4843 10.3209 70
90.3311 -11.1121 70
0.646741 8.95924 70
-0.199314 -9.56797 70
-1.38721 -1.38661 70
-20.3714 1.4772 70
-11.1261 -0.0389194 70
8.70572 -1.40913 70
-8.50346 -1.01606 70
-30.7406 0.0482513 70
1.13454 -30.4632 70
-9.44783 -1.02619 70
11.453 18.8858 70
-20.5841 -1.10166 70
-11.3254 -10.1394 70
-0.757912 -0.201124 70
-21.0257 10.8908 70
-0.339969 0.078371 70
-0.938902 -8.77104 70
-20.4099 -9.17343 70
30.1102 -28.8421 70
-20.8317 0.0419875 70
-0.986919 1.34789 70
0.918326 9.91861 70
-8.7717 0.310702 70
-70.8074 -49.0254 70
-0.0621288 1.44096 70
0.912961 -11.0363 70
-11.3703 -0.20945 70
9.71606 -0.155721 70
-18.9635 -9.29744 70
-0.685524 -0.11313 70
-8.65464 -0.735354 70
1.07948 -20.7771 70
-10.6377 -9.07618 70
1.18399 70.6289 70
0.453512 71.3432 70
-1.42685 -1.14374 70
-9.08486 -19.7766 70
0.0768861 -9.86336 70
-18.8794 1.30485 70
-0.257165 -1.17518 70
-21.0914 -8.68743 70
11.1647 -9.6768 70
-0.0761612 -10.0354 70
-1.37766 -8.68992 70
-1.08125 -9.47275 70
-19.8501 -29.5067 70
-21.1252 29.0226 70
0.58927 -0.198486 70
-9.81183 -0.780919 70
-20.8531 19.8667 70
8.71273 -18.5687 70
-31.1834 -10.0655 70
-0.193866 -1.08947 70
8.92602 1.14262 70
-60.3457 -38.8808 70
-1.48867 0.154975 70
-20.4514 -11.0891 70
-21.2984 9.30953 70
-19.6259 10.7951 70
-9.78913 -0.543277 70
0.34074 -18.5772 70
-9.32271 -18.8042 70
-11.3992 -0.066558 70
19.2451 21.4903 70
-20.3511 -0.941837 70
-20.4965 -10.0689 70
-9.10892 -10.6022 70
-11.1772 -10.2435 70
-1.20442 0.784337 70
0.111774 -0.0565636 70
-10.872 -0.438291 70
-0.628639 0.909522 70
20.3041 31.1225 70
-39.7147 -8.58555 70
0.905676 -19.8886 70
1.02742 9.75796 70
0.625639 -0.804719 70
-19.0125 -8.63466 70
-8.8569 -0.360675 70
0.0598715 9.993 70
-0.381524 -0.179778 70
-0.409149 -0.991005 70
0.019332 -9.24743 70
-1.15447 -8.60732 70
-9.34041 -8.76021 70
1.28504 -10.7495 70
-48.7 -41.1476 70
