-0.653736 0.400677 70
-0.643003 -11.2221 70
-11.3921 10.0365 70
0.217141 -1.01991 70
1.37331 10.5744 70
-19.8279 9.9758 70
-1.42727 11.2251 70
19.4136 -20.0825 70
1.4823 0.56056 70
-21.0063 0.00475777 70
-8.9556 9.87795 70
-11.2528 9.3244 70
-0.867249 -0.116598 70
-8.57232 -0.752423 70
0.606886 -0.551967 70
-11.274 0.891307 70
1.36678 -0.381849 70
9.21547 9.63419 70
-0.0073289 -8.91386 70
0.722236 1.26914 70
-1.37124 -1.01936 70
-10.2775 19.382 70
-9.80365 20.5961 70
18.8169 10.3459 70
40.9118 -10.3607 70
-0.166977 1.1495 70
0.948857 0.492224 70
61.4617 -51.38 70
-10.6619 10.2191 70
-10.2965 10.5603 70
-28.5656 -1.16112 70
-0.606488 1.25577 70
-1.33063 -20.7184 70
-10.5273 -0.527337 70
-0.578626 0.926655 70
8.61903 11.1631 70
-50.0008 109.39 70
11.4964 9.43598 70
10.0557 0.514217 70
-0.494873 -9.78098 70
-9.29706 -1.2456 70
-1.37422 1.27148 70
0.183656 -0.26771 70
-1.28276 -0.837912 70
-20.9762 1.21931 70
-0.430335 -0.843685 70
-18.5606 0.351649 70
-1.1138 -21.2437 70
8.59968 19.0667 70
-0.391494 -0.199536 70
1.02267 0.281661 70
-68.986 -20.6864 70
-10.3962 -8.86189 70
-10.9357 9.99406 70
1.49603 -0.802093 70
1.39202 -0.798097 70
31.0884 10.0947 70
1.45183 10.6334 70
-19.935 -9.31164 70
-9.67855 -1.27962 70
-1.0883 0.0728234 70
21.344 -9.05927 70
9.09524 -30.3259 70
9.77878 -8.7971 70
-9.95687 21.0154 70
-20.3477 -19.285 70
-79.1818 -11.1642 70
0.173397 -0.736534 70
-8.94581 50.5779 70
0.662236 10.5711 70
19.7381 0.804048 70
-0.659911 10.8941 70
-9.52906 19.019 70
20.5659 8.57427 70
1.1056 18.7434 70
18.6169 -1.33235 70
11.0638 0.655031 70
1.00657 1.41657 70
1.27075 10.7473 70
11.2459 0.107295 70
39.5246 -8.50337 70
-1.19352 -1.23219 70
-29.8445 -19.153 70
-11.0869 -0.637762 70
0.501692 -10.002 70
0.316693 0.516581 70
-0.853702 0.191275 70
-10.8807 0.735522 70
-0.0304057 9.55068 70
0.588812 0.454474 70
0.904663 20.0901 70
-0.94577 0.619517 70
9.76976 -0.526875 70
8.66676 -0.826476 70
-1.2516 11.4804 70
0.522389 10.141 70
10.0508 -0.558259 70
-9.83291 10.8008 70
-9.28373 18.9318 70
-0.542637 1.08339 70
-0.946909 9.67481 70
30.1592 61.3805 70
-81.3596 -30.0198 70
0.793966 -20.6981 70
0.263279 -1.22293 70
-9.77677 0.332136 70
-41.2697 9.28973 70
-20.5075 8.76295 70
9.53648 -11.3645 70
0.255343 -1.14753 70
-1.45341 10.2855 70
18.7285 -1.02032 70
-10.5959 11.423 70
19.5954 0.809966 70
-0.828734 1.03076 70
-29.4831 -11.3587 70
-40.5276 21.3105 70
19.6179 -11.1207 70
0.354995 8.60008 70
1.31737 10.0389 70
-10.4514 9.65837 70
-19.9186 9.96519 70
20.6606 -0.397202 70
-9.39808 -8.61503 70
-8.68151 -8.50243 70
-9.87428 -0.645157 70
9.60857 -1.18008 70
-8.56165 -10.9115 70
-9.68612 10.0098 70
-20.511 71.0179 70
-9.5941 -10.1506 70
19.8367 -20.8001 70
-0.909779 -1.47437 70
11.0556 20.7963 70
8.96945 19.1078 70
-1.0702 -0.0695952 70
68.9255 69.4805 70
69.1615 70.6979 70
9.86753 -8.63512 70
-1.15258 1.39315 70
-11.4233 18.731 70
-1.19151 10.4747 70
1.475 0.448853 70
-0.00991313 -0.621694 70
20.7313 -30.2907 70
-11.199 -0.803795 70
0.989925 0.78212 70
0.462707 11.2894 70
1.35435 1.47751 70
29.0712 -21.2508 70
-0.226456 10.2601 70
-1.40524 10.8197 70
-9.4761 -1.48655 70
-0.141888 10.5847 70
0.719389 -10.2429 70
-1.39422 9.12766 70
0.859908 0.833501 70
-1.35038 -29.1458 70
31.3615 9.28376 70
-11.4768 0.93295 70
-0.763597 0.0309409 70
0.667662 -10.992 70
0.848152 9.05447 70
-18.8857 0.68691 70
19.6329 -1.38491 70
29.8327 -51.4656 70
0.681861 18.9376 70
9.49403 21.3013 70
-10.0292 -0.288009 70
8.84287 0.64623 70
8.74185 0.583559 70
-20.9474 0.422002 70
10.2444 -10.2393 70
0.89665 20.8529 70
-0.0251927 -29.1184 70
1.39805 -1.22221 70
-9.51561 -0.206734 70
0.0084741 9.9381 70
0.321608 -10.6646 70
-0.656464 0.0592415 70
-21.4419 8.59535 70
-0.745191 -0.80476 70
-0.602349 -9.92692 70
1.42874 0.355907 70
-29.0755 1.04436 70
-20.577 1.08929 70
9.41672 0.269269 70
0.700237 8.60541 70
0.739982 10.3724 70
-8.57093 8.7043 70
18.9114 9.72053 70
21.2737 10.0487 70
-20.091 0.186031 70
-1.39343 0.928446 70
-0.575624 0.549783 70
-9.88169 8.91141 70
0.718679 10.044 70
-0.332774 9.90897 70
1.47478 11.4672 70
9.63485 -9.80427 70
-0.0344008 -0.397572 70
0.196717 10.3018 70
-0.357636 8.50733 70
0.412226 -0.548857 70
1.06004 9.53535 70
0.278182 9.33712 70
1.2708 -0.176351 70
10.5034 0.207927 70
8.75814 20.4069 70
0.995003 -19.5644 70
-10.1208 9.99001 70
-9.14001 10.2372 70
-1.14442 0.373297 70
9.25268 9.52649 70
21.4009 -8.6398 70
-20.3144 1.26997 70
-0.320493 -1.37237 70
0.921933 10.4318 70
-9.36189 -10.9007 70
-30.4099 9.3365 70
-8.99327 0.384974 70
0.896283 0.296539 70
0.345672 -9.27237 70
10.4126 9.82134 70
-8.54537 8.7556 70
0.587418 11.0738 70
-11.2671 -1.45392 70
-9.83393 8.57928 70
-49.2931 -9.37866 70
21.4801 -39.3868 70
-10.888 -21.2359 70
-38.9821 20.0548 70
18.74 19.5455 70
0.114796 -0.0350909 70
0.321118 -0.323548 70
-0.225054 -1.38832 70
-0.260619 0.217275 70
38.5803 1.34427 70
9.54633 18.6421 70
9.4002 -10.7046 70
-48.8373 29.8253 70
-11.1049 -8.54159 70
-0.239079 -0.868659 70
21.0354 20.4509 70
9.67596 -49.3692 70
-11.424 9.39951 70
9.00322 -1.39574 70
-10.2317 -1.33927 70
-29.9392 10.2749 70
-10.6486 -21.1439 70
-19.9215 11.2508 70
-1.04892 0.53877 70
1.05107 10.0386 70
9.43732 9.75028 70
-11.4821 -9.9873 70
-20.484 0.60471 70
1.2815 0.196505 70
18.9265 -0.217763 70
-9.33507 -1.10718 70
0.231693 10.7301 70
-10.2295 9.36164 70
19.438 9.45914 70
0.0783252 20.8115 70
0.44287 0.00234177 70
-0.000950346 8.63324 70
-1.44326 -9.29638 70
-29.1059 11.0109 70
-1.14278 -0.806729 70
-11.4909 -0.14379 70
-0.717209 10.503 70
-1.36019 10.4611 70
0.253992 20.1022 70
-0.221852 9.06994 70
-20.969 9.00444 70
-20.1193 11.2864 70
-0.134552 1.12529 70
-10.9713 19.0788 70
-10.2408 19.3182 70
-30.397 0.214535 70
-8.86813 -0.562366 70
9.49263 -1.41216 70
-40.8875 -21.3012 70
-11.4546 0.0281682 70
-10.3922 0.0219208 70
-10.4906 -11.374 70
-1.49542 -0.149387 70
-9.57046 -10.7937 70
0.455043 -0.0935351 70
-0.516776 -0.0503981 70
-1.48546 0.259919 70
0.174147 18.5906 70
1.31622 8.92204 70
1.29446 10.9799 70
-19.3683 18.6236 70
30.2232 20.1313 70
-19.3552 8.98125 70
8.50435 -0.728336 70
10.2632 0.662153 70
0.321079 -59.1569 70
0.0385471 -60.3106 70
-10.6683 -0.504033 70
-11.0329 11.2658 70
-11.0437 9.93087 70
18.9382 1.29436 70
-0.244278 -0.751372 70
0.398387 -0.462746 70
-1.45184 -0.784301 70
-0.565185 -40.5407 70
1.27004 10.2227 70
0.541606 1.25279 70
0.493657 68.8129 70
0.0675206 10.6074 70
-8.66413 1.29742 70
0.431123 100.06 70
-1.17893 0.369884 70
-0.166691 0.409923 70
-9.00082 11.3461 70
-10.9241 8.70712 70
-8.89083 10.3515 70
-0.365032 1.47872 70
-0.882277 -0.252561 70
-9.97343 9.77553 70
50.04 19.645 70
10.3725 30.8913 70
-10.6475 -8.6238 70
0.357781 10.0429 70
-80.2281 -31.0196 70
8.56498 -0.143423 70
9.19862 1.35962 70
-40.2763 31.4386 70
-11.2741 20.7674 70
-8.69447 -9.98452 70
-0.85226 1.25699 70
-1.42649 -0.541983 70
0.397705 -1.01553 70
-31.002 -20.3118 70
-10.2429 -1.00515 70
-11.4273 -0.0917209 70
0.531622 -1.42133 70
-9.81386 -10.5919 70
19.7909 -31.2827 70
10.2985 8.63192 70
-0.797501 30.4842 70
-11.1896 -10.5433 70
-38.5566 10.9112 70
-11.019 1.04886 70
-9.46458 11.0017 70
19.3809 -39.2412 70
-9.17014 9.68071 70
0.0101505 -28.7441 70
39.009 -11.3778 70
-0.238789 11.4781 70
-60.8747 -59.0328 70
-20.5598 -20.0207 70
-0.309302 -0.537041 70
1.02845 0.742636 70
-19.964 -1.41249 70
10.078 -0.472227 70
-9.11799 -0.711734 70
-30.2482 30.5339 70
-9.08848 9.83765 70
-0.107672 -9.02963 70
-0.908312 -1.16949 70
1.35483 9.73746 70
11.2725 1.18428 70
31.0895 41.447 70
0.157987 -1.30963 70
70.5934 20.6369 70
1.47655 -0.689654 70
-0.266527 0.757228 70
0.463863 1.22274 70
38.7372 30.1098 70
-0.907159 -8.94622 70
-0.554376 10.2091 70
-1.01677 1.17564 70
10.6695 0.990212 70
8.81418 30.0626 70
10.8129 -0.993497 70
-8.53933 -28.7394 70
-18.818 1.17639 70
0.136706 -0.199083 70
-19.5666 8.98909 70
9.33208 -9.36347 70
0.605534 -1.41722 70
0.434573 -0.275013 70
-0.40622 10.1577 70
-0.365419 1.30505 70
21.4427 8.71491 70
-28.5411 -39.6523 70
-10.4818 1.4462 70
0.675215 9.34561 70
-0.379239 -31.0995 70
-18.8834 -8.93266 70
30.1735 51.25 70
-10.5542 -1.45636 70
-20.0295 28.7902 70
1.40029 -0.523068 70
1.23036 10.4081 70
0.198528 -11.0602 70
41.1643 10.6659 70
-18.9734 0.884404 70
-9.40664 9.84046 70
-0.608914 -0.820586 70
0.0850314 11.3209 70
1.25388 -0.726156 70
21.0649 -29.8963 70
-8.80082 10.0013 70
-19.8635 11.3065 70
-8.71578 0.61578 70
0.00363135 41.049 70
9.10492 10.2099 70
-0.870722 20.6645 70
-1.11176 -1.31615 70
0.509891 10.872 70
0.561121 -0.881524 70
-10.2239 1.14384 70
-8.63867 0.68324 70
0.870121 1.18738 70
0.445701 -1.38142 70
0.797764 -0.549295 70
-29.8753 -21.3385 70
-0.954556 8.51803 70
8.78295 8.53515 70
-21.0881 21.3674 70
-10.4383 -0.116035 70
0.923663 0.130271 70
0.256304 0.993916 70
10.5922 31.0648 70
-9.62309 8.61548 70
-10.7346 10.2572 70
28.5887 -9.09813 70
-30.1314 9.74735 70
9.79794 19.6469 70
-21.4783 1.16936 70
-10.9463 -0.859486 70
10.0372 9.43386 70
-0.125834 1.03651 70
-10.457 10.5677 70
1.37499 1.40791 70
-1.42251 8.6007 70
11.096 1.16092 70
-1.24581 -0.962237 70
-11.4761 -10.2022 70
-9.1705 0.491596 70
-0.124547 -9.42799 70
19.0618 -11.1551 70
-1.14865 1.46892 70
-0.75218 1.13091 70
-9.59136 30.4199 70
-0.358208 -0.782366 70
20.1718 -0.958742 70
-8.56091 -10.5442 70
1.23625 -0.639588 70
31.4055 60.4817 70
19.1424 50.5882 70
0.558425 9.59965 70
20.0191 -10.2951 70
98.5357 0.381906 70
0.208855 -0.642074 70
0.676703 -0.465256 70
1.46464 -0.356368 70
0.940369 9.61671 70
1.39521 0.539807 70
-0.307052 0.657792 70
-0.291854 -0.805717 70
1.12642 0.415847 70
0.0550867 -0.789096 70
-11.3919 -1.29057 70
-11.1727 -1.00078 70
8.58932 18.6529 70
-9.38039 -10.8457 70
-0.690104 -0.30665 70
8.99608 40.4311 70
-21.4741 -0.165422 70
-0.320628 0.606197 70
20.7036 9.61071 70
19.3676 10.7509 70
30.5736 9.3252 70
-20.3073 -1.49256 70
-21.0974 -0.554324 70
-0.0823789 20.7307 70
1.14946 0.00988773 70
20.1637 29.414 70
-20.2526 18.8638 70
9.75007 1.19838 70
0.259649 -0.456857 70
10.5639 20.1211 70
0.883371 11.2499 70
10.4133 11.221 70
-0.0692749 10.7637 70
-10.961 -1.28874 70
0.0326447 0.503086 70
-1.10249 0.185811 70
-1.10585 19.373 70
-11.2091 11.4372 70
11.2176 -11.1405 70
-0.276416 0.847679 70
-30.936 19.9453 70
-9.50165 0.897298 70
10.299 -1.12905 70
20.7056 -9.06763 70
-29.1288 19.2223 70
-0.511918 1.41083 70
-1.11074 0.261171 70
19.5131 20.3368 70
0.191859 0.305031 70
-9.77219 -0.408584 70
-9.5684 1.49925 70
0.739621 -9.84933 70
-8.98854 -19.9061 70
-1.06482 9.73614 70
-19.6299 18.6753 70
0.478086 -0.863752 70
0.895892 10.7699 70
-10.1232 8.74618 70
1.2019 0.388168 70
-10.2241 0.0349651 70
-11.0897 -9.17704 70
19.0229 -9.65488 70
-9.88204 -10.2013 70
-1.30752 0.166952 70
0.586454 0.349381 70
-11.2888 -51.2004 70
-10.6131 -10.9481 70
0.612839 9.29447 70
1.45159 -0.0488636 70
-0.34004 11.4787 70
-51.0961 -9.36355 70
-0.424012 10.7353 70
1.18926 0.268321 70
-8.60252 0.359256 70
-1.03511 11.0002 70
-0.280616 1.17419 70
-11.3757 31.01 70
-10.1222 29.1713 70
-10.9092 1.46191 70
1.02254 11.252 70
1.1049 9.3436 70
-11.411 -1.17897 70
-0.123696 0.452304 70
30.5394 8.95701 70
-10.0056 0.25272 70
0.424612 -0.887801 70
48.5578 -20.2312 70
1.03453 11.2126 70
0.837274 0.145372 70
1.01494 11.0823 70
-1.44325 39.3281 70
-1.45991 -1.27199 70
0.169968 19.2918 70
-21.1764 -8.58043 70
-9.22105 0.0734186 70
-8.51611 0.461389 70
1.1725 20.2956 70
-1.08214 11.0271 70
-10.8889 0.304893 70
-0.508272 9.13705 70
-40.3948 19.4378 70
11.2283 10.176 70
-31.421 -69.8917 70
1.49867 0.877424 70
8.64086 8.6937 70
-18.8078 10.9567 70
0.412354 0.482202 70
-8.91604 -1.3544 70
11.3122 -10.1282 70
11.087 -9.58555 70
-0.425502 -0.135256 70
-20.1386 10.2681 70
20.6676 9.79171 70
-9.83151 11.4692 70
0.455479 -0.430264 70
1.34665 10.2159 70
-19.1055 -30.8248 70
-20.7174 -31.4016 70
0.956605 10.6472 70
-0.139114 -0.453776 70
0.0859801 1.28759 70
18.7135 19.9481 70
0.266869 11.0364 70
-119.597 100.545 70
-0.614626 -0.194633 70
-30.0596 8.66456 70
1.23784 -0.416642 70
0.253291 -0.457932 70
-9.3143 0.0250961 70
1.34157 0.0351052 70
-11.2698 9.75388 70
0.101253 10.5466 70
-11.1232 1.47032 70
-20.616 0.341078 70
-19.5696 20.5948 70
1.36506 10.7246 70
40.1234 -8.75981 70
8.88326 21.1871 70
9.13017 1.4626 70
9.10885 -0.336696 70
-0.354587 1.08159 70
-1.45835 -31.1661 70
0.541032 9.8408 70
1.4088 8.77806 70
-31.2405 21.0902 70
-0.0249937 -0.226134 70
-1.03725 -39.9728 70
20.4827 11.1539 70
-0.907202 0.125913 70
-0.843443 -0.680162 70
-0.998453 -0.647288 70
-9.69689 -10.8143 70
1.2117 10.6417 70
-0.882823 9.64121 70
8.77596 -9.59353 70
-10.2845 -0.503454 70
-1.35068 30.8678 70
-9.44059 -0.874371 70
-0.873329 -10.2702 70
-1.39027 30.0681 70
-8.53143 -0.0750976 70
-10.3003 -0.882311 70
-10.0881 20.6866 70
1.00059 11.4887 70
-19.5561 -1.29553 70
-9.32568 -11.3212 70
10.5804 10.8907 70
-0.587983 10.7692 70
-0.233993 -21.1941 70
-1.2518 8.96857 70
-10.7125 -0.00878228 70
0.597453 -0.972872 70
8.86984 10.4488 70
-11.4892 8.68999 70
-10.1142 0.307686 70
0.892869 -0.967798 70
0.596415 1.04175 70
0.628357 -1.14374 70
-9.66162 0.97112 70
-9.32669 0.0332592 70
20.6731 -19.1942 70
10.5446 11.0952 70
21.435 -1.2257 70
-29.0597 -0.302785 70
-9.94099 10.6892 70
-0.555972 -0.755796 70
-19.4203 0.966106 70
0.725991 -0.605968 70
-0.637065 9.4311 70
0.903734 -0.329857 70
-31.4325 -100.532 70
-1.29421 1.24255 70
0.477332 0.220278 70
-0.357831 9.94293 70
50.1248 -1.22491 70
11.1975 1.19207 70
-18.9396 -10.8862 70
-1.23212 1.43514 70
-18.6776 -0.0820876 70
-1.09781 -19.9162 70
20.4715 11.3209 70
-1.2116 -0.763504 70
-0.890583 0.945153 70
0.312536 9.50305 70
10.5575 -1.10454 70
10.8504 -0.027318 70
-11.2537 1.06974 70
-9.87287 9.06022 70
0.960219 40.5987 70
-9.38311 -1.03352 70
-10.5155 0.585198 70
1.37289 -1.29997 70
0.801457 19.6345 70
-19.207 -30.5606 70
20.4075 -20.8556 70
-30.0281 -29.5345 70
-9.07829 -1.10524 70
-11.1417 -30.6303 70
1.27269 -1.42601 70
-20.0711 -0.60926 70
-20.0946 0.999 70
-0.45007 10.4508 70
-0.277261 -20.4889 70
-0.595611 -39.6176 70
0.624821 1.00342 70
-1.48488 -0.608144 70
1.41689 -0.578944 70
31.3927 -10.3594 70
29.9135 -10.6735 70
1.36564 9.73563 70
1.47919 -0.987869 70
-1.33214 10.5208 70
0.560754 1.03087 70
0.973422 0.32932 70
0.162774 0.621064 70
11.4953 0.949511 70
1.22979 -1.38692 70
-0.0198854 8.67112 70
9.2806 11.1431 70
-10.1829 -0.631395 70
0.103608 -20.8288 70
-10.2813 11.1328 70
-0.610534 -11.0477 70
-0.0647325 -19.8248 70
0.323993 -1.2417 70
-29.5857 -8.94526 70
-9.3033 -10.0314 70
-1.04654 1.08275 70
-0.710342 1.29179 70
-9.52888 1.19388 70
-79.8899 -121.14 70
-0.499713 1.18452 70
0.830243 0.517353 70
-20.4569 10.8638 70
-1.40981 -10.8223 70
-90.7899 80.0859 70
-1.29738 0.154942 70
-19.8649 -98.7081 70
-8.5423 0.724813 70
0.679761 -0.0896723 70
-0.445887 10.8806 70
-9.16238 9.28345 70
1.002 11.4344 70
-10.0329 0.230131 70
0.0138323 8.67988 70
-28.718 -11.0227 70
8.72124 9.4931 70
10.4658 8.90767 70
-0.161774 0.311795 70
-19.0855 41.1927 70
-0.964369 -0.991576 70
-1.2639 0.874278 70
-1.34241 1.04755 70
-19.295 -10.3117 70
0.974609 31.3719 70
1.30376 29.0867 70
-1.08992 30.5822 70
-8.77774 -19.5042 70
48.9887 38.6017 70
0.519481 20.2914 70
-1.37141 21.0451 70
0.600418 0.593065 70
28.6614 20.8478 70
-0.910892 -0.487455 70
-8.71958 -10.1758 70
-1.32873 11.0443 70
0.264533 -0.0296975 70
0.950118 8.64186 70
-0.444229 -0.137502 70
-0.947641 8.69812 70
9.22317 -1.29782 70
-0.0907634 8.91812 70
0.126323 -0.505022 70
0.912115 -0.0832745 70
-0.567005 9.27272 70
-1.09967 11.0184 70
-8.86899 -0.154081 70
11.4514 19.6822 70
-0.413329 9.96064 70
-30.3243 -18.6293 70
0.170432 0.17546 70
0.108576 1.03705 70
9.39286 0.409227 70
-29.2797 120.135 70
-10.6417 8.76822 70
-0.710224 11.3428 70
0.538353 9.50093 70
