0.289646 9.62676 70
0.135676 10.1653 70
-8.73662 -10.8452 70
-0.129274 0.257696 70
-1.02254 9.18239 70
0.375546 -0.712684 70
-1.41114 -0.430086 70
-1.27327 1.19227 70
-21.4287 9.79916 70
-0.198875 11.2039 70
10.8132 -1.27766 70
-1.45086 0.0934669 70
0.320529 -1.43134 70
10.3963 -8.58529 70
20.2363 -10.9118 70
0.774181 9.13358 70
-8.59756 8.94721 70
1.18642 -0.676286 70
9.02261 18.9974 70
9.00867 -1.47724 70
-0.213309 1.43721 70
-0.199892 0.202053 70
0.252037 -0.270555 70
-0.0298107 0.530002 70
-10.04 -11.3458 70
-0.802398 19.8128 70
-10.9816 -0.978155 70
1.21467 10.4544 70
-10.2484 0.533353 70
-19.9239 10.7809 70
8.60707 0.55466 70
0.257954 -1.422 70
18.6563 -40.1375 70
-0.466932 0.497911 70
-0.167945 9.61168 70
8.95855 9.11444 70
20.9726 28.8665 70
9.24078 10.2185 70
31.4047 -39.4087 70
-0.147869 9.96208 70
18.5248 20.9966 70
-0.789998 1.17799 70
10.1408 -29.1211 70
1.16034 -0.158918 70
9.92017 9.85792 70
-1.18852 -0.740511 70
28.9539 0.464491 70
-0.0746388 -0.964421 70
20.2539 -29.1396 70
-11.3092 -0.489756 70
1.21024 -1.19256 70
10.9888 29.79 70
0.644803 -1.33217 70
10.5499 0.256807 70
-8.96465 -9.36365 70
10.2264 8.62714 70
1.10326 10.9991 70
-0.661253 10.9196 70
-28.9197 29.6094 70
19.3516 40.3007 70
-0.907869 0.1479 70
-10.2918 11.4495 70
-9.92325 -20.5762 70
71.459 -69.5713 70
1.30651 9.73842 70
-0.723743 1.42368 70
18.7485 -29.3532 70
21.0751 -0.983403 70
-0.317306 1.21389 70
-1.49884 -0.398431 70
-61.3275 -30.9763 70
0.816098 -0.885742 70
19.6328 69.4011 70
-0.567481 -0.238971 70
-29.9166 -1.10138 70
-0.492158 -0.840107 70
49.326 -19.7459 70
-49.6214 -68.7912 70
-8.52593 8.55571 70
9.52139 20.9902 70
-0.341536 1.29658 70
1.20605 0.113529 70
-0.450062 -1.19973 70
0.0965723 10.7427 70
20.1108 10.876 70
8.91397 -0.808369 70
11.1468 9.73537 70
19.4721 0.727755 70
10.1788 -1.34992 70
19.9955 -1.15927 70
8.87417 8.79495 70
0.599453 0.0159378 70
-10.8871 11.2562 70
-1.38832 -1.48439 70
-31.3747 -9.92118 70
10.903 -30.9061 70
10.7778 -8.60236 70
10.0791 -9.24043 70
-1.23071 0.622467 70
-18.6508 11.0033 70
-1.28625 8.79249 70
-0.893991 -0.0627604 70
-9.87813 -8.89043 70
-20.3222 8.742 70
0.876606 0.754169 70
-11.2571 9.68215 70
1.03381 -1.31954 70
-1.24521 1.17831 70
-1.42341 19.0084 70
1.49476 -29.9883 70
8.91476 0.795781 70
-0.210717 -21.4102 70
28.7184 -29.9533 70
-0.0777152 0.712439 70
8.91889 18.9886 70
0.685082 -0.575347 70
-1.20313 -1.11622 70
10.7513 8.77617 70
-0.0122748 -9.9032 70
1.43817 1.20846 70
-10.9307 -0.359188 70
-0.794145 -0.598097 70
-0.527324 -1.34556 70
-0.416486 0.408247 70
9.65128 0.428315 70
-10.1864 0.896828 70
0.448855 9.05475 70
-10.9752 -0.923431 70
0.416573 -9.5497 70
-18.7637 10.2526 70
10.331 9.07408 70
19.5034 1.399 70
10.1508 -0.75438 70
-0.532912 20.7643 70
0.0016452 0.154566 70
0.209752 1.37566 70
0.789242 -0.181317 70
-11.2613 1.32703 70
-0.788831 9.59685 70
-1.41532 8.69771 70
-10.8676 0.96101 70
10.8839 11.0725 70
-8.71398 9.30187 70
-11.0206 -1.07779 70
10.92 -1.2384 70
0.628524 21.1149 70
9.37304 10.4494 70
0.395836 -1.3465 70
10.0757 9.23581 70
1.4324 9.28833 70
28.6246 9.51627 70
-1.46418 9.11541 70
0.0401955 11.3251 70
-1.48059 0.103324 70
-8.9207 -10.5242 70
9.23527 29.5247 70
9.04571 10.912 70
9.66615 20.0448 70
18.8746 -1.05637 70
1.22858 -0.400402 70
-0.649522 8.73162 70
-38.5607 11.2249 70
0.468664 1.07863 70
50.2061 -11.2982 70
11.1357 0.867878 70
9.86391 0.701515 70
0.101469 -0.224237 70
-11.3923 0.311257 70
9.94053 1.35678 70
1.01999 0.262405 70
0.492423 -0.525579 70
0.190296 9.24337 70
0.732546 10.214 70
41.3942 19.8728 70
18.5112 0.679761 70
0.766396 -1.12969 70
9.54874 9.32723 70
0.28908 10.682 70
0.913224 11.3334 70
-28.8517 -10.4808 70
30.4665 8.73742 70
-0.563285 0.0577325 70
0.522859 9.12633 70
11.0426 19.2507 70
1.39577 10.4349 70
10.2809 -0.154534 70
-11.2758 -8.9742 70
9.04773 10.2878 70
-1.31935 0.80482 70
11.2794 -0.51262 70
1.29833 1.44535 70
-0.225246 -0.921209 70
-1.22013 8.51579 70
-0.457776 0.105796 70
-0.292163 1.27715 70
0.323831 1.21634 70
0.940531 10.3737 70
-21.0308 1.20248 70
-19.3807 8.73256 70
-1.08105 -1.07803 70
-0.758179 0.610124 70
-0.18942 9.47862 70
-8.87931 -11.1473 70
-10.1154 0.992084 70
-8.75276 -0.745194 70
9.044 0.660437 70
0.0984928 -1.33755 70
19.4473 0.778031 70
20.2174 0.826285 70
-11.3339 10.1569 70
-0.433429 20.8028 70
-40.2374 59.7683 70
-1.03209 -0.838176 70
1.46323 -0.826778 70
-20.8868 19.6567 70
0.0313234 0.67971 70
-0.461473 1.34357 70
-31.1433 -30.1064 70
-11.3233 1.14969 70
0.239995 -0.640837 70
8.52542 8.70897 70
-0.583221 -11.3552 70
-0.852223 -10.2993 70
101.114 -49.384 70
-1.32399 -0.140153 70
0.56666 0.967705 70
0.162042 9.08194 70
0.486091 9.6711 70
-28.7975 -0.167761 70
-1.11622 20.9702 70
0.493521 0.43373 70
-0.363408 0.785724 70
-0.126399 -0.0225966 70
19.6431 9.00467 70
1.30329 1.21878 70
-41.0218 90.5677 70
9.00177 9.21705 70
10.8154 10.6358 70
0.684815 8.77934 70
-0.54417 1.13709 70
-0.0431919 0.779776 70
0.801739 19.4643 70
-19.9324 10.122 70
-0.764886 0.60926 70
-39.3104 1.29247 70
10.352 0.388364 70
0.683891 0.391648 70
-19.9903 -9.80457 70
-1.03148 -0.515292 70
-41.4504 -19.9054 70
0.833198 -0.507601 70
9.98982 -0.82005 70
0.00949341 -21.3479 70
0.0831481 -0.183003 70
8.50776 10.6305 70
0.0230831 -1.16317 70
0.016501 0.405805 70
-0.303825 -1.46551 70
21.3166 30.4118 70
-1.19075 1.47506 70
0.777813 -0.321358 70
0.00626589 -0.0932641 70
-0.279534 -28.9434 70
1.45206 0.318248 70
0.231953 -1.45849 70
-0.485611 -8.88156 70
19.6804 28.6211 70
0.225662 -1.1602 70
0.777991 1.39711 70
0.0898232 -0.829161 70
-0.425137 0.219936 70
-0.478528 -0.278301 70
0.344896 -1.09988 70
11.124 -0.273048 70
10.7047 0.427709 70
0.992183 -0.428561 70
-1.22982 -1.14843 70
30.4563 -0.415269 70
-1.15791 8.63152 70
1.45298 0.402937 70
0.22458 1.17648 70
0.726779 8.58241 70
-21.2425 -8.74838 70
-1.44403 -1.16506 70
-10.4733 -0.0692323 70
0.552806 -9.34918 70
21.3702 39.3857 70
-30.8308 50.5714 70
-19.4809 0.695256 70
-18.7868 0.764687 70
18.7216 21.038 70
-9.87043 -1.1825 70
-0.144298 -1.1704 70
1.01376 0.111332 70
-0.0454286 8.54157 70
-8.64909 -10.9165 70
0.897802 -0.704955 70
-28.6498 -21.4307 70
-9.27817 -0.464815 70
-1.18887 0.887244 70
-1.47569 1.43328 70
0.684866 -0.812129 70
0.422142 -0.629555 70
1.32676 -30.8222 70
0.952711 -0.86823 70
-9.87791 -0.502096 70
30.7161 -60.7278 70
0.0413921 9.28109 70
-99.3102 -41.4113 70
8.7917 1.45602 70
19.4042 -8.60378 70
-1.35429 -10.5564 70
-1.42011 -0.354251 70
-0.574354 -1.34567 70
-0.566949 1.13198 70
9.84243 -0.236131 70
-0.69367 -0.582391 70
-10.2533 0.915626 70
-0.432112 -1.4354 70
11.1169 -1.3268 70
0.281484 0.869517 70
9.89761 1.18918 70
-9.72662 10.8689 70
-0.900454 10.0381 70
1.15773 20.236 70
1.26839 -0.544228 70
-1.49664 11.4379 70
-1.07113 -9.58799 70
-9.69696 -20.0994 70
8.81146 1.21432 70
9.05893 -0.767504 70
-0.133436 -21.1787 70
-20.8221 0.332046 70
0.194628 11.3946 70
9.30675 -0.31789 70
9.39342 1.21604 70
9.94197 0.396399 70
0.768043 9.17928 70
-31.1818 -109.107 70
11.4755 0.750889 70
9.45193 20.1377 70
9.94783 19.0987 70
59.7241 21.3282 70
-19.1522 19.624 70
11.1465 -0.607063 70
1.34137 -8.79742 70
0.321619 -0.292909 70
-0.985541 0.266679 70
19.083 20.6552 70
-0.327719 -0.0122493 70
0.398002 0.4387 70
-0.91403 -0.148331 70
-1.23575 1.47131 70
-19.1945 10.909 70
10.662 1.31668 70
9.5328 -0.60164 70
-10.2032 19.3961 70
-0.649418 0.388591 70
1.18127 1.10476 70
-0.942718 10.8739 70
-18.5907 28.5188 70
30.1378 -10.9468 70
19.5115 40.8436 70
-0.552841 1.25961 70
0.280954 -0.0976214 70
-9.20844 -10.9023 70
-11.0466 8.91156 70
1.48616 0.936543 70
31.0697 -0.319029 70
1.4618 -1.33555 70
1.12771 0.459472 70
0.635902 1.44473 70
-8.86944 -9.96186 70
8.94776 -9.62642 70
0.193918 -10.5693 70
-0.692156 0.617333 70
1.03325 -0.787047 70
1.18231 9.56339 70
-10.0955 -9.59681 70
10.8395 -11.4182 70
-0.0577253 1.23464 70
-0.614758 11.2208 70
-1.33852 1.10735 70
10.1197 -0.55163 70
0.09488 0.801174 70
0.558437 31.3984 70
-30.3642 21.2821 70
1.18775 19.6864 70
78.6017 -61.2715 70
80.6639 -59.2052 70
0.041219 10.9976 70
-1.1853 11.3677 70
1.28616 -1.34752 70
-1.43169 -1.40854 70
0.133468 -0.511106 70
-0.209564 10.8772 70
-0.117383 -1.4834 70
-0.926731 1.06388 70
-29.2701 1.47912 70
0.858359 0.67929 70
-0.69544 -0.161052 70
0.902786 9.14745 70
19.3843 -0.19884 70
10.5308 -1.40228 70
0.784177 -1.35649 70
0.429038 0.388567 70
-1.22796 -20.4556 70
-9.50208 50.4567 70
20.395 10.8284 70
0.944039 0.593631 70
19.0848 9.71975 70
11.079 10.5437 70
10.4171 8.92173 70
-0.776629 -0.931459 70
1.24909 0.0832259 70
-0.628947 -8.87828 70
0.255351 11.3116 70
8.73388 11.2303 70
0.645015 -1.23382 70
-0.364012 -0.89697 70
-0.107165 0.693448 70
0.187234 0.0667233 70
-1.0579 0.256887 70
1.44428 1.13574 70
1.0503 -0.695959 70
-10.0972 9.33812 70
-10.0254 -1.25272 70
-1.07922 0.841469 70
0.1756 9.97 70
1.43652 10.4835 70
1.08799 0.262855 70
-8.81891 -8.99857 70
-10.9757 20.6367 70
-0.00935939 9.71042 70
1.25744 10.9542 70
-1.44043 9.19493 70
1.45726 1.30623 70
-21.4742 39.1028 70
11.4379 9.06961 70
0.0887339 -1.12153 70
-1.13964 9.95347 70
1.42423 -0.93043 70
-0.888389 19.3659 70
-0.596529 0.545285 70
-0.0358628 8.71019 70
-10.8988 -10.5716 70
-79.4946 -1.12614 70
0.904305 1.37964 70
-9.4507 31.0177 70
-9.11598 28.8561 70
38.8248 -30.5463 70
21.4315 19.4968 70
-0.973385 -0.127667 70
-1.48712 -9.5623 70
-0.0751794 9.06834 70
-1.1214 -0.42422 70
-0.374959 -9.08856 70
1.22899 11.263 70
-0.402251 -0.238342 70
-0.482573 -1.13696 70
-0.0534887 1.17539 70
10.8867 -1.25774 70
9.89696 11.4538 70
0.347334 -0.780668 70
10.7253 0.852999 70
1.16458 -9.42803 70
-50.0704 90.3484 70
0.0209267 -9.75692 70
0.18652 -0.367664 70
-10.9807 -1.22299 70
-9.08493 0.880117 70
-10.1175 9.04538 70
49.6406 -50.6106 70
0.139766 0.951381 70
-0.660299 0.865127 70
1.18729 0.999411 70
0.402194 -0.23312 70
-39.9197 -0.840567 70
0.652421 -1.10634 70
0.673069 -8.50387 70
1.02815 -1.16542 70
-1.03279 -11.3314 70
-10.7348 -19.7516 70
0.902456 0.19209 70
20.9964 9.09766 70
-11.1266 -9.3602 70
0.243449 0.990454 70
-0.969779 -1.08806 70
0.571592 -1.0688 70
-0.585014 19.0224 70
28.9399 -28.7235 70
-0.726383 -0.886078 70
11.1307 9.29194 70
0.375737 -19.6696 70
8.69597 1.13172 70
-0.462238 -8.75913 70
10.9853 10.6785 70
-0.791756 8.99364 70
9.19538 10.2321 70
10.3689 10.7563 70
-0.257676 0.876176 70
10.5058 8.843 70
0.771805 -1.39423 70
9.22872 0.00408536 70
-20.9633 -8.92289 70
1.29347 -11.4199 70
-1.36861 0.511641 70
0.606059 1.31739 70
-9.24218 -9.15405 70
11.0878 9.09364 70
-0.797069 -0.736289 70
-1.30476 8.50977 70
-0.651176 -0.40947 70
31.1512 21.2165 70
30.4631 18.8576 70
-31.0058 39.5741 70
0.227193 0.297558 70
8.85376 20.9119 70
-9.77567 8.92958 70
-0.418742 0.372063 70
1.20885 -0.115839 70
10.4002 -10.595 70
1.35247 0.63733 70
-1.47121 9.61541 70
-19.146 39.2076 70
40.5277 9.46679 70
-0.95266 -8.67627 70
-1.25762 -0.682985 70
8.77866 -1.49851 70
-18.8925 -30.8935 70
0.540476 -39.9339 70
-1.26643 1.18258 70
-29.8827 1.19064 70
-1.48361 -10.4451 70
20.4027 -0.248869 70
21.4456 20.6632 70
-1.09746 9.81246 70
-20.5111 19.6552 70
11.273 10.928 70
-1.30375 -0.677401 70
-0.793423 0.791163 70
-0.750369 28.6052 70
-0.432502 0.662289 70
-1.15227 -1.1987 70
9.76056 -10.3524 70
-0.0399074 -1.23441 70
9.10963 10.2596 70
9.21525 -1.16366 70
8.91995 0.0572685 70
10.446 9.73475 70
0.0956579 -0.349905 70
10.3422 -0.554253 70
0.462173 -1.41586 70
20.6941 9.98138 70
9.00916 0.154883 70
0.593938 0.975036 70
0.354222 0.713183 70
0.395372 9.26007 70
-8.7668 39.743 70
58.8209 -19.4555 70
0.408169 -0.817023 70
19.6593 19.4327 70
-11.3717 -10.2992 70
28.9098 -0.851299 70
-11.226 10.3578 70
-9.56186 0.230357 70
-0.19189 1.46641 70
-29.6999 -19.5136 70
0.779075 -1.2324 70
-0.128802 -0.826495 70
-0.0947063 10.5263 70
10.1001 8.70533 70
-31.0187 9.73221 70
-1.13731 0.223163 70
-0.736645 -1.10102 70
11.2915 -9.60247 70
0.135231 11.2178 70
18.5847 30.496 70
1.31194 -1.35789 70
10.427 0.115236 70
-0.160176 0.810774 70
-21.1933 -1.34965 70
-20.8946 -19.1279 70
8.77053 0.324847 70
10.5758 18.5487 70
-8.99632 10.7005 70
-10.8351 9.48866 70
10.0008 10.3855 70
1.30466 19.2823 70
-0.502096 0.559195 70
59.5559 19.3158 70
50.5724 81.2282 70
0.576698 10.7908 70
18.5253 90.4265 70
-0.345064 9.93106 70
30.4317 -0.407815 70
-1.25097 -0.662688 70
-10.7057 -11.3779 70
10.3915 10.0383 70
1.19658 -11.2434 70
-0.48662 -11.3237 70
9.38194 -11.4967 70
1.01499 -0.770239 70
-9.60997 -1.40469 70
-10.2187 -0.63494 70
18.9725 10.7347 70
0.644168 -1.35248 70
0.611975 -10.6132 70
0.779764 -10.9033 70
11.1398 -0.57938 70
0.851318 9.40022 70
0.38354 1.23318 70
-19.9081 9.48959 70
-1.27811 -10.1452 70
-29.0543 9.23409 70
-0.058661 0.812233 70
0.325857 -10.5767 70
-10.9143 -9.65048 70
61.4545 -31.4345 70
-0.128255 1.29245 70
-1.04112 0.558867 70
0.423181 9.61246 70
1.03965 0.976266 70
21.2691 10.0836 70
1.42398 0.242308 70
-10.9749 -29.9767 70
-0.241698 20.6508 70
-1.43799 -11.1552 70
8.77697 10.762 70
-11.1999 -11.0872 70
0.464872 -10.6986 70
-11.0669 0.869242 70
-0.966275 -0.507172 70
9.42781 31.3438 70
-9.80111 9.58356 70
-9.01837 -11.3513 70
20.7596 50.6488 70
38.6598 -20.4877 70
0.980198 -1.13171 70
31.026 -19.6816 70
8.53751 9.63996 70
-1.20756 1.07115 70
-8.65298 9.57762 70
-1.31548 -0.45899 70
1.28575 1.07258 70
11.4229 31.067 70
11.2162 11.2691 70
-21.1429 0.499473 70
-9.75316 0.782517 70
19.4151 9.40439 70
9.67839 -29.8913 70
29.4057 28.959 70
-1.03706 9.23526 70
-19.03 -68.8962 70
-30.9553 68.9985 70
-39.6534 70.7 70
-21.2835 0.873603 70
-19.3173 -0.542338 70
-1.2433 -11.4813 70
-0.849105 9.77516 70
-0.258397 0.464379 70
0.493248 0.841451 70
-1.36016 11.283 70
19.8229 9.37406 70
0.230164 8.71538 70
19.9245 -11.2643 70
-1.04274 -0.736137 70
11.2346 -0.208688 70
-0.226428 21.1978 70
-10.5235 20.1146 70
-1.49989 -50.4648 70
-11.1069 0.326229 70
1.01525 9.00818 70
8.59446 19.7049 70
0.831882 0.337859 70
29.3506 1.24989 70
-0.977979 1.07182 70
-8.92174 11.0475 70
9.8716 0.621454 70
-79.7973 -28.9593 70
-20.9408 19.6398 70
-0.330403 -10.583 70
1.21744 -1.42713 70
1.00307 11.2734 70
59.4022 10.6805 70
-0.0539868 -30.0285 70
-70.4117 19.8159 70
1.40375 10.965 70
-0.992296 -40.2884 70
-60.2795 -29.2284 70
29.5092 9.96076 70
0.613029 -1.46124 70
100.712 -9.02302 70
29.1705 -20.0057 70
28.5362 -20.0612 70
0.615815 0.309682 70
10.9416 -51.1159 70
-10.6652 9.22568 70
-1.31567 1.4307 70
1.17288 -0.706578 70
0.998801 0.820415 70
11.119 0.428437 70
-19.5689 -1.35609 70
10.6327 -0.526249 70
-19.5718 -8.98594 70
-9.71159 0.637979 70
19.759 20.1171 70
0.0656277 1.20775 70
-1.41877 -1.1117 70
1.10006 -9.54532 70
-0.346732 0.0235534 70
1.07367 -1.43271 70
0.485249 -0.968315 70
19.1807 39.5377 70
0.998215 9.84029 70
-0.886047 31.2541 70
10.1465 -0.290761 70
0.903588 11.3016 70
0.438897 -0.746277 70
-1.02176 19.7314 70
-0.604645 -9.94559 70
11.2114 -0.11259 70
-10.8464 8.60276 70
19.2857 0.167816 70
0.12822 18.7828 70
1.06716 -0.860031 70
-1.44272 0.630895 70
-1.19031 -10.6288 70
0.165096 -8.76391 70
-0.595825 0.924517 70
11.0282 29.4346 70
39.2724 19.4899 70
0.804554 -0.937536 70
9.92708 1.44598 70
10.636 10.2804 70
-49.7964 8.65072 70
10.6434 8.60623 70
-0.46299 10.543 70
10.9812 8.51955 70
0.527897 -0.350735 70
-0.0474016 -1.44019 70
-1.10796 -0.993205 70
1.37158 0.595833 70
10.1 8.67566 70
-8.87987 8.76409 70
19.2246 19.8734 70
9.61688 -9.66037 70
20.0325 -110.666 70
11.1212 -18.7228 70
0.865025 10.0943 70
8.92002 20.976 70
-20.3964 -20.7755 70
10.533 -19.501 70
-0.306263 1.4215 70
