0.539585 1.26233 70
30.02 0.841238 70
1.14547 9.34099 70
10.7085 -0.299222 70
0.435231 -1.31207 70
-0.485835 -0.917973 70
0.438913 -0.785277 70
11.132 -19.394 70
9.37222 -0.836318 70
19.7137 -1.02007 70
10.5789 0.155254 70
-1.48275 -20.911 70
9.60448 9.38211 70
0.0653903 -0.0673431 70
9.41151 20.052 70
11.1334 -0.103107 70
0.865703 11.1233 70
31.3054 29.4949 70
-1.24282 0.130616 70
-0.664108 9.04338 70
8.56259 1.10154 70
-20.3192 -19.2819 70
-0.540471 11.0241 70
11.3857 -9.06935 70
-10.9613 -58.8868 70
40.8877 39.9419 70
19.9121 -20.4119 70
10.4349 1.05988 70
-0.884062 -9.66857 70
-0.477083 0.698331 70
10.382 1.27472 70
10.1018 11.1868 70
-1.30102 -29.6731 70
8.71216 -10.0337 70
9.91518 -0.884535 70
-1.0118 18.9821 70
0.9207 0.683207 70
19.7975 8.90818 70
18.6086 -0.312503 70
9.72241 1.47364 70
-0.217949 10.9445 70
-1.48302 20.2074 70
9.59811 10.9314 70
-19.3934 -9.55752 70
-38.5837 -19.8524 70
-0.697807 -1.10772 70
0.631235 10.6883 70
8.51773 -0.826423 70
10.6482 9.01683 70
-0.3064 -0.260663 70
1.44946 1.40275 70
-0.317819 -1.08709 70
9.22839 0.708155 70
11.3131 18.5293 70
-9.05614 -20.7943 70
10.1255 11.4559 70
11.1468 11.1198 70
9.39943 9.31684 70
9.194 8.56683 70
-19.0172 10.9457 70
-0.321249 8.93863 70
-0.803737 10.137 70
-80.8906 -108.779 70
10.5726 9.19292 70
-21.0995 11.3944 70
1.47217 0.544993 70
0.397734 9.66552 70
-0.0954751 9.58645 70
-1.31996 0.514327 70
9.02627 -1.10816 70
-28.7411 -0.673329 70
-9.42526 9.63971 70
-0.66373 10.2262 70
-0.254618 10.2039 70
0.97838 8.99466 70
11.2205 -1.20438 70
0.686384 30.4689 70
8.9019 0.659612 70
-1.34018 -0.274209 70
28.8839 -0.525722 70
11.015 10.2502 70
38.8086 -48.6484 70
0.988239 10.243 70
-0.756359 11.3131 70
-0.414696 11.2725 70
0.707023 10.0117 70
0.751777 20.9916 70
-10.598 -18.7082 70
1.01976 1.12041 70
9.50772 1.45683 70
18.9174 -0.3383 70
19.1292 0.331553 70
-0.347407 -10.6588 70
30.8784 9.74832 70
10.574 10.4748 70
10.9543 -0.363628 70
8.96144 0.924841 70
-19.098 41.4198 70
10.691 9.44105 70
11.4063 -1.22365 70
9.24112 -0.903897 70
10.4335 0.419435 70
29.4698 -9.53915 70
9.79749 -10.3465 70
1.38092 1.09965 70
-11.1662 9.357 70
10.2006 1.13101 70
-11.4139 20.479 70
-0.0151397 0.765136 70
-0.855884 0.818596 70
19.3152 9.77908 70
-0.843838 -9.95227 70
10.9363 -0.259322 70
11.331 0.272515 70
21.2742 8.86579 70
19.5646 -9.1605 70
1.02922 -8.85538 70
-10.3824 -11.2012 70
21.2912 -8.98077 70
-1.36901 0.874863 70
50.8996 40.1828 70
-30.1296 -19.7867 70
-0.578164 1.10585 70
-29.1483 -18.6333 70
69.3417 78.8347 70
11.3004 -0.642173 70
19.749 -10.0771 70
88.5062 -19.1959 70
-20.4529 -68.8557 70
10.2111 9.66807 70
20.4006 18.5453 70
-1.3804 9.26706 70
10.2413 1.4079 70
10.7102 -9.31527 70
1.27525 -1.28347 70
10.5053 -10.5579 70
10.7818 -0.307345 70
8.69991 -0.164423 70
-10.661 0.225874 70
9.10254 0.850852 70
-1.24326 11.4152 70
19.7461 0.632395 70
-1.09994 18.7678 70
-0.369412 19.13 70
9.46034 0.423778 70
9.17586 1.11224 70
-0.676684 -18.6514 70
-9.03089 40.4108 70
0.769567 -9.86253 70
10.9219 20.7579 70
11.0495 18.6993 70
-0.642113 39.1347 70
10.2513 8.65963 70
0.0250879 11.4353 70
10.8972 1.30862 70
-0.0851036 0.473176 70
0.629047 0.0322776 70
30.8203 -10.0652 70
31.4067 -9.70393 70
9.72785 0.518539 70
51.4323 30.3649 70
31.3171 10.1172 70
10.0034 -1.35679 70
10.0962 -1.1 70
-51.05 -41.3675 70
-29.3899 41.4721 70
-10.8244 -8.51272 70
-0.0365813 -119.868 70
10.5508 0.213791 70
-1.11554 -9.61681 70
0.450317 50.4885 70
0.917614 0.0404993 70
-1.09136 1.41869 70
1.07443 20.12 70
1.2642 -19.3551 70
-1.10462 8.85033 70
-20.76 -81.4197 70
10.7382 0.885689 70
31.3017 10.2438 70
-9.35795 19.1657 70
-31.1042 -29.9252 70
10.6272 0.113385 70
8.71714 -18.8658 70
-0.28726 9.04507 70
-0.335441 8.64696 70
0.61292 -9.6582 70
-1.121 9.25176 70
-1.11236 29.923 70
-20.8612 30.1041 70
1.05637 -0.103128 70
11.3167 9.89186 70
10.7684 10.2399 70
8.81361 1.21302 70
-0.62424 0.981512 70
8.746 -1.36098 70
10.4765 0.524828 70
9.7133 -11.0535 70
11.4774 -9.82022 70
1.18364 -10.1265 70
9.9801 0.0195938 70
0.777591 -8.79451 70
0.748871 -1.12535 70
10.7825 -0.765106 70
8.69981 0.0496526 70
9.8451 10.5246 70
10.7567 -1.07166 70
9.59236 28.7752 70
-0.262187 -1.09345 70
10.0902 11.451 70
9.36018 0.769112 70
-0.606073 11.4159 70
-19.088 9.14108 70
9.83565 0.636962 70
10.7443 9.23204 70
0.937803 8.78885 70
-0.81032 8.55716 70
-60.5594 9.74218 70
8.75444 0.173538 70
-0.740103 0.720675 70
-21.0622 9.08092 70
-8.68106 -1.48395 70
-1.42631 0.851222 70
-18.5221 9.35955 70
50.7582 18.6462 70
-1.18268 -0.926577 70
0.696491 11.1884 70
10.8144 -8.66527 70
-0.105816 11.351 70
-0.370017 -0.612429 70
19.9502 0.752053 70
20.6939 11.2455 70
9.89094 -0.394709 70
11.0484 9.00067 70
10.0626 0.796735 70
11.2155 8.53698 70
-20.5161 -40.8028 70
9.82853 0.854266 70
-9.75466 19.4276 70
8.88205 -0.85787 70
9.96108 10.5239 70
50.619 0.672001 70
-9.76553 -0.268284 70
11.4841 -0.831457 70
21.4634 10.4413 70
11.0263 9.28119 70
-0.977007 -19.1474 70
0.938992 -0.878713 70
40.3701 0.435227 70
-1.05592 -9.69974 70
29.6459 8.91485 70
21.4447 -20.8434 70
10.598 21.4621 70
-1.49714 8.80613 70
-0.518308 -0.914944 70
0.439727 -0.775784 70
1.2024 0.960471 70
10.4247 -1.33917 70
59.6846 -10.3153 70
-0.89413 -9.96911 70
20.7258 0.0167751 70
0.715482 9.43318 70
-9.26119 -89.5688 70
10.192 -1.28083 70
10.0335 8.65285 70
-1.1503 8.78382 70
8.50531 20.8101 70
10.2747 -1.16914 70
20.6345 20.3083 70
10.8039 1.11464 70
0.0913931 1.34293 70
-9.25659 10.21 70
10.5615 10.1693 70
11.2825 -1.2211 70
-0.219423 -10.7648 70
9.48574 -0.481703 70
30.9974 50.7976 70
19.2895 0.200266 70
30.0643 18.5888 70
1.16522 1.41138 70
38.9916 -10.3931 70
-0.862699 -1.47021 70
-0.17375 11.1447 70
29.9297 9.84723 70
-19.0799 -19.3123 70
11.4851 -0.852817 70
8.61004 -10.8989 70
-0.185466 1.49328 70
11.3425 11.1598 70
0.849357 20.697 70
-1.08273 -0.590577 70
19.8082 -0.409274 70
8.80006 -0.0934952 70
-10.5788 0.538026 70
10.0355 10.7861 70
1.22384 0.47927 70
9.39128 -0.777532 70
8.81405 11.4753 70
-1.48055 0.773973 70
39.1274 -69.1177 70
-0.923576 -0.265245 70
-0.636791 1.29959 70
0.598264 0.535211 70
0.513147 19.5369 70
49.307 18.7514 70
10.5757 -20.5682 70
9.21033 -9.38404 70
80.7707 41.3498 70
10.536 -0.695718 70
9.43076 8.63986 70
30.7614 -20.1306 70
-0.842326 1.42591 70
-0.649883 -1.33999 70
-0.744989 -8.58499 70
1.17802 -9.18779 70
10.0314 -0.797593 70
1.02469 -0.47021 70
19.8704 0.575713 70
-20.0486 9.25431 70
-18.8277 31.3526 70
10.5843 10.9431 70
-18.8402 1.03202 70
9.74458 10.7651 70
29.8098 -11.0462 70
10.7142 10.0981 70
11.4328 -0.277843 70
10.7639 8.63395 70
-29.3446 40.1936 70
19.3132 19.9432 70
0.965574 0.7302 70
0.803543 0.444964 70
8.65729 10.4629 70
9.67966 0.428038 70
8.56966 8.50827 70
10.0816 11.1937 70
-11.1371 10.4746 70
-10.4873 -20.1042 70
0.678909 -0.891923 70
8.91403 -0.419547 70
10.6416 10.7614 70
-1.06221 0.270162 70
-9.69047 0.98868 70
-10.5996 0.3645 70
9.88705 0.415857 70
0.355064 -9.0066 70
18.8641 1.00034 70
1.3546 -0.793093 70
-1.11896 20.8631 70
9.3436 9.54678 70
18.7149 9.58531 70
0.235022 -10.2395 70
10.1303 0.0154906 70
0.502033 1.42984 70
1.22836 0.351764 70
20.9231 -9.16639 70
0.715306 -18.644 70
-0.000858367 19.4502 70
-1.34688 -1.31498 70
30.9403 10.588 70
0.09506 11.1872 70
0.445238 10.4907 70
1.41084 9.52697 70
1.28084 9.07773 70
0.500821 -21.0851 70
0.905105 -9.7937 70
0.31781 9.60245 70
-1.05412 11.3771 70
10.5903 -1.48977 70
8.59712 11.4088 70
1.07398 9.40596 70
10.3379 0.886983 70
-1.20785 8.83837 70
-9.15533 9.44924 70
-0.450364 -1.27826 70
-9.09823 11.1599 70
30.405 -0.419163 70
0.263457 9.83386 70
8.79542 -1.42754 70
40.2163 -1.06096 70
-0.98117 -0.56278 70
1.4723 1.0283 70
28.8664 -21.3606 70
50.0928 -21.1643 70
-11.4292 21.2973 70
1.12093 -0.163719 70
-1.42565 10.098 70
11.3218 -0.238954 70
8.63881 0.772608 70
-18.8256 -8.73307 70
0.165353 10.9122 70
-0.892064 8.80062 70
11.157 -9.34623 70
8.99877 10.8465 70
40.2657 21.2456 70
-0.268012 -0.661027 70
1.32273 0.834213 70
0.337547 -8.51318 70
9.15081 -0.873809 70
0.413027 9.22873 70
0.904851 0.918411 70
0.861062 9.78665 70
8.69792 11.1951 70
-1.06507 -10.716 70
-0.0467114 -0.415015 70
8.5613 0.458566 70
18.6042 -9.39742 70
0.665043 -0.229787 70
20.1907 91.1827 70
-9.27864 10.555 70
8.50143 20.5724 70
-11.0312 -19.679 70
20.7056 -59.0479 70
8.83379 0.897665 70
8.76922 0.981038 70
9.14083 0.586481 70
-0.660131 10.7114 70
-19.7416 9.88636 70
10.6836 -10.1632 70
0.0997564 20.0767 70
11.489 19.6219 70
-40.3166 9.38231 70
0.574757 9.13071 70
10.9899 -9.67897 70
11.2943 1.25071 70
-10.6968 -11.192 70
-0.598039 9.71233 70
-0.7516 10.1986 70
19.9332 -9.0605 70
9.68382 -0.967474 70
-9.82384 -10.5441 70
-18.5202 9.67008 70
-19.2231 -30.7743 70
20.9216 -11.248 70
0.491514 0.889938 70
1.32008 -19.8651 70
-10.5534 8.75617 70
-20.583 -30.3922 70
19.2998 -19.4259 70
9.0019 -9.61889 70
18.9188 0.987514 70
18.8016 0.301551 70
-1.06688 -9.69356 70
-1.08443 -0.645119 70
11.0594 -1.29664 70
21.0232 0.401422 70
-11.3234 41.1525 70
-0.492865 0.162237 70
-1.30219 -1.29181 70
-29.8437 -38.8594 70
0.153923 1.04737 70
-19.2911 -8.95644 70
0.841099 -0.786442 70
-0.378653 1.26207 70
0.467584 -0.600306 70
0.867044 -10.5899 70
10.4952 -1.44139 70
18.9708 11.3324 70
0.102238 -0.557209 70
-9.27171 8.7878 70
-11.1768 9.15938 70
-10.9672 10.751 70
0.31995 -0.687214 70
21.4671 0.857268 70
0.43165 -71.4657 70
10.7976 10.5184 70
10.496 28.8714 70
0.618329 11.2637 70
21.0435 0.920927 70
0.958706 0.765214 70
0.0449888 0.930188 70
8.61126 -0.426602 70
9.09245 9.22261 70
11.1566 38.9578 70
9.21922 -1.13658 70
8.70183 0.897406 70
-8.98233 -20.3472 70
-0.396921 -1.04611 70
31.3638 -1.05254 70
11.4369 19.5585 70
10.4692 19.9148 70
19.3317 0.888873 70
9.16564 -0.924873 70
-0.945952 0.14114 70
-10.9789 0.736882 70
0.142614 29.1977 70
10.8107 20.0673 70
49.096 41.4695 70
11.3844 1.05421 70
8.93872 1.3509 70
-0.918674 -1.19113 70
10.8025 -1.32104 70
18.8057 0.871111 70
1.23713 -20.8197 70
10.6983 0.0944379 70
10.352 -0.690021 70
0.25991 0.873219 70
-0.820666 8.67793 70
21.1901 11.0957 70
11.209 9.67093 70
-0.4709 8.72655 70
9.81712 -0.933249 70
8.51937 1.41572 70
10.1471 0.220234 70
-19.9925 29.3646 70
10.9486 9.95507 70
-1.49148 10.2112 70
68.5881 110.188 70
11.2962 0.282042 70
10.1217 -0.844307 70
9.63499 -0.0724167 70
-9.00624 18.5721 70
21.0644 9.20457 70
21.0153 10.4323 70
-10.6588 -10.7135 70
8.68324 -8.69355 70
1.3916 -11.4785 70
29.615 0.95492 70
8.64523 -0.0923407 70
-8.50652 11.4571 70
9.49841 0.447785 70
21.4131 20.1368 70
21.1666 21.0397 70
-20.9795 -59.9284 70
-20.3343 -58.7284 70
20.835 9.69782 70
8.7953 31.0948 70
18.929 18.5498 70
9.06031 -1.47411 70
-1.46846 -21.0819 70
-1.47436 -1.17367 70
-9.10528 -38.9184 70
11.0179 9.82577 70
0.188855 49.2097 70
-11.1987 8.82772 70
-10.2638 10.8782 70
50.0798 9.43205 70
10.3337 21.2516 70
21.3658 19.0589 70
40.4041 -121.055 70
-10.4581 20.0282 70
-0.605073 -1.22471 70
0.772338 0.0250767 70
10.6825 -8.88005 70
-11.1168 10.5676 70
-20.054 10.6669 70
8.82779 -0.30211 70
40.043 81.4373 70
9.61319 19.362 70
10.8064 -9.26226 70
-1.15988 -1.20341 70
0.22437 10.9405 70
10.0876 8.59164 70
9.06241 68.8534 70
-9.87515 1.13412 70
-41.1957 -111.248 70
-19.2475 -51.1193 70
-1.45437 -9.0263 70
10.5745 1.02797 70
8.56199 0.793035 70
0.264734 0.264104 70
0.00643077 -1.36337 70
1.15322 19.3801 70
1.03524 -0.629741 70
-0.201655 1.05032 70
0.260396 10.3602 70
-8.98638 -0.932132 70
-19.9353 9.19154 70
9.71722 -0.391861 70
9.14026 -1.11107 70
-9.77509 -8.86559 70
-10.8477 -1.31807 70
1.30366 0.654041 70
10.723 11.2807 70
-0.396076 1.03374 70
28.8556 40.188 70
-0.676858 0.80417 70
19.467 -11.048 70
-1.26392 0.939436 70
0.6992 9.68774 70
1.2274 1.41863 70
1.07941 0.000713753 70
9.36391 -19.3028 70
10.5471 -21.236 70
10.2856 0.50913 70
10.235 -1.32689 70
10.0024 21.1311 70
-11.1658 9.43502 70
-49.0203 -20.0121 70
-1.16833 19.0333 70
51.3461 -38.6075 70
9.36052 9.99525 70
11.0673 -0.374977 70
10.4005 19.1551 70
8.86284 19.0506 70
99.5937 29.5535 70
10.0074 0.920377 70
41.0081 20.6674 70
1.08719 -0.0246897 70
10.137 10.3707 70
9.33691 0.177869 70
-8.55758 29.8729 70
9.15032 -0.770043 70
-0.514818 -1.45024 70
10.094 9.22314 70
-9.27475 10.3477 70
9.24519 20.2584 70
0.194867 1.17079 70
-1.27439 10.8762 70
8.51457 -1.46344 70
19.023 29.5423 70
10.4737 -9.34114 70
0.0651219 28.5845 70
-28.8465 9.05688 70
-19.1253 9.26602 70
-0.609371 10.6959 70
-0.639497 -0.279439 70
-69.5917 -28.9006 70
-1.31775 10.0581 70
11.1531 0.683846 70
10.5514 0.56972 70
-0.0255432 -0.214063 70
18.8623 -48.9341 70
-0.52257 -0.384675 70
68.828 -29.6687 70
9.24202 0.249319 70
-0.580388 -1.13777 70
8.89776 -11.4314 70
-0.89922 9.42218 70
-1.29061 -9.60158 70
29.5635 -38.604 70
28.7026 21.0316 70
1.45765 -1.45274 70
9.52924 11.3479 70
0.796206 -10.4881 70
8.62388 0.45063 70
-20.8241 19.5947 70
8.84384 1.12945 70
18.937 0.145178 70
-0.285647 0.808926 70
1.34621 -0.182729 70
9.58391 0.0485788 70
-11.2891 10.6585 70
-0.688841 9.78489 70
18.7616 -60.5517 70
-0.729099 0.3006 70
10.6709 -1.20732 70
-8.90472 -1.17534 70
-0.79751 -0.314012 70
-1.16981 0.955224 70
0.245882 0.578896 70
9.31928 11.4986 70
21.2666 9.33499 70
-0.0204529 -0.6705 70
19.1365 11.4892 70
20.0792 -0.219252 70
50.32 -39.3522 70
11.2502 1.17527 70
10.6002 -0.392612 70
9.00679 1.31618 70
-19.3767 -1.2255 70
0.0956152 0.914081 70
19.1138 30.724 70
-0.436222 -0.651532 70
10.3282 11.0649 70
11.3404 -0.0550888 70
11.2053 -1.12618 70
-0.0570326 -1.21978 70
-10.5914 9.09833 70
11.174 -1.4781 70
9.55159 9.93912 70
11.0599 10.1505 70
-11.2077 9.33188 70
11.3703 8.76809 70
-0.0632534 9.77217 70
0.230578 9.41717 70
20.9582 39.1294 70
-9.10469 -9.36565 70
-0.488854 0.452963 70
31.2014 10.6514 70
19.3136 11.08 70
-10.0723 -19.1441 70
11.4948 0.26957 70
9.3776 11.0481 70
-29.8297 -18.631 70
9.25853 -0.187282 70
-1.01673 -8.71632 70
-39.3799 -1.24676 70
-10.0072 -20.6959 70
8.54673 9.92653 70
-69.7458 40.5953 70
40.6516 -29.0575 70
8.53733 21.0223 70
0.324032 11.0299 70
9.84174 -0.811374 70
10.186 10.8901 70
10.0599 1.12876 70
9.56352 30.6194 70
20.568 0.689485 70
-10.9149 1.20502 70
9.48966 0.667768 70
10.9535 -0.781661 70
-10.1045 -1.0499 70
8.52847 -1.36506 70
10.1117 8.60442 70
-1.44154 -8.82163 70
-0.329703 -10.7889 70
1.13742 -0.177462 70
10.5191 -1.14968 70
20.0429 -9.41326 70
0.30887 0.607526 70
0.313178 -1.08124 70
1.05221 11.1881 70
11.0054 -9.27925 70
8.7329 -10.8911 70
9.32406 9.54622 70
9.89268 19.5386 70
-8.66106 -11.2179 70
11.4549 -10.7646 70
0.873412 -0.734221 70
11.1184 -0.361771 70
9.22104 -0.387953 70
11.4551 -0.456869 70
20.4555 8.6053 70
10.1879 0.434767 70
0.217456 -9.41542 70
-10.4948 10.7611 70
8.81513 8.55755 70
9.43901 1.41276 70
20.0809 9.15839 70
-1.10297 9.6891 70
-1.21877 1.47827 70
0.0710581 10.0052 70
28.9181 69.6564 70
9.4432 -1.43046 70
10.7836 0.456766 70
-1.0053 -0.36616 70
30.5089 -1.12208 70
29.7484 28.5452 70
0.755243 -1.2614 70
0.047254 -0.42739 70
0.117799 8.80461 70
