10.934 1.2462 70
-1.42877 -0.105437 70
49.3163 20.5716 70
-11.3013 -10.3708 70
0.923445 -0.42612 70
-0.179834 0.31147 70
9.45989 0.583387 70
0.525096 -0.175357 70
0.0989855 0.202793 70
0.533159 0.537333 70
-0.235463 -0.736292 70
-0.899537 11.239 70
0.771789 0.778208 70
-69.4664 10.2759 70
-71.255 9.9404 70
-1.4794 -0.616061 70
88.8777 -79.3084 70
-0.18057 -1.18211 70
-0.309158 -1.0871 70
39.1575 -109.934 70
-0.531369 0.665008 70
10.8929 -0.618155 70
-1.41625 -30.419 70
-10.7151 -10.6037 70
-18.7394 21.4213 70
0.911363 -9.94312 70
-10.0759 10.6637 70
1.17052 -9.74061 70
-20.4269 -28.7171 70
-1.23249 0.367372 70
-18.8683 0.461866 70
-9.03384 -9.87573 70
20.4538 39.6041 70
69.6101 -31.1133 70
0.538495 -0.0968042 70
-9.18426 29.8331 70
-10.7886 11.4955 70
-0.112939 1.26187 70
8.8442 -0.823154 70
8.98049 -29.7296 70
-0.211687 1.10248 70
9.24772 -10.6745 70
0.824243 -20.5832 70
0.675925 -0.713384 70
49.2443 20.0985 70
9.12735 -39.4729 70
0.742468 -10.2955 70
1.06726 0.72039 70
1.42496 0.744458 70
0.478956 -1.27367 70
30.1235 39.981 70
-1.42804 -0.906241 70
-0.513491 0.643852 70
1.0684 -1.26653 70
-9.63684 -11.1386 70
-19.9463 9.18462 70
9.60178 9.41676 70
0.464065 -0.649667 70
-0.94555 1.23205 70
-19.3945 21.3567 70
0.302148 -0.60931 70
9.1543 1.43105 70
8.93893 -0.123191 70
1.02199 -1.4199 70
11.0053 -9.69155 70
1.31608 -0.343184 70
-9.79267 -30.8037 70
0.519888 1.2661 70
40.5442 -40.6661 70
-1.35377 10.4088 70
1.2716 11.2236 70
0.489298 0.692056 70
-1.23548 -0.688655 70
-0.394194 0.507532 70
-0.431182 -10.7199 70
0.676023 1.33947 70
-9.93277 -10.2955 70
0.525483 0.96125 70
-9.35564 1.18775 70
1.2054 -0.417623 70
40.3638 38.891 70
1.06195 0.409182 70
-0.08874 -10.2488 70
-1.22379 -9.00029 70
8.943 11.2078 70
-10.108 -10.2371 70
1.11005 0.604263 70
18.7741 -20.041 70
1.47808 0.245194 70
0.742924 -1.4156 70
-1.18324 -0.130498 70
-31.0789 -9.8905 70
29.029 -10.3914 70
31.1188 -99.8888 70
-1.23162 1.38076 70
0.043715 0.433493 70
9.09343 0.491142 70
-9.40949 -21.0542 70
-18.5077 19.2259 70
0.0905539 -0.439485 70
11.1891 0.827193 70
20.7199 -31.4458 70
1.24785 -1.14203 70
-0.56106 -0.215312 70
-0.805945 -11.4904 70
-0.525655 -1.20822 70
-10.2582 11.2589 70
81.3762 -1.11846 70
-40.7058 -11.0412 70
-1.32988 1.46666 70
-10.4719 0.278588 70
-10.0933 0.76009 70
-10.7663 0.164048 70
-20.1666 8.75956 70
80.7052 -60.1376 70
0.491559 -0.378493 70
1.03399 0.895959 70
-0.290783 -0.59562 70
10.5325 0.692774 70
-1.41335 -20.529 70
-0.103416 1.025 70
19.7633 -31.0485 70
1.27679 -1.17373 70
-0.815892 1.34973 70
1.20909 -1.33957 70
8.58135 8.9843 70
1.11701 10.869 70
-0.0114203 -0.804451 70
-1.46214 -21.0319 70
-1.00974 0.754236 70
20.1179 -11.1299 70
0.47512 1.28994 70
10.3895 -10.9335 70
0.477999 10.8791 70
-20.1604 8.58076 70
-0.16707 0.431276 70
-10.838 -20.6744 70
9.10387 0.804468 70
10.5208 0.653542 70
-40.1529 -9.77431 70
-0.157319 1.32876 70
-0.553487 0.40464 70
0.824929 -0.387352 70
1.13929 0.12698 70
-1.42592 0.802223 70
0.857512 -0.849063 70
1.1301 -0.361939 70
-1.32105 1.38147 70
10.9936 0.284323 70
-0.351727 0.67301 70
0.597997 -11.1802 70
-1.28322 -11.2896 70
9.53986 -10.0804 70
0.50254 1.4889 70
-0.433139 -0.481396 70
-1.34379 -0.438061 70
1.17788 -1.35626 70
-1.0225 1.05604 70
-0.927493 -0.401235 70
11.2454 9.11515 70
1.30973 8.50234 70
-29.8268 10.8261 70
8.65446 30.0286 70
19.23 -10.1828 70
19.4274 -10.5936 70
1.00838 -10.1346 70
-0.325226 -0.826677 70
1.1475 -0.802148 70
-18.9827 9.23888 70
19.1831 -29.3487 70
-0.393936 0.335743 70
50.1931 -11.1027 70
-1.13839 -19.3405 70
-0.515609 -0.276536 70
-1.10246 1.47438 70
-0.507937 0.36701 70
-41.0366 18.622 70
-41.1314 20.3205 70
19.9916 -28.9518 70
-0.328696 -1.25326 70
-9.44963 -0.108835 70
-1.23157 -0.436951 70
11.2572 -19.357 70
-9.05683 0.749332 70
-21.019 1.24937 70
0.456485 0.402789 70
-0.0871605 1.2113 70
18.9749 -1.05113 70
-0.516642 1.49928 70
-0.621814 0.104486 70
11.052 1.46262 70
1.47881 -1.38068 70
-1.05102 1.36436 70
-11.3618 -20.9331 70
-0.675897 0.219168 70
49.4609 -19.613 70
9.3644 -10.4689 70
-0.72926 0.404002 70
-8.5047 -1.08417 70
61.0045 -38.9826 70
10.3006 8.77047 70
-19.5757 -9.50484 70
-0.583752 1.38476 70
0.575606 -0.470045 70
10.2976 -9.86493 70
-1.08566 0.0153523 70
29.1865 -40.8646 70
-9.6748 1.05649 70
-9.73377 9.34927 70
-1.44335 -0.197224 70
0.870028 0.860648 70
-19.2573 0.598536 70
20.4827 -8.73497 70
-0.93407 -0.484525 70
-9.68049 -10.7119 70
0.320285 20.9707 70
-0.53953 9.96394 70
-11.0735 -1.17078 70
-9.20314 1.23591 70
-0.774342 0.977389 70
-9.42817 11.3144 70
0.613151 1.25403 70
-8.62565 -19.4577 70
80.0858 30.5514 70
-0.256566 -1.18206 70
-0.742246 0.360473 70
10.0208 8.68682 70
-21.4771 29.1378 70
9.2025 -9.60504 70
-30.78 -10.1922 70
-0.843429 0.693845 70
-0.850818 -1.29507 70
-1.34515 10.515 70
0.264972 0.489469 70
10.3856 1.33899 70
-59.5355 29.0987 70
-10.7435 -60.1136 70
20.8833 0.63181 70
1.09977 0.341895 70
18.9881 -0.57858 70
-10.535 1.32734 70
-0.655775 20.9004 70
0.240554 1.36761 70
0.45739 -1.23486 70
1.00922 0.00701157 70
11.2954 -9.7637 70
9.96818 11.1189 70
-1.16502 20.4435 70
8.74176 -1.37455 70
-0.442928 -0.26779 70
-9.65573 0.347381 70
-0.743288 1.2174 70
0.996342 20.8204 70
-51.3358 -10.6446 70
-11.4111 -1.11928 70
9.28096 1.06625 70
-1.42721 1.47306 70
-0.149273 0.0668087 70
-0.14524 -9.0066 70
-11.3609 -10.5787 70
-10.088 -11.2117 70
0.140073 -0.290758 70
1.11775 -1.21794 70
1.17144 -1.11585 70
0.748204 1.09085 70
-0.202197 -1.10399 70
20.519 -8.61389 70
9.62264 -9.32363 70
0.879861 0.946498 70
18.569 10.2201 70
21.1735 28.7646 70
9.33865 -10.9074 70
-0.04283 1.18548 70
-20.4647 -0.151774 70
0.932541 0.356569 70
1.17562 -0.272137 70
-39.3204 41.1606 70
-0.893666 0.159554 70
-1.16493 -0.897207 70
1.40898 1.34884 70
1.4838 9.58764 70
0.318582 -1.33211 70
10.7742 -1.36152 70
9.36883 -20.0946 70
9.6996 0.812544 70
-1.33499 -0.117195 70
-0.126691 -0.228394 70
-1.21086 -10.6338 70
-8.51897 20.7851 70
1.08213 11.2986 70
10.4979 -20.5545 70
-10.7763 -8.72351 70
-29.4174 -19.5803 70
0.228678 -8.73614 70
1.32661 -10.4349 70
0.741183 -9.14285 70
-0.240894 -18.7547 70
1.38692 -20.958 70
0.836803 -20.756 70
10.4876 1.43496 70
-1.01322 1.46371 70
-28.9168 1.22355 70
9.04197 -11.1549 70
0.160176 0.0609652 70
-0.337861 -0.240327 70
-1.20679 -1.29623 70
20.8162 20.7248 70
8.5645 9.37005 70
9.04297 20.4844 70
21.2493 -8.94899 70
0.86072 -0.690522 70
0.430821 -0.287943 70
-0.768654 -1.43507 70
0.294751 -1.04861 70
8.66699 -39.1261 70
-0.616135 9.28447 70
11.2534 -30.5155 70
0.715249 1.46081 70
-1.31554 -0.317962 70
-39.1911 120.476 70
-1.04026 -10.433 70
1.29072 -9.32459 70
9.26349 -8.70035 70
9.80837 -0.474091 70
-30.5018 -11.0507 70
11.0435 -20.2609 70
-0.246714 10.31 70
8.57358 -1.40177 70
0.907524 -0.798996 70
0.822605 19.8059 70
11.2624 -1.37263 70
-0.286317 -11.0386 70
0.0685843 -10.4245 70
-31.3137 48.9494 70
-0.516185 -1.07901 70
0.624065 -0.689174 70
1.30524 -1.47242 70
-1.44912 0.294075 70
-0.834208 0.453349 70
-0.285969 0.0967764 70
-18.9708 20.5399 70
-1.13318 0.41281 70
-0.293928 1.4658 70
-1.28192 0.784227 70
-29.4195 21.4593 70
0.90814 -0.318705 70
8.7679 10.4442 70
1.36208 -0.399657 70
-1.10172 10.8971 70
-0.178495 9.25164 70
0.470461 8.73269 70
21.1301 -9.63015 70
11.3672 -10.2258 70
1.08956 -0.0725989 70
-19.5361 -0.429977 70
-18.7008 -1.18286 70
-0.55226 21.4476 70
-0.996323 -1.07209 70
-0.565768 0.706855 70
-0.680919 -0.318811 70
-11.2243 -0.472529 70
-11.1333 -0.618735 70
-1.1381 -11.2816 70
0.473677 -18.9716 70
9.49365 -1.27052 70
0.779403 29.2001 70
-1.24506 -9.61601 70
61.1072 8.87721 70
-11.1824 29.4014 70
-40.2821 -8.90168 70
-0.664235 -1.37319 70
38.5641 -19.7357 70
20.7307 0.349156 70
-0.0633808 11.2503 70
11.3174 0.479119 70
-9.33682 0.670758 70
-1.35155 -1.0225 70
-1.01081 -1.48994 70
-1.07807 -19.2045 70
0.446744 -1.38771 70
-11.1323 -21.1419 70
-0.0122848 0.320057 70
-9.59037 -0.485239 70
-30.9815 -10.6162 70
10.7386 -0.41232 70
0.0917405 8.94254 70
-0.0132488 -1.4347 70
-0.543719 1.25857 70
-10.5738 -9.57824 70
21.3036 -8.90622 70
20.388 19.401 70
18.7944 -18.7633 70
19.8996 60.4736 70
20.4882 59.6457 70
0.832977 0.69268 70
11.3452 20.2897 70
-1.42295 28.829 70
-0.261025 8.62258 70
1.29213 -8.61579 70
90.1916 10.7066 70
11.004 -0.697601 70
10.8091 1.2295 70
21.1883 -0.25613 70
0.963272 0.958134 70
-0.717424 -0.43881 70
-0.129048 -0.63746 70
-1.26002 0.588059 70
1.19287 -0.152809 70
-30.2321 19.7351 70
-18.9023 -0.641105 70
-0.72118 18.8696 70
-1.46249 -9.6999 70
8.50271 -0.305573 70
9.82989 -1.21895 70
0.123093 -0.156265 70
19.0553 20.8266 70
-0.405181 1.04112 70
9.92581 -0.676112 70
-9.09837 11.1085 70
-0.52336 11.3619 70
-10.4827 10.6448 70
11.1944 9.40242 70
10.4517 9.29393 70
9.17149 59.2562 70
-1.49682 10.7415 70
1.46912 8.79234 70
0.200108 -8.76067 70
-20.8082 -79.8849 70
10.4444 -0.373101 70
0.90573 -0.461239 70
0.917168 1.45183 70
-20.8627 -29.1741 70
0.918125 -0.632604 70
10.1658 -8.56624 70
-41.2891 -0.629742 70
0.823012 -0.15974 70
-8.76062 -1.01745 70
-11.0816 0.757151 70
-8.50955 -1.0708 70
8.5438 10.1777 70
20.2387 0.701012 70
18.8907 0.871469 70
8.80167 0.440225 70
0.287473 0.572244 70
-1.05003 0.186904 70
-1.29713 -0.630057 70
0.75844 -0.536746 70
-9.88661 -8.76625 70
49.1425 9.62619 70
-1.12409 -1.47165 70
9.53374 -10.0689 70
-1.29578 -9.41437 70
0.792653 0.391274 70
-1.04736 0.457512 70
-0.0123647 -1.00938 70
19.3245 9.43732 70
-0.502686 0.0724591 70
-0.715238 -0.739806 70
20.9963 8.64579 70
-1.19688 29.0539 70
-0.262724 -10.3478 70
-1.08539 -10.033 70
-0.394537 1.10044 70
-0.694331 -38.5578 70
-30.9246 0.839876 70
1.06165 1.15047 70
0.815729 20.4553 70
-50.9816 -49.0567 70
-9.57695 10.3366 70
0.230774 -0.860288 70
0.0906102 -1.39506 70
-0.427171 -1.35063 70
-11.1749 -31.372 70
-0.689032 19.6998 70
0.263078 0.940475 70
0.524156 0.663497 70
0.324185 -0.0423186 70
-10.3134 -8.97793 70
-8.96594 0.999483 70
0.375464 -0.699883 70
10.4076 -0.368338 70
-0.435378 -0.221561 70
0.688819 1.00484 70
8.59209 -1.02152 70
-0.634396 -1.11977 70
-10.4577 -1.24575 70
0.517461 -1.14784 70
11.4737 8.86804 70
-21.2904 0.193048 70
9.17048 9.87823 70
-0.194958 -1.35019 70
0.384116 1.31104 70
0.729898 19.0039 70
9.84717 -1.33248 70
1.29314 -8.84515 70
20.6113 0.946605 70
-1.23873 -11.0542 70
0.221291 1.49732 70
-10.8939 8.61888 70
0.924589 8.54294 70
10.8588 -0.345547 70
-21.2836 9.10626 70
-0.590621 0.535704 70
1.1726 0.887874 70
10.9822 1.1377 70
-50.6535 -79.5143 70
20.1984 -20.5193 70
-0.629543 -0.96516 70
10.2036 -0.0969159 70
1.39402 0.540967 70
-0.461144 0.362897 70
-0.477381 1.29708 70
0.741709 -1.08076 70
0.10799 1.10504 70
-0.192781 -0.509486 70
-0.3509 0.185737 70
0.71875 -0.0326364 70
10.7765 -50.6978 70
11.4677 0.141104 70
1.23782 0.819551 70
-1.3303 -0.750975 70
-0.833933 -20.1608 70
20.2078 19.5029 70
-60.2371 -0.638267 70
1.46537 -9.02676 70
20.0118 -21.073 70
0.952549 11.2035 70
-110.904 29.9469 70
-109.831 31.0967 70
9.63908 -1.03754 70
0.553022 0.812441 70
-1.46918 0.108912 70
0.348528 1.06738 70
-0.997193 0.617557 70
9.36163 -0.473921 70
0.080139 -0.878439 70
9.69813 -20.1044 70
28.6763 -0.954399 70
30.9637 -19.078 70
1.43718 -0.935438 70
-0.0438528 -0.0913772 70
9.61854 -21.4323 70
0.675052 -0.140379 70
1.12696 1.0726 70
1.41753 0.747965 70
0.0180471 71.3652 70
-0.0601094 -0.177196 70
0.75538 -8.76388 70
0.240344 -1.0496 70
0.367403 0.682659 70
-19.6046 -29.259 70
8.9807 -10.203 70
-29.1356 18.6722 70
0.235545 0.132691 70
0.952761 1.19615 70
-10.6439 1.34466 70
-8.64479 0.256958 70
11.1354 11.1227 70
9.92835 9.38954 70
10.3785 9.98123 70
10.2566 -1.2595 70
8.77601 -28.6279 70
-11.4429 10.833 70
1.04359 0.0243151 70
0.961016 0.0445152 70
1.28748 -0.41644 70
1.0472 0.362787 70
41.1044 10.9647 70
49.3558 0.0614978 70
10.9748 -11.2469 70
-31.4658 -20.2662 70
-1.15 11.0126 70
-1.37329 -0.468272 70
1.34571 -11.2178 70
-0.876527 1.30628 70
-1.15721 -1.48314 70
10.14 -0.194128 70
-0.972974 -9.38944 70
-19.3067 -30.2196 70
0.497834 1.32857 70
-1.34626 -9.34827 70
9.75131 1.33078 70
1.08968 -1.02322 70
-9.40652 9.20939 70
-1.38365 1.41803 70
10.0999 10.1218 70
-9.20977 -11.3492 70
0.164225 1.32877 70
9.82522 50.6455 70
9.19719 49.3332 70
0.351029 -0.256057 70
-0.856843 -9.01384 70
-19.5307 0.308941 70
0.425523 -1.19496 70
20.5341 -29.2871 70
-9.13373 0.21018 70
-0.297865 9.4961 70
39.9006 -1.21717 70
0.371836 0.55979 70
0.087283 0.523507 70
1.14965 -0.394464 70
20.4148 0.949003 70
10.6326 -10.0753 70
0.0181191 1.28776 70
0.248297 -0.0753501 70
1.14877 79.624 70
0.281354 79.8928 70
0.933598 -0.45869 70
0.619564 -1.04775 70
-21.3929 -19.0322 70
-0.745387 0.787143 70
40.5633 -38.975 70
0.827719 -0.973847 70
8.98358 -10.7856 70
0.961252 0.622846 70
11.4283 -10.1789 70
-0.873451 0.500247 70
9.05385 0.839725 70
-0.835839 -0.127485 70
-29.6123 19.7785 70
61.3633 -19.694 70
-1.49589 -0.273839 70
-29.859 -19.8479 70
0.490729 10.0873 70
8.80309 -20.7926 70
8.89248 -0.905969 70
-0.501041 -1.18987 70
9.54656 11.3916 70
9.48394 -10.3206 70
0.564767 1.34003 70
19.2814 9.26009 70
-1.22707 11.4229 70
1.29679 0.34127 70
0.38586 -1.44244 70
0.296105 9.6124 70
1.03891 0.59234 70
0.0824336 -0.149667 70
0.639026 10.5455 70
-1.1098 -11.0368 70
-0.0734793 8.96476 70
0.193989 -0.720037 70
21.2978 -18.8046 70
9.40104 -0.826738 70
1.23482 10.4514 70
49.3567 31.22 70
-0.894619 -1.16756 70
19.6591 -21.2921 70
0.965447 19.386 70
-0.746263 -9.82198 70
0.90152 11.3447 70
-0.672576 -1.33098 70
-8.54835 -11.4855 70
10.052 10.3466 70
-0.873191 29.7747 70
-9.806 -0.890945 70
9.71539 -0.637976 70
-9.89819 18.5663 70
-0.52587 -30.7396 70
-30.8827 60.9347 70
0.598992 11.097 70
-1.44014 -1.17065 70
-20.5144 -0.971249 70
0.0460127 8.65615 70
-1.00717 -20.7245 70
8.85598 11.4644 70
0.590611 19.4761 70
50.6811 11.217 70
11.3434 11.4657 70
0.739477 -0.769045 70
20.447 31.1212 70
10.1654 48.9762 70
19.8061 -19.8574 70
-40.231 -21.2034 70
20.3166 10.7856 70
10.4686 -8.56379 70
-0.17635 -8.92272 70
1.09449 0.960721 70
1.39359 0.37717 70
19.8296 -1.40681 70
-1.23371 1.22922 70
68.8718 -40.7402 70
-1.20172 -0.78883 70
-0.672027 0.406582 70
10.7864 -20.9401 70
-0.499598 0.266816 70
31.2182 -30.5939 70
10.3691 9.18623 70
10.5459 -10.5709 70
-0.0153099 0.817046 70
18.6532 -10.6076 70
-1.37796 -1.26833 70
9.23815 0.117632 70
9.73196 19.4768 70
-0.343077 10.6763 70
10.8778 -10.2462 70
19.5955 -10.8394 70
10.6021 10.0539 70
-1.1865 0.410761 70
11.2673 -31.2393 70
1.12984 9.41062 70
19.3306 19.0592 70
1.46393 -11.107 70
-1.42432 -0.144402 70
-29.1599 1.32859 70
-1.39009 -0.27815 70
-1.18506 -0.52792 70
-0.955198 0.616116 70
-1.42415 0.417564 70
68.6167 31.4952 70
-1.11618 -9.13238 70
-0.347699 0.631125 70
11.0194 10.324 70
0.584322 0.832487 70
-11.0655 9.74234 70
-8.77245 -10.6114 70
9.94264 8.65774 70
-10.9748 -10.1291 70
-10.2277 -10.6499 70
-10.0811 50.6214 70
9.38845 0.955827 70
0.0639423 -0.320899 70
9.97843 -10.4775 70
-21.4923 9.00966 70
0.93962 1.26598 70
0.373004 -1.21533 70
-1.03217 -0.26952 70
-0.588542 -0.0916922 70
-19.9219 -9.79123 70
-40.238 0.964058 70
-39.0058 0.867452 70
0.917836 1.35105 70
-0.764496 0.924489 70
10.0042 29.9639 70
10.8545 8.6357 70
10.5275 -20.9608 70
9.66992 -20.0269 70
-0.103843 1.23416 70
-0.764953 -1.12098 70
-0.226706 -0.810391 70
-10.0349 -0.280814 70
1.09721 -9.73109 70
8.57794 -20.1992 70
-11.2608 -10.4729 70
-0.430118 1.10854 70
-11.4683 -19.923 70
0.804211 10.2666 70
19.245 11.219 70
11.2803 -0.708993 70
0.854764 -0.294869 70
19.2715 -49.8995 70
-0.658319 1.13239 70
29.6059 -0.0745834 70
-19.5985 -20.573 70
0.0133828 -1.33435 70
-0.949081 -1.49914 70
-0.397081 11.1504 70
8.51314 -0.619398 70
-0.585887 -1.1295 70
0.97269 -1.35341 70
0.857012 -9.52963 70
8.63398 0.596577 70
-10.6323 -1.07079 70
-1.10482 1.30303 70
49.3602 -9.86142 70
-11.4585 0.0491484 70
10.7499 8.6857 70
1.49085 1.09947 70
-1.19919 10.8336 70
0.639909 9.63065 70
-8.6164 9.36619 70
8.65042 -20.2847 70
0.457136 -0.0172743 70
9.18148 -1.30533 70
0.934659 -0.264704 70
1.00332 51.2483 70
-0.521331 1.31311 70
-0.858851 0.488212 70
-1.07219 -0.0581171 70
-10.105 11.4866 70
-1.49366 -20.558 70
10.6676 -1.06766 70
-0.786849 1.02437 70
-1.26937 0.610359 70
0.439978 0.605585 70
-0.859465 10.3279 70
-1.16971 -0.691083 70
-1.05734 -0.916786 70
19.549 -0.255768 70
-1.13716 -0.503814 70
-0.134981 1.28195 70
-10.0878 -10.8707 70
61.1573 -29.8853 70
