0.403113 10.5335 70
-0.121112 9.26862 70
0.467663 -8.93317 70
10.3166 -0.714157 70
10.5543 11.4721 70
-0.27075 -11.0874 70
-101.091 -0.17886 70
0.576292 0.890448 70
-1.49633 0.335876 70
-0.146953 0.159406 70
10.525 30.3888 70
0.53212 11.3811 70
-0.517332 8.78686 70
-9.35534 -9.16752 70
-10.0514 9.91223 70
1.3131 30.4017 70
1.49566 29.9375 70
0.979976 0.4251 70
0.789281 1.24171 70
11.2621 -11.473 70
-1.22565 0.187544 70
0.388085 -1.38759 70
-30.4924 -1.07121 70
0.413368 -20.2322 70
-10.1085 10.0673 70
0.654563 0.70741 70
11.2262 1.05786 70
1.01937 1.46592 70
59.9556 28.5085 70
-1.35996 11.2998 70
0.232291 20.0632 70
-18.5475 -20.6966 70
-1.09135 -0.178076 70
-0.504593 0.816498 70
-10.5681 19.9433 70
1.03497 9.09239 70
10.9615 -0.349212 70
10.5049 10.6794 70
0.286486 1.44029 70
9.53261 19.8874 70
-0.471555 -10.1509 70
-8.6394 0.94523 70
-0.176409 18.6052 70
-0.372711 0.279739 70
-0.460086 8.98797 70
0.504411 19.8193 70
-30.6264 -9.24192 70
-0.0714378 11.3346 70
0.999537 9.0105 70
1.17781 -20.6395 70
10.9172 -9.17552 70
-0.926389 0.420143 70
0.115915 10.0511 70
9.66336 -1.24356 70
1.42759 -0.349119 70
-0.349006 11.1578 70
50.3104 -28.7102 70
-0.453814 -9.77143 70
10.4538 -9.09759 70
1.12318 9.33147 70
-10.5199 -0.445107 70
-0.115118 1.23557 70
-1.46387 0.377393 70
-10.0617 -9.78144 70
0.457735 0.724136 70
0.26724 9.09519 70
10.6078 1.45021 70
11.2149 -0.172327 70
-0.26532 -0.135498 70
-70.5387 -29.9461 70
30.3395 -30.3478 70
29.8686 -28.8689 70
-9.2498 0.45937 70
-0.789403 0.398241 70
9.1633 -8.5406 70
-10.8087 18.8699 70
-0.759768 0.443276 70
18.6493 -8.74467 70
18.8639 9.82257 70
-10.6511 19.2364 70
11.0526 -0.951348 70
0.968427 0.0973083 70
61.4759 -20.6932 70
-11.4777 11.4369 70
-0.703139 9.27362 70
19.4599 -20.707 70
19.9986 50.3676 70
20.6407 20.3185 70
1.41025 30.7705 70
-9.87409 19.9255 70
19.2051 1.17753 70
-9.22596 9.6888 70
-9.22041 21.0601 70
21.4987 21.2941 70
-0.271378 1.00237 70
-1.09907 -19.957 70
-1.14424 -18.7798 70
19.1452 -20.7791 70
-11.256 -1.2723 70
1.06379 9.12344 70
9.66531 8.73636 70
-9.46795 -11.4009 70
1.35574 1.326 70
-8.79565 1.26204 70
-1.11647 0.785192 70
0.681696 0.598707 70
1.05078 11.1915 70
-9.05039 -9.08005 70
-71.0505 48.5237 70
-0.303159 -31.3693 70
1.2601 11.4125 70
-8.7131 -29.1075 70
0.680783 8.65566 70
-0.564367 20.9549 70
-0.56295 11.2697 70
-0.0805931 0.779732 70
10.6185 -10.7809 70
9.96902 -10.0009 70
0.856877 0.463592 70
-19.8226 -0.00213111 70
9.14991 1.27853 70
0.439355 0.176388 70
-1.37837 0.240004 70
50.2912 40.5179 70
19.5075 -10.8944 70
19.1569 -9.33011 70
0.0299819 8.90303 70
-1.16643 9.37606 70
10.6357 -21.3471 70
0.227397 -11.2656 70
-18.713 -1.44494 70
1.31321 -1.37945 70
-10.653 10.589 70
9.19357 -9.34842 70
0.0653276 -0.670533 70
10.1749 81.4305 70
0.0173564 1.11745 70
1.09697 0.210657 70
0.562537 9.96831 70
-0.0972374 10.4433 70
-1.49876 -10.996 70
0.211439 0.379198 70
-11.0268 -10.8335 70
19.0945 10.3524 70
-0.85923 0.383381 70
1.21105 -1.24565 70
20.1715 1.04896 70
59.8763 -10.1732 70
-1.0655 -11.4976 70
0.474755 -0.55236 70
-29.1602 -9.8468 70
-0.0175621 10.5213 70
-0.643106 0.0428852 70
-0.204901 0.830182 70
-0.998321 8.54847 70
-0.901901 10.0433 70
-0.310875 1.2279 70
1.19748 0.437808 70
-10.7674 28.8055 70
-21.3321 8.88865 70
1.01902 9.0762 70
11.414 20.5063 70
-10.9197 -8.71867 70
0.768163 10.505 70
-9.67167 -9.85814 70
9.42194 9.20755 70
1.22064 0.470801 70
-10.2767 -1.302 70
1.30534 -58.7337 70
-10.0866 0.666407 70
-0.910237 10.2641 70
100.37 -9.50441 70
-0.0580723 -0.362191 70
1.20207 -0.443107 70
1.42277 10.5275 70
-1.39294 1.16279 70
-0.176857 1.01905 70
-120.1 -11.2145 70
0.137963 9.59092 70
8.80325 11.3745 70
-10.5704 -40.0599 70
-9.6623 9.79594 70
1.31606 1.03959 70
-0.782995 19.8236 70
9.73396 0.957918 70
10.3644 -0.757545 70
10.6924 -0.164232 70
0.674615 -1.22203 70
0.945797 -0.278646 70
0.850811 -0.635147 70
-19.8263 10.8579 70
10.3768 31.4805 70
10.8992 30.3846 70
-0.700898 1.43519 70
-0.426222 0.360097 70
-8.71106 10.7973 70
-0.0407185 0.0546508 70
8.5201 9.69717 70
0.874385 -1.20065 70
-58.6941 -99.462 70
10.3514 9.55458 70
0.888197 9.30941 70
0.480106 -1.13986 70
0.596384 10.0986 70
-9.44167 9.98461 70
9.81177 -0.858878 70
0.36638 0.209244 70
-0.175214 -1.3726 70
0.877615 0.846001 70
10.6754 -9.18456 70
8.58927 8.62814 70
0.183123 11.4487 70
-9.88097 9.75794 70
1.18194 -10.809 70
9.03478 0.888167 70
1.48858 0.495612 70
-11.1178 10.3482 70
1.12387 9.8492 70
-0.536421 10.8685 70
1.49774 11.0655 70
-9.23603 -0.150974 70
-48.8303 -78.6514 70
1.49413 -0.263624 70
19.2669 -9.34021 70
8.83532 10.4222 70
-9.01849 8.51971 70
-1.26592 9.907 70
-10.2643 -0.254291 70
0.794256 -1.00369 70
21.4112 -0.284542 70
-30.0302 19.3471 70
-0.542441 8.7872 70
-0.371264 0.555473 70
0.0469323 29.0384 70
10.1305 0.535579 70
-0.928122 10.2435 70
10.6367 1.23521 70
-9.03827 0.811329 70
0.0250579 -0.671088 70
0.58753 -30.9083 70
0.466829 10.601 70
0.488115 11.4634 70
-10.8605 1.45084 70
0.572103 9.21048 70
-8.56503 -10.826 70
1.00312 0.432985 70
9.51002 0.107385 70
0.906946 9.75095 70
-10.5655 9.4712 70
21.1333 10.5777 70
-10.1032 -30.1871 70
0.935111 -0.0633653 70
49.1837 8.55578 70
29.9878 21.4872 70
1.23396 1.27904 70
-18.8059 -19.0971 70
-9.23229 -10.335 70
1.10234 -0.571338 70
-18.5925 -9.47577 70
1.34523 11.0626 70
0.680258 1.00571 70
-1.38596 -0.379398 70
-0.694171 10.805 70
-8.73763 19.2282 70
-9.08666 -0.823372 70
-1.11148 1.25155 70
-20.8925 9.77115 70
-19.1027 9.91474 70
9.98412 -20.2399 70
19.821 0.305336 70
-9.05348 -1.172 70
9.21481 1.03239 70
0.101238 -0.814142 70
0.278088 0.134116 70
0.844948 0.952653 70
-0.757051 19.3597 70
19.0635 -8.98686 70
1.06075 0.54559 70
1.46284 -0.229174 70
0.148124 10.8763 70
-0.167962 -0.0548759 70
-0.813864 0.35826 70
0.175763 -0.645181 70
10.4323 0.499487 70
-9.23814 -0.923501 70
-0.72931 -0.0844115 70
-0.553768 11.2591 70
0.910008 -109.537 70
-1.00309 -0.572604 70
20.8946 0.38999 70
-1.21513 10.1979 70
-9.70099 8.66491 70
59.5091 99.8311 70
0.814907 9.28501 70
90.0645 8.70731 70
9.81299 -9.27151 70
9.86603 0.442609 70
0.0450026 0.732999 70
0.902718 1.04712 70
-0.783497 10.194 70
-10.8429 -18.9824 70
-41.431 30.9851 70
0.855414 -0.194011 70
1.35778 0.57475 70
9.18209 -0.72079 70
-20.1903 19.0419 70
-8.54509 -0.607963 70
-11.1582 -11.2283 70
-10.7429 -20.9744 70
9.63294 0.995526 70
-0.428533 1.01461 70
-1.38954 -0.878001 70
-18.8739 20.6375 70
-8.95222 -8.52597 70
1.46305 0.484498 70
20.0641 -11.496 70
0.763756 1.0541 70
89.4223 -10.0951 70
1.07453 10.0873 70
0.299882 10.0518 70
1.23707 -9.11778 70
10.6719 -1.41381 70
0.518883 19.7333 70
-0.0779502 8.65088 70
0.0547717 9.2724 70
-0.743819 -10.8138 70
-48.7826 -0.670675 70
0.440666 40.1614 70
1.15532 -1.33402 70
9.627 0.887366 70
-9.13331 21.1748 70
-9.85188 20.1091 70
1.14955 19.6966 70
10.7651 1.39178 70
10.9732 19.1298 70
0.891259 10.156 70
-1.48268 19.6197 70
1.34062 -10.5414 70
-0.452838 -10.2199 70
-91.1232 38.6229 70
-0.640397 9.32189 70
79.4458 70.3123 70
-0.833658 -0.18022 70
-9.22128 -0.927051 70
-0.282618 9.98529 70
8.54178 1.03851 70
-0.604282 9.18157 70
-1.40684 10.6149 70
-19.761 9.86632 70
1.38765 0.250861 70
0.664131 11.4548 70
1.25545 -8.6222 70
-0.59037 -9.55024 70
-1.06508 0.253278 70
-10.7449 11.1458 70
-111.103 50.806 70
10.206 20.8568 70
-19.8576 -21.4532 70
1.27846 -0.622308 70
-0.738897 -1.21923 70
20.0395 8.51549 70
31.4357 -0.32275 70
-0.731557 1.10034 70
11.0124 0.518203 70
9.56204 -1.22816 70
28.5082 -39.263 70
10.3544 1.1087 70
-0.759385 10.479 70
0.583786 -0.823067 70
-10.6569 -0.0920971 70
0.316953 10.5752 70
1.40597 0.797027 70
1.24055 -0.345256 70
-10.6997 1.29775 70
-9.44607 20.9162 70
-1.32032 0.847984 70
-0.825293 -0.259965 70
1.03819 0.444156 70
10.8108 1.14474 70
10.6879 0.794782 70
-18.9049 21.4333 70
10.2777 1.33965 70
-1.39797 0.0906801 70
1.12407 -0.740702 70
0.0981051 11.3335 70
19.0416 31.066 70
0.249539 0.269895 70
-8.60504 10.4473 70
-0.952987 10.0537 70
20.5764 19.7489 70
0.0510414 -0.705712 70
0.0185995 1.31227 70
-8.52236 1.18528 70
0.122205 -19.9966 70
20.6718 61.3051 70
-11.288 10.5935 70
-0.954016 -11.4626 70
0.198445 -9.34364 70
0.441869 11.1141 70
11.0903 -0.491415 70
30.0645 1.01887 70
20.2183 8.7818 70
-0.832245 -0.342703 70
1.18661 11.4306 70
-40.9245 -1.26389 70
9.57653 11.341 70
30.2235 -9.51495 70
-10.7732 1.22357 70
1.31282 -1.11668 70
-9.19608 10.6103 70
-1.36176 10.8994 70
40.3738 120.821 70
38.8726 119.237 70
-8.60731 1.36478 70
-8.77637 -0.53303 70
-1.11444 -0.521874 70
1.08354 10.9188 70
-9.74384 8.75824 70
-10.2216 -0.366143 70
10.8232 -1.05073 70
-8.72061 11.0238 70
1.23616 10.5941 70
0.636238 9.12628 70
-0.387093 11.0523 70
0.682759 0.615322 70
11.2604 18.5079 70
0.237951 -1.37541 70
0.00807915 9.34892 70
-11.344 10.4877 70
51.0908 68.5524 70
-0.0584931 -0.224633 70
10.1967 0.324702 70
-10.624 -10.3165 70
-0.467807 -1.48846 70
-19.8417 9.16526 70
-10.5854 0.453707 70
18.9034 -51.4998 70
-8.98639 90.9223 70
9.54808 30.8689 70
-29.6491 8.93345 70
1.37388 -9.26757 70
9.85632 9.67543 70
9.97303 9.45266 70
-19.0998 10.5565 70
-1.19688 -9.02917 70
1.20261 11.2735 70
-9.85949 -0.772026 70
19.9811 -0.137226 70
1.36963 -9.17507 70
0.436846 -1.00596 70
11.3989 9.07722 70
0.181427 0.527613 70
11.2653 -0.663139 70
1.29697 -0.440243 70
8.81764 -9.76606 70
21.1419 18.7431 70
-0.435247 11.4469 70
0.609702 0.117265 70
1.33484 -19.714 70
-1.14347 0.210574 70
10.4391 11.0921 70
-1.2098 -0.223798 70
1.3485 10.5938 70
0.708204 9.00502 70
1.38096 -10.0678 70
8.53565 10.5323 70
0.7322 10.3959 70
-1.48792 9.05196 70
-10.9095 10.5737 70
-1.40432 -20.721 70
9.25053 0.419844 70
-1.24899 1.30934 70
-0.31519 -9.74542 70
-1.17911 10.3612 70
-0.346598 -0.490129 70
10.1711 11.2702 70
-0.567957 11.2442 70
-0.995082 18.6364 70
9.71774 -0.395282 70
-9.6075 0.916214 70
-11.1853 0.865096 70
-0.904115 0.595161 70
-0.234417 8.69125 70
0.372764 11.2449 70
-10.1508 10.4571 70
1.28182 8.77357 70
20.6843 8.81061 70
0.0374651 -1.13008 70
-20.8671 9.33633 70
-9.17941 20.1656 70
0.580904 1.48768 70
-10.6049 -20.3447 70
-0.944017 11.2924 70
0.505352 1.10126 70
0.100631 -0.486906 70
-1.49408 -0.196532 70
-0.95301 0.859309 70
-1.45241 0.479569 70
10.4131 -0.520558 70
-0.315221 8.54924 70
1.3111 -8.63718 70
10.4443 -1.4913 70
-0.798569 0.189806 70
0.590554 -0.468957 70
-0.236305 -1.46982 70
-9.43082 -10.9717 70
-0.395576 0.808944 70
0.839848 11.2762 70
-11.3513 -0.848377 70
9.01268 -0.503979 70
-30.9689 -0.840143 70
21.266 -10.875 70
-0.650032 -20.1878 70
-10.5298 1.31421 70
10.0509 -9.31296 70
0.0727094 9.34792 70
0.818521 11.4482 70
-10.008 -9.74338 70
-10.3827 -11.4849 70
-0.598622 1.21869 70
10.4276 20.8443 70
8.70696 20.4737 70
-0.5762 19.6509 70
-19.8383 9.49287 70
-8.59804 -0.701559 70
-0.949365 0.802492 70
0.44889 -1.0497 70
-0.227999 -0.88606 70
1.41506 -0.678603 70
9.08873 0.584819 70
9.81904 9.84739 70
-31.0074 -0.00179524 70
10.2809 -9.02714 70
-0.255146 -0.404265 70
1.33845 20.3151 70
-11.0122 -10.8224 70
1.1377 -1.22326 70
1.38997 0.516938 70
-8.52366 10.1325 70
9.77899 -21.4445 70
10.8504 -19.4189 70
-10.3098 0.636581 70
0.719996 9.62803 70
-28.5963 -19.5826 70
10.9897 -8.52481 70
-0.908388 8.90139 70
-10.6068 21.4284 70
50.2022 19.1583 70
-19.5742 -11.0994 70
-0.824959 0.529706 70
50.0344 50.6691 70
-30.5087 -39.0441 70
1.27648 10.1998 70
-0.295949 10.8227 70
-59.756 -79.1765 70
9.98596 -8.91429 70
-0.921237 11.2432 70
11.2168 -0.128876 70
-0.740721 8.66379 70
-0.547526 20.1897 70
-19.2833 31.0756 70
-10.5921 -9.34664 70
-8.65531 -10.53 70
70.547 39.5481 70
0.0983149 10.0413 70
0.52102 -0.478127 70
-0.541387 0.0336544 70
-29.0252 0.444985 70
8.61206 -0.473027 70
-10.6063 0.834142 70
10.0801 0.857231 70
20.7909 29.7885 70
-9.93994 41.1184 70
10.8077 0.300383 70
-1.30134 9.89731 70
-0.116225 -0.891052 70
9.4932 11.2343 70
1.18429 1.18469 70
-9.5481 0.644025 70
-38.6211 -79.5997 70
-9.99459 1.16638 70
11.2813 -0.152035 70
99.384 20.2122 70
-1.0845 -0.799252 70
0.254312 -1.29361 70
0.523973 9.78591 70
-1.19445 -0.898641 70
0.967441 0.446886 70
9.05817 -10.6652 70
-8.62065 -19.9681 70
-8.882 9.97387 70
1.27327 8.55042 70
58.7155 -10.9785 70
1.27446 10.1235 70
-0.0636445 -78.995 70
0.557209 -0.0662217 70
0.11145 0.380809 70
-21.3963 28.6666 70
-21.3058 -60.8525 70
18.8213 -40.1711 70
10.7299 10.2878 70
-0.170289 -10.6354 70
-8.97428 0.28122 70
1.42968 11.3539 70
9.01777 0.446496 70
10.471 0.681907 70
-10.2231 0.641384 70
0.48581 9.73541 70
1.41959 9.17237 70
20.3134 -30.1517 70
-8.50575 29.6221 70
-0.857947 -9.14003 70
-1.17568 0.862099 70
28.6911 -21.1103 70
0.0607053 19.8439 70
-0.654463 9.84205 70
-1.02509 0.125227 70
-10.2779 -20.1802 70
0.212341 -0.592231 70
-9.07903 0.713167 70
-11.3318 -1.48923 70
8.95744 11.2276 70
30.0296 -0.902763 70
30.9195 -1.12338 70
-0.548649 0.22956 70
-0.632411 1.47431 70
1.21437 8.59894 70
-9.49274 10.773 70
-0.241446 0.215101 70
-1.00992 20.0386 70
9.23747 -10.0465 70
50.4959 19.6074 70
-10.1905 9.80366 70
0.075373 70.9042 70
-8.72907 10.2199 70
-8.90674 -0.759895 70
-9.56037 0.449734 70
18.5692 9.17705 70
-18.6976 -0.994627 70
8.95933 -1.4867 70
-0.417109 -0.664178 70
-9.14087 -10.8433 70
-11.0397 10.8651 70
10.9049 -1.31192 70
-1.1505 0.989367 70
-0.613408 0.354978 70
-0.885083 30.3492 70
10.3743 10.3023 70
21.2942 -10.9658 70
-8.54619 1.08167 70
-39.6405 -0.679776 70
0.475962 -0.488832 70
1.08948 10.046 70
19.4867 -19.5449 70
21.1853 -29.9671 70
-8.65817 0.687166 70
9.05484 -0.850781 70
9.33018 1.34389 70
-9.61067 -9.89816 70
0.731038 -1.35649 70
-0.219465 10.6747 70
29.4501 -39.3748 70
-1.19296 -1.19765 70
0.37814 -0.881749 70
-30.7714 -11.4309 70
11.2122 9.85968 70
-1.31267 -0.40552 70
-11.3737 1.02252 70
-8.79082 10.0121 70
-0.379398 0.487229 70
9.552 -9.86556 70
0.973805 10.0113 70
-8.69555 18.6386 70
-21.4909 1.28663 70
9.87176 -0.826534 70
-9.89988 -28.6893 70
1.15628 19.4505 70
31.3547 19.9542 70
1.04296 0.350769 70
1.33812 0.0569838 70
58.7044 40.4547 70
1.33807 11.4408 70
29.0417 -11.2963 70
0.800795 0.0811939 70
8.8529 0.999465 70
19.0153 10.9215 70
-31.373 1.13197 70
-99.8942 -8.9777 70
-98.7175 -8.64619 70
-0.981876 11.1596 70
-11.035 -38.623 70
10.7144 10.6236 70
9.18425 10.8695 70
0.0579389 -0.229586 70
79.3889 -30.8421 70
-1.17092 -0.844097 70
-1.23736 9.24611 70
-20.9701 -9.16304 70
100.876 39.9642 70
40.7669 1.41149 70
-58.9384 78.659 70
-1.26718 10.6863 70
8.64103 9.75864 70
1.48512 -1.43899 70
29.9609 28.7992 70
-9.53347 29.087 70
9.05038 10.0337 70
-69.1163 8.88921 70
0.951579 0.133329 70
10.792 19.9409 70
-9.6327 -19.8309 70
-0.93694 0.163772 70
-20.995 21.0095 70
9.23229 1.42541 70
0.615505 1.43394 70
-20.9643 -20.6366 70
-0.477456 0.267051 70
0.211637 -1.14683 70
-1.37895 1.49685 70
-0.949595 0.622654 70
-68.7518 -19.3169 70
20.2477 19.9439 70
-0.94489 -0.828286 70
10.3537 -10.4984 70
-0.720216 9.58309 70
0.337752 -1.05101 70
0.478744 -0.698155 70
20.1542 20.1529 70
-0.798836 0.625627 70
19.8607 19.1602 70
1.22156 0.613094 70
-9.01817 9.98447 70
40.4973 -31.427 70
