-11.0916 9.89826 70
-8.94044 -0.118571 70
-11.3114 -1.01721 70
1.47281 1.3155 70
-11.1571 1.02072 70
0.433962 9.11643 70
-0.991711 0.981154 70
-0.982503 -0.355814 70
11.1108 -1.03216 70
-0.209735 -10.0826 70
-29.053 10.9818 70
11.2386 0.51554 70
0.104988 0.921035 70
-0.194541 -1.23233 70
-10.4457 9.67411 70
-8.54432 -10.5233 70
-0.956623 -0.947269 70
10.8769 29.6582 70
0.511731 1.45233 70
1.32574 0.734154 70
9.15067 38.5889 70
-8.54404 -10.0694 70
-9.74376 -11.2225 70
-0.584869 8.83033 70
1.16238 9.85333 70
0.22014 0.958121 70
-10.8035 10.9722 70
9.87863 21.4896 70
-20.9514 1.25709 70
-19.517 -0.614195 70
-9.41376 10.2773 70
0.142567 8.52375 70
-28.6251 39.7104 70
-11.135 -18.582 70
9.20716 1.03636 70
-9.35317 10.5819 70
-1.22776 19.4334 70
-1.21455 -0.934267 70
1.33693 -0.286286 70
0.0121327 1.25592 70
-11.469 18.6742 70
0.360139 28.9629 70
20.4279 -1.08908 70
1.44982 1.13791 70
59.1808 -28.7209 70
-0.114245 10.9828 70
19.4115 -0.0342883 70
1.22151 0.019715 70
9.6312 1.07393 70
-0.840408 0.648554 70
0.408457 -0.0465919 70
-18.5177 -0.83541 70
-0.684326 1.38001 70
-1.20882 9.26097 70
-1.21485 0.0836883 70
-0.626854 -1.15529 70
1.19248 -0.444978 70
-8.53502 -9.62441 70
-0.44176 0.531446 70
-0.183801 -0.265859 70
10.7593 28.9371 70
-49.4572 20.0966 70
-11.2087 -9.93488 70
8.80051 -0.381296 70
-10.5526 -11.4747 70
-10.2645 -9.34788 70
-18.7546 -0.613479 70
0.616094 1.10755 70
-11.1072 -1.26652 70
-9.57654 9.59168 70
-10.7771 11.1013 70
-9.35708 9.84679 70
10.9467 9.3936 70
0.198654 9.72204 70
8.6349 10.1254 70
-9.31165 0.663706 70
-10.1601 -20.0975 70
0.466232 0.366129 70
-0.823176 -10.9376 70
0.637888 11.3269 70
-9.57938 -20.0856 70
9.88697 11.3075 70
0.989738 0.0975823 70
-0.401671 1.47767 70
-40.1499 38.7004 70
0.408597 -20.1237 70
-1.40712 -1.07423 70
20.7823 -18.9384 70
49.509 -20.7215 70
-0.4248 1.07155 70
0.613707 0.964598 70
-31.39 -18.8386 70
1.01658 10.4066 70
-0.516355 0.513032 70
-0.0550662 -0.15977 70
18.6594 -50.8389 70
-0.214433 10.3023 70
29.09 -10.4869 70
-9.36246 9.10837 70
-49.1422 -41.4066 70
-10.3655 -1.13757 70
-28.5794 1.17476 70
-0.599104 9.66786 70
29.4166 71.4636 70
-1.4699 0.255468 70
18.5711 9.2628 70
10.2124 -0.537216 70
-1.29384 -0.467806 70
-10.8208 1.32777 70
-1.35472 -1.12234 70
1.21852 0.244522 70
-0.015255 -0.303174 70
-60.6994 -30.8242 70
-10.2912 -1.04529 70
0.493944 -0.469485 70
0.246088 19.839 70
-1.32297 20.9146 70
1.02726 -0.477819 70
1.43239 -0.340156 70
9.81256 -1.40342 70
9.00044 20.2624 70
-10.6212 -1.12196 70
-0.514193 10.1224 70
-1.3115 29.9787 70
-0.577181 -0.692434 70
-20.6006 -1.39959 70
1.08201 8.95336 70
1.37482 -1.11583 70
-0.925206 -0.238429 70
-0.845293 -30.8877 70
1.10237 0.534347 70
1.26784 -0.0612047 70
31.1821 8.56145 70
-20.6953 8.66469 70
1.20947 -0.543788 70
-11.2076 11.0939 70
-0.19326 0.810869 70
-0.170174 -1.40807 70
39.4421 -20.3838 70
-19.9529 -0.569906 70
1.04164 8.71586 70
-0.786669 10.1894 70
0.612534 8.89568 70
9.9522 1.0261 70
1.18458 9.33094 70
-0.141695 19.3962 70
1.43597 9.86301 70
-0.0860385 -0.76142 70
-20.0194 -8.8731 70
-0.110396 0.327706 70
-1.09216 10.7558 70
8.78413 10.7147 70
-8.97188 10.5756 70
0.212989 11.2744 70
8.83289 20.5477 70
20.9457 -8.82673 70
-0.755847 -0.0313741 70
61.1045 -38.6131 70
41.2544 -41.4378 70
-29.2334 -9.51592 70
0.497219 -0.257332 70
-0.459813 39.2617 70
0.770058 9.79572 70
9.67202 -0.0568221 70
9.65011 0.367034 70
10.8113 -30.6489 70
-20.0542 18.5275 70
18.9254 31.1563 70
-10.1034 29.6596 70
-8.78047 -0.341081 70
8.88384 9.54479 70
-8.98062 9.39602 70
8.56391 8.69919 70
-19.4408 -9.23388 70
0.650119 0.316229 70
-39.1645 -9.81957 70
-10.961 10.7703 70
0.625846 0.669401 70
-31.4932 0.845617 70
8.50721 9.93884 70
0.261087 -0.424281 70
18.5636 -8.60139 70
11.2449 -11.3651 70
0.894808 11.3765 70
-9.83918 -1.29773 70
-80.2721 29.6453 70
0.693622 0.545837 70
-0.354883 10.4771 70
29.0836 8.60985 70
18.5332 -11.0009 70
30.095 9.01785 70
8.73077 -1.26576 70
-0.794034 -0.74014 70
-10.4085 0.756971 70
-1.438 10.9276 70
9.06001 -1.38508 70
1.15723 11.4351 70
-0.479735 0.358531 70
-9.31187 -0.962053 70
-11.2224 -0.713239 70
49.2975 20.0881 70
-10.5127 10.7625 70
9.96562 -0.0965081 70
-19.6399 -29.1886 70
-9.46292 -9.69961 70
0.414454 11.103 70
-9.5705 -1.39423 70
1.16999 9.96183 70
-0.0213718 9.87288 70
9.96264 9.93209 70
-8.96933 -0.127146 70
-0.245898 1.16633 70
1.35995 29.0101 70
-1.49657 -0.597549 70
-0.294766 1.11906 70
-9.05708 -1.31588 70
-9.74647 -1.30479 70
0.662561 1.2096 70
-9.5862 9.36261 70
0.0120552 10.2933 70
0.480038 0.869132 70
-0.407082 0.647404 70
-1.13248 -10.4777 70
19.3142 -20.8762 70
-1.10392 0.835765 70
-9.88314 0.939807 70
90.2238 -28.7434 70
0.813596 0.133548 70
30.7498 9.57175 70
0.964857 -10.8778 70
0.670803 9.84379 70
-18.6226 30.9307 70
8.66913 0.638131 70
-10.5964 0.730653 70
1.20859 0.945023 70
-0.258797 8.93762 70
-0.968832 10.4444 70
-10.0683 -69.5079 70
0.00534417 -0.270089 70
-8.74511 11.1057 70
-10.4087 0.292835 70
10.1449 -10.8775 70
1.33685 8.82504 70
51.3682 -1.12801 70
-1.36633 9.56645 70
0.174184 -0.456055 70
8.53994 0.776765 70
-8.88779 -0.487585 70
-29.8186 9.01058 70
0.748625 11.0143 70
0.953262 1.38107 70
-10.9248 -9.54289 70
10.4022 9.70573 70
-0.967532 1.46035 70
29.5618 21.3454 70
1.18743 11.4787 70
30.0366 19.4248 70
-0.287402 9.56448 70
-0.492581 8.57919 70
39.5148 9.83156 70
-0.671586 -8.58662 70
-0.91739 1.24818 70
20.5489 28.8427 70
18.8196 -1.4543 70
0.783732 -10.5922 70
-0.870847 9.36837 70
-1.25909 -1.17932 70
0.320736 -0.496963 70
-0.490898 0.469367 70
10.1436 29.0878 70
-0.857304 10.4412 70
-1.03021 1.41176 70
-0.930219 -1.4152 70
0.781016 0.275743 70
-8.51097 10.1169 70
19.7209 9.72475 70
-0.228673 1.15107 70
0.905499 0.692182 70
8.78196 9.97124 70
8.74062 1.18344 70
0.956649 10.0359 70
1.35522 -18.6728 70
0.450118 -0.195777 70
10.4533 -11.1643 70
1.43843 10.6966 70
1.31086 9.67799 70
9.89544 20.1191 70
0.816289 -0.437737 70
-0.663343 0.332899 70
-9.73174 10.2033 70
1.11157 0.473174 70
-0.333274 -8.5969 70
0.831028 -11.2826 70
-11.0263 -21.2144 70
9.80226 -8.56814 70
8.95098 10.2737 70
-9.78345 9.59869 70
0.239218 9.44749 70
0.996753 -0.443009 70
-1.4938 0.268069 70
-11.326 0.343918 70
-10.1319 -1.0142 70
9.50219 11.2748 70
1.08667 -1.27297 70
29.3929 -49.6963 70
-31.4769 -1.24292 70
0.0708069 -0.0744527 70
-11.2727 -9.16953 70
-20.506 -0.00585252 70
-1.05569 0.491479 70
-0.640381 -0.966111 70
-0.432781 -0.529895 70
1.07368 -11.0618 70
19.8061 11.0757 70
-0.99313 0.70037 70
-20.4889 9.74793 70
-19.1388 11.3695 70
-0.837173 10.9363 70
-0.00888222 -1.03922 70
10.1851 -29.8175 70
1.14571 -0.392317 70
0.820106 -1.30406 70
-8.6674 21.2017 70
-9.71172 9.93157 70
-0.215429 9.59965 70
-9.9678 -11.4139 70
8.86541 -19.2527 70
-1.44178 0.656256 70
-1.0103 -0.275567 70
9.44922 19.2788 70
-0.189228 10.6255 70
0.127968 -0.137693 70
-19.9767 9.65605 70
-9.16494 11.2792 70
-0.715121 -0.0096446 70
1.12163 11.3181 70
9.83119 19.823 70
1.41936 11.1311 70
-19.1199 10.5298 70
0.225069 10.5682 70
-20.7117 49.5125 70
-10.0214 31.4647 70
1.27071 -1.02306 70
-10.5197 -10.8263 70
0.636053 1.16458 70
-0.614719 -1.33901 70
8.87705 -9.58393 70
0.0813042 1.13096 70
-1.43487 0.841011 70
20.4086 -29.9502 70
-0.917875 -0.3749 70
-1.20487 18.7119 70
1.08474 1.35147 70
-9.29109 -0.760016 70
-1.38552 9.28166 70
-1.35092 1.32362 70
-10.4642 -1.35104 70
0.585493 1.40977 70
-101.004 -49.3903 70
8.92492 8.96914 70
-9.91303 9.92158 70
0.138261 -0.739867 70
-10.9167 9.58522 70
-8.98506 31.1787 70
0.646965 1.30264 70
1.40636 0.721132 70
-1.47413 0.242041 70
20.1233 -1.08487 70
1.12309 -0.429332 70
-1.26973 10.0001 70
-0.44158 -0.464594 70
0.0509384 10.0674 70
-19.3455 28.9957 70
-1.28421 -1.47301 70
-0.0385225 10.5505 70
-19.1891 -9.06487 70
0.0577069 -1.27181 70
-0.36988 1.14229 70
30.1885 -49.3912 70
-18.9498 -48.645 70
-1.08825 -1.20262 70
-1.45624 1.085 70
-0.203143 -0.822053 70
-8.50624 -8.68762 70
-0.0344157 -0.151228 70
-1.22111 0.872214 70
0.452695 0.154074 70
1.02362 11.0724 70
0.253633 0.823188 70
10.0831 -28.5925 70
-0.878638 -0.49621 70
-41.1109 -90.4757 70
0.546739 0.680749 70
0.733845 9.90402 70
-0.233055 10.4022 70
-8.59762 10.6811 70
-0.49844 10.4371 70
18.6279 29.0107 70
-39.1979 38.9264 70
0.17145 10.1309 70
-8.57068 -1.06312 70
-0.428181 0.244421 70
-0.765213 0.618854 70
-0.392315 0.794199 70
-10.861 19.8337 70
11.2646 20.6722 70
50.2561 11.1123 70
-8.65666 1.3106 70
-10.3145 -11.1452 70
1.00485 0.327015 70
-11.3009 9.32476 70
1.11781 -0.589704 70
0.869999 19.0179 70
-8.79884 0.770776 70
-10.1227 19.065 70
-1.38351 -0.22888 70
-1.04874 10.0286 70
0.304528 -0.40715 70
0.612811 -0.916095 70
-10.6571 0.833455 70
-1.42243 9.81433 70
20.2324 10.2894 70
10.8523 21.4004 70
8.62619 0.872866 70
-11.4228 1.01551 70
-1.47689 -0.819236 70
0.355694 -0.519401 70
-0.105275 29.1747 70
0.998698 11.3707 70
39.1601 -20.8159 70
0.332294 10.306 70
-10.5858 -0.0544312 70
10.8742 18.9502 70
9.2135 1.07118 70
1.33573 -0.479688 70
8.99853 11.2563 70
-0.862449 1.30855 70
9.51484 0.488921 70
-11.4945 -0.441589 70
-21.192 20.5768 70
9.05229 -1.4704 70
1.19115 -9.65157 70
-1.38948 9.89907 70
-0.0991366 0.721238 70
-9.97448 9.70949 70
0.235016 10.7195 70
0.246866 9.64899 70
0.511653 10.9319 70
21.3191 0.506003 70
-10.7443 -1.13135 70
-70.6535 -69.4252 70
-0.517767 9.85672 70
-19.9224 18.9559 70
-9.00128 0.946817 70
11.0913 -20.0966 70
0.183331 -0.9221 70
0.803576 -10.023 70
0.831756 9.156 70
-20.5125 -9.44938 70
0.261534 19.9263 70
-10.6928 8.66824 70
10.9875 8.84231 70
10.9504 9.04817 70
-10.7181 19.8759 70
-8.81694 21.0004 70
-0.998249 0.207329 70
-1.37129 8.57666 70
0.843181 9.96173 70
8.553 -11.017 70
1.30544 0.884807 70
1.05304 1.26098 70
9.65452 10.4976 70
10.3157 8.66213 70
-11.2804 -21.465 70
-10.858 9.87964 70
0.835462 0.10777 70
-8.5722 9.24121 70
-0.262045 1.04843 70
-0.385572 8.61763 70
0.192476 8.89173 70
0.10671 -0.661354 70
1.13658 0.655467 70
1.25844 -1.11528 70
10.7602 21.3289 70
9.76108 -0.76742 70
9.74215 21.0637 70
11.3149 1.0793 70
9.98621 -10.5175 70
-1.39823 18.9658 70
0.434513 10.2584 70
0.36912 -0.0705062 70
-0.923583 0.474224 70
-0.703098 11.2481 70
0.746926 8.60773 70
-9.0674 28.8186 70
9.55113 -1.09331 70
8.81419 -0.00341959 70
-0.4712 -1.00915 70
1.11693 -10.6007 70
-1.01901 29.8844 70
21.1092 -1.21054 70
-8.53533 9.29362 70
9.22012 0.779753 70
1.02487 -0.195897 70
1.38452 1.03084 70
0.345055 -0.319089 70
-0.71542 -0.546415 70
-39.2129 38.8057 70
1.36398 8.86881 70
-8.69238 -0.162703 70
-20.0389 -1.37523 70
-10.4568 -9.87837 70
-18.6888 -18.9138 70
-1.25099 -0.996517 70
8.94212 -11.3665 70
-11.0688 9.86496 70
0.708469 -1.09112 70
-0.966593 0.302639 70
20.1353 0.76335 70
-0.190248 -0.966413 70
29.8304 -10.0797 70
-0.651355 -1.20476 70
9.78527 -1.24128 70
-10.2834 20.1226 70
9.37897 0.0819238 70
-19.5556 0.868148 70
-1.41008 20.3327 70
0.12507 9.39647 70
1.38088 0.888944 70
1.03347 1.41229 70
1.11505 11.3562 70
0.586068 11.2472 70
-8.6999 10.6912 70
-11.1431 -10.1899 70
-9.52133 -19.2805 70
0.940952 10.6644 70
-30.6499 -9.44206 70
-1.07386 9.17611 70
-19.0601 0.389019 70
-9.72641 -11.3819 70
0.78191 10.6957 70
-19.8668 18.6806 70
-1.40428 -0.985505 70
-8.74231 1.48211 70
-10.2018 0.149332 70
0.165879 -0.91047 70
0.823801 -0.533754 70
19.9577 9.13638 70
1.35197 -0.625322 70
-0.116657 -0.336001 70
10.4987 11.073 70
-0.550991 -21.175 70
0.562172 -0.60477 70
9.19466 0.387953 70
1.07983 1.49084 70
0.39202 -0.364372 70
-21.4067 -1.37359 70
-0.635444 -1.4143 70
8.56769 20.3946 70
0.658801 0.667791 70
-31.2238 9.68346 70
-8.66306 10.5343 70
-10.7957 8.76991 70
-9.37959 10.5763 70
-21.1952 -0.317918 70
-0.111261 11.4182 70
-8.96335 10.4125 70
-1.42794 11.4005 70
0.396517 9.33018 70
-11.3604 -20.4187 70
10.5706 30.8882 70
-0.178198 1.3296 70
-10.2723 0.978134 70
0.351411 8.80299 70
11.2426 10.8964 70
-0.0308251 10.4753 70
-10.2461 8.84446 70
-1.4665 11.1695 70
-10.2049 10.7268 70
-18.6816 0.301861 70
-10.4669 0.883215 70
-10.5214 -0.671495 70
-0.165899 8.72048 70
-11.2435 -11.448 70
39.1688 68.7684 70
-0.250278 -0.0993619 70
-29.816 -31.2606 70
-0.408323 1.1908 70
-10.1961 49.7382 70
-9.87998 10.7212 70
0.339028 0.655297 70
-9.8362 -1.25162 70
10.6939 11.1484 70
9.3054 -19.1891 70
11.3361 -20.1168 70
11.2069 1.08452 70
-0.700696 -1.00787 70
0.333359 -0.449303 70
1.39059 9.39095 70
9.80248 10.1563 70
0.559024 -8.91608 70
-0.736966 -10.0016 70
-10.7715 0.840442 70
1.1929 -0.705569 70
-59.1935 9.16936 70
0.852439 -0.820125 70
-1.37234 -10.9577 70
-19.3749 -9.91432 70
-1.28427 10.2587 70
-9.97356 9.51733 70
-10.5119 10.5086 70
0.980716 10.8643 70
-0.565309 -0.280928 70
-109.2 9.84632 70
-30.0994 -21.0399 70
20.9574 -11.1911 70
1.01443 0.15345 70
20.3784 -18.7971 70
-18.9618 18.572 70
-20.3961 20.7432 70
-31.0485 20.7436 70
-1.35458 0.20896 70
-0.90732 10.633 70
0.210782 10.2873 70
0.545243 -0.830612 70
-0.746083 9.8426 70
-1.39408 -41.4175 70
-0.526115 -11.1681 70
1.26675 -0.665143 70
10.69 -0.376812 70
-10.3221 0.205137 70
0.898311 -1.38549 70
79.3384 -58.9782 70
10.8643 8.63975 70
10.53 29.612 70
-0.355509 -10.4735 70
11.4864 9.13469 70
1.4527 0.547908 70
-10.8538 0.074986 70
0.864538 1.42184 70
-8.80522 -1.39033 70
-8.56576 -0.118752 70
1.49261 11.2195 70
100.185 -29.4887 70
-0.333549 -8.77218 70
-0.190263 11.1453 70
-0.302719 11.25 70
1.27286 1.3638 70
-0.259801 -0.842372 70
49.2601 9.97653 70
-19.8128 1.04167 70
-18.5241 28.5492 70
1.07606 1.17777 70
19.9661 29.7759 70
0.615743 0.937277 70
1.31866 0.427059 70
-1.24174 1.08239 70
-0.208945 -1.48542 70
118.625 -29.9248 70
-11.3137 -9.75314 70
-10.6492 10.3359 70
0.0149886 1.04914 70
40.4311 9.52938 70
0.272638 -11.299 70
0.374249 0.48914 70
8.80444 11.344 70
-0.713641 -1.29715 70
0.903882 0.89568 70
18.9482 9.95743 70
-0.552575 10.3446 70
-9.17346 0.707673 70
-9.93605 9.48227 70
8.82084 30.302 70
1.34339 -0.689178 70
0.424489 10.455 70
1.44828 -0.2701 70
19.6974 9.24223 70
-1.13247 9.72915 70
-0.85719 9.1369 70
-20.4243 19.6231 70
-0.0899313 10.3735 70
11.063 -1.23655 70
0.795267 -8.54053 70
0.859639 11.1504 70
0.308406 0.93514 70
1.47925 -0.118076 70
1.07282 8.72747 70
-1.45464 0.484482 70
0.494165 -0.304441 70
0.0695553 11.0918 70
-111.492 -28.6583 70
-8.84059 -1.04437 70
-0.294195 9.08239 70
9.49793 -0.494237 70
9.24991 -0.861406 70
10.7642 9.43784 70
-0.518532 1.39926 70
-1.06753 -0.0402351 70
9.722 0.12217 70
8.63394 10.9816 70
9.1647 8.6482 70
0.63514 1.36287 70
0.101362 10.7132 70
20.4468 20.7765 70
19.4505 70.1552 70
0.262296 -0.619009 70
0.797693 -1.01218 70
9.67787 0.144512 70
-11.3999 1.24635 70
-9.37995 -19.3308 70
-10.4064 1.47753 70
30.4478 20.8908 70
-0.654862 8.56083 70
-9.7235 29.3201 70
-0.834934 29.5732 70
-1.43475 10.1833 70
-10.9662 20.052 70
-0.981909 -0.974737 70
9.47544 1.10708 70
-1.03721 11.0128 70
-20.8364 50.0318 70
21.275 0.518715 70
-1.27232 9.80982 70
-20.4851 49.8461 70
-1.42729 -0.763367 70
0.725048 0.93601 70
-0.113104 -0.371294 70
0.769675 -69.8276 70
-9.05114 8.55922 70
-0.203704 1.19187 70
8.81267 19.7336 70
-10.4687 -19.3424 70
-9.17918 40.4427 70
