0.124788 -0.0577152 70
0.487597 -0.84388 70
19.6313 -9.12169 70
-1.39002 0.0830558 70
-1.37955 0.383906 70
-0.0233187 -1.34004 70
-41.2556 -18.672 70
0.727811 -0.722625 70
-0.96128 29.7252 70
-9.16209 -10.1419 70
-9.93202 -0.551452 70
-11.4218 -0.396637 70
-8.81413 -1.24959 70
-11.4252 0.967418 70
-1.08578 -9.64641 70
-21.0016 -1.00024 70
-8.92594 11.3331 70
-9.59237 -8.78368 70
9.59492 0.145896 70
-1.30615 -0.812913 70
-0.148376 -0.0340918 70
10.6084 0.0523792 70
-0.0664997 -9.10295 70
0.843842 9.63523 70
1.11779 1.10161 70
-8.55955 -21.0144 70
-10.3659 -0.416702 70
-11.411 20.5153 70
21.1221 0.50297 70
-9.83413 -1.46924 70
-8.9805 -19.2049 70
-0.495328 -9.70981 70
-0.42345 -0.804814 70
-11.3504 9.41442 70
-0.646068 9.75548 70
0.141792 0.809418 70
19.5096 1.212 70
0.00366159 -0.705509 70
-10.7508 -10.4846 70
11.1891 -10.7914 70
1.40038 -0.485126 70
1.42939 -29.02 70
20.0264 28.5325 70
-8.52773 11.4431 70
-11.0388 10.6631 70
49.8615 20.9663 70
48.8238 19.8729 70
-10.9672 9.90867 70
-0.271129 -1.01926 70
-11.4547 30.308 70
8.5405 9.83929 70
0.0966068 -0.447893 70
0.501338 -1.00873 70
-11.2669 0.58565 70
-61.0839 58.9464 70
-10.6596 0.56139 70
-1.38045 -0.380639 70
-0.335252 -0.93865 70
-1.06631 0.323705 70
1.45271 10.9969 70
0.446766 -0.366128 70
-19.1142 -8.88725 70
-0.793988 -0.869186 70
-1.21782 0.79682 70
1.46864 0.607432 70
11.4592 -9.01644 70
1.37514 1.00649 70
-0.423918 0.238422 70
1.2841 -18.6088 70
59.2038 69.1811 70
0.642989 -10.5984 70
-0.766145 9.01206 70
-0.186355 9.99294 70
0.161869 10.9136 70
-9.4996 0.405764 70
-29.8435 -0.749402 70
1.04962 -0.047939 70
1.47071 0.492813 70
-11.2106 -9.64968 70
-0.714114 0.433325 70
-9.39489 0.646042 70
-0.61189 19.7062 70
-18.5047 8.90828 70
-20.9299 11.2888 70
-51.0986 -80.243 70
-1.44429 1.24515 70
31.3138 -20.9454 70
0.208213 -0.471081 70
-21.2634 -11.2794 70
-9.17471 -1.17025 70
-21.4177 -0.236892 70
10.7362 -0.83713 70
9.2018 -9.65312 70
-0.523652 -38.729 70
-10.0489 9.05454 70
-0.714561 11.2507 70
9.04186 -8.67801 70
0.0147868 1.29311 70
-9.08769 8.89636 70
-9.67614 -29.3793 70
-10.2374 -1.38056 70
-9.79306 -0.40097 70
0.674606 -0.322872 70
-1.48428 -0.384838 70
-20.2128 -1.32081 70
0.318837 -18.6451 70
9.92813 10.6768 70
-0.290304 11.0293 70
48.9282 29.4447 70
9.24196 9.30175 70
-1.30996 0.0939642 70
-0.320915 1.07617 70
0.5923 -9.35077 70
1.40738 -9.86973 70
-9.17472 -18.6277 70
0.971926 -0.735023 70
0.0470803 0.794363 70
10.7052 0.680486 70
-1.0278 -1.05877 70
-19.1093 -1.38469 70
-9.02413 8.90513 70
-1.20123 -0.539673 70
0.0273847 -10.5082 70
-10.2148 0.340755 70
-11.0799 10.8966 70
-21.1997 20.2475 70
10.33 9.37342 70
0.88042 -8.94611 70
10.1428 8.77545 70
20.1474 10.5965 70
9.64965 -20.893 70
20.2589 -9.52208 70
-0.269535 11.4742 70
-9.25027 -1.06354 70
-1.09756 1.47383 70
0.199358 -1.11919 70
0.176544 -0.262384 70
-0.944743 0.405222 70
-11.2525 8.55491 70
-1.03145 -1.42275 70
31.0664 -50.4124 70
-10.1396 29.232 70
-10.5458 10.1717 70
-8.85713 -0.602967 70
-0.322439 8.82856 70
20.5674 9.29967 70
0.510146 -0.677183 70
-0.539627 -1.35927 70
9.23953 -9.95271 70
9.20665 19.2587 70
0.808017 1.13253 70
30.3211 1.48166 70
-1.18327 1.10479 70
-0.104618 10.4213 70
-10.6515 -1.26482 70
-29.4348 -0.591068 70
1.11614 0.673363 70
40.6236 -0.772618 70
-1.4991 0.360992 70
-28.6731 -19.265 70
-0.75916 -1.21341 70
-40.071 38.8256 70
-0.253406 -0.995494 70
-20.7149 -11.4387 70
-10.9038 -1.24959 70
-10.9497 0.0383793 70
-0.0985229 -0.886227 70
-0.451316 1.21987 70
1.13137 -1.11266 70
-8.96352 1.18763 70
-19.2009 -10.9809 70
-8.55894 -1.33845 70
-0.396607 -1.20196 70
-0.676788 20.7853 70
0.88533 -0.761607 70
-18.6867 1.12167 70
10.0633 -0.496296 70
11.1238 -0.145798 70
-9.63538 30.0236 70
-30.9021 -1.19069 70
-19.8099 20.9811 70
-20.873 9.67893 70
-10.2235 -11.3155 70
-1.40062 1.49351 70
99.1609 20.4763 70
0.0842188 0.380358 70
10.4143 -0.145316 70
-9.60618 0.175288 70
19.3054 -0.601006 70
31.2487 0.950069 70
-20.0948 -11.1821 70
-10.2448 1.09782 70
-0.315698 -11.067 70
-0.698641 -0.329319 70
8.78211 -1.33064 70
-10.6585 -1.0959 70
-1.47719 8.79798 70
111.009 -80.8535 70
-1.03445 -0.0699507 70
-1.02376 10.8519 70
-11.1436 20.4385 70
-10.2969 9.36411 70
-0.232291 -0.284787 70
31.3458 -11.0296 70
-11.1534 -9.00194 70
1.38967 -0.503097 70
-8.64857 1.22056 70
-0.74981 9.53446 70
-40.0137 10.7821 70
-8.84542 10.5756 70
-11.2158 -0.457878 70
-1.17987 -1.07004 70
-0.860744 -1.1112 70
-19.5482 60.7377 70
11.4518 -30.5565 70
10.5769 -0.295806 70
9.72611 -10.7298 70
-1.00345 -0.0824833 70
-9.58886 -1.19361 70
1.41163 -1.38261 70
-10.8984 -11.0335 70
-19.794 -0.590542 70
50.0335 59.7882 70
-10.9661 -19.5503 70
-11.0388 -0.267619 70
-9.98135 -1.07478 70
11.2421 0.0636025 70
-20.3606 10.828 70
-9.00622 11.0726 70
0.908388 0.517425 70
-10.3601 10.2181 70
8.68101 -0.00340649 70
10.169 -28.8103 70
-0.726344 -1.18601 70
-0.54566 1.32428 70
0.638744 -0.292219 70
1.26935 8.71932 70
-0.61774 0.281268 70
-10.1455 10.446 70
-1.40042 11.1007 70
-8.79046 -1.49358 70
90.6104 -98.7493 70
0.828413 10.2395 70
-1.23972 10.589 70
-0.807766 -1.16222 70
-9.76577 0.663091 70
-9.06041 -1.39992 70
28.6127 -10.7961 70
-61.394 0.465654 70
0.849743 9.36021 70
-0.19998 0.375524 70
-10.8316 0.325552 70
18.8125 -31.3443 70
10.0372 0.216942 70
-1.25855 9.24304 70
-9.73447 -0.553371 70
-9.47566 0.928816 70
-10.9675 1.09429 70
109.27 59.6211 70
-9.84747 0.348582 70
-1.46542 1.37413 70
-18.7649 9.25005 70
-1.43395 0.450385 70
1.40638 -0.399708 70
10.4637 -10.5635 70
-18.9295 -0.0857501 70
10.6199 1.32476 70
100.984 18.6544 70
-40.2637 -1.23418 70
-11.158 9.25273 70
-10.7107 0.557616 70
-9.11386 1.47065 70
-10.8945 -0.0271147 70
-0.880955 11.0562 70
-91.4246 -10.0528 70
1.47648 11.3095 70
0.642833 1.2915 70
-49.7906 50.3584 70
-48.5982 48.8034 70
19.1138 0.297607 70
-1.44402 1.04917 70
0.405684 -1.12264 70
20.5688 0.93058 70
-48.5349 -20.3026 70
-11.3073 10.7923 70
-9.29957 8.98695 70
1.33684 0.711432 70
-8.79591 -0.0515995 70
9.66292 -1.22261 70
0.304114 69.7505 70
0.103492 -29.9956 70
10.9199 18.7413 70
-0.109334 1.04791 70
-10.3938 9.14436 70
-0.429358 -28.7861 70
-9.67866 20.8576 70
-0.679598 0.113441 70
-0.816719 -1.37384 70
-11.078 89.2476 70
-10.0762 89.9236 70
-10.6014 0.464677 70
8.99475 18.6115 70
20.1684 -20.9249 70
-10.3922 20.9976 70
18.8404 0.112339 70
-9.84441 -18.503 70
10.3985 -0.162316 70
-11.216 -0.482325 70
-19.734 -10.1768 70
-9.17318 0.174851 70
-10.1867 -0.31803 70
-1.0775 0.737905 70
-20.495 19.5335 70
11.2502 11.4812 70
9.02283 0.660578 70
0.979011 1.42678 70
59.2643 -20.6108 70
-51.0608 -19.5004 70
98.9289 21.2979 70
0.605921 11.375 70
1.06437 0.440416 70
-1.33171 -9.03412 70
0.360879 0.84184 70
0.354981 1.12245 70
-8.9905 -0.357035 70
21.0355 0.0944446 70
-11.4875 -0.435269 70
-1.34401 -1.48522 70
0.892212 -11.2544 70
0.376087 -10.7582 70
-10.307 -0.990347 70
-11.3451 9.16148 70
10.1797 -0.433157 70
8.90552 -0.353066 70
-0.92054 -0.370163 70
-11.3468 0.177207 70
39.5227 19.715 70
-30.2406 9.60111 70
39.0053 11.2074 70
8.50445 -9.19905 70
-0.186659 -0.93079 70
-10.0369 11.1822 70
9.69082 -9.91277 70
-1.31358 -1.33496 70
-1.24151 0.0895471 70
-9.50673 20.882 70
10.771 11.1014 70
-10.7963 0.975592 70
-9.20035 -10.3693 70
-0.712742 1.28604 70
-21.0575 9.75496 70
1.14373 1.38797 70
-8.59892 20.9055 70
8.67022 -0.843172 70
-8.5195 -0.474427 70
-30.0947 10.1123 70
38.7645 1.17806 70
-8.81996 20.5694 70
41.2419 19.6142 70
9.2154 9.00337 70
-8.82157 1.04643 70
-20.6296 -0.0145245 70
0.471136 -1.34903 70
-0.905096 0.134401 70
-1.20373 0.279632 70
-10.9833 -0.711643 70
20.3376 1.23266 70
-8.92632 -0.93475 70
-0.594711 -29.1104 70
11.254 1.00116 70
28.9705 0.416838 70
-1.0493 21.4041 70
-21.2946 -39.4385 70
-19.5529 -0.496695 70
-11.0307 -0.853676 70
-38.9893 -0.0128934 70
121.448 -70.8321 70
-1.02837 -0.590078 70
-20.0994 8.50137 70
8.56181 -11.3549 70
-0.156623 -0.836779 70
-19.4873 20.5488 70
-0.949424 10.0483 70
9.38346 -0.65031 70
-9.8661 -9.477 70
-18.7707 -10.4347 70
0.816379 -0.750423 70
-11.0139 10.0133 70
1.1898 0.145497 70
-0.721159 -0.281688 70
29.5364 10.0442 70
-9.79008 10.637 70
11.209 -0.169293 70
0.863233 8.76601 70
-10.9801 11.2332 70
0.959828 0.352157 70
-29.0497 0.522595 70
0.197971 0.684627 70
8.80658 -0.962484 70
-8.73789 -0.390355 70
-10.5313 10.2018 70
11.0336 -0.287102 70
-40.4908 19.1376 70
-1.39271 0.452879 70
1.20181 21.1893 70
-0.311872 -10.7902 70
-29.0086 -8.98944 70
-11.0851 -11.3548 70
-10.0074 9.88913 70
-10.9804 -10.0969 70
-8.56331 0.590282 70
-8.70799 -0.181422 70
101.147 -98.587 70
-0.29515 1.39969 70
-9.71696 -0.393932 70
0.530466 0.935236 70
-9.06095 10.2648 70
-19.1687 0.147771 70
0.0542476 10.7108 70
-9.51364 20.244 70
19.3314 -10.6137 70
-0.89598 0.0910171 70
-18.7475 -21.4038 70
-58.6127 -10.258 70
0.0523132 -20.5969 70
-0.0446291 11.3599 70
-0.729809 -9.16596 70
-0.772642 -1.2779 70
9.86062 10.4792 70
-10.0541 0.207012 70
0.510471 1.04489 70
-10.4725 1.28304 70
-1.2164 -0.964838 70
-1.07024 10.8164 70
0.224167 10.0975 70
0.883832 10.3091 70
-9.9632 -19.1633 70
-9.42612 -0.286602 70
18.6169 20.1613 70
1.2422 9.86267 70
-9.39367 9.24353 70
-10.1274 8.56197 70
-9.28426 21.473 70
-10.8925 1.21932 70
0.777448 -0.0935326 70
9.59066 20.9957 70
-10.2261 -9.61175 70
1.49296 -0.221138 70
1.27884 -1.35887 70
-0.162117 -0.402519 70
-0.918496 -1.11086 70
0.885245 9.21952 70
0.114083 -1.13795 70
0.258424 0.200513 70
-9.83091 -0.986775 70
-0.54784 0.442233 70
-0.74695 1.05782 70
11.2179 1.34169 70
-9.27887 0.222231 70
1.31858 -19.9436 70
-20.9934 -0.883396 70
-0.611898 -41.2818 70
19.3439 -8.82607 70
-0.122634 -0.519443 70
-30.4636 -50.8715 70
10.4964 -0.503752 70
11.0828 -1.13267 70
-0.970313 8.89023 70
10.099 -9.36598 70
-0.0430902 9.82712 70
-0.356283 11.3777 70
-1.04074 0.192373 70
1.04528 0.914469 70
50.2636 -19.1694 70
8.77346 8.62924 70
1.177 0.0937623 70
11.197 1.40726 70
0.0974871 -0.571627 70
10.5237 19.7253 70
58.5538 70.1655 70
60.046 69.0841 70
-18.6759 -9.31573 70
0.604963 -0.567123 70
0.947735 -0.118125 70
-0.538447 11.3373 70
8.77563 -0.899501 70
-10.6613 0.668898 70
-19.5389 1.47271 70
-10.9508 0.746393 70
-8.95904 10.076 70
9.74834 21.1779 70
-8.75212 -8.8992 70
-0.857252 -0.484972 70
-90.2919 -1.26309 70
0.0385491 0.0792094 70
-0.89231 -0.160629 70
-0.421562 -0.0313059 70
-0.462332 -0.451991 70
-0.774989 -0.414549 70
-1.13696 29.0115 70
10.5774 -1.34592 70
1.47597 9.94299 70
-0.78147 9.6422 70
-19.2699 0.974285 70
-1.47832 -11.1408 70
9.45076 0.191488 70
-0.678072 -11.0132 70
0.297389 -0.197095 70
10.8617 29.7264 70
10.6733 -60.9126 70
-20.27 -1.26294 70
1.16855 -10.1669 70
-10.706 9.4202 70
0.670788 -0.23293 70
0.454816 0.883596 70
-9.42673 1.1429 70
-1.06563 -18.5225 70
-40.3701 -20.3869 70
-9.14913 11.1941 70
-10.3508 10.8445 70
0.437805 9.99287 70
-41.2777 -20.6383 70
-29.889 -29.0513 70
-60.2706 -19.5262 70
0.249604 1.09753 70
9.4314 10.9077 70
18.5216 -9.05611 70
-0.60619 0.955264 70
11.4135 21.2837 70
-9.70378 -10.5121 70
-40.5001 30.0226 70
-10.9901 -9.73965 70
-91.1806 121.404 70
11.0824 -9.89795 70
29.2088 38.921 70
-21.2413 -11.3121 70
-9.27039 0.658918 70
-10.5074 10.3911 70
-9.23171 -1.27552 70
10.5963 9.04523 70
0.0225217 0.171137 70
-9.28279 -10.6898 70
-1.28851 -10.6394 70
0.330725 -1.26189 70
-11.0774 1.36942 70
-0.658051 9.58013 70
-10.3293 1.10501 70
1.38505 -0.656606 70
-20.4076 9.66883 70
-0.848518 1.33065 70
-8.79186 1.19611 70
-11.423 0.180878 70
11.3254 9.6021 70
0.0868535 1.14625 70
-8.85403 10.7125 70
-11.412 11.2921 70
0.262806 20.7843 70
-8.91974 9.14289 70
-11.4122 -0.0480302 70
40.4982 9.39932 70
-21.303 -0.13187 70
-20.332 -0.697077 70
-0.861815 -0.825065 70
-11.0114 40.5208 70
-10.0264 0.865612 70
19.0302 -20.8391 70
-8.55547 10.9532 70
9.79312 -1.40404 70
-0.69093 0.380258 70
10.3966 -19.7791 70
-20.3272 -10.2458 70
-10.8619 -10.1987 70
0.0129439 9.24469 70
18.6855 8.95721 70
-58.7312 -10.1164 70
19.4691 10.2322 70
-8.99584 -9.6538 70
-0.685841 -11.3462 70
-1.2092 20.1655 70
-9.66178 78.7549 70
-10.2748 -9.79988 70
1.30036 -1.13475 70
-0.745766 0.712762 70
-1.46 1.43128 70
0.556405 9.93717 70
11.0003 9.0367 70
10.5023 -1.05484 70
0.077862 -0.34699 70
-0.580185 -1.48565 70
-0.579195 0.697594 70
0.66614 0.752429 70
-9.77427 -9.33346 70
8.55133 -20.1093 70
9.97811 -10.9362 70
29.1633 -1.47196 70
10.4642 21.0742 70
8.89473 -11.4892 70
1.44665 1.35006 70
-79.7997 41.3151 70
8.72095 18.9938 70
0.619738 -1.02479 70
-0.760524 1.19054 70
9.72782 -9.1662 70
1.4692 0.0542212 70
20.2381 -9.53057 70
0.360087 1.04609 70
-0.509396 -1.13396 70
0.380902 -0.386043 70
21.2934 0.695274 70
-11.0787 -1.12496 70
-10.4045 -8.82885 70
0.728135 -0.617135 70
-1.43221 1.13108 70
11.2461 9.55725 70
10.2368 9.77116 70
-70.3361 39.1847 70
-0.916338 11.2784 70
10.3527 -20.6855 70
0.542995 -11.3516 70
-10.845 -0.60135 70
-41.1476 -0.587741 70
-1.36152 -9.13769 70
-0.331342 0.636899 70
-10.6907 -0.941444 70
-11.262 -0.144076 70
0.0570749 0.479397 70
-19.1167 60.0208 70
0.323862 10.0035 70
29.3786 0.771025 70
8.53494 0.000679925 70
-9.98255 -9.91574 70
-9.86681 -10.777 70
-20.0725 0.235835 70
-10.4429 1.3622 70
-0.259362 -1.33609 70
-10.4229 9.43149 70
-69.3347 -38.5951 70
0.113866 1.40566 70
-0.466945 11.1678 70
1.09087 -0.779299 70
0.894353 0.872282 70
0.380314 9.5352 70
0.817463 -0.161116 70
-8.93432 1.0531 70
-10.9389 9.71195 70
1.07916 1.49586 70
-21.0211 9.25698 70
-0.669849 -10.7681 70
-8.78745 11.126 70
-10.0772 31.0054 70
-10.3801 19.6485 70
-11.3485 10.5478 70
-28.6089 39.5033 70
-29.8915 0.769534 70
0.584308 10.1792 70
-0.550517 0.110708 70
-1.49 1.16809 70
-9.13874 -0.436797 70
8.62484 1.12641 70
-8.67915 0.780322 70
18.5937 0.766838 70
-9.12674 18.8334 70
-0.101959 31.4518 70
-0.443382 0.678012 70
30.3013 8.59378 70
-31.1709 20.1595 70
-0.34347 1.45215 70
-0.949569 0.0578012 70
0.0965974 -20.2909 70
-19.5086 -1.10643 70
-9.08379 1.03226 70
-8.5584 -10.4971 70
-9.21675 -21.2171 70
1.17404 29.3168 70
-0.967418 8.52469 70
61.0427 -60.1271 70
-9.73034 10.5838 70
-0.932515 9.46238 70
-9.2327 -1.38605 70
-0.870917 0.74503 70
0.526806 -0.512101 70
0.124645 -0.394967 70
1.25384 0.777347 70
-20.7639 0.284366 70
-21.3527 -28.9554 70
0.251293 9.29222 70
-0.285891 11.3526 70
-10.5495 -8.5882 70
-10.7366 -8.97169 70
19.9635 21.1415 70
-8.50525 -10.0939 70
-11.2392 20.2091 70
-10.5463 10.0949 70
1.28715 1.32348 70
0.935919 -0.0832715 70
0.897552 -0.166242 70
1.39155 -0.104209 70
-0.444068 -11.0905 70
-0.287544 -0.621491 70
1.16118 -0.268233 70
-9.79778 -40.4176 70
0.427411 1.25436 70
0.774255 -0.993383 70
1.46111 0.646621 70
20.1293 -20.7538 70
-8.75167 9.92743 70
-10.6227 10.853 70
11.2871 29.7927 70
0.050601 10.4639 70
11.0833 -9.56668 70
0.275029 -0.279647 70
39.399 -21.4665 70
-20.782 -9.54833 70
-9.57503 1.2317 70
-0.484338 -1.25041 70
18.578 -11.2178 70
-28.985 41.3403 70
-70.5513 -21.1231 70
0.829409 -1.43502 70
-0.957781 -0.580491 70
69.8958 -41.0616 70
20.9365 50.386 70
-8.63653 0.516296 70
1.32579 -1.21908 70
-10.2044 -38.838 70
-8.98092 -0.352964 70
0.334004 8.91606 70
-0.872071 10.9824 70
-1.02246 1.21799 70
0.590693 30.1199 70
-10.9012 -9.89974 70
-11.0786 -8.88455 70
-11.3036 10.7847 70
0.794853 0.872133 70
-0.192067 -0.780338 70
9.81688 1.30733 70
-18.5502 -18.7855 70
-10.2207 8.81323 70
-21.3162 -10.1283 70
-10.2422 -9.65078 70
0.236206 1.21908 70
-0.390836 1.26472 70
-28.9134 21.1445 70
31.4487 0.825912 70
-8.66964 10.4379 70
9.10323 -0.691277 70
9.90517 -0.813495 70
-11.2565 9.88473 70
-19.3117 18.8871 70
