-11.204 0.911445 70
-10.2783 11.4169 70
-48.5238 91.03 70
21.1438 -20.759 70
-0.557073 -11.2464 70
20.2202 -0.693365 70
1.24552 -40.615 70
-1.39946 -0.0889532 70
-1.08788 -0.268732 70
0.363247 -1.3395 70
-28.8966 -40.6507 70
19.1369 9.99133 70
-0.0880682 -0.102575 70
-1.29039 1.04116 70
-11.3309 0.111354 70
-1.02282 0.63313 70
9.81591 -10.0943 70
-29.644 8.70571 70
-0.681061 -1.24475 70
0.418199 0.172575 70
58.5951 -9.16746 70
0.148286 -9.04375 70
50.6197 48.6007 70
-0.0644332 -19.6423 70
0.444424 -0.716515 70
10.8053 10.2784 70
10.0796 -0.891091 70
61.1662 -30.3222 70
-0.381289 -9.98609 70
1.34644 -10.231 70
-11.1015 11.3564 70
-30.9827 30.6724 70
78.7019 -8.82773 70
1.06164 -0.473735 70
29.2644 9.10955 70
8.83916 -9.57864 70
-10.0972 -8.81041 70
0.121735 -9.95075 70
9.13903 -10.7542 70
-31.4682 -9.39648 70
9.89682 -1.4131 70
-10.4758 -8.95962 70
-10.6811 -0.639548 70
-11.2906 -11.4247 70
-20.8038 -9.58069 70
48.5411 -40.9991 70
1.15679 -8.93637 70
10.9997 -9.97883 70
-0.853076 -8.5904 70
-29.6301 -78.7834 70
0.967454 -1.28912 70
9.95866 -0.197691 70
9.143 0.339255 70
-1.42319 -10.7297 70
10.8723 -10.9894 70
31.4766 11.1478 70
29.7344 9.77372 70
0.130674 0.788305 70
-28.9308 -0.796148 70
10.4335 -39.1309 70
0.62847 0.592785 70
9.28138 -19.6828 70
-9.14632 -1.27433 70
10.7642 -49.2257 70
30.1974 -29.1372 70
-0.566304 0.834503 70
-0.77343 -19.0293 70
-1.05965 0.235239 70
-0.150833 -0.681045 70
-1.32666 -0.381907 70
40.894 -31.257 70
0.785195 9.95779 70
10.6373 -18.7592 70
21.116 -9.33885 70
-1.01177 -0.807779 70
-0.142097 18.7761 70
-10.7902 8.63673 70
30.4009 8.77668 70
29.0263 9.96874 70
9.48473 -1.16053 70
-18.8533 19.8095 70
-0.0532795 -18.701 70
-50.8976 30.1405 70
0.112454 -8.92591 70
0.658211 -11.3767 70
-1.27325 1.41218 70
1.10885 -9.58123 70
-8.93316 10.4557 70
-9.61552 -1.41776 70
1.11286 -0.494616 70
-11.2545 -8.87185 70
-9.84588 -11.2772 70
10.5715 1.35268 70
1.24282 -10.0932 70
0.805917 1.45147 70
11.3845 1.30341 70
10.2681 -9.20665 70
1.27647 1.25339 70
9.42191 10.8722 70
-0.196384 -0.318052 70
-20.5955 -8.68014 70
-11.4323 -40.2004 70
-1.25091 0.245667 70
19.9736 0.251918 70
19.4173 8.88582 70
20.5397 10.2411 70
8.51304 1.10654 70
-1.08143 -50.9199 70
-0.78964 0.352286 70
-20.1559 20.9617 70
-38.9694 8.85864 70
1.25882 -0.243336 70
8.89146 -10.6444 70
-1.31606 -1.22455 70
-1.03264 0.728911 70
0.404702 1.49286 70
10.9721 8.60644 70
10.5224 -11.2127 70
-10.7237 -18.7122 70
-0.916828 -9.88132 70
0.66007 -9.58514 70
0.246991 -0.0935791 70
1.25302 8.76039 70
1.18743 10.5163 70
0.329011 1.49434 70
0.0696787 -29.1291 70
60.8215 -9.25787 70
-9.11931 -8.66347 70
0.399258 10.9403 70
-41.1714 1.37388 70
-21.0148 -20.8188 70
-1.44493 -0.183411 70
-19.4488 21.2252 70
41.3242 -20.0462 70
0.809859 -1.44885 70
18.6627 -0.409585 70
-9.00479 -10.0073 70
-60.4903 -21.1134 70
21.1955 -11.3901 70
-1.1746 -19.041 70
-10.416 -9.83731 70
-1.02321 -10.5326 70
-10.031 -1.02582 70
-1.49133 -9.19068 70
9.77422 11.1369 70
0.531696 -10.7436 70
-0.423975 0.947398 70
-9.66619 -1.33106 70
-10.3156 1.41533 70
-19.2586 1.42664 70
-11.3439 -0.891624 70
0.223276 -1.37474 70
-10.7403 -19.1638 70
-1.09529 0.0574834 70
0.635925 10.6751 70
-9.56932 -0.711442 70
-10.1025 0.214176 70
11.4196 -0.780997 70
-1.39114 -11.1471 70
-9.29019 -19.2318 70
1.10374 -10.7895 70
39.4714 -60.1441 70
9.58812 -9.51232 70
-8.78602 -0.561195 70
48.7184 11.2548 70
-0.796645 -0.476548 70
-51.0095 40.6726 70
-1.1726 -19.7975 70
0.136763 -18.9625 70
-0.00566041 1.20769 70
9.95369 -8.9038 70
100.669 -80.967 70
-1.1194 -0.59609 70
19.7949 -39.5507 70
-0.361637 -19.7352 70
-1.37007 0.311763 70
1.14427 -0.650137 70
-0.978504 -0.0590629 70
9.68643 -29.0014 70
-0.594021 -19.9782 70
1.15347 -1.25073 70
-10.9865 -1.4918 70
-10.4677 -21.075 70
30.3608 20.3844 70
-21.3406 -31.2582 70
20.1054 19.1953 70
-50.0621 -19.6648 70
-10.3691 9.08375 70
-99.0521 10.0448 70
-1.22055 -1.12459 70
10.3184 10.1501 70
11.0145 -10.1056 70
1.49127 31.432 70
-1.38262 -9.04625 70
-0.756956 10.4265 70
-0.768597 0.376653 70
-58.8321 -49.6801 70
1.15413 0.918005 70
0.191241 0.60533 70
-10.9122 0.164658 70
-0.820014 0.870774 70
-1.44166 0.314541 70
-11.1188 8.90442 70
0.264614 -10.5752 70
8.72483 0.628291 70
10.2311 1.20196 70
8.6435 -11.0273 70
1.29602 -11.1458 70
-39.1692 -9.23597 70
0.61284 -19.6588 70
20.1811 0.0592862 70
9.33146 -1.42776 70
1.10315 -29.3947 70
-61.1978 18.9222 70
8.58772 -19.8393 70
21.385 10.0126 70
0.756075 -0.44873 70
-40.5453 38.5979 70
10.4416 10.5096 70
-10.4706 -29.2909 70
9.26641 -8.57303 70
-18.654 -0.248469 70
-18.9351 -30.4782 70
31.1705 39.549 70
-0.0473692 -1.36122 70
9.07355 -68.9286 70
0.930922 -9.92761 70
48.7805 20.3217 70
-21.005 -51.0858 70
-11.1991 0.488798 70
-0.437318 -9.69728 70
0.159465 -9.54402 70
0.0932765 -9.11879 70
-10.3889 1.31521 70
-0.0640653 -9.74339 70
1.27572 0.508641 70
-10.9131 -1.48112 70
-11.4127 9.67593 70
-0.844759 -9.89462 70
-0.462417 -0.765108 70
11.1098 8.5604 70
0.376282 1.16826 70
0.787942 -11.2461 70
-1.33995 -8.7194 70
-0.43579 -10.7153 70
-0.0577662 -0.986263 70
1.3804 -0.390673 70
8.99381 -9.75225 70
-0.918891 -11.4505 70
-10.0294 21.1596 70
1.19848 -11.4245 70
9.17076 9.32439 70
9.17283 -19.7374 70
-1.47797 -9.55589 70
-0.309506 -0.330463 70
0.662814 -9.42674 70
40.5215 -79.4399 70
1.08253 10.287 70
-0.465027 0.185162 70
1.1384 -10.7063 70
9.31279 -0.0894744 70
-0.92345 70.9149 70
-1.27422 -10.2973 70
0.206014 -9.30035 70
11.4981 -0.909164 70
-1.17622 -0.417641 70
0.625101 -0.683299 70
0.670104 0.189385 70
-0.893609 1.07945 70
0.352371 -8.55168 70
1.09288 -1.31815 70
-0.822469 -1.09651 70
-0.0143773 1.046 70
9.48661 10.051 70
9.23503 -20.534 70
9.07296 0.480779 70
9.19203 -0.685638 70
80.5149 -19.0607 70
-38.8046 0.168647 70
-0.812497 -10.5791 70
0.865918 -0.679279 70
-0.770723 -1.33303 70
1.35584 -0.0674199 70
0.671186 -28.8292 70
-10.2916 -0.951904 70
-10.4222 -0.876097 70
1.18087 9.78562 70
0.271265 -21.2112 70
-10.1524 -40.9517 70
10.4743 0.0666353 70
0.480301 -0.730788 70
1.47896 -9.56916 70
0.210555 -10.3489 70
20.1846 -20.4031 70
10.859 -0.768486 70
9.7715 20.7728 70
-0.255751 -20.6389 70
0.387757 0.924369 70
10.001 -30.1412 70
-0.318358 -11.3003 70
0.524091 -8.64157 70
-8.81245 1.05987 70
1.13411 10.6808 70
0.416504 -9.59159 70
-8.89214 -0.308285 70
-0.496315 0.730144 70
0.0160325 0.199492 70
49.5035 -70.4686 70
-0.0907821 0.00291503 70
39.9588 20.3371 70
-21.2337 -31.2214 70
-9.52924 20.2704 70
-10.6755 -0.699455 70
0.393681 0.69927 70
19.7269 -10.1622 70
0.944168 0.212829 70
-8.76893 9.1789 70
-20.7902 -30.0539 70
0.594183 -11.1796 70
10.3791 -1.11 70
-1.15816 0.498958 70
-1.38562 0.740506 70
0.59356 -0.952719 70
-0.109315 -0.173686 70
1.30964 -0.0780374 70
1.35896 -10.2916 70
109.73 18.8128 70
-1.32118 -1.44735 70
29.785 -119.961 70
10.3859 0.464814 70
10.0155 28.6853 70
-9.58677 -18.9482 70
-0.507146 21.4098 70
-19.1285 -1.27688 70
-8.67897 -0.523267 70
-1.43097 1.04784 70
0.571523 -10.2925 70
1.24717 -10.2733 70
-1.42829 -0.778572 70
0.767523 -10.9075 70
0.431119 -9.18306 70
-1.28368 19.9174 70
-1.44835 -1.44187 70
-21.2176 -9.56599 70
-1.13328 1.36272 70
-18.8221 0.175964 70
-8.50297 -9.17015 70
-8.67991 -31.1111 70
-19.2282 -10.5851 70
-31.4492 -18.9005 70
-1.37617 -0.676234 70
31.344 -0.802385 70
0.814046 -9.93429 70
-9.24134 -10.6857 70
31.341 59.1591 70
0.453016 -9.24435 70
8.788 -10.9653 70
0.938837 -0.918306 70
19.0542 -9.83919 70
-1.01474 -11.2548 70
-10.8569 -9.60315 70
71.0121 -11.171 70
10.6979 -10.5043 70
-0.190523 -10.4484 70
-8.79226 0.692552 70
-10.0272 -9.10604 70
-0.254382 -11.0822 70
-10.1314 -31.0025 70
9.18682 -0.44572 70
-0.757586 0.746874 70
-0.710791 -9.66049 70
-60.731 -49.8783 70
0.217503 9.3072 70
-0.786828 -0.835871 70
-0.581146 0.845173 70
-8.68319 -20.487 70
-1.40276 -11.1066 70
0.715206 -8.9314 70
-0.655017 -1.13979 70
-10.236 0.740226 70
-10.5046 -9.02686 70
1.31962 -1.48217 70
20.9218 -9.55275 70
-11.1387 -60.8743 70
-20.4537 0.505401 70
-20.9407 0.763978 70
-19.509 8.53057 70
0.328466 0.317235 70
9.15312 -10.9846 70
0.209404 28.9548 70
10.3641 -20.2963 70
-60.7395 39.2113 70
-60.9487 78.6326 70
-1.14141 -0.673938 70
0.58634 30.0694 70
-0.261945 0.329953 70
-59.2147 1.48453 70
-11.1016 -18.8614 70
-10.6283 19.4245 70
10.2677 -8.80003 70
10.0179 -9.08469 70
0.166283 -0.774787 70
0.891351 10.2678 70
-11.4946 10.5044 70
-0.0194953 -11.3547 70
-0.0855457 0.453074 70
-20.3521 19.3079 70
-11.3139 9.22191 70
-9.4441 -9.90003 70
-9.13178 -11.2492 70
59.1372 21.2037 70
20.8716 -19.0492 70
-0.155411 -11.2334 70
-0.362921 -8.87603 70
1.31521 -0.907912 70
19.5956 -20.1536 70
1.12289 10.4301 70
-9.29282 0.0358675 70
9.63901 -1.36983 70
-10.2983 0.520765 70
-8.52918 -10.4729 70
9.73639 -10.3687 70
-1.43356 0.704405 70
0.123132 -0.807963 70
-19.0245 -0.0352556 70
0.147706 -0.465317 70
1.49496 -11.3133 70
-30.0623 10.3589 70
9.22769 -10.1984 70
-1.23929 0.170512 70
-0.705584 1.02155 70
0.880695 -9.94381 70
-0.852826 -10.418 70
-10.6988 -31.0216 70
8.72414 -11.1473 70
0.209367 10.8012 70
-0.192679 10.6753 70
-0.482977 0.994055 70
-9.08607 -20.5552 70
-1.01417 -1.02105 70
-8.61565 19.1278 70
9.35485 8.58205 70
0.508798 -8.5365 70
-0.114438 -1.12414 70
0.252331 -9.08048 70
39.3428 68.7819 70
-0.302269 0.849574 70
39.9063 -20.9352 70
-0.401775 -9.724 70
-28.7506 29.5048 70
-8.58688 -49.0108 70
0.497683 -9.60437 70
21.3598 20.1043 70
-0.216208 -0.676587 70
-0.506961 -1.12212 70
-28.8975 -0.723468 70
-0.820698 -0.125932 70
0.508932 1.08313 70
9.02125 10.4856 70
-0.582628 -1.38731 70
-9.19697 -0.86074 70
1.14942 -0.239287 70
0.112446 -1.11767 70
-0.388588 -1.07968 70
18.8599 -30.0337 70
-8.74696 -10.0705 70
-0.121898 -8.79058 70
0.177638 0.849844 70
-0.947724 1.34811 70
0.72713 -1.0422 70
10.6152 1.19021 70
0.781991 1.20797 70
1.11445 -11.0781 70
0.179525 0.237325 70
0.0447775 1.05623 70
1.47388 -10.1128 70
-28.5639 -8.81921 70
60.2836 -9.64115 70
0.579486 -1.30725 70
-10.3303 -0.904028 70
-19.8139 -18.6641 70
0.264026 -1.23699 70
0.610252 -0.771729 70
9.21129 -0.840099 70
11.1107 18.8187 70
-1.49938 -10.0872 70
-0.748621 -8.5999 70
38.5882 49.1662 70
-0.437173 0.167866 70
1.09539 -29.5154 70
-8.81615 10.5504 70
-11.2536 9.02379 70
-0.799439 -9.86894 70
11.0994 -0.0657774 70
-0.0630059 -20.3965 70
-0.794183 -8.67228 70
-9.55355 21.0101 70
0.452243 -0.264679 70
0.787277 -9.58018 70
-21.2948 0.0337612 70
11.3861 -8.94211 70
29.0982 -10.4049 70
1.4051 -0.79962 70
8.63727 -0.287125 70
19.76 11.1323 70
-29.5561 8.5724 70
-9.35765 0.106966 70
8.51307 -10.7139 70
0.988668 -18.7537 70
-8.83051 -1.41642 70
1.49175 -0.153543 70
1.11612 -10.8329 70
-28.6816 20.4681 70
-10.0167 -10.4651 70
0.256574 -8.81474 70
0.818924 -9.64095 70
1.00509 -0.236434 70
1.49152 0.99042 70
20.6411 -121.444 70
-19.1823 -30.9363 70
-0.22686 -8.87253 70
-8.55023 -0.792896 70
1.36813 -0.535457 70
-1.38052 -0.0621061 70
-1.46286 -0.137298 70
-31.0139 -21.4621 70
-38.6137 -60.0597 70
-41.2584 -60.6448 70
-10.6564 -1.05694 70
-8.92913 1.36276 70
-0.151055 0.688746 70
-0.221439 0.990411 70
9.19174 -8.58038 70
-8.92791 -8.72754 70
0.802374 0.193161 70
20.0207 -10.2762 70
-0.875957 -0.781875 70
-9.80593 1.25397 70
0.547252 -1.16426 70
1.35217 -9.15882 70
-19.9435 0.00788802 70
-21.0212 -0.955551 70
-9.22634 -30.2924 70
-0.879544 -1.13032 70
-9.06935 30.6835 70
10.4124 -8.57134 70
-70.1639 -29.7979 70
-1.37346 1.34438 70
30.3799 8.72811 70
-31.2252 10.4146 70
-1.47473 -1.35167 70
-10.5137 -0.20165 70
9.44559 -0.695837 70
-0.960612 -0.543235 70
-0.139985 0.220532 70
-10.1565 -0.550456 70
-9.00267 18.663 70
9.28309 -21.1347 70
0.202186 8.85896 70
1.47804 -1.18498 70
69.2877 -60.9423 70
-0.691717 -0.291253 70
-29.5851 -28.8647 70
-1.41946 -0.108353 70
-0.313416 -0.775006 70
-0.0975784 0.549787 70
-21.272 -8.89915 70
0.530097 -9.01667 70
-9.94722 1.02076 70
10.221 -10.0106 70
1.20547 -10.3479 70
-9.75915 1.18456 70
19.0714 50.7027 70
-28.9929 9.65749 70
-10.7649 -0.453871 70
80.0945 -79.1861 70
79.0264 -81.2068 70
-0.8532 -0.978246 70
-10.1467 -0.29304 70
-88.7918 -29.7846 70
10.1604 -0.0108549 70
-10.0252 -11.4243 70
-0.134779 19.2383 70
9.79043 -9.54579 70
29.6548 -18.5143 70
0.865018 0.325375 70
20.9418 1.34534 70
28.853 -9.09962 70
1.4357 -11.3693 70
-60.0645 -60.7221 70
0.901258 -10.215 70
-9.08291 -19.1244 70
10.8173 -1.30226 70
-8.70289 1.27183 70
-9.07562 1.19374 70
10.8172 -20.5367 70
1.23279 -50.8177 70
10.6943 1.36563 70
10.6037 -8.78821 70
-1.13002 -0.361779 70
-0.379987 0.0353313 70
0.562237 -0.046513 70
-41.3642 20.3344 70
30.3034 -90.7847 70
19.4357 -20.019 70
-10.5392 -9.53585 70
1.05324 -10.8113 70
9.65309 -1.2492 70
80.0909 -0.77049 70
-0.734017 -8.6682 70
1.15814 -18.7688 70
-0.342751 -9.57409 70
-8.71341 -10.5584 70
-1.15648 0.845345 70
1.42761 0.11156 70
0.730144 -9.55669 70
-1.07566 -1.05993 70
-0.117815 -9.04269 70
-1.14794 0.195741 70
-29.538 0.300062 70
0.125409 1.02636 70
11.0812 -1.03859 70
0.754121 -9.33014 70
-20.2544 -20.6266 70
0.968614 -0.674644 70
8.81843 1.28314 70
-0.808735 1.28311 70
-11.2287 -9.03963 70
-1.34007 1.20759 70
10.6257 8.88872 70
-11.2838 19.0568 70
0.727269 1.10283 70
9.02506 0.322486 70
10.8082 1.26258 70
-0.114477 9.28317 70
18.525 8.66719 70
-9.29916 -1.00504 70
-1.10553 -1.21139 70
-9.57135 -0.599671 70
-8.65636 -0.203649 70
-30.66 -9.81033 70
1.22604 -0.16574 70
-0.932817 -1.46971 70
9.60964 -11.0958 70
-0.525424 -0.0699149 70
-9.99898 10.7577 70
-0.165322 1.42901 70
0.00462673 -19.9555 70
0.104299 -10.0943 70
1.41055 -9.08789 70
0.409279 -0.213064 70
9.2695 0.482254 70
8.52468 -1.1579 70
8.93209 -0.530627 70
9.96118 -1.45249 70
9.04725 -0.707368 70
18.6846 -19.3086 70
10.3514 -1.11935 70
-0.424795 -0.987842 70
-0.0212357 8.5441 70
0.87867 -1.25219 70
0.353288 -10.608 70
10.7655 10.4274 70
-0.0791329 0.216644 70
-1.18711 41.2215 70
0.525334 -9.5301 70
-1.38079 -0.517199 70
1.36311 0.62179 70
11.1728 -1.44479 70
21.3352 10.9623 70
-11.0457 11.2032 70
1.06199 -0.696311 70
-1.05844 -0.925819 70
1.26151 -10.6688 70
1.06385 -10.9511 70
1.23063 -11.2376 70
0.262598 0.0729353 70
-0.825125 10.2645 70
0.00111188 -21.1025 70
9.59589 -0.00347622 70
21.1383 9.92747 70
-0.702129 21.4193 70
-1.22455 1.36278 70
11.1313 1.15629 70
0.606446 -8.59483 70
-0.862386 -0.440676 70
-1.33884 0.276146 70
-28.9734 -31.2116 70
1.12764 -10.1165 70
-0.00635572 -1.39185 70
-0.201985 -9.68992 70
10.5818 -0.289834 70
1.47603 -11.2873 70
0.196043 -11.3554 70
10.5873 11.1299 70
-1.32637 -9.83578 70
29.7754 -29.6189 70
8.76301 -20.8349 70
-10.8113 -0.48589 70
-20.6164 -9.49926 70
-10.0099 -10.1262 70
-0.0381729 50.8749 70
0.0530508 -10.5729 70
10.8158 -70.547 70
9.30574 10.5101 70
-0.221117 -9.97432 70
-1.36154 -8.512 70
-11.1538 -40.3959 70
-19.353 11.1675 70
-8.72566 -29.4907 70
10.6663 -9.72483 70
0.655215 11.0355 70
-1.09639 0.0940076 70
-9.78934 -8.67918 70
-8.69548 -11.2725 70
0.0592327 10.6217 70
-0.585328 -19.2719 70
-0.386297 1.49981 70
-0.19243 1.25786 70
-1.22279 -9.3532 70
-0.178974 1.11627 70
19.6316 40.5483 70
-19.7522 0.164963 70
-0.229454 0.021592 70
-11.3226 -10.5918 70
19.2998 -28.5372 70
-10.8474 1.29534 70
-10.6451 51.1492 70
30.0773 0.613 70
-0.757814 -1.376 70
-10.1302 -10.7932 70
0.816504 1.4534 70
40.5328 18.8008 70
0.222922 -9.94272 70
18.7861 9.77379 70
10.1075 10.6648 70
9.30091 -1.37741 70
-21.4517 -31.2918 70
-0.828646 -8.86323 70
0.41526 -0.3168 70
-0.866984 11.1297 70
0.741286 0.640954 70
1.1358 -9.62235 70
-8.57985 9.87482 70
-0.684532 -8.89833 70
0.532434 0.939283 70
0.703489 8.57966 70
-0.962759 -20.1773 70
-0.293003 -1.47963 70
1.23198 -8.58091 70
0.539858 -0.780388 70
-9.2492 -10.4552 70
-11.3965 -9.449 70
-1.07507 0.526315 70
11.1626 -10.9109 70
29.7337 20.1863 70
-0.212267 0.937444 70
-1.04297 -11.3334 70
-0.0634656 -0.858106 70
0.988083 -8.74269 70
30.8924 -10.3102 70
-40.7511 -60.8232 70
-9.32253 -0.781542 70
0.609842 -9.99889 70
-18.5161 -20.1683 70
49.1748 -111.102 70
