-1.1877 9.21815 70
-0.850333 10.3945 70
9.29994 51.0687 70
9.52775 -20.6539 70
-0.868507 10.4894 70
8.64758 -10.1038 70
1.25042 0.627139 70
10.6868 0.518573 70
1.37095 -8.77406 70
68.6845 -11.1691 70
69.0106 -11.3815 70
0.130861 -10.6999 70
69.1854 49.9324 70
-0.501124 1.38727 70
-0.428644 0.113441 70
-1.39998 0.377129 70
29.6265 -11.0003 70
10.6777 20.7957 70
-9.51357 29.0523 70
0.598852 10.0473 70
-0.749985 -0.111974 70
20.4614 -10.3874 70
18.9135 -10.4219 70
1.22084 1.41345 70
-11.46 11.4672 70
10.4726 -1.31815 70
0.453336 9.6367 70
-10.3809 30.8095 70
1.49702 -0.98752 70
10.3391 10.4988 70
-1.04757 -0.365289 70
10.9582 -11.4925 70
0.320583 -10.0257 70
19.3553 0.448459 70
0.0745127 9.87636 70
-0.865987 -0.249526 70
-0.969751 -0.121032 70
0.434502 11.0985 70
-0.00988608 11.3938 70
-20.5537 -10.297 70
-10.4984 0.196359 70
-19.5946 39.97 70
9.02789 -1.02544 70
9.64684 8.70716 70
-1.49711 -0.110222 70
10.73 9.26357 70
-10.8236 11.0188 70
-0.485082 -0.652193 70
9.15306 0.450311 70
-11.1202 -11.4627 70
19.8438 -110.12 70
39.8226 -0.726718 70
10.2276 0.376039 70
8.91824 0.955673 70
-8.88388 0.95591 70
-1.13559 1.15164 70
0.284448 -1.11138 70
58.855 -38.6828 70
41.0876 -9.011 70
39.6089 19.3988 70
-1.3169 8.58093 70
0.876146 -10.9266 70
-9.22753 0.0098222 70
-0.822669 10.0751 70
0.44838 19.4725 70
9.13478 19.6678 70
11.3542 0.80962 70
1.23625 0.301356 70
0.136713 -1.40749 70
9.36374 10.1326 70
-51.1449 -18.6296 70
-19.828 19.0193 70
0.958185 0.855659 70
-0.994402 8.82344 70
-9.92267 -0.972218 70
-0.965006 19.3577 70
-1.45458 -0.0468153 70
9.05934 -11.3448 70
-29.3734 9.1262 70
-9.26295 -10.1277 70
0.369314 0.430918 70
-0.023614 0.295693 70
-28.723 -8.52646 70
108.555 -69.2562 70
-10.1926 0.294625 70
0.16881 0.184369 70
-8.64882 1.08189 70
-9.93212 0.660602 70
-9.67778 -11.1209 70
0.782938 11.1774 70
-1.32078 0.698885 70
9.56282 21.2066 70
20.8225 31.2189 70
0.792759 -11.114 70
0.790889 10.0577 70
1.07864 -29.5351 70
-10.2086 9.17783 70
-9.06244 18.785 70
20.4213 -11.2347 70
8.50583 -9.66753 70
10.406 18.9251 70
-8.53601 -0.904075 70
-20.5427 19.0428 70
-8.95037 1.45657 70
1.10456 9.69269 70
-0.0913448 -1.1293 70
-10.4563 10.8861 70
-0.270329 1.40991 70
1.41134 -0.934796 70
-40.4319 79.9974 70
-59.486 -28.6206 70
1.16817 0.870064 70
-10.3805 -0.323578 70
-0.891856 -0.89385 70
21.4898 10.5962 70
1.06501 0.871118 70
9.95528 -8.77271 70
-0.869988 -0.172655 70
0.0998252 9.77438 70
0.0528985 9.32433 70
-1.45076 9.20021 70
9.65141 -0.942702 70
1.40476 -19.5245 70
0.355934 -1.2692 70
0.77231 -0.171388 70
28.9727 68.7925 70
0.561643 -0.76416 70
-49.8497 -10.089 70
-0.593108 -0.807108 70
0.708375 -10.7026 70
10.9896 9.76204 70
1.12233 0.0109261 70
0.930182 9.88487 70
10.9812 39.4844 70
0.493678 1.09657 70
-29.4337 -9.92519 70
18.5648 29.2731 70
20.1446 19.4972 70
-49.0609 18.8229 70
9.54019 -0.365199 70
40.8009 -9.01525 70
-0.753632 18.8718 70
20.6704 0.0276246 70
40.2591 -29.4311 70
-0.195611 -0.523134 70
20.812 78.8382 70
9.2915 -9.88947 70
-0.662968 -9.76424 70
-1.23992 -1.07121 70
-8.90659 29.2675 70
1.08802 10.83 70
9.83747 30.0966 70
-0.374757 0.217664 70
-41.3422 -29.4928 70
-1.02877 9.87714 70
20.6936 19.5727 70
-50.3984 -49.5651 70
10.3352 0.639989 70
19.0908 11.4097 70
-0.485919 -0.631497 70
9.58 21.1934 70
-9.89706 10.9935 70
10.1478 10.8063 70
9.58274 -0.724084 70
9.88697 11.218 70
-0.870376 8.59837 70
10.6601 10.8656 70
11.3174 -18.7144 70
1.12267 -20.3197 70
9.03128 18.7186 70
-9.98615 -0.761702 70
1.29828 0.287684 70
-10.0896 10.6612 70
9.11428 0.841258 70
60.0684 10.9087 70
-0.245349 8.73646 70
0.318386 9.73771 70
0.19639 0.266257 70
-11.3924 1.05148 70
-40.1586 -10.1278 70
-0.565863 -10.9207 70
11.4039 0.748406 70
29.4891 20.935 70
11.4832 -11.1107 70
-19.1251 -0.487412 70
-0.2364 -0.748152 70
-1.45801 -0.795919 70
1.11749 -9.64624 70
-0.19308 -1.06521 70
-0.989515 0.314351 70
-78.6011 -39.2706 70
-80.3673 -41.3263 70
9.53789 -0.4521 70
0.335664 -8.76619 70
0.0357741 0.63514 70
-21.0687 -10.0141 70
-19.4515 -19.7742 70
19.3981 -10.357 70
-9.3041 -11.2024 70
-1.10284 1.46052 70
-30.0685 38.8956 70
1.37994 0.565166 70
-20.3829 9.37421 70
19.3461 -30.2186 70
31.1053 11.2569 70
9.2519 0.0481754 70
-20.1038 8.57202 70
-30.7809 78.8866 70
1.29201 -9.64587 70
0.460854 10.4957 70
-30.0551 -10.1171 70
0.647898 0.614936 70
-0.4814 9.96641 70
41.0136 -20.6054 70
-10.2474 -0.390818 70
0.593837 -10.2619 70
10.4577 -21.3614 70
10.2724 10.5623 70
0.194476 -0.710296 70
-0.809751 -1.05721 70
-1.01803 -1.12064 70
11.4409 -1.17129 70
-0.477085 10.6161 70
-1.28537 -1.00775 70
-1.3312 -1.39049 70
-0.477293 11.2395 70
-0.479068 9.1587 70
-1.0332 0.39168 70
1.39295 -0.575189 70
9.50705 8.66498 70
9.84534 -11.1414 70
-0.161975 -0.258357 70
-0.383489 9.55058 70
-20.8337 -9.2922 70
8.91894 9.33552 70
-10.8802 -8.9834 70
0.730594 0.955972 70
-0.818268 9.76121 70
-0.817911 1.4309 70
-0.882882 -1.33453 70
-0.41056 0.434081 70
1.16921 -0.778989 70
-18.9636 -10.5955 70
-9.97068 0.192384 70
20.8648 19.2458 70
9.79289 10.5796 70
49.2497 -1.00778 70
1.00213 -0.979303 70
11.083 11.3463 70
20.5877 -30.7229 70
10.9232 19.3686 70
8.81464 -0.372768 70
0.902157 20.1563 70
48.6707 50.1772 70
0.0632495 0.313437 70
9.52853 -0.864617 70
11.1284 -10.027 70
-40.1689 60.7815 70
-11.2808 11.3104 70
-51.0264 -10.3942 70
-0.162896 9.71168 70
-0.0367072 0.405067 70
0.497225 -0.860892 70
11.3533 -0.259634 70
1.39863 0.239507 70
0.50448 -1.39286 70
1.32497 0.971724 70
-10.2437 10.5739 70
41.1389 10.557 70
-0.115226 -0.965058 70
-9.87672 -9.67819 70
0.60838 1.23763 70
19.7669 19.3339 70
8.54732 0.0878519 70
0.117595 11.1152 70
0.954985 -1.18835 70
9.52723 0.717925 70
-8.62926 0.158732 70
29.2859 21.098 70
-48.54 -31.1408 70
49.0091 -50.4378 70
-10.6964 -1.03197 70
-1.00911 -0.921969 70
0.386443 1.48 70
-0.0759041 -0.466676 70
-9.73297 -9.22946 70
-0.878472 8.60021 70
1.27269 9.19987 70
8.57155 1.4316 70
-0.627772 -0.878142 70
10.5335 21.4442 70
0.369811 10.1132 70
-8.50198 -20.8915 70
0.458675 10.4309 70
1.08772 -0.42831 70
-0.259823 -0.0379876 70
30.5995 -19.0897 70
-28.9791 49.8008 70
-19.4976 40.6179 70
-9.04445 19.0457 70
-0.918943 8.94425 70
1.02913 1.30098 70
-18.9964 -40.0833 70
-10.5263 -9.81059 70
1.23409 -1.18475 70
-9.83208 -1.27229 70
11.2942 -0.910091 70
0.523097 -0.30906 70
19.9361 -40.8479 70
-0.736511 -0.0883727 70
-19.5424 -10.4965 70
0.760581 -1.32628 70
-1.49259 -10.745 70
69.5824 -18.71 70
-10.6183 11.4099 70
-0.418395 0.997591 70
-0.98416 0.728746 70
-0.0995353 0.35348 70
9.83092 21.4793 70
-0.8019 -0.288572 70
0.271922 -0.547753 70
1.38721 11.3599 70
-1.46643 10.3031 70
10.1672 29.9652 70
-0.565755 8.51829 70
10.7111 8.91381 70
8.92446 8.97343 70
-40.9129 -38.8646 70
9.91243 -10.3617 70
11.1165 -11.0343 70
-0.431279 -0.406992 70
-0.194038 1.0991 70
11.1324 8.94716 70
0.178322 -0.18995 70
-1.24537 0.163039 70
-0.932872 8.93787 70
9.39173 0.152405 70
-0.448182 10.0121 70
9.59727 0.118285 70
68.8014 10.6502 70
-0.516048 0.287082 70
-10.6028 10.7836 70
-1.09483 1.24916 70
0.714344 9.63858 70
-1.23844 9.13018 70
0.0664275 0.996989 70
-1.17719 9.84283 70
1.0836 30.5263 70
-0.753152 0.655534 70
1.42291 0.50385 70
0.84751 11.1612 70
0.902898 -0.792025 70
0.360709 -0.61293 70
-19.1088 -10.9597 70
-0.173166 -1.21734 70
-0.547652 -18.6716 70
0.825422 -1.02707 70
20.5935 -29.9804 70
1.26787 10.265 70
0.349584 11.2612 70
-0.113151 -0.766496 70
-1.1878 -0.346826 70
0.49131 -1.25264 70
0.852624 -0.161294 70
-10.4071 -20.4406 70
19.2125 29.4287 70
0.189642 -0.874721 70
11.1981 9.40073 70
11.1713 10.0922 70
0.943779 11.0288 70
-11.1607 21.0299 70
-79.7266 10.1186 70
-30.4449 10.4732 70
10.5083 -8.62389 70
0.0633125 -0.523722 70
-1.23747 -1.44428 70
9.87529 11.0724 70
-0.0528164 -1.27738 70
-1.06077 0.858925 70
-0.102423 -0.951025 70
-0.128255 1.00485 70
-19.0291 10.4038 70
0.265588 -0.496315 70
9.12547 19.1451 70
10.4603 1.47859 70
-10.1341 -20.7847 70
9.15771 8.6513 70
9.83073 9.26502 70
0.624901 0.867493 70
8.73222 -18.686 70
-9.11141 19.3135 70
49.537 40.6996 70
11.2305 9.93241 70
0.434461 8.76696 70
-0.2397 8.69162 70
-1.11972 0.917452 70
1.32963 0.630944 70
-0.414651 9.60667 70
1.48551 9.57492 70
-9.79867 -20.4583 70
8.58339 -0.64172 70
-9.76232 10.1392 70
1.08897 0.748828 70
0.168505 0.29229 70
0.0476059 18.9454 70
0.247135 0.985614 70
-0.409204 0.972765 70
19.5856 30.5648 70
20.6919 30.7898 70
-20.5297 -9.58632 70
9.88899 -1.38098 70
-11.0901 18.6779 70
10.6427 11.4426 70
-8.77563 9.61346 70
9.16663 41.3274 70
-11.001 19.0424 70
8.91731 21.4776 70
-11.1735 -1.17634 70
1.16549 -0.138824 70
-0.859502 9.67657 70
10.8548 10.1968 70
10.9736 -0.957303 70
9.98171 9.3665 70
-10.1798 -8.9485 70
8.98792 0.943573 70
0.00310059 -0.725888 70
-8.92321 11.2119 70
-1.28049 21.4763 70
1.00633 0.956829 70
0.83666 0.50406 70
0.49345 0.521496 70
31.2304 1.39002 70
9.88988 -20.107 70
0.922414 9.65499 70
9.39743 8.50799 70
110.913 -50.1152 70
1.4019 -0.0528914 70
0.633903 11.176 70
-1.3025 0.7584 70
0.524651 10.6046 70
19.3471 8.83976 70
-1.12056 8.85444 70
-9.46333 -0.466096 70
1.49425 31.2853 70
-9.01355 1.36469 70
0.445641 1.2875 70
-0.799616 0.591902 70
0.241943 10.7776 70
0.544451 9.94114 70
8.59737 10.0682 70
21.3057 18.793 70
0.0636906 0.063475 70
-8.74262 18.9312 70
1.4454 0.738901 70
19.593 -20.8037 70
21.2394 41.0086 70
-40.8469 21.4639 70
-0.41385 8.66163 70
1.38112 0.763793 70
9.63264 0.408501 70
0.189628 8.97101 70
-1.39047 -1.41917 70
-29.7675 0.987396 70
-0.41632 19.4492 70
-9.24632 -0.213646 70
11.3476 9.26911 70
9.90696 9.74621 70
-1.33447 0.478934 70
1.27548 10.1183 70
-0.931865 -1.29577 70
-1.15059 0.880447 70
-1.45875 -9.62526 70
-1.26168 -1.34222 70
9.13155 -11.3848 70
-0.245507 0.170122 70
-9.67187 1.15318 70
19.2221 9.0567 70
9.96089 -0.103826 70
-1.31487 1.21858 70
1.34478 20.2906 70
-1.16844 8.68755 70
1.43556 -18.7697 70
29.3348 19.0718 70
9.08777 -10.6 70
1.37772 0.705419 70
0.909669 11.2311 70
28.9972 -50.5007 70
-0.173349 -0.594652 70
-10.0157 9.41568 70
0.361317 1.42246 70
-19.8704 11.2025 70
0.427003 9.71377 70
-0.946427 9.53967 70
0.501111 -0.355658 70
0.0631008 29.5584 70
-0.48879 10.6239 70
-0.691585 60.2061 70
30.7426 10.2014 70
28.7907 0.392571 70
-51.4419 -8.59675 70
-0.516991 0.0344464 70
-0.994377 -0.364513 70
11.262 11.0298 70
-1.49817 0.0656437 70
-90.9279 -10.502 70
51.0686 -60.5681 70
50.2672 -59.0608 70
8.60267 0.21139 70
11.4663 -0.0948775 70
-0.119744 -8.63861 70
0.558719 11.1559 70
8.72046 -18.9648 70
0.126151 -0.620731 70
8.7842 10.1035 70
19.8239 -1.25371 70
-1.3995 -0.0677066 70
-8.93993 0.259263 70
-0.769239 11.3786 70
1.40864 10.7042 70
-0.495949 9.7472 70
0.597119 -1.25709 70
30.6121 -19.3844 70
9.81969 21.2071 70
1.49453 1.17078 70
-0.491902 -1.31444 70
8.55703 -0.630098 70
-0.992417 -0.194562 70
-10.7283 30.6624 70
-9.62699 29.5873 70
60.2503 -70.0222 70
-0.0992403 -1.29863 70
-1.04326 -11.0037 70
-9.51179 11.2715 70
0.435121 9.38826 70
-9.4557 8.56079 70
1.07429 -9.60992 70
11.4735 0.113876 70
-11.468 1.34113 70
-11.2626 -1.13498 70
11.1725 9.10786 70
-1.37519 0.807407 70
30.2011 8.7505 70
-11.4197 -1.38678 70
-0.321279 10.0891 70
-20.0431 -20.6411 70
-10.1029 10.0851 70
0.0894964 11.1137 70
19.7537 9.2503 70
0.843088 -0.752631 70
-0.201397 19.6952 70
29.4754 9.10861 70
8.57283 -40.0312 70
1.45594 10.4062 70
0.889991 -0.973818 70
-8.91545 40.6873 70
18.6839 -1.19819 70
0.259139 -0.213717 70
8.57945 -11.365 70
-49.2134 0.902766 70
8.53086 9.95585 70
71.048 20.4108 70
0.901048 10.4284 70
-40.7678 0.659973 70
110.713 -30.5519 70
91.326 9.62315 70
11.1427 9.33236 70
-9.40221 -1.2547 70
20.7123 0.211025 70
-21.2715 -9.85241 70
-1.01289 -1.02132 70
9.87302 -0.359687 70
0.473112 -9.68632 70
-18.9617 -1.39143 70
-19.7968 0.688522 70
9.6606 0.901682 70
-0.901996 -0.13031 70
-9.68685 -1.28718 70
0.674801 20.3019 70
0.841943 1.24867 70
9.94983 -1.26653 70
9.03281 -0.169171 70
11.3382 -0.191406 70
-1.23537 -0.551601 70
-9.61905 20.3747 70
-59.7496 18.5245 70
0.78212 0.878847 70
-18.8682 0.0324377 70
-39.2534 -70.7132 70
9.75341 20.5002 70
-50.785 18.6452 70
0.0447598 -0.751156 70
-0.240666 10.6912 70
-0.0800806 -0.071479 70
0.977211 1.16969 70
10.9136 -1.45879 70
0.0950403 -10.6269 70
10.4778 -11.2484 70
9.03502 -1.12181 70
0.626028 10.7603 70
10.7038 10.5662 70
0.823174 9.96717 70
0.252123 -0.498276 70
-31.2458 0.257753 70
-1.46618 1.37957 70
0.0505044 -0.377487 70
-0.1863 9.08501 70
0.200768 0.888592 70
10.9953 -1.29297 70
70.5306 69.9951 70
-11.3278 -1.43553 70
-1.27761 39.4447 70
-1.46213 0.0853127 70
0.555765 0.179292 70
-9.2448 -10.0539 70
18.7397 -18.9927 70
-11.4785 -20.7271 70
-1.17232 1.24631 70
0.638585 -1.04396 70
-0.75856 -0.190234 70
-0.887887 -0.631875 70
10.5983 11.195 70
9.75654 1.40632 70
-0.571535 19.0449 70
-0.0461124 0.995657 70
1.06744 1.30187 70
-0.94538 10.321 70
9.64201 9.04465 70
0.884769 0.665593 70
0.239478 0.436831 70
-1.19055 1.00658 70
-1.18267 -9.25801 70
-1.02195 -1.48899 70
-1.3188 -10.0833 70
0.905794 -11.2167 70
11.2877 -30.4745 70
1.09603 -1.21797 70
0.443659 -8.94836 70
8.87806 0.794706 70
0.752241 -0.0578636 70
11.255 10.73 70
8.92638 -1.30749 70
21.3148 -0.371518 70
-1.01297 9.545 70
1.22936 -0.542922 70
0.300374 20.0112 70
-1.41151 1.25466 70
0.181088 0.25573 70
-0.425646 -0.556342 70
30.7254 28.544 70
10.3834 9.60836 70
-0.261147 10.8457 70
-0.220398 10.6118 70
-0.978969 0.45049 70
-1.23412 10.3367 70
-0.431471 1.33659 70
0.781655 -1.23899 70
-30.6358 -19.9565 70
-9.74787 9.5646 70
-0.00381615 11.0542 70
0.660138 -0.684837 70
0.540898 -0.0879732 70
-0.753746 -11.4945 70
0.766248 -0.376751 70
-0.292817 9.56371 70
1.06448 8.90664 70
8.81878 28.6024 70
0.35597 0.195389 70
0.740811 -1.26149 70
-0.769002 0.395236 70
9.3472 8.97831 70
1.44605 -9.68756 70
-0.863448 -9.46151 70
-8.93207 20.2969 70
-0.898088 1.31923 70
10.9449 -10.5936 70
-9.29371 -20.4985 70
0.961216 0.569294 70
-1.35656 -0.763475 70
20.5141 0.640499 70
-0.229439 -1.07547 70
-1.45422 19.5518 70
-21.2834 1.33879 70
1.45296 9.46448 70
-1.15162 0.574555 70
0.845018 11.3852 70
1.01257 -0.143928 70
-1.36895 -9.84658 70
-0.896879 -0.865881 70
1.43498 -0.425541 70
0.09615 0.0103036 70
1.31511 19.5339 70
-10.2753 -19.7932 70
1.18981 9.56708 70
0.223348 -0.941265 70
0.658834 0.97861 70
0.158834 19.2882 70
9.71967 0.0622675 70
0.127273 0.408336 70
-9.35307 10.998 70
0.143366 -1.46958 70
-50.3161 -50.1102 70
-28.6284 9.12033 70
18.5024 1.07528 70
8.52679 -0.222992 70
-31.0918 48.6029 70
0.071471 9.386 70
9.4302 -10.551 70
9.62999 10.3219 70
-0.374529 1.3068 70
-19.016 -39.5423 70
10.6623 9.53132 70
10.173 -30.0436 70
0.961619 10.8547 70
8.59633 10.692 70
0.860181 0.567885 70
-0.664203 1.17257 70
1.30391 -0.495817 70
1.12052 11.2773 70
1.21127 9.00114 70
0.395453 -0.71613 70
-1.42162 -19.7923 70
1.32008 8.82447 70
0.441348 -0.283294 70
-0.283325 11.4024 70
-1.32962 1.22049 70
0.475932 0.488907 70
10.9469 -0.67079 70
9.34879 -1.09337 70
-8.62161 0.327916 70
0.133701 -8.77075 70
-29.3291 -8.52654 70
-30.5871 -10.7182 70
-11.3526 -11.1237 70
-8.87293 -0.0797536 70
11.2797 10.4603 70
-0.469183 0.975246 70
-1.37204 0.669668 70
-0.524365 1.06416 70
1.27027 -9.5975 70
8.56417 0.536235 70
-1.36241 0.625152 70
10.1117 31.2739 70
-9.15203 -9.11515 70
-0.918583 1.44406 70
0.127602 10.2935 70
-1.46301 9.96513 70
10.036 9.26104 70
-10.7611 9.75096 70
-9.12795 21.0748 70
19.7637 9.06804 70
-0.137086 1.3162 70
10.4462 11.0991 70
1.21934 -0.651234 70
-0.610151 10.8166 70
-0.576134 9.80167 70
21.2853 -19.2794 70
0.0693122 9.02617 70
-28.8334 -10.5996 70
1.09103 -0.96927 70
-29.1951 1.1005 70
9.01409 0.753689 70
8.55777 -1.11676 70
-20.2465 -10.4644 70
-1.06268 0.64833 70
-1.11381 -0.698131 70
9.62765 -1.13176 70
-10.9034 11.3286 70
10.9893 9.06544 70
-0.78842 -0.107205 70
-0.642178 -0.740763 70
10.9717 0.927248 70
0.120329 0.360486 70
0.205293 0.00276032 70
0.803555 -1.09339 70
0.0828185 -19.7037 70
-10.0425 9.48634 70
-20.4011 -0.141584 70
-0.737381 -10.7857 70
0.907017 9.93079 70
69.1768 -51.1111 70
-18.7301 1.16838 70
-18.7666 -0.258262 70
-1.30415 0.658111 70
-1.03904 -0.502741 70
-19.1078 40.4273 70
-0.143838 -1.09211 70
0.935112 -0.738219 70
