0.978104 -1.47214 70
9.84998 1.16687 70
-0.701831 0.00428565 70
-0.773912 -0.663603 70
-10.004 -1.19134 70
0.710087 10.3069 70
-9.36828 8.80811 70
-0.708745 -1.48836 70
-1.38958 -1.08193 70
20.7711 -10.037 70
9.99312 -10.1357 70
11.2267 9.25994 70
30.0615 11.4331 70
9.89487 1.32739 70
-31.0076 -9.71638 70
-29.1679 -9.82483 70
-9.16545 -0.243375 70
10.7514 0.135506 70
8.79173 -0.643499 70
-0.869138 1.23743 70
8.65962 -8.64842 70
1.33229 -1.15923 70
20.8761 -9.50871 70
0.488071 -9.24312 70
11.3981 -0.988642 70
-10.2736 -28.9635 70
-21.0775 -18.7982 70
10.1492 0.352439 70
9.25267 -11.1122 70
0.682388 19.2976 70
10.36 -1.37197 70
19.7574 -9.95085 70
10.0413 -0.858154 70
-19.6158 0.24281 70
-0.426429 -1.19999 70
1.35584 -1.23639 70
1.17816 8.97812 70
-0.731198 10.7129 70
29.4181 0.392968 70
11.0681 -9.80058 70
9.75763 -10.6556 70
1.09415 0.845946 70
9.20521 1.15334 70
-0.990937 0.501896 70
-9.58576 11.3577 70
-9.65955 10.7817 70
10.2061 0.478308 70
11.0346 -0.76511 70
10.4876 -0.757251 70
9.26562 1.46323 70
-0.386062 10.5234 70
-20.6997 10.3762 70
-0.547322 -1.01485 70
-9.6083 10.414 70
10.6797 -30.405 70
31.1682 -0.145821 70
8.72388 -21.0948 70
-20.8818 40.3508 70
8.52587 1.28574 70
9.56433 0.838659 70
21.2583 -19.4767 70
-8.50245 -9.49399 70
-1.10223 -0.988844 70
29.9067 21.1498 70
0.279802 -0.423092 70
8.8708 -9.41082 70
11.376 -0.994309 70
-0.880799 0.753411 70
-1.18066 -0.537433 70
-0.194243 0.490051 70
-0.337166 -0.740066 70
-9.45299 0.115692 70
49.5496 9.30389 70
-0.214469 -0.526579 70
10.8787 9.28701 70
8.91062 -0.20494 70
0.597955 -1.38377 70
10.25 -0.577894 70
9.838 1.21702 70
19.019 -9.42071 70
0.60765 0.289361 70
40.2326 9.23675 70
20.3312 -10.4374 70
0.403225 -8.69412 70
-11.0389 20.4398 70
11.1199 0.899409 70
-0.333712 -41.4552 70
-29.7832 -20.7909 70
9.10329 -19.6167 70
9.42672 0.853876 70
0.283594 -10.271 70
-1.15193 -9.36105 70
10.3125 10.8829 70
0.927194 -0.953231 70
9.35407 0.558844 70
10.3086 -9.93389 70
10.8986 -11.0966 70
19.8936 9.67138 70
0.704885 1.12603 70
9.92336 -9.16146 70
10.5823 -9.96787 70
0.672018 1.36621 70
8.93779 9.59987 70
1.13252 10.7477 70
8.61347 8.99513 70
18.8271 0.0663208 70
10.8174 -1.47166 70
9.35155 1.2755 70
0.799265 10.7588 70
0.080489 -0.19897 70
-0.569372 31.1387 70
29.1905 -8.82472 70
-69.7558 -69.001 70
-30.9539 10.0603 70
10.0606 -9.40114 70
-1.04986 -0.71393 70
10.5936 0.343439 70
-1.02191 0.892695 70
-0.877321 10.9966 70
20.4618 -10.6068 70
0.265175 0.926571 70
-11.3651 19.8089 70
-9.97321 21.233 70
-0.401689 9.48714 70
9.81866 21.0383 70
-10.2713 0.180014 70
-0.871944 -1.47002 70
0.318122 -0.519963 70
0.241018 -1.07056 70
10.0082 0.629546 70
-9.00777 9.79198 70
-11.1629 19.7826 70
-9.51653 -10.8219 70
-29.0244 -88.5265 70
-1.14019 -10.0442 70
10.1359 -1.30865 70
10.6701 -0.299406 70
8.75631 0.391626 70
10.1184 -0.0866634 70
0.57521 19.3693 70
9.86481 -10.3682 70
0.136208 1.30439 70
20.6704 -8.52652 70
-19.0854 8.68184 70
-1.29972 0.671151 70
-0.0461952 1.04141 70
-0.701825 -9.20955 70
9.87485 -21.4891 70
-11.4907 9.88484 70
0.836952 1.42613 70
-10.3249 41.0023 70
-0.297327 -0.753694 70
-0.357185 -20.5044 70
10.1229 0.175845 70
11.2338 0.437878 70
0.0284324 1.2878 70
10.6279 0.225793 70
-10.267 9.9273 70
0.641912 -0.154205 70
19.2652 20.7992 70
9.22534 -10.2649 70
0.0341541 8.63521 70
-40.6984 -0.15584 70
0.579691 0.706332 70
-0.389396 0.274003 70
9.83517 9.82689 70
-39.4545 8.93296 70
-0.317458 10.2872 70
9.20889 -11.4235 70
9.0409 1.34083 70
0.8296 18.5642 70
1.07529 0.702404 70
10.9809 -0.0781985 70
11.2955 -11.2264 70
20.031 -0.315522 70
10.3152 0.589956 70
-1.2409 -11.3527 70
10.3905 18.9473 70
8.60247 -0.281933 70
-9.16626 20.3797 70
20.408 11.4642 70
10.2048 -31.3758 70
1.21263 0.565105 70
-0.697205 -0.0592297 70
-49.8377 -78.5555 70
-50.6046 -80.6789 70
9.04297 0.636483 70
10.2921 -19.8606 70
-0.661741 0.505564 70
0.860072 -11.1628 70
11.4427 -18.5119 70
-20.0981 -1.17 70
-10.2442 10.0789 70
-8.78935 11.317 70
-9.10755 10.6333 70
9.85332 0.471336 70
10.222 -0.625779 70
10.7366 -1.04494 70
-0.913329 0.266625 70
8.97356 -10.3679 70
10.4337 1.23859 70
19.517 1.29793 70
18.6294 10.6449 70
10.3915 -0.121821 70
0.207616 -0.279806 70
59.2993 39.2339 70
9.89779 -1.25744 70
-60.6208 -11.4954 70
-0.929052 11.1929 70
-0.491777 -0.28271 70
9.66177 -0.327209 70
9.29166 1.24546 70
-19.2512 -1.4375 70
1.4592 18.5437 70
9.93817 -0.178316 70
19.836 -21.2854 70
-0.974441 -0.682278 70
-0.855789 0.913741 70
8.93026 0.895348 70
60.3511 -0.322826 70
-1.09082 -1.2412 70
11.4349 1.42146 70
11.4923 1.13273 70
-0.979283 -9.40407 70
-1.20989 -10.3174 70
-9.49009 -10.8613 70
9.03899 0.522969 70
-11.4623 -0.6158 70
9.27738 0.0458871 70
11.1859 0.188222 70
9.41434 0.0361485 70
10.9891 0.343886 70
0.749435 1.2646 70
0.593702 -0.564629 70
-21.4415 11.1377 70
8.94496 10.2945 70
0.952988 -0.239852 70
-1.14167 -1.11876 70
-9.7936 -9.61831 70
18.9973 -0.409654 70
-0.226237 -1.01767 70
-0.292259 -11.0444 70
11.3479 -0.271869 70
11.2088 -30.2678 70
8.83564 -29.9778 70
1.24108 0.286037 70
0.589839 -1.29785 70
40.4438 30.3312 70
-10.9492 -11.4924 70
9.31823 1.0443 70
-9.32248 20.5583 70
1.23774 -0.273836 70
-11.3287 1.00188 70
20.0591 -19.2492 70
-0.675997 0.867278 70
10.9459 -9.15344 70
-0.932563 -0.570551 70
-9.28314 -19.7753 70
-9.39181 20.9813 70
-0.0112152 -9.74135 70
11.2596 -1.46231 70
18.636 9.04876 70
20.3583 11.1898 70
0.444886 9.94347 70
20.2502 -9.69038 70
0.303103 -0.651087 70
-0.959987 0.721542 70
9.65295 -1.4729 70
10.1782 0.878564 70
0.573248 19.1687 70
-0.85367 -10.6808 70
11.2722 -0.52832 70
-0.436599 0.662872 70
-0.392382 -0.613372 70
-39.0876 -0.257418 70
0.459319 10.3797 70
20.1462 -9.8171 70
1.02634 8.64298 70
39.736 18.7142 70
31.0994 -29.2546 70
30.6817 -29.5178 70
-0.963384 -0.434147 70
-11.1764 -21.2732 70
0.522851 9.42497 70
9.40913 -10.6199 70
9.42744 1.08875 70
11.2382 -39.9688 70
10.5381 8.69042 70
-50.8633 40.6325 70
11.2119 0.249699 70
10.4439 -0.954093 70
-11.0765 10.8061 70
-11.4347 -10.0969 70
-0.387237 -0.194853 70
11.3134 0.39165 70
-0.73062 1.17143 70
-0.178029 0.472538 70
-0.337802 -29.0244 70
8.77376 0.423503 70
-9.60513 -9.46099 70
-0.35947 -19.9489 70
9.2082 -0.672641 70
8.85253 0.661031 70
1.0834 0.582578 70
10.1297 0.792464 70
0.325062 -0.779458 70
28.6644 19.7572 70
10.6484 -1.15488 70
-10.8664 -0.152959 70
-9.33614 -0.942112 70
-0.125333 -1.42944 70
-0.313053 -1.05815 70
1.07427 -0.913418 70
9.02515 -1.03159 70
19.4733 0.29147 70
9.14546 -11.2798 70
9.85974 -21.3793 70
-39.3159 50.4933 70
8.66875 -1.43144 70
10.6663 -1.26787 70
-10.199 -10.3503 70
-1.18158 8.9439 70
59.0162 -39.3281 70
9.20082 -0.455019 70
0.434144 19.2847 70
-0.481635 21.3617 70
8.73807 -29.2657 70
-9.10324 -1.04778 70
-19.0658 0.317954 70
11.4514 -0.173669 70
19.2083 -10.6881 70
9.19953 -9.24792 70
10.2307 -19.7388 70
-1.10667 -1.40231 70
-0.193122 -0.85136 70
-1.25662 1.41676 70
20.4103 19.5533 70
0.886633 9.88571 70
10.9383 -19.8215 70
-1.03282 -0.40006 70
10.8115 -0.193868 70
-0.0381994 -0.852196 70
10.7238 -0.0748628 70
10.06 0.597315 70
-0.340671 -0.617024 70
9.1298 -20.2805 70
48.9121 0.183588 70
-0.051491 0.238911 70
19.0886 -0.460166 70
-80.8513 -39.5106 70
10.5523 1.16892 70
-39.2721 31.1421 70
0.507202 10.2603 70
0.3208 9.37464 70
8.58978 0.312447 70
-1.4157 -11.396 70
-0.166131 0.343599 70
0.600203 -21.3381 70
9.48262 -0.407055 70
9.78002 0.108541 70
-0.927577 0.99521 70
0.462388 -20.8999 70
50.22 10.4392 70
19.802 1.15523 70
-31.1455 -30.062 70
-0.51443 0.702285 70
21.3604 -0.910475 70
-0.725449 1.38596 70
10.0174 0.548932 70
-20.1628 9.57421 70
29.1617 8.97522 70
9.82892 -19.1019 70
0.0396758 -39.8318 70
9.80806 0.645436 70
0.101575 9.8621 70
1.23716 0.938915 70
-19.4902 -0.0306724 70
-28.5782 -0.510358 70
29.9607 -8.96096 70
1.04918 20.5049 70
9.41512 9.09777 70
19.4889 -9.82279 70
-9.01585 19.1269 70
-0.887967 -11.3441 70
1.19041 -1.47319 70
-0.782501 -0.244611 70
9.54225 -11.2009 70
29.2413 -41.1069 70
8.85436 -0.217245 70
8.64463 -0.741496 70
-0.562161 10.3121 70
-20.9778 19.5393 70
9.73826 19.9437 70
-0.771458 0.345963 70
40.1889 28.547 70
9.25856 9.82037 70
11.1865 1.04891 70
-0.787675 -9.14945 70
-59.2308 -31.1119 70
0.502716 -11.0925 70
29.9262 9.62419 70
-1.1579 0.0915358 70
10.6685 -21.4448 70
10.0427 -19.2453 70
18.7103 -28.7269 70
30.3003 -9.87405 70
19.0905 19.5003 70
10.3937 1.45877 70
-1.07335 0.783798 70
8.53005 -9.07585 70
9.71765 1.15538 70
0.717874 1.16575 70
-21.2961 -0.496141 70
8.89769 -19.0555 70
79.1709 -89.7292 70
28.851 -9.88677 70
-0.0298167 -1.40925 70
9.39939 -1.42755 70
0.435209 10.2711 70
-20.2682 -31.1859 70
1.23864 0.321817 70
-8.60826 -18.8967 70
0.249384 -1.43088 70
-1.4863 -0.537353 70
10.9055 8.92383 70
11.391 10.58 70
-20.1804 -9.047 70
-11.4837 1.30936 70
-1.44678 -9.22107 70
-0.145028 -9.5589 70
-0.709877 1.37485 70
-11.1245 -0.0393924 70
-8.97434 -1.11886 70
-0.42612 1.34332 70
9.5764 11.4638 70
11.0242 0.299342 70
10.1381 -20.2847 70
-8.80977 -39.6231 70
0.215886 -9.2691 70
-0.76101 -0.939766 70
-0.11838 -11.1492 70
11.4726 9.42359 70
-0.829569 1.02313 70
0.275401 -0.643269 70
1.34475 1.16936 70
0.858115 -1.17607 70
9.01108 0.452737 70
-0.594735 -0.647613 70
11.2891 -30.2722 70
10.1191 -1.46871 70
0.379932 -10.5369 70
-0.0376276 -0.0462773 70
10.2142 -11.4099 70
9.53426 9.75547 70
9.42295 9.05872 70
11.1763 -0.527861 70
9.06586 0.290904 70
10.4981 -31.0509 70
30.5052 30.6868 70
10.3764 -20.2951 70
-18.5084 -8.75965 70
-0.838428 31.4068 70
0.0181284 0.317523 70
-0.627796 -1.11028 70
10.6537 0.664656 70
-1.09726 -0.492023 70
-1.06871 -9.43799 70
0.992524 0.463124 70
19.1406 -10.241 70
10.3507 0.640291 70
9.48312 1.25924 70
1.38229 0.758309 70
9.08297 1.17507 70
1.12263 -9.28365 70
1.10613 -1.43893 70
-1.29861 -1.33978 70
-9.52733 0.00303319 70
-8.68684 10.2678 70
8.71002 -1.29789 70
-18.7153 -0.734259 70
-0.734734 1.36487 70
-0.197696 -8.5542 70
19.8598 0.213861 70
-1.49448 -10.5498 70
-0.548249 1.02892 70
0.340891 0.899634 70
10.3105 19.757 70
10.3862 -20.6816 70
0.41371 -10.3255 70
30.7233 10.358 70
-0.0618789 10.6548 70
1.4444 -0.51301 70
8.89833 -1.37577 70
1.00928 -0.748471 70
10.3036 1.02501 70
-0.924254 0.0580977 70
1.003 -1.12073 70
0.0233979 -1.14104 70
0.0729076 0.283709 70
10.5703 -8.74979 70
0.0756247 8.83085 70
10.9977 -0.659585 70
0.677611 -0.575305 70
30.0088 -9.75853 70
-11.3611 9.09828 70
-39.788 -19.1915 70
11.4561 -10.5431 70
-28.566 10.4872 70
9.01568 0.37316 70
-10.5295 1.14694 70
39.555 -1.08021 70
10.8636 -0.427969 70
1.17698 -9.03129 70
1.20902 1.22725 70
10.6944 -0.247599 70
9.32719 -11.451 70
-11.0349 -19.7526 70
0.103785 8.55318 70
0.724024 -1.45863 70
9.45225 -8.74784 70
1.31085 -18.5877 70
20.168 19.7081 70
-0.264447 29.7787 70
60.1855 -40.3655 70
-0.313707 9.24387 70
-9.50456 -20.2126 70
19.9269 -29.1687 70
80.7454 40.5736 70
9.92653 9.70997 70
-29.0806 0.338895 70
8.90042 10.3458 70
0.991217 -0.629179 70
10.8878 -18.928 70
-10.9237 0.620276 70
-1.39742 9.5945 70
-0.731824 -0.718409 70
-0.887327 1.27764 70
-9.67283 -10.1696 70
38.7488 -0.463225 70
-0.909494 1.12372 70
31.0526 9.9868 70
-0.854642 0.94527 70
-31.1094 48.9529 70
0.179323 -10.5187 70
-30.197 -10.3592 70
-0.934365 1.34828 70
-30.9021 21.2589 70
8.84055 10.3118 70
10.5421 1.05169 70
-1.26848 -21.3391 70
1.1957 8.79571 70
9.34604 -0.390349 70
11.3629 -0.409249 70
19.8394 9.47749 70
10.5376 -0.75491 70
-0.763205 20.2216 70
-1.37631 29.0086 70
9.4517 0.988579 70
9.58709 0.860248 70
-1.29852 0.820082 70
10.1195 -10.0804 70
-10.5745 -1.22181 70
-10.2792 9.23437 70
9.6347 -10.1193 70
9.52226 0.527598 70
-1.44908 -0.4944 70
0.155294 9.93828 70
-0.20559 0.349041 70
-0.453756 9.76626 70
-0.851629 10.7353 70
11.2855 19.5009 70
-0.480337 0.357038 70
11.4973 8.73621 70
1.18209 -0.715002 70
19.4844 -19.7519 70
-1.30659 0.580033 70
19.5633 -11.164 70
-8.70526 -9.96377 70
-0.0157302 0.565325 70
0.930465 -9.40129 70
-21.3617 -11.473 70
10.1398 0.866281 70
20.064 -0.110584 70
10.9864 -8.83414 70
21.3857 -0.482769 70
21.1972 1.09285 70
30.504 10.8422 70
-1.17645 8.5375 70
-10.0977 -1.36897 70
-1.33894 1.36364 70
9.33945 -8.84997 70
10.8591 20.2981 70
10.9066 -0.508449 70
29.5391 -8.65272 70
11.3392 1.01959 70
59.9609 -38.7284 70
11.4091 -9.49265 70
-0.875149 -0.251471 70
-0.0756405 -20.7156 70
1.08072 -1.14935 70
-0.0682821 -0.62552 70
-1.02412 0.596875 70
20.0882 11.2196 70
9.1037 0.758518 70
-10.2217 -9.47443 70
9.79002 9.51158 70
0.465488 0.846095 70
-9.39005 -9.54902 70
10.6506 -1.26058 70
0.970215 0.905762 70
20.0092 39.8253 70
21.4071 -10.4276 70
20.9563 -0.232377 70
21.0215 0.421788 70
9.63496 -19.2079 70
-21.2186 30.5751 70
-1.04662 -30.1299 70
9.02156 -10.7578 70
-1.40832 1.17638 70
91.1725 28.7264 70
-0.580538 0.0764934 70
9.01177 0.23765 70
21.4277 9.23963 70
-19.4909 -20.2906 70
10.0473 10.5183 70
9.00521 -1.05539 70
-0.963797 -0.739239 70
51.0489 29.9452 70
-10.2972 -9.75423 70
10.8697 -0.389869 70
8.86791 -21.0039 70
10.438 10.4186 70
50.0781 -20.1375 70
9.21886 0.0662169 70
29.9717 9.07334 70
10.8436 -11.4049 70
31.3823 9.49516 70
10.4081 0.552365 70
31.3138 -0.14946 70
-69.2007 -8.54315 70
19.1985 10.6399 70
11.0903 39.2284 70
19.4229 -0.211739 70
18.9875 39.4715 70
-9.30534 -0.162571 70
-0.871191 -0.960083 70
0.282426 -0.364854 70
-0.00606741 10.387 70
10.5125 -1.39751 70
61.4221 39.4735 70
38.753 19.0337 70
20.1196 -11.0654 70
9.35262 -0.404162 70
28.5867 -0.37388 70
10.2527 -1.16489 70
10.2383 10.8024 70
9.81934 -0.942157 70
10.9347 10.7576 70
-18.5374 -0.90601 70
-0.88815 -0.0222061 70
-0.171125 8.57981 70
10.9886 -11.3841 70
-0.11894 -0.601837 70
51.4588 0.0431382 70
10.0714 -0.152569 70
8.65417 0.359824 70
1.09868 0.197958 70
1.34587 -11.475 70
9.18779 -11.0526 70
-0.287553 -29.7216 70
10.2651 -0.37639 70
1.11471 0.676817 70
11.114 0.656249 70
9.95177 0.900434 70
10.8929 -19.2742 70
30.5234 -19.9809 70
-9.17248 19.8576 70
9.74596 -0.323449 70
19.2607 21.2433 70
20.2124 19.1163 70
19.7409 9.15438 70
9.75717 1.00957 70
9.64271 -0.445121 70
0.615626 1.20189 70
9.54404 -1.35887 70
-50.0927 40.9849 70
8.66987 -10.0309 70
-30.8806 51.317 70
29.7812 -30.7874 70
0.216829 0.0810887 70
11.1479 -0.952793 70
18.5097 -20.3647 70
8.67381 11.0015 70
18.6505 -0.639425 70
-11.369 -11.289 70
28.6159 -10.3634 70
9.95865 -0.62211 70
10.3852 -0.571138 70
10.8614 0.517785 70
11.1154 0.55652 70
-0.904019 0.256528 70
18.5973 -10.0791 70
38.5745 41.2611 70
9.28893 0.817127 70
9.23904 0.167036 70
-0.734834 -9.5828 70
-29.4123 -69.4504 70
-29.9523 -71.0941 70
-0.599601 0.675064 70
21.2488 -10.906 70
9.32828 -0.759948 70
9.03346 9.17841 70
11.3734 -0.21493 70
8.92519 -28.9132 70
10.9904 0.776096 70
9.48643 1.32796 70
11.2301 -1.05576 70
10.0252 -1.16175 70
30.4892 -18.913 70
1.12905 -0.335909 70
-38.582 -1.01088 70
1.09706 20.4064 70
-0.537675 -1.08152 70
30.04 -10.3347 70
-0.801849 0.427202 70
78.7095 40.779 70
10.9642 1.05288 70
28.9378 0.541335 70
10.2158 1.46127 70
-10.0603 -8.78249 70
50.179 9.33233 70
-0.861328 -0.183621 70
-0.497555 -0.716118 70
11.367 0.642122 70
11.3897 1.38232 70
-0.0569843 -9.79228 70
30.3883 -9.46245 70
1.00811 -0.771896 70
-19.7612 9.59283 70
-8.5201 19.3714 70
21.2136 -10.0843 70
10.7648 20.7594 70
1.05082 -20.1384 70
8.97905 9.10032 70
10.5721 -10.6442 70
19.5366 -0.909086 70
