0.239231 0.0445919 70
-0.587219 9.76994 70
10.2162 1.20306 70
11.4337 -0.945238 70
0.616631 -18.5159 70
-0.804078 -21.1148 70
0.849182 -11.2587 70
10.3488 9.88885 70
-1.19097 8.50443 70
41.2948 101.367 70
8.73933 9.80583 70
-31.257 -0.106538 70
-0.0209921 0.276318 70
1.30917 8.51504 70
-0.457859 0.904314 70
21.4894 11.1731 70
8.52937 0.713626 70
-8.79631 30.4635 70
8.60473 0.741748 70
8.80632 9.26882 70
1.31851 10.7436 70
-10.4972 19.2585 70
-31.2556 28.9516 70
20.2026 20.738 70
1.13463 11.1192 70
0.847716 10.3255 70
1.46394 -21.2917 70
-0.365812 -0.228234 70
0.718174 0.551281 70
9.22026 0.174206 70
20.0599 1.0622 70
11.1299 -1.26562 70
40.1559 -80.8538 70
11.2967 0.341625 70
1.1575 -11.0694 70
-0.615008 1.44823 70
8.92972 -1.22753 70
10.2721 0.633321 70
11.0963 0.666546 70
-0.704496 -1.1651 70
29.6966 -19.262 70
28.5137 -18.6319 70
-1.419 -0.8224 70
9.50053 -1.41803 70
20.209 -11.0909 70
-11.2489 -19.3 70
0.476432 0.702347 70
8.5904 -0.890329 70
-19.958 20.5128 70
1.12201 -0.392628 70
10.2843 0.928264 70
-9.19982 -0.792987 70
-11.1281 9.58142 70
-0.637009 0.0823609 70
10.213 9.93643 70
10.4094 -1.49152 70
11.2699 9.03019 70
8.70543 9.14136 70
1.30196 -9.54551 70
-0.541589 -9.81814 70
9.19153 -20.2656 70
0.321242 11.424 70
-0.0525271 10.248 70
-1.43979 8.62278 70
21.4733 0.373054 70
9.20263 -9.73053 70
20.8457 10.5071 70
0.912908 -10.4263 70
20.0558 -30.8157 70
0.291734 -18.7519 70
-0.400974 0.774998 70
-1.48466 20.3883 70
0.438462 18.7262 70
10.0624 1.06561 70
-1.41675 1.10498 70
9.1671 8.54097 70
9.12868 0.0298895 70
-31.0021 49.3439 70
60.7219 50.3254 70
10.3121 50.3807 70
69.0015 38.7922 70
-11.3445 10.9093 70
10.3887 10.5831 70
1.36209 1.17665 70
9.19021 1.12885 70
9.46546 0.758623 70
8.66087 10.1894 70
-0.596834 0.308151 70
1.02524 18.5535 70
0.61154 8.62673 70
9.84608 -0.87002 70
9.62877 1.40952 70
-8.67461 11.4716 70
0.307643 -0.24888 70
-0.732117 11.0743 70
0.279964 -0.814191 70
-0.497819 -0.66923 70
9.7176 -8.6269 70
9.49741 0.991781 70
0.414379 1.01529 70
0.794907 -19.9198 70
9.34694 -1.14203 70
10.0089 -1.12285 70
0.539003 1.19194 70
49.5289 -9.75408 70
9.81822 10.4494 70
-0.709649 10.2209 70
-0.480528 30.9599 70
-1.17867 19.0631 70
-0.685851 1.48297 70
-30.2843 40.6611 70
11.3644 28.6765 70
-20.1083 -59.0023 70
1.28266 9.2768 70
20.9636 -0.897143 70
9.38754 0.715593 70
21.0477 1.42821 70
-0.607076 -29.934 70
30.2575 40.0397 70
11.0839 8.54052 70
-10.3281 9.8042 70
-0.856762 10.6257 70
28.5713 40.0199 70
30.8114 40.9253 70
11.1237 9.13639 70
-18.7066 0.410571 70
-20.3938 -0.745825 70
0.046295 1.29488 70
20.168 -20.9921 70
10.1634 9.9553 70
-41.1748 -0.939576 70
20.3524 -1.25592 70
9.49866 -0.166539 70
9.47846 -0.0624126 70
0.278351 -0.30639 70
21.2787 19.3365 70
19.597 20.3661 70
-8.61855 9.09127 70
11.4 -10.2892 70
0.0472635 8.59536 70
-1.14261 10.1789 70
-0.11839 19.3422 70
10.578 8.90935 70
10.7628 10.7569 70
-28.8496 30.5627 70
0.0851437 20.2284 70
29.2968 -10.9042 70
-0.745169 -1.48381 70
-1.23375 -9.4386 70
10.1942 0.275771 70
10.5441 -21.3212 70
9.5927 0.965223 70
98.849 -30.3956 70
19.42 101.063 70
31.1247 9.17531 70
1.00327 -0.699213 70
9.57635 18.7158 70
10.758 20.0435 70
10.0994 0.611458 70
9.08332 -1.07585 70
1.32859 -0.705178 70
1.07454 19.4997 70
10.9093 -0.45632 70
11.3342 0.531557 70
9.58948 11.3428 70
20.7539 -19.0168 70
-0.000710088 10.7915 70
0.238987 8.55829 70
20.228 8.987 70
-8.83251 8.97464 70
-1.37718 1.42313 70
8.64106 10.4824 70
19.5793 -39.6839 70
1.42699 -1.08558 70
11.0848 -0.0310256 70
0.875027 18.5768 70
-28.7945 58.8653 70
-0.812007 -1.23161 70
0.801666 9.14434 70
0.449188 -0.0804162 70
21.2113 0.421941 70
40.7057 9.00728 70
10.5158 -0.662856 70
20.2891 10.3816 70
1.2751 -19.7529 70
-1.10352 1.17105 70
-11.0247 -0.678527 70
-1.00042 1.3607 70
10.2034 20.8627 70
9.03817 20.4428 70
-11.1837 9.09097 70
1.19136 0.843083 70
9.99963 -0.477465 70
9.69246 1.40021 70
9.6677 0.332887 70
11.2267 1.34318 70
-10.1948 9.20779 70
9.7496 10.0847 70
-1.05003 50.8551 70
9.65425 -0.410535 70
-0.838253 9.13944 70
1.42614 -0.988751 70
11.2258 9.76887 70
80.8957 30.6437 70
21.0006 20.6263 70
-1.01135 -1.04942 70
0.681466 0.712417 70
10.8964 -1.22144 70
1.47811 -0.620733 70
-68.9553 -28.648 70
10.7457 10.1058 70
0.367134 1.38456 70
8.97866 -1.47682 70
-10.5599 0.524059 70
19.9082 28.705 70
1.08535 1.29756 70
-10.7712 9.98658 70
-18.6159 0.169857 70
9.53615 9.77784 70
1.02247 -1.43154 70
-1.30914 -0.534733 70
9.34514 9.2259 70
20.0167 -10.0171 70
19.2415 -10.3204 70
9.40174 1.15841 70
20.3135 -9.38699 70
79.7427 9.34746 70
9.90829 9.63127 70
70.3215 120.125 70
30.8682 0.164079 70
-0.464486 -11.1408 70
49.5188 20.6087 70
28.943 10.3242 70
10.1351 -0.0154974 70
20.8715 9.05647 70
-0.946297 -0.930369 70
-1.00953 10.6581 70
-1.02995 -0.643198 70
-1.16866 9.40745 70
19.429 -40.1514 70
-0.0645522 11.2856 70
11.3581 10.9016 70
1.39014 9.69342 70
1.36638 -0.955419 70
9.74681 -0.618552 70
19.8635 0.798615 70
10.4623 20.3197 70
8.55106 1.47377 70
11.1777 -1.11992 70
8.68684 -0.127802 70
10.1034 -0.327022 70
10.4576 -1.26738 70
10.2679 -0.686268 70
-1.002 -0.683406 70
39.8866 48.6162 70
20.1259 0.612803 70
20.3311 -40.6914 70
0.276705 11.1938 70
-8.89449 9.70012 70
-29.3643 -9.049 70
8.88627 -1.08494 70
9.25364 -10.6164 70
-8.81913 10.801 70
-9.00474 -0.421549 70
-11.1265 -20.4096 70
70.2336 -0.135064 70
0.111899 0.755993 70
-21.0331 1.06703 70
49.8819 -0.141009 70
-11.4146 -10.1164 70
-9.98864 -1.13311 70
11.1091 10.9348 70
-9.31812 -39.0285 70
31.3797 -39.2333 70
-20.3443 60.872 70
-0.00644681 1.19191 70
-0.988007 9.47048 70
8.62917 -9.46347 70
10.5852 -11.4418 70
9.98122 10.5644 70
-10.2212 -9.75166 70
10.7357 -1.34911 70
10.0611 -0.214801 70
28.8548 -29.4257 70
10.4668 -1.07687 70
11.1288 19.0633 70
19.1562 -48.5924 70
11.0928 -1.0102 70
20.0102 10.5499 70
9.10767 10.3199 70
10.4499 -0.779516 70
0.271809 -0.106209 70
10.0256 10.9163 70
8.92932 -1.10153 70
0.34329 11.4256 70
-19.9879 21.4105 70
-71.1462 -30.6096 70
-10.6719 -0.330279 70
-0.511633 -0.351585 70
0.405923 0.89597 70
1.01237 11.483 70
10.7627 -10.1502 70
0.710151 0.82959 70
1.44566 0.694085 70
0.911871 10.0116 70
-1.26789 -0.639285 70
10.8224 -9.15815 70
0.268021 1.21743 70
9.81838 0.140267 70
10.129 9.99621 70
10.2911 18.6054 70
-10.6768 -30.4938 70
1.36693 10.7552 70
0.376361 0.172452 70
1.4775 11.0796 70
-11.0775 -1.47458 70
10.7993 9.59687 70
-0.153159 10.9061 70
-0.780714 -0.727454 70
9.67961 -0.817822 70
11.1828 -1.12984 70
-0.634122 1.34757 70
10.2458 9.11661 70
11.1777 -1.4485 70
10.2403 1.35129 70
0.854195 0.965283 70
0.0711395 0.0224306 70
49.7516 0.996526 70
8.74538 1.49707 70
11.1399 41.0832 70
-1.34397 -0.270838 70
21.1267 -1.00103 70
-1.38829 9.48771 70
1.19362 1.41285 70
-0.927856 -9.51301 70
-0.954916 -10.7814 70
-9.9055 9.83406 70
-0.829906 0.592082 70
11.2258 9.7677 70
19.4695 -10.8284 70
10.142 11.3431 70
10.7131 0.928755 70
10.7352 21.3077 70
20.7451 -0.430693 70
-0.561878 -0.846259 70
-18.7906 -9.1656 70
-20.8022 -10.7249 70
11.1699 -1.24518 70
30.2011 10.6405 70
-10.9362 -0.409871 70
11.1033 11.3882 70
-0.906269 -0.900363 70
0.916268 0.207932 70
-0.817568 -0.708206 70
-0.898351 0.229116 70
50.2887 9.67271 70
10.6467 -0.261783 70
9.05642 -19.2842 70
0.43516 -0.942155 70
-9.98399 29.6045 70
-0.801022 -9.7473 70
-0.000312023 10.6634 70
0.026424 8.63797 70
-19.9017 -20.008 70
-60.1148 59.2048 70
10.6876 -0.587238 70
11.0989 21.4137 70
30.4585 9.55086 70
-1.17052 10.2921 70
9.01177 8.71107 70
-9.77419 9.04202 70
-51.3743 20.9192 70
-49.83 20.3075 70
-1.05937 0.16041 70
9.66471 9.32588 70
-0.810016 9.57636 70
-0.648513 0.861239 70
58.6201 -29.4796 70
19.1112 -1.10191 70
-9.65119 -9.04254 70
-0.121644 -1.48073 70
-10.5373 0.275775 70
11.3206 8.98598 70
30.3119 9.69666 70
10.1133 10.6937 70
-31.1735 -109.779 70
20.99 -9.33522 70
20.0833 -0.196537 70
19.2336 9.61789 70
10.2924 40.7435 70
70.5615 -8.66236 70
30.9861 -1.33334 70
20.7965 -11.4267 70
1.18336 10.1077 70
10.8535 10.6924 70
-1.24084 -0.144098 70
1.23828 0.444439 70
9.29548 0.514505 70
9.79475 -1.06361 70
-9.02286 0.987789 70
20.4483 29.6874 70
10.307 -0.248373 70
-21.0446 -10.2772 70
-1.1193 10.5265 70
-0.0463856 10.7245 70
10.9052 0.471625 70
-9.06921 -1.1194 70
19.9506 0.790111 70
10.3039 -1.49083 70
-30.4833 -91.0196 70
0.144238 9.61955 70
8.53034 -0.125673 70
10.2149 -0.0307205 70
9.88873 -0.730576 70
-49.8789 -9.57751 70
-0.00996862 0.410609 70
-50.4866 -69.5083 70
9.59345 1.001 70
40.8427 19.7812 70
-0.0239036 10.3387 70
-10.6529 -1.06203 70
0.681054 -41.3466 70
-51.1586 -1.32252 70
-0.212217 -9.96176 70
10.0341 -1.35444 70
-1.47152 -0.20765 70
19.2284 10.8658 70
0.913038 0.798257 70
-0.301738 0.27479 70
-0.129931 1.19395 70
-20.8636 29.2236 70
1.3965 -0.315891 70
10.128 8.51443 70
10.1955 -0.456343 70
-1.10704 20.5716 70
-1.03392 21.4771 70
50.5838 -0.714742 70
50.5772 1.45502 70
1.16348 1.34351 70
1.3938 10.3517 70
-1.02956 9.87025 70
9.55294 18.9383 70
0.874854 10.3279 70
10.9356 9.63239 70
9.64442 0.293162 70
39.4924 -0.19148 70
10.5432 19.0431 70
20.5365 -11.0887 70
-50.4632 -19.4601 70
-50.3998 -20.5841 70
10.4319 1.27637 70
9.56624 9.14513 70
40.0116 -20.4772 70
-0.0986033 -0.558351 70
9.02138 1.21519 70
9.58835 21.0765 70
10.3924 -10.1894 70
-9.37647 0.59903 70
1.45089 0.238311 70
21.4373 11.1708 70
21.3755 11.0986 70
10.5362 1.48122 70
9.26391 0.5003 70
-19.3175 19.2251 70
-0.21293 29.3622 70
0.672852 -79.6981 70
-8.87973 0.449894 70
-9.15537 -0.426544 70
21.4829 10.408 70
1.40871 0.450334 70
10.7924 -0.871146 70
38.5978 69.1974 70
10.8951 9.13106 70
8.91911 9.19278 70
-9.35758 19.3124 70
8.55569 10.0495 70
10.2664 -8.60261 70
-0.860718 -0.0879515 70
18.7653 0.938091 70
-1.38881 0.31155 70
-1.33816 10.1269 70
21.2105 29.3398 70
-20.0767 -1.4108 70
30.4905 19.5233 70
-0.603065 -1.17369 70
10.1568 -11.3166 70
9.10973 0.286962 70
-0.667647 -11.4371 70
10.5206 9.76125 70
1.19451 -0.251758 70
11.2607 20.1243 70
-1.29591 9.94261 70
8.66029 1.42153 70
8.75557 20.6576 70
0.0474205 -0.0783735 70
19.8987 -10.3666 70
9.56328 0.544786 70
-0.850542 0.931089 70
-0.558409 0.595942 70
0.803959 -0.331745 70
-0.7789 9.06605 70
-0.280442 0.513401 70
0.0347527 -0.952846 70
10.0367 8.54423 70
10.4537 9.59682 70
40.7801 -9.97708 70
8.95324 -0.683085 70
-9.89941 0.547388 70
-0.588475 -40.3108 70
-10.9821 9.69294 70
10.4116 0.845022 70
0.996638 10.2693 70
20.3143 41.0127 70
-10.3482 80.6286 70
10.457 0.229541 70
10.7703 -1.24602 70
9.999 0.227593 70
10.4695 9.9016 70
-1.3163 1.41753 70
-38.7152 10.9045 70
-0.690764 0.0370499 70
-0.105034 1.44299 70
21.062 20.9278 70
9.90445 0.11733 70
11.1008 -1.2302 70
-0.370863 0.25606 70
11.1291 21.4906 70
1.20034 -0.891861 70
10.2002 -0.509886 70
9.76332 -0.113163 70
8.53674 -1.08915 70
-1.1915 18.845 70
0.813896 -1.13789 70
20.5749 -11.4019 70
20.7458 -1.07929 70
20.8134 -20.2625 70
11.1791 -10.7056 70
-9.4005 -1.26147 70
0.665264 -9.40645 70
10.9823 0.19951 70
21.2231 -9.92671 70
11.1361 -8.71667 70
10.6062 11.2022 70
30.9625 0.00941482 70
10.6434 9.81923 70
9.642 0.163715 70
-1.17788 8.9504 70
1.42804 0.152305 70
11.0506 -30.248 70
8.98968 10.6102 70
-9.064 11.4027 70
8.74434 -0.308561 70
-49.7923 30.9607 70
-9.55492 -0.867705 70
28.9168 -20.4057 70
28.6318 -0.194342 70
30.0346 -1.13481 70
-0.168131 -8.56437 70
9.33974 -0.999637 70
11.055 1.49086 70
-9.98712 -10.9381 70
0.781304 -0.918872 70
-39.5576 58.873 70
10.7075 0.672387 70
40.2456 -18.6541 70
-0.441365 10.5024 70
0.754989 0.526723 70
0.55218 11.4635 70
-20.3192 -40.8268 70
1.04019 11.41 70
10.042 11.3283 70
9.94928 1.084 70
10.6386 0.813595 70
8.7325 0.130767 70
9.91072 0.481108 70
1.16166 -0.974448 70
-0.716578 -0.731084 70
0.522123 -0.289424 70
10.568 19.5758 70
-10.4022 1.19263 70
19.1435 10.9647 70
0.393751 -10.9461 70
-0.299561 1.48312 70
9.17593 0.599907 70
1.12252 -30.5404 70
29.0107 -20.3398 70
9.59427 -1.33205 70
1.42521 -0.49379 70
1.24714 11.449 70
-68.7275 0.156961 70
0.557391 0.557696 70
-19.4216 -28.5428 70
9.75656 19.2959 70
9.89391 -11.3083 70
10.5057 -0.0955241 70
11.3864 -0.871084 70
8.86162 10.2242 70
-0.67317 0.122607 70
0.447732 11.3668 70
-0.19363 8.68552 70
-39.4821 20.1577 70
19.592 59.3699 70
19.4216 1.26843 70
10.879 -10.2098 70
-1.43582 0.607922 70
11.2729 -0.0232118 70
0.315072 0.429073 70
88.662 18.6841 70
21.1557 11.08 70
18.7908 10.4315 70
9.08808 -0.134856 70
10.303 0.112221 70
39.6735 20.7211 70
0.283292 -18.6332 70
18.8095 0.576513 70
-0.613784 0.307483 70
30.931 0.519014 70
0.574146 -1.13278 70
20.2982 11.2825 70
10.1016 -1.05074 70
9.71128 10.0276 70
-1.27613 10.5424 70
-0.490968 -0.21621 70
0.205606 0.201538 70
20.8283 9.08728 70
0.309788 21.484 70
0.174633 18.9364 70
8.62061 10.9111 70
9.37817 20.8975 70
-0.0197079 -0.260143 70
50.3257 -60.9634 70
8.62974 -10.7402 70
9.82218 18.5797 70
10.5934 -1.05938 70
41.3068 -21.3697 70
11.3079 9.2054 70
9.53095 1.03666 70
9.41776 21.306 70
-50.1439 -80.4032 70
-19.9084 18.6826 70
10.8194 -0.906787 70
1.28322 1.28188 70
11.0071 10.8314 70
-1.49743 0.481097 70
-1.06468 11.1264 70
-10.8249 69.1143 70
28.5086 -39.2388 70
18.7988 39.7395 70
8.66198 9.05631 70
30.4164 30.2863 70
11.3747 0.247098 70
10.093 -18.8048 70
-8.85883 -31.1769 70
-11.0015 9.01362 70
10.6067 -0.883507 70
-1.23103 11.0252 70
19.9354 -8.5833 70
1.45252 -19.9175 70
20.9378 -0.554961 70
0.854688 0.1241 70
20.1052 19.0803 70
10.9686 -10.4421 70
10.6899 9.48712 70
-9.75845 1.30305 70
9.14077 10.0624 70
-1.2705 10.3889 70
0.680193 11.0815 70
10.9373 29.7897 70
-0.854845 0.0404306 70
-0.75654 0.562829 70
10.4431 9.48603 70
9.75902 9.48779 70
18.556 -8.5621 70
10.2432 10.8718 70
11.0332 -0.66728 70
18.9073 9.35846 70
30.8804 -0.709504 70
51.0357 -50.4863 70
8.74772 -0.321564 70
-10.7888 19.8835 70
9.46421 -20.2024 70
21.2234 -1.29038 70
1.01174 -1.22455 70
-0.542107 -1.08017 70
-0.200582 48.9671 70
-9.36627 -18.6793 70
9.58082 10.6638 70
21.2469 8.72654 70
9.17439 8.81097 70
18.6712 -0.785551 70
20.6054 0.0848243 70
0.864318 -9.66152 70
-19.0828 -10.7793 70
28.7038 -21.2199 70
9.67122 -1.35824 70
0.454362 8.87407 70
9.79181 1.0672 70
-0.67565 -0.145176 70
-0.896996 20.976 70
8.6449 10.8163 70
11.0134 9.7544 70
-19.9285 -19.2599 70
18.9362 -39.4275 70
-10.657 21.444 70
-40.5945 -30.8229 70
0.907243 9.92759 70
18.9518 10.8103 70
9.18304 8.51547 70
9.40139 9.85602 70
