10.6415 -11.3033 70
11.3242 -10.8785 70
-10.8427 -0.254984 70
-29.9795 29.8841 70
-21.3908 0.52757 70
9.10043 1.35053 70
-19.8073 9.72356 70
9.29977 -30.1595 70
-19.2669 -8.61183 70
-1.45496 1.27647 70
-89.048 9.74605 70
-10.1113 -8.86053 70
-8.842 -9.01238 70
-29.7915 29.7428 70
-9.55339 -0.214487 70
-0.184673 -9.89983 70
0.0622673 -21.2493 70
-0.10972 -0.258981 70
-11.3536 -10.8561 70
-9.59028 -0.702439 70
-8.71251 0.329783 70
-20.3374 -10.1795 70
0.957873 -9.76788 70
-31.1745 10.7663 70
-8.7584 -9.28062 70
-20.6437 -29.0504 70
30.6547 18.7761 70
1.32418 20.2926 70
8.71486 -0.970919 70
-10.1995 20.6164 70
-9.34381 21.1364 70
10.2429 -0.307301 70
-0.167363 -0.892159 70
-9.87072 -9.65034 70
10.6213 11.0284 70
-0.541394 -9.52704 70
0.788362 0.615538 70
0.761733 0.383339 70
-0.502756 9.99502 70
0.540761 1.38235 70
-10.2397 0.672243 70
0.635076 -1.34144 70
-10.5553 -10.4495 70
1.49326 -9.88691 70
-11.1297 -0.955335 70
0.970279 10.6903 70
1.3964 -11.3403 70
-1.34801 -10.2804 70
-11.373 -9.60827 70
-0.556687 10.7647 70
-0.12295 10.1262 70
-0.113893 -10.6867 70
1.40552 -8.98896 70
0.464425 0.0171992 70
-8.72145 0.229212 70
40.8426 30.0643 70
39.5547 30.9472 70
-10.1379 109.188 70
-11.378 31.4673 70
-11.2995 -0.927415 70
-20.2706 0.318873 70
-9.36328 -30.9805 70
-10.8559 0.950459 70
-0.622108 -0.405705 70
-1.08776 0.933539 70
-9.49358 -30.2859 70
-0.656629 -9.42587 70
-10.4019 -1.41791 70
0.871356 -0.81594 70
-10.9486 8.62423 70
0.995959 0.40297 70
-30.136 0.434552 70
-0.521218 -8.98758 70
-9.56991 -1.34347 70
-1.01711 -9.59278 70
0.554742 -9.20879 70
-9.7586 1.28993 70
-1.35853 -11.4812 70
1.39779 -10.9862 70
-0.798761 10.0264 70
31.0561 88.6406 70
-10.129 1.44786 70
-10.8574 -1.4066 70
-0.986475 -11.4504 70
-28.5045 -19.9238 70
-0.352193 -10.1963 70
1.20299 -1.40167 70
-10.2934 -1.30514 70
20.9671 -9.01938 70
9.98383 0.0435787 70
10.1819 0.761996 70
-8.58278 -0.712066 70
-1.07506 -9.94535 70
-31.1331 -50.0023 70
-71.3394 -51.4579 70
-21.2688 -18.6469 70
-11.3141 -10.7407 70
0.351889 -9.15209 70
10.0541 1.25167 70
10.9904 0.283024 70
8.8567 0.885706 70
-9.89665 0.730449 70
-11.3854 -1.27054 70
0.707681 -11.2144 70
-11.0833 -0.657834 70
-11.1736 10.7976 70
-8.56548 -0.761809 70
10.2498 -10.456 70
9.43823 -29.3273 70
11.386 -31.4121 70
0.113997 -1.4642 70
0.301744 -1.3817 70
-1.47848 -8.62477 70
1.17405 -10.9275 70
-50.42 79.3222 70
-9.8152 9.4036 70
-10.6965 11.103 70
-50.0731 -20.7006 70
-0.722914 -0.753355 70
-11.4941 9.42912 70
-9.80252 9.01448 70
-8.82071 -0.823923 70
-21.2575 19.2845 70
-11.1678 -9.96948 70
-10.256 9.80503 70
-10.1664 8.9134 70
-21.2927 -8.92948 70
-10.2827 -20.49 70
20.6169 -21.462 70
1.34591 -9.21761 70
-8.8934 -8.79301 70
-11.097 -29.5358 70
-0.0422272 -10.0373 70
-8.96215 0.416408 70
-30.3626 -9.24901 70
-1.2117 0.872001 70
-30.4914 -10.7612 70
-8.54299 -11.0239 70
9.69609 -9.07809 70
-20.9445 -0.326153 70
9.77019 19.2202 70
-20.8713 -10.8921 70
-0.358298 -11.1459 70
0.824062 -9.5699 70
9.53662 -9.13205 70
-10.4762 -1.32499 70
11.4102 -20.1978 70
0.0536027 0.652924 70
-0.27205 -0.92934 70
0.747221 0.683762 70
-10.8056 -10.0195 70
-1.4711 8.83248 70
-9.63199 -0.170625 70
-8.76277 0.367332 70
-18.9019 9.19483 70
29.8265 -19.3239 70
-1.07325 91.0999 70
-10.0218 -1.45034 70
0.02864 -10.1482 70
-18.612 -1.39182 70
1.04433 41.3885 70
-11.3553 -18.8693 70
-10.7988 9.72455 70
0.660525 1.46857 70
-0.867624 -1.35048 70
-11.4702 1.07871 70
1.04641 -1.0534 70
-21.0286 -18.8699 70
1.19823 -28.6129 70
-11.0612 -10.2036 70
20.5737 -1.03468 70
-9.88492 -10.6686 70
-9.7064 -9.2488 70
-9.67327 -9.40281 70
9.13135 -11.0461 70
-8.6838 -8.91581 70
9.41569 0.775737 70
1.20033 0.356244 70
-0.347948 9.92185 70
0.125162 -0.292652 70
-9.31636 -1.00346 70
-30.2511 -9.86438 70
-0.29299 -9.68613 70
0.41345 -21.1635 70
1.19166 -11.1325 70
1.37708 -10.0971 70
-0.847939 0.944177 70
-1.25707 -0.622407 70
-8.80445 -0.749802 70
-20.29 9.56723 70
-21.0385 1.10052 70
-9.41151 0.850941 70
-10.5557 1.0894 70
20.1022 0.447014 70
-11.0073 -8.59938 70
-0.400747 -10.5467 70
1.13818 1.21027 70
-9.63515 -10.9192 70
-9.29986 -20.293 70
1.07193 50.8596 70
31.138 9.84146 70
-11.2349 -1.12656 70
-0.934671 -8.9093 70
-11.2609 -20.5906 70
8.89868 18.6316 70
-0.900434 -9.8174 70
-9.7203 -11.2593 70
-11.2363 -9.21837 70
10.6353 9.10098 70
-9.93849 20.8614 70
-60.4117 -0.209447 70
-40.6115 30.2683 70
0.379303 -9.09179 70
-1.47259 0.488445 70
-38.5736 -0.877023 70
-11.0933 -8.76136 70
-9.13252 1.07915 70
-20.7562 31.3014 70
-0.169828 1.26378 70
-1.40779 -10.2475 70
-10.3869 -10.0287 70
0.716105 -8.75348 70
0.190407 -10.4862 70
-1.33236 -0.938683 70
10.3139 -8.67861 70
1.4228 -21.2671 70
30.4955 1.42119 70
9.7478 -40.9079 70
-0.313483 -1.42786 70
-0.127765 -0.342055 70
-21.2349 -1.27832 70
-10.3719 0.956355 70
0.0295449 -9.07207 70
0.423749 -40.6818 70
-10.268 -8.52504 70
-30.2888 11.1827 70
-9.34636 -9.48363 70
-10.9459 -8.89294 70
-9.05807 -11.1822 70
-8.77803 -0.315447 70
1.0034 0.389033 70
10.0594 -11.4225 70
-8.64997 1.3668 70
-8.92279 0.789288 70
-9.68139 -9.95779 70
0.436404 0.384716 70
0.29463 0.691331 70
-0.549358 -1.14797 70
1.18987 0.182515 70
41.308 -18.9708 70
40.5364 -18.5532 70
9.48011 1.32291 70
0.317056 1.42245 70
0.976762 -20.0476 70
-9.45875 -0.255734 70
-19.072 0.338899 70
0.161476 -10.5639 70
-21.1827 20.8622 70
-19.5714 -29.8997 70
9.00887 1.41954 70
-11.1177 19.6379 70
8.84239 -9.11578 70
-0.0568101 -1.3731 70
29.1643 19.2987 70
-8.82834 -1.39458 70
0.441117 -1.21367 70
0.303122 0.538156 70
-0.214385 0.886608 70
-0.794868 -9.49264 70
-0.20501 -0.231085 70
-19.5864 -0.0714637 70
-28.6038 -10.4464 70
11.0948 -0.179575 70
-1.29988 -0.0589656 70
-10.2657 -9.12828 70
11.2754 -9.72327 70
-0.662171 -19.5793 70
-20.1678 -11.2644 70
-10.3501 -31.1179 70
-0.45927 -1.02941 70
-1.22848 -8.79308 70
30.0393 -20.8167 70
0.430037 -8.67304 70
-0.440011 21.103 70
-10.4074 -0.879603 70
0.737611 19.8952 70
-0.51744 -9.663 70
-9.82852 1.19233 70
-9.56499 0.147722 70
-8.52483 1.10009 70
-9.67107 -1.17517 70
-19.3374 11.0583 70
-8.57069 -10.0875 70
1.09877 110.508 70
-21.4156 -9.50253 70
-1.42869 -0.0151508 70
-29.6029 -19.2046 70
-80.1304 -48.6963 70
-20.1383 39.5883 70
-0.0917636 -20.3459 70
0.125588 51.189 70
20.5131 -1.04446 70
-18.691 -20.3192 70
-1.07005 -1.43762 70
-11.2489 0.442676 70
-9.8128 50.7005 70
-1.49718 19.3161 70
-9.2246 -11.169 70
-11.2591 0.246753 70
-11.3909 -21.2576 70
-11.1199 -20.0855 70
-1.17505 1.20158 70
61.2152 -59.7156 70
-9.1192 -1.22955 70
-10.9467 9.39753 70
8.50045 -0.767664 70
-9.66377 -9.69493 70
-19.4947 -9.03797 70
-9.59142 -1.02836 70
-20.2009 -39.6939 70
-10.015 -0.856055 70
-29.58 -20.6378 70
0.92439 -11.1145 70
11.0893 -10.5279 70
-19.2586 -0.669768 70
-1.32146 -0.761204 70
19.2009 -0.626559 70
-1.40586 -8.6302 70
-8.88949 -9.89987 70
-0.387718 -0.426365 70
11.3965 -19.7355 70
-9.86801 9.9934 70
-10.9607 9.4654 70
-10.5179 -0.184562 70
-9.15371 -9.35132 70
0.675923 -10.153 70
0.597565 -9.93534 70
-8.93792 -9.04936 70
-10.2178 -21.0132 70
1.03748 -10.4537 70
-28.7261 -0.953766 70
0.532687 0.795632 70
9.53664 -8.83837 70
-9.65794 0.94092 70
-10.5436 -9.5222 70
0.712477 -10.7467 70
-0.293872 0.672289 70
-19.256 -11.2312 70
0.657276 0.0417859 70
30.0817 -30.9458 70
18.8431 -11.3503 70
-19.6728 11.1691 70
-8.65958 0.116566 70
-10.6959 0.476845 70
-10.2602 -9.01711 70
-0.113104 10.319 70
1.28281 -9.18241 70
-0.216642 11.1545 70
0.762224 9.00915 70
8.89488 -39.4289 70
-19.5308 20.9176 70
-20.7379 30.2828 70
-20.1782 19.9371 70
-20.0329 19.5807 70
-19.0987 -19.746 70
-10.8508 -49.1279 70
-10.3956 1.35549 70
-0.296019 -8.65008 70
11.4933 -50.3483 70
-20.0542 -31.1827 70
-0.0192349 -19.2623 70
1.03231 -20.8561 70
29.6747 -19.2064 70
1.41962 -10.0289 70
-10.067 -0.809526 70
0.944689 -20.6582 70
-0.000537356 -0.395096 70
-20.4981 10.8978 70
-0.619485 -1.47943 70
1.39014 -11.1869 70
0.429168 -10.8991 70
0.112574 -0.186059 70
0.124433 -0.237253 70
-10.2837 -9.86905 70
0.703916 -8.8135 70
-0.82754 0.450296 70
-19.6668 -1.03312 70
-8.71111 0.328962 70
-0.00148745 -11.3948 70
-1.06307 9.28183 70
-70.9895 -19.9688 70
-0.579141 -1.09226 70
1.25364 -1.24278 70
-9.51549 18.8356 70
-11.451 -8.53116 70
-11.0649 -39.0509 70
-19.7553 -11.0756 70
-8.75766 -21.0402 70
-8.76817 0.409398 70
-8.73186 1.48225 70
1.1146 -10.4549 70
-8.94153 -1.1275 70
8.73969 -0.894846 70
-10.3919 -9.23479 70
-0.609733 -9.43495 70
-9.99743 -19.5677 70
-8.57388 -8.73957 70
-10.1489 0.932985 70
-0.34221 -0.769116 70
-1.08228 -1.36672 70
-19.8217 -1.11583 70
-1.11815 -0.794703 70
-11.2631 0.884602 70
0.919811 1.38582 70
-10.6026 -21.1676 70
-8.7215 -18.9829 70
-1.22785 -10.3606 70
-8.87801 -1.00662 70
29.3631 10.4831 70
-0.389073 -50.1371 70
11.2931 18.5158 70
-10.3752 -18.8275 70
-101.367 70.9814 70
-0.231723 0.411426 70
1.44316 1.4388 70
-20.2522 -8.59174 70
-0.835962 9.21635 70
30.5202 18.8406 70
-0.0252594 9.94534 70
20.9094 19.6384 70
0.441614 -48.9006 70
-9.95532 -1.0939 70
0.478106 0.645795 70
-10.0107 -10.4588 70
10.714 10.6095 70
-10.4993 9.50904 70
1.29774 0.621283 70
-1.10578 -9.9199 70
9.72309 -9.56937 70
0.995583 -19.1578 70
-10.7334 1.23483 70
-11.3813 -9.89843 70
-10.2614 -0.445079 70
-9.38878 0.145884 70
-8.9046 -10.6567 70
-9.74028 -11.1516 70
-9.68365 -9.20266 70
9.14096 -18.7987 70
-8.98592 -1.1234 70
-60.1421 -10.4131 70
-0.435775 -10.6657 70
-9.5173 -8.5606 70
-19.5102 -40.2759 70
-11.2691 1.47294 70
11.3716 -1.37486 70
10.0802 -9.46944 70
11.355 -0.153562 70
-0.429167 0.858685 70
0.52948 -0.0504992 70
-9.06868 -10.4014 70
9.51756 11.0938 70
-10.4386 31.2824 70
-19.808 9.21229 70
0.388695 -0.0922356 70
-9.50757 9.41424 70
30.9754 1.11392 70
1.44527 0.891392 70
-19.577 11.1801 70
10.4388 -18.7463 70
-20.223 1.26925 70
8.66745 -29.0225 70
8.56043 -30.4459 70
11.3368 -29.6238 70
9.03015 -31.0036 70
-10.8084 21.2141 70
-9.38053 -1.2597 70
-20.0471 -8.97273 70
-9.84195 0.906318 70
-9.40427 -0.630787 70
-0.657702 1.06867 70
-0.28579 -9.09842 70
-11.4362 -1.02638 70
1.15068 1.18342 70
-0.0321212 -0.131897 70
-0.613346 0.217933 70
-9.75305 -0.745153 70
-8.59682 0.418533 70
20.8507 10.0726 70
0.793213 -11.0358 70
-10.6666 -0.923702 70
-9.45491 -0.147931 70
9.99054 -1.19272 70
-9.0016 1.43833 70
0.114634 -21.2613 70
-48.7721 29.2275 70
-49.0569 89.0415 70
-0.0760774 -18.8143 70
-0.337086 0.0486936 70
10.9874 -51.2612 70
-9.74344 -1.08932 70
-0.895889 -9.61673 70
-1.42525 -10.4987 70
-20.2619 -18.5516 70
1.25873 -0.926938 70
-0.508809 1.05208 70
-21.4369 -9.24976 70
-19.7123 0.946768 70
-10.3523 -8.65323 70
-11.1985 0.522257 70
-9.92964 -0.993292 70
-0.538718 -10.5533 70
-9.87437 -9.1203 70
-20.109 8.73337 70
0.199183 -0.124318 70
-0.468553 10.389 70
-31.0763 41.3853 70
0.134026 -10.065 70
-10.5909 0.535813 70
-8.83702 -9.2633 70
-0.689033 -0.808046 70
11.18 -18.6329 70
9.15338 -18.9708 70
-10.9248 -11.035 70
-18.7981 9.05325 70
10.3398 -9.49056 70
10.2842 0.0379498 70
-10.7788 -11.4024 70
-20.9568 9.01108 70
-0.444946 -8.58774 70
0.529049 -11.3316 70
0.617676 -0.883668 70
0.840342 -8.88161 70
0.585389 1.25109 70
-8.92922 -10.3717 70
-10.622 0.316961 70
-50.5181 11.2622 70
-19.601 -50.3237 70
-29.3128 10.6874 70
-0.642136 -9.03809 70
0.639433 -10.402 70
0.744304 -1.38773 70
-9.96686 10.6886 70
0.560295 9.97878 70
-9.92838 -10.6682 70
-10.1878 -10.8876 70
-8.74323 -8.64292 70
-9.50235 -8.94679 70
-10.1086 -11.0208 70
-19.943 -18.6679 70
11.2153 40.4479 70
-0.598289 -1.27643 70
-39.5524 -0.912669 70
-9.05166 -0.441331 70
-10.5689 0.510397 70
-0.430566 -9.91609 70
1.04047 -1.32929 70
0.68901 -8.53918 70
-10.7207 -10.499 70
1.46041 9.87221 70
0.24544 9.59197 70
-0.519156 0.97196 70
-1.47651 0.342519 70
0.518522 0.242023 70
1.41463 0.944077 70
-10.8112 -0.0745426 70
-9.18287 -1.27966 70
-39.7312 -1.27234 70
-10.3398 0.0577295 70
-9.08557 -11.4985 70
-10.6841 -0.984147 70
-1.02334 -0.601009 70
0.592789 1.44692 70
-29.4548 19.6253 70
0.491498 -10.2411 70
-9.3006 -0.233134 70
-0.0181307 0.258663 70
-0.179883 -29.5049 70
10.1558 1.00077 70
-0.278612 0.881654 70
0.174912 -20.0769 70
-0.625538 1.21789 70
0.467232 -10.2156 70
-9.06857 -0.215514 70
-9.23618 -19.2253 70
-0.593667 -21.3393 70
-10.9198 -8.92802 70
-0.871403 -9.63014 70
10.8629 -9.14459 70
10.4243 10.9439 70
-1.31302 -0.231057 70
-1.34794 -1.18762 70
-0.502256 -0.718889 70
0.165427 -8.57186 70
-0.14382 -10.3246 70
-8.80079 0.866264 70
-1.31998 -10.1037 70
-10.0555 -10.9125 70
-31.2173 -39.1012 70
-0.0694117 -0.323425 70
0.619533 0.0138689 70
0.211341 1.14407 70
1.14166 0.427174 70
-9.21921 -18.5832 70
-10.3393 0.308359 70
-10.4986 -1.16546 70
-9.8327 9.84706 70
-11.0419 0.400021 70
10.4443 20.5956 70
-9.56922 18.8195 70
-0.446625 0.396274 70
28.9245 -1.27139 70
-0.345892 10.6865 70
38.9882 30.902 70
-8.75825 -11.3316 70
-1.48534 28.5327 70
-21.1735 19.1135 70
-0.552806 -9.07975 70
-0.237706 -8.98972 70
-9.9587 -1.49474 70
-9.79686 -0.615799 70
-9.50887 1.35343 70
-8.58168 0.431033 70
-0.408063 -11.0533 70
-0.643293 -10.8365 70
10.0728 0.314454 70
-0.206558 -11.3853 70
0.966607 -9.0535 70
20.5989 29.828 70
9.81033 -9.54096 70
-1.33391 -0.902029 70
0.480266 -8.58442 70
10.8454 -9.56831 70
-28.504 1.0233 70
-11.4549 -9.96644 70
-11.1222 -8.67082 70
0.538031 -10.911 70
-9.46458 -1.267 70
-0.849793 0.406108 70
10.6339 0.827787 70
50.5575 -48.6533 70
-60.1631 0.337051 70
-11.3053 -8.59508 70
-11.0781 0.208933 70
-9.06876 -0.350034 70
-19.6375 1.29869 70
-9.95388 -1.42363 70
-0.0209628 -0.819882 70
0.384761 -8.77199 70
-0.523282 -11.2084 70
-11.2794 -9.76983 70
-10.3367 -0.413797 70
0.0252373 0.660774 70
-19.911 10.9236 70
0.180734 -10.2073 70
-0.642817 -0.845033 70
1.01985 -11.1797 70
0.886685 -9.05079 70
