0.448901 10.7873 70
9.60216 10.4307 70
9.5033 10.2266 70
-1.20578 1.1844 70
11.243 -0.277831 70
-1.2191 1.34846 70
-0.998002 9.4528 70
0.00620747 8.74667 70
-0.676795 1.19941 70
0.674994 -1.04269 70
-11.0426 30.8852 70
-0.689737 -0.953549 70
-1.33352 0.118488 70
-1.11757 -0.388738 70
10.9862 -30.5887 70
19.0569 10.9857 70
-8.98301 -19.7042 70
-11.3111 1.35098 70
-38.9274 -1.28175 70
-0.527659 -9.26321 70
20.0172 49.8401 70
-30.3722 -21.3534 70
-9.64114 -1.42261 70
19.6492 11.0808 70
10.939 -9.56086 70
0.82774 -0.290233 70
0.30919 0.512892 70
-1.37082 0.118863 70
0.268964 -19.8126 70
0.976338 0.393251 70
0.53116 -1.34891 70
9.03518 -11.3265 70
31.2858 -19.6396 70
-0.259716 -1.1382 70
9.12282 39.9017 70
0.355521 -0.0277208 70
-49.7825 19.1113 70
11.0487 19.1517 70
-0.0102678 0.573555 70
0.327808 19.4973 70
-9.64576 -18.5866 70
20.1792 9.71313 70
-0.541438 -1.46739 70
8.56793 1.31876 70
-1.15648 -1.20858 70
-0.808894 0.901652 70
-0.156377 0.129144 70
9.43878 1.22607 70
-1.08781 -0.659297 70
1.39454 -0.202561 70
0.649472 -0.599583 70
1.24067 1.33934 70
1.40031 71.4623 70
0.0705036 -10.8092 70
30.1294 -0.559555 70
-1.43113 18.8795 70
0.437299 9.5502 70
-1.09544 -0.671664 70
-0.62967 -0.68475 70
10.3639 9.50238 70
-0.343281 -0.474023 70
19.6798 1.49894 70
8.83186 -71.4561 70
-18.7159 29.3708 70
-18.9972 30.2886 70
19.156 10.7865 70
21.4159 8.70469 70
11.4716 19.5176 70
0.864277 -1.21498 70
0.558506 1.31614 70
-0.0192535 -1.23163 70
19.313 -1.34969 70
-0.634842 0.65691 70
0.3239 0.441454 70
-0.174073 29.6803 70
-0.903588 30.5923 70
1.12698 0.491284 70
-10.1064 -9.6083 70
0.479786 -0.535957 70
-0.676548 -0.462279 70
-0.103443 1.08756 70
-0.0499973 -0.459243 70
-10.876 1.32186 70
29.6095 0.226167 70
-8.93398 20.0526 70
0.434655 -0.885465 70
1.24753 -1.00279 70
-30.7987 -0.990584 70
19.0786 -20.6815 70
-20.7077 31.1775 70
10.3785 -11.0626 70
8.80415 0.151271 70
-0.183341 1.06327 70
19.2006 10.0559 70
8.82448 1.13938 70
0.509062 -0.992804 70
-20.0983 -0.505592 70
11.4094 -9.88239 70
-0.47477 -0.233268 70
-0.622347 0.331795 70
-9.4728 10.0058 70
0.342857 -1.28027 70
-0.237727 0.0215077 70
0.126061 -0.628435 70
0.134896 10.1473 70
0.309482 9.56976 70
-1.43722 0.803677 70
-0.871713 21.1079 70
-58.6192 -11.2947 70
20.9142 20.8705 70
8.90597 20.2665 70
0.780052 10.4833 70
48.9125 69.2196 70
11.324 -1.2886 70
8.74262 -1.34079 70
10.1478 9.26698 70
-0.0437989 0.318882 70
8.65122 9.7176 70
-20.2213 -9.8376 70
-21.3298 8.70807 70
-11.2643 -21.1759 70
-0.0867068 -9.22876 70
0.639033 -0.160399 70
-0.355237 -9.16885 70
-10.6451 -11.3475 70
-0.426945 -0.785214 70
30.9604 1.48786 70
-0.875657 0.0861426 70
9.66363 -0.846985 70
0.263572 -0.365646 70
-10.1077 -48.9613 70
11.0502 -11.2127 70
-0.302152 1.29599 70
-1.4335 0.799746 70
-29.8804 8.8751 70
-1.40164 9.58264 70
-0.635808 20.3788 70
1.21173 11.4177 70
0.93046 -0.474342 70
-10.5766 8.69344 70
9.58136 29.6632 70
-0.536299 -1.11582 70
-40.1894 19.8154 70
0.619486 -0.0315816 70
-9.26868 1.33647 70
21.127 10.7847 70
19.1715 8.90675 70
-0.680779 -1.48185 70
120.874 28.5776 70
0.486797 0.141161 70
29.3429 19.2863 70
-1.2953 -11.1387 70
8.68187 1.06706 70
1.01041 -20.871 70
-9.18824 0.536156 70
9.13216 -11.0005 70
-0.189715 20.1292 70
-1.4376 8.54376 70
8.89646 -0.591923 70
-8.91407 -0.671298 70
0.477045 0.622103 70
28.7606 0.436922 70
1.2973 -0.80164 70
39.6917 -11.2152 70
20.878 9.37173 70
-0.620337 0.238745 70
0.828023 0.236537 70
-0.513938 -0.918444 70
0.614195 20.7232 70
0.585547 20.7453 70
0.744396 39.8211 70
11.2589 -19.1793 70
10.5888 0.926194 70
-0.604851 1.01184 70
-1.21092 10.527 70
0.867107 -0.529677 70
-0.745707 -0.72922 70
1.05536 -0.421839 70
10.1115 11.117 70
-1.15261 1.27045 70
-0.157187 30.7603 70
-0.910777 -1.17047 70
0.982477 -0.360594 70
-1.18321 0.60491 70
50.5832 -10.7343 70
-39.3746 -19.3342 70
18.8755 20.2328 70
9.63914 9.30931 70
28.989 110.111 70
0.242502 -1.26884 70
0.47165 1.06134 70
0.998711 1.05141 70
8.6343 -40.5489 70
-0.682107 1.16059 70
0.822484 0.426567 70
-0.184998 -0.736584 70
10.4218 -9.23571 70
18.8335 -11.4575 70
1.18772 -1.04746 70
8.8606 -1.4941 70
10.616 10.4154 70
0.746209 9.91691 70
39.5573 1.28858 70
1.41208 -1.06399 70
0.62726 0.589797 70
-1.3235 0.745043 70
10.002 19.5652 70
1.20428 -9.706 70
0.269283 10.2216 70
-30.7185 39.3095 70
11.3258 20.4629 70
20.7293 1.03734 70
0.840458 8.92937 70
1.12761 10.9933 70
-19.2163 10.7358 70
1.11082 0.511702 70
9.42718 -9.20588 70
20.2725 19.1175 70
-0.344871 0.717953 70
-10.4664 9.02438 70
0.547914 0.21657 70
10.1036 -10.4129 70
0.517132 -11.3505 70
10.9129 10.2368 70
-9.58998 0.428905 70
0.982333 18.7363 70
-0.586457 9.37643 70
-8.59856 9.2773 70
-10.3017 10.3982 70
21.4707 -0.229794 70
1.18996 1.43993 70
1.0403 -9.22269 70
1.26967 9.75478 70
-0.623889 1.40342 70
-40.684 -98.8428 70
-1.01192 10.5676 70
-9.06508 -1.17101 70
-1.12897 -1.15747 70
-0.286231 -0.290201 70
-9.2675 10.8598 70
-11.0707 9.98824 70
1.15291 9.42103 70
-0.904465 9.85056 70
21.3473 71.0422 70
50.0743 1.47967 70
-11.4375 11.1043 70
-9.05616 11.3025 70
-0.729178 -0.114643 70
-0.822525 -11.1004 70
0.719001 0.0627273 70
-0.386863 -0.126711 70
20.5669 10.653 70
29.5806 10.2363 70
-11.2187 -9.7156 70
21.3657 0.810671 70
19.8198 -1.04736 70
-1.31337 -1.2002 70
11.1436 0.174428 70
-9.45187 -1.30113 70
-10.4156 0.0503443 70
-8.73489 -10.4401 70
21.1533 1.30017 70
-0.390131 0.815572 70
1.35378 -1.48216 70
0.907561 9.63883 70
10.803 11.2232 70
9.14017 -9.24502 70
-0.39448 1.41075 70
-1.47715 -1.23582 70
-0.883072 -0.98074 70
1.05806 -11.0571 70
0.222048 -8.66101 70
-8.93052 -0.501484 70
0.320578 8.51567 70
1.49395 10.9077 70
-0.586936 1.49348 70
1.03496 10.2254 70
-1.38087 11.0935 70
-0.682422 0.707847 70
0.153174 11.2376 70
0.656351 8.82119 70
11.1552 -10.7109 70
11.3413 8.75296 70
20.453 -0.394454 70
21.4331 0.145645 70
9.00054 -9.11473 70
-0.933684 -0.600144 70
1.26559 -0.875906 70
0.0875126 1.30215 70
-1.45987 0.27231 70
0.298711 -0.671129 70
-0.633882 1.3715 70
-0.61463 -0.868177 70
-0.312135 1.16777 70
-9.78959 -0.368151 70
-9.95914 11.0717 70
-0.819949 0.278409 70
-0.230759 -0.643019 70
0.458597 1.47568 70
0.493432 0.0607671 70
1.27336 -1.31152 70
-0.568918 -0.727627 70
-0.0579681 -1.28793 70
-0.566558 0.200963 70
8.63973 40.6446 70
-0.419847 0.140139 70
0.148992 0.520135 70
-9.6523 -10.5289 70
0.314332 -0.739927 70
-0.2185 -0.430785 70
1.45681 -10.6604 70
-1.34196 -9.48296 70
10.1181 -0.184047 70
-0.914884 9.01632 70
10.3359 8.50313 70
-1.10456 -0.638706 70
9.32185 11.1694 70
-0.0446126 1.09844 70
11.2911 10.3354 70
-0.956413 11.1226 70
1.30504 0.720817 70
-9.73541 -0.119146 70
-9.91956 -9.65148 70
-1.26948 -1.08103 70
0.528341 -11.2858 70
50.4649 -50.0813 70
-1.33199 -0.975152 70
9.36466 1.26379 70
1.23114 -10.4729 70
-0.116241 -10.9806 70
-1.23557 -0.256269 70
-0.893465 0.284579 70
0.865378 0.29811 70
-30.0867 9.99671 70
-1.104 0.338718 70
1.1013 8.57789 70
9.80834 -0.122725 70
11.2349 -1.13777 70
-1.48217 -8.64587 70
-20.1187 -28.5672 70
-0.534405 -0.560542 70
-0.0446556 -10.3447 70
40.8031 -1.39621 70
10.5218 -1.43189 70
-1.24912 0.682636 70
-9.34331 9.61586 70
0.732398 -0.411993 70
-0.276984 -11.2796 70
11.2714 0.817514 70
19.2964 0.442952 70
0.477385 1.4864 70
-19.1222 -59.1161 70
8.57419 -0.0221905 70
8.76118 9.11986 70
8.58713 1.28585 70
-0.794546 0.701586 70
0.981592 -0.171748 70
-0.173291 -30.1632 70
19.866 -9.47384 70
-9.05867 20.1721 70
11.3585 9.30826 70
0.642667 0.759954 70
-1.19355 -0.0889541 70
-21.4969 59.0811 70
-8.9002 -9.87602 70
-9.34843 -9.39476 70
0.847977 -10.6833 70
9.98024 0.977084 70
11.0908 0.958497 70
11.113 -9.7986 70
-0.366466 -0.91748 70
0.900011 0.947701 70
30.6173 9.10893 70
9.45011 -1.06482 70
-19.0259 -0.340793 70
-1.05245 -1.13824 70
-8.90426 9.05511 70
-0.344312 -0.699695 70
10.7841 -1.34047 70
0.152584 0.0639407 70
-9.48611 -19.7363 70
-10.1001 -20.4739 70
1.33043 1.36896 70
1.28712 9.07484 70
-8.78261 11.2553 70
10.1477 10.0642 70
11.3239 -9.10611 70
10.9472 1.44273 70
-0.348906 0.802044 70
10.4722 9.72973 70
-19.8495 10.886 70
0.920321 -1.38749 70
0.204816 -0.84337 70
-1.00437 1.33677 70
-0.44944 -0.0243889 70
9.26482 11.2376 70
-1.30191 -1.31435 70
-18.7152 10.1692 70
0.309626 0.800783 70
-40.5871 -1.21669 70
20.4164 19.1342 70
0.783338 18.8488 70
1.48944 -1.13852 70
0.0945552 1.38004 70
-1.01337 0.994277 70
-0.0988366 9.54216 70
-31.194 -10.427 70
-19.9088 -10.8694 70
-29.2098 -0.0665779 70
20.0366 9.44143 70
10.1252 -0.942068 70
1.4433 19.7778 70
19.6754 20.2691 70
-10.9944 -10.1147 70
-9.13262 -18.6753 70
0.806188 -0.863002 70
0.62748 0.103667 70
1.12067 -1.38847 70
-0.0374106 8.7026 70
19.6065 -21.3923 70
0.736761 0.776532 70
0.265312 -1.37155 70
0.422692 21.4367 70
18.9904 -1.32362 70
20.3259 -1.13934 70
0.112738 0.184173 70
1.13252 -0.527951 70
0.754359 -0.338791 70
0.19042 -0.981212 70
-0.402428 1.1514 70
0.0462044 -0.0835492 70
1.46954 -0.800175 70
9.7355 -9.81616 70
91.4316 -111.203 70
0.787176 11.0375 70
-61.1287 0.00226747 70
10.0734 0.720118 70
-0.0807326 -0.207945 70
18.8271 8.91139 70
1.30125 1.25253 70
-8.75046 1.09326 70
9.49293 -48.8123 70
0.0806043 9.24666 70
1.16956 -1.21268 70
-8.94156 20.2206 70
20.9698 -30.8701 70
-18.8663 9.43906 70
-1.22832 0.0870611 70
-0.915769 1.2021 70
-0.395143 -1.45243 70
9.27032 -10.2393 70
10.7254 8.83241 70
-11.423 -58.7832 70
19.7022 11.4006 70
-10.3342 10.8361 70
-60.7414 19.7113 70
-0.108333 -10.1705 70
-9.8019 9.38899 70
-0.458731 -1.02288 70
0.24352 1.28079 70
0.808998 -1.22846 70
8.56188 -20.04 70
99.5606 -38.682 70
0.831213 -0.787713 70
-19.333 0.588039 70
1.30681 0.182741 70
30.3588 19.3264 70
0.264047 1.22893 70
-1.45432 0.573002 70
11.1159 9.11039 70
-21.2218 -9.86868 70
0.19642 -0.413958 70
0.778731 9.01094 70
-8.78992 -1.3845 70
-8.89724 0.241839 70
-11.1302 0.867049 70
-9.50156 -29.0872 70
1.01429 -0.320747 70
9.94761 10.8405 70
-1.47447 -0.239854 70
9.41432 59.2268 70
0.780818 -0.489957 70
0.114346 -0.72947 70
-0.316233 0.187146 70
-0.442433 0.754957 70
-1.36896 11.0769 70
-9.34411 -29.2159 70
0.151927 0.656348 70
1.06126 -0.450274 70
10.5689 -9.52667 70
0.758737 1.27484 70
0.778258 -0.312733 70
-40.1093 -1.43962 70
8.53297 -0.284423 70
81.0127 21.1441 70
-1.11256 9.53249 70
0.0953813 9.8363 70
-79.0438 20.7242 70
-39.312 0.812443 70
-10.3056 0.680764 70
-8.6026 -1.26683 70
0.968146 -1.07113 70
-0.971497 -11.3894 70
49.7047 -21.086 70
-69.056 70.6272 70
-1.28449 -0.518067 70
1.40398 19.7011 70
-21.3 31.4544 70
0.743694 0.551202 70
-1.00453 9.90647 70
1.35982 1.30292 70
-21.0679 21.3193 70
20.3447 21.1746 70
20.7458 1.05911 70
0.00118201 -0.58242 70
18.6089 -101.452 70
-0.648865 -1.40953 70
60.8244 30.7199 70
-39.9992 20.6338 70
-9.49589 11.0646 70
0.25694 1.36809 70
-11.0951 10.9743 70
0.418418 -9.73095 70
9.21177 0.179746 70
9.48494 10.1156 70
-0.554085 -1.20788 70
1.16904 -0.685261 70
0.744046 1.39751 70
18.8153 -20.0716 70
-9.80581 -0.634928 70
-21.4507 -10.7548 70
-0.588004 -0.848759 70
28.5842 -108.935 70
11.1641 0.759943 70
8.77033 1.45816 70
1.13361 -10.6361 70
0.374331 0.909931 70
-0.569174 1.33227 70
0.967065 10.4204 70
0.702781 -0.0394044 70
-9.87718 -0.706559 70
1.25828 -30.4511 70
-1.20286 -0.354685 70
0.0196741 -1.15688 70
-1.30836 0.743317 70
20.5301 20.358 70
0.461814 0.965053 70
9.64333 -10.7173 70
0.522943 0.735507 70
-1.23432 9.64229 70
20.1346 -20.5535 70
10.9013 19.9544 70
1.4525 -0.297942 70
0.412259 -9.48427 70
0.651269 -0.947296 70
-0.526684 0.354712 70
20.2461 0.326667 70
1.363 -0.740154 70
1.39264 0.450392 70
31.1261 -0.949786 70
-9.32336 -9.84067 70
9.37182 -1.04981 70
1.37956 10.6022 70
20.8194 -10.7021 70
0.7899 20.7758 70
1.26022 0.0355661 70
-1.20965 0.78855 70
-20.601 20.3749 70
-11.2114 10.3432 70
-1.40731 8.93 70
-0.929206 0.520581 70
-20.3941 -31.2686 70
20.7943 1.49298 70
-20.7867 0.580425 70
10.554 -11.4757 70
-10.0817 -30.7321 70
-40.064 0.906424 70
-11.4746 11.2078 70
-1.02599 -10.8255 70
40.2646 -49.2746 70
0.121943 -9.87849 70
-19.5976 29.2014 70
-19.1416 29.0828 70
0.206651 -0.421489 70
9.61 19.5076 70
-10.0028 -1.13057 70
-0.594424 11.1687 70
-0.64347 -0.587145 70
-0.732722 -9.39828 70
0.914075 -21.4904 70
-0.982579 -9.86658 70
-1.29908 9.0252 70
8.99463 0.79721 70
-1.01986 -19.3811 70
-0.484096 -0.833583 70
-9.4177 -0.933079 70
-0.55246 -0.703119 70
0.637333 0.342753 70
-0.141758 -0.740359 70
-0.500837 -11.479 70
20.1054 -0.891971 70
0.336727 1.1929 70
1.21865 -1.48943 70
9.55827 1.21108 70
-1.07709 0.796163 70
0.272063 -0.0612806 70
-8.63282 -10.5836 70
20.6391 18.9883 70
-19.0987 9.52379 70
-1.43698 -1.13928 70
11.4999 -49.0699 70
-10.0954 -20.9953 70
-9.98941 1.09457 70
11.4042 9.48561 70
-10.1757 19.3947 70
-30.0412 109.444 70
1.47256 10.3802 70
10.2171 -1.07541 70
-0.243389 1.29661 70
-0.946141 0.769976 70
-0.338575 -8.65527 70
9.35976 9.44405 70
29.3946 20.7002 70
9.09485 0.527773 70
-0.59022 0.601941 70
11.2885 -1.09292 70
-1.17 1.41739 70
0.44166 0.674082 70
11.1612 0.29817 70
-11.2606 9.52858 70
9.36351 -0.511124 70
10.111 -1.3752 70
-0.692733 -9.47817 70
-0.611057 8.89428 70
0.456584 0.666398 70
-1.15635 11.281 70
9.61232 28.7501 70
-0.567442 1.33406 70
-0.597791 -0.365241 70
-1.18443 9.10093 70
-8.63411 10.0621 70
-28.5536 9.5088 70
-1.40376 -0.325248 70
41.3972 98.9137 70
-0.0560067 0.270061 70
0.500478 0.677659 70
-0.852924 -9.61353 70
9.6684 0.67403 70
1.41018 -0.301131 70
0.255964 0.247548 70
-0.94085 -9.41633 70
0.0421766 1.24476 70
-1.42134 10.2146 70
0.692499 1.39764 70
9.10232 0.0801587 70
-1.43069 1.09176 70
-0.0800946 -0.515478 70
9.06496 -0.291827 70
-8.88803 10.1842 70
-0.488151 -0.272665 70
18.6224 39.0648 70
0.569677 -0.256013 70
-8.65448 10.8157 70
-1.2536 -21.1829 70
-1.00562 -20.0202 70
-0.775347 18.5013 70
0.906352 -1.417 70
0.777214 -0.338036 70
-8.59115 -10.5078 70
-0.804525 -0.0564524 70
-38.7103 99.8152 70
0.399098 10.2371 70
-1.29206 -10.5464 70
-0.465894 10.7843 70
1.45299 -0.656678 70
9.03418 1.30167 70
-0.558984 -9.30849 70
0.701624 1.03425 70
-39.6695 8.77664 70
11.2471 0.740266 70
-0.807526 11.4042 70
9.90442 1.32979 70
-31.2749 19.7993 70
0.653654 0.13074 70
-28.5457 -0.0915265 70
0.35364 -0.884512 70
-0.745478 11.43 70
-0.959397 0.0575942 70
0.143226 -11.4618 70
-9.68241 -10.6424 70
-9.22669 10.4038 70
10.3088 -11.29 70
1.05664 19.2347 70
0.796185 0.108097 70
10.8394 19.2986 70
0.444024 -0.611529 70
-0.168586 10.5085 70
10.9844 -8.88348 70
-0.466199 -0.448779 70
10.7943 -10.343 70
-20.3134 30.2647 70
0.700459 9.91092 70
21.4013 0.0679197 70
-0.111503 0.102114 70
-0.0616807 -1.37112 70
-0.809109 1.35607 70
-1.0555 -0.496135 70
-1.27532 -1.3418 70
28.8432 -19.6096 70
9.86643 9.93891 70
-70.9035 -29.961 70
-31.4802 0.482697 70
-9.13462 11.0052 70
-10.6029 0.853831 70
0.174208 1.14764 70
1.39493 -1.39692 70
-1.00313 0.769117 70
-0.101584 -0.724943 70
-0.272014 1.42822 70
-8.88958 -11.4926 70
19.5759 -18.6033 70
-0.346365 1.00535 70
0.701464 1.40227 70
0.671704 1.39015 70
-0.423643 -0.0291924 70
0.818418 -1.43669 70
0.871619 18.7754 70
-0.0541925 0.579445 70
0.0467653 0.5831 70
-1.1597 -0.130708 70
0.338538 10.9245 70
-0.10706 0.344656 70
-10.5357 -1.25747 70
1.27799 -0.0422064 70
41.1046 -79.9275 70
50.8637 38.6334 70
-0.758663 10.3109 70
-1.34001 9.88724 70
0.641889 -1.11213 70
0.783581 -0.405169 70
10.0064 -0.0922146 70
-109.833 71.0483 70
1.33376 -0.0668062 70
-0.675294 0.967457 70
-10.9554 9.25865 70
9.96451 19.6108 70
-0.822982 -1.30149 70
0.233619 -0.00225307 70
-11.0737 -1.31513 70
1.48557 -29.352 70
-51.1126 -51.252 70
-30.7968 -59.3338 70
0.205562 1.30729 70
-0.814737 -1.27738 70
21.0234 -29.0108 70
-0.306504 -21.2536 70
-1.14088 0.303448 70
-0.589913 9.35588 70
9.32284 -1.14938 70
-1.39065 1.11519 70
40.0772 40.5898 70
10.5501 19.4335 70
-0.98128 10.6477 70
-10.8914 -18.6687 70
-1.40472 -1.28838 70
-0.120043 11.0005 70
9.3071 0.972426 70
9.79964 -1.19609 70
1.01706 0.753797 70
-18.5011 38.8426 70
19.9699 8.53685 70
0.944344 9.16507 70
-9.14886 21.2648 70
0.248998 0.3112 70
-21.0704 9.49164 70
-0.148471 0.581195 70
-10.7566 -1.47028 70
