0.660361 -1.4711 70
-31.1738 -8.86257 70
19.167 1.47919 70
1.26189 0.244737 70
0.809331 0.969123 70
19.1587 -20.684 70
-9.8618 1.19882 70
0.342929 8.70759 70
11.0688 -11.4918 70
0.685393 -10.132 70
0.909031 1.47237 70
-10.8398 -0.329965 70
-0.782917 1.46188 70
0.639926 -21.1509 70
-1.37459 -1.33392 70
-19.2018 9.29082 70
1.02708 0.10062 70
-0.493559 1.20574 70
-0.359963 11.0006 70
1.19575 -9.99929 70
-0.589272 -9.50997 70
-0.277115 -0.809924 70
-10.1881 -31.2877 70
-10.7501 0.57415 70
-0.558783 0.721389 70
0.311965 1.1214 70
9.55065 -9.92466 70
41.0317 28.63 70
9.04001 1.42712 70
0.713371 -0.545315 70
8.87381 1.09867 70
1.2436 -9.42194 70
-0.114085 0.308418 70
20.6222 0.994589 70
19.9351 10.5031 70
20.3248 -10.5363 70
-0.80823 -0.430555 70
0.907047 0.775761 70
1.43576 -9.63496 70
0.519791 -1.11468 70
-1.01325 -9.75633 70
-9.32183 20.8034 70
1.22354 20.4317 70
1.45736 19.4309 70
-0.0128657 0.852099 70
-0.967265 1.26985 70
9.13671 -20.3461 70
-101.199 50.4076 70
-9.77877 -21.2942 70
-29.8969 10.0539 70
-10.9608 50.3932 70
41.08 -18.5959 70
0.0268619 9.96712 70
-9.76522 -9.84914 70
-40.0898 -10.1771 70
11.3745 0.111512 70
21.0602 -20.0796 70
-8.93343 -0.772053 70
0.0530968 1.3248 70
19.6352 -19.6169 70
-20.2062 38.5494 70
-1.46126 1.21903 70
-119.949 40.9003 70
-0.353977 1.37376 70
8.77624 -0.410751 70
9.38378 -0.831317 70
-0.861917 0.295566 70
0.640512 0.875142 70
-10.7388 -21.1149 70
1.17969 1.18275 70
-10.946 10.9458 70
-9.08285 -89.3654 70
1.30115 0.922532 70
-9.57101 -0.558901 70
41.0207 40.2702 70
-9.33709 -9.77177 70
-0.50256 -0.247081 70
-1.3304 -0.203237 70
10.4365 -10.9308 70
60.4287 70.909 70
-1.18809 18.5068 70
-38.515 -11.1153 70
-1.44707 1.45413 70
29.0631 -29.8472 70
10.457 19.4335 70
10.0024 -1.20743 70
-10.1824 -10.4513 70
-0.0059251 -1.27354 70
10.0023 -19.0173 70
1.28512 -1.44203 70
-21.2077 -8.97215 70
-10.6374 -1.11575 70
1.06905 0.714944 70
1.39628 -1.36662 70
-0.376481 0.187446 70
-10.3918 -19.5134 70
0.176551 -1.40186 70
1.45291 -18.859 70
-0.703824 0.991279 70
9.19427 -20.7818 70
50.935 21.1885 70
-40.9867 -19.5926 70
-1.19095 0.658365 70
-0.0034073 0.338307 70
-10.0228 8.59581 70
-0.48607 10.9825 70
-10.8105 -10.4616 70
10.4083 20.9478 70
-1.21784 -20.5349 70
-0.168948 -1.21085 70
0.292267 -0.206531 70
-1.49505 8.64679 70
-0.660605 -0.246811 70
-0.371173 -0.379645 70
9.50664 0.0252422 70
-1.24998 -0.975784 70
-28.6876 8.89786 70
-9.58327 -11.0928 70
8.78015 -18.7059 70
0.591241 10.4094 70
-10.7506 -18.6358 70
-0.190823 -0.998532 70
0.176261 0.773539 70
-1.37378 -0.401158 70
39.1164 -80.7354 70
10.4006 0.0726046 70
-61.2228 58.7126 70
0.0766524 -10.9061 70
0.103593 -1.33654 70
-10.5998 1.31387 70
0.0782507 -10.0998 70
-0.0664251 -10.7675 70
8.96866 1.21938 70
0.962579 1.35806 70
10.2446 9.92018 70
-0.231013 19.2606 70
0.478258 -9.72084 70
-0.527171 -20.7196 70
0.0235852 8.59563 70
-0.160573 0.475744 70
-1.30535 9.57055 70
-9.12416 -1.15302 70
-9.93502 0.815899 70
11.1946 9.62279 70
-0.565214 0.707388 70
-0.0778117 -0.367013 70
-0.0581988 -0.832046 70
-21.1673 -18.5309 70
0.278439 -8.6809 70
1.29749 -0.419808 70
-0.368182 0.785356 70
-30.7596 -31.2532 70
1.00622 1.389 70
-10.9522 18.8695 70
19.3479 21.3598 70
-0.67323 -1.23655 70
0.383165 -10.8527 70
-20.0367 20.2322 70
-8.94076 1.39404 70
-11.1022 8.60065 70
1.17741 -0.166815 70
-9.4219 39.5146 70
-39.7645 -19.2443 70
-0.546586 10.8894 70
-10.3086 29.8354 70
-1.17452 -1.40753 70
-11.1395 0.00355689 70
-0.846824 1.31805 70
10.3735 -0.237694 70
-0.623446 -0.224314 70
-1.20884 11.4098 70
-29.8501 0.990595 70
-30.3123 -1.13151 70
-10.0336 -0.709321 70
0.808154 -1.13924 70
10.5945 8.8853 70
19.2975 10.2921 70
20.3018 9.47995 70
0.75956 -0.206359 70
0.560897 -11.2405 70
30.128 11.3835 70
31.2532 9.66461 70
-11.1334 9.58747 70
-10.3077 -29.4121 70
-11.3971 -31.3879 70
-11.07 -30.6228 70
0.417106 -9.84914 70
-1.35017 0.626293 70
-0.286077 0.428818 70
-10.607 -0.572407 70
-8.97353 1.02235 70
1.44758 -1.41374 70
-10.3193 1.48421 70
19.9785 -60.0617 70
-0.991354 0.224498 70
-21.2218 -9.641 70
0.830923 -19.7748 70
11.435 1.03325 70
-18.7208 8.98215 70
-29.5998 -31.0368 70
0.736524 -0.440174 70
10.0553 0.187375 70
-9.61719 0.309749 70
0.112281 0.613102 70
-1.08107 -8.71469 70
10.2514 0.403218 70
-10.9592 -8.52589 70
-20.2758 30.6276 70
11.4767 8.54672 70
-0.332314 -9.77844 70
-8.5744 -0.233761 70
0.762366 -1.42467 70
-9.12689 -1.32837 70
10.3809 -20.5872 70
-9.0679 10.2447 70
10.4626 0.60304 70
1.1142 -1.30952 70
-0.572709 0.761804 70
1.38936 0.773775 70
9.65786 0.0322318 70
-0.974415 0.745552 70
-0.356381 0.780294 70
-0.474462 21.0729 70
-1.02984 0.342249 70
-1.36722 -11.1987 70
0.602917 0.862727 70
21.2883 8.69344 70
1.33824 -0.276841 70
-1.10362 0.940618 70
-1.35111 9.73003 70
-1.15343 -1.22044 70
0.253741 0.686765 70
0.778002 -1.13638 70
0.382781 -0.19407 70
-0.559443 -0.956608 70
1.2752 -0.294191 70
0.778039 0.61625 70
20.7723 -10.9928 70
0.522528 -1.19541 70
-19.2625 -20.0438 70
-0.543683 9.62092 70
0.519877 0.987067 70
-9.45384 -9.66185 70
-0.00721501 0.696209 70
-11.0218 -20.0383 70
10.0307 39.2213 70
1.31906 1.40634 70
-1.21813 -0.105447 70
-0.909305 -0.942577 70
-8.94163 -0.554135 70
0.698466 -0.427734 70
-1.31905 0.416421 70
-8.82613 21.0415 70
-0.632494 -9.13514 70
0.390291 -1.06548 70
0.0239375 -1.47453 70
-10.4874 -19.5744 70
0.923676 -0.607606 70
9.38203 -0.443366 70
0.806114 -0.285422 70
-9.37215 9.64251 70
19.8564 28.7359 70
-0.409917 -0.0335817 70
-0.0758742 1.14123 70
-0.302249 9.00451 70
-0.0529769 0.577786 70
10.5788 8.70558 70
10.15 -0.798061 70
9.72447 -19.4704 70
-1.28769 0.886698 70
9.07626 -29.6706 70
9.33528 -11.1891 70
11.3082 59.3402 70
0.507556 -19.6822 70
11.2322 -18.6624 70
-10.1168 0.583473 70
-10.3388 -11.2441 70
-8.92034 -9.09922 70
0.458933 -1.15998 70
-9.48752 20.4092 70
-18.5584 18.5155 70
-1.44151 -1.23395 70
29.9614 -11.3741 70
-0.781783 -10.7201 70
0.0127689 -0.482359 70
-1.00907 -0.0707033 70
1.40358 0.969632 70
8.71704 -18.9993 70
-1.13212 -9.30035 70
-19.8118 9.80256 70
-0.0370226 -9.82827 70
0.105878 -1.07231 70
-1.43561 -9.67039 70
1.06995 -10.2446 70
-0.367484 -0.551333 70
0.555464 -11.4345 70
-1.12793 -0.328978 70
1.08231 0.27208 70
-0.301578 0.317346 70
8.71662 -8.89313 70
1.2666 0.986836 70
-0.908163 -1.46407 70
-0.19004 0.0181035 70
0.146056 -0.47952 70
10.6734 -10.6062 70
1.20326 0.653741 70
1.28557 -10.1473 70
-9.81421 -1.42661 70
-0.996982 -1.0985 70
-19.354 -18.5522 70
-9.87863 -0.921388 70
-0.518325 1.09916 70
1.03312 -0.995984 70
-11.0566 -30.8664 70
-0.161377 -0.221789 70
20.8915 40.9853 70
1.3676 -1.08198 70
-10.5121 10.1706 70
-8.88595 0.932674 70
-0.026413 -1.13358 70
0.888421 18.7504 70
-1.10806 -1.1458 70
0.516429 -0.462315 70
20.0412 -0.925731 70
-19.4048 -20.4102 70
-0.967295 -19.1768 70
19.706 -1.05955 70
0.791409 1.0753 70
10.004 1.37842 70
58.578 81.212 70
-10.0412 -29.5836 70
-0.0252267 -9.62849 70
-20.5339 -11.2627 70
-9.06848 9.34405 70
-9.2538 28.9818 70
-11.2421 18.9379 70
-0.0272886 -0.926569 70
-8.60733 -0.0253689 70
10.6031 0.90312 70
11.088 -0.791959 70
-58.8726 29.7039 70
18.5728 -29.2381 70
0.0930853 -0.918598 70
-0.32025 19.4052 70
-9.46781 -0.0298708 70
-19.252 20.4375 70
1.03843 1.35094 70
0.150878 -10.4739 70
-0.260748 -0.611631 70
1.3415 -1.39447 70
0.0035782 1.48989 70
-0.644779 1.45746 70
0.893417 9.95562 70
8.79052 -1.33461 70
-1.30569 -11.1571 70
11.0866 29.9977 70
-9.02683 -1.39313 70
11.4832 8.78482 70
10.762 -0.253611 70
-1.24133 -0.458317 70
0.513712 -0.338338 70
-9.54673 -9.64254 70
-1.32168 -1.31638 70
10.8919 -0.621224 70
-11.4539 20.6881 70
1.05377 -9.76738 70
-1.42449 -8.91642 70
-1.4894 -11.2374 70
0.320163 -1.49829 70
0.871893 -0.607732 70
0.944878 1.14135 70
-1.37325 -1.5 70.9855
9.14723 19.4877 70
20.9003 -0.540442 70
10.4565 -0.584977 70
-8.89126 -10.1882 70
-0.232001 1.2976 70
40.4881 8.81393 70
-0.683003 0.742321 70
-11.2148 -18.7019 70
0.319646 -0.305732 70
0.403076 -1.47131 70
9.11502 0.97477 70
10.6068 11.243 70
0.762027 -10.4238 70
11.2805 -1.36564 70
0.113245 -11.3854 70
-8.99413 -10.3629 70
10.3873 -8.64403 70
-59.1933 -40.9325 70
10.9339 -0.971512 70
-8.5913 10.9447 70
0.286217 -0.722877 70
1.2784 -39.5156 70
9.45498 28.8779 70
0.296257 -0.663113 70
-0.224385 0.680946 70
-21.174 11.1819 70
20.1412 30.6945 70
20.3338 30.3581 70
9.28044 -10.9133 70
-0.754168 0.798207 70
-1.03655 -1.47202 70
-18.5135 -19.3733 70
0.936867 0.321862 70
-11.3202 -0.500453 70
-0.640656 -0.643947 70
-10.6214 0.0414191 70
-1.13544 1.04547 70
-10.1382 -1.33709 70
-78.9965 1.17093 70
9.19665 -10.3033 70
0.0766651 -1.16595 70
1.0753 -10.1522 70
9.50132 20.153 70
0.539422 0.404352 70
-19.4583 -0.572662 70
38.5873 10.4548 70
80.5354 -29.3751 70
0.0318734 51.4534 70
-18.8365 -18.9503 70
-0.896925 -10.5136 70
-0.983469 18.7245 70
-1.26458 -1.11772 70
9.79614 -30.1705 70
1.23587 0.707495 70
-0.861694 -0.585258 70
-0.649528 -20.1779 70
0.720236 0.765672 70
-0.00454662 0.00253706 70
-1.21632 51.2465 70
10.9221 0.943157 70
-0.199199 18.7054 70
-10.8112 0.738992 70
58.9084 -60.6899 70
0.0110584 1.0961 70
1.3208 -19.3339 70
-10.1027 -0.0207093 70
1.47952 0.405054 70
1.12534 -0.327619 70
-9.87424 -11.0583 70
1.28861 -0.680075 70
-10.6991 -10.4217 70
-0.0419101 1.37432 70
0.00399064 -0.438851 70
-1.05312 -1.38408 70
-0.105999 0.00422935 70
-0.971754 1.46774 70
9.39943 -1.37372 70
-39.1578 60.8659 70
11.1239 -0.723653 70
-10.4416 -0.842741 70
-21.4526 20.7285 70
0.610298 -9.68757 70
-1.12692 -1.29085 70
0.843274 0.189414 70
21.0651 -10.6743 70
20.5577 -9.79268 70
29.6632 -10.5819 70
-9.50782 -8.51735 70
-1.10179 -0.424914 70
-10.4979 -0.975999 70
1.09363 8.73645 70
-1.27364 -20.0219 70
-0.311292 0.342591 70
0.693945 1.25375 70
-19.302 -38.848 70
-1.01746 -9.27579 70
-0.552437 0.117549 70
-9.3305 -20.5368 70
-0.708848 -21.2953 70
0.241182 -20.4556 70
9.50369 -0.992579 70
-39.4521 48.6222 70
-38.8261 8.6122 70
-1.06588 -0.448334 70
-9.47714 -1.03262 70
-0.33996 -8.686 70
0.568703 0.0424795 70
1.45688 19.6463 70
0.0528769 11.0786 70
-21.1943 -8.67041 70
-0.00354185 0.922071 70
1.20789 -1.24387 70
-10.4302 -0.780949 70
-0.351442 0.308267 70
-0.348198 -10.3344 70
1.19837 -0.977688 70
0.0859199 -10.8189 70
-0.86531 -11.1309 70
0.0565455 1.05786 70
-1.38894 9.96019 70
0.956194 0.623461 70
-0.446241 0.042148 70
0.672137 -0.907385 70
10.5334 1.49996 70
10.2019 0.712531 70
-8.86297 11.1197 70
0.593509 10.1866 70
-8.90321 11.2951 70
0.148088 -1.06891 70
-1.47483 -10.8263 70
1.11884 -11.1895 70
-8.79838 -1.36112 70
10.1525 -9.19467 70
1.1777 -0.409578 70
0.0278813 0.366111 70
0.636158 -19.5953 70
0.513114 -19.4872 70
-49.9636 9.95472 70
9.7278 -0.781567 70
-21.2681 0.122367 70
0.909283 1.31131 70
-18.5382 -21.0573 70
0.0428779 10.4297 70
10.8859 -8.94703 70
-0.0802982 -0.428955 70
20.1329 -21.2569 70
20.7752 -18.9752 70
-1.42062 -1.21321 70
-0.733052 0.965907 70
-0.625681 10.2171 70
-8.90057 -1.38847 70
10.236 0.676355 70
1.4017 -0.355503 70
-0.392238 1.13665 70
1.35209 -1.22153 70
11.1705 -9.4008 70
1.18934 -1.22907 70
-0.634209 1.30625 70
18.6179 -1.1661 70
-0.130262 -0.948351 70
-11.0624 -1.21134 70
10.4583 -21.4176 70
0.476407 -0.688313 70
0.330427 1.11628 70
-0.553727 -1.01759 70
0.493809 -0.31304 70
-1.01456 0.414328 70
0.348572 1.18775 70
-0.952036 0.00570604 70
-0.420541 -1.05979 70
20.4962 -0.0874724 70
-0.57432 -0.354938 70
9.66423 -8.939 70
0.360362 0.872337 70
31.4534 0.469196 70
0.209986 9.83791 70
-0.532026 -9.44468 70
-8.50937 -10.1641 70
9.55674 0.87976 70
-1.42924 0.0323519 70
-0.495667 1.29436 70
-9.53957 1.26215 70
-0.367346 49.4377 70
-10.7363 8.73428 70
-10.8902 10.6383 70
-10.4146 0.0263573 70
0.671378 0.900746 70
-10.975 1.43778 70
0.151193 0.435565 70
-11.2368 10.7149 70
-29.3975 -20.3354 70
1.2235 0.489916 70
0.584195 1.17487 70
0.687753 0.871036 70
0.745168 0.665172 70
-19.7462 11.029 70
-11.4893 0.419328 70
-1.44527 1.41064 70
10.6274 -28.9474 70
0.452212 0.258793 70
0.260061 -9.7037 70
-0.0577571 -1.24183 70
-1.03082 -0.53907 70
-20.7172 -9.77029 70
-11.4099 -0.450097 70
0.502959 -0.140263 70
-9.10074 -8.98083 70
21.1174 10.9811 70
-0.770793 69.2383 70
0.387218 -0.742617 70
29.1385 -11.2348 70
-0.746809 0.126591 70
-1.23353 -1.26833 70
-0.598195 0.74328 70
0.31651 -1.05684 70
-9.23196 -8.81536 70
0.271369 -1.29147 70
-0.755119 1.09871 70
19.6616 31.2413 70
8.71867 1.28778 70
11.1706 -10.7088 70
31.4552 -21.232 70
31.2857 -20.6389 70
8.63315 9.50901 70
1.03947 -11.4088 70
-0.899062 -10.801 70
-0.609435 -0.351342 70
-1.3274 -1.09668 70
-8.78022 -11.0961 70
-19.7648 41.1255 70
1.33329 1.2617 70
0.532883 0.966011 70
-0.113433 -1.39457 70
-0.886655 -10.7613 70
9.40494 9.09396 70
-1.45116 -0.125635 70
1.043 -0.55266 70
1.08643 -1.10283 70
-0.784224 -9.77913 70
-10.3884 19.0196 70
-1.32295 -10.5053 70
-0.472161 0.199917 70
9.61613 20.3599 70
30.7273 38.8059 70
-0.772493 0.963784 70
-0.930761 9.61123 70
9.84843 11.4826 70
-10.4174 0.311829 70
-0.566596 -1.09303 70
-10.3224 9.62175 70
-0.857644 -1.09277 70
-1.05431 -0.217604 70
1.29049 -0.746422 70
-11.463 1.19949 70
-10.4951 -19.7102 70
-9.09069 -1.38569 70
0.786391 1.18678 70
0.41448 0.289766 70
1.12579 1.01218 70
-39.114 -49.5617 70
-0.441063 0.0123865 70
0.413932 -0.446773 70
0.855821 -1.45267 70
-0.676876 20.1286 70
-60.7785 -40.1175 70
8.85437 1.21079 70
-1.25962 -11.2835 70
1.47631 0.96628 70
-1.47284 -8.71238 70
29.0103 -10.4957 70
-1.04491 0.975076 70
0.056657 1.04653 70
-9.4906 -0.286878 70
0.74761 11.183 70
-0.889117 -0.38079 70
-9.80147 9.56734 70
1.14841 0.998241 70
1.04472 0.529538 70
0.457849 -30.2408 70
-8.66485 21.3306 70
8.86105 -0.602389 70
-8.70684 10.9051 70
-29.4748 -0.158682 70
0.228819 1.0113 70
-0.714451 1.35348 70
9.08818 -20.9129 70
10.1935 1.467 70
9.56636 19.7369 70
-1.49793 -0.284658 70
-0.0903732 1.48496 70
0.34436 -1.38383 70
0.629654 -0.981646 70
10.7668 -30.4505 70
-10.7285 -0.637458 70
1.00504 0.696229 70
-0.731696 1.21489 70
-19.364 -8.58287 70
1.39402 -19.1546 70
-19.3512 41.2136 70
-10.2647 -0.906525 70
0.820659 -1.20828 70
0.813407 -1.33651 70
0.447586 -0.281063 70
-0.794652 1.26783 70
-0.591665 -0.703912 70
-8.53143 -9.19552 70
-1.22319 -10.6623 70
11.2193 -0.707424 70
11.4813 8.91658 70
28.831 -29.4523 70
29.1681 -29.9459 70
8.56301 9.94743 70
-28.9151 -20.0186 70
-0.446559 0.646908 70
11.4298 -9.06656 70
0.315933 -1.16852 70
1.12801 1.11714 70
-41.2385 10.7643 70
0.114492 -1.28602 70
0.227086 -0.924964 70
-0.0608119 -8.50486 70
-9.02519 -8.58402 70
-1.28345 -9.49814 70
-0.76342 -0.748727 70
0.735351 1.17858 70
-0.274505 1.26803 70
-9.35101 0.9401 70
-8.53929 1.47039 70
0.77319 -1.25513 70
11.4393 -0.757061 70
39.4327 10.3091 70
0.758818 0.924538 70
0.500045 -0.624118 70
18.5446 50.4506 70
-0.308018 0.0648482 70
0.647817 -10.995 70
0.210882 -8.75016 70
9.32759 -8.90191 70
-0.725565 19.5917 70
-9.37366 -10.9303 70
-0.687623 11.2103 70
-0.211097 0.494588 70
-1.22593 0.464693 70
-1.23475 -0.115051 70
-11.1738 19.7577 70
-1.2348 40.2939 70
-9.51239 -0.0556577 70
-1.10228 0.860633 70
-0.131561 -10.1832 70
-9.06106 0.0478436 70
-1.33576 39.7682 70
-8.83071 20.0116 70
59.0598 -10.6617 70
-71.3082 29.7241 70
-51.1329 -0.0834116 70
-1.12978 0.798851 70
-1.12182 -8.8987 70
-1.37969 1.38325 70
0.434987 -1.21791 70
-1.41903 0.850239 70
-1.02208 19.2076 70
-1.22959 -1.09197 70
9.15468 8.55916 70
18.8703 9.71977 70
1.01705 1.48046 70
-1.45376 0.0932395 70
1.36075 0.386063 70
-8.87784 60.7313 70
-0.226153 0.543877 70
1.20655 -1.2116 70
-0.214966 -0.262949 70
0.041878 -11.4917 70
-20.8926 -9.37037 70
-0.510586 -1.38892 70
9.97707 9.27367 70
-0.896956 -0.469357 70
0.626706 0.857534 70
-1.23108 19.0659 70
-0.204996 11.249 70
10.01 -10.4441 70
-9.25452 -10.0525 70
-18.9224 -11.0198 70
9.86147 0.551124 70
-49.9622 0.875601 70
0.776753 1.00469 70
0.29901 0.919015 70
-1.13444 -1.39214 70
-8.75525 -0.215749 70
1.12225 0.687232 70
9.24137 -0.423487 70
-0.161868 0.911238 70
-0.672634 1.48562 70
-1.16102 -0.701244 70
-0.109019 1.48517 70
0.214676 0.669777 70
-0.117643 -1.04653 70
-0.639561 0.943476 70
-0.321015 -0.582084 70
0.0757165 0.935598 70
-0.762395 -9.08221 70
0.121666 -11.2407 70
0.0728256 -9.43632 70
0.851041 1.12669 70
1.35277 -0.966543 70
-0.402948 29.1527 70
-0.0195947 -9.19469 70
9.13139 20.8722 70
-1.39964 10.9847 70
0.706102 10.9654 70
-0.717145 -1.36639 70
-10.1516 9.45362 70
0.866245 -1.10983 70
0.532208 1.21143 70
11.3137 -9.58745 70
-31.3701 -19.2161 70
1.03001 -0.372241 70
1.13982 -0.281268 70
19.9135 9.48829 70
-18.6873 0.421318 70
1.23637 -1.07488 70
1.47016 -0.333521 70
1.1649 -1.33406 70
-1.22112 -10.316 70
-9.51661 -1.30953 70
-0.0859058 -0.598502 70
-8.97252 -29.4566 70
20.7837 9.79931 70
1.39381 10.6724 70
1.39045 -9.48683 70
9.43925 -9.91611 70
-0.903068 -0.590715 70
-10.4154 -0.173042 70
-0.845433 0.626849 70
8.60766 -60.6647 70
9.65839 -28.766 70
10.5447 -11.3681 70
0.839756 -0.524509 70
0.820712 1.18088 70
-18.9794 1.24041 70
-10.728 0.838774 70
0.779664 -0.288627 70
1.47255 0.569115 70
69.6348 -0.140038 70
-9.25689 0.244792 70
9.45149 -0.402348 70
-10.8158 -10.7485 70
1.33497 -0.370272 70
-28.9867 -51.3599 70
-9.6988 1.2304 70
11.3435 -1.3189 70
31.2966 -8.98528 70
-1.03839 -0.819565 70
-9.29211 0.182641 70
-21.011 -1.27199 70
0.257795 -0.406874 70
1.02136 -1.1287 70
-10.9981 -29.7263 70
