8.83807 -0.831079 70
8.62496 9.3165 70
0.490837 -1.45188 70
1.34542 9.44106 70
-0.659206 0.500216 70
-31.4764 0.163876 70
9.8103 1.24299 70
-0.248516 69.5006 70
21.1441 -0.360399 70
0.547097 -1.49851 70
10.0789 -10.945 70
9.16324 -8.51504 70
9.19861 -1.0937 70
48.6592 -19.3142 70
51.4704 -19.2397 70
-59.7815 60.5244 70
0.91309 10.9306 70
-9.36436 -18.6329 70
71.3933 -0.033315 70
-9.49277 20.571 70
-9.64256 -1.00946 70
1.31853 -0.134672 70
0.563387 20.2434 70
-10.0806 11.0142 70
1.21546 9.85335 70
-1.35276 1.00206 70
0.75806 10.0162 70
1.32202 1.29498 70
0.00782108 10.6707 70
11.4847 -0.0337462 70
-0.152672 -1.32228 70
9.79974 20.5655 70
-0.0394908 0.253845 70
-1.25381 9.79971 70
38.7243 -11.1997 70
-10.1029 20.4062 70
-9.93271 21.0413 70
8.74833 1.10501 70
-0.178434 -1.10222 70
8.90491 9.4131 70
0.256128 0.162007 70
-10.9695 -30.1919 70
0.339249 9.14238 70
9.41306 10.8606 70
-0.38214 10.3818 70
-10.8275 -0.663082 70
20.8254 1.30905 70
-9.21685 -31.0624 70
-10.4075 -28.6562 70
0.831364 0.315315 70
0.980011 0.528194 70
9.22257 1.07921 70
9.00843 0.0676727 70
-0.634219 -1.1235 70
9.44503 -0.505524 70
-18.6913 20.146 70
8.99427 0.425822 70
0.913827 -0.811976 70
19.5236 28.6305 70
9.02799 9.82085 70
0.181948 -0.378819 70
9.07362 21.2248 70
-0.580387 0.060784 70
18.5911 -11.4401 70
-0.0488979 1.35805 70
0.443066 9.12439 70
0.456901 -1.43933 70
-0.888714 0.267009 70
0.29056 -0.864765 70
-1.26203 0.604889 70
0.630157 0.493434 70
-10.5731 0.602551 70
-19.9144 0.136508 70
10.4651 -0.0677611 70
10.3186 -11.0254 70
11.1534 -9.77377 70
-0.781912 0.306675 70
20.425 -20.5403 70
-8.72864 0.668184 70
-1.09455 -0.189268 70
19.2766 -9.95521 70
-19.1392 11.2334 70
0.647983 0.787925 70
-10.0309 8.66615 70
0.94458 -0.573384 70
0.262965 -20.1677 70
-0.238595 9.89989 70
-0.197978 -0.868713 70
-0.0947885 -1.02301 70
-0.711233 0.84145 70
-10.9497 -1.10122 70
-9.87163 -10.5906 70
10.3681 -1.1419 70
-10.5923 9.37004 70
-18.8587 -40.5192 70
-0.404295 0.0223297 70
10.1129 8.98976 70
1.08481 0.335742 70
10.6288 9.84601 70
-18.8368 10.7467 70
9.67415 11.2292 70
11.4414 20.5372 70
-51.3015 90.7514 70
18.6531 -1.1124 70
0.261341 -0.608887 70
-11.0331 -20.8965 70
28.9965 80.3085 70
-0.698665 0.61076 70
8.6259 20.8626 70
8.62853 30.261 70
-40.7603 -10.4977 70
1.0815 41.028 70
0.32545 10.215 70
-0.844211 10.81 70
-9.1615 11.3238 70
1.03472 -10.8937 70
-10.3023 0.0534924 70
9.79487 40.685 70
19.2177 11.0002 70
1.44108 -1.43738 70
-1.42271 -0.285206 70
11.1545 18.8534 70
-0.106474 41.2274 70
9.18914 9.54561 70
9.38588 0.0922704 70
19.2405 -9.33857 70
1.08138 1.45038 70
10.4251 -10.8795 70
-19.007 20.9657 70
8.73847 -9.69516 70
11.2855 9.81897 70
40.5586 28.9741 70
-1.34082 29.237 70
-0.41023 0.198247 70
-41.0549 -9.16058 70
-0.77106 -0.00109312 70
-0.518361 -0.490433 70
20.4895 21.055 70
-1.28649 11.4815 70
10.9203 71.2877 70
11.1845 -0.915252 70
0.987818 -1.24705 70
9.61596 1.30456 70
-51.4123 38.9975 70
10.391 0.25064 70
-20.2773 21.1058 70
-21.0598 29.4545 70
40.6078 39.9702 70
1.43002 -0.231616 70
0.0597292 -0.707181 70
1.1261 -1.25891 70
-0.69982 10.4972 70
-0.222358 8.75342 70
-0.345701 -0.424195 70
11.0604 0.290367 70
-21.0455 -9.13963 70
0.741714 0.294478 70
-0.0569999 9.41646 70
20.2488 11.0442 70
0.11197 0.484691 70
30.4789 -19.8568 70
-0.889096 -8.72645 70
8.54383 11.0744 70
-0.861615 -21.2133 70
-1.20786 0.949071 70
-10.9517 9.44277 70
-0.234347 1.47511 70
0.0823295 -1.41315 70
9.04262 11.041 70
10.0539 -1.10031 70
-9.4227 8.95136 70
-0.588537 10.5649 70
-0.289785 -0.088763 70
-0.839876 0.647265 70
0.93217 -1.49469 70
-0.297938 -1.33017 70
-9.16008 21.1927 70
-10.9756 10.8848 70
-0.680685 -1.18931 70
-39.2634 -39.6865 70
18.5543 11.0526 70
-40.9815 9.4813 70
0.24154 -11.1372 70
21.4148 -20.5484 70
10.416 29.262 70
1.49557 -30.9147 70
-0.89647 8.74938 70
20.5029 28.9093 70
9.71946 8.5 70.0017
-20.7343 60.4935 70
-0.0933421 20.542 70
-0.0685137 0.851898 70
1.3893 0.883359 70
-10.2577 -0.807958 70
1.10347 1.26526 70
-11.4656 -0.513277 70
-0.149568 -20.7636 70
-8.72482 -10.6335 70
0.408146 -1.38018 70
8.50529 -8.73784 70
-9.61243 0.916615 70
0.860822 0.358027 70
-88.9008 -59.735 70
-1.31755 0.583889 70
0.0285578 -0.900764 70
10.3006 19.6895 70
39.1212 -29.7869 70
-0.227659 0.788248 70
-0.279583 -11.0949 70
9.42999 0.622734 70
-29.5493 9.38454 70
0.487096 1.26603 70
20.3721 -0.913917 70
18.8434 -1.48627 70
0.147438 -29.8518 70
-10.916 -20.8716 70
10.4335 58.6541 70
30.2024 59.0334 70
11.2928 9.8824 70
19.9809 0.217293 70
31.1461 51.1334 70
0.290517 -9.36975 70
20.9488 10.7549 70
11.1002 -9.34928 70
-1.39327 0.83617 70
-0.405421 1.33609 70
-0.846095 -0.239565 70
30.5653 0.34844 70
8.6926 -20.8841 70
1.00761 0.139667 70
-10.2147 18.6233 70
18.7342 11.4737 70
8.93924 -0.0201251 70
9.59521 8.55228 70
0.215121 0.507078 70
-9.98461 -10.0213 70
10.8693 -11.3782 70
9.21249 10.1011 70
11.24 38.7646 70
-9.26863 18.9096 70
-0.450459 10.9303 70
31.1774 28.9145 70
1.45013 0.810433 70
50.5045 -1.12066 70
0.36655 9.79271 70
10.3442 9.85011 70
-0.828934 10.037 70
-8.69876 19.73 70
19.4812 -1.04065 70
-0.733205 0.726435 70
9.99843 11.2598 70
0.205775 0.460952 70
-11.4007 0.997129 70
-10.6703 -9.96927 70
-9.62477 1.33909 70
10.1073 -0.376774 70
-0.794492 9.92043 70
9.94909 40.6421 70
1.21453 -0.599727 70
-9.96992 10.6756 70
1.47398 -0.965032 70
-10.0055 -0.816591 70
9.29942 -38.9159 70
-29.5735 -40.864 70
1.14872 10.4622 70
31.0949 -8.6683 70
-0.0577214 9.75137 70
-1.14826 1.4681 70
19.8082 -30.9287 70
10.8385 0.53412 70
0.909856 9.50728 70
78.9034 41.0218 70
11.4813 -1.09425 70
49.4857 8.71092 70
1.40765 11.2766 70
19.2852 20.0959 70
-1.03857 9.2485 70
-0.187165 0.450568 70
-1.29567 -0.657699 70
-0.75567 -10.5501 70
-10.0524 -21.4946 70
10.0022 10.1979 70
9.50782 0.642456 70
41.1738 -0.62747 70
-0.868519 0.984714 70
-9.48606 10.4216 70
-10.6717 10.7256 70
10.2644 -8.64179 70
0.537496 -0.783203 70
0.45451 8.83451 70
-0.0644097 11.0708 70
19.7135 -0.369499 70
-8.57758 -21.4495 70
0.783891 1.37551 70
0.6942 -1.47139 70
1.38608 1.05349 70
-0.133452 -1.20775 70
-0.859145 8.82741 70
10.4426 1.37573 70
11.3917 1.18348 70
-48.9878 -41.1321 70
8.60429 0.25861 70
19.4722 30.6757 70
0.827296 10.4978 70
0.300252 -9.33971 70
-49.9739 30.8612 70
21.0168 -1.03989 70
-0.71748 -11.3287 70
1.21134 0.803063 70
0.221139 -0.295715 70
20.255 10.958 70
-1.49942 1.06775 70
-20.829 20.1243 70
19.2398 10.6376 70
19.1631 9.16384 70
-9.7942 1.44279 70
10.1918 1.01727 70
0.933641 -1.27695 70
19.8145 -20.4352 70
9.74608 8.66826 70
-1.05008 -0.861897 70
0.487713 -0.358256 70
-1.15051 1.33766 70
10.6129 18.8646 70
31.3147 28.8274 70
41.2438 19.5415 70
-28.7719 10.3889 70
-0.813894 18.9668 70
0.167121 20.845 70
1.29604 0.220568 70
-10.9248 -19.4683 70
-1.39602 19.7019 70
-1.03988 -9.0564 70
0.126787 10.7353 70
0.222867 0.0170354 70
-10.4471 0.675282 70
30.8305 -31.3501 70
8.94876 -40.7847 70
1.0969 11.0199 70
0.547427 1.44925 70
8.62886 10.9659 70
-0.38049 1.0903 70
-11.1844 20.0451 70
9.15002 28.7322 70
-0.285234 9.48557 70
-79.7766 -80.9391 70
-0.870502 -0.793822 70
0.443921 1.04681 70
9.18794 9.18076 70
-41.3342 -41.4786 70
51.4935 41.0081 70
1.2207 8.685 70
10.7755 9.26353 70
19.5652 -20.4393 70
-0.532991 -0.933626 70
-1.08013 -1.16775 70
-1.45099 10.5748 70
120.619 -21.0476 70
9.267 19.6171 70
79.2682 -110.77 70
0.122588 0.111898 70
1.34871 -0.932787 70
-0.675923 10.9804 70
20.1171 10.8361 70
10.3549 0.057088 70
-9.2777 -1.37586 70
10.2232 19.9259 70
1.06443 -1.20363 70
-0.371985 -50.1835 70
-29.2275 -31.4326 70
19.4382 -8.54605 70
9.3197 0.0538814 70
20.5894 -10.8015 70
10.1257 -1.28743 70
-9.27915 29.8538 70
-10.3847 31.2094 70
-30.9214 21.1065 70
-10.7709 -0.408109 70
-19.2864 9.64436 70
11.4 1.40127 70
-0.908991 -9.44746 70
0.961622 -0.73988 70
1.11642 -1.29767 70
-0.949959 0.324703 70
51.3837 9.8058 70
0.292918 11.1817 70
9.17586 -10.7057 70
-0.751601 -8.67413 70
-9.47999 -10.6548 70
-8.84877 -8.99353 70
-9.04203 -8.71428 70
10.2368 20.1753 70
8.90828 -59.7954 70
0.330253 -1.00268 70
-0.291529 1.31093 70
8.99043 9.59511 70
-8.67265 20.2522 70
0.462752 -0.45467 70
0.299455 8.99567 70
11.4993 0.374967 70
20.4097 10.2253 70
29.6099 19.8334 70
-8.63031 20.0194 70
-10.8291 19.6774 70
9.30393 8.67413 70
8.61509 -0.048475 70
0.598137 -1.11562 70
1.42438 21.4614 70
0.221491 -1.30463 70
0.0743205 19.7768 70
0.55193 0.0504713 70
9.63418 0.447209 70
1.05493 1.38413 70
-10.1507 -0.769402 70
10.6211 10.3811 70
10.1001 -1.22731 70
-11.4129 1.20309 70
11.4073 -0.868596 70
0.366954 -1.18537 70
11.0793 -11.2965 70
-9.74466 70.4346 70
10.8348 0.857474 70
1.17234 -0.561044 70
-0.259338 -8.86765 70
0.000208502 1.01314 70
-10.0387 9.91251 70
-8.90998 -19.6692 70
9.65418 -0.122382 70
-10.4679 -0.224012 70
-10.4505 30.7671 70
-1.35908 0.366129 70
1.11677 -0.666366 70
1.1865 9.15293 70
11.0631 -1.09661 70
40.6217 1.34731 70
10.9101 1.01106 70
0.512841 -19.2943 70
0.277106 -1.07763 70
-0.744294 0.645985 70
9.2983 10.2808 70
-0.332327 -0.392845 70
20.6204 -29.7477 70
11.0904 1.26553 70
-0.921023 -9.47898 70
8.76646 -0.141303 70
-0.368395 8.68608 70
0.621546 -0.108531 70
-10.4009 11.1918 70
1.30241 0.0875605 70
29.4835 9.63299 70
10.0758 -1.22136 70
-51.484 -50.9108 70
30.7631 18.9531 70
18.8309 0.519972 70
21.2185 -8.51152 70
10.0532 20.5635 70
0.289821 11.1918 70
0.727019 9.49542 70
-19.8159 -0.215975 70
-21.3358 -0.665654 70
10.739 30.7655 70
0.00226493 1.41255 70
-49.7238 -39.971 70
-0.496456 1.47051 70
1.04485 -1.26283 70
20.9557 -0.00907426 70
-10.9431 9.15397 70
0.00679214 -0.180899 70
49.1583 -9.48151 70
49.9989 -8.75882 70
-10.4939 -8.86355 70
0.803542 -19.7104 70
1.04623 9.4616 70
-11.0668 10.0573 70
20.9137 8.50347 70
11.1847 0.855191 70
8.8758 -0.663531 70
0.455802 10.2754 70
-31.1305 9.93237 70
-0.381889 0.441286 70
0.0532474 0.573156 70
0.303367 -0.181373 70
18.5185 -11.1152 70
-0.140429 40.7585 70
-29.2978 10.0867 70
-9.45166 -1.13449 70
0.888855 0.782603 70
0.766668 1.46645 70
-10.4735 -11.0772 70
0.249686 -1.1363 70
0.618773 -11.1517 70
-0.1631 10.3804 70
9.8501 -9.30364 70
10.5803 -10.4891 70
-1.27648 0.217037 70
-0.402389 11.278 70
29.7112 -39.6912 70
29.4817 -38.7977 70
1.113 9.16609 70
10.9918 1.18665 70
9.81208 11.0147 70
10.8612 0.901524 70
0.561165 -50.6481 70
-20.9235 1.12598 70
1.08402 0.613617 70
19.9537 -1.14117 70
0.852973 -0.867715 70
29.8671 -10.4226 70
18.9712 -40.9282 70
9.95967 -10.8908 70
19.1352 9.38838 70
-0.786047 10.4849 70
0.169724 1.17909 70
0.60535 20.6837 70
-1.38805 -31.368 70
-0.0158899 1.06165 70
-10.173 -8.67048 70
18.7473 29.1799 70
21.2434 28.6138 70
-1.37865 8.56305 70
-9.82822 0.550599 70
8.99344 0.341487 70
-0.0958168 -11.0234 70
21.4238 9.20964 70
0.0953217 40.8854 70
-0.90406 -9.7662 70
-69.4481 -39.1043 70
-1.12174 20.366 70
0.0552954 -1.4212 70
-29.7568 10.8345 70
1.24215 9.95193 70
10.844 -8.813 70
10.03 -9.23182 70
-1.2567 -9.22678 70
1.11512 -10.6271 70
10.204 11.2708 70
0.949433 10.449 70
10.4438 -0.587464 70
9.84159 -0.0576577 70
0.213274 11.4204 70
9.42527 9.36899 70
1.44996 0.165776 70
-0.144063 1.1676 70
28.5988 -41.1538 70
0.713403 18.5173 70
-60.5961 21.2324 70
0.251358 -10.1661 70
21.1912 0.477985 70
20.0328 0.212064 70
-29.4164 70.3613 70
0.451598 10.2361 70
19.9377 -0.307344 70
1.22064 10.5261 70
-0.225867 8.6879 70
10.4471 10.0486 70
9.50663 1.17467 70
-10.162 0.706916 70
-0.156631 10.0696 70
39.1351 49.4114 70
0.91871 -1.12326 70
1.40535 0.263063 70
1.26282 0.892164 70
0.722988 -0.877171 70
1.46089 -8.5678 70
38.843 41.4688 70
-1.49981 -10.1579 70
1.33495 9.86875 70
1.34381 10.7686 70
11.0821 -9.63601 70
-1.40924 31.4058 70
0.705559 -0.634472 70
-9.67366 10.7858 70
-0.0591106 18.7525 70
-1.11738 0.895309 70
40.9465 0.652632 70
8.66256 -10.7592 70
0.746512 -0.0928967 70
9.27782 -80.196 70
-10.8534 -20.004 70
121.246 51.078 70
50.7799 -11.0537 70
9.50703 10.9065 70
20.9108 -0.332484 70
10.9706 18.964 70
0.0881947 -0.936773 70
-1.19029 0.914999 70
-30.7912 0.0909761 70
-8.99586 -1.40756 70
-0.159382 9.90736 70
11.4673 0.743094 70
-0.530011 -0.23676 70
9.56332 11.0543 70
-10.3349 9.5825 70
-1.02973 0.452917 70
9.77696 1.08009 70
-0.532629 8.74996 70
9.8534 -0.151152 70
9.38 0.662776 70
-1.27626 10.3565 70
39.3748 -20.566 70
0.790547 -1.22873 70
-0.616734 0.748914 70
-0.570062 -1.45376 70
-0.593741 48.9324 70
9.4123 9.66234 70
-0.894721 9.88021 70
21.4677 11.266 70
11.0348 9.29732 70
0.534934 19.4393 70
-1.13183 9.91889 70
9.81701 0.682806 70
-0.969615 9.63946 70
-1.18958 0.665582 70
0.0413929 -0.397472 70
1.19049 1.21729 70
11.3387 -40.1407 70
-0.987314 9.80254 70
29.5805 -1.14246 70
18.965 -9.24437 70
1.48016 -1.14732 70
-0.553238 9.8924 70
-11.3679 9.77426 70
60.6411 21.3509 70
-9.1709 0.209043 70
10.3259 -8.92915 70
-19.6161 0.442777 70
49.9882 51.0222 70
10.6206 -1.20228 70
0.980847 -0.140027 70
40.219 18.7509 70
-1.49337 -1.07862 70
19.5903 11.001 70
-1.28387 8.76698 70
0.759533 9.63491 70
0.920841 -0.751005 70
-0.410887 8.82197 70
-29.0278 10.8947 70
9.15763 9.26581 70
10.4705 10.8984 70
0.0119834 -0.167221 70
-120.947 -10.1516 70
0.468007 -1.12798 70
0.428843 -1.30665 70
50.4612 -80.8201 70
9.58657 0.320313 70
9.60043 19.7673 70
0.19563 51.3877 70
-0.0285401 9.31584 70
-1.37845 11.4408 70
71.4957 -78.7174 70
10.9785 1.00178 70
10.985 20.4782 70
-10.8247 28.7991 70
9.26897 11.491 70
0.082434 -1.18411 70
-8.60674 1.03427 70
0.593398 0.185996 70
0.459487 0.736654 70
1.18684 18.5981 70
-1.21286 -8.91263 70
0.964317 -18.5464 70
-109.163 -60.6765 70
-0.16954 19.8481 70
19.1291 9.10109 70
19.1619 -19.2499 70
19.0657 80.1226 70
11.2094 9.93976 70
1.47696 0.177924 70
-0.0359895 11.3074 70
10.5236 20.0334 70
-0.0183308 -8.80472 70
9.402 9.01012 70
9.46623 9.7357 70
20.9256 30.8501 70
-20.8289 -20.7152 70
19.4513 -8.84302 70
10.793 -9.18928 70
0.56158 1.15954 70
10.5037 -10.3338 70
-11.0769 -1.36366 70
-0.453071 8.86719 70
-0.553548 21.1484 70
-0.464596 9.89055 70
28.5599 -9.79364 70
9.13832 -1.25073 70
-1.10189 9.14805 70
20.4744 0.482518 70
0.773314 -1.02275 70
-88.507 39.4707 70
9.72708 10.3008 70
-29.3353 20.8003 70
0.212829 0.867904 70
20.0275 -9.69929 70
-50.3917 -0.776441 70
11.1987 11.1771 70
-9.76403 8.70086 70
18.594 9.51407 70
9.79919 9.427 70
-1.42812 -0.179779 70
-0.10934 0.741883 70
11.1602 -20.2855 70
10.4863 1.08772 70
-19.043 10.8771 70
1.49731 0.90794 70
0.822066 0.496119 70
-30.8823 11.3289 70
-1.23913 -1.20074 70
0.584617 0.82449 70
-0.122436 -20.2867 70
9.72565 9.0229 70
30.5811 18.7804 70
-1.35371 1.32651 70
-1.26259 9.66168 70
