1.37136 1.02941 70
19.9676 -0.0291757 70
-8.74414 -9.65662 70
-0.752893 -1.41788 70
-0.418264 -1.25229 70
0.570498 -0.129436 70
-11.3013 -41.0829 70
0.311538 1.26448 70
-1.29808 -18.9513 70
0.159005 -0.58895 70
1.18993 0.87659 70
39.2854 -21.1175 70
8.52916 0.750015 70
0.561705 -10.1877 70
10.5843 -1.42286 70
0.716655 0.24881 70
-11.1695 -0.708313 70
18.7616 1.01277 70
0.401655 -0.187007 70
0.118168 -0.794205 70
19.6605 8.98577 70
0.654787 30.9474 70
0.13582 28.7889 70
-10.1817 -1.25639 70
0.744566 -11.0369 70
0.263536 1.37626 70
-1.37905 0.633763 70
9.13825 -11.1816 70
-0.691916 -10.1114 70
-0.649556 -11.3826 70
-29.6381 10.2039 70
-0.820701 -0.819071 70
0.266545 0.798601 70
10.4996 -10.5638 70
-10.3399 1.48157 70
8.61643 -0.522457 70
-8.91744 -0.356044 70
-1.21676 -38.8689 70
0.106406 -0.777234 70
10.1121 0.445946 70
-0.647091 1.44989 70
-1.32848 1.18084 70
0.778797 9.28631 70
21.1938 21.0882 70
-1.31163 -8.51654 70
0.472104 -1.21849 70
-0.106022 -8.60395 70
-21.293 21.3891 70
10.9322 -8.60151 70
11.0682 -9.61914 70
-0.335226 -10.2716 70
11.0589 -20.13 70
-0.331208 -30.4704 70
9.45679 -30.0346 70
11.017 -0.986204 70
-1.46385 1.09867 70
1.25059 1.27375 70
-0.814776 -21.3924 70
-0.260044 0.253348 70
1.17758 -0.943299 70
-0.327177 1.48975 70
0.323566 -0.725699 70
-0.788794 -1.23672 70
8.52262 -0.36617 70
-20.0911 -58.9076 70
-0.976121 0.856415 70
-9.85434 -1.2273 70
-0.216138 -1.00711 70
-39.8229 11.1271 70
-10.0691 -10.9563 70
-0.497079 -10.3402 70
-18.996 -8.74924 70
-9.89373 20.7733 70
11.2612 -0.845265 70
20.562 0.171256 70
-19.7772 0.993404 70
0.19771 -29.6599 70
39.3632 60.5748 70
-1.09536 -10.7956 70
1.35432 -0.0532538 70
-1.30958 -0.944254 70
-1.05029 -9.90577 70
-9.56966 -19.7342 70
-0.677796 10.8238 70
9.60115 -9.66119 70
-1.31696 0.202052 70
-1.28002 -0.314117 70
-0.689882 -9.5908 70
-1.16927 -10.5932 70
-0.390629 9.64356 70
-19.5419 30.7841 70
-71.3896 70.4479 70
0.524814 -9.96841 70
1.10988 -0.498963 70
-0.529957 0.617179 70
-0.7887 0.4315 70
11.0925 -8.74818 70
1.16984 -9.63703 70
1.04199 -11.4383 70
9.8765 28.7241 70
-29.7165 -50.8419 70
-10.3036 -0.0321988 70
9.9095 -29.3449 70
41.3347 -10.0934 70
-1.39226 0.84259 70
-18.8312 0.271748 70
0.282021 -19.2175 70
0.845851 0.805048 70
-19.4873 -60.1466 70
9.56081 -0.372752 70
-8.66898 -0.927198 70
9.1206 -19.5731 70
-0.600739 -9.47954 70
-1.23341 -9.06196 70
10.1327 -10.72 70
-0.909016 -1.48438 70
-9.42115 0.249335 70
8.97063 1.24478 70
-10.3265 -9.08251 70
0.72341 -0.934277 70
8.75889 -9.71317 70
10.428 -8.59455 70
-0.983129 0.419139 70
-11.2073 -9.18625 70
-19.5068 -20.5649 70
9.00965 19.4684 70
-0.743393 -0.363006 70
0.587658 -0.389731 70
9.83786 -0.803735 70
10.4103 18.7212 70
0.475478 -9.70627 70
1.1034 -0.0384017 70
1.27299 -0.751432 70
-11.1941 1.35389 70
8.6485 0.35799 70
-10.4123 1.33607 70
-0.972449 10.0316 70
-0.486968 -0.129223 70
-1.47068 -28.8028 70
-0.789138 -1.16291 70
0.715517 -11.1198 70
-0.11491 0.17955 70
-0.896441 9.20001 70
19.4871 -9.30649 70
10.0802 -11.0534 70
1.10051 0.313914 70
0.296075 -1.10352 70
1.20416 1.18938 70
-40.3931 -38.8614 70
1.05383 1.13923 70
-40.9313 -9.61168 70
-1.48929 1.37085 70
0.0730309 -8.74 70
8.70005 18.6411 70
-0.275455 -0.235257 70
9.30944 1.39838 70
-10.2244 20.6823 70
-11.4458 -9.30368 70
-0.628816 -10.5583 70
0.262479 -1.28652 70
-20.6672 1.18471 70
31.2394 -21.3416 70
-1.17851 -11.2858 70
-8.88117 0.8697 70
-10.1061 0.846946 70
0.163257 -1.37339 70
-0.990517 1.23941 70
-11.4464 -9.91574 70
-9.23596 -1.37199 70
11.0979 1.36602 70
10.8084 -10.1366 70
20.525 18.7913 70
0.6594 -1.3853 70
-10.6793 -9.83011 70
-0.995543 -0.719084 70
1.20626 -0.926774 70
-0.951494 -18.7676 70
0.985495 0.0601418 70
20.0051 1.38253 70
9.46588 -0.4825 70
-0.964156 0.826124 70
-1.4189 0.655335 70
-0.0877389 -0.0843202 70
-10.3147 -0.154694 70
-0.685036 -0.872982 70
-19.6335 -18.8802 70
0.376209 0.394289 70
8.68546 28.6003 70
-9.74195 -11.0837 70
-9.37667 -11.187 70
-0.301252 -10.895 70
-48.76 -50.7798 70
-0.403462 -0.575833 70
-0.70111 -0.264446 70
-0.357689 -0.336353 70
-31.4032 9.9 70
-1.26955 -11.0743 70
-0.520418 -0.952526 70
-1.08033 -0.626526 70
-9.20461 -19.3498 70
-10.0492 -9.7052 70
-51.0135 9.53866 70
9.77192 -9.83858 70
1.29534 -11.3845 70
1.11498 -1.0503 70
-10.3576 9.2141 70
-29.0118 10.5958 70
9.49766 -0.0621854 70
-0.0984246 0.307498 70
1.0429 -0.456509 70
0.463686 0.526811 70
-71.3921 31.1604 70
-9.64389 -10.9892 70
-10.9191 -10.8721 70
-1.40403 1.08947 70
10.3724 -19.2302 70
1.07318 -0.769962 70
0.266978 9.20934 70
38.7611 -39.4582 70
-11.4969 -19.0561 70
30.9979 0.965556 70
30.6816 1.24239 70
0.535008 1.35116 70
-0.651921 -1.2464 70
0.400814 -0.266954 70
9.5885 0.286863 70
9.37971 -0.852961 70
-10.4028 -11.0931 70
0.422185 0.127235 70
1.1698 -1.27991 70
11.4519 -11.19 70
11.2452 29.0166 70
-59.4379 31.2178 70
-0.589606 -0.924442 70
10.0232 -19.1725 70
-0.0216302 -0.101714 70
0.801196 0.0449238 70
0.0240741 8.76322 70
9.97176 -9.21639 70
-0.77647 0.612694 70
-1.10057 1.103 70
69.0834 39.2456 70
-0.914988 1.41828 70
0.49377 -0.294609 70
1.35288 -8.50593 70
-0.93564 0.477429 70
-0.704547 1.15457 70
-10.5233 -9.04828 70
0.23677 -1.29253 70
-0.197375 0.762665 70
10.2453 -60.5556 70
11.2248 -59.0051 70
-11.4235 -10.6222 70
10.8907 9.31384 70
-20.9613 0.650752 70
0.719102 50.0299 70
0.266717 0.112968 70
-80.4408 11.2183 70
9.47 1.36523 70
9.34434 9.71444 70
-1.48116 -9.0307 70
0.432871 -0.302224 70
0.640397 -9.5695 70
0.264886 0.679339 70
-1.01644 0.935166 70
0.698116 8.73951 70
9.3957 -10.4107 70
-8.98452 9.79755 70
11.436 0.956222 70
0.464694 -9.9544 70
10.3433 0.412108 70
9.88977 -0.000828858 70
9.49767 20.9297 70
-10.7734 -10.1391 70
-60.1324 81.4633 70
-9.8694 -50.346 70
-9.88583 -0.201032 70
-0.481056 1.0756 70
1.21886 -10.6624 70
-0.539075 -0.283295 70
0.713958 9.01502 70
-1.3959 0.0972041 70
-29.5554 1.05685 70
-71.4504 -89.8614 70
-29.4928 -30.415 70
1.33939 -0.497994 70
19.9493 -10.9362 70
70.9446 -10.8713 70
0.156779 -0.0927318 70
-0.966366 -11.4481 70
8.52819 0.0789819 70
-9.88573 0.39084 70
-11.2501 -0.511399 70
-0.551051 0.594504 70
10.3257 11.0082 70
-1.15842 -1.26008 70
1.16207 -0.700118 70
0.308042 1.48162 70
-20.1699 -20.223 70
-21.3377 -39.6022 70
0.739243 -9.38571 70
-10.5623 0.428077 70
0.553206 -1.3369 70
-0.414835 -0.43966 70
-20.8861 -39.307 70
-0.458638 -0.593197 70
10.76 -1.18998 70
20.0656 48.895 70
-1.4527 1.41915 70
0.905711 -1.27906 70
1.32824 -0.890854 70
-9.32744 -11.3954 70
0.068081 -0.270409 70
-10.8347 -19.243 70
1.4809 0.000281099 70
0.548821 1.32776 70
-0.279203 1.49041 70
1.10167 -0.23645 70
0.573972 -10.8725 70
0.276233 -20.9521 70
31.0595 -70.5928 70
0.12656 1.04456 70
-0.587015 1.45132 70
0.688283 -0.94874 70
11.2499 -9.0711 70
0.747381 21.0377 70
-8.73392 -9.2514 70
10.519 -0.272851 70
-8.92775 -19.3557 70
-10.6575 -9.27835 70
1.36859 -21.3998 70
0.773514 -0.141487 70
9.06961 -1.3947 70
-1.15884 1.25592 70
-0.346168 -19.9395 70
-11.3892 -0.368695 70
-0.685199 1.22477 70
-19.8981 -0.47062 70
8.78987 39.1307 70
-10.8145 -30.3225 70
11.3274 -9.60483 70
0.133392 -10.4102 70
-10.6862 1.378 70
-11.3608 -19.2231 70
-9.96346 -8.52637 70
1.41756 -1.34559 70
1.10934 -0.67062 70
0.839319 0.0512897 70
1.36288 10.9766 70
-0.415534 0.270353 70
0.722919 0.293818 70
-10.2068 -0.55354 70
-0.821135 -0.359554 70
-1.07019 -11.4058 70
-0.982531 -0.0457938 70
9.64412 -29.135 70
11.4115 29.0051 70
19.9102 -9.75932 70
9.50695 -0.748079 70
0.00919768 0.325174 70
11.4262 1.30663 70
-0.0486285 -9.3561 70
-19.093 -31.4206 70
-1.20757 48.6186 70
10.5481 1.04011 70
11.1215 -11.1616 70
-0.725879 -0.0958621 70
-0.759174 -1.38105 70
-18.7487 11.1297 70
19.6845 -1.17542 70
0.0658714 -9.80339 70
-8.60822 -10.7735 70
-1.22589 0.0275014 70
-1.1794 -0.209078 70
-9.51048 -0.410235 70
0.345873 1.46482 70
-18.5207 0.931773 70
11.418 -0.145053 70
0.0620874 0.0836472 70
11.35 -10.7064 70
1.47743 0.227563 70
-0.477502 -0.841113 70
0.394303 -8.75558 70
9.76332 0.461218 70
-0.0404395 -0.183627 70
0.086478 0.411878 70
39.1392 30.2117 70
-18.8601 -11.0819 70
8.69633 11.0952 70
10.5503 10.624 70
-0.846014 0.436588 70
-30.5149 19.229 70
9.49211 -9.73971 70
0.959188 0.86443 70
-1.3314 -9.79683 70
18.9751 0.225868 70
0.479148 -8.90892 70
-28.8398 -21.2242 70
-0.678886 1.32359 70
-0.18588 -1.01198 70
18.6013 0.512906 70
-48.5593 51.4091 70
-49.4618 49.1466 70
0.278365 -0.811685 70
0.0157216 0.116277 70
28.7333 9.16961 70
0.902311 -9.74641 70
1.37169 -1.45344 70
-0.435429 -9.90536 70
-40.08 -20.8453 70
0.381041 -18.8628 70
-1.06092 -10.4758 70
-11.3239 -39.078 70
-10.1164 -71.0102 70
9.27617 0.650941 70
1.3215 -1.34409 70
0.427665 -10.8002 70
-1.15084 1.20578 70
8.80587 -10.5454 70
-9.30595 -9.98682 70
0.400117 1.41324 70
-0.486653 1.35096 70
10.2078 1.35381 70
0.715488 -1.25417 70
-9.06723 -1.02041 70
-10.1192 -8.77938 70
-0.803125 8.84284 70
9.11479 -10.3706 70
-0.855716 1.37611 70
-9.93959 38.796 70
0.586578 -0.280394 70
8.50384 -18.5026 70
1.32624 9.7855 70
-0.190714 -10.4625 70
-9.57963 -11.3429 70
0.563189 1.02837 70
-1.25719 -10.6135 70
-11.4599 -9.89026 70
0.134636 -9.51848 70
-11.2233 -0.363637 70
-0.899384 -10.1024 70
-0.140627 -9.99914 70
-1.48975 -8.92431 70
-9.6419 -9.65272 70
0.685956 20.4391 70
20.9744 11.4688 70
-79.3911 -19.2794 70
-10.276 -0.0523869 70
11.2625 0.0714125 70
-18.7771 -39.7311 70
-0.280639 -1.4914 70
39.3772 9.60546 70
0.275934 -0.104564 70
8.96203 -0.444713 70
11.2977 -0.154067 70
11.3604 -10.5689 70
0.924007 0.611209 70
21.1591 -1.05309 70
10.5947 -0.460164 70
1.0006 -9.4249 70
-1.3432 0.635482 70
-0.910249 0.593817 70
0.677888 0.872233 70
1.19907 0.427398 70
-0.0192266 -1.44824 70
10.2041 -20.3946 70
10.1967 9.61846 70
0.631926 0.646573 70
-0.588954 -9.3321 70
0.867 -0.49151 70
-50.9733 1.2196 70
-0.618767 -0.500425 70
0.54828 0.352413 70
20.6632 -68.5057 70
0.810192 -21.4822 70
9.75893 -8.51852 70
-10.7295 -9.21688 70
-39.7918 -1.44689 70
-1.14665 -0.702928 70
1.22222 -11.3671 70
10.5835 0.144572 70
-1.4384 -1.02675 70
0.308224 -0.411478 70
-1.03983 0.821433 70
-9.7325 -30.8154 70
-10.8316 -28.935 70
-0.0402871 -9.23481 70
0.681801 -9.24008 70
-0.825794 -10.701 70
-0.929374 -11.0734 70
1.48582 -10.3509 70
0.0309665 -0.0940976 70
19.0338 21.3872 70
-0.0171881 1.22879 70
0.107568 9.3311 70
-1.30317 0.0183906 70
-1.46752 0.815344 70
-30.5201 9.65129 70
0.571902 0.272559 70
-9.57226 -11.4909 70
-21.2109 -29.9172 70
-0.325958 -0.684877 70
-1.36559 0.387577 70
20.1287 0.722987 70
-21.0343 18.9249 70
10.5063 9.60015 70
1.35091 0.151086 70
-0.972232 -10.6314 70
-0.274131 1.14427 70
-0.366463 -10.4868 70
8.95741 -0.386671 70
19.3607 -11.1948 70
-10.6686 -10.8285 70
-1.07956 -1.06123 70
100.096 68.7169 70
-9.78882 10.1023 70
-21.3492 10.9378 70
79.8717 30.1036 70
-11.3349 -0.00363578 70
-9.86608 -0.855057 70
0.299092 -10.3534 70
-1.27932 0.415745 70
29.8698 -8.758 70
-0.130989 -1.45947 70
-0.0332279 0.0129879 70
0.547258 -1.08299 70
-10.4698 -0.551286 70
-28.6573 -9.00225 70
1.49028 1.08397 70
0.559682 -0.276771 70
-9.32305 -20.338 70
0.631939 0.558163 70
0.532918 0.495736 70
31.4965 -18.9013 70
-0.889982 1.26359 70
-10.7359 0.955794 70
-0.500398 0.735601 70
-10.8087 -0.79695 70
-1.11827 -8.84521 70
0.674805 0.00445376 70
39.2058 -0.0367048 70
-1.13666 -9.04504 70
20.7064 19.4264 70
-0.323484 -10.0687 70
0.371294 19.0451 70
-1.03875 -9.30917 70
1.2062 -9.6503 70
0.326021 9.42153 70
1.01827 10.1147 70
20.4166 -0.443615 70
-1.20977 -18.5818 70
0.0472769 -0.989465 70
-1.12669 -1.24757 70
11.0372 -0.321306 70
8.56761 -1.15155 70
-0.441954 1.33538 70
-10.8564 -8.83796 70
1.25541 -8.50512 70
-1.21035 -10.696 70
18.6162 0.0403894 70
-0.962703 -9.00293 70
-0.810754 -9.91499 70
-9.6143 -29.6005 70
-1.0653 1.29023 70
1.29737 -20.757 70
-0.960368 -8.74806 70
-1.01701 0.88225 70
9.5663 9.83029 70
0.918982 1.17178 70
-0.498436 -29.0757 70
-19.2935 -18.7651 70
10.2793 -0.901958 70
9.11215 -1.2084 70
10.1818 -1.11161 70
1.09246 -0.738775 70
-20.2982 -10.5953 70
-0.46177 0.758402 70
0.79351 -1.21372 70
0.966674 1.38736 70
-0.564579 0.814416 70
-10.7951 -8.92528 70
0.886269 -0.0818838 70
0.788178 0.0394825 70
9.22218 -10.2464 70
-111.077 18.6683 70
-111.257 20.9418 70
-8.60813 40.685 70
0.0929696 8.51491 70
8.59298 -20.6999 70
-0.530757 9.20945 70
0.558691 -1.18289 70
-1.29748 1.31913 70
1.12616 0.577853 70
0.155839 -0.799227 70
10.8929 0.405805 70
-8.94923 -19.664 70
-0.552602 39.7844 70
-19.8011 9.83434 70
-0.645514 0.749983 70
0.122505 -10.6313 70
-30.4662 -10.5229 70
-0.627837 0.428997 70
1.18682 -11.4099 70
9.07157 -11.1246 70
10.6783 -19.7275 70
-0.199394 19.7327 70
-0.743252 -0.515867 70
0.87202 1.05566 70
10.5538 0.66222 70
-0.522735 31.1443 70
0.047649 -0.191313 70
0.597462 9.51799 70
10.8206 -10.9401 70
60.0248 -10.1082 70
19.1225 0.783469 70
1.45061 -1.0134 70
0.744443 -19.8037 70
19.5007 -21.1462 70
-1.03411 -0.457502 70
0.786908 11.4053 70
-0.272845 -10.2155 70
0.483676 10.9838 70
0.470304 1.3787 70
0.893018 0.0230524 70
20.0778 -20.9367 70
30.6213 -20.7648 70
0.0614618 -9.2712 70
0.848069 1.40876 70
-0.187302 -9.90255 70
8.78671 -11.1693 70
-19.9818 0.680414 70
0.412493 -1.47196 70
-11.0976 20.4654 70
-1.01279 1.17952 70
8.76052 60.9467 70
9.39152 -0.219975 70
-1.25738 -0.70589 70
-0.87312 0.506777 70
10.2488 -0.48925 70
-0.256801 1.25024 70
-19.7278 -0.824054 70
-11.3968 31.0792 70
-0.449742 -0.413728 70
-0.688649 -0.901859 70
-1.46566 -11.4838 70
0.0497323 -1.12403 70
-1.47755 0.0303138 70
0.721393 11.3622 70
-9.09042 -20.3309 70
1.42445 -0.940039 70
48.598 -18.8802 70
10.0404 10.4731 70
8.67474 -11.361 70
39.3079 -39.8207 70
10.2043 -29.9258 70
-1.27048 8.5074 70
19.7438 -29.358 70
9.25203 -20.9922 70
1.186 -9.23688 70
8.68737 10.4687 70
0.987888 9.49186 70
9.02792 1.23588 70
-8.62669 1.04251 70
0.67977 -0.653431 70
-41.0296 120.003 70
11.051 0.972197 70
9.57503 0.976814 70
20.0976 0.266275 70
0.281045 1.12932 70
-38.735 30.9787 70
1.32691 -10.5499 70
0.553689 1.36786 70
19.6223 -10.536 70
0.741294 0.288098 70
71.0969 -40.4308 70
9.3796 11.3407 70
59.0903 20.6701 70
10.6708 1.36738 70
0.531697 -10.3198 70
-1.09122 0.726344 70
-0.645483 -1.00245 70
1.40691 1.15212 70
-0.413504 0.762846 70
-0.785695 1.12994 70
0.154496 -1.34719 70
10.6834 -41.1976 70
-1.03141 -0.241767 70
0.467913 -0.325599 70
-0.399632 -8.53604 70
-31.0461 -9.33033 70
-20.515 -49.574 70
-8.55544 9.10749 70
0.675032 -0.367112 70
30.8134 -10.7297 70
0.150569 21.1327 70
-0.66921 20.4186 70
39.3919 29.3486 70
-50.6802 40.8411 70
-0.805463 1.2659 70
-0.14572 -0.533832 70
21.1824 -1.39882 70
-1.08568 0.154326 70
1.47802 0.108967 70
-0.647187 -0.592636 70
19.2363 -8.6258 70
-10.2278 -0.76855 70
0.202461 -21.1836 70
0.544556 1.03636 70
0.323598 0.797186 70
0.672814 9.90016 70
-0.550883 -0.502914 70
-1.28662 0.611106 70
0.0813282 -10.6606 70
-0.419262 1.39383 70
21.135 -10.6354 70
-0.570035 -0.376293 70
-10.7194 -18.703 70
0.767376 -9.23276 70
0.582147 -9.85922 70
11.3434 -19.1863 70
10.6972 -20.589 70
1.23541 0.797729 70
-1.10721 19.6045 70
0.837649 11.4942 70
9.86561 9.42789 70
-0.175648 -0.582201 70
1.06209 -9.08139 70
-1.03601 1.35978 70
30.723 -8.88705 70
50.1879 -20.9862 70
20.9454 -28.9213 70
-9.85896 1.27081 70
-41.4033 -40.2338 70
-0.602752 -0.915693 70
-0.254706 -9.56518 70
-9.97524 -9.56474 70
40.2929 -19.6692 70
-10.9306 -28.675 70
10.7621 21.2826 70
1.35804 -9.97429 70
8.69561 -0.941484 70
8.63675 1.38372 70
-0.881891 11.3601 70
-0.667718 -8.51955 70
-10.6247 -0.0910258 70
11.1616 -1.13828 70
-0.41235 -9.09579 70
1.1212 -10.9072 70
20.0692 -0.798836 70
-0.78311 -20.4889 70
-0.686077 -9.83002 70
9.12468 9.52933 70
11.3254 -0.760882 70
10.1797 -38.9225 70
-1.18248 -0.555734 70
0.86394 8.96008 70
0.622702 -11.4682 70
