40.8199 30.2132 70
-10.2757 18.9073 70
9.66316 9.32137 70
9.5988 9.91792 70
10.019 -0.638458 70
9.96202 1.10235 70
8.81419 -0.60219 70
9.67139 -0.175733 70
0.932629 10.8588 70
18.9518 -8.53442 70
-10.3174 -18.8857 70
-0.0558538 10.5471 70
8.95498 -1.13604 70
-8.70776 21.0635 70
-0.425936 9.01075 70
-1.36509 11.3799 70
11.202 0.994721 70
11.48 -1.08938 70
0.899123 1.38032 70
10.0373 -10.8768 70
21.1411 10.7363 70
9.37242 10.5608 70
78.6083 -19.9773 70
-1.49632 9.6271 70
0.168463 -0.16468 70
0.79134 -0.0919184 70
-8.70265 10.3732 70
-28.6928 -9.55693 70
-18.9231 19.1891 70
-9.47037 10.4043 70
0.147146 -0.0159811 70
11.142 -1.07398 70
-0.327357 0.551537 70
-0.386643 11.4074 70
0.723898 10.4247 70
19.48 -49.6265 70
30.6203 20.8371 70
9.24228 0.316164 70
0.317187 1.30504 70
-28.8457 -0.594268 70
29.4503 29.2925 70
9.33065 -1.30072 70
9.42182 0.359286 70
-1.08069 11.3964 70
0.316948 10.5756 70
19.3207 -0.655969 70
-11.0389 30.6629 70
-11.0828 1.26307 70
1.06159 10.7733 70
10.9175 1.43778 70
10.1408 10.2442 70
8.76837 9.60107 70
0.908289 -1.12127 70
-8.64897 8.75462 70
-78.9068 60.2136 70
10.2033 1.38429 70
19.4701 0.0708878 70
10.0939 8.60891 70
0.241076 0.217429 70
-11.2004 0.474885 70
101.124 -59.5387 70
8.78038 9.40304 70
9.06282 -0.842359 70
21.3858 28.5027 70
-9.20178 31.1372 70
9.12907 0.904286 70
-1.1413 -0.484327 70
-0.0752361 -0.648821 70
19.0728 19.1477 70
21.4951 20.6765 70
11.317 0.233371 70
10.8091 -0.361368 70
10.2109 -0.934432 70
19.7207 0.749135 70
11.1447 -0.61452 70
-1.27572 0.43938 70
20.3116 20.8507 70
10.4239 8.89694 70
-20.782 0.700441 70
-1.0361 8.73982 70
10.8347 -0.261881 70
10.6686 10.9427 70
-1.04943 19.2901 70
39.2445 -10.6855 70
11.3533 -10.5514 70
9.59228 -8.97217 70
-0.983715 10.4515 70
-0.546013 9.72229 70
-11.4631 30.3926 70
-19.6543 41.1557 70
18.5436 0.812393 70
40.414 -61.2712 70
1.44157 10.9083 70
0.434963 10.3595 70
-1.07386 9.25381 70
9.6994 0.523884 70
-0.374476 10.8461 70
-8.69386 -11.1712 70
-0.0106292 -8.58935 70
19.91 8.93451 70
1.00769 -1.20914 70
8.82907 -0.0294091 70
31.2435 -8.96748 70
11.1073 10.171 70
9.11406 9.38023 70
-0.776304 11.2875 70
10.9198 40.0882 70
-0.906714 1.09364 70
19.5387 -21.0615 70
-19.5758 9.81821 70
9.65542 10.7184 70
-0.30766 -10.0405 70
8.64679 8.74838 70
8.95977 18.8928 70
-1.00189 9.01692 70
1.18396 1.41025 70
-8.99503 10.9841 70
-1.35836 -11.4671 70
-1.35861 10.101 70
9.76536 -10.3987 70
10.201 8.56579 70
10.444 19.0987 70
39.6017 8.86984 70
40.0447 18.7163 70
8.90152 -0.11328 70
-29.4128 30.8426 70
9.99045 0.672122 70
8.65628 0.911223 70
-9.20121 10.6331 70
-1.2998 8.8897 70
-19.9695 48.7109 70
8.89818 10.0623 70
-0.539575 -0.86201 70
-9.76109 19.048 70
8.68542 10.4259 70
9.66474 19.7602 70
-10.594 20.6065 70
-9.89774 20.5391 70
-10.5332 20.4203 70
-8.7883 19.3319 70
-9.06414 19.629 70
18.8046 10.382 70
9.52529 10.7206 70
-0.86032 -21.3893 70
68.9304 -29.2444 70
8.5625 -0.235317 70
20.6182 30.1944 70
-0.2609 -0.46877 70
11.3681 0.957739 70
0.93143 9.44695 70
39.0664 -40.11 70
19.1492 -0.0920598 70
-0.0248402 -20.4943 70
10.1406 9.82608 70
20.823 1.47484 70
19.8654 -0.474349 70
21.3012 -0.341481 70
40.3748 -29.8628 70
-9.69948 0.54033 70
10.6332 1.3075 70
-0.0760517 0.305292 70
0.64217 10.2437 70
9.32857 -0.453897 70
49.4296 48.5904 70
49.1786 48.7653 70
-0.877793 -19.895 70
-0.0252679 1.20883 70
-9.01691 -9.23321 70
-19.2376 -9.80295 70
-0.762746 18.8021 70
-0.617588 -1.03388 70
-0.15734 9.37282 70
-9.77232 19.8964 70
11.4329 30.1615 70
19.7038 -100.483 70
-0.135278 8.94232 70
9.1761 -10.9199 70
41.1284 40.9031 70
1.44822 -11.2128 70
-1.193 0.311151 70
9.26006 30.5342 70
1.08331 31.1446 70
-11.2591 10.5444 70
0.657557 -1.0713 70
19.5633 8.50751 70
-0.333503 9.3692 70
0.353987 11.2828 70
8.98818 40.3023 70
10.7165 11.3982 70
8.7205 -39.0221 70
1.20112 9.89154 70
-10.1346 -1.27701 70
10.5346 11.2258 70
0.218822 -1.45345 70
0.106693 -0.939244 70
11.4902 8.82279 70
20.6431 8.88061 70
0.575975 20.7877 70
-28.5307 10.6586 70
0.415839 9.79157 70
-1.43076 0.167285 70
38.6886 -10.8014 70
-0.217104 0.319172 70
1.20063 0.612717 70
11.1592 -69.7115 70
-0.833402 -1.23364 70
-21.4983 -9.52147 70
-11.0683 9.06817 70
1.26386 18.6097 70
9.55401 -0.377774 70
-8.53071 -0.860893 70
-0.353764 9.91788 70
0.757551 -0.29057 70
28.9416 -20.664 70
-0.973127 -9.8242 70
0.455443 -11.4271 70
-1.28393 20.6755 70
-1.24198 0.893757 70
-18.6884 0.322245 70
10.8498 0.529438 70
9.51983 18.9942 70
11.4252 1.06737 70
9.91302 10.6264 70
8.78237 9.75676 70
9.84112 0.717147 70
1.24113 19.7787 70
11.2006 1.40971 70
19.1837 -9.77049 70
0.00592206 9.85893 70
31.2765 10.6535 70
29.3053 28.8147 70
-0.0641848 9.43136 70
10.6689 -0.843516 70
10.9818 -0.411728 70
1.43728 9.61115 70
1.35698 -10.9316 70
8.61782 8.83181 70
0.653411 10.9926 70
-1.35557 10.0677 70
0.711418 8.82699 70
0.482999 -11.0029 70
31.454 9.04032 70
-0.730624 20.7825 70
29.4638 40.9982 70
0.610539 10.1124 70
1.11974 1.43041 70
-9.84674 -11.4683 70
0.836272 -1.09696 70
-11.1894 -9.10461 70
1.44339 10.5314 70
49.3103 -31.0767 70
0.769439 -0.672409 70
-10.2498 8.93738 70
9.66716 8.99169 70
18.5368 -19.7341 70
-1.46573 0.0932958 70
20.2931 -11.1313 70
10.2496 39.3073 70
0.635469 -18.7327 70
0.0598296 -11.126 70
11.4154 0.603864 70
31.3474 -19.1236 70
11.0229 -1.37828 70
29.7768 20.1319 70
10.7141 11.3275 70
9.86302 10.3185 70
20.6677 1.41527 70
10.2767 0.863391 70
11.2113 -1.04295 70
0.741962 0.582023 70
9.46103 0.998198 70
28.5948 -19.6724 70
10.2343 -1.15317 70
-1.00989 -1.0352 70
0.175113 -0.55349 70
1.05356 10.773 70
28.9118 40.1162 70
19.9967 8.58535 70
-1.25372 -1.2659 70
9.70573 9.64746 70
-0.927047 -11.3491 70
9.37146 -9.76136 70
-10.4633 -10.3216 70
8.68263 -0.935391 70
0.634493 1.4981 70
0.000779247 19.6157 70
1.21314 0.299856 70
10.314 10.4488 70
1.2235 9.00737 70
8.65932 30.1493 70
-1.04058 0.740294 70
-0.677048 -1.08795 70
0.941672 10.713 70
1.30511 -0.238376 70
-1.22044 10.91 70
9.2254 11.2556 70
8.91229 -8.65781 70
8.50571 0.82734 70
-41.1419 -39.4464 70
8.63347 -11.0008 70
8.79064 -1.34345 70
9.87638 0.76968 70
-0.935796 9.40402 70
0.441241 0.574423 70
-0.704731 -0.871685 70
11.0892 10.0531 70
10.5776 9.11211 70
9.17909 9.92518 70
-1.105 -0.508935 70
-30.2262 -0.776637 70
0.76227 0.624113 70
10.8182 -11.329 70
10.1823 9.62577 70
-50.1984 -18.7655 70
0.0310609 0.408822 70
0.918192 0.242255 70
21.3645 18.6565 70
10.7351 1.16707 70
-8.98108 9.1646 70
10.7028 -48.7624 70
-1.47767 10.0542 70
38.6455 -11.0161 70
20.1651 40.4202 70
-0.909863 -0.19945 70
-1.08345 -1.09242 70
-1.43903 0.599824 70
9.45968 -0.209081 70
10.6704 29.859 70
0.455714 -0.803044 70
-0.876281 0.789404 70
40.1357 89.7617 70
-1.12952 0.565296 70
9.34807 8.89417 70
20.9275 -0.0956304 70
18.8816 0.688331 70
-8.91515 20.3773 70
9.43284 10.8952 70
-0.0916285 9.7751 70
-10.7074 0.448853 70
21.2645 -8.83073 70
38.6634 -1.45145 70
0.224961 21.2755 70
-18.9784 0.513847 70
10.5935 -0.693679 70
-0.0120908 9.51577 70
-21.4432 -0.83006 70
-20.2306 29.8775 70
-0.537 1.46178 70
0.526897 1.10277 70
1.2303 0.722265 70
-18.7059 19.1014 70
11.2399 9.80931 70
10.2657 -0.597479 70
-0.0351504 1.14349 70
-0.684841 -0.192455 70
10.3592 -0.978831 70
11.4069 -0.999005 70
-8.94411 1.15059 70
9.51767 -19.7271 70
1.1184 -0.755255 70
11.1298 -0.465893 70
-11.2847 -11.2881 70
-0.50554 0.407576 70
-0.820002 10.1534 70
19.0478 38.8943 70
0.882693 -1.46443 70
9.30562 -10.3335 70
0.690792 10.6046 70
18.8241 -0.227522 70
1.06226 21.2305 70
-9.14534 0.339149 70
-0.0951438 9.49266 70
-0.759287 9.2615 70
-0.541494 0.134609 70
11.0446 9.80985 70
-0.192755 -0.105844 70
8.87651 -9.72261 70
0.202487 8.79096 70
-90.5957 49.8661 70
-1.01021 0.407477 70
10.0669 21.0999 70
11.356 20.0068 70
8.75522 -0.943111 70
-39.673 40.8256 70
11.274 1.47824 70
-1.15409 1.02803 70
-0.970666 -28.6658 70
10.8974 0.153551 70
11.017 -1.18546 70
20.3732 -0.129331 70
9.0662 10.2492 70
-10.376 0.525554 70
8.75933 9.27552 70
20.3486 8.88423 70
10.1184 -10.9874 70
9.622 -10.1372 70
-29.4215 9.42452 70
-8.65789 -60.1935 70
1.30836 11.2489 70
8.54075 9.47254 70
9.26731 0.148359 70
-0.963891 9.56417 70
-0.773606 9.84966 70
-10.7873 10.3482 70
0.912648 11.3484 70
-0.443573 10.0562 70
0.591734 -1.19385 70
-0.0146376 0.178412 70
0.00966798 0.950935 70
8.59129 0.589265 70
10.949 1.4197 70
-1.42431 -1.12617 70
9.49215 0.412547 70
-0.251234 11.1913 70
18.5674 0.783037 70
1.19649 18.7952 70
29.8944 -11.4767 70
20.5129 -9.66795 70
-9.30829 -1.32102 70
-0.445105 -0.711505 70
-0.738095 8.7974 70
29.8238 -9.93113 70
10.435 1.17412 70
1.01894 0.864303 70
10.3045 10.1608 70
-1.14581 -1.2412 70
20.5707 -9.48501 70
-70.7061 50.0096 70
-69.8244 50.7021 70
8.56294 0.93289 70
-20.0671 19.4166 70
8.61735 -10.6732 70
0.617617 -0.523332 70
-59.2808 11.4725 70
20.388 21.0449 70
11.3593 -1.02464 70
-1.41467 8.58663 70
1.26402 1.18982 70
0.289748 0.774993 70
-10.0839 11.0679 70
0.520624 0.503659 70
0.874359 11.1299 70
-1.29254 8.50886 70
8.93669 91.487 70
50.1308 20.5834 70
-9.95983 59.1683 70
1.07066 10.6012 70
0.91868 10.3887 70
19.97 -19.5096 70
-1.30628 20.3226 70
-0.874635 9.00504 70
-0.846211 0.825457 70
-9.96759 -11.2048 70
9.58757 9.82619 70
10.7473 8.60193 70
-10.0645 9.15643 70
20.0905 11.4634 70
10.4971 11.4048 70
-8.88448 0.453413 70
-11.016 20.3476 70
-8.75836 8.75344 70
1.23985 11.2338 70
-0.909505 -1.02923 70
0.585436 10.7781 70
9.31479 1.10837 70
-11.3784 19.4321 70
-0.73239 11.2216 70
-9.03845 -9.82726 70
38.6175 -40.9998 70
8.56013 8.80287 70
-0.598182 10.283 70
1.23455 11.0184 70
11.0361 9.9358 70
-30.3222 -40.1363 70
1.01688 20.6118 70
1.28273 -11.0601 70
-9.24147 9.89746 70
20.2913 11.1257 70
-20.8743 9.44468 70
-0.868588 10.9358 70
11.4081 0.472092 70
-1.43454 -9.41999 70
10.5542 -0.985372 70
-0.112411 8.8804 70
0.420843 -1.37629 70
1.18014 -18.6492 70
11.3313 9.18978 70
18.6681 1.41381 70
-1.32968 -0.320804 70
-1.49634 -1.43521 70
9.62313 8.53457 70
-1.39953 -0.568093 70
41.3002 0.484907 70
10.7378 1.49078 70
10.051 -1.29512 70
9.61179 8.5507 70
20.5016 11.2088 70
-19.9827 31.0048 70
0.513667 0.305982 70
20.3663 28.6849 70
-8.7225 -9.70131 70
-1.23448 0.33359 70
30.9088 -0.315686 70
-38.9214 -61.1814 70
10.299 -0.993769 70
0.294163 0.733586 70
-0.819031 11.3557 70
0.783038 20.9565 70
31.387 10.0557 70
8.53947 30.7231 70
-40.3764 18.7138 70
-99.5006 51.005 70
9.76492 -19.8269 70
-0.433673 0.550339 70
0.380168 10.5163 70
-0.348083 10.2766 70
11.4328 -1.14875 70
39.4259 30.7713 70
0.0836325 9.06172 70
1.00504 -1.01314 70
8.65959 -1.39288 70
9.86169 1.27138 70
-0.357025 18.747 70
0.98459 -0.914308 70
8.80621 20.0836 70
8.83739 -8.72144 70
0.126882 0.756669 70
0.258824 0.988976 70
9.60295 -0.70518 70
8.50426 -0.570045 70
19.7909 -19.6445 70
10.0787 11.0409 70
10.34 9.82619 70
1.19833 8.64172 70
9.39993 9.42849 70
1.12817 31.184 70
21.049 20.6198 70
49.0545 20.1845 70
0.0541186 0.106374 70
0.985943 -0.0481475 70
10.2998 10.9802 70
10.0465 0.163951 70
-18.5855 10.6396 70
0.0718109 9.34907 70
-0.182387 -1.22078 70
-0.821957 18.9796 70
20.8868 -20.2593 70
9.22084 0.0818029 70
1.03325 1.27081 70
10.4817 19.8167 70
39.8716 10.9108 70
9.37556 0.386124 70
9.76089 1.36654 70
-0.367002 8.5316 70
0.464033 10.2444 70
10.637 20.241 70
-1.49205 10.4699 70
1.49781 9.31303 70
-0.907753 0.200017 70
1.14726 -11.3076 70
-0.216675 0.311449 70
-0.457692 -1.17537 70
-8.75306 -1.29106 70
11.4164 1.32693 70
9.04922 40.5007 70
18.6474 0.117324 70
18.9429 61.3909 70
10.2822 11.2609 70
0.901462 0.591436 70
11.2663 -1.00521 70
-0.794883 11.1303 70
11.2151 31.3716 70
0.677424 0.204126 70
9.7557 0.208219 70
8.56731 1.23438 70
21.0058 19.4138 70
-20.8319 -19.6977 70
31.3001 18.8738 70
-30.5063 -1.04839 70
10.3566 19.7269 70
-20.7971 31.2836 70
-0.885121 -0.540227 70
-0.453443 0.328142 70
-8.51936 11.3916 70
0.966436 9.60977 70
-10.8617 -8.93414 70
0.0279134 10.1051 70
18.7575 -1.34294 70
-19.221 10.638 70
11.108 -0.579301 70
-1.31161 -10.387 70
1.3026 -10.5162 70
-8.93138 -21.4653 70
9.37364 0.848098 70
9.51945 8.97183 70
10.7505 0.859129 70
9.22154 0.918821 70
0.297461 0.133945 70
10.7575 10.6052 70
20.7803 19.5156 70
1.49278 1.48245 70
-0.246033 10.3038 70
-0.314288 9.19219 70
0.0379121 8.66903 70
9.90137 -0.060169 70
-11.217 -60.5412 70
19.8543 30.2822 70
19.6568 0.901502 70
-18.6568 9.20858 70
-10.0551 -0.321255 70
-1.12574 10.0849 70
8.77586 1.07478 70
0.84044 -0.0738951 70
-8.71777 20.1868 70
-1.41234 0.353309 70
71.1016 -51.3374 70
19.0176 -0.485261 70
19.6032 -1.01826 70
11.1013 20.3843 70
11.0142 -0.381539 70
20.9922 18.6172 70
9.11794 20.1954 70
10.2863 0.317006 70
0.959502 0.0442902 70
20.6307 10.8539 70
20.454 9.40233 70
-0.401894 9.15562 70
20.3912 9.49837 70
0.425077 10.6293 70
-0.703438 -19.2519 70
10.1876 8.70811 70
1.23132 11.1704 70
1.11765 10.7819 70
-9.48069 -9.00049 70
-10.7299 11.2809 70
1.09971 9.54413 70
-11.0008 9.45312 70
1.02042 1.49189 70
-1.31331 10.9771 70
9.20548 -8.55961 70
8.89809 -9.79077 70
9.55834 9.87152 70
-0.814384 -0.125435 70
0.101531 0.992464 70
21.1489 9.74976 70
-1.34663 10.0828 70
9.01309 -29.5473 70
10.1371 9.03021 70
9.34646 -0.182881 70
