0.930534 -20.4942 70
-29.9164 -21.4701 70
-10.2279 -9.89704 70
10.2553 -18.8782 70
-1.26943 0.203467 70
-10.3918 -1.42952 70
-1.24402 0.876716 70
-39.4281 -21.2703 70
-40.7159 -19.1537 70
-18.5721 10.8014 70
-120.47 -70.0215 70
9.29829 10.3947 70
0.83281 -11.4301 70
-9.79362 -40.4455 70
-0.398459 -10.3811 70
-0.490269 -10.1857 70
10.8045 -1.35644 70
-18.9737 9.65626 70
-1.02853 1.39045 70
-11.2878 10.1783 70
-9.43447 -20.8018 70
9.12266 -18.5971 70
-0.671547 -0.458288 70
-0.899236 -1.08955 70
9.27483 -0.47472 70
40.0255 -60.3294 70
0.968713 -9.68354 70
1.04732 10.307 70
-1.0646 1.34149 70
-11.2981 0.179675 70
-9.39772 0.767804 70
1.1162 -0.617758 70
0.0880515 -1.04801 70
9.99903 0.200396 70
-20.2922 -1.35078 70
0.350931 21.084 70
1.15529 0.360016 70
-9.36758 -9.47037 70
-8.57834 -0.250403 70
-0.262461 0.959715 70
-1.41237 -0.2759 70
19.0152 18.6395 70
19.4005 20.2122 70
-28.7661 -9.33614 70
0.027814 -9.59433 70
-10.137 -10.5979 70
-8.78405 0.168598 70
-10.5036 1.09439 70
40.0013 -40.1116 70
0.785319 1.00528 70
8.89899 -9.04465 70
-9.18599 -20.3975 70
20.883 -1.33181 70
0.757053 -1.11524 70
-9.45368 0.457416 70
-1.39587 -0.586476 70
-30.9392 0.0718842 70
0.706885 -0.622507 70
-1.11914 -10.8116 70
0.206291 -0.026447 70
-19.3926 1.36335 70
10.0441 -40.4845 70
18.5456 -60.4266 70
0.775666 -0.0455439 70
-8.92036 10.7916 70
10.3113 -0.054667 70
28.9075 0.287817 70
1.11299 -0.311975 70
-1.47167 1.19996 70
-8.81384 11.0968 70
-0.634591 -0.249983 70
19.1771 -1.14077 70
0.40782 0.386228 70
0.0599709 -0.519807 70
0.745738 1.48212 70
-10.3086 -9.65855 70
-38.8564 20.8386 70
-18.7565 8.56299 70
-1.35424 0.994571 70
8.89187 -0.19711 70
11.1389 -18.5547 70
9.78139 -19.3132 70
-21.1341 -20.6513 70
-1.34321 -9.73729 70
-11.2997 10.8365 70
0.656844 9.28269 70
-0.667878 -1.05804 70
-1.24827 0.967508 70
-11.354 10.8372 70
-0.463011 0.972135 70
-0.391852 0.00716408 70
1.27341 -10.2896 70
18.9042 -0.0732201 70
0.303635 -11.177 70
-0.682616 -8.96836 70
0.392826 -11.2859 70
0.329519 0.056454 70
-9.6099 -11.4982 70
0.0971519 8.8762 70
-0.687787 -9.82865 70
-1.34831 -31.4071 70
-10.9619 10.057 70
-70.9619 9.1554 70
-0.56921 -0.135088 70
-10.0049 0.584214 70
-8.97349 -0.674066 70
-9.1237 11.0564 70
1.20709 -0.670221 70
-11.2022 1.04802 70
-9.03935 -0.271272 70
40.1129 -48.9534 70
-20.3813 50.7892 70
-1.46711 -10.9788 70
18.9316 50.6663 70
-9.88141 1.20988 70
-8.6145 -0.349829 70
-1.46884 0.726297 70
-10.2502 -8.68263 70
-0.83084 -0.545045 70
29.4817 19.1877 70
-8.69234 0.676 70
-10.1044 11.3826 70
-1.14053 -0.605283 70
-28.8802 -1.13416 70
-18.9906 10.1649 70
-1.46756 -0.421883 70
-0.422347 9.08097 70
9.6418 -1.20037 70
-1.47022 -0.566168 70
-20.9009 -9.15786 70
-19.2214 1.43335 70
-19.0904 -11.449 70
-30.9901 1.42331 70
-8.86471 -11.3918 70
-9.40277 -49.8288 70
-19.4589 21.1154 70
-0.576654 -0.289835 70
-9.23209 -10.233 70
-0.663201 -1.15564 70
-9.88318 11.1211 70
-1.17485 -1.32975 70
-9.55542 -0.637154 70
-8.51207 -28.6041 70
0.859503 -8.94274 70
-0.00829843 -20.1383 70
-0.500568 0.042247 70
0.13871 1.3369 70
0.728555 1.01657 70
1.21652 -0.631977 70
0.774297 -21.1015 70
-18.904 9.56397 70
0.70381 8.88728 70
-51.4405 79.3014 70
-1.39176 -10.7116 70
-0.400058 -0.971606 70
-0.505356 -0.0885912 70
1.31205 0.71371 70
-1.3333 0.714977 70
0.661845 -9.48132 70
10.1369 -0.860437 70
-9.8154 1.36284 70
-8.62417 -20.6803 70
18.9608 -1.38362 70
-0.207691 0.809515 70
10.9355 10.0172 70
1.08925 0.49715 70
-21.3568 -9.75418 70
-9.11216 0.690108 70
1.31382 11.094 70
-40.0715 -0.865813 70
1.42474 11.2055 70
-19.0072 -0.0872014 70
-8.7601 0.634557 70
-0.484733 -8.53527 70
19.1187 9.12979 70
-11.403 -30.603 70
0.912943 11.3561 70
-10.666 20.3184 70
10.2361 -10.9448 70
-0.218226 1.48336 70
-1.44668 -9.66306 70
20.8152 0.772425 70
0.358887 -9.7051 70
-0.0943924 -9.5013 70
1.47222 -9.22201 70
0.289628 -10.7857 70
29.6901 20.7619 70
-19.622 -9.30331 70
-0.65452 0.02268 70
0.538719 0.68016 70
-10.0218 0.679223 70
1.1208 -0.0776311 70
-0.670031 9.07856 70
-10.8978 29.076 70
10.9443 -31.1146 70
0.219809 1.47844 70
1.0301 -1.42038 70
10.1325 -20.9431 70
9.33905 0.296077 70
-11.1387 -60.2266 70
-9.48695 -29.7692 70
0.662886 1.0295 70
-0.154516 9.93497 70
-1.04357 -0.191067 70
1.20885 -9.90325 70
-1.31689 0.245398 70
-9.47049 -0.0625385 70
-11.2859 -1.20035 70
0.420167 -0.149658 70
-0.191365 -8.70619 70
-9.27052 20.8992 70
-0.4135 0.662683 70
1.32591 -1.34321 70
-0.175911 -10.4101 70
0.17969 -0.864958 70
1.00838 -9.44877 70
-69.5133 -60.1404 70
1.49858 -9.13246 70
-0.894569 0.431116 70
0.413638 1.2537 70
0.403744 -8.97346 70
-10.2572 -19.7243 70
0.2704 -0.164314 70
-18.6919 -20.5485 70
-100.665 40.6711 70
0.342607 0.662108 70
0.904122 -11.4981 70
10.7238 10.3582 70
-10.7737 -9.3342 70
-1.45259 -10.334 70
-0.283935 -9.45277 70
-11.1071 -1.29182 70
-9.27717 1.20362 70
-51.1727 11.0725 70
-1.00745 0.980499 70
-10.4427 -0.931062 70
-10.7735 -8.82622 70
-11.084 20.0059 70
-0.942607 -9.26867 70
-9.61824 0.130887 70
-0.518428 -0.0457063 70
0.799473 -10.8617 70
0.957648 -20.7535 70
-20.87 -9.4372 70
-0.526049 0.879365 70
-9.00787 -10.6442 70
0.300418 -0.852344 70
-9.0165 1.1828 70
9.24755 9.43053 70
8.98252 -31.0269 70
0.0896588 -8.72427 70
-1.30514 -0.199339 70
59.747 -19.6225 70
1.43205 -11.4387 70
-31.1792 -10.41 70
0.890246 9.56303 70
-19.7348 -21.4622 70
-19.784 -28.7021 70
-20.0129 -30.391 70
-18.6847 0.724008 70
-10.426 -9.81169 70
-11.3154 -10.9209 70
-21.2918 0.754999 70
-9.17476 59.9354 70
-10.1423 -8.93871 70
-1.16794 -20.762 70
-1.18189 0.926896 70
-60.7762 -110.643 70
-9.93853 -1.06377 70
0.734973 -0.716197 70
-39.6306 -18.657 70
10.8489 -19.7995 70
-21.45 0.19907 70
1.42249 -0.895782 70
8.68345 -1.17638 70
0.933777 1.23222 70
10.7337 -40.9744 70
0.633408 0.257836 70
-0.134255 -1.49075 70
-0.554067 -10.8974 70
0.667382 0.391036 70
1.40731 0.994561 70
-1.40202 -9.52847 70
-10.4597 8.99753 70
-9.40547 -0.209388 70
-10.4747 8.68972 70
-1.36916 -9.11752 70
1.25618 -11.2954 70
-1.42999 -11.1887 70
0.657421 1.384 70
0.276064 -1.21381 70
1.271 -0.363707 70
-0.0440162 -0.312014 70
-0.892887 -0.379382 70
-19.8778 1.1191 70
0.781941 -1.19086 70
-11.1305 -1.19474 70
0.488581 -10.9113 70
1.05471 -0.63948 70
-9.05924 -9.1449 70
-9.46452 -9.33785 70
-1.03334 0.320813 70
-1.3782 9.06829 70
10.363 0.310737 70
-9.5636 0.529572 70
0.472067 1.01696 70
0.0524616 -0.533727 70
0.349094 -11.0112 70
10.6976 -51.3226 70
-0.168585 -8.81914 70
-10.305 -0.957243 70
-10.1036 -10.2598 70
10.4174 -20.2252 70
-0.717058 -0.410517 70
-0.267326 -10.3713 70
9.71468 -0.424243 70
1.3413 -9.64506 70
1.32855 0.13812 70
-0.631523 -10.0373 70
0.702585 0.879374 70
10.5746 0.0645607 70
-19.4599 -0.31707 70
-8.83535 -0.903882 70
9.98057 -0.796416 70
11.0476 0.456168 70
-1.01857 1.49993 70
9.68442 19.162 70
-9.49756 9.57647 70
-50.0749 38.8665 70
0.429436 1.47326 70
11.2852 0.845281 70
-1.01536 -0.675118 70
1.22567 -10.421 70
-9.68495 0.848595 70
-1.36115 -11.4454 70
-18.7309 21.2503 70
-1.07572 -10.0218 70
-11.4428 0.773931 70
-0.455699 -0.144085 70
40.662 28.6121 70
-0.309104 8.80328 70
0.0253794 11.3714 70
1.10049 -0.757568 70
0.893491 -10.2581 70
9.47831 19.4528 70
70.4391 21.1055 70
-20.9064 -10.4741 70
-0.231866 -0.916261 70
-10.2313 -9.89768 70
-0.617052 9.06813 70
0.397621 0.75366 70
0.485337 -0.371277 70
-10.6377 -0.787594 70
-8.81445 -9.28881 70
-10.8979 -0.612295 70
11.2792 20.2085 70
-1.29287 0.976057 70
-19.0163 19.8468 70
-11.2397 -19.8936 70
-0.170655 18.658 70
1.06435 20.9911 70
0.645673 -0.0481128 70
-8.65461 0.567369 70
0.171007 -10.9424 70
0.9042 -19.4851 70
-1.20934 0.88462 70
-8.86664 -9.22784 70
-0.546038 1.41731 70
-0.906973 -10.2394 70
0.451729 0.212387 70
0.166199 10.9502 70
-10.117 30.6881 70
-1.39825 -8.60761 70
-21.0377 -10.265 70
-1.36205 0.0351374 70
-31.4491 -21.1486 70
-1.35374 1.00551 70
-9.37157 1.07888 70
19.345 -20.8912 70
-0.153417 1.40793 70
-10.5585 -10.1531 70
0.282103 0.384245 70
-0.868166 0.0254088 70
-1.49779 0.274851 70
-0.161123 -0.117801 70
0.352392 -9.51619 70
-0.698145 -9.78517 70
-9.33712 0.933365 70
8.72222 -39.3773 70
10.568 19.8759 70
9.61773 18.6101 70
-0.231082 0.663344 70
-0.579003 -0.68039 70
-10.3537 10.6049 70
-10.7318 9.24498 70
8.60388 -10.2598 70
9.27123 0.863085 70
49.8396 70.7004 70
20.8625 -10.3283 70
-0.934813 -11.4943 70
-8.63228 28.6259 70
0.891034 -1.04133 70
-8.99164 -0.314791 70
-10.122 11.2147 70
-10.5183 -9.04058 70
10.0195 8.87849 70
0.879514 -9.49105 70
28.5878 -31.0369 70
68.9064 -89.092 70
-10.4582 0.191139 70
-9.06083 -10.079 70
9.70798 -10.8376 70
101.408 -69.0188 70
0.232438 -1.39946 70
-1.28373 1.20617 70
39.9442 -9.15353 70
-8.93531 -0.340476 70
19.621 -60.7812 70
-0.6636 -20.6474 70
10.7343 -9.39323 70
-0.16179 -10.3839 70
8.70256 8.69479 70
0.337525 -1.12333 70
-1.36047 -1.35764 70
-9.28966 -1.43616 70
31.2754 -30.9336 70
0.820912 1.27945 70
-1.24611 0.629237 70
-10.3065 -0.257708 70
-8.74827 -19.5278 70
-28.6071 1.08733 70
-9.79702 -29.3399 70
39.084 80.5141 70
-9.03991 -1.27062 70
-0.946478 0.999875 70
10.7079 0.254175 70
-10.2658 -10.8386 70
-0.929011 -18.5097 70
9.37661 11.078 70
9.28944 -10.898 70
-10.6486 10.9668 70
18.5697 -21.3667 70
20.3569 -18.8704 70
1.10182 1.3295 70
0.0678795 -0.783318 70
-1.33553 -0.0135357 70
-9.88525 -0.029649 70
-10.2336 -9.16109 70
8.62815 0.93802 70
-10.4151 0.761559 70
-9.95105 -9.03477 70
-8.994 -11.4253 70
-0.417295 -1.2318 70
0.212132 50.5138 70
-9.03344 10.187 70
-1.25234 0.612563 70
-0.807313 0.933015 70
1.39015 -0.163424 70
-0.500684 21.4441 70
10.6856 39.4435 70
-10.1687 9.32395 70
1.2282 0.247836 70
29.1322 41.018 70
1.32907 -10.6042 70
20.8442 -28.9801 70
-9.17265 0.832186 70
-10.0949 -10.5753 70
-9.27729 -8.50814 70
-10.0639 0.300617 70
1.11889 10.7534 70
-8.77338 1.19037 70
-8.56947 0.422726 70
-10.0306 -11.4922 70
-0.342084 -1.16976 70
-0.928777 -0.360781 70
-9.15726 -9.94889 70
-49.7774 8.81843 70
-0.13995 -10.4449 70
9.87491 -9.23832 70
-9.84455 -1.39246 70
-0.900916 -20.9467 70
0.418506 10.8148 70
-10.4677 1.3889 70
-18.7194 -21.0961 70
-19.0962 -39.1996 70
-9.35286 -1.20659 70
9.82957 1.00481 70
9.73207 -1.10505 70
8.84638 29.8125 70
-11.175 -10.1048 70
-8.56346 -11.2962 70
19.3027 -9.5861 70
-9.24509 -0.553162 70
-0.94823 1.00496 70
-0.0461667 -9.9563 70
8.61939 -10.5812 70
0.986872 0.525191 70
0.495681 -0.0570503 70
-19.0725 8.65553 70
-10.7346 -11.2686 70
-89.802 -40.6572 70
-10.3631 -1.44357 70
-11.0671 0.137623 70
-29.5403 -10.865 70
0.235926 -0.922739 70
-19.8619 -10.1148 70
-10.6369 -10.0622 70
-50.2124 89.3694 70
1.33422 -1.33538 70
1.09179 -1.42663 70
-11.0739 -29.1223 70
-0.888127 0.427337 70
-9.29873 0.568065 70
-59.847 -50.1235 70
1.2747 -9.63147 70
0.872505 -0.734694 70
-11.4804 -8.73972 70
-0.591895 -8.68758 70
-60.9918 -20.7156 70
9.35031 10.7049 70
1.47431 -0.359631 70
-1.26017 -9.79666 70
-10.0949 -0.395951 70
-1.10232 18.544 70
30.2005 59.7477 70
-1.04494 0.325204 70
0.26377 0.992577 70
-11.494 -9.4682 70
49.7508 50.1987 70
0.66827 1.34727 70
9.72464 -10.57 70
0.218708 -10.434 70
-10.6749 -0.541631 70
-1.43016 0.346522 70
-1.15018 21.3045 70
1.25087 18.9485 70
0.906042 -9.2932 70
0.106333 -9.05369 70
-1.14484 0.931033 70
-9.2141 51.0355 70
0.843297 -9.3694 70
1.06231 -28.9983 70
-11.3133 10.7139 70
-9.89964 29.4519 70
-10.0866 -8.73323 70
-9.99601 9.74446 70
-0.215886 9.17874 70
-11.0225 -0.743828 70
-10.2779 -10.8756 70
41.4714 -10.4676 70
8.82802 9.91698 70
-9.08111 -19.2808 70
-11.049 9.15028 70
-0.520554 -9.18927 70
-0.615086 -0.89813 70
-11.4277 11.2306 70
1.21411 -0.605503 70
0.460823 -10.8498 70
-8.74719 0.460074 70
-8.62908 -11.235 70
-10.2869 -0.438541 70
-9.40021 0.850977 70
10.7265 -30.9695 70
9.76632 -29.1138 70
-10.8161 -0.330419 70
29.711 -9.23725 70
21.3116 -9.44807 70
20.1967 -1.02678 70
0.147964 -0.746436 70
9.87285 10.1174 70
0.518034 -10.0376 70
11.4135 0.649492 70
-31.3479 70.5814 70
-30.503 70.1963 70
-9.85953 20.3843 70
-11.4952 19.1381 70
0.601351 1.43245 70
0.261811 -8.64204 70
-9.92639 -10.3527 70
20.0663 31.1327 70
-0.0778301 -9.06208 70
0.72713 -10.7807 70
10.683 -1.08271 70
-10.372 -0.717457 70
0.0930337 -0.657909 70
0.933657 0.279453 70
-0.65446 0.212223 70
11.2009 -8.73476 70
8.61903 18.9166 70
0.54842 -11.066 70
0.575266 0.6628 70
-0.683084 -10.8449 70
-0.292759 -0.773581 70
9.66773 -1.3327 70
-0.204852 -8.53281 70
-19.616 -11.2041 70
-0.0997625 0.950406 70
-1.33293 -10.6124 70
-11.4356 -9.14514 70
1.29034 -9.13664 70
-39.3928 8.77359 70
-10.3659 -11.2169 70
51.0049 -8.90135 70
-0.109264 -10.8191 70
-10.6402 0.445339 70
0.507855 -0.971512 70
0.122016 -1.00811 70
-29.465 0.603666 70
-19.4093 -18.8797 70
-9.53932 -0.195441 70
-10.6441 -0.0519173 70
30.0543 -8.55788 70
-9.00757 -9.91367 70
-10.1866 -0.443412 70
-11.4327 0.784781 70
-8.9912 -0.301806 70
-1.46521 -0.402477 70
0.497795 -0.817426 70
-1.0825 1.26106 70
-0.695286 1.36251 70
-10.4612 -0.188538 70
8.83747 0.559472 70
-18.83 -11.4751 70
-29.362 -9.92076 70
11.3613 -0.582734 70
1.28655 0.222034 70
18.9583 -10.9872 70
-19.5706 -10.6186 70
29.7875 60.118 70
18.9034 -0.660967 70
0.370439 0.926103 70
0.410616 0.844639 70
-0.554172 -10.7912 70
0.613023 0.420349 70
-1.23119 0.101952 70
-0.253424 -0.991627 70
-10.5326 -0.883195 70
-9.55828 -1.06597 70
-9.44167 8.73755 70
9.03205 11.3103 70
9.22173 11.2346 70
19.1807 9.82177 70
-10.2708 -18.9166 70
-11.4211 -11.4595 70
10.3152 50.075 70
-20.7053 50.5499 70
20.8375 68.7966 70
9.01218 0.979507 70
-9.40344 -1.16831 70
-19.1318 -9.23324 70
-9.67545 -8.89258 70
-30.2434 -9.86198 70
0.94984 -9.06581 70
-10.5536 -0.148469 70
1.30658 1.17193 70
-40.6232 -9.66631 70
-9.69122 -68.7013 70
18.9504 -19.1704 70
-0.611695 -0.515723 70
21.4694 -10.2513 70
-8.56137 1.01602 70
-30.061 120.086 70
-1.33616 0.948488 70
-1.20725 0.729556 70
-28.7023 -21.09 70
9.22928 0.921348 70
11.0709 -1.49984 70
-9.25096 -11.2732 70
-0.670165 -0.610865 70
-1.12999 -9.59113 70
-1.28439 -9.5449 70
1.10967 -10.506 70
0.624566 -11.0163 70
-0.636304 -0.582182 70
-19.5548 20.5252 70
9.05963 0.599453 70
1.13904 -9.91299 70
-21.0562 -0.387927 70
1.00823 -18.5571 70
9.4294 -9.03252 70
39.2808 -30.3531 70
-1.00714 0.458368 70
29.4447 -18.5737 70
0.755182 0.41812 70
-9.25691 1.45056 70
-10.5489 0.232932 70
1.00033 -9.78685 70
-9.48784 -0.855701 70
-20.1301 -10.7559 70
0.498772 0.21835 70
9.57255 20.7531 70
1.1058 0.584612 70
0.0240707 -0.545236 70
-1.04759 -0.830974 70
-0.219263 -10.2055 70
-0.292364 -0.848889 70
-8.558 29.3142 70
10.4959 -8.92505 70
-0.769068 20.503 70
-19.6915 -1.28809 70
49.3631 -28.5998 70
0.345025 0.561259 70
19.5605 -20.5693 70
-0.919748 -9.6413 70
-8.98883 19.0505 70
-9.23455 -0.592727 70
-11.484 -9.00478 70
10.1484 10.1699 70
-9.33541 0.239127 70
-11.1297 -9.81474 70
0.311352 -10.6867 70
-8.53225 1.21942 70
-0.0291307 -0.892116 70
0.30101 -0.769662 70
-10.979 1.30668 70
-9.60676 -0.745995 70
-1.19949 29.2414 70
100.378 19.048 70
1.34059 -11.071 70
9.39447 -20.0751 70
9.90093 -19.4895 70
0.65615 -0.471346 70
-20.2787 51.0845 70
20.2875 50.7509 70
19.5181 49.3313 70
-11.1938 -9.85856 70
-8.77616 10.6267 70
-8.5008 10.0366 70
0.573924 -1.04624 70
