11.0519 -40.5301 70
19.7505 11.2968 70
10.8786 -19.9192 70
30.9097 10.3463 70
0.152577 -0.880658 70
8.61414 -11.3386 70
-1.3777 1.32582 70
-1.15054 0.962243 70
0.261241 -1.40428 70
-1.33297 1.48483 70
-10.8233 -0.0329146 70
-0.598107 -0.901066 70
-0.644469 1.47429 70
-20.1349 -1.19793 70
-10.0739 -9.68596 70
0.480901 0.394636 70
8.75516 -0.0844368 70
-0.0885186 1.26072 70
1.49931 0.737954 70
1.00962 -1.17489 70
1.35218 -0.85982 70
-11.3031 -19.8437 70
0.740504 -18.6709 70
-0.832886 0.855269 70
9.03921 -18.7259 70
28.7182 -59.8147 70
-30.0925 -30.7734 70
-19.053 50.937 70
-0.206763 -0.0698491 70
10.3957 10.5922 70
49.8552 -1.23091 70
-1.3848 -0.468286 70
0.879697 1.36917 70
-0.442427 -0.375487 70
1.38215 -30.7041 70
0.706658 -30.7982 70
0.441786 10.677 70
-0.189839 1.14927 70
0.41157 0.449017 70
-8.72256 -9.01187 70
-0.412665 1.05999 70
9.12837 9.88052 70
11.3754 -59.7876 70
1.34395 -0.847636 70
0.600531 9.98877 70
0.394379 0.904958 70
0.932119 -0.452833 70
-0.327282 -0.765912 70
-1.35074 -1.08257 70
8.55571 9.53293 70
-0.509537 -1.22935 70
-9.78184 0.773425 70
-1.32279 -1.41455 70
-0.728597 10.0501 70
-1.23383 1.45769 70
0.492391 1.21633 70
10.0511 10.7848 70
9.37123 9.9685 70
-0.841306 -0.312283 70
1.30588 -0.0173361 70
1.14369 21.251 70
-1.05145 -9.71876 70
-0.360724 0.234058 70
-1.43733 -0.73826 70
-9.88014 -0.697011 70
0.0855635 0.432655 70
10.3587 0.957999 70
1.04363 -0.216429 70
-11.2127 10.0444 70
-1.17984 0.407064 70
10.3499 9.0562 70
-1.12761 9.71172 70
0.20947 9.06235 70
0.98275 0.550241 70
-1.11503 -8.77167 70
-19.0296 1.00175 70
-21.3255 0.445143 70
-11.1549 11.1552 70
-11.0238 0.342659 70
-1.35712 -11.2592 70
0.0808341 1.11307 70
-1.21555 11.1945 70
-19.2872 -11.3419 70
-88.757 -29.4795 70
18.8138 0.0174992 70
29.0268 -30.5702 70
0.167281 -0.7283 70
10.3046 -20.0513 70
1.04093 -0.0786211 70
0.626986 0.483882 70
19.1794 1.04215 70
0.859595 0.477814 70
1.48839 0.804619 70
11.4186 -0.145925 70
8.99541 -0.400602 70
-10.9225 9.49176 70
0.853463 -0.451887 70
1.05942 0.545266 70
-1.33057 -0.84947 70
0.611439 -11.0292 70
1.19376 1.19748 70
-1.3953 1.21873 70
-1.16643 0.807004 70
-10.6383 8.65625 70
1.4318 20.1398 70
-21.0469 19.252 70
0.985992 -9.32747 70
-30.0205 -0.0401492 70
1.2098 -0.84249 70
-0.921229 -18.8662 70
-0.351054 1.27537 70
0.288322 1.18047 70
-8.84648 -0.67407 70
0.585234 18.9779 70
10.8392 8.76551 70
10.4331 10.8617 70
51.3131 10.5666 70
10.0238 1.01333 70
0.429401 -9.72069 70
0.127249 10.0072 70
20.3725 9.96377 70
19.0084 9.36618 70
-0.298787 -20.7013 70
10.2675 0.13955 70
-0.408258 1.46751 70
-1.03713 -1.16337 70
0.073167 -0.923278 70
-19.5727 -9.6896 70
-1.22348 0.843391 70
0.998028 -0.308158 70
-1.16756 -0.180321 70
-69.2015 29.7109 70
31.0995 -1.46638 70
-0.939657 1.11331 70
-1.34935 1.02641 70
-0.415062 0.892734 70
8.99389 -10.8683 70
-8.96372 -30.0478 70
9.10863 -11.0159 70
-1.16515 -0.113885 70
-0.865426 -0.0889262 70
0.15703 10.4893 70
-1.09842 0.00311105 70
31.3361 -9.40564 70
1.27852 -0.179998 70
-0.594365 -0.0685673 70
-0.625233 -0.368356 70
9.17696 -19.4514 70
-1.45586 -0.565935 70
21.2506 10.7224 70
-8.6602 11.1929 70
9.40389 9.34971 70
-1.05267 0.452413 70
0.108393 -0.425668 70
1.18897 -0.513348 70
-38.9127 38.521 70
-39.4757 38.7348 70
0.0515333 1.47297 70
0.241034 -1.49289 70
-0.291016 -40.6282 70
39.7443 18.9063 70
-70.033 10.2988 70
-0.228942 0.488937 70
-9.19263 -10.4949 70
-0.419007 -9.62885 70
0.99283 11.1595 70
-1.25344 9.42516 70
11.2873 -19.0548 70
-8.53089 19.5774 70
-0.680264 -0.813674 70
0.833334 -1.40348 70
-9.87401 1.03682 70
0.958834 1.28017 70
1.18408 -0.337163 70
0.694191 -0.659216 70
-9.11285 -0.223164 70
1.25089 -0.634826 70
0.418448 -0.666541 70
11.2581 -10.9533 70
1.21903 -0.166199 70
1.26846 -0.368022 70
-0.482954 -11.0798 70
0.322459 -31.0489 70
20.2224 8.955 70
-8.86342 8.85412 70
-1.14991 9.14058 70
-0.290766 10.4891 70
-0.716731 0.257915 70
50.9164 0.584913 70
19.3573 -9.58114 70
-1.30518 -10.1383 70
10.0616 -1.41259 70
-9.55933 19.3673 70
1.32808 0.4961 70
8.90087 -11.0787 70
-0.516831 -0.953256 70
10.05 10.2748 70
-11.0516 1.3814 70
-1.1122 -0.40863 70
0.268322 1.22927 70
-1.48465 1.20949 70
-19.9419 -0.670049 70
11.2819 -1.03826 70
9.97572 -0.701358 70
-0.919597 -9.02935 70
1.26891 -1.22948 70
0.251299 9.74148 70
0.6814 -10.3381 70
0.837981 0.141161 70
21.0197 9.57365 70
0.829497 -0.49289 70
-0.270916 -9.77761 70
9.19196 1.27515 70
-0.432033 -1.36246 70
-18.5938 30.6382 70
9.91615 9.71985 70
-0.96417 -10.3687 70
9.42828 -19.639 70
19.9747 -9.56243 70
1.16053 0.0967299 70
-0.690929 -1.48418 70
18.9389 19.1685 70
-0.196626 -0.0666222 70
18.737 11.2882 70
-1.05825 -0.341361 70
-120.561 18.9274 70
1.36023 -10.6582 70
-0.740501 20.525 70
0.787559 0.246009 70
0.754011 0.384612 70
1.00466 0.903814 70
1.31522 1.09748 70
-0.971078 1.46726 70
-19.9074 10.0743 70
-1.31635 0.387334 70
10.0387 -18.831 70
-0.782407 -0.939699 70
9.67248 39.3296 70
-80.8516 9.56982 70
-41.1594 -21.4105 70
-0.204747 -0.223602 70
-0.18099 0.0849689 70
-11.2754 1.35285 70
-0.0174725 11.2218 70
9.77162 -11.0017 70
-0.784972 0.946934 70
0.0811174 0.827329 70
-1.48438 -0.0207035 70
-10.385 10.766 70
0.463126 -1.29041 70
-1.28778 -0.399154 70
9.8903 10.5289 70
29.6528 -10.5049 70
-0.728913 1.01037 70
1.2877 -0.046578 70
1.3313 0.435925 70
0.885699 -0.0341239 70
10.0798 1.39092 70
0.76501 1.01198 70
0.925651 -0.0357228 70
-1.15691 1.44884 70
-0.151239 0.927284 70
-10.3827 -0.0891766 70
0.245132 0.217738 70
-0.989833 -9.1909 70
-0.799185 -1.42656 70
20.724 -19.2883 70
-0.671338 1.01356 70
0.340472 -0.307437 70
-30.9303 -10.9517 70
1.08501 0.191904 70
-10.7787 21.0659 70
-20.6481 10.8163 70
1.13983 -11.1239 70
-0.946682 -1.02924 70
1.36868 -1.01874 70
8.67953 -0.913565 70
0.0139617 -0.000490519 70
1.04857 -1.37295 70
1.49168 1.48492 70
0.481549 -1.16052 70
-10.6761 19.5991 70
10.832 -1.08822 70
-10.9524 -19.3223 70
1.21551 -0.993642 70
-9.78156 -0.293566 70
-10.5889 -1.21324 70
-1.35823 0.256727 70
10.8719 10.9475 70
-11.4423 -0.707972 70
-0.444884 9.34028 70
1.45303 9.94165 70
9.41392 -1.13835 70
-0.214561 1.09784 70
-1.33461 -0.182177 70
0.176893 8.93148 70
10.1451 10.5599 70
11.2625 -51.4863 70
-19.4323 -1.40832 70
-10.8963 8.84939 70
-0.38269 20.0896 70
11.428 -9.86983 70
0.573624 9.42816 70
-20.537 -29.7227 70
0.73022 1.40744 70
-0.540393 -10.4317 70
-0.889421 0.601682 70
-1.05651 0.646523 70
8.56254 10.8928 70
-0.578789 1.4115 70
-0.467132 -1.32855 70
-0.56646 0.610696 70
-1.1077 -0.169153 70
-0.0120082 0.00256296 70
0.553659 -0.0568493 70
-0.549406 -0.48531 70
1.36332 -0.245034 70
0.381565 0.56002 70
10.3039 18.5379 70
-8.9396 0.451052 70
-0.628619 -9.78176 70
1.45887 -0.29622 70
29.5658 -29.0984 70
-0.701332 -30.0595 70
-0.703539 1.4242 70
-11.2035 -0.340101 70
-0.283452 9.61033 70
-1.21198 -1.01581 70
0.373979 -0.581778 70
0.724652 -0.138647 70
-1.21588 -1.15295 70
19.2399 -10.3982 70
-31.1703 -49.0454 70
-0.334024 0.67879 70
-8.80844 -0.888228 70
-9.74998 1.37704 70
-10.4031 -0.382113 70
30.4722 -9.51653 70
-88.5163 -40.8559 70
-0.440351 -0.722115 70
-0.586438 -10.4489 70
-9.45987 0.640627 70
10.3982 1.04471 70
30.3997 40.4937 70
21.1513 9.06599 70
20.412 11.0552 70
-31.191 9.1067 70
11.4136 0.420294 70
1.15743 10.3686 70
0.879457 1.08055 70
10.157 -0.479145 70
0.722924 1.09128 70
-0.51479 1.06044 70
10.0893 -60.592 70
-0.38612 0.993118 70
21.2543 10.3078 70
-18.6866 18.9065 70
9.61233 8.95105 70
-0.816935 -1.24496 70
0.224189 -0.608673 70
1.43996 10.9174 70
-11.4088 1.48788 70
0.346887 9.02514 70
1.3403 -0.55535 70
-0.40839 0.0963442 70
-0.200462 0.273079 70
-21.2456 -28.577 70
-9.60848 0.216414 70
0.25882 1.03619 70
1.49195 0.663944 70
0.326325 -1.29022 70
9.88886 -0.387205 70
0.0755708 -0.168712 70
0.648937 -1.06816 70
10.4441 -11.1621 70
-20.8646 -8.88979 70
8.89894 1.28246 70
19.9181 29.7626 70
8.714 -9.33358 70
0.527945 0.6938 70
-10.5901 -0.83256 70
1.3915 0.0120386 70
1.21237 -1.49332 70
1.41851 0.29285 70
1.17552 -0.940454 70
-0.763057 1.23337 70
0.0832533 -10.0689 70
-19.6375 -0.757112 70
-0.712287 0.0261033 70
-1.02262 0.717808 70
0.300993 -0.311991 70
-1.34162 -0.19395 70
1.03702 -10.822 70
20.3091 -20.8996 70
9.93216 11.3522 70
0.831653 -0.0535088 70
-0.793706 -11.3757 70
0.988454 1.37856 70
1.01005 -10.8378 70
29.2413 29.671 70
-0.12701 -0.614701 70
-1.06224 -0.613441 70
19.3126 0.942521 70
-0.969614 -0.271228 70
29.3163 11.3212 70
30.5809 10.2712 70
10.8325 1.24589 70
0.45791 8.5452 70
-20.2763 9.20964 70
1.48046 0.596695 70
28.5032 11.2726 70
60.9425 -71.4153 70
11.2021 -0.874356 70
-0.197085 -0.568902 70
-60.5566 28.8635 70
0.296221 -0.842898 70
-1.36797 0.320165 70
0.639864 -0.781587 70
-9.45636 11.3091 70
-0.912871 0.979437 70
0.98844 -1.26776 70
9.32417 -0.966816 70
-0.0671332 29.0192 70
0.652946 -0.228175 70
-10.5695 71.2538 70
10.0407 -11.2573 70
29.5731 -9.61273 70
-9.09113 -10.3147 70
-10.8397 -10.6196 70
20.5877 10.7838 70
19.9223 10.9909 70
-19.8735 -0.788513 70
-9.24764 -0.995867 70
0.128468 -0.450155 70
18.5995 9.84845 70
-1.28474 0.733752 70
-39.0388 0.173937 70
0.535583 -11.0129 70
11.3 -1.34197 70
-1.35649 -0.240959 70
-48.9381 -19.9974 70
-1.29375 -0.745127 70
-0.0474732 -0.694838 70
0.513066 -9.43549 70
-0.977039 9.47038 70
0.575655 -0.0799989 70
11.093 11.2616 70
19.6182 0.442772 70
-9.14572 1.36341 70
0.356789 0.437776 70
0.917621 0.8237 70
-0.339534 -10.471 70
9.04396 -0.78343 70
0.794998 -0.97638 70
0.412845 -0.132526 70
0.747449 1.23076 70
-10.3206 21.4683 70
-0.582941 -0.129384 70
-0.461356 -1.14469 70
-0.97614 -11.4919 70
-10.6 10.7114 70
-19.4813 -11.028 70
-18.5459 -9.25514 70
0.597308 -29.7326 70
0.600313 0.810033 70
40.1599 -21.1692 70
-0.856257 18.6488 70
0.221469 0.440632 70
-1.45226 -1.044 70
10.6206 0.281551 70
-0.455153 0.424512 70
-18.8012 -0.364604 70
-20.7887 0.147601 70
-21.2379 1.32438 70
-1.49482 9.15782 70
-8.63631 8.94779 70
-19.9334 -31.3127 70
-10.925 -9.89446 70
-0.661678 0.715296 70
70.3511 -18.7786 70
8.54533 -0.230443 70
11.4164 0.517656 70
-0.572527 -0.677638 70
-0.777703 -0.268779 70
-29.8046 -19.232 70
11.0131 10.4594 70
29.8215 1.41013 70
-19.3065 11.0912 70
11.3025 1.41987 70
9.98288 -1.09925 70
0.371473 9.7988 70
-9.15612 -50.2613 70
0.301731 11.195 70
0.17979 8.74153 70
-8.59637 -11.4851 70
0.144542 1.09914 70
1.14921 1.18634 70
-9.09082 -20.9682 70
0.920554 1.31254 70
-0.716246 1.40682 70
10.1286 -1.04344 70
-0.0260351 -0.293967 70
-0.725263 -0.0688188 70
0.0533444 1.31588 70
-8.85181 21.4007 70
21.3944 -18.879 70
-1.10377 -0.533747 70
-0.519946 -0.747973 70
0.401461 0.34131 70
1.39303 -0.159081 70
9.53255 -11.4081 70
31.3735 -1.44919 70
10.3546 20.9677 70
-1.41836 -1.35775 70
-1.14861 -0.996448 70
-0.444835 -0.667806 70
0.72888 -0.206202 70
20.0599 39.5508 70
9.35374 -1.08558 70
-0.238667 0.403656 70
1.37616 0.196774 70
1.32271 0.632075 70
0.908334 1.23526 70
-0.203423 -0.559395 70
-9.45737 -9.09371 70
1.0691 9.32209 70
0.544499 -1.30425 70
-1.16542 -0.109785 70
-1.19954 1.21356 70
1.49554 -9.16733 70
-1.17672 -0.379321 70
119.996 -88.5287 70
-1.39196 -0.435803 70
10.7386 10.9631 70
8.95531 -0.450504 70
8.77674 -1.35118 70
0.239363 -9.48455 70
0.511173 -9.67393 70
-0.708312 -10.964 70
0.858382 -9.60843 70
-9.43054 0.638233 70
-11.4552 1.36584 70
10.9122 1.39527 70
-1.43363 -1.27741 70
1.04828 0.454425 70
-1.24916 0.500859 70
-0.262301 0.813362 70
-0.545281 0.418487 70
0.278789 0.0294636 70
-11.1424 -1.33901 70
9.38632 9.57166 70
-9.165 1.18847 70
0.623731 -0.760795 70
-9.45678 20.8815 70
0.734814 11.2579 70
40.0233 1.26514 70
-9.55934 -8.88099 70
-20.8721 -10.6439 70
-0.721881 -8.90281 70
-0.411371 -0.72557 70
-9.94816 -1.33486 70
-0.367209 0.0237478 70
0.798503 -0.319189 70
-0.225268 0.507202 70
-10.4752 11.4131 70
0.61649 -0.751244 70
0.865002 1.2542 70
-0.375109 0.0722538 70
40.187 10.7596 70
9.36212 29.8219 70
9.08748 29.8643 70
-0.415146 -0.762336 70
-50.8554 -39.4547 70
-0.371937 -1.18938 70
0.786701 -10.0183 70
19.3182 -0.277505 70
-10.7308 -19.1661 70
-0.451321 -0.214728 70
0.972323 -0.91306 70
-10.1599 11.4093 70
-10.4464 -0.433661 70
1.38915 1.07908 70
0.656027 -0.783713 70
0.134097 -1.17796 70
60.2452 59.6027 70
0.505844 10.7717 70
-29.6975 -19.7073 70
-0.285312 1.47245 70
-1.09079 -9.60893 70
-9.24817 -0.464389 70
8.77074 -19.1073 70
1.0774 0.154912 70
68.9969 121.47 70
10.4882 -9.01095 70
1.21343 -10.212 70
-0.936719 -0.372558 70
-30.4166 40.0271 70
-0.705944 -0.81306 70
-1.2404 -9.05525 70
0.0788248 9.91564 70
-8.7252 20.0379 70
0.630961 -0.183716 70
-10.1418 -1.1836 70
0.998228 0.37177 70
28.8603 -39.9094 70
-8.50179 -0.94475 70
-11.2905 -1.3673 70
-49.255 9.19855 70
1.09774 -0.666334 70
11.4867 -10.4904 70
-0.849 0.078414 70
-1.36255 1.48949 70
-0.186832 -0.577117 70
0.151003 0.246411 70
-11.347 -0.656029 70
-10.1063 -9.59987 70
28.9205 -70.9343 70
1.09712 11.1851 70
-20.0768 -9.49891 70
0.873258 0.555568 70
0.522956 -0.276512 70
-19.8888 8.595 70
-0.0398981 1.19687 70
1.02323 -0.830422 70
-0.760374 11.3699 70
-0.745143 -1.41092 70
-11.1195 8.67627 70
9.89252 20.2044 70
8.98205 -0.487073 70
10.0132 -1.45286 70
1.1356 1.07825 70
8.62123 -40.9738 70
-21.4783 11.4637 70
-0.769115 0.174967 70
-21.1339 49.4127 70
0.370721 -30.0202 70
0.542221 -0.516755 70
0.502525 0.71503 70
-0.507749 -0.569981 70
1.24038 -1.03874 70
30.9494 -0.885066 70
-19.3334 21.3802 70
0.9986 10.3966 70
19.3291 -0.884592 70
1.26423 0.0513449 70
-9.56452 9.82643 70
1.03013 -1.27229 70
-1.46364 -0.779176 70
11.4505 10.5389 70
0.75487 -0.739617 70
8.75086 0.644167 70
90.6354 -80.9361 70
-0.872643 0.31888 70
-0.960314 -1.09799 70
0.0150491 -0.645593 70
-0.287954 -20.4013 70
-1.46595 0.899004 70
-31.0348 20.7632 70
-0.82475 10.4768 70
0.788559 -0.638616 70
11.0072 0.589968 70
0.414872 1.16615 70
9.91154 -10.1485 70
1.29786 -1.46404 70
-9.96489 10.6984 70
10.4061 -0.690373 70
10.7612 -20.5437 70
-0.476851 1.01311 70
8.80417 9.2236 70
0.823258 -9.71707 70
19.0984 -18.5483 70
1.04996 -8.95488 70
-1.29138 1.00807 70
0.395504 -10.7479 70
-40.8029 -31.0885 70
28.5755 -9.45912 70
29.078 -11.0841 70
-10.8729 0.94254 70
-0.106176 -0.152877 70
-1.14828 -0.954258 70
-9.17481 0.0639151 70
-11.1037 8.5015 70
10.7674 -0.973686 70
11.0008 10.0953 70
-0.0580473 1.28309 70
19.8021 -20.5284 70
-40.8298 29.2515 70
10.7873 10.5658 70
10.1764 9.46588 70
19.6539 1.3973 70
10.9428 10.8559 70
0.805125 -0.88913 70
-10.1833 28.5061 70
-10.521 -19.4562 70
69.9616 -88.751 70
0.940499 -0.879758 70
11.4632 1.35767 70
1.30738 -0.791482 70
-0.54507 1.16573 70
-0.542307 0.59155 70
0.198697 9.16063 70
0.0886867 -1.37733 70
1.14374 -0.13068 70
-0.181017 -1.06737 70
0.730282 0.829344 70
9.46841 -10.6971 70
0.9573 -0.275475 70
11.3359 9.67668 70
10.4783 -0.0461843 70
9.06264 1.14788 70
0.297584 -1.38345 70
-1.44117 8.76628 70
-0.0985818 -0.451469 70
0.263965 0.808529 70
9.19754 -8.60431 70
-0.419372 1.35954 70
10.3919 30.2232 70
1.18308 0.882397 70
39.0231 -31.029 70
9.42276 1.33496 70
-9.17278 -0.215629 70
0.991321 -11.247 70
0.241539 -0.55699 70
-0.567474 1.20397 70
0.986085 -0.0583047 70
-1.17792 0.795932 70
10.4337 1.26494 70
0.646693 -28.6554 70
10.6572 8.68159 70
0.116164 -0.05093 70
-30.9259 -41.1004 70
1.33501 -11.1917 70
-9.29828 -29.5184 70
10.5719 0.864066 70
59.4734 -0.672408 70
-0.126291 -0.676311 70
1.24135 -10.1843 70
0.773579 9.31846 70
10.7128 -0.822886 70
9.01518 -1.08237 70
-0.300736 9.92918 70
-9.94445 -9.59316 70
-9.61359 -10.1238 70
1.16177 -0.711488 70
-10.0604 -0.182871 70
29.9186 -9.84183 70
-0.259646 -0.275017 70
18.9561 -20.212 70
-11.0645 10.6041 70
-11.4314 19.5724 70
9.17113 -29.7045 70
0.421714 -1.49821 70
39.7533 -30.634 70
10.0663 19.8419 70
11.1066 -0.94607 70
-0.169986 0.557715 70
-11.031 1.35159 70
1.18356 -1.14564 70
-1.27731 -1.31764 70
-0.395784 8.88725 70
-1.4451 0.269978 70
-0.517732 -0.301399 70
-0.670447 1.13628 70
-8.88709 10.135 70
-0.0500715 -0.313879 70
-10.7234 10.4832 70
-1.38702 -0.0888319 70
-0.211426 -9.66798 70
-0.304735 -11.0435 70
9.25564 0.246835 70
-0.767661 0.12039 70
10.8036 9.26662 70
0.89945 -0.589262 70
-9.39535 11.118 70
-8.70492 10.8851 70
-40.8957 19.5723 70
0.0052214 -1.49725 70
-11.1084 20.9845 70
11.0696 -9.9738 70
1.18152 -0.0760753 70
-0.668853 -1.20344 70
8.83988 -0.88765 70
0.0959032 -0.0375157 70
-9.2272 10.3052 70
-9.28529 -8.56746 70
0.284352 1.3901 70
-21.1183 9.65593 70
1.07911 1.19311 70
-0.840167 0.488905 70
-1.42131 -0.0649151 70
-0.533419 -0.0442956 70
0.536217 9.53148 70
-1.11956 19.7043 70
8.57835 -9.43828 70
0.921901 0.276382 70
-0.714495 0.855487 70
-10.8092 20.9052 70
11.483 10.753 70
-1.31491 11.0201 70
-0.728893 0.462017 70
0.411337 1.24035 70
0.853321 1.1063 70
-0.0168997 0.289329 70
-1.31291 -1.02923 70
-0.982577 -18.7732 70
0.867396 -0.606451 70
-0.466084 -0.516714 70
-9.71622 -0.890772 70
0.345315 1.31413 70
-20.5557 -0.889008 70
-1.06062 18.8489 70
-0.623808 -1.12398 70
19.3048 40.7069 70
-1.30948 0.795382 70
1.22801 -0.269251 70
1.28657 9.76019 70
-0.853142 -1.15129 70
-1.15178 -0.932539 70
-0.388802 -1.16545 70
0.817417 -0.00786384 70
9.14222 10.8802 70
-1.12713 8.9399 70
1.08948 9.71162 70
10.6336 -0.916725 70
9.41454 0.731958 70
-0.461341 0.929608 70
-1.02749 -1.43508 70
-9.73636 -38.5458 70
-0.708884 -0.00370251 70
-19.6164 -10.5874 70
-0.717072 -0.90496 70
-0.765479 0.572246 70
8.66926 0.952264 70
71.2751 -61.4141 70
-0.131208 1.15883 70
9.32927 18.6443 70
9.06567 18.5472 70
-1.14737 9.51996 70
10.5701 19.2128 70
-1.49445 -0.687161 70
0.553755 -1.02692 70
-11.1327 -0.538438 70
1.23506 0.835658 70
0.622664 0.998828 70
-10.8134 0.558012 70
1.1222 -0.79241 70
-0.763297 0.973795 70
0.314889 -0.426645 70
-0.194876 -0.125848 70
-39.0253 -19.4472 70
10.1149 19.1319 70
10.7936 -0.917656 70
9.58558 -0.78295 70
20.6166 20.1898 70
-81.036 20.5888 70
9.38173 21.2886 70
-9.82553 -1.12253 70
-0.425938 10.6151 70
10.549 -11.3077 70
1.38247 1.20517 70
10.6915 0.462368 70
-0.586867 1.30064 70
-10.1752 -9.64111 70
10.7798 -0.74338 70
0.387302 -0.271041 70
-0.965632 0.786033 70
-1.4495 -9.85463 70
-21.3319 10.4537 70
-9.88427 19.4815 70
-18.5984 10.7338 70
8.84234 10.6071 70
-0.0615364 9.33536 70
-1.32751 1.22468 70
-0.699359 0.73073 70
0.672873 -0.62441 70
-0.936289 -0.514731 70
-1.39641 -0.543847 70
0.682491 0.524822 70
-0.805429 -9.29774 70
11.3209 -1.18267 70
-1.24347 0.01072 70
-0.743663 0.373113 70
