-50.7543 19.7634 70
-1.4194 1.13473 70
0.74209 -19.0502 70
-0.00682018 -18.9796 70
-10.6386 10.3101 70
-9.50983 -0.0502618 70
-10.2008 -9.76986 70
1.47478 0.2045 70
-10.2907 1.2311 70
-0.349638 10.0502 70
1.35229 -11.4787 70
-10.5018 0.198701 70
-9.92554 0.226518 70
-8.67296 1.30348 70
-11.2762 -1.45694 70
0.451305 1.04497 70
39.487 70.9707 70
1.36966 0.891305 70
30.2896 -11.076 70
0.777056 0.255545 70
-8.78188 1.44473 70
-9.05205 0.683616 70
1.2389 1.32651 70
0.0826716 -18.599 70
-9.22694 -10.5125 70
-9.3947 0.966647 70
-0.0489881 19.8697 70
-10.2923 8.64296 70
-8.981 -1.0937 70
-28.5796 -8.76916 70
10.808 9.48052 70
-10.1414 -10.5042 70
0.10803 1.11175 70
-19.5035 -11.1223 70
0.289926 9.42726 70
-0.453196 -10.0834 70
-9.48468 -10.8006 70
1.14015 10.9294 70
-8.6702 -0.502265 70
-11.0425 -0.364054 70
-20.2682 -11.147 70
0.392207 -1.3547 70
-11.3289 -1.18799 70
-8.87827 -8.911 70
-10.3221 -0.505917 70
-8.87493 -0.236429 70
-59.8506 -21.0357 70
-11.381 0.311512 70
10.235 10.0412 70
-11.2636 29.6601 70
-20.135 9.77327 70
-0.54749 0.368553 70
-20.7389 20.6549 70
20.2019 -20.6075 70
-20.3194 19.3968 70
-9.61057 -9.54549 70
-11.1273 -29.4906 70
-0.429859 -0.889542 70
0.858041 1.0563 70
-1.02784 -9.55244 70
21.3872 -19.9723 70
-1.21593 20.1846 70
-11.3337 -1.20224 70
-0.828743 0.778928 70
120.657 39.6504 70
-9.46602 21.4583 70
-20.4998 -11.315 70
0.453112 -0.139971 70
0.0233933 0.324077 70
-9.67608 60.367 70
0.256884 0.955509 70
9.77478 1.12927 70
-1.38652 0.107263 70
0.634866 9.34432 70
-9.70305 0.486619 70
-8.811 1.19387 70
-11.1241 -28.7456 70
0.277369 0.0433862 70
-20.1426 1.30318 70
-8.52786 -0.562621 70
-10.921 -0.198546 70
1.37001 1.45841 70
1.12335 -1.29178 70
11.1964 -8.80095 70
10.9139 -11.1916 70
-1.08626 -1.40581 70
0.384748 -1.44969 70
0.136123 -0.852547 70
0.162645 0.0700146 70
-10.6951 10.2877 70
-20.1983 10.8392 70
-21.2386 10.6993 70
-10.1755 19.6177 70
0.0862755 11.4787 70
0.0684724 10.3287 70
-8.63181 -8.76894 70
0.42715 1.3036 70
-1.00573 20.2957 70
0.0991038 1.07657 70
-0.999159 -1.28765 70
0.273666 -1.42392 70
-10.4627 1.09441 70
0.706021 -1.4165 70
-0.0567366 0.633369 70
0.163251 0.413839 70
-31.3078 -100.268 70
-29.9016 -99.3153 70
1.02333 1.31985 70
-20.8357 -8.79945 70
30.2228 -40.6946 70
-11.0769 21.4205 70
-0.0393451 -8.67812 70
-19.775 -21.1611 70
-19.2241 28.6776 70
9.63237 -9.03827 70
11.0941 -10.7832 70
11.226 -10.2922 70
-8.88273 -10.865 70
-0.307965 1.25423 70
0.867838 -1.32071 70
-10.8235 -18.5766 70
-1.17491 -9.08932 70
0.466411 -10.1825 70
-8.57455 -10.834 70
-10.8906 1.23323 70
0.377085 1.16876 70
-0.0882171 11.2818 70
38.6386 61.2755 70
19.1883 -1.45733 70
11.1485 -20.1473 70
-9.8712 -0.544779 70
-19.3353 19.2327 70
-1.03753 -0.924872 70
-0.521252 11.2 70
-8.67615 -19.3935 70
18.7234 41.2259 70
-8.96594 8.62761 70
1.42609 -10.9894 70
1.18146 -29.2197 70
-31.299 31.0475 70
8.77913 -1.03106 70
-30.7012 9.99907 70
0.306027 -0.214811 70
9.1354 21.4562 70
-1.12672 -1.25998 70
-0.967977 -11.0906 70
-0.757549 -21.0529 70
0.444496 0.766291 70
-50.5049 -10.2596 70
-59.5437 -59.0622 70
0.779998 0.711586 70
19.7681 1.16646 70
-1.48558 -1.11961 70
-9.71857 1.09701 70
-9.32221 0.968323 70
-59.5347 0.248592 70
19.5742 -19.4985 70
-0.586422 0.0824306 70
1.10791 -0.230934 70
0.567765 -0.618929 70
-21.3166 -11.2816 70
-0.41341 -8.53529 70
-0.883964 -9.69091 70
0.588865 -8.54303 70
-1.15855 -8.831 70
-38.8773 -59.3539 70
-0.0788218 0.200942 70
0.353896 0.717171 70
-9.69156 9.47116 70
-10.9461 1.40715 70
1.47899 -30.0234 70
8.81162 0.925536 70
11.4703 -30.8856 70
-9.45477 -10.5671 70
-0.939509 -40.4437 70
40.8021 -19.7825 70
9.18562 -8.54842 70
-8.84927 -0.585539 70
1.28883 -0.25459 70
-0.70818 -1.02878 70
-10.9094 10.3377 70
-11.4965 11.1318 70
-0.517578 1.37675 70
60.0645 -1.48199 70
-8.74024 1.2998 70
21.2269 -10.0359 70
-11.3627 -20.838 70
1.28507 -20.8956 70
-18.837 -9.92333 70
-21.0107 9.06597 70
9.84228 8.73179 70
1.26906 -1.25919 70
-1.38939 8.67192 70
-9.6294 -0.449538 70
-9.20897 -0.0749137 70
-8.78928 10.9255 70
-11.0562 0.0679637 70
-21.19 -10.1381 70
-10.7874 0.773021 70
1.46956 -0.952993 70
-10.8583 -0.362563 70
-10.6564 0.63441 70
-10.2783 28.7612 70
-30.0083 8.54897 70
-29.6516 -8.9302 70
8.58102 11.1079 70
30.8497 50.1547 70
-11.4064 0.640871 70
-10.2713 -10.9021 70
-0.104058 -1.45761 70
-0.264687 -9.74352 70
-8.98657 1.27101 70
-1.24753 -10.6303 70
-10.5187 -10.6294 70
-0.373657 -20.4493 70
49.132 28.635 70
0.879364 -0.225031 70
21.1975 20.616 70
18.7065 20.9114 70
119.535 -98.9942 70
-10.2154 0.433811 70
0.0283525 1.45569 70
-0.863454 19.1218 70
8.91464 -10.9704 70
0.617546 0.589588 70
-1.02663 1.00022 70
-19.6742 0.861195 70
-8.53604 1.34444 70
-11.4569 -0.43786 70
10.7938 -30.7011 70
-9.08155 -0.107355 70
-10.4673 -0.469734 70
-28.7748 -8.65072 70
-11.0514 -10.1398 70
-30.5714 -10.3064 70
9.24333 -0.429367 70
-0.996361 -39.932 70
0.323051 -11.1794 70
-21.0306 19.2447 70
9.26531 0.868707 70
-0.276111 0.730466 70
0.117898 -0.546923 70
-10.7991 -19.3539 70
10.656 -9.17251 70
-0.0504668 -8.69867 70
0.10285 9.40631 70
-9.87749 -1.34206 70
-10.9975 0.211295 70
-9.3145 1.33645 70
0.04058 -8.90371 70
-8.91295 8.70999 70
-10.0554 8.53577 70
-38.5381 11.1087 70
0.206684 21.1018 70
9.15629 -30.7851 70
-10.876 -1.14753 70
-40.2547 11.2085 70
-9.22955 10.2115 70
1.49944 0.544809 70
20.5998 -29.4907 70
0.48309 -9.91965 70
-1.4619 -19.2553 70
-10.7259 -8.9028 70
-11.3257 0.594823 70
-20.4019 -10.7251 70
-0.261656 1.0482 70
-31.0931 -0.652775 70
1.26236 1.1216 70
11.0454 8.78573 70
-0.414594 9.82397 70
-90.1902 -30.7963 70
-0.793717 21.2742 70
-0.30935 -11.2072 70
0.395487 -11.3524 70
18.6424 -9.88705 70
-0.688197 -10.2006 70
-9.05661 0.778088 70
0.325349 -10.8757 70
-1.14048 -11.309 70
0.639026 8.72338 70
1.41027 -1.21423 70
-0.288765 0.369704 70
-9.96273 0.365501 70
-20.9238 19.2201 70
-11.4923 1.41429 70
-11.2492 -0.246109 70
-9.95817 -0.505849 70
0.882988 0.632909 70
-0.80687 1.48076 70
0.102462 -9.11457 70
0.39549 0.947988 70
-19.4638 1.23359 70
-11.4455 -1.32285 70
-10.201 1.40802 70
-9.31083 0.100673 70
-10.6809 0.757562 70
-9.8926 10.9093 70
-0.359362 -0.387762 70
-0.321473 -1.34018 70
-0.306501 20.38 70
60.042 10.002 70
-0.848687 -0.613296 70
-0.88033 -0.325781 70
-10.7299 1.08844 70
-30.3604 -19.336 70
8.91919 28.9935 70
19.6525 -9.96026 70
-10.0816 -0.968602 70
0.25559 -11.4467 70
-0.408853 0.223253 70
-20.8886 39.731 70
0.873886 0.293171 70
0.284367 -11.368 70
20.9586 0.689074 70
-9.42301 9.87645 70
-10.5457 -10.0483 70
-10.1244 0.517044 70
78.8397 -39.6649 70
-8.52128 -1.10624 70
-0.199831 8.92494 70
1.42926 20.7073 70
-19.5216 -11.4683 70
-18.6437 0.344266 70
0.835454 -0.27659 70
-8.60418 -21.1784 70
0.529666 -8.56519 70
-8.80514 1.13744 70
39.8893 8.97844 70
8.99933 0.980125 70
10.3318 1.40667 70
-1.05969 -0.938578 70
28.8192 -20.1007 70
-20.0582 8.95517 70
-1.44909 -9.69999 70
-1.22227 -9.62089 70
10.7072 8.79204 70
9.09064 11.1224 70
-20.9313 -1.30264 70
60.8735 29.8403 70
0.575043 0.132261 70
-10.8818 -9.07272 70
1.35643 -0.0616877 70
9.81186 38.6696 70
0.236408 1.23154 70
-40.6167 -9.47764 70
20.4978 29.8451 70
-0.184408 -38.5679 70
-9.33699 20.6013 70
-0.285512 -10.3104 70
-9.63821 -11.2016 70
39.0946 20.0978 70
28.6154 18.6332 70
-11.4555 50.1298 70
-11.2583 1.00638 70
-9.40279 1.38157 70
-10.5283 0.354983 70
-9.67612 -49.6719 70
9.75483 -1.07995 70
0.566747 0.470151 70
-9.19458 0.63387 70
-9.40127 0.904757 70
-8.62265 -10.909 70
-9.636 -20.6844 70
-1.46156 0.740076 70
-9.89853 -0.728362 70
-10.7823 -10.0642 70
10.027 21.0702 70
-10.9128 -0.0422752 70
-10.1971 1.35595 70
9.43259 -29.6863 70
0.225761 -10.4118 70
39.0606 -1.37528 70
-0.819635 10.7884 70
0.180905 -0.722572 70
-1.39829 0.934824 70
-0.234135 9.0617 70
-0.514626 8.83836 70
-0.656623 0.62591 70
-1.12395 -0.0349247 70
-9.55676 -0.339951 70
-49.8236 0.386833 70
-8.67477 -9.60937 70
-9.3067 0.141035 70
-40.8946 -28.5849 70
-10.0717 0.341727 70
-49.6996 8.99808 70
-9.87346 1.46915 70
-1.22989 1.09205 70
-8.64395 -1.41074 70
-11.4591 1.03595 70
-20.8548 -29.4613 70
-18.9869 10.2257 70
-9.77295 -11.4036 70
-10.6656 0.0205608 70
-19.0134 10.8611 70
-0.970148 -0.0865239 70
-10.3613 0.245912 70
-40.552 -50.8794 70
1.14079 -1.28067 70
-19.2402 -1.43171 70
-0.274828 -39.5993 70
-9.85493 -0.509962 70
-0.899226 -0.560828 70
11.3829 -9.44741 70
-0.159828 19.7285 70
-1.01581 -91.0701 70
-0.500216 -20.0699 70
11.1681 10.1373 70
-11.2589 21.2632 70
-9.53611 -10.0763 70
1.32753 1.17674 70
8.52569 -29.115 70
-10.2633 21.3098 70
-11.0266 -0.180326 70
-9.12436 -10.299 70
-9.27199 1.36372 70
-1.09891 -1.08028 70
-1.13566 0.47317 70
9.18451 -10.6613 70
-8.99614 0.129835 70
1.31081 -28.8692 70
0.178109 -10.3035 70
-19.27 -19.3665 70
-0.178451 0.9882 70
0.375708 1.25724 70
-10.5022 -1.30032 70
-18.9648 -61.2495 70
-0.763199 -10.3792 70
11.4039 -0.927754 70
-9.27125 -0.626507 70
0.121739 -28.9271 70
-0.46546 -1.2803 70
9.30963 11.1718 70
10.438 -0.705936 70
-11.187 0.684707 70
-10.5841 -9.04049 70
11.337 11.1716 70
-8.66785 0.534649 70
-0.759678 18.7425 70
-20.5426 -0.161882 70
-11.4308 -0.944665 70
-11.4833 -1.48732 70
-0.267419 9.84088 70
21.0977 1.01258 70
21.0771 -29.9245 70
-28.6283 -30.0573 70
-9.06164 -11.1811 70
-19.8554 0.895766 70
-10.2467 -0.442744 70
-0.00990434 0.322618 70
9.53779 -10.3697 70
-1.40014 10.3017 70
0.714326 0.0175945 70
0.478282 -0.173943 70
-10.9945 -0.78715 70
1.31339 0.646639 70
20.6385 -10.6465 70
20.7981 -9.90904 70
-11.4646 -9.14131 70
0.351179 0.436196 70
9.17935 -0.975041 70
-0.343478 8.8355 70
-9.35932 0.72183 70
18.9401 -0.759028 70
-9.33083 -0.880611 70
0.947405 0.737574 70
-1.10023 1.12442 70
-8.6643 -1.25712 70
-11.3905 -0.8156 70
-10.8296 -1.00457 70
-11.0058 0.738469 70
-0.607269 1.07234 70
-11.4384 -29.2247 70
40.0407 10.8426 70
-10.4566 10.4202 70
-11.1551 1.25129 70
-1.4304 -0.609284 70
40.3835 20.7684 70
39.1469 20.6994 70
0.0641769 0.315593 70
-11.006 -11.1769 70
-18.7888 -0.078439 70
0.447672 -10.6764 70
-9.55983 1.47179 70
-9.15126 -11.0967 70
0.872962 -10.1328 70
19.1905 -0.979995 70
0.222896 -1.0567 70
-11.1745 -1.3807 70
-30.3648 9.99366 70
1.41627 -0.369761 70
9.63549 -1.17877 70
-9.00428 -9.72435 70
-0.649632 -1.3813 70
-11.3743 -0.823338 70
-9.44878 -9.45122 70
-0.779667 -1.20886 70
0.936497 -0.86364 70
29.236 40.4651 70
40.0938 49.4098 70
-20.8915 10.8804 70
19.4199 -18.5222 70
1.34517 -1.3105 70
-11.3931 -0.074079 70
-19.1878 -1.42497 70
1.31367 1.11156 70
1.47688 0.161527 70
-48.9409 0.908934 70
1.23588 -29.4003 70
-8.73333 -0.923202 70
-10.0511 -0.832682 70
-9.19906 -1.31738 70
50.2457 20.2756 70
50.0984 20.6673 70
-10.1144 1.35347 70
-8.71309 -9.1852 70
-8.50299 0.7054 70
-8.71009 -20.9408 70
11.1707 -11.2666 70
11.4973 59.9231 70
29.8578 -18.8128 70
8.82015 -10.7576 70
-39.3572 18.9568 70
-8.50499 -10.1092 70
-11.0065 -8.8798 70
-21.4683 10.5438 70
9.0285 0.312805 70
-29.8678 8.68819 70
-9.16693 -0.636498 70
-0.0661259 -10.5481 70
-0.171471 -10.0541 70
-20.133 10.9708 70
-1.23245 -11.4652 70
-9.65141 -1.03912 70
0.514249 1.43427 70
-0.0164356 -1.30829 70
-20.8008 0.212831 70
9.06173 -11.4922 70
-0.130932 -21.0813 70
-1.02271 1.03196 70
-0.458552 1.18319 70
9.18663 10.0341 70
1.07946 21.1025 70
0.703992 0.252794 70
-29.9547 0.816782 70
-21.1281 -9.81832 70
0.693845 -9.14939 70
0.561484 -0.561096 70
-21.3181 -20.9268 70
-10.3671 -30.4083 70
1.20297 9.6957 70
-8.84257 -10.7242 70
-21.1909 -11.2957 70
-9.2001 -0.0335579 70
9.07825 30.2286 70
11.2652 30.3137 70
-19.5439 81.1025 70
-9.66297 18.9978 70
-11.4878 -0.395458 70
-1.04261 0.343167 70
0.36246 -0.0295876 70
0.152486 1.01296 70
0.0972729 -0.614035 70
-1.21638 0.595315 70
118.621 -20.4859 70
-8.64876 11.4226 70
-8.87199 -1.15736 70
0.78122 -29.0323 70
10.2551 10.0679 70
29.7988 51.1593 70
-10.1898 -1.30837 70
-18.5078 9.73982 70
0.811549 -0.529883 70
0.966371 11.1647 70
0.364473 1.45729 70
0.630798 -0.0303684 70
-10.1963 1.04281 70
-0.308108 -0.656986 70
30.9254 -10.4816 70
39.9389 19.0413 70
-20.139 -10.8175 70
1.17974 0.960178 70
0.551815 1.23195 70
-11.1574 0.292407 70
-10.3865 -1.32931 70
0.924923 -0.478882 70
-9.74272 1.18781 70
-10.3922 -8.77479 70
-10.4281 -0.176504 70
8.50998 -8.73113 70
-10.6225 1.01306 70
-21.3067 -8.59289 70
-0.402458 10.0765 70
18.6143 -60.4849 70
1.09123 -1.33023 70
-11.1432 1.0618 70
-8.84886 -1.32253 70
-10.3369 0.83821 70
-1.42489 -0.286223 70
-28.7462 19.4155 70
-11.4476 1.04673 70
-0.841487 -19.8569 70
-30.5348 -0.110332 70
-10.2885 -9.1749 70
-20.2185 -0.522974 70
-10.0801 0.518948 70
1.36159 0.533037 70
-20.1304 -8.6255 70
1.21871 10.7852 70
-10.3887 0.585487 70
1.24183 -1.16426 70
-19.4797 -8.94293 70
10.1638 -10.2766 70
-0.879417 -1.32447 70
-19.9049 -0.79815 70
9.19335 0.44525 70
-19.8436 8.72041 70
-10.0391 1.13152 70
-19.2793 1.49323 70
-19.1605 9.16755 70
-9.3352 0.570517 70
-0.961924 0.0906201 70
8.94212 -10.3006 70
-10.666 9.99646 70
-0.964064 -10.5341 70
20.7149 9.82874 70
-8.98924 10.2161 70
-9.2651 -11.3121 70
-10.952 -1.10719 70
0.85784 -0.497328 70
-1.25587 11.2982 70
9.3359 -9.0864 70
-11.0763 -10.2866 70
-9.93982 -9.29204 70
-9.22288 10.0361 70
-0.817597 0.121611 70
-11.4806 -8.8076 70
-1.1281 -10.8637 70
-0.418947 0.312923 70
-10.3358 -10.164 70
-10.939 -10.9734 70
-1.18948 0.216102 70
1.46593 -1.2934 70
-9.73995 0.930696 70
0.941631 11.1887 70
-0.426943 10.8997 70
-0.899705 0.0261591 70
0.946614 0.599676 70
10.1334 -9.59339 70
-9.23001 -9.92795 70
0.90135 1.19773 70
0.647908 -9.16746 70
-10.7084 10.5328 70
-88.8142 -98.6053 70
70.991 -8.58838 70
70.924 -10.8811 70
-19.0805 -10.6307 70
-18.7333 -11.0306 70
-29.2484 18.7882 70
-19.5143 20.559 70
-0.329508 10.5996 70
0.726358 0.900332 70
-10.2079 -8.64552 70
-9.33603 -11.1307 70
-1.21948 29.1463 70
-9.31835 10.4124 70
-10.9011 9.41885 70
29.4379 -20.9706 70
30.8451 -18.8415 70
-10.0354 -9.82487 70
-20.9472 -39.4671 70
-39.3024 -40.056 70
-9.82436 20.518 70
-8.84226 -8.65007 70
-19.0178 -20.7179 70
-50.3479 38.6225 70
-50.9427 40.6684 70
-0.328618 -10.466 70
-19.8426 -19.8069 70
-0.964997 -10.3427 70
-11.325 -18.6162 70
0.672225 8.7117 70
-1.122 0.0135681 70
0.742181 -0.653232 70
1.04268 0.217287 70
-0.884847 -1.46069 70
0.865237 -19.0545 70
10.5057 10.5905 70
0.286095 -8.61968 70
-0.534904 -10.5185 70
-11.1327 0.102897 70
-0.214403 11.334 70
-30.353 -9.09937 70
-30.3459 9.74798 70
-0.0355409 0.777356 70
29.2749 -51.3801 70
0.481533 -0.0197855 70
-0.399753 -1.25717 70
0.470157 10.1637 70
-10.3634 -0.234433 70
8.52526 10.5495 70
-10.2148 -10.7705 70
-1.34845 -21.2247 70
-9.7561 0.830552 70
10.8132 20.4361 70
0.849652 -9.8074 70
-8.86839 -1.15916 70
