-1.27596 20.1555 70
-9.11333 -0.549228 70
-0.530681 9.57471 70
-10.9516 -0.552482 70
-19.1746 21.0703 70
-29.9965 10.3666 70
-21.2255 -18.9901 70
-0.0684795 10.0233 70
0.562895 0.972412 70
29.6615 38.6657 70
30.1158 39.8316 70
-10.5762 0.382531 70
-10.2544 8.99896 70
-8.74423 20.7392 70
-11.3196 1.27744 70
29.3983 8.99712 70
-1.39497 18.6698 70
-1.10671 -20.728 70
-88.7083 -18.862 70
-11.3222 -9.18466 70
-0.366103 9.48491 70
11.4795 -1.27847 70
-8.56731 18.9568 70
-0.453362 -1.04603 70
-1.2928 9.19582 70
-8.87114 0.461388 70
11.0235 10.0315 70
-10.1021 0.511532 70
0.594703 9.66239 70
-20.143 -0.156659 70
-10.349 0.710369 70
89.4863 19.7206 70
-20.0741 20.1986 70
0.856145 0.213808 70
-0.133766 -0.629666 70
-10.6096 -1.43271 70
-21.0416 -9.72723 70
9.49156 20.3145 70
-10.0302 0.725343 70
-89.5234 -61.489 70
-0.49785 -0.713293 70
0.632409 -0.500348 70
-21.0583 8.87029 70
-20.4451 10.6384 70
0.650648 -0.429021 70
1.23823 -9.83905 70
0.924573 -1.40698 70
-0.948637 0.160944 70
0.266752 -11.4775 70
-10.5988 -18.9555 70
-1.06641 0.54894 70
0.19447 -8.91856 70
-10.5292 -0.108365 70
-18.8276 0.447133 70
1.40924 9.10741 70
-20.7521 -0.535276 70
-10.1736 -0.683267 70
-41.357 0.979884 70
-0.442047 21.4607 70
1.2839 20.9853 70
1.07819 1.28603 70
-0.456837 0.00731481 70
1.28146 0.527997 70
-40.1706 -10.9263 70
-0.167209 0.297222 70
11.3127 0.090516 70
10.0694 -1.33087 70
1.47376 0.291826 70
-11.1773 -19.2448 70
11.0047 0.97557 70
-0.411235 9.53222 70
8.60543 1.32585 70
-11.4383 0.564016 70
-10.6265 -10.7695 70
11.016 -0.69866 70
-19.114 -8.79047 70
-18.7452 -20.8986 70
-8.72366 29.6906 70
-8.82711 -0.97748 70
-9.18552 -1.00346 70
0.311466 -18.7237 70
1.381 -0.548051 70
1.13351 -1.35647 70
-10.1289 0.96551 70
11.1775 -0.37543 70
-8.95323 -0.573271 70
-28.7008 -19.0855 70
10.3113 20.8182 70
0.410785 0.657145 70
0.870116 0.562266 70
-10.611 -1.18697 70
0.498351 -0.930023 70
-8.99224 -0.67928 70
-0.253405 -0.278442 70
-10.1749 -60.6352 70
-10.4973 -0.907101 70
-9.53951 0.268837 70
9.62493 31.2498 70
8.83161 0.038144 70
1.05246 -0.688431 70
-1.10033 -0.0264218 70
0.530618 1.1775 70
-10.3749 0.232238 70
-9.0908 -1.03066 70
10.9849 -8.68732 70
8.94353 -88.6834 70
-10.5957 9.76202 70
61.442 -18.5882 70
1.21041 11.1416 70
-9.50312 40.5953 70
-1.40187 -0.240445 70
-11.4735 -31.1788 70
-0.0432544 10.4302 70
-19.7417 -10.2568 70
0.129625 -1.37149 70
8.89905 0.798067 70
-19.5547 -9.77593 70
-1.38772 -1.4606 70
-10.0656 -0.211014 70
10.1998 18.8779 70
1.04188 -10.4898 70
-11.2322 -1.02488 70
0.107795 0.862074 70
-1.01767 0.976866 70
0.346655 0.632275 70
-1.37624 -8.65555 70
30.7613 -10.52 70
-11.3034 0.681622 70
-0.883223 9.68165 70
-0.249355 -0.20304 70
-29.3497 -19.225 70
-0.74262 1.33488 70
-0.347691 -0.904675 70
-9.27385 9.50435 70
-0.0958147 10.9434 70
11.1428 19.9814 70
10.4081 0.21332 70
-0.566551 9.59017 70
11.0535 -19.8679 70
-0.58425 -1.33763 70
8.52562 19.9037 70
-0.212233 -9.73647 70
-9.16595 -1.48501 70
1.17604 8.98428 70
-9.69286 0.678118 70
-30.7123 -11.2746 70
-10.9333 9.75885 70
-8.6961 -18.6432 70
9.24318 19.7974 70
-10.6055 0.702096 70
-0.0475673 -0.820202 70
-0.162314 8.74323 70
-10.187 -11.0397 70
19.9756 -10.7606 70
-10.3215 -0.983087 70
-10.0244 -8.5254 70
-9.77497 0.288439 70
-9.23623 1.19441 70
-1.02308 -0.532305 70
-9.97877 -1.01158 70
-0.476905 0.936998 70
0.49324 0.59084 70
0.9206 9.25463 70
-69.9548 -9.82287 70
0.736244 1.29618 70
-28.8091 19.9455 70
-1.22344 -10.5309 70
-11.3619 31.4307 70
-11.1104 31.4661 70
-9.86992 1.0084 70
19.0554 80.5066 70
-10.6205 19.7563 70
-10.4846 -18.7252 70
-10.4378 -1.26643 70
-10.528 9.19625 70
1.25789 1.36503 70
-9.8729 11.1564 70
-11.1605 10.1079 70
0.143545 0.122937 70
0.331858 -0.640205 70
-0.996313 9.08425 70
-8.57228 -1.11368 70
-8.94933 -0.840233 70
-11.1926 -9.49409 70
-0.0171595 -1.45872 70
0.697683 9.42255 70
0.423442 10.6316 70
-10.9968 9.17066 70
-11.4179 0.328019 70
-10.209 -0.0507588 70
0.249162 11.2321 70
-11.0365 -9.51514 70
0.971744 -10.5686 70
9.55139 -10.1939 70
-19.1721 18.7659 70
-0.598449 -0.747163 70
-0.202344 -0.63747 70
0.220657 11.0355 70
-1.27222 0.165079 70
9.70268 1.2392 70
-9.05764 8.71742 70
-10.0279 10.4689 70
21.4246 50.7745 70
8.85936 20.0621 70
-0.0443249 19.5412 70
-8.61739 10.5723 70
-10.9857 41.0977 70
0.803798 48.6598 70
-10.5819 28.7735 70
-0.00209625 10.2247 70
-9.92232 -0.70868 70
-10.5161 -0.236789 70
-1.03895 -0.023808 70
0.715374 1.2394 70
10.9775 -40.374 70
-9.91387 1.30108 70
69.6884 59.3996 70
-0.571588 0.415955 70
-9.25514 -9.65144 70
-11.2771 -8.96585 70
-10.3241 8.75531 70
-11.466 10.6639 70
1.28028 20.4545 70
1.10709 21.1561 70
-9.09746 10.315 70
1.47246 0.704038 70
-29.0507 -10.5022 70
-9.0297 -0.571598 70
-8.83373 1.24281 70
-11.1936 -0.0783957 70
-10.9389 -0.0986217 70
-20.2472 9.36947 70
19.1472 -1.27769 70
-59.8697 8.89603 70
-11.4123 -1.45864 70
60.1962 -39.6302 70
-8.7801 8.94067 70
-9.52977 11.2965 70
-9.4618 8.99222 70
-1.41514 8.80413 70
9.40066 -19.3772 70
-10.8999 -1.35494 70
-10.0805 8.67495 70
0.452085 1.27497 70
8.80708 9.59886 70
30.6773 0.762052 70
0.156311 -11.3643 70
1.33352 9.54295 70
-0.100855 -1.34087 70
79.884 -119.428 70
0.875205 11.3322 70
21.3124 1.48431 70
-0.942055 -1.3598 70
30.3403 39.8966 70
1.327 1.0334 70
-19.7427 -8.89801 70
0.99628 0.281313 70
-29.5711 30.1495 70
-10.4364 11.3366 70
-0.676978 -0.162909 70
9.06035 19.4386 70
1.44341 9.46739 70
-10.9429 0.244892 70
0.0830437 0.646126 70
-1.16511 -0.535857 70
1.32393 19.1893 70
-8.91394 0.352931 70
-38.5797 -20.9497 70
-9.83916 -11.2555 70
-1.26003 -0.191875 70
9.98399 -31.0226 70
-10.8338 -0.941289 70
0.758327 0.375489 70
-10.9821 11.4731 70
-9.8217 -9.12318 70
-1.1624 -10.712 70
-1.029 9.69146 70
-0.620985 11.2106 70
-10.5252 0.0670644 70
-8.89955 59.012 70
0.527007 -1.3336 70
-0.463328 -0.08697 70
-30.901 21.3738 70
0.404117 28.6373 70
0.572583 28.9125 70
1.03669 -0.609578 70
-39.4191 31.4506 70
0.480843 -0.237059 70
11.3382 0.0731113 70
-1.37231 -1.42063 70
0.435091 1.42939 70
-28.7897 1.43353 70
-41.0264 49.4571 70
1.09738 -0.223407 70
-19.8348 11.242 70
21.07 30.2176 70
0.868556 -1.11845 70
10.3803 0.412347 70
-1.22489 -20.5811 70
-0.908081 10.0472 70
-9.61581 8.83688 70
0.151106 1.31454 70
-10.2899 -18.8116 70
-0.994664 10.5536 70
-41.0024 -20.375 70
10.3372 10.2871 70
-9.94167 11.4468 70
-40.0825 -21.2755 70
-1.4302 -10.5191 70
-1.44689 -0.376182 70
-10.0311 0.783485 70
-8.65407 10.1617 70
1.35013 0.0285088 70
0.0968741 -1.48084 70
-0.827618 1.20481 70
-9.51506 0.124736 70
-10.7631 -0.967128 70
-10.3826 -11.3211 70
-8.72927 -8.5854 70
9.66685 -28.609 70
1.13749 -1.26156 70
19.3061 -0.967371 70
-11.0512 -0.799156 70
-1.39076 0.143496 70
-10.4719 11.0114 70
0.178965 0.826512 70
-1.01779 0.75477 70
-9.41734 -8.99176 70
9.37853 -18.9938 70
-0.163047 -20.575 70
69.2123 -9.37899 70
70.6779 -10.2904 70
69.4276 -9.27429 70
-10.0557 20.4463 70
1.38091 20.2984 70
-9.61976 -20.2291 70
-9.26344 21.11 70
8.60724 -29.7754 70
-21.1613 -10.0121 70
-10.0189 -41.1472 70
-0.237956 11.0905 70
-0.607083 -9.32812 70
-8.8515 -0.244894 70
0.978773 -10.0458 70
-9.07215 11.3811 70
-0.616084 -9.59997 70
1.49653 -0.964493 70
-41.0054 -1.16912 70
9.62326 30.9628 70
-1.36729 -1.03523 70
-8.68505 9.07214 70
-10.8029 10.489 70
-69.2237 30.8022 70
-1.34924 1.27764 70
-10.4004 0.654968 70
-9.60144 -0.276144 70
0.692058 0.152394 70
0.469429 0.832656 70
-0.819249 19.1589 70
-8.75881 -0.976929 70
0.234024 1.09902 70
-9.92778 -1.3859 70
1.11683 -0.204828 70
1.15788 1.00536 70
-0.589412 -0.676609 70
20.0366 -20.7411 70
-49.0598 -11.1739 70
-9.59425 10.0731 70
-30.1942 20.0829 70
0.610965 20.3137 70
-10.5792 0.767848 70
-11.2627 -0.93879 70
-0.138654 0.330868 70
-1.03466 11.1394 70
-8.56957 0.724574 70
-11.4074 -10.7003 70
-0.899108 10.3519 70
-19.676 11.3247 70
8.70574 -10.5332 70
9.55853 39.3237 70
0.41616 -1.03522 70
-10.2391 -9.08166 70
11.1133 28.932 70
-11.4409 -0.401623 70
-10.634 -9.84243 70
-9.75522 -11.3646 70
-10.8019 -11.1405 70
0.659273 1.3575 70
-120.603 50.6323 70
-0.721644 -0.599841 70
0.58289 1.38559 70
-19.2434 -0.8565 70
-1.42665 -0.831214 70
-9.46973 8.58226 70
11.0091 11.1345 70
-8.88317 -10.4173 70
-9.60625 -0.0966888 70
-9.78734 -0.053969 70
-8.82591 -0.755661 70
-18.5412 -1.12483 70
-10.1362 -1.27259 70
-19.9106 -9.38826 70
29.7622 -9.58603 70
31.3462 -50.5913 70
39.8913 8.87141 70
10.5214 -30.3839 70
10.7272 -30.5187 70
0.809266 0.105005 70
29.8756 -10.2576 70
-20.5691 -0.523254 70
-19.9054 -19.8158 70
29.6124 -1.08339 70
-1.28235 -0.503028 70
0.393516 0.604919 70
10.8601 0.625315 70
-8.79736 -8.5627 70
-18.7939 -1.11978 70
-10.6484 8.82689 70
-10.4443 -1.43061 70
-10.9857 1.11444 70
-10.0408 -0.453892 70
-11.46 0.485325 70
99.8146 9.92837 70
10.4295 -9.79058 70
-21.3531 -9.99264 70
-10.7383 1.45443 70
-39.8053 0.170644 70
-9.89126 -0.921557 70
1.30695 0.464184 70
0.540427 0.0459699 70
8.73604 -20.4107 70
0.024275 -0.531561 70
-9.04761 1.3392 70
1.34422 21.0414 70
0.209578 0.985012 70
0.664842 0.326211 70
0.0941177 10.4412 70
-0.372204 -0.165679 70
-9.13354 11.0216 70
-0.387384 -1.00807 70
-0.906582 9.45873 70
-20.4271 11.2608 70
9.28578 -0.838193 70
-0.527736 9.14304 70
-0.978785 10.7457 70
-8.84603 19.6517 70
-9.37027 19.2121 70
-18.5562 11.0335 70
-0.29885 -0.996717 70
-10.4782 -1.39035 70
-0.174777 -21.3627 70
-0.505417 -18.7526 70
9.34199 -28.7145 70
1.47061 0.214573 70
-11.2655 0.0955902 70
1.20479 0.432614 70
21.3198 19.6099 70
-1.30027 -21.0456 70
-11.2239 -0.410044 70
20.7471 -10.5758 70
1.28459 -10.3431 70
-39.6372 -39.7894 70
0.0731327 0.493764 70
-10.4743 -0.0523472 70
-11.339 -9.10094 70
-1.41455 -1.14942 70
0.194103 9.75302 70
-8.9872 18.6416 70
10.4035 9.52842 70
-10.3694 11.1326 70
-30.6073 -9.34897 70
-20.5369 8.65556 70
-9.2614 -1.19389 70
1.40737 1.44341 70
-9.82882 -8.80342 70
-1.13093 0.540797 70
-21.232 -29.4788 70
-21.3025 -0.354564 70
0.697034 0.295711 70
-8.68248 -1.33018 70
-9.35137 0.147047 70
-18.9541 -1.10435 70
-20.6692 -1.40564 70
0.929836 11.3714 70
-21.2447 8.75155 70
0.0043854 0.0711837 70
-0.960258 0.719286 70
30.0057 -49.8386 70
-49.1431 31.0549 70
-11.1266 9.45932 70
-10.2802 11.0969 70
-8.57309 -20.4655 70
-10.44 -19.989 70
-11.1317 10.8121 70
-10.2408 -19.933 70
-0.330982 1.33298 70
11.1709 0.337414 70
-8.78086 11.0752 70
11.003 18.7057 70
-10.4873 -0.78228 70
-1.43645 0.694959 70
28.758 -10.1612 70
0.221728 8.91474 70
-1.12846 8.7791 70
-0.341606 1.23204 70
-9.47272 -1.16349 70
-11.4573 0.356272 70
1.49167 9.32662 70
0.215183 9.88082 70
-1.00714 10.0356 70
-1.26516 -1.1426 70
-50.9789 10.3616 70
8.58563 21.2472 70
0.9151 0.992104 70
9.88486 -0.237534 70
0.511868 0.00167604 70
-0.298886 9.10801 70
41.3688 -0.767971 70
-20.9447 -30.3643 70
0.421997 10.9854 70
-38.7808 0.0341326 70
39.7573 -71.1628 70
-1.22952 10.3704 70
-11.4787 -11.0408 70
-11.2159 -0.81904 70
1.28818 0.94327 70
-10.9566 9.84014 70
-0.0287801 -0.665193 70
0.845232 -1.39985 70
-50.0221 -29.4563 70
88.9018 -0.397794 70
-31.4001 21.2808 70
-9.90669 0.508343 70
-10.1228 1.34546 70
9.58571 -1.22816 70
0.277194 0.658216 70
-9.39951 -0.986694 70
-0.505102 0.711587 70
-9.04452 -9.4182 70
-8.59494 10.4149 70
-0.741454 1.01768 70
-11.4965 -8.58489 70
-10.3204 -0.586948 70
-18.8015 -20.1056 70
0.245374 -0.219601 70
-11.1068 20.8007 70
-1.18414 9.6557 70
-9.26058 -1.32844 70
0.620856 -0.774596 70
10.6227 20.5612 70
-10.3102 9.92101 70
-9.92237 -0.101696 70
-0.500152 20.9242 70
9.31132 10.0362 70
-1.24297 29.0536 70
-50.7335 -18.7393 70
-11.3738 9.94636 70
0.804404 -11.0361 70
-8.53323 -21.2489 70
-21.4357 -10.4264 70
-9.80225 29.4972 70
30.9279 18.5868 70
-0.310667 10.3869 70
-9.19545 0.748704 70
-0.242095 -1.06223 70
10.7272 1.12536 70
-9.06653 -19.0376 70
30.6698 -0.771085 70
-60.2264 -0.250975 70
-9.46409 10.2165 70
-20.4503 1.17491 70
-9.89607 0.46935 70
-10.4135 -0.610962 70
-0.437217 -20.817 70
1.03431 11.414 70
-0.37631 -0.939146 70
0.353974 10.9192 70
10.514 20.9321 70
-0.428438 -0.741009 70
-9.62517 1.37336 70
-0.449349 -1.09518 70
1.36712 -9.38757 70
-20.0248 -9.34316 70
-0.664122 -0.531769 70
-10.3071 -1.493 70
-0.265652 -0.111669 70
-0.495207 0.0286547 70
0.60074 1.1843 70
-19.5895 -100.553 70
-1.46386 -18.8044 70
-1.08163 20.3975 70
1.40888 20.8974 70
0.0217685 18.9774 70
1.13261 9.86756 70
8.57913 -20.8004 70
20.4309 -10.367 70
-10.5531 -20.291 70
-0.238801 0.961143 70
-8.87289 0.963825 70
-9.89485 10.8483 70
-9.42246 11.4583 70
-11.038 0.367392 70
-11.058 -1.21386 70
10.0826 9.58494 70
10.8242 11.0472 70
9.06813 29.7846 70
-1.245 0.522739 70
-9.56524 -1.24523 70
-9.76498 -1.08367 70
-10.1653 0.806056 70
-11.466 -10.5248 70
-10.5293 59.0961 70
-11.2401 11.3769 70
-1.40422 10.1514 70
-0.608356 -1.11337 70
0.0336719 1.35572 70
-0.839931 8.8589 70
-19.6135 9.33864 70
-18.7498 -10.4979 70
-0.0542266 -60.2455 70
9.3059 -50.7769 70
-29.5176 -90.4321 70
-9.62487 -0.321679 70
-8.93145 1.03662 70
-39.0532 -0.637859 70
-9.66977 30.0768 70
-0.289954 -1.31031 70
-9.90244 -21.1001 70
-9.3768 -20.0464 70
0.922061 -9.408 70
10.1302 -9.18026 70
-8.85368 -8.8479 70
-10.4016 -0.06953 70
-29.7586 1.0375 70
-10.0899 -1.49233 70
-0.707156 11.0751 70
0.174214 -11.0035 70
-98.5756 58.7232 70
-18.507 -9.95898 70
-0.641346 19.0623 70
-9.19806 1.27681 70
1.11382 10.6268 70
-0.742684 -19.5507 70
98.7436 -9.00996 70
-78.8172 41.4962 70
-0.722753 0.382177 70
-19.3832 -19.9028 70
-0.659783 -1.48726 70
8.61464 -69.0269 70
0.742051 -0.207561 70
21.1765 1.22969 70
-38.6854 -8.55302 70
-10.3276 11.1621 70
-0.240654 0.0891767 70
-0.550575 8.67096 70
-29.5619 10.2036 70
0.0908682 9.31941 70
1.17914 -10.5462 70
-0.228344 0.236388 70
-1.04888 0.762205 70
-0.992777 1.00486 70
0.619247 0.133875 70
1.36431 10.2538 70
-49.8949 30.4709 70
-0.586136 -18.8325 70
0.609051 0.654254 70
-8.85704 -0.398528 70
11.0853 9.26972 70
