11.3579 31.3016 70
0.884813 -1.06887 70
10.5012 1.35994 70
-10.6564 -9.88887 70
0.223621 8.62037 70
1.18423 -0.421688 70
0.341034 -0.421782 70
-20.7622 -40.9728 70
0.845206 1.25421 70
-8.50854 -11.4959 70
9.43291 38.5484 70
-1.31291 1.04931 70
-0.198018 -11.0896 70
0.47625 51.2405 70
-9.20331 10.7708 70
-11.093 -10.1761 70
-11.3326 -8.54566 70
-9.70844 -1.02021 70
-28.8362 1.22035 70
-20.1067 8.84584 70
0.42143 -0.0578685 70
-10.0383 -9.6796 70
0.0567977 -0.498817 70
-20.7418 8.58452 70
-10.6577 -9.66361 70
-10.0592 -9.03137 70
-30.1565 9.57971 70
-40.5567 -40.7166 70
-9.368 -10.8205 70
-19.3182 -20.4958 70
-50.0708 -9.17595 70
0.235673 0.666462 70
0.300258 18.9936 70
10.3817 -8.98093 70
0.0300184 -1.36717 70
39.6397 18.8171 70
19.2502 -21.1054 70
11.4985 9.95849 70
-19.7425 -11.3247 70
-11.4732 9.96693 70
9.75927 -29.6791 70
29.4076 -59.67 70
9.21238 70.6391 70
8.98529 71.3406 70
21.1527 1.1831 70
-10.0083 1.42011 70
9.54963 -1.1455 70
-10.1669 10.9724 70
-10.4871 -19.2879 70
9.47684 -28.5902 70
0.300112 -8.70564 70
0.966622 -9.4917 70
-29.8886 -9.43227 70
9.05745 -11.1759 70
0.774089 -8.68212 70
-21.2656 -9.36449 70
49.454 19.8329 70
11.1176 1.24827 70
19.4037 10.7408 70
-38.6492 -31.2604 70
-51.3208 -19.9374 70
10.3384 -21.0461 70
-0.57051 -10.8666 70
-8.54091 -8.61994 70
-20.3412 -9.71228 70
0.954436 -10.4326 70
10.5991 -1.27859 70
-1.3601 -0.16373 70
-1.13271 -39.5122 70
-8.94972 -0.775737 70
0.0240575 0.0110097 70
10.1623 8.87426 70
-0.922732 -11.26 70
-8.78033 -10.2669 70
-11.3961 -9.08581 70
0.0730777 -0.806109 70
-30.0672 -10.9761 70
0.346986 -18.899 70
0.484108 -20.5913 70
48.632 -40.379 70
-9.66655 0.967209 70
-0.039428 0.985343 70
-9.92221 -0.365648 70
-9.9435 -10.0515 70
-19.9488 20.9184 70
-10.8868 -1.14161 70
-9.78209 -1.35499 70
1.07288 0.882454 70
-1.38498 -0.454145 70
0.786093 -9.34258 70
-0.874103 0.538643 70
9.07774 -9.6436 70
-10.6439 -20.4916 70
-18.7952 0.0998711 70
-21.0483 1.00887 70
0.732842 -10.4291 70
-9.07248 0.48482 70
-21.3272 -9.1026 70
-10.891 10.6108 70
21.3199 -8.71032 70
-9.98188 -9.11558 70
-10.4946 1.06624 70
-1.44385 9.80939 70
-0.21799 0.231568 70
0.668736 0.961377 70
-11.0987 -21.3317 70
0.48955 0.975983 70
-50.2496 49.3387 70
-10.7249 0.388744 70
1.28168 8.5093 70
-10.4515 -9.31845 70
9.66925 -10.0412 70
19.5893 9.89486 70
0.0422626 1.48124 70
-0.103707 -0.808342 70
41.2563 -18.7582 70
-10.7076 -21.3122 70
1.40259 -19.3415 70
18.9475 -31.1635 70
-19.1687 10.3475 70
-50.2659 -19.4476 70
-10.9289 -0.21677 70
1.0648 -11.2801 70
-8.60995 11.397 70
-0.126862 -11.1301 70
-1.1264 -1.41611 70
-39.3438 8.53165 70
-41.4224 9.6109 70
9.03541 10.7779 70
31.1072 29.8467 70
38.6022 9.59701 70
-9.33903 -20.3784 70
1.01857 -9.77162 70
-11.4161 -9.59791 70
0.172123 10.3362 70
0.403568 -10.7596 70
-9.81778 -0.757828 70
-11.1199 -0.58954 70
-0.769274 20.6753 70
21.0041 -29.8839 70
31.1366 -39.5113 70
-0.601833 10.8421 70
-18.9728 -9.97552 70
-20.3561 -10.9852 70
-0.990719 -9.33006 70
-11.0097 0.420608 70
-0.262371 10.3009 70
-30.7101 -9.09083 70
1.03402 -19.3852 70
-10.6013 -9.07999 70
-10.3084 -10.463 70
10.3676 -11.3114 70
10.9374 -20.816 70
-11.3841 -0.0794231 70
30.0319 41.0461 70
-1.45059 -20.9781 70
-8.60653 0.199118 70
-120.55 9.78196 70
-9.37054 1.0212 70
19.2813 -10.0555 70
-31.0416 -30.2603 70
-11.1063 -9.7567 70
-0.976201 -0.886218 70
0.696617 0.178335 70
-18.8835 -21.2241 70
-8.62153 10.1716 70
-1.12977 -11.3635 70
1.41394 1.4479 70
-1.06902 0.923393 70
-1.21946 -8.74394 70
1.22689 -1.00283 70
-0.235442 -10.0253 70
10.8747 8.60226 70
-11.038 -0.433658 70
-9.01452 -10.6774 70
-9.89109 -10.0905 70
0.486341 -1.34797 70
1.34157 -0.195498 70
0.956329 -9.8418 70
10.73 -18.7285 70
-10.5361 -0.434099 70
-39.0463 1.43809 70
-20.2527 0.355985 70
-9.37588 -9.41817 70
-10.4621 -38.5773 70
-11.3152 -11.4452 70
18.5928 30.9857 70
1.08186 0.820514 70
-10.145 1.32917 70
-9.09977 -21.2336 70
-0.0950014 0.300459 70
-11.1835 -39.4807 70
0.365122 -10.7212 70
-11.4725 -9.5241 70
-11.0816 0.942601 70
-1.2246 0.589945 70
-0.3075 -8.74349 70
-10.8761 -21.4428 70
-10.5816 -11.1214 70
1.48616 -0.585799 70
-10.1656 8.56927 70
20.1929 -8.74092 70
-0.0979486 0.955355 70
-40.4273 -8.81335 70
-38.6874 -10.2261 70
-0.623992 -10.7259 70
-0.638336 -11.1801 70
-0.872403 -11.3469 70
-19.1113 21.0509 70
-11.2938 -9.93429 70
-10.2859 -11.4583 70
1.05696 -9.45941 70
9.21959 -29.8167 70
1.29705 1.11344 70
-49.2629 0.955475 70
-0.236313 -10.5405 70
-8.51738 -1.2293 70
-10.0111 -10.556 70
-21.2372 -11.1846 70
9.65616 -9.69485 70
-0.816377 1.094 70
-18.5943 -8.50978 70
0.591302 -10.0819 70
-0.195365 0.13928 70
11.0704 -59.2235 70
-10.6015 -10.9782 70
-20.2782 -0.333194 70
-8.57215 -0.624496 70
-1.34079 8.67903 70
-19.7545 30.8914 70
-0.728703 -20.0972 70
-0.934399 -19.8015 70
19.8155 51.0137 70
0.617922 -18.5142 70
-0.469095 -0.707337 70
1.2925 -10.6636 70
-1.28944 1.25802 70
-10.9229 -0.27474 70
-8.91895 1.23959 70
-19.0749 10.0663 70
0.842729 41.2298 70
9.33715 -1.32826 70
10.9516 0.644835 70
-9.41045 9.13914 70
0.90871 -9.44846 70
-19.0642 -8.71698 70
-19.0639 41.3354 70
-0.382208 -0.019507 70
-9.82127 0.135396 70
-0.717599 1.03688 70
0.445423 -1.14486 70
-118.968 48.9988 70
-0.910354 -0.996528 70
-8.8787 -10.8838 70
-0.999058 0.956668 70
-11.4733 -9.72954 70
-9.17625 -11.3286 70
21.4518 8.88147 70
-0.695245 51.1727 70
-39.3311 -10.9519 70
-19.3002 -18.6776 70
19.4953 -10.349 70
-19.4724 -11.2832 70
19.7025 -39.6969 70
-10.8877 -19.6727 70
-29.5277 1.30431 70
-0.833 11.1612 70
-1.20683 -10.8784 70
-29.6295 9.21832 70
9.20898 -19.9834 70
-8.58255 -20.1078 70
-19.9265 20.4201 70
0.719653 11.1941 70
-28.8222 -30.0365 70
-0.897653 -1.32271 70
0.204167 -0.530698 70
-11.2874 11.3572 70
-10.7147 -9.48401 70
-0.885545 21.4015 70
0.561622 0.267651 70
-9.50617 10.5345 70
9.65086 11.1767 70
-8.77359 -9.75249 70
8.95128 1.39767 70
-0.737993 1.05882 70
1.10714 1.37407 70
-20.6508 0.655189 70
-18.9133 -0.0549253 70
-0.588135 -10.7905 70
1.27773 -78.7428 70
38.5394 -20.1579 70
-19.7946 -10.483 70
8.52448 10.6046 70
-10.6695 30.8252 70
-9.58806 -11.4909 70
-9.27369 -8.5998 70
-11.1393 -10.0323 70
-9.4015 -10.3722 70
-20.1983 50.7888 70
-19.2762 -21.482 70
1.32636 -0.0165446 70
-9.48759 10.7522 70
-9.54432 9.88497 70
-9.95166 -1.4948 70
-1.24033 20.3332 70
-11.0507 -1.11169 70
-0.131096 -9.95173 70
-10.6597 -11.32 70
-0.434101 -29.5198 70
-10.0808 0.712525 70
-10.6399 -0.887837 70
19.4021 -41.4792 70
-9.18382 0.779173 70
-29.8241 9.04329 70
-9.71873 -9.26957 70
0.0335226 20.1027 70
-20.1078 -20.5847 70
-0.0605545 -10.3942 70
-20.2304 0.677103 70
-11.1181 -9.13531 70
-9.77999 -9.90956 70
-11.2891 -1.06838 70
9.79544 0.982201 70
-19.8191 10.956 70
0.328612 0.890126 70
-9.8211 0.865668 70
-10.0924 -9.41855 70
-9.1482 -0.317768 70
-21.306 9.2693 70
-18.6529 -10.1215 70
-10.5563 -0.84898 70
-0.439199 -10.1048 70
-0.185834 0.282967 70
-0.754985 1.33243 70
-20.1082 -11.2248 70
-9.71078 21.3425 70
-0.0715827 49.7148 70
20.4341 11.2397 70
0.316732 -10.7421 70
-19.0676 -9.54216 70
-9.98089 -11.0397 70
-1.066 -0.713746 70
-9.5545 9.3125 70
-10.2329 10.1485 70
0.89761 -11.3858 70
20.1893 30.1953 70
-30.1697 -20.7111 70
-0.851077 -10.5658 70
70.0124 -9.12628 70
-9.19547 -0.679493 70
0.706118 0.39127 70
0.775349 -0.740468 70
18.6771 -18.9067 70
-10.9433 1.12269 70
-11.1952 -0.0527637 70
-0.182447 10.8278 70
-10.9104 -1.36516 70
19.8825 0.740991 70
-0.603538 -9.52261 70
100.916 89.836 70
-1.36859 -1.27606 70
9.03509 -8.6609 70
-9.75339 -19.1606 70
-38.8486 -20.1859 70
29.6741 -10.6071 70
-0.496357 -9.90534 70
-8.72549 -29.8953 70
21.3595 -101.197 70
18.7658 -100.588 70
0.00222934 -0.521331 70
-9.958 -1.23299 70
0.537147 -10.952 70
-1.29958 -18.7252 70
-9.09527 -1.26696 70
-10.1032 -9.95592 70
0.988601 10.5892 70
18.5437 98.8883 70
-0.916726 -30.0897 70
-20.44 1.24364 70
0.563776 11.1861 70
-9.31318 0.0594824 70
0.33012 -9.85644 70
9.1659 -8.81742 70
-0.934455 -10.7923 70
-9.03128 0.899726 70
-11.2344 20.5731 70
-9.20415 0.167754 70
-19.6002 -10.1695 70
1.12154 10.3773 70
-0.179366 1.32715 70
-8.57303 -1.08142 70
-9.11563 -9.08318 70
-21.2009 -0.162284 70
-0.590106 -10.0071 70
-0.544643 0.00274663 70
-0.651033 -8.88175 70
-21.1083 0.57995 70
-10.6936 -0.635965 70
-10.8092 -10.0326 70
1.09962 11.0179 70
-31.3869 30.8083 70
-8.68839 -11.4659 70
0.522996 60.3935 70
-9.37726 -0.238461 70
-9.69166 0.382449 70
9.59745 9.9422 70
10.9297 -11.1781 70
11.493 -28.7357 70
28.972 -1.3556 70
29.4184 1.04098 70
90.2954 -99.9753 70
0.0885338 -9.90556 70
-1.0716 0.926197 70
-10.1621 10.393 70
-1.45121 0.394365 70
-0.473296 0.0978968 70
-80.7627 -19.7425 70
10.2327 -10.5397 70
10.2448 -10.2949 70
-1.3732 1.29014 70
-0.158109 -11.4408 70
-19.2818 -10.7821 70
-9.90371 -8.83693 70
59.0133 9.41755 70
-9.55263 1.24202 70
-0.552464 -9.43372 70
10.3889 -1.44283 70
8.8393 0.0582307 70
-11.129 -18.574 70
-10.915 -1.163 70
-8.79921 -0.138629 70
-39.8432 -30.7482 70
1.08858 -8.61323 70
-0.793757 -1.2473 70
-1.47356 0.454521 70
-1.05484 8.56385 70
10.0007 -10.0392 70
9.26198 -11.3687 70
0.62017 -1.0203 70
0.92661 -11.1472 70
0.631603 -0.537131 70
-9.67791 -1.33287 70
0.889034 0.283616 70
0.87712 1.05619 70
-11.1926 1.35411 70
-1.22717 -9.88905 70
19.1405 -21.2559 70
0.357014 0.99773 70
-10.9884 -0.659999 70
-29.2094 11.4319 70
-0.487209 1.36758 70
11.4904 0.748666 70
0.218908 -9.92144 70
9.8239 8.72194 70
71.3818 -20.0073 70
-48.5171 -10.6577 70
1.02285 10.8019 70
-8.6683 -11.4957 70
-1.47403 -11.2068 70
0.387569 -9.75721 70
-10.9055 -20.7493 70
-11.4068 -0.990605 70
0.679438 9.40244 70
0.616457 -10.1916 70
-0.333331 -9.61039 70
-9.5098 -0.184624 70
-1.02055 -11.1017 70
-0.731646 -9.69779 70
-0.394653 -0.147624 70
-30.3289 -48.7592 70
-9.22548 -9.47062 70
11.0413 -11.4687 70
8.90123 -9.60816 70
9.40168 -8.64017 70
10.0575 -0.593439 70
-10.0531 -10.9883 70
-28.7135 -10.1123 70
0.0806109 -0.125224 70
-11.3001 -9.20041 70
9.94051 -9.49815 70
-30.2793 21.4418 70
-9.56834 -0.733573 70
1.45696 -29.3354 70
-8.57482 0.51823 70
-28.6797 -80.8166 70
8.70112 -40.2138 70
-9.24398 -0.235821 70
0.612592 -1.12515 70
-0.389719 -0.90626 70
-1.12262 0.342494 70
-0.31882 10.4314 70
-8.62919 1.33312 70
0.708028 0.354592 70
0.338531 -10.7353 70
-8.97472 -1.0644 70
9.51638 -8.77712 70
-10.9775 0.969492 70
20.7155 50.8719 70
-8.91684 -0.137833 70
-20.3889 -11.4332 70
-21.3839 -10.3191 70
9.21316 -9.5699 70
-29.2399 -0.785869 70
40.536 19.7452 70
1.286 1.07015 70
-29.8335 -10.2806 70
0.11502 -10.1594 70
-8.97901 -31.1631 70
-9.23255 0.0119409 70
0.841533 -19.3099 70
-21.2955 -58.7545 70
0.00667844 8.52056 70
11.3028 -1.02527 70
0.452884 -11.124 70
-19.958 -10.2322 70
-10.9167 0.671157 70
-29.3946 79.6081 70
-39.4612 -9.0883 70
-20.556 -0.164166 70
-21.2607 0.634435 70
-11.1055 -0.044591 70
0.218277 -0.00897312 70
-11.4382 1.10678 70
-8.60466 0.579023 70
20.5709 1.09317 70
0.103345 -40.1936 70
-9.99408 -30.0448 70
-10.7183 -9.27654 70
10.7102 -1.03255 70
-1.33862 -49.104 70
0.229101 -9.45367 70
0.110617 1.2734 70
-20.0399 -29.8699 70
8.64122 -1.09681 70
-8.53398 -10.8333 70
-9.14064 8.97647 70
1.09951 -20.4573 70
0.895915 -0.47465 70
-9.21614 -9.81946 70
-0.574896 -11.1567 70
0.965403 10.3471 70
-0.35508 0.311342 70
-18.6833 -10.4871 70
-8.93979 -20.4474 70
-0.293842 -29.0451 70
-30.5092 -20.3059 70
-19.9384 -8.79477 70
-19.6129 20.6108 70
-0.724446 -0.972345 70
0.430482 -8.74283 70
-1.45917 -11.0593 70
-0.730501 20.9421 70
-18.957 -21.3038 70
-0.801164 0.589569 70
0.0341053 -0.4099 70
-0.280419 -39.8628 70
0.114146 -21.0522 70
0.293742 0.20001 70
-9.69252 -11.0354 70
0.843834 -9.69083 70
-38.9179 -29.4209 70
-18.8142 -9.50085 70
-30.7132 19.7098 70
-0.870462 -0.0718607 70
-9.48731 0.753216 70
1.20408 -20.3328 70
-9.89924 -9.00013 70
-0.758925 -10.2137 70
-21.4145 -29.3762 70
20.2823 9.09585 70
-20.9812 11.0888 70
10.8315 -38.6692 70
-9.4761 1.23284 70
-8.66177 -1.12351 70
-19.2952 1.28898 70
1.31129 0.58827 70
20.4844 40.2094 70
-8.50135 -9.77812 70
-20.9095 9.6185 70
-1.1667 -10.1312 70
-21.1982 -19.4369 70
-20.2291 -1.45036 70
-20.2405 -0.588833 70
-19.9802 0.0227352 70
-9.12594 -0.846982 70
-10.8985 -0.635852 70
9.6133 -10.592 70
-11.2353 -10.2084 70
-8.66328 -10.8393 70
78.5811 20.7182 70
-9.02645 -8.61216 70
-9.88937 -9.16127 70
0.598419 -11.0103 70
10.2279 -9.97628 70
8.51178 -1.33931 70
0.998906 -0.733723 70
0.685239 -9.82293 70
-10.4213 -0.542332 70
-11.2554 0.935652 70
-0.527349 0.964773 70
1.11664 -1.25599 70
0.952228 -0.41264 70
1.45989 1.34892 70
0.408894 -1.38144 70
-1.42596 -19.9137 70
-0.777361 -0.830888 70
-0.670617 -9.6797 70
-10.8069 -0.201699 70
-8.92313 -0.0867707 70
-1.20394 -10.675 70
-0.953959 -11.0754 70
-10.7048 -1.49324 70
-48.74 -20.8637 70
-0.0134229 -0.61509 70
-9.32414 -9.68093 70
-10.1442 1.40314 70
1.15869 -0.309146 70
1.21503 -10.3819 70
-1.25426 -19.3847 70
-9.41748 -10.9118 70
20.1806 69.8892 70
-29.2841 60.7502 70
0.99783 -20.6249 70
49.0572 -60.3387 70
1.37073 -8.73945 70
-10.5345 1.02268 70
19.4974 9.8358 70
19.6047 28.6457 70
-20.6917 -10.3017 70
-21.0372 -20.5729 70
10.1292 -18.5215 70
-0.776073 1.3507 70
-8.59939 -0.663698 70
-9.7142 -20.384 70
-10.4577 -9.34107 70
0.378986 -0.905302 70
-19.7337 -11.2347 70
60.883 -30.3966 70
-10.6258 -0.0242766 70
0.316064 9.3313 70
-8.80464 -9.45491 70
-18.5595 -20.5876 70
61.3191 9.95779 70
-8.56879 11.1923 70
-9.72091 0.595357 70
-9.19482 -10.228 70
-11.4956 1.17871 70
-9.89723 -0.944906 70
-8.7584 -8.79904 70
20.9256 -9.66528 70
-1.03656 -1.17219 70
-0.87811 -20.8 70
9.60599 1.35701 70
-8.95198 -9.38652 70
-21.4683 -20.7692 70
0.277902 -0.321135 70
-8.7801 1.10124 70
-21.1928 9.08852 70
-10.5113 -9.82584 70
-9.2647 -90.8544 70
-1.35095 19.6459 70
-18.7292 18.9114 70
-29.7945 48.5951 70
-0.744706 -1.11809 70
-30.5475 1.35385 70
8.75626 -8.93296 70
0.587503 -18.8179 70
9.7891 -10.3848 70
0.905235 -10.7692 70
-11.3059 10.6489 70
-29.7096 -8.65978 70
-19.7236 -48.7637 70
9.77016 -39.9546 70
19.8435 -0.215385 70
1.0192 0.169912 70
-10.8434 -8.54618 70
10.6381 -0.0508024 70
1.15444 10.1961 70
8.88293 -8.85883 70
-10.4608 1.26122 70
-8.73913 0.209026 70
0.150613 -9.67643 70
-0.390793 -30.5609 70
-10.4803 -10.2753 70
-20.3546 19.3816 70
-21.3689 9.59418 70
-10.0129 -0.677661 70
-11.3627 1.24371 70
-11.0882 1.04695 70
-11.4244 -10.7014 70
-0.528604 -1.31558 70
1.46912 -1.07536 70
-0.168397 -39.1504 70
1.4756 0.602524 70
-10.8539 -1.08673 70
-9.4685 -20.9534 70
-38.6763 18.6787 70
-9.8374 -0.618536 70
108.862 41.4851 70
0.376577 -10.0941 70
-10.5782 -20.8159 70
-0.960593 -9.22595 70
8.5645 -9.54682 70
18.7761 50.8294 70
-60.3435 19.6588 70
-11.3134 -28.598 70
-10.1585 9.44367 70
-9.41237 8.92158 70
-9.34244 -1.16213 70
0.805325 -1.27371 70
0.773081 -0.0344326 70
-10.1797 -10.4298 70
-11.4788 -10.8398 70
-10.6187 0.906046 70
-10.4553 -9.20142 70
-11.4476 -1.19482 70
90.143 -18.7757 70
-1.26037 0.264192 70
-8.61165 0.815045 70
-10.8762 0.295788 70
-70.6827 -20.4985 70
-0.358268 -19.2285 70
1.49399 -19.7086 70
-1.43191 1.40107 70
-10.9052 -0.261345 70
-0.872367 -18.6517 70
-0.7138 8.91552 70
0.582869 -9.9091 70
48.9897 -29.582 70
-0.863022 0.489562 70
0.723955 -9.09586 70
-1.2263 -0.298675 70
60.1097 -70.0793 70
-9.31334 -9.08131 70
-19.8015 50.606 70
-20.5468 -8.93701 70
-11.0856 0.777048 70
-9.11849 -0.761197 70
-10.8094 0.528044 70
