-0.2191 -1.16485 70
-10.8626 9.93632 70
0.360544 10.4465 70
0.80278 30.6734 70
9.60053 10.2067 70
-20.8684 -19.4773 70
70.349 98.9363 70
-0.119621 11.3343 70
-10.5759 10.6038 70
-89.1264 -0.480036 70
-1.49434 10.3186 70
-29.2891 -20.9694 70
-0.0470638 -0.677262 70
-31.1819 10.8138 70
-21.0747 -0.875401 70
-11.3461 1.24582 70
19.4003 29.5026 70
-1.34885 -0.898771 70
-0.901925 -1.15358 70
-70.6419 40.358 70
0.995473 9.42832 70
10.3686 0.313993 70
0.0195089 -1.27531 70
11.0154 8.82796 70
1.17953 -1.35278 70
20.1328 8.75878 70
-0.741087 -0.504693 70
10.2994 1.45495 70
10.4004 -9.35209 70
21.314 21.2025 70
9.55062 19.5654 70
11.0507 20.0616 70
-20.812 0.306428 70
-0.571504 10.418 70
11.1542 -0.869436 70
-0.529944 29.9543 70
0.207584 0.381528 70
-0.957965 9.84503 70
1.40508 9.27379 70
0.156817 -38.9008 70
-0.0285479 1.23781 70
-10.8944 1.05888 70
0.245815 -19.4296 70
11.2965 -1.02467 70
9.64041 0.259247 70
0.400247 -0.553109 70
1.26397 -0.00512026 70
-1.30896 10.9089 70
-30.7709 98.7136 70
1.49468 -0.077899 70
-20.1891 -0.339873 70
10.2217 30.3441 70
0.66783 -0.141072 70
-0.35338 1.08016 70
1.16422 0.09061 70
-1.20835 -0.90651 70
59.4072 59.3202 70
-1.03628 -0.34881 70
0.726768 -8.76304 70
-1.17958 1.09088 70
1.16906 9.15666 70
19.2114 10.9838 70
0.318468 21.2999 70
-0.917745 0.644406 70
0.24453 18.9494 70
-0.441122 0.887455 70
-0.43578 10.1835 70
10.7388 9.53159 70
-1.38966 9.06577 70
-0.29832 11.11 70
-9.6519 20.0734 70
-0.730342 9.64404 70
0.99517 39.199 70
0.324749 -0.424756 70
-10.1801 9.49731 70
-0.566075 10.2103 70
88.8899 101.214 70
10.3226 9.57675 70
-0.709257 -0.366486 70
50.8453 8.80122 70
19.4143 -0.166012 70
0.720602 8.74058 70
-11.1601 -0.410444 70
0.149118 9.3508 70
-9.46044 0.602469 70
-11.1046 1.2049 70
1.04562 -1.05578 70
9.33392 1.32351 70
9.00729 -0.346154 70
1.13621 29.1845 70
10.876 -0.676472 70
-1.15665 -0.514641 70
1.00013 -1.33568 70
19.9504 -19.428 70
-31.0383 49.8607 70
-8.60037 -10.1817 70
-30.5762 -0.950388 70
-0.841657 20.2697 70
-0.764132 -1.46768 70
-0.238568 9.14238 70
29.0054 40.5168 70
-8.58243 1.22294 70
10.0874 0.684145 70
10.9752 0.679076 70
-1.04998 0.661392 70
-11.237 10.4289 70
-8.71439 9.3201 70
-10.4482 -0.932655 70
19.9443 19.8499 70
0.100205 30.7694 70
-9.11188 60.7738 70
-0.0127998 9.85222 70
0.352125 8.68092 70
1.3576 -1.05719 70
-10.1812 10.912 70
90.7819 109.408 70
-1.00626 10.1754 70
-20.6267 -10.2525 70
0.00254218 0.861778 70
0.807997 9.5751 70
-40.2645 39.5324 70
-0.45987 -0.0458463 70
21.4213 -10.6743 70
19.5289 -1.36179 70
0.151322 8.73149 70
10.2656 1.29831 70
8.51042 -9.5666 70
-0.79422 0.962123 70
-19.8182 8.6221 70
0.711579 0.287215 70
0.154632 0.457445 70
39.1432 -21.3806 70
-0.379233 8.84267 70
-1.05672 0.442532 70
10.7292 -0.576241 70
-0.770104 8.68133 70
-0.500271 -0.999161 70
0.485413 19.7027 70
0.812228 9.1848 70
10.2927 -10.4867 70
0.729038 10.8015 70
59.3918 30.4179 70
-9.95941 0.550778 70
30.571 9.02231 70
-11.4313 0.274149 70
-10.8696 10.6353 70
-0.248195 9.09696 70
9.06915 9.29897 70
10.6875 9.94307 70
1.39278 -0.810227 70
-9.8877 0.580066 70
0.66443 -0.16367 70
0.551455 -1.39852 70
8.92199 -10.8129 70
-1.22486 0.690339 70
-0.569383 1.01206 70
9.97192 10.7347 70
50.9228 -100.191 70
0.648465 -9.14784 70
-19.4387 -8.81232 70
-0.412221 1.40362 70
1.41153 -0.18727 70
0.444437 -0.895411 70
-19.9464 58.9568 70
-0.91147 -21.0297 70
-0.477516 0.563011 70
-1.38855 9.96464 70
10.9224 -0.893157 70
0.838594 1.48825 70
0.678711 10.829 70
1.2554 0.894529 70
-9.80208 19.3982 70
-1.40627 9.46857 70
18.5814 -1.19049 70
-0.188664 9.33314 70
-0.978852 20.9864 70
10.8813 -0.571902 70
9.53752 20.8811 70
-90.7508 -19.2685 70
-0.0327648 0.318281 70
11.2378 11.197 70
-1.07259 -0.821874 70
11.4608 9.20575 70
10.552 60.8397 70
-0.234247 0.916509 70
-0.598909 0.478126 70
10.9057 1.48843 70
1.16137 -0.575495 70
0.360044 -0.472306 70
-1.43209 -10.1327 70
1.33078 10.9236 70
0.97639 8.87366 70
8.59057 -9.07256 70
0.207681 -8.77552 70
-1.32723 10.4273 70
-10.7995 9.64922 70
-29.0355 -20.683 70
-0.119905 10.3794 70
0.19356 9.06988 70
-18.7243 9.44439 70
-1.27206 11.1097 70
11.474 1.21046 70
8.83152 -0.874447 70
-0.46239 9.9226 70
-9.58794 1.00968 70
-28.7687 -19.2921 70
0.703512 10.779 70
0.666901 -40.7371 70
11.4492 10.6826 70
-1.40826 8.67181 70
0.804777 9.76996 70
-0.715267 10.1554 70
49.2879 18.5736 70
-0.27773 0.733552 70
-1.09532 9.20034 70
1.01722 20.9675 70
0.254936 -9.13876 70
-19.8181 41.3473 70
-19.7002 50.695 70
0.997536 -0.252029 70
-9.98597 10.5667 70
-10.1666 9.63908 70
0.0799312 -0.616831 70
-1.03732 0.600283 70
-19.3813 19.8252 70
-0.627587 -10.7816 70
-20.5779 -19.6173 70
-29.9372 -40.3115 70
1.48704 -0.874344 70
19.255 0.887596 70
-0.107972 10.6255 70
-0.221641 30.5339 70
11.1931 -21.3192 70
-9.32295 10.4774 70
-29.861 -0.115455 70
19.9818 1.45346 70
10.9444 11.2984 70
9.70951 11.089 70
9.63159 10.8224 70
9.98407 0.0450477 70
10.8015 9.94273 70
-0.334442 9.98545 70
-0.375495 9.70907 70
-0.899954 11.3899 70
-10.9919 -0.393987 70
9.22632 8.69569 70
1.11633 10.5918 70
1.00626 0.738054 70
0.391433 0.576801 70
8.80411 0.792364 70
9.63637 -31.4101 70
10.006 9.63833 70
0.646593 -0.920951 70
1.37024 11.1164 70
-0.0428826 10.5042 70
-1.46034 10.694 70
10.8535 -0.748658 70
10.3386 -10.1764 70
8.77795 19.9172 70
-9.42381 19.7539 70
0.348999 0.176454 70
-1.08234 11.1162 70
29.465 8.64652 70
21.0556 -8.65777 70
-9.21094 10.0542 70
-9.34948 0.986764 70
-0.643615 0.86688 70
-0.876846 -0.397051 70
10.7763 0.929185 70
-20.3781 -10.5981 70
-1.22449 1.03004 70
1.19177 -0.952705 70
-0.632217 18.5836 70
0.298351 10.968 70
0.919185 0.731687 70
0.355098 11.3984 70
-0.994324 -0.890644 70
-18.6288 8.7873 70
10.832 -0.834224 70
-0.337111 50.8364 70
8.508 0.330687 70
0.262113 8.64973 70
0.776506 11.1522 70
-0.454583 1.15605 70
10.0125 8.57473 70
10.4825 28.9387 70
9.45585 9.33198 70
10.6791 0.323471 70
0.0356913 8.8581 70
-19.998 -0.924538 70
10.1838 8.94907 70
-11.4495 -0.607203 70
-10.5827 0.615012 70
-9.69093 -19.2031 70
-21.2928 10.6803 70
-19.1408 10.5964 70
-0.823307 9.70331 70
0.635886 -9.15556 70
-1.07129 9.63826 70
-0.194146 -0.89741 70
0.222535 0.8276 70
-38.7897 -0.226831 70
-1.31268 20.588 70
-1.47761 0.053128 70
-19.5392 -29.6865 70
11.0612 0.55742 70
-8.97495 11.3124 70
0.113606 29.3332 70
0.602113 10.0037 70
-19.474 10.1653 70
-1.12848 -1.04767 70
-0.470084 -0.36863 70
-69.0132 -38.6787 70
-0.648797 8.81388 70
28.6219 -30.4481 70
9.34038 39.5223 70
0.480204 -9.25459 70
10.1108 1.48497 70
9.45446 1.45809 70
9.72204 -1.30929 70
-1.25692 1.05378 70
-19.1365 8.86181 70
-21.0721 9.06842 70
-0.436661 38.9612 70
20.7817 10.4464 70
0.371942 0.976241 70
-0.113683 -1.26645 70
-0.407679 0.757181 70
-9.88831 9.14904 70
1.01944 1.24883 70
8.70345 -0.181261 70
9.72674 1.28859 70
10.605 11.46 70
19.704 -20.6871 70
-11.0617 1.37436 70
19.0945 8.95088 70
0.0636327 8.74209 70
0.981858 -1.40064 70
-0.640439 -1.20938 70
10.5838 20.2071 70
-20.597 10.5587 70
-0.140455 8.66624 70
0.791977 -0.718292 70
10.5108 -28.6883 70
-8.61967 10.3258 70
8.78415 -0.0159068 70
-10.7322 38.5493 70
19.7895 9.53025 70
-1.33614 1.25519 70
-1.46906 -1.22115 70
10.5897 0.388669 70
1.40469 9.35823 70
-40.8619 -91.2046 70
9.14338 19.2623 70
1.24851 -0.372044 70
-0.63724 10.7567 70
-8.6347 9.04336 70
9.13374 -1.48289 70
19.3098 -0.551831 70
-1.39067 10.1899 70
0.65668 10.2714 70
10.037 29.124 70
9.18594 9.23505 70
10.3576 1.28354 70
1.00002 0.943068 70
11.1443 -0.555681 70
8.96633 -1.15058 70
-8.74622 -18.8852 70
0.386683 0.8357 70
60.0235 18.6252 70
-8.65579 18.9937 70
18.7664 -9.27243 70
19.7867 -11.2959 70
20.0366 -9.9441 70
0.536127 -1.06043 70
-58.5962 9.73033 70
0.037951 -1.38372 70
0.77227 -1.2925 70
0.843991 -1.45682 70
-10.7066 9.99868 70
40.4031 -19.8683 70
-1.152 9.19376 70
1.36723 -1.27071 70
-0.473725 10.7179 70
40.8542 69.0788 70
-8.83563 -11.1216 70
-11.1328 9.75014 70
-0.459256 -38.7592 70
-0.474525 -39.9641 70
-20.7466 8.86065 70
10.0738 0.399421 70
10.9627 10.5687 70
1.47086 1.22746 70
-0.683568 28.7452 70
11.4494 8.59957 70
1.41103 -9.63629 70
9.08734 11.0014 70
0.4695 -1.36153 70
1.37437 9.39523 70
0.308794 19.0779 70
-49.147 -10.4634 70
-0.465528 -1.0279 70
-11.3526 10.4867 70
31.1032 8.77406 70
8.57982 20.3504 70
-109.593 10.3706 70
31.117 40.7324 70
-0.990832 10.3122 70
9.05578 0.515037 70
-1.0652 10.6521 70
-0.571241 10.444 70
-0.319868 10.5878 70
0.819755 1.25367 70
-1.08572 -1.17379 70
-0.914058 -9.36565 70
9.81425 19.8583 70
10.6752 -20.2832 70
9.86549 0.0874256 70
-0.383863 11.2804 70
0.968981 10.2191 70
-0.496117 8.66338 70
0.743703 -0.840467 70
0.536273 20.1065 70
0.863772 -1.0518 70
1.20882 0.331802 70
-1.44488 -0.887502 70
31.4658 21.1417 70
-20.7203 39.5966 70
9.28139 0.819696 70
31.0921 -111.475 70
9.69111 0.510993 70
-9.22104 0.360327 70
9.18088 -0.235854 70
-19.7074 8.65095 70
11.2711 -0.236445 70
0.361717 11.1614 70
10.2457 -1.10549 70
10.8771 20.297 70
-0.0594351 1.42723 70
-28.5425 0.589406 70
9.68344 -11.2439 70
1.28039 10.57 70
11.3729 -0.315581 70
-1.21552 10.0108 70
40.5295 21.3299 70
-9.48158 10.6085 70
-1.34568 0.983156 70
0.172018 -0.244012 70
-9.88126 31.0423 70
-10.6923 0.0997093 70
-0.872216 -0.98646 70
-9.2878 -20.0291 70
9.43793 28.773 70
-1.14475 9.55821 70
-20.5603 10.2728 70
-0.284071 11.051 70
30.1639 28.9565 70
0.183619 9.84027 70
-1.1056 10.05 70
-10.3268 -19.2307 70
19.33 10.0026 70
0.832461 10.7882 70
-10.5012 10.4893 70
-19.959 0.73148 70
0.072962 10.9913 70
-0.121278 0.106766 70
-0.329496 -1.43648 70
-0.0817284 0.364815 70
0.222887 0.564664 70
0.381896 -1.16385 70
-1.12453 8.58451 70
8.75532 8.64205 70
-10.8239 -1.28144 70
10.1609 8.79101 70
-0.480118 1.16562 70
8.50487 28.7233 70
-10.7675 0.653477 70
1.29097 -1.33021 70
10.6197 8.6731 70
18.594 0.543525 70
-1.37028 -8.81439 70
10.4266 9.26788 70
1.09418 0.339755 70
1.19612 -0.65333 70
-20.2733 -88.7308 70
-1.21647 -11.341 70
0.437632 9.44131 70
30.2608 20.7417 70
0.271039 8.89925 70
9.25723 -10.9155 70
-18.5464 -0.269367 70
-8.77274 21.3099 70
1.43423 0.767709 70
20.4069 11.4917 70
0.909955 0.84848 70
-0.318104 9.32499 70
10.8118 -10.6489 70
-39.1203 0.102318 70
-1.04783 -9.63259 70
0.693781 10.6084 70
-0.111466 -0.788024 70
9.2983 -11.2851 70
19.9128 -20.6046 70
30.94 -39.5877 70
0.707188 0.775623 70
10.156 -0.170564 70
9.40369 0.862159 70
39.005 21.1451 70
10.0593 11.3325 70
19.0315 8.91515 70
-1.0006 -11.0388 70
10.9636 8.5367 70
1.18455 0.283426 70
11.4114 19.8766 70
0.850051 -11.3384 70
-1.32023 9.33719 70
9.85001 31.3498 70
-59.0852 40.0802 70
0.166455 1.23233 70
0.0386969 -1.36952 70
-0.196302 10.695 70
9.37443 8.64989 70
9.19228 0.498789 70
-0.855658 10.6059 70
0.0565012 -10.6978 70
19.1687 -21.1042 70
11.0714 -1.16442 70
8.66698 -1.0775 70
-0.0361869 10.4055 70
0.339423 -1.47321 70
-1.17082 10.7775 70
1.06148 10.4839 70
0.89147 -31.2615 70
11.2613 -20.3239 70
0.603092 -0.269838 70
20.7123 9.4126 70
0.569322 9.51113 70
-18.8805 -89.8841 70
-0.0291423 10.7414 70
10.9459 39.3288 70
1.43479 0.249193 70
-20.7602 -10.7843 70
8.80801 -1.25273 70
11.491 0.0897755 70
-49.3823 -10.9206 70
0.0473692 -0.261948 70
-10.2169 -31.0522 70
0.524727 -0.167662 70
1.2176 10.0103 70
1.30024 0.393113 70
61.3267 79.8789 70
11.1724 1.20908 70
-0.126845 20.8622 70
-29.6369 20.6987 70
1.36271 -1.24671 70
21.4947 10.3282 70
21.4283 -40.4984 70
21.041 10.2088 70
20.4609 -20.226 70
10.5143 9.75326 70
-10.5979 9.58623 70
-0.0103416 -0.735106 70
9.33239 -19.3402 70
11.3403 -9.86041 70
0.190418 9.65992 70
-9.60858 10.6398 70
-10.1394 -19.5672 70
10.5155 19.6665 70
31.1078 29.356 70
-1.1165 -1.30892 70
-49.9246 18.721 70
0.117055 10.2154 70
8.88599 -1.279 70
9.668 0.300311 70
-10.8149 8.76698 70
1.39092 -0.130365 70
1.26883 0.508612 70
1.28807 20.4465 70
-9.05558 10.1677 70
-8.70392 8.70458 70
-10.7559 11.1671 70
0.508677 -0.447021 70
0.564293 -1.13264 70
19.549 11.1174 70
-0.616864 10.6359 70
30.8211 8.60634 70
1.19702 10.2264 70
9.9557 11.2301 70
0.386484 10.8565 70
-0.737804 1.06288 70
0.590278 0.116262 70
-48.5011 10.8247 70
1.46391 -1.1342 70
-1.17053 19.3746 70
1.28719 -0.816195 70
-1.20693 1.41674 70
-9.89562 1.37034 70
20.0535 -30.5814 70
11.4693 9.96611 70
-1.49367 -10.2054 70
0.455296 9.66135 70
-0.555283 -0.0706198 70
0.0465774 10.6172 70
-0.687932 8.8259 70
1.39606 9.75021 70
11.2742 11.139 70
9.70267 1.09344 70
11.3069 9.30139 70
-8.7144 18.7689 70
8.56032 -40.124 70
0.386084 -8.89681 70
1.39924 11.4273 70
31.04 8.86835 70
9.151 0.870234 70
-0.613924 -1.49644 70
0.127357 0.742988 70
0.676083 8.95405 70
0.794546 1.05834 70
0.180864 38.6677 70
-0.596911 0.855793 70
-0.143996 0.316064 70
20.3844 9.74412 70
-1.31779 8.80072 70
0.0044443 1.11843 70
1.11232 0.768417 70
-1.06363 -1.16145 70
-1.42375 -0.1735 70
11.1961 1.21775 70
50.1136 39.824 70
0.168282 9.72555 70
-9.72259 0.16892 70
11.0032 20.7223 70
0.354773 -1.20564 70
-0.834546 -0.172654 70
-0.392311 -9.53329 70
9.02833 -1.38803 70
-0.727969 9.6018 70
31.4621 21.3473 70
-0.276911 0.166578 70
-8.69199 9.10229 70
-9.94022 9.21825 70
-9.50042 11.045 70
0.292502 0.159821 70
-0.0174951 -0.551054 70
-11.3106 1.44461 70
1.3487 11.1573 70
10.7465 0.592718 70
-9.7573 9.5072 70
-11.4234 10.7406 70
11.0468 0.854955 70
-10.5785 -10.3134 70
30.5684 41.3434 70
0.739269 -0.782657 70
-0.996556 8.85211 70
-0.423736 0.775128 70
-0.39413 -9.91866 70
8.7656 11.104 70
-0.181861 9.72373 70
0.5407 -11.1331 70
0.724471 -10.8548 70
-19.8709 9.09861 70
-19.1525 20.7751 70
-0.312097 8.9211 70
20.6191 31.1953 70
0.740097 -51.0393 70
