9.08385 8.85164 70
38.7601 -19.0917 70
0.107992 -9.20383 70
10.2345 -50.7993 70
-1.46077 9.64023 70
-0.993836 -10.7412 70
9.63239 9.00991 70
-11.0202 -10.3925 70
0.838255 1.1944 70
0.562026 21.3454 70
90.4679 39.5268 70
-0.369234 29.5194 70
11.1961 30.3776 70
-1.40621 18.665 70
9.36031 10.7243 70
-11.0924 19.9325 70
1.13454 -0.451983 70
-0.64024 19.9433 70
0.466422 18.5741 70
9.32159 11.1662 70
-0.668298 8.60679 70
11.1127 -1.16963 70
-0.43991 -0.813367 70
29.782 20.4373 70
69.4876 18.8317 70
-10.486 1.23632 70
-29.9649 -20.9824 70
18.6126 20.4469 70
8.76451 1.10538 70
-1.42908 10.6419 70
-1.22756 0.525517 70
1.20684 11.4974 70
-18.9443 31.0464 70
8.54955 -0.869698 70
-1.21624 9.16204 70
10.2517 -0.0969296 70
-0.475088 20.3105 70
29.3097 -48.5126 70
31.069 -49.9479 70
9.44576 1.32741 70
-60.7215 20.7539 70
8.58339 1.37064 70
10.7998 0.776516 70
-30.9213 10.4927 70
59.9977 -0.505558 70
20.7599 -0.841308 70
19.787 1.29248 70
18.7957 -8.59468 70
69.7506 -39.4954 70
29.3034 9.82923 70
-0.0624006 0.343856 70
9.87041 0.975823 70
-1.38126 0.564396 70
-0.825567 8.86763 70
-10.3076 8.62716 70
11.0655 -1.34376 70
21.2079 20.5884 70
0.241674 11.4787 70
20.3887 0.236088 70
-1.32362 10.7723 70
0.0688769 8.89968 70
-0.924764 11.1978 70
1.45651 10.2748 70
9.19675 -1.17487 70
10.3062 -1.31309 70
1.18246 0.594334 70
0.122535 -0.156119 70
10.2684 -1.01632 70
-20.9855 19.0646 70
-8.65083 10.1018 70
-11.0599 -11.4584 70
0.708452 0.589425 70
9.81279 10.1634 70
30.1479 9.57389 70
-20.6721 11.4908 70
9.32995 20.2904 70
-8.9629 -0.803373 70
9.50576 8.82902 70
10.1251 -1.28789 70
10.1246 0.83212 70
-0.697355 0.837448 70
9.71001 11.0216 70
0.914861 0.729579 70
8.57388 11.384 70
-1.14741 20.3356 70
10.0562 -0.814881 70
11.0005 1.42579 70
-0.549792 -1.39818 70
19.5906 8.97545 70
-0.321533 0.74745 70
10.1424 0.680933 70
8.61533 -0.50657 70
10.479 -9.80375 70
-0.974182 10.4246 70
29.5595 29.6166 70
19.52 -1.43719 70
-1.00372 9.94667 70
10.1426 -8.97715 70
10.4952 19.6539 70
-0.998517 0.768528 70
8.66569 -11.4295 70
-9.35196 -49.9467 70
8.59043 18.6499 70
-0.92366 9.91169 70
20.0941 8.98559 70
9.11987 8.60486 70
-0.000644891 110.855 70
39.6996 -0.635629 70
9.08822 19.5003 70
9.70101 -11.4012 70
-0.826522 19.272 70
-10.6973 -1.42344 70
0.102136 1.36055 70
9.94247 0.327397 70
10.9894 -0.589618 70
-0.220323 9.53518 70
-0.840759 -28.5916 70
-1.03517 10.537 70
-0.412377 18.7559 70
-48.9255 -29.442 70
-0.958439 9.62106 70
-8.93308 41.1983 70
-1.01615 29.9139 70
-28.879 -10.1442 70
0.438543 10.1195 70
-10.2671 10.1569 70
-0.538575 -0.709901 70
-10.2688 20.4516 70
0.537709 0.915636 70
-0.0933882 9.26106 70
-10.6628 11.1679 70
9.10346 -0.518525 70
40.6233 -71.3087 70
18.9192 -19.4412 70
-39.6401 21.1437 70
20.4826 21.3021 70
-9.89452 18.787 70
11.4905 -10.8595 70
0.186849 -0.927066 70
1.381 11.0636 70
-29.3343 -0.019731 70
41.2813 -19.2394 70
11.1857 20.8538 70
10.4055 -0.895418 70
8.71731 -1.2922 70
1.38952 9.54132 70
-10.1327 21.1499 70
-1.48976 -0.0935714 70
-1.35355 -0.292062 70
9.38362 0.798249 70
9.95539 0.982331 70
-10.4866 0.704393 70
-20.6306 -31.319 70
0.81837 -1.14553 70
0.0976161 -0.0918585 70
11.0324 18.5643 70
0.637957 0.689434 70
-0.0734793 0.930732 70
9.08304 11.0015 70
0.754833 11.1851 70
-9.75607 19.399 70
10.2515 19.1984 70
-8.67526 -40.7004 70
0.735093 0.879776 70
-19.724 0.869645 70
10.7414 19.0622 70
11.0033 -1.41316 70
-11.239 -9.80591 70
-1.27042 -1.21049 70
-0.900038 -1.42974 70
1.06844 1.41726 70
11.0717 10.9798 70
-0.515287 8.9598 70
-1.0687 -0.927738 70
-0.674254 11.2557 70
-0.819936 10.6772 70
11.3106 11.2265 70
-41.0318 0.131275 70
-0.147252 11.0456 70
-0.185526 19.0718 70
-19.5748 10.1242 70
-21.3762 11.0898 70
-0.826684 0.687737 70
-0.532684 10.8159 70
0.613512 -8.78366 70
-0.875822 -9.94869 70
9.21945 -1.11271 70
10.0803 9.239 70
0.300507 -9.77116 70
9.52563 10.246 70
1.0354 -10.035 70
-10.2283 8.82851 70
-1.39119 0.0608422 70
-31.1564 1.30642 70
-28.6722 0.164313 70
-19.0368 8.63046 70
-20.8095 9.00376 70
-49.6568 80.2305 70
1.1416 -1.26895 70
1.41224 -20.5526 70
9.40922 10.0528 70
-10.7975 -0.710096 70
10.1283 0.0907739 70
18.5948 10.269 70
-0.763905 10.0288 70
9.62303 8.77506 70
9.01428 10.0175 70
-0.588282 -0.43002 70
0.869752 9.31951 70
21.4228 19.3343 70
10.3192 -1.22293 70
9.66635 1.49817 70
19.7817 -40.1584 70
19.0084 -0.998171 70
10.3891 -8.73105 70
-8.848 19.0575 70
8.61208 9.22384 70
0.0453346 10.9762 70
-31.3986 9.69643 70
-0.369424 1.1442 70
9.95732 -0.585248 70
1.485 10.3178 70
-0.706728 20.3334 70
0.241732 0.54404 70
-1.18433 -1.11253 70
-0.531532 10.0759 70
10.5237 -0.0119913 70
0.379635 1.14772 70
10.4614 -1.0401 70
0.867851 0.968741 70
-39.2513 29.1959 70
0.590118 -11.0896 70
-29.3783 10.4499 70
9.52981 10.5196 70
9.17773 -9.7133 70
0.816801 -0.520054 70
0.89882 9.51903 70
-0.988911 10.6458 70
10.1389 -0.450974 70
11.094 0.0160102 70
11.1215 9.61996 70
0.677293 0.0332364 70
10.9375 11.2654 70
-0.346283 10.0925 70
-0.637581 -0.183549 70
0.266062 -0.746687 70
10.127 18.6639 70
29.1909 -0.712153 70
10.3545 -1.33294 70
-9.48997 -1.08345 70
19.1028 0.909748 70
1.06465 -0.74457 70
-1.36924 0.119393 70
-1.30876 1.0196 70
-9.89507 40.2003 70
19.4209 0.746507 70
-10.8865 10.4624 70
0.628248 -11.1747 70
9.8324 -49.597 70
-10.8231 20.0489 70
10.7756 -0.338009 70
-11.482 0.235252 70
1.33777 -10.9534 70
-0.314106 20.9511 70
28.8485 9.21453 70
0.808252 11.3859 70
-8.53991 10.6222 70
10.7199 -10.0307 70
19.3474 -8.58867 70
8.87925 -9.28465 70
1.24899 10.2979 70
-18.6696 -0.384391 70
0.567074 9.35536 70
-0.83733 10.1946 70
0.595898 -0.762693 70
0.255929 1.30253 70
49.4174 -8.69175 70
-0.413853 -0.962428 70
10.4142 8.87692 70
21.0298 -9.01061 70
18.7156 19.1696 70
10.6675 -20.7254 70
-21.062 -21.2978 70
-1.41277 0.418102 70
8.54849 18.6747 70
-1.19482 11.1353 70
-20.5779 -9.90014 70
9.23843 -10.5919 70
8.57324 -9.85629 70
-0.52884 -11.4071 70
-49.1119 38.8549 70
0.552296 8.61764 70
20.6505 -10.8309 70
9.51523 8.76895 70
10.887 -0.826487 70
-0.628777 19.7917 70
1.31738 9.73192 70
-9.65736 -8.53428 70
-10.9469 41.0153 70
21.0655 1.41542 70
-1.06881 0.518267 70
1.39812 9.0265 70
0.717038 10.0179 70
-0.22464 9.22184 70
0.231728 30.5227 70
-0.821549 10.4612 70
-0.69506 19.2528 70
0.768 0.323663 70
0.0842548 9.44223 70
19.462 -9.37382 70
-0.959505 1.43163 70
-18.8813 48.7255 70
10.8351 8.83058 70
29.3395 10.9295 70
-9.86342 -9.48466 70
40.0335 11.0095 70
-0.973091 0.497825 70
0.46747 9.75776 70
-11.4969 0.390832 70
-0.432936 -0.172164 70
-1.02366 20.9709 70
20.5079 9.7532 70
20.5897 10.2417 70
-8.60644 -10.2027 70
-0.334561 8.93632 70
81.0148 0.299258 70
9.06041 0.467031 70
9.51047 1.28858 70
1.47775 1.11218 70
-0.674137 0.656102 70
10.7691 21.1754 70
1.48863 -0.525148 70
-20.049 18.8529 70
-8.6515 -10.0602 70
38.5229 10.3137 70
30.2134 41.2764 70
8.8826 -1.17595 70
21.3268 10.0521 70
-29.4431 -20.6878 70
-0.741574 0.621417 70
28.9579 -18.8109 70
88.8511 -28.8347 70
10.6724 -10.5976 70
-0.981004 11.1183 70
20.9815 10.4878 70
-0.491604 -0.0463562 70
-0.257218 31.0241 70
9.02943 9.60244 70
0.626348 -0.16504 70
0.601472 0.733602 70
0.803325 19.9692 70
-0.641845 -0.0521744 70
8.9588 48.8783 70
-20.763 18.8753 70
8.52413 -21.4267 70
81.2974 -10.3576 70
1.30847 10.9819 70
18.9405 29.8595 70
18.624 38.892 70
21.4214 -69.8119 70
9.08646 31.0197 70
9.10046 -0.19607 70
1.20521 0.881217 70
-8.58255 -50.6006 70
-10.164 -50.4906 70
11.2059 1.35956 70
9.13165 -0.153141 70
10.4773 0.41576 70
10.2472 -0.223674 70
9.22892 11.0168 70
-1.03306 39.8091 70
-10.0342 -0.918457 70
31.0222 8.55147 70
10.8011 9.36442 70
10.0392 -1.4888 70
69.0695 -39.6703 70
-0.29792 10.9392 70
-0.680573 11.1628 70
50.4413 10.0866 70
10.9117 0.687049 70
10.4754 0.546801 70
0.786249 -0.349964 70
0.704772 -0.265255 70
1.26691 0.355113 70
-9.22044 38.5196 70
9.59183 19.0761 70
-1.04836 0.278035 70
19.5133 30.2345 70
-0.335499 0.258471 70
-0.297716 -0.183988 70
-59.488 -21.1319 70
49.3355 -0.522614 70
21.328 -1.43897 70
9.92172 -1.19678 70
10.0421 -0.490963 70
11.3917 8.96106 70
20.6569 30.2684 70
0.329773 0.713145 70
81.0707 -91.107 70
31.3434 19.1806 70
11.4847 10.4189 70
0.906795 -0.317079 70
10.2553 9.32064 70
-0.949276 10.1129 70
10.9721 -0.0350313 70
10.3319 19.5993 70
-9.78992 11.4531 70
-1.22418 -0.102313 70
-9.06814 -11.0559 70
11.3957 -0.721573 70
0.420031 0.419497 70
1.31153 -11.1589 70
-10.2085 19.0088 70
9.43419 -11.2175 70
-0.530755 -0.291338 70
30.2134 28.5423 70
8.63824 18.6752 70
-1.11622 -1.01424 70
0.570868 1.23984 70
1.24106 -0.357591 70
-1.36591 -0.356105 70
-0.743044 10.4039 70
31.2768 1.36541 70
29.2563 0.727572 70
0.286464 -0.738966 70
0.430546 11.0708 70
-1.17694 0.44107 70
0.419296 10.2128 70
1.17629 10.4721 70
-0.551423 -1.48438 70
9.79271 -1.12328 70
10.7677 10.9409 70
9.16707 9.91607 70
0.0932365 9.57452 70
-0.386817 -9.62098 70
-1.29752 -1.32974 70
39.4918 -29.505 70
1.1641 9.8993 70
10.2293 -1.35537 70
10.7762 10.4628 70
1.27964 9.96994 70
0.923004 1.2065 70
1.34811 0.615712 70
1.0847 1.42949 70
-0.850586 11.2609 70
10.371 0.622483 70
-1.22046 9.4414 70
-9.61592 30.2642 70
18.9909 10.691 70
-0.973136 20.9494 70
49.2267 -10.8364 70
0.043084 -0.921242 70
-10.1566 19.6053 70
20.4739 11.2262 70
-8.72484 29.2836 70
50.7204 19.4053 70
10.2068 0.994167 70
-8.97183 0.161523 70
-1.33202 19.9262 70
-0.534736 0.170792 70
-0.159405 10.2529 70
0.842073 -9.11544 70
0.680768 -1.07567 70
-18.758 -21.2708 70
11.4448 0.483469 70
10.4713 -0.973683 70
-0.498679 -0.263216 70
8.58034 0.416178 70
18.8582 20.7271 70
9.12063 0.820961 70
10.2417 18.8034 70
1.12737 10.2065 70
40.7117 18.5396 70
-20.4971 29.2627 70
0.560389 -1.30985 70
21.0741 11.1582 70
18.5606 -10.232 70
-19.6612 -0.796465 70
20.3854 30.7553 70
-1.46731 0.662692 70
1.22092 9.50927 70
-1.28884 8.57899 70
1.23139 8.75782 70
-21.3622 -9.38266 70
9.4393 -1.12573 70
-30.4451 10.2146 70
-8.64003 -0.914629 70
19.5495 1.14248 70
20.9955 1.33324 70
11.1554 -1.40111 70
-0.834879 -9.80749 70
10.9908 10.9061 70
-0.100027 -10.8079 70
-0.13954 1.29592 70
0.430535 -10.3521 70
9.87241 11.018 70
0.448572 8.76882 70
-20.8563 -9.8168 70
10.3092 -1.22019 70
9.21281 -1.42827 70
-0.0665101 0.38254 70
9.88817 -19.7692 70
-29.2159 20.0128 70
11.1571 1.33337 70
-1.47029 -0.185122 70
1.33833 1.19425 70
1.3144 10.9231 70
9.95447 11.0507 70
10.1201 10.508 70
-0.978091 -1.00382 70
-0.812585 0.684868 70
10.3892 -8.69025 70
-8.8764 -0.157082 70
9.07706 10.9495 70
0.277791 9.92836 70
-21.073 0.249432 70
11.0292 0.0632485 70
1.20916 10.5092 70
49.5617 -60.5821 70
10.8607 0.0864709 70
-10.5404 19.1321 70
0.324129 10.1773 70
0.634703 9.39462 70
20.05 11.2245 70
-10.1659 -9.00388 70
10.736 0.516049 70
0.910609 -39.7034 70
9.39304 1.46932 70
1.01786 -0.745373 70
1.24445 10.9495 70
-9.17453 39.0688 70
-1.40773 -0.499326 70
-18.9238 -19.0902 70
19.1019 -8.97933 70
11.3138 8.99166 70
1.12018 9.92291 70
0.756021 -0.830121 70
-0.147137 10.683 70
-0.407269 -0.268939 70
0.976917 10.3022 70
-20.3992 11.3385 70
1.33975 0.141446 70
1.42164 0.68378 70
1.3744 10.0317 70
1.28614 9.56289 70
-0.955662 -1.23039 70
8.93074 1.30757 70
-0.132047 -0.77374 70
10.6579 0.638947 70
1.2935 0.718735 70
-1.487 -0.317982 70
9.96642 -9.33319 70
1.29094 1.49896 70
-11.0537 -9.67402 70
-31.4051 8.55855 70
-39.1842 21.4933 70
-40.1518 20.2875 70
-8.70055 8.84977 70
10.7513 9.39911 70
8.58529 9.41465 70
0.135918 10.8762 70
-19.3858 -8.64108 70
1.1377 0.249289 70
10.2046 1.11575 70
39.5527 -50.735 70
-0.683193 10.2439 70
10.7472 -0.739469 70
-9.58462 -28.6223 70
-9.1246 -29.3474 70
0.976889 -0.333993 70
1.34043 10.252 70
18.8068 -29.0304 70
18.6605 -31.4193 70
-31.1676 -10.3975 70
0.385521 0.52123 70
-0.103584 -0.394106 70
19.9969 11.2382 70
19.0933 10.7185 70
10.1034 -1.46887 70
10.6275 -0.0458946 70
10.0141 9.69322 70
9.12425 0.477686 70
30.8485 18.943 70
0.897581 11.4343 70
-8.66744 19.6912 70
18.7877 1.21238 70
-0.0468815 20.5614 70
-18.8693 0.86695 70
-10.7563 -1.40982 70
0.522987 -0.482475 70
19.1168 -51.1403 70
1.12847 0.475879 70
-0.92409 -8.83678 70
0.987887 -10.5345 70
-8.58038 29.6353 70
0.452732 11.1512 70
40.1178 0.614583 70
-1.29579 10.9093 70
30.6156 -41.3138 70
-31.4408 -21.4316 70
-11.1033 0.0244545 70
1.39833 9.92411 70
-0.101613 0.273508 70
0.397173 9.63902 70
-0.576459 10.666 70
10.952 1.04757 70
8.71725 0.602438 70
-20.1008 61.1179 70
1.25536 19.1531 70
1.38321 -10.1196 70
1.2708 0.721914 70
-1.36019 -0.953265 70
-0.231041 9.64136 70
-9.30322 10.6345 70
-0.0329956 1.34174 70
10.1208 0.956953 70
1.36641 1.33629 70
-10.6015 10.1762 70
10.6913 10.786 70
1.39601 -10.4068 70
-9.98747 0.762711 70
-8.95299 1.43689 70
0.7944 10.9296 70
-8.63571 -10.372 70
-0.180316 -0.554085 70
-0.085927 1.23081 70
20.4762 20.9356 70
-1.46134 10.956 70
0.507514 10.9698 70
10.2165 0.252803 70
49.8094 -10.1752 70
50.3074 -8.94297 70
0.0572174 -1.25515 70
9.77172 1.29133 70
-0.706019 0.0773369 70
9.75263 0.0222435 70
-59.6101 19.98 70
10.3874 -48.6722 70
9.6391 1.33074 70
-0.442656 -1.22062 70
9.92161 -0.0754985 70
9.20994 8.82546 70
-1.42716 0.185228 70
18.8012 10.6005 70
-0.384956 0.860954 70
-40.3769 61.2276 70
-40.097 59.7145 70
-0.823468 -0.408287 70
-28.6271 -20.8742 70
78.8429 -9.45638 70
20.9262 8.96795 70
11.135 -10.735 70
1.05094 9.07051 70
-1.47976 10.1355 70
10.0579 31.1793 70
-1.1817 0.725858 70
29.8947 0.12452 70
9.21482 -1.14291 70
9.55814 -9.27658 70
0.0948817 1.14741 70
18.6634 1.12887 70
30.8916 9.98424 70
10.9945 -19.2443 70
-1.17019 30.24 70
10.2862 9.80208 70
10.7518 0.711655 70
-10.8651 31.0922 70
-8.53195 18.7864 70
-0.495095 1.49175 70
-9.03111 11.2509 70
-1.19884 -1.48257 70
10.8926 -0.188202 70
10.5723 0.303317 70
1.36497 0.177271 70
-10.9118 -1.24262 70
41.3344 10.3131 70
1.03908 10.8071 70
19.8957 0.647452 70
9.00534 21.0664 70
21.0539 31.1533 70
20.9699 30.9513 70
0.471525 0.130586 70
-20.2441 -0.359057 70
-11.1545 10.9717 70
0.688351 9.93449 70
-30.6486 -29.7323 70
1.17101 10.4129 70
40.4731 -8.54211 70
40.604 -11.482 70
8.57581 10.8224 70
10.7643 -0.797292 70
8.88401 9.29158 70
-9.93816 1.35833 70
-29.1365 0.948391 70
10.2274 8.98315 70
