-10.5399 9.23961 70
-11.0101 11.1254 70
0.261288 -0.0277436 70
10.1314 20.0619 70
-21.1499 -10.1384 70
-20.0274 -10.9758 70
-18.9675 -0.123537 70
-10.0667 0.170198 70
0.944845 1.43937 70
8.5425 0.250848 70
1.35164 -0.868202 70
0.119593 10.6003 70
0.420804 -0.286805 70
120.302 -21.3332 70
0.507302 0.355718 70
11.2956 -9.10617 70
0.520236 -0.385118 70
1.44768 0.668884 70
10.7156 9.81823 70
1.23353 -1.0917 70
-0.0410958 0.65079 70
1.22505 -1.42312 70
-1.48303 0.073583 70
20.0182 18.7448 70
-0.309526 0.699444 70
-0.951108 1.00956 70
10.7437 -21.2575 70
-1.00361 -0.71309 70
41.4392 30.8454 70
0.24942 -1.1575 70
0.845059 -1.47888 70
-89.1607 50.2384 70
9.23695 0.611913 70
9.41902 19.453 70
9.80265 1.25729 70
-0.638322 -1.11618 70
-10.4449 -21.3201 70
-10.2948 -1.07359 70
-0.304312 0.130448 70
-10.7284 9.57735 70
11.4028 10.728 70
-1.4808 1.17579 70
8.54609 11.3968 70
-1.11365 -49.9038 70
-10.9449 0.336119 70
-11.135 -19.9672 70
1.34717 0.671841 70
-0.165451 0.842002 70
30.9741 48.7787 70
31.2268 48.9853 70
0.777793 0.218156 70
0.829868 1.49902 70
0.509944 0.0100633 70
19.977 -10.1491 70
-30.3156 8.61721 70
-0.683438 1.39933 70
-9.23869 -50.6699 70
8.63927 10.5281 70
-10.9787 -0.603437 70
-10.43 -0.794889 70
-59.2367 -11.1524 70
-0.475474 -0.780936 70
-10.192 21.1022 70
-19.7395 11.4667 70
0.0990426 -9.43373 70
0.480987 10.7276 70
1.37924 1.01052 70
-10.0366 19.9551 70
-1.39151 -20.1173 70
1.14471 0.0773022 70
-11.2845 9.65369 70
-0.254648 1.07002 70
29.0819 9.10626 70
-0.908042 0.695551 70
18.5232 0.787307 70
-21.012 0.488914 70
20.4036 1.33232 70
1.33492 0.554696 70
0.96686 -1.07045 70
-10.3498 1.33218 70
-0.257514 -10.3003 70
-0.738734 -1.49045 70
1.08579 8.86956 70
-0.14617 9.83173 70
-1.3635 1.35277 70
-0.508592 9.39507 70
-11.3657 0.0452528 70
-0.961134 -19.3056 70
8.77034 9.4282 70
0.250436 0.750313 70
-0.904704 -0.287047 70
-0.482304 -1.21373 70
-1.11323 -1.46358 70
-28.6151 9.9577 70
0.302204 0.810986 70
1.14794 -1.38051 70
-10.8139 19.0644 70
9.84376 0.648499 70
20.8281 -11.1045 70
-1.4328 -1.4431 70
-21.1476 -20.1927 70
0.464136 21.3961 70
0.620959 -1.2996 70
-0.477563 -18.7784 70
-1.36096 0.0512719 70
20.5416 18.7821 70
-9.0891 -0.0363485 70
20.2059 79.561 70
9.2171 -9.95644 70
8.68786 0.383519 70
-1.10084 0.92756 70
0.320987 0.879638 70
9.98574 -0.0985729 70
-0.069014 -0.135141 70
1.26268 1.02599 70
0.897443 -1.03197 70
8.65914 -50.5539 70
1.18195 -0.705705 70
0.845711 -1.2083 70
-58.777 -19.5427 70
-58.9039 -18.8478 70
-0.802686 10.0562 70
-10.2738 -1.23476 70
9.80259 11.3041 70
-10.8357 -11.2813 70
30.1127 20.0935 70
-10.4494 0.860634 70
-0.794746 -1.01504 70
-1.2227 -1.47032 70
1.43829 -1.3558 70
0.346324 11.4362 70
-38.622 50.2959 70
21.4572 -0.552528 70
-1.42171 -0.386281 70
-18.6927 9.432 70
-21.1882 10.8447 70
-0.164082 0.13239 70
-8.84339 -0.0932931 70
0.327693 1.32885 70
11.095 0.137724 70
11.4869 -0.179128 70
1.11779 -1.38537 70
-1.31416 0.741614 70
-1.13155 0.0638917 70
0.128332 1.24529 70
-19.5645 -1.49805 70
0.99643 -1.38446 70
20.7035 -1.11046 70
-0.604731 11.2147 70
-0.239155 -0.491119 70
10.7617 0.983843 70
-18.5833 -10.5113 70
1.22711 -0.28582 70
9.42155 1.29582 70
0.0109273 0.874336 70
1.17359 10.3395 70
-10.5182 9.73182 70
-8.6045 -9.96354 70
-0.0922329 0.740129 70
-0.76005 0.318756 70
20.8649 -31.3106 70
-10.2935 9.18569 70
0.107716 1.28639 70
-0.640801 1.41811 70
-9.14584 -10.1609 70
0.494659 0.784979 70
0.660719 0.986883 70
-1.3906 1.18023 70
0.925889 10.3315 70
-0.863641 9.70493 70
0.923274 9.22507 70
-10.9906 10.2215 70
1.40353 -1.40196 70
-0.922644 0.57327 70
-0.634544 -0.442562 70
59.9715 31.0282 70
-9.58993 -48.512 70
0.158964 0.744097 70
19.4935 9.45374 70
-0.0892448 -0.397364 70
-1.30232 -49.046 70
-1.09584 -0.231599 70
-10.8908 -0.579457 70
19.3691 -9.50895 70
10.4244 -0.340614 70
19.7895 9.57375 70
0.919331 -0.792501 70
-0.846404 0.255006 70
10.9316 0.420794 70
0.569041 0.196856 70
20.628 -9.79682 70
-11.1596 19.776 70
0.0600723 -0.150155 70
-1.17437 30.6976 70
8.62482 1.36016 70
-0.431541 -0.791727 70
-0.73465 -19.7789 70
0.427524 -0.140467 70
10.5078 10.1491 70
-0.754372 -0.569166 70
-0.806213 9.99519 70
1.08775 11.3839 70
-0.541989 1.33656 70
0.448254 0.0401156 70
0.548942 -0.736121 70
-10.4148 -0.849479 70
49.9852 -30.2782 70
-0.178009 -1.39591 70
-19.0021 10.804 70
-11.1039 0.295589 70
0.827234 1.02476 70
0.0678115 0.716668 70
1.17556 10.5136 70
-0.438437 9.51855 70
1.06275 8.53703 70
20.0271 39.8745 70
1.23357 -0.027813 70
0.78106 -0.452555 70
-0.978337 -0.345784 70
-9.97434 -0.225582 70
-1.10097 0.192632 70
-0.823453 8.84084 70
0.526047 1.25194 70
0.517168 -1.40337 70
18.5272 -19.037 70
1.36088 1.24393 70
-1.05522 -1.06483 70
-0.882939 0.664919 70
-0.764907 -0.931042 70
18.6853 29.2694 70
21.2482 10.117 70
1.33086 -0.898703 70
-1.26522 -10.2495 70
-29.5978 0.886493 70
1.16107 0.406188 70
0.427298 -0.29301 70
9.70226 -10.4554 70
0.187483 1.02962 70
21.1629 -8.80474 70
1.04611 0.307576 70
-0.879176 -0.0498677 70
-0.73855 -0.779759 70
19.6726 9.39737 70
0.296053 -19.9279 70
-0.715744 1.10102 70
1.24267 1.17194 70
0.356342 -0.478303 70
10.6824 30.0125 70
-0.651701 -10.0935 70
9.38659 -18.6285 70
-19.6488 10.4909 70
-8.98055 9.55209 70
0.779017 -0.167872 70
0.353828 10.8472 70
10.6698 -1.20768 70
-0.194487 30.1173 70
0.137823 9.33263 70
0.0326551 0.185937 70
-0.900099 -0.251817 70
1.09813 -0.357217 70
1.19723 -0.57224 70
-10.0908 19.8151 70
-0.812438 10.3606 70
79.511 -30.0752 70
18.5436 -10.5445 70
-10.1025 30.3279 70
-0.941546 11.0445 70
1.03023 -18.5322 70
-1.1573 9.32293 70
9.74907 9.19583 70
-0.443577 -0.93617 70
8.88697 9.10351 70
-8.81791 -11.4065 70
-81.296 59.8902 70
-18.7675 -9.2933 70
-0.766975 -0.27091 70
-1.45487 -9.30145 70
0.311697 0.236384 70
8.71196 -11.2525 70
0.135393 0.470322 70
0.949119 10.3364 70
9.2604 -1.38834 70
20.49 39.8124 70
-1.49104 10.0799 70
-0.386615 10.9295 70
-0.265763 -1.0306 70
-0.583616 -19.1446 70
-0.623267 1.01831 70
-1.36456 9.41304 70
-10.0002 9.3428 70
-0.407871 1.40793 70
8.76442 -0.0924768 70
20.2937 -29.2421 70
8.95196 -0.104158 70
-0.375976 0.200258 70
-11.0224 9.97706 70
1.48321 -0.254495 70
8.74066 0.418166 70
0.318463 -9.23452 70
-9.41226 -0.859203 70
-71.4915 -11.3624 70
0.986455 -1.40982 70
-0.167546 1.46181 70
0.726694 -9.57317 70
11.3803 -18.8579 70
8.61029 20.8464 70
0.123591 1.41249 70
9.41624 -8.53835 70
-0.545683 -0.520498 70
-18.6574 -50.057 70
-0.147308 -1.18068 70
-0.587958 -0.561704 70
0.180276 1.01659 70
10.585 -1.08961 70
0.722476 0.888329 70
-0.0641304 -0.823627 70
0.200535 1.19351 70
-0.0631853 1.305 70
-0.932811 0.184633 70
1.09203 0.144027 70
-11.3035 -1.01225 70
11.3599 -10.5566 70
8.91631 10.9086 70
0.565217 -0.0177207 70
-0.0672236 10.0115 70
0.849371 0.795784 70
11.0971 10.1725 70
0.23664 0.360861 70
9.64826 -11.1823 70
1.3343 -9.71513 70
-29.6832 40.4089 70
-29.1035 -18.6319 70
10.5926 11.4157 70
48.9567 8.56113 70
40.1488 -19.6769 70
10.5212 -20.7846 70
1.17805 1.0734 70
0.262957 -1.36478 70
0.78067 -19.4553 70
-0.399358 11.4979 70
9.80198 9.53917 70
8.76056 -9.48424 70
19.4666 0.984162 70
0.629485 -0.770863 70
-0.293875 -0.309031 70
0.157761 -0.20912 70
0.912713 -1.21466 70
-0.409892 1.37669 70
-69.7849 -80.8369 70
-70.6588 -79.1649 70
-8.61766 21.4849 70
-39.1764 -11.0901 70
10.2671 -1.41483 70
-0.240676 -1.14001 70
9.86014 1.06791 70
-49.6295 -49.2438 70
-0.440818 0.285587 70
-38.8758 -1.18615 70
-1.4614 -0.0394061 70
10.0603 1.21348 70
19.2351 39.248 70
-9.79505 -1.38742 70
-1.31516 -1.08627 70
-1.31851 0.740936 70
-9.93274 -10.8034 70
-19.9891 -21.1618 70
0.793469 -0.363419 70
-0.374836 1.06666 70
-49.684 -39.1681 70
0.819549 -10.0231 70
-10.7053 9.0028 70
20.9959 -10.5136 70
-0.567546 -0.815463 70
-0.668068 -0.472878 70
0.829593 -0.254776 70
9.56904 0.862529 70
10.5768 0.869485 70
29.352 31.1366 70
1.24314 -0.505029 70
0.091095 0.195699 70
0.556407 -1.02894 70
0.966804 0.495401 70
0.647573 -1.39509 70
0.520326 1.3942 70
10.6905 1.45948 70
-0.700411 -18.7687 70
0.633432 -11.183 70
50.0519 -19.3998 70
-29.2179 41.2956 70
-0.951246 -0.974057 70
0.0537827 -0.689154 70
1.41635 49.2128 70
-9.29109 -40.9689 70
1.37973 -0.0690156 70
-9.09283 -8.54534 70
9.83412 0.298823 70
-0.421518 0.0816418 70
-19.8896 20.0622 70
0.0218122 -0.449197 70
0.967662 1.02875 70
-1.19842 -18.5313 70
-31.3001 -18.6826 70
-1.06176 -21.4026 70
1.27269 1.08246 70
-11.2838 -9.5026 70
0.190297 -1.43406 70
19.36 -0.0777707 70
0.362455 8.69011 70
0.538711 -0.138217 70
1.24881 0.905796 70
-10.0428 -0.917313 70
0.259138 -0.0905473 70
-0.655089 21.1848 70
-9.47044 1.47703 70
1.11188 -0.692445 70
0.852559 0.699629 70
0.304724 1.0344 70
-18.7229 21.4517 70
0.270746 9.93556 70
-1.10043 -0.296217 70
-0.367467 0.481107 70
-1.36591 -1.45731 70
9.59333 -0.432129 70
-9.03403 9.61374 70
-0.753265 0.687402 70
29.1712 -50.7401 70
1.24383 1.16409 70
0.75636 0.302237 70
-10.1826 -19.9754 70
1.15888 0.80148 70
-0.131768 -0.545668 70
-0.788798 11.3847 70
-11.2146 18.6683 70
20.1842 19.9717 70
-0.285987 -9.49483 70
-109.654 -9.94442 70
0.182848 -0.196121 70
-1.18211 1.27093 70
-9.60557 -8.64179 70
-1.41753 -8.53135 70
0.700153 1.4161 70
-9.33791 9.18344 70
0.362615 -0.231276 70
-9.65869 10.2324 70
-0.818836 -0.574286 70
0.104386 8.87111 70
-19.5127 20.5308 70
0.294523 8.66589 70
1.05709 9.69686 70
-1.39476 -10.6577 70
10.5176 0.879506 70
10.8381 10.9579 70
0.753333 -10.1083 70
8.51653 11.2825 70
8.70773 -1.30823 70
18.54 10.5709 70
20.827 9.73654 70
-29.5101 9.91857 70
-0.758881 19.7826 70
0.733914 0.504769 70
0.379785 0.900004 70
18.7141 -9.77371 70
-0.913181 10.2875 70
1.21186 1.15382 70
19.3264 -79.316 70
61.2915 0.732056 70
-9.04706 -1.33687 70
20.4484 -9.75214 70
-8.74585 0.168148 70
-0.203586 8.97059 70
9.59625 -0.0656381 70
1.01102 -0.681355 70
-0.716189 20.6184 70
-9.68636 -0.708915 70
-10.6394 -1.41376 70
0.180503 -0.513935 70
0.208328 1.30297 70
50.9145 1.36409 70
-10.8595 -0.856428 70
0.891198 -0.747819 70
1.3143 0.724422 70
-59.411 90.2606 70
-30.7905 18.5362 70
-0.611733 21.2333 70
-0.897475 9.27229 70
-1.35203 28.9498 70
9.25048 0.920413 70
-0.874717 -0.522956 70
-1.45461 -8.57844 70
-11.0671 1.33347 70
-0.316922 9.00326 70
9.37583 11.3444 70
9.65268 9.86219 70
19.0308 28.5228 70
-0.0956721 0.0374397 70
-8.56634 0.0878856 70
29.7415 -28.646 70
20.683 -9.18211 70
-1.01908 -0.364424 70
0.116304 1.13083 70
-20.6014 -0.257351 70
19.8898 20.1462 70
-11.4951 9.46995 70
-9.93733 -8.70586 70
-0.791626 0.860324 70
11.3419 0.243455 70
-0.521615 -8.54927 70
-1.00179 -1.00229 70
-10.4221 8.76491 70
1.02187 -0.210608 70
10.7515 -0.764496 70
-9.49548 20.1717 70
-11.001 19.3806 70
-0.244309 0.206894 70
0.931901 11.4399 70
-9.45225 -8.55287 70
20.4594 -20.1412 70
-0.18485 -0.168624 70
0.858998 1.15676 70
0.332693 -0.261662 70
11.2361 -10.154 70
1.27589 0.471623 70
-11.2018 0.806459 70
-0.903629 0.497429 70
0.879904 0.651374 70
10.986 -0.977968 70
-31.2435 29.0093 70
11.1423 -9.11192 70
20.465 9.9411 70
1.05433 0.367897 70
0.66671 0.412342 70
0.072946 -0.399483 70
-0.893032 0.883757 70
8.55534 1.4026 70
-0.416161 1.20729 70
-10.1123 20.101 70
-0.734317 20.3501 70
1.01737 -1.35347 70
0.993631 -0.267758 70
-9.21421 8.59275 70
28.9209 8.80926 70
-9.9162 10.4167 70
-11.4996 9.46905 70
-0.492874 0.559482 70
11.0039 11.0915 70
8.55488 0.320031 70
8.5509 -0.794048 70
1.11273 1.46581 70
20.6558 18.6888 70
10.2579 -1.33694 70
18.9185 -8.7986 70
1.44175 0.365007 70
10.6098 10.2676 70
-9.2299 0.262904 70
-0.120464 -1.18326 70
-9.57781 19.0539 70
0.483161 -0.0918119 70
0.509182 0.921796 70
9.23325 10.9853 70
-0.231233 -9.01676 70
0.471005 10.6498 70
0.114067 0.80813 70
-0.00564638 -1.32788 70
-0.175603 0.967211 70
0.508053 0.688489 70
10.6944 -61.2634 70
9.25769 -10.5252 70
-0.00356784 -9.25897 70
0.817042 10.0043 70
10.3121 10.371 70
0.607321 0.661587 70
-31.1749 -11.27 70
79.9798 -11.4352 70
-0.131541 -1.34929 70
-1.02803 -1.17218 70
-0.45059 -0.757991 70
0.996977 -1.42148 70
-10.6072 -8.74003 70
-0.182962 1.48626 70
0.363012 -0.488161 70
8.95366 11.3676 70
0.121933 0.821613 70
0.446716 -0.041294 70
9.52987 -19.329 70
-0.228734 -0.603656 70
1.41806 0.583405 70
10.8878 9.68203 70
-10.0182 -18.8775 70
-1.43578 -1.22231 70
0.755995 -0.568858 70
-21.4808 -21.438 70
10.2813 0.12342 70
-9.47658 19.853 70
1.38693 -0.501832 70
1.14004 -0.830021 70
1.17923 -29.489 70
0.196649 -31.1065 70
-0.836067 1.25677 70
0.826349 -0.0887794 70
10.9394 10.0461 70
0.11139 -0.51323 70
9.68222 28.6008 70
1.10851 0.0422877 70
9.48423 0.40415 70
0.954161 10.8343 70
18.9812 -0.580802 70
9.63565 0.387538 70
-19.6621 0.995535 70
1.15011 0.679678 70
-9.50139 -21.1353 70
-1.15609 0.715372 70
-50.2898 -0.779885 70
0.866781 -0.379004 70
0.360737 0.759398 70
50.3473 9.38999 70
69.2138 -88.6949 70
9.41349 -9.27592 70
-1.04823 1.4743 70
-0.274968 -0.470171 70
0.986478 0.396411 70
-10.2897 10.8855 70
-1.25855 -1.00393 70
9.1726 -10.471 70
9.16778 0.766571 70
-9.47148 0.0761442 70
-0.38205 1.4942 70
1.19634 0.329394 70
0.993407 -1.17427 70
8.89281 -11.0124 70
9.65426 1.06138 70
-0.325903 -0.0230836 70
1.14259 -0.697086 70
-8.59463 -21.3836 70
10.3126 -0.575433 70
1.39318 11.4384 70
1.11587 0.169656 70
0.45912 -1.4889 70
-1.21998 1.43263 70
8.75829 -8.6168 70
-0.707102 0.589781 70
0.172931 -9.57156 70
-0.631031 -0.954466 70
-0.474742 -0.0369355 70
1.47017 0.00584821 70
-10.2992 0.985369 70
-0.566169 -0.123174 70
-0.395426 0.625526 70
10.3461 -1.30352 70
-11.36 -1.03633 70
0.61352 9.85697 70
-11.4823 0.170033 70
0.215364 11.3944 70
10.9185 -10.4307 70
-0.575335 -0.431397 70
-9.305 20.6424 70
10.0487 0.587931 70
19.3655 -0.37773 70
-0.347573 0.620612 70
-100.733 11.4416 70
-0.901202 -0.217495 70
-1.16668 11.3525 70
-1.33799 18.8032 70
-1.14018 19.0422 70
0.302254 0.689349 70
0.39829 0.451673 70
10.7015 0.275605 70
9.78986 0.65576 70
-0.76235 1.46198 70
0.218077 1.05854 70
-1.15504 -1.36862 70
-0.723016 -0.549848 70
0.202538 1.46958 70
1.19126 10.7707 70
10.3906 10.9547 70
1.46754 0.573804 70
1.19965 10.8372 70
9.15296 0.671512 70
9.53426 9.13116 70
0.179739 0.504748 70
0.106524 0.423524 70
0.513926 0.887051 70
10.976 29.2414 70
9.05768 -1.11359 70
-0.986829 1.06594 70
49.3166 18.627 70
21.1771 -21.0142 70
0.722269 0.204292 70
19.421 29.5655 70
39.4202 -0.98424 70
-0.435553 -10.4029 70
10.8093 19.0894 70
28.5377 40.8724 70
29.3426 40.5388 70
8.64019 8.78318 70
-0.640533 9.47394 70
-31.0274 39.1739 70
-0.031056 -0.353298 70
-19.5614 0.924627 70
20.254 -9.10711 70
-1.37487 11.4609 70
-9.66615 -10.2284 70
11.4905 0.24837 70
10.5576 10.8884 70
10.1615 10.8884 70
20.881 -9.42209 70
-1.35577 8.68966 70
1.00274 11.2953 70
-1.39767 -0.564885 70
-0.475481 9.86024 70
-0.758853 29.8712 70
1.02741 -10.7328 70
0.28698 20.4022 70
1.05555 -1.02462 70
19.6796 31.4041 70
-8.76255 1.32137 70
-1.17114 0.800991 70
1.12407 -31.2755 70
8.58051 39.8551 70
-10.9992 8.61111 70
20.341 9.83817 70
-0.698058 0.381632 70
-1.45106 0.500725 70
9.70168 -1.482 70
-1.28909 1.3622 70
0.763891 -9.68666 70
10.5158 -9.42164 70
-0.96737 -0.89701 70
-1.1601 1.05508 70
29.0209 -49.6744 70
-10.886 -1.28453 70
-0.218614 -0.935496 70
1.22214 0.236323 70
-0.203218 -0.893564 70
-0.888615 0.108673 70
-18.9686 18.5157 70
9.95381 9.73558 70
-19.3801 21.3934 70
-1.17439 -0.167405 70
-9.14601 0.635868 70
1.20292 10.4392 70
-0.203537 -18.6429 70
20.351 9.19959 70
0.237357 -9.3142 70
0.742789 -0.939994 70
10.91 -9.08167 70
1.44334 0.773937 70
0.465836 10.1514 70
0.274925 -0.316311 70
8.97864 0.865219 70
10.7693 -0.0383267 70
-1.34867 19.2854 70
1.27941 30.1057 70
1.06027 -0.596376 70
0.328167 10.3409 70
0.945985 -1.12392 70
-0.741897 -1.22098 70
0.522467 -0.710707 70
0.678884 1.01319 70
11.1536 11.3646 70
10.7819 9.03047 70
-0.962911 11.2215 70
20.7221 41.2169 70
-0.812792 -9.08537 70
29.4674 -31.0523 70
-0.0809582 1.02856 70
-10.5277 -9.40404 70
-1.40491 -0.537341 70
-1.46798 1.08943 70
-8.55525 -59.0418 70
21.3374 1.02069 70
9.89496 -29.2435 70
0.800136 0.52511 70
-10.5594 -0.403025 70
-0.46278 -10.7579 70
-20.5389 20.8609 70
-20.4847 29.2349 70
10.1026 8.9654 70
0.262051 -0.480169 70
-0.783324 10.9175 70
9.63886 -1.44 70
0.27805 -1.09119 70
10.0798 -9.47084 70
-0.822761 9.84313 70
0.715339 0.929536 70
-1.35443 20.1878 70
0.162815 1.03501 70
11.4735 -0.808879 70
1.13077 8.60057 70
1.24444 -0.620306 70
0.296232 0.554185 70
1.49243 1.37951 70
-0.191074 -0.995942 70
20.9835 10.037 70
1.49046 -1.46418 70
-0.253547 0.814489 70
-11.4483 -20.8171 70
-0.398612 1.35699 70
0.700677 -8.51563 70
-0.374579 -1.01953 70
9.56975 -10.9192 70
-98.5724 19.0056 70
-10.4301 -0.13948 70
0.0832576 1.48685 70
0.81779 8.86608 70
0.0109815 -1.46683 70
10.4911 8.75247 70
39.5034 31.3102 70
-10.5195 -0.623975 70
-10.6843 10.9242 70
-0.985332 0.449807 70
-0.405238 -0.19841 70
-0.813679 -20.0436 70
0.950497 -8.8063 70
-1.20982 0.469438 70
0.342669 8.71431 70
19.4422 -19.4967 70
21.2865 -21.1612 70
19.9308 -19.2434 70
-11.3699 9.11937 70
10.4711 1.21745 70
0.591196 -0.0980216 70
31.1399 29.7345 70
10.5439 -0.0832161 70
-0.925902 10.0164 70
10.488 11.23 70
9.32285 0.463838 70
-10.522 0.78665 70
8.80838 9.20222 70
9.06999 -1.07392 70
