-0.636921 8.88834 70
0.368161 -1.1868 70
0.196513 0.153138 70
0.705224 -1.4897 70
-0.0679175 -0.71705 70
0.0464044 -0.799495 70
-1.32026 -0.505257 70
-10.251 -68.8822 70
-0.0156688 1.22039 70
0.473297 -10.4923 70
0.202025 0.940329 70
-0.810041 -0.328403 70
-1.2296 0.955095 70
-1.49765 1.14935 70
-30.1619 -28.5301 70
-19.0148 -0.624673 70
-9.2168 0.618227 70
-0.995709 1.13214 70
0.315317 -1.43673 70
-29.6201 9.47204 70
0.532672 -9.76184 70
-0.568475 8.91563 70
-20.1342 31.2461 70
0.0845988 -0.49031 70
-1.21974 -0.323342 70
-0.549306 -10.4466 70
-0.314175 -0.120536 70
-0.237633 -1.4339 70
-1.25149 0.0357603 70
-21.0969 -20.2513 70
-0.0335329 1.38561 70
-1.0566 9.80049 70
30.35 -11.4159 70
0.924932 0.693971 70
0.480899 -0.347228 70
-0.576227 -8.50619 70
1.42685 -8.87649 70
-0.874433 -10.1364 70
19.5001 -9.79261 70
-11.1306 -1.37729 70
-0.486329 -8.70051 70
-30.9199 -31.0403 70
-49.8599 -8.83671 70
-0.528659 1.25768 70
0.50284 -10.5904 70
0.946692 -1.1855 70
0.100605 -0.861145 70
-9.14274 -11.1167 70
-0.851363 -1.01965 70
-0.339022 -0.762475 70
-1.39829 -0.954736 70
-0.427741 10.3192 70
-0.964958 0.0465052 70
8.71838 -11.0197 70
-8.91518 -10.9189 70
-10.0735 -1.15028 70
8.8785 -0.945696 70
9.08411 11.2028 70
1.3277 -0.901309 70
1.05391 -18.521 70
1.45624 0.242114 70
9.86154 -11.3378 70
-10.9112 19.9969 70
-10.1232 0.846412 70
-8.8831 -11.2945 70
0.701013 -0.113399 70
0.38244 -9.5805 70
-0.840864 1.26224 70
-10.0229 -0.894194 70
10.887 1.19675 70
1.24626 -0.457114 70
0.405147 0.0272123 70
30.0359 -80.7673 70
-0.141935 -1.37567 70
80.6487 -100.616 70
-0.620045 0.44136 70
0.531655 9.48066 70
9.58744 -0.579554 70
-1.31284 0.838468 70
-1.08871 0.489107 70
-0.802787 0.251309 70
-9.15827 -19.716 70
-10.0769 -11.033 70
-0.480663 1.03845 70
-10.25 -1.46682 70
-1.40069 -9.74237 70
-0.150018 -10.5457 70
-1.20141 -1.29682 70
-0.464221 0.999708 70
-1.48668 0.832857 70
0.574667 -0.230767 70
-1.48924 -0.23012 70
0.705366 -0.150694 70
0.723685 -0.606239 70
-0.27136 -10.7424 70
-0.687705 -0.591177 70
1.40386 -9.96156 70
31.4354 -38.6323 70
-1.17704 -0.165492 70
0.51292 0.995343 70
0.155336 -1.04124 70
1.23467 -0.725421 70
-10.2924 0.356091 70
-0.996992 0.36975 70
20.4582 21.0043 70
-10.9003 10.7815 70
1.38646 -10.4901 70
-0.911731 -29.9062 70
18.8359 -0.255022 70
-30.1554 -20.6217 70
-29.0343 -18.6015 70
9.84253 -1.45215 70
10.8479 -0.988025 70
20.1607 19.0086 70
-0.973382 -20.8816 70
10.1607 59.9292 70
-8.95086 -39.7841 70
-8.67022 9.46599 70
9.31379 1.43156 70
-8.73916 0.979768 70
10.5563 0.312994 70
-0.0565893 -1.14363 70
-10.2835 11.2774 70
8.60576 -1.03485 70
19.6067 -109.449 70
-0.274701 -1.41424 70
-10.8217 -0.624305 70
-0.681765 1.37646 70
10.8827 -10.4556 70
29.2302 -61.3253 70
19.8348 -1.19763 70
1.40698 1.26018 70
-1.30281 -0.114464 70
9.94967 9.22664 70
-10.675 -9.5564 70
-1.33846 0.101086 70
-0.101591 0.370076 70
-0.566158 -1.20355 70
-1.26201 0.750459 70
-18.7788 20.038 70
-11.3759 -11.4912 70
0.515633 -0.157507 70
0.989561 0.394386 70
-11.354 1.09314 70
1.10611 -0.420111 70
1.24685 -8.5801 70
90.5889 51.0352 70
0.464544 -0.764985 70
1.25333 0.761858 70
0.0361644 -0.239416 70
11.3861 20.3236 70
-20.9393 -10.0391 70
-0.0169258 -1.39896 70
0.0336132 -21.1121 70
-20.6082 0.0781243 70
0.683933 0.766151 70
-21.1986 1.40452 70
1.23252 1.32951 70
0.719354 -10.0055 70
0.838065 20.1337 70
-0.689754 0.40949 70
-0.657588 0.807302 70
10.8374 -10.1844 70
8.55259 -11.3234 70
-0.894873 -0.425334 70
1.28932 19.5727 70
19.7263 1.20141 70
-0.88767 1.21624 70
-0.406513 -20.682 70
0.88328 -8.90339 70
11.371 1.03256 70
11.1863 -20.8506 70
-0.220221 -0.29768 70
0.175284 -0.824056 70
-0.184935 -8.59844 70
0.932031 -0.677288 70
9.75624 -0.473394 70
-0.200755 -11.3349 70
-0.233743 0.876996 70
-9.85875 -11.4312 70
18.7878 -9.84714 70
-0.430525 1.04235 70
18.7599 -10.3946 70
-1.43548 0.146204 70
-1.27284 -0.885563 70
8.54916 1.00607 70
1.04731 -10.498 70
-0.944454 -38.6405 70
-10.1436 -19.3411 70
-8.68456 -0.952633 70
-0.0101462 -0.427472 70
49.6554 28.902 70
50.6107 29.1898 70
-0.487397 9.46326 70
1.03038 -0.0582845 70
-8.68414 -9.15949 70
-1.37794 0.367924 70
1.18624 -0.27542 70
-0.697585 -1.16446 70
0.764934 -1.31058 70
0.00664711 -9.08623 70
-0.847817 -9.9308 70
10.889 1.39571 70
0.605559 -0.297801 70
-9.91911 1.29958 70
-0.414061 1.42465 70
1.47683 -0.741227 70
1.36879 -11.2166 70
20.2012 -1.32906 70
1.16055 0.559371 70
0.842553 -0.796267 70
-19.0445 61.3942 70
-0.123008 -0.0674525 70
1.27532 -0.215794 70
8.88425 8.73867 70
120.094 -90.1827 70
-0.604927 -1.29706 70
-19.9982 10.7909 70
-11.1806 -20.8288 70
-8.937 0.181515 70
0.244895 30.9895 70
-30.1131 20.6679 70
9.63505 0.587194 70
-0.733838 -9.75393 70
19.8811 10.9069 70
-0.226189 0.759445 70
1.01788 0.0454292 70
1.35632 0.0936429 70
-11.0289 -0.739543 70
-10.7066 1.12383 70
-0.601475 0.908152 70
1.15008 -9.36945 70
-1.04953 0.256289 70
-0.580555 0.315437 70
-0.153742 19.3707 70
-0.632492 18.5242 70
0.40202 -0.30091 70
0.365216 -8.87051 70
9.2825 9.69412 70
-0.789529 8.84177 70
21.2238 -21.1325 70
-10.9732 1.2766 70
-20.0141 -0.460319 70
-29.3996 -31.0745 70
0.564296 -9.29661 70
-0.773135 -11.1123 70
-0.193013 -1.3349 70
1.35353 -11.0677 70
-0.54895 1.30464 70
-0.404951 0.691965 70
0.0665698 8.74603 70
11.2167 -10.6756 70
-9.40056 -0.0223542 70
11.3342 8.77025 70
-0.84562 -0.00355871 70
-0.860307 1.27584 70
109.929 -39.4775 70
30.0453 -11.4683 70
-10.0539 -19.8559 70
88.7438 -50.3611 70
10.3245 -9.83513 70
-10.5887 -1.13543 70
-0.00353598 -0.329167 70
-19.1766 28.6755 70
0.103963 -11.42 70
1.4111 0.131311 70
-29.4687 19.7922 70
-1.40361 0.160061 70
-1.26597 0.245392 70
-1.04312 0.707505 70
48.9356 -29.5055 70
-0.697694 -8.65865 70
-0.785224 1.1739 70
8.75654 0.378839 70
10.5539 0.604584 70
8.67953 0.364511 70
19.6808 11.1845 70
10.4305 -11.4558 70
-1.05482 1.12141 70
1.37256 -9.91358 70
0.563581 -9.31415 70
-49.9793 -0.378048 70
0.954221 -0.746995 70
1.34457 -11.2125 70
-10.191 -1.2672 70
-0.997491 -1.03249 70
-1.12841 -1.21198 70
0.917804 -0.910817 70
-30.7178 -0.411472 70
-1.22655 -0.573943 70
0.269462 -0.527715 70
1.47133 -0.515556 70
-0.136008 -1.259 70
1.18702 1.23317 70
-0.630336 -0.11111 70
29.8616 -1.02773 70
28.9 0.177288 70
1.27504 -10.6431 70
9.16857 9.87783 70
-1.38334 -1.27114 70
0.892951 11.0631 70
-8.81651 0.361024 70
-10.0098 29.3736 70
-1.36489 1.22246 70
0.752902 -1.3432 70
-30.7369 -8.90725 70
-30.1119 -9.54508 70
0.530375 1.33207 70
-10.0165 -0.73091 70
-10.4513 1.14466 70
21.4232 -0.286862 70
1.26231 -9.9556 70
10.1805 -19.2554 70
-0.981379 -0.14264 70
-0.246804 0.0868296 70
9.22336 -10.2456 70
-0.489905 -0.814563 70
41.4865 -20.2091 70
30.2533 -18.6579 70
-10.6479 1.39026 70
10.9584 -1.48376 70
-1.23654 -19.8179 70
0.413115 28.8778 70
1.45628 -10.3771 70
9.01913 -1.00034 70
0.303963 -0.559046 70
-8.63109 10.5491 70
0.86195 -8.64006 70
0.511586 0.475482 70
0.777835 -0.903225 70
10.8872 -1.16591 70
0.406386 -0.329958 70
-20.3383 1.13104 70
-0.696058 -1.48674 70
-10.0864 -0.597859 70
-51.4212 60.6191 70
-0.365962 1.06339 70
0.036635 1.16756 70
1.27339 0.947602 70
-8.75596 0.70124 70
0.891041 -1.1336 70
-0.774195 1.1625 70
-0.232584 -1.30115 70
19.5048 -10.2134 70
-0.98885 8.91096 70
-10.4861 -0.649814 70
29.0967 -0.367775 70
-0.417356 -0.945133 70
-9.9406 -10.8925 70
0.888531 1.2734 70
19.6702 20.2692 70
28.5628 -79.5932 70
8.82945 -1.09622 70
-11.3827 -0.644983 70
-9.25278 0.262308 70
0.0607565 -9.51635 70
0.950405 -0.304052 70
-0.704065 -9.80025 70
-9.76236 -10.9719 70
0.676073 0.573784 70
0.091928 -0.667433 70
-8.78603 0.179464 70
-11.4239 -1.24316 70
0.101928 -9.08691 70
0.478995 1.48954 70
-0.243494 0.469003 70
-0.642585 -11.4513 70
109.445 -9.96387 70
0.981142 10.9657 70
19.6126 11.1315 70
-1.37361 1.26504 70
38.9077 10.4433 70
-0.258651 -0.788358 70
-1.13565 0.731217 70
-9.61631 -0.447574 70
-0.584532 -0.905262 70
9.36441 -9.20949 70
9.6409 31.2574 70
9.53292 10.9876 70
1.08661 30.1593 70
0.791452 0.205276 70
-9.38867 9.85159 70
0.961455 0.878532 70
-20.4494 -0.972852 70
-0.994809 1.27705 70
18.9195 11.0667 70
-19.0066 31.4982 70
0.523348 0.348133 70
-1.47285 11.1041 70
-1.4027 9.10128 70
-0.104049 1.32732 70
1.40384 1.00572 70
10.8214 -0.269605 70
-11.192 19.5022 70
-0.199711 -0.322056 70
-1.25069 11.1783 70
-20.9449 0.671521 70
-29.176 0.525905 70
-0.695324 1.20395 70
-9.18039 1.1108 70
-9.94518 40.634 70
-10.4007 1.39824 70
0.399406 0.0461856 70
-0.384879 -9.01146 70
-19.4083 0.0440511 70
0.694385 1.10846 70
-9.97214 -0.103442 70
-0.295343 8.82771 70
-0.496679 -1.09924 70
-39.6795 -9.88221 70
1.12089 1.32492 70
-1.45858 -1.11313 70
-11.4702 0.194064 70
-10.4104 1.22734 70
9.9667 10.2912 70
9.69661 9.21281 70
-1.03191 -1.38007 70
-1.32721 -0.712354 70
-0.373807 -0.33137 70
-1.41146 -0.183991 70
8.69449 39.2748 70
-19.0518 -11.0241 70
8.61638 0.738308 70
1.32494 9.11453 70
-9.78321 -0.574654 70
1.06453 -1.4958 70
-0.616191 -0.358787 70
1.33385 -11.3576 70
50.8786 -101.361 70
-10.4736 1.36542 70
-31.0426 49.4053 70
10.0406 -10.0927 70
1.03887 -9.8013 70
-1.2789 -8.75385 70
-0.122483 -8.77201 70
-0.955334 0.794728 70
0.448925 0.0380223 70
0.292148 9.41197 70
0.873187 0.706433 70
-9.76257 0.366551 70
0.926382 -0.324588 70
-31.0257 -9.79488 70
0.0775107 0.811835 70
0.059076 -0.316239 70
-21.4414 10.0851 70
-0.881162 -8.94926 70
-0.0586612 -0.226888 70
1.23601 -0.969719 70
-79.4661 59.6105 70
18.5568 10.6258 70
11.3914 -9.02214 70
1.31186 -10.7792 70
-40.6517 -8.62913 70
-1.09245 9.40418 70
0.826847 31.4028 70
0.789734 0.516362 70
-30.2631 -31.2987 70
-20.9847 0.233795 70
-0.492094 0.17673 70
9.72958 -10.3477 70
-1.38746 0.973572 70
1.31206 8.54007 70
-1.1775 0.0247715 70
8.61328 -9.4944 70
-28.5552 8.6639 70
-8.9516 -19.4641 70
-1.34504 -0.894979 70
-0.561271 30.5222 70
1.37605 -11.1441 70
1.19971 0.18381 70
-1.21116 -0.641514 70
0.984947 1.27746 70
-10.051 1.15454 70
-0.348566 9.81165 70
0.318527 -20.3024 70
-1.34619 -10.228 70
0.714772 -8.64795 70
-0.523767 -1.37807 70
-11.2573 -20.6511 70
-10.8 1.29806 70
-0.865282 -0.0613453 70
-0.796947 1.36395 70
1.40092 -0.0731443 70
-50.0686 -49.2426 70
-0.316341 0.107094 70
0.248664 -0.983855 70
11.0674 -21.0288 70
10.8395 -21.0036 70
0.744563 -0.227756 70
-0.336542 8.83569 70
0.890339 11.3352 70
-0.646343 18.9414 70
-18.7374 -0.81617 70
29.4294 -19.7409 70
0.486866 -9.66108 70
8.56551 10.049 70
8.73135 -19.7463 70
0.566744 -1.40041 70
-10.6544 0.170988 70
-1.49192 0.438111 70
-1.27789 0.483778 70
-18.8797 -29.7598 70
1.43035 -0.939311 70
9.16684 -11.4252 70
-10.6766 -0.0586012 70
-11.4779 -0.0123505 70
-9.76816 -0.556998 70
29.2141 18.5622 70
1.0981 -9.8006 70
1.12688 -0.0280324 70
-0.769142 8.8017 70
0.132798 0.569743 70
-9.40041 1.26641 70
-9.98941 0.0561693 70
0.726527 1.24515 70
9.6285 8.93243 70
-30.8275 -19.7193 70
0.798246 -1.30361 70
9.03076 -39.2485 70
9.52114 -9.74215 70
-1.17092 0.506409 70
-0.458494 10.0914 70
1.36279 -0.649544 70
1.19522 1.46338 70
0.745808 1.45895 70
-10.8995 9.96139 70
-40.0331 0.954634 70
-0.603507 -0.654352 70
-0.74488 0.547659 70
-1.21092 -0.0343299 70
1.12647 0.700073 70
0.318299 10.4249 70
-1.46991 8.82921 70
0.0502502 21.4805 70
1.19409 -9.46287 70
20.2141 -10.0515 70
-1.4682 1.34654 70
20.7015 -1.39391 70
1.04674 1.06926 70
9.05066 -0.519778 70
0.585085 -10.6719 70
-20.4397 38.9535 70
-20.3768 -1.34679 70
0.79837 1.05639 70
-21.4351 20.8738 70
-0.975946 0.714117 70
1.16451 -9.71675 70
-0.125837 0.160523 70
1.15338 -1.05056 70
-19.7331 -9.44837 70
-0.571169 -0.900535 70
-0.39806 0.527292 70
-11.4481 11.3729 70
-1.3603 -0.789059 70
0.635049 -0.689088 70
0.527942 8.50636 70
10.9314 1.21125 70
-0.083808 0.861045 70
19.6365 20.2 70
0.49258 0.875499 70
-11.4378 -11.2799 70
-0.98532 -9.17616 70
0.799069 -9.40055 70
0.0467678 -1.27761 70
-1.42801 -0.150664 70
-1.07547 -1.17535 70
-0.710232 -0.564714 70
-10.0421 -1.4961 70
19.1741 -19.5572 70
-0.508545 -0.648992 70
0.748126 0.429396 70
-1.15465 0.267168 70
0.879361 0.691372 70
-40.7776 -39.6606 70
50.2737 -28.5567 70
-0.93339 0.979663 70
-11.3234 11.1087 70
-0.177204 0.417821 70
-28.5131 0.0913184 70
99.8128 30.5299 70
-1.45381 30.9154 70
-11.2714 -8.9648 70
-0.794414 1.29541 70
-1.19495 0.695753 70
-0.317735 0.922255 70
-1.45218 -0.971282 70
-68.5191 -0.750772 70
-0.255094 0.090888 70
1.35847 -1.16758 70
0.100349 0.223331 70
0.492449 -0.148946 70
0.283504 0.389433 70
1.03553 -19.6138 70
-1.32036 0.814345 70
-8.62291 -40.2506 70
-1.41553 -0.314839 70
-20.5201 -9.75046 70
10.095 1.14325 70
1.04789 -0.917951 70
-1.15185 0.505824 70
-11.308 -11.4257 70
31.2939 -18.756 70
0.574241 0.809156 70
-1.0673 0.715831 70
0.58339 0.498794 70
-1.16559 -11.1547 70
30.9874 -9.11986 70
10.58 -29.2844 70
-19.0461 1.38396 70
-20.3393 0.505269 70
-10.9477 -10.2777 70
0.0886425 0.729194 70
-59.1112 -49.3115 70
-1.11497 -11.0389 70
0.527968 -0.403374 70
-120.633 -49.4317 70
1.24132 -30.0098 70
9.57574 1.14386 70
-1.00785 -0.360154 70
-0.633325 -9.15913 70
9.21297 -10.4152 70
-1.49564 -1.35771 70
-0.639416 -9.20274 70
8.78152 -9.45321 70
0.213735 -0.500673 70
-0.552269 -0.19991 70
-0.460397 0.53404 70
8.76194 1.28228 70
-20.2939 31.2929 70
10.3611 11.2659 70
-0.575655 -1.10768 70
10.8046 -1.4556 70
10.9506 -29.0292 70
-0.779745 -1.02501 70
0.861058 19.95 70
0.364056 -0.555828 70
-11.4932 -0.887191 70
1.04183 -8.79175 70
-8.50157 -9.29043 70
-1.13771 -1.04133 70
0.918426 0.490159 70
-9.81741 -10.383 70
-0.579013 0.776246 70
-9.01249 -0.954487 70
20.4542 -10.5462 70
20.4121 -9.95088 70
1.47858 0.146902 70
-1.22627 -9.77626 70
0.863073 -10.8927 70
0.0950305 -0.600434 70
11.3774 -9.49419 70
9.07951 -1.12684 70
10.503 -9.74498 70
-0.780931 8.82908 70
-0.857805 0.873803 70
1.22459 0.195711 70
1.49804 1.21131 70
0.928294 -8.8047 70
-1.23619 -20.4924 70
-0.307364 -10.7342 70
-11.2964 -8.97044 70
-0.255748 0.772525 70
-19.396 -19.5414 70
-19.7885 -10.5087 70
-1.0913 1.04361 70
-0.572793 -0.179624 70
-29.2972 -11.0265 70
0.551546 -21.3935 70
-11.3674 -9.54407 70
-0.550882 -10.5441 70
0.781681 -10.5748 70
-9.92082 0.034257 70
8.84559 10.424 70
0.980958 1.2788 70
0.632733 1.14706 70
-0.287243 -1.44125 70
-0.60221 -11.2133 70
29.6464 -9.80742 70
-1.18906 0.609776 70
-0.187606 -39.7738 70
10.3455 -10.4834 70
-38.6305 -8.76325 70
-20.8826 29.9731 70
-0.647345 -20.1126 70
0.748043 -0.918394 70
0.733833 -9.70645 70
10.4898 -10.8853 70
-9.96652 -10.4222 70
-21.3275 -20.1043 70
-0.796253 0.215795 70
-20.1637 -9.69852 70
29.1709 0.813892 70
30.8934 1.34868 70
1.32856 -1.48741 70
-10.2144 19.5844 70
-0.749473 0.567698 70
0.352296 -0.474351 70
-1.3978 -9.44069 70
-0.0954867 -20.7776 70
-0.25999 0.663186 70
-9.4775 -1.34401 70
11.4635 0.410145 70
9.44686 0.308823 70
1.03783 0.28509 70
9.69995 -0.627191 70
-0.357932 -10.8898 70
0.142627 -10.524 70
-10.383 1.27084 70
48.5489 9.05176 70
11.4986 -11.2723 70
0.203622 -0.257157 70
0.469212 1.09569 70
-0.0464096 0.801502 70
0.85139 -10.5829 70
-0.158766 -1.01753 70
-19.1998 -19.9901 70
18.8252 0.539333 70
-20.2464 8.99994 70
0.837535 10.3392 70
0.642035 -0.712879 70
-8.5071 0.5457 70
0.0862847 0.820781 70
1.39627 -8.97947 70
0.920393 -1.28564 70
39.6395 9.16543 70
39.9438 10.9654 70
1.41498 1.36926 70
-19.2716 -29.1778 70
-0.232967 0.68373 70
-10.2234 0.320185 70
-1.21956 -1.02195 70
-59.4995 0.00977806 70
-20.8952 -1.41415 70
-10.2636 0.811628 70
-0.249164 0.916896 70
0.220395 10.4786 70
-0.737519 -0.371236 70
-0.576576 -10.7398 70
8.67939 -0.467757 70
1.35751 -10.3558 70
0.784597 -0.533936 70
-0.219174 -11.4474 70
-20.1281 31.1745 70
0.272628 0.161367 70
-1.18124 0.060778 70
-0.213819 1.25658 70
-0.78849 -8.78243 70
1.29123 -21.283 70
11.4626 0.434205 70
1.47142 -0.85851 70
-1.43368 0.344609 70
59.3314 70.7702 70
-0.0211125 0.247292 70
1.44467 0.410375 70
11.2326 -0.0532186 70
-9.65834 -19.7225 70
49.9117 28.8888 70
-8.50371e-05 10.812 70
-0.740307 1.30981 70
-0.254258 1.24622 70
0.21822 -11.3338 70
-0.764394 -10.173 70
-19.6243 19.9516 70
-18.8015 18.7358 70
8.54693 0.503768 70
-1.11551 0.00434049 70
-0.162936 -40.5412 70
-1.04898 -40.513 70
59.4229 18.7414 70
80.9075 -20.1601 70
-0.288225 10.1706 70
1.38975 -9.80158 70
-10.0442 -0.352215 70
-0.717478 0.812052 70
0.387886 -0.638726 70
-10.7891 -0.590441 70
-0.123002 1.35664 70
-1.14872 0.416648 70
-10.2439 11.2563 70
-8.97899 -11.0167 70
-19.811 -8.77814 70
-0.436025 0.840352 70
-0.692007 -0.0628258 70
-10.848 -21.2461 70
-11.0795 49.1042 70
9.21505 -0.0291998 70
-19.9165 9.80836 70
0.584164 -0.683306 70
-1.3719 21.4177 70
-0.235571 -0.898383 70
0.770969 11.2598 70
-0.397022 0.0576737 70
0.524259 0.857229 70
1.4687 0.646645 70
-0.111819 9.25918 70
10.914 9.21939 70
10.8478 -21.2699 70
-39.8933 11.1347 70
0.721889 -28.8896 70
9.02738 8.85715 70
0.0382294 19.8608 70
10.502 -0.733525 70
-9.62366 -0.955617 70
-9.2298 -0.157026 70
9.1755 10.065 70
1.11032 -1.26062 70
-18.88 0.0791061 70
-9.6754 1.44824 70
1.16257 -11.3251 70
1.16562 0.370809 70
60.9655 -69.2574 70
-11.3989 8.76217 70
