1.02932 -0.333587 70
19.278 -0.677219 70
19.3972 9.83507 70
9.5232 0.0714474 70
-9.1653 -8.54564 70
0.550874 0.131001 70
-70.0126 29.4962 70
9.78051 0.593532 70
8.78219 -20.1421 70
0.294267 -0.469571 70
-0.755746 19.3903 70
1.30818 20.7612 70
-1.05422 -1.25381 70
18.7268 49.7722 70
-1.34173 -10.4085 70
0.361995 49.4753 70
-0.429156 -21.1227 70
0.840963 -19.0479 70
20.1193 -19.0743 70
19.5628 11.2695 70
-0.0451564 1.05263 70
-10.229 -9.89907 70
8.51394 -21.213 70
8.66424 0.28352 70
21.3497 1.3276 70
-11.2487 10.9375 70
9.41573 -8.99194 70
0.201624 9.64199 70
-1.23031 -1.44345 70
0.436602 9.2345 70
0.176564 -10.5901 70
20.2827 -10.834 70
-0.393083 -9.24879 70
0.466578 -0.394211 70
10.4127 9.67413 70
10.604 -0.604986 70
11.3996 -11.3279 70
10.3923 -0.0912375 70
-29.2932 -19.679 70
1.38775 -9.61525 70
-9.51305 -9.44211 70
9.14736 -0.688962 70
9.33136 10.697 70
9.81261 -1.41474 70
0.0393515 10.2456 70
-9.59744 0.435096 70
9.71971 1.49274 70
-20.1402 -0.10442 70
0.88145 0.67522 70
-9.32284 0.225144 70
0.760319 -1.36993 70
-8.87177 40.8653 70
10.1128 0.0969227 70
-8.5319 -8.83133 70
8.675 0.567896 70
0.260403 -0.0922995 70
19.9535 0.742045 70
11.2728 0.0542786 70
0.839614 -19.032 70
-28.7826 -10.4435 70
19.1979 -38.6925 70
10.1243 9.36274 70
10.7938 0.478956 70
-1.32484 -19.6156 70
-18.8837 -11.4818 70
0.371726 -1.00747 70
8.94234 -8.87624 70
-20.5276 -10.8818 70
1.10234 -9.18962 70
19.2625 -21.1274 70
-0.63829 -9.77628 70
49.4238 19.3206 70
-11.3462 -9.65324 70
8.61306 1.46579 70
9.39049 -8.73799 70
-8.82263 -10.1483 70
10.4973 0.317446 70
0.312658 -10.3507 70
0.152038 19.7344 70
0.808799 -20.1665 70
100.517 68.5583 70
-30.5245 0.627321 70
8.94859 -0.486338 70
11.1189 -11.1179 70
-0.79349 -0.0964885 70
30.3773 -30.9095 70
-0.381441 -8.61208 70
11.4395 -1.0699 70
51.3252 -40.7308 70
-41.3792 19.2358 70
9.0505 -9.05202 70
11.0058 -0.7958 70
100.52 9.06318 70
0.573174 -0.118446 70
9.28828 0.203527 70
-0.434395 -10.3224 70
8.52364 -8.6258 70
0.960387 -30.1045 70
9.7018 -11.4686 70
-1.29097 -0.238292 70
8.73012 9.46659 70
19.0671 -19.8087 70
-19.5542 10.3771 70
-10.3509 -9.86057 70
-10.5642 -10.6046 70
0.488325 0.103502 70
10.0068 50.6537 70
1.42136 -39.0305 70
-9.48119 -9.37573 70
-10.5193 0.824759 70
-8.89864 10.4989 70
0.156359 -10.5368 70
11.3897 1.37088 70
-30.3084 9.45885 70
9.92338 0.70165 70
0.0265262 1.20948 70
0.904858 9.25784 70
48.8767 11.3591 70
-19.9092 -11.3573 70
-10.1056 9.88974 70
0.380951 10.7227 70
8.57656 1.26076 70
-0.816012 -1.30576 70
10.0632 18.9722 70
0.726853 -9.69879 70
-51.0446 19.2384 70
-0.582741 1.02007 70
-20.2375 0.210484 70
-0.593978 -9.42346 70
9.35046 -9.78203 70
0.888455 -0.706666 70
-0.41421 -1.34175 70
11.2852 -10.7087 70
9.41467 -9.59882 70
-0.22848 9.73552 70
0.431159 -9.62804 70
11.1893 -9.77508 70
10.7834 -0.227511 70
9.01611 -0.576112 70
10.9839 -1.25744 70
0.683484 11.2093 70
10.4088 0.944584 70
0.175858 0.0592469 70
10.5515 19.4016 70
19.3237 -19.5088 70
19.9509 -10.2578 70
-0.939347 -11.3349 70
11.4983 -1.37233 70
-30.2037 -21.2705 70
20.3095 10.4199 70
19.9959 8.99906 70
1.42858 -8.53075 70
0.208863 -0.125543 70
-8.58241 -11.4817 70
10.1028 -9.96004 70
20.3478 -0.783789 70
-9.73409 -9.78754 70
10.2756 -9.92146 70
-30.3575 1.21242 70
8.6636 10.3238 70
-11.095 -0.331281 70
10.5542 -9.36498 70
-9.14673 -18.5123 70
29.1197 0.62554 70
9.29654 -0.882799 70
9.17636 -0.846252 70
-0.163187 0.505467 70
19.7687 -8.63689 70
-9.66489 -1.28671 70
20.0446 -9.98641 70
9.35168 -11.4929 70
20.7728 0.629097 70
0.528156 -0.678137 70
0.420466 0.129988 70
-9.55272 39.221 70
-19.4532 -0.321789 70
9.71218 1.1049 70
-0.539789 -11.2992 70
-0.137175 10.3696 70
11.3991 29.1051 70
-0.634118 -0.375869 70
-0.2535 0.928079 70
10.1032 1.44053 70
8.5166 -10.5012 70
-60.9818 69.2192 70
-18.7442 -9.16648 70
0.925899 -10.2817 70
-0.428868 -0.546028 70
29.7865 -1.23589 70
49.3122 19.189 70
21.0553 -0.370963 70
10.1586 1.22241 70
-0.0576603 -10.0401 70
8.67674 1.04541 70
-19.4137 0.723612 70
79.9506 98.9277 70
-0.125293 -0.335508 70
1.19576 -9.24015 70
-0.471482 1.17062 70
31.4809 -1.13459 70
-21.452 -9.0206 70
1.35423 0.913696 70
48.6027 0.448708 70
10.3342 -21.3108 70
-0.0115357 0.312806 70
-8.60482 0.347613 70
-8.52076 1.44012 70
11.0008 -10.2604 70
0.959143 1.29416 70
-1.45124 8.86265 70
-0.307698 -10.1551 70
-1.40616 1.37806 70
-18.8276 20.6932 70
-0.929164 8.85294 70
-9.82105 -10.1752 70
10.6244 10.7754 70
19.5334 -10.3116 70
0.29374 -9.70265 70
30.5907 -40.7114 70
-10.4716 1.3346 70
11.0776 0.534318 70
-18.5399 -1.00596 70
0.23704 0.357432 70
10.442 -0.329569 70
0.840919 -0.673215 70
1.01506 -8.6807 70
11.3075 20.3913 70
-0.524905 -0.486107 70
20.5574 -8.66264 70
8.55253 -9.67186 70
29.8872 -11.4502 70
10.2679 -10.7682 70
1.20405 1.30979 70
0.885855 -9.86831 70
0.760098 -9.53756 70
11.2593 -1.04192 70
0.537846 -8.78894 70
10.9977 -0.49099 70
1.41958 1.4186 70
9.46386 -0.250397 70
10.538 0.81491 70
10.9836 -9.81608 70
-40.7562 -10.6643 70
8.69211 -19.214 70
0.0236189 -10.9299 70
19.4021 -8.94448 70
19.5562 -8.94563 70
20.6404 -1.19602 70
-10.131 8.89249 70
-9.14121 -19.0788 70
0.874954 1.2355 70
0.0425859 1.12454 70
-18.9088 -31.4334 70
-0.476995 0.624704 70
0.715599 -10.5568 70
10.7915 -9.13278 70
-21.038 -0.558972 70
0.726561 10.2565 70
0.435075 10.4095 70
10.986 0.0808286 70
-0.776784 -0.633589 70
0.543995 -1.31839 70
10.4347 -9.94012 70
9.75209 0.149071 70
20.5559 -0.0734702 70
9.71478 9.16964 70
90.9474 10.1168 70
8.78259 -0.780163 70
-10.5664 -8.71537 70
0.704795 -1.08809 70
9.14399 29.0631 70
-8.61618 -8.60615 70
-1.47556 -9.40036 70
21.0238 -41.0746 70
-10.6716 -18.9656 70
0.97052 -1.30218 70
30.0628 -20.858 70
8.8515 0.570215 70
10.7071 10.0042 70
-20.9805 -10.834 70
0.446132 -0.372754 70
-9.92481 -20.8417 70
-0.460965 19.5152 70
10.712 9.0534 70
11.1625 1.46714 70
-21.0006 -20.795 70
-18.8694 -21.1652 70
58.7425 8.519 70
9.11074 0.420052 70
11.1665 10.6157 70
1.26594 20.0846 70
68.9265 89.4077 70
19.3255 -0.518129 70
1.40818 -9.69324 70
-30.2793 -69.4579 70
0.0438765 -10.248 70
29.0137 -9.88527 70
19.092 -29.7366 70
1.29425 -9.81965 70
1.08358 1.11098 70
0.828522 -10.9766 70
9.17536 1.15423 70
0.184618 -9.65753 70
-30.7065 10.1178 70
1.40103 -9.05567 70
40.2252 -19.8863 70
-8.79183 11.324 70
-9.18695 8.73332 70
-0.889969 -20.5807 70
10.9452 0.768368 70
-9.98766 -1.43637 70
-10.7514 -9.93388 70
0.151282 -1.28175 70
10.7401 -10.2783 70
0.730497 -10.0906 70
20.7188 1.40822 70
9.64952 -8.94582 70
40.9466 28.6199 70
10.071 -20.8571 70
-0.382944 -8.54762 70
-10.3407 0.627676 70
1.18539 -11.2301 70
-0.416328 -11.0101 70
0.483114 9.07089 70
-0.607975 -9.68166 70
-30.8135 -40.019 70
9.42528 -10.102 70
-19.0876 -1.04024 70
-1.17758 -9.98959 70
0.317247 -10.182 70
-1.41758 -0.597043 70
-30.6542 29.4921 70
21.4958 109.848 70
19.4787 0.360982 70
11.4059 30.7652 70
-0.278334 -0.738315 70
-21.4099 1.36838 70
9.7324 0.66182 70
0.505895 -11.0861 70
8.65479 -79.9797 70
-0.513571 -1.25562 70
-8.98198 -21.0075 70
0.982019 -9.70114 70
21.0696 8.63548 70
-20.2388 19.1053 70
-29.6975 0.674941 70
-9.80567 0.4505 70
0.760069 -10.0545 70
9.39519 8.88633 70
8.57566 -10.4718 70
11.3739 -0.142604 70
1.21716 -9.44907 70
-19.1403 18.5609 70
0.0844483 9.93238 70
11.4782 -10.4544 70
-0.00334676 -18.5576 70
28.5634 20.4243 70
0.26558 -0.310267 70
-0.0188817 -1.41984 70
-0.994756 0.658374 70
-9.24964 -10.5514 70
1.09528 -9.67345 70
-99.5101 19.0794 70
-19.3463 18.9145 70
10.5549 1.20835 70
0.875321 1.01247 70
10.5772 19.5543 70
-10.6431 0.868356 70
-0.584375 -0.570499 70
0.00748551 -0.153748 70
10.5454 -11.4323 70
20.5774 -1.39317 70
-10.7926 10.3151 70
10.8624 9.52985 70
-0.454565 -1.05169 70
-0.897697 8.66374 70
0.462731 -9.67035 70
0.083938 -1.21307 70
0.229931 -19.0961 70
20.9874 -18.9171 70
0.825632 8.93906 70
-1.28789 110.955 70
0.253131 -11.1676 70
1.29047 -0.790714 70
10.772 -8.94364 70
-0.369157 -11.0248 70
1.31817 -11.3755 70
-0.274254 -0.759423 70
-1.03228 -0.636626 70
1.36113 -0.896325 70
29.4926 -20.7886 70
-11.1245 -0.54594 70
18.9298 -8.55995 70
10.9891 0.548084 70
9.76861 -8.73035 70
9.26444 -0.299738 70
-10.5942 0.470364 70
1.14317 -0.0715805 70
-9.9469 -19.575 70
0.996763 0.115706 70
10.3409 -39.746 70
-30.3569 -9.35752 70
10.0241 1.44547 70
8.62843 1.49804 70
-9.44863 -0.144015 70
-0.255255 0.159273 70
-11.3877 -0.778966 70
28.5594 -39.9067 70
-0.500551 -20.2945 70
0.903641 0.640074 70
40.3538 -20.5145 70
11.1453 0.109732 70
0.986628 9.54971 70
0.153795 0.848721 70
-1.0928 -1.30554 70
-0.131035 -9.58682 70
1.31888 -9.32515 70
20.2937 -11.0034 70
-1.3671 0.66893 70
-8.52382 -10.8664 70
-11.4641 -9.14533 70
-1.38092 -0.69361 70
11.4727 -0.725386 70
11.0929 -10.7684 70
0.791571 -1.17891 70
10.9252 0.164615 70
-9.10841 -11.4146 70
-10.9106 19.6057 70
10.492 1.243 70
0.434525 -9.03247 70
1.10318 1.44688 70
8.79895 -9.67701 70
-19.1139 1.17505 70
30.2491 30.7829 70
-0.671204 -18.8962 70
9.96628 -49.1843 70
-9.6097 -11.4963 70
1.20824 -1.20713 70
1.08459 -29.6964 70
-1.38735 -9.86143 70
-11.0138 29.2535 70
30.4888 10.5745 70
30.7403 8.54279 70
9.74222 0.153097 70
1.01493 20.6212 70
1.4649 -0.218719 70
39.9935 0.785503 70
-1.19245 -0.888865 70
0.564504 0.703205 70
8.91631 -10.7292 70
11.2706 -9.86862 70
11.2378 -9.77113 70
0.0971947 -10.5587 70
30.5948 -28.9446 70
-9.61914 0.429087 70
-0.819479 0.392991 70
-0.516737 -0.555386 70
9.3737 0.723117 70
18.5476 1.32297 70
20.7518 -28.8421 70
1.02444 -18.7237 70
10.14 -29.52 70
31.1639 -9.42805 70
-19.7921 98.5845 70
10.8082 1.2824 70
9.55963 0.0347762 70
11.1208 0.429841 70
0.279303 1.24637 70
-30.5239 0.74283 70
1.47109 -0.0542768 70
10.6676 -0.612252 70
-8.57176 0.196869 70
-1.11228 1.07272 70
59.686 28.8682 70
19.6615 -10.3943 70
-0.872117 -0.37075 70
61.0304 19.718 70
8.72174 1.33998 70
10.4998 -10.2474 70
-1.27634 0.835681 70
10.8455 0.377465 70
10.2874 -1.12002 70
69.3373 -10.4874 70
-59.178 -20.5591 70
8.61664 10.3958 70
0.0479491 -0.594433 70
0.143893 -0.341658 70
30.2715 -90.305 70
8.5458 1.40411 70
19.0527 50.4468 70
-0.297807 0.729645 70
21.1783 8.68497 70
10.3579 -0.366672 70
-10.8262 10.3336 70
-0.511804 -9.61672 70
9.74402 0.389399 70
9.19087 9.30455 70
-0.0473273 -0.267711 70
-0.950379 0.842711 70
11.0882 10.2138 70
-0.695502 -9.37154 70
10.2897 -8.93887 70
10.4118 -9.65101 70
-0.0248047 -1.25986 70
-29.0411 29.669 70
-61.1529 -38.9669 70
11.0808 -21.1288 70
0.392323 -1.19658 70
18.8906 -0.622224 70
60.0783 8.68014 70
10.7768 1.36403 70
-1.13264 -11.4252 70
-28.7043 10.1818 70
19.2344 -19.763 70
11.2103 -10.4884 70
19.0556 -10.7477 70
9.49824 0.341402 70
10.0589 -11.3695 70
-20.0295 11.3883 70
-0.558977 -0.0390724 70
10.8414 0.850396 70
-8.67134 0.517101 70
-0.0177601 -0.41704 70
-1.22734 0.0227163 70
18.6302 10.3504 70
19.2841 0.0800895 70
8.62087 -8.63494 70
9.73717 10.5234 70
0.738892 -29.4831 70
0.947462 -0.614253 70
-0.618931 -10.5957 70
-9.30376 -0.393577 70
11.2829 1.42426 70
-0.220329 9.30398 70
0.913519 9.32502 70
10.1851 20.3697 70
0.403161 21.2121 70
11.0277 -9.16093 70
0.201899 8.80974 70
11.4904 11.0033 70
-20.4451 10.955 70
-90.6629 0.720408 70
-1.05738 0.279051 70
8.7812 -0.887253 70
-48.9241 -18.9605 70
0.145833 1.28074 70
-0.66799 0.902277 70
1.10686 19.5131 70
9.22807 -10.7439 70
0.978244 1.13507 70
11.4457 -8.86251 70
-0.839352 -10.4202 70
0.703442 -9.91882 70
21.1067 11.1846 70
0.990815 1.10413 70
8.71427 0.297912 70
0.0432513 -0.541343 70
20.8763 -0.944365 70
-1.27792 -10.6284 70
-0.174398 -11.2182 70
21.1384 -10.597 70
-20.6013 -8.5642 70
-9.66488 20.7026 70
-10.2697 0.0855184 70
-0.816789 -11.2857 70
1.40324 -10.9824 70
10.2165 0.320878 70
11.3466 -0.206316 70
10.548 -0.125164 70
0.357751 51.0937 70
10.0952 -0.949903 70
-0.133461 0.980247 70
9.15657 -10.7706 70
9.47992 -9.0998 70
0.0342326 10.0521 70
50.7506 9.66814 70
50.5824 10.9129 70
-1.49222 20.0139 70
10.5867 -21.2638 70
18.7892 -50.6857 70
-80.8306 -59.8429 70
9.06469 10.8182 70
10.9762 8.99525 70
-1.08662 -0.69379 70
8.83006 0.085173 70
9.44559 0.473811 70
1.09187 -0.4627 70
0.0921425 -0.130411 70
1.3549 0.0906999 70
1.2404 -0.171834 70
0.256837 0.714161 70
0.225029 1.4025 70
0.484452 -21.305 70
-10.6477 -1.49365 70
-101.484 -19.2999 70
30.2247 -9.20133 70
19.4778 10.5794 70
-10.7652 -29.0843 70
9.95715 0.968016 70
0.170085 1.27278 70
9.49386 -20.3911 70
1.14238 -0.27318 70
-0.0780041 -11.0661 70
78.8277 0.35066 70
-20.4693 9.66906 70
-1.28515 -0.698002 70
1.06744 -0.222595 70
0.390231 8.98518 70
0.798916 0.650082 70
-10.8386 -8.88845 70
9.44435 11.3074 70
10.6167 -0.394197 70
-0.265667 -0.395419 70
21.2336 -9.91919 70
-19.9574 1.4692 70
0.963679 -10.9242 70
9.42356 20.9923 70
9.79174 0.748722 70
-8.78493 -11.0893 70
1.222 1.1906 70
10.3567 0.16436 70
-0.570223 10.7387 70
10.1204 1.41417 70
-8.59445 -21.4528 70
39.3557 -9.86729 70
20.7781 -29.1533 70
20.0202 9.23781 70
11.4962 -0.632266 70
0.571646 0.656186 70
-10.2782 0.0106155 70
11.389 -1.26788 70
60.7098 1.05894 70
10.6194 -11.0333 70
9.36988 -9.19264 70
0.835092 -11.366 70
9.30726 -29.5318 70
-10.1412 -0.0669263 70
9.96036 -19.9204 70
-0.829117 -10.2005 70
-0.361224 -8.9587 70
9.60859 -1.03786 70
-8.77341 48.502 70
11.3787 0.996592 70
10.7515 -1.23049 70
-8.85141 -19.0889 70
0.442085 -1.43307 70
9.80219 -0.971173 70
19.7402 -0.0282665 70
29.8839 -29.8304 70
0.702606 -9.42851 70
8.72942 -0.557017 70
-70.6347 20.6343 70
-9.36267 -20.4914 70
-11.4378 -1.4814 70
-40.072 -20.8308 70
9.23464 -1.23923 70
8.9905 0.700514 70
-9.30977 -0.523115 70
-1.21775 -8.89504 70
-21.0678 -21.301 70
-0.500046 -0.506268 70
0.305329 1.46212 70
-8.62372 9.13329 70
10.0435 0.445791 70
9.98348 -21.3694 70
-1.48208 0.150393 70
-0.685884 -0.557301 70
21.018 -39.2233 70
20.952 -1.1348 70
-0.0483195 0.0619922 70
-0.803804 1.01629 70
21.3635 -10.1738 70
0.753408 -10.4676 70
10.6142 -9.24598 70
