0.293293 -1.19253 70
100.5 100.876 70
-9.2909 11.2996 70
-51.308 9.06681 70
-49.2032 -110.976 70
0.566416 -1.35699 70
-20.1805 -31.0495 70
-9.023 -10.0183 70
1.11783 -0.261115 70
-0.472629 -0.264584 70
0.666417 1.10372 70
-8.66305 -0.810158 70
1.17506 0.242298 70
0.98187 -1.35233 70
0.279213 -9.61019 70
58.8914 -80.7621 70
-0.606231 1.11711 70
9.95587 -9.49571 70
-20.482 -1.07315 70
-20.1005 -11.1477 70
-21.4409 -8.86314 70
-18.7138 -0.736105 70
-8.88317 -0.510592 70
-0.530331 0.207947 70
11.2758 20.2174 70
-0.618711 -9.13234 70
-1.03297 0.989665 70
-0.87731 -0.58102 70
10.4947 -10.8939 70
30.1335 -38.9798 70
-10.5228 -21.3936 70
1.4934 -9.40925 70
1.26503 -0.474067 70
-0.845214 1.05212 70
-0.986545 -10.7372 70
-28.5055 39.8818 70
-0.230748 -1.12046 70
19.017 10.1694 70
-1.11521 -1.277 70
-0.332874 0.539251 70
121.132 108.831 70
-10.7122 -10.4389 70
-0.561574 0.527364 70
-19.343 0.091422 70
-10.8033 10.3936 70
0.318214 -1.09569 70
0.25225 0.189881 70
0.937982 -10.0583 70
-0.754743 -1.36348 70
-0.170231 -19.7608 70
-0.0239578 -0.673734 70
-0.710232 21.4479 70
-10.7999 9.71754 70
-0.851959 -0.966651 70
0.644753 0.679214 70
0.666326 -0.789673 70
-0.460589 9.84833 70
-8.7075 -1.43023 70
0.807005 -0.99386 70
-50.3499 -9.84193 70
-9.23966 10.8668 70
-8.98186 -0.538805 70
-0.350029 -29.4077 70
-1.37446 -9.10959 70
-0.451747 -9.68844 70
-0.69107 1.46991 70
-0.619203 0.550363 70
11.2576 -19.9068 70
-0.95066 1.04025 70
-0.292194 10.8691 70
-1.02242 -1.37606 70
-1.17734 0.528191 70
-1.10169 -0.939911 70
-10.3058 30.4055 70
-31.1302 -19.8001 70
-0.117158 -1.40989 70
0.23127 -0.727359 70
-11.0281 1.40575 70
-20.6603 -8.71764 70
8.93353 50.2291 70
-1.46242 -1.07743 70
-10.8472 -9.00463 70
0.6947 -0.199064 70
89.7881 -10.1422 70
-9.81536 -0.686288 70
-9.04705 -0.228884 70
30.0973 29.398 70
-0.511025 -0.338073 70
1.47194 -1.04005 70
-0.445891 -10.5194 70
-0.620716 -20.2786 70
9.91653 -11.14 70
0.264388 0.870964 70
0.148329 -11.0172 70
-0.595501 10.7183 70
-10.9992 -20.7131 70
-0.658584 1.36972 70
-9.28266 9.23762 70
-0.925257 0.878155 70
-0.413349 -11.3105 70
-8.63031 -29.7928 70
-31.4581 11.129 70
0.657316 -0.79132 70
10.0291 -9.72293 70
0.353315 -11.1472 70
-9.1769 -9.93074 70
-1.33897 -9.0463 70
0.523624 -10.6313 70
20.5072 0.689471 70
-1.2407 11.4948 70
-0.26377 31.2655 70
1.47006 -20.2144 70
9.56688 -41.269 70
-8.56665 -9.73159 70
-0.460675 0.478233 70
-0.67804 10.1727 70
1.08497 -1.0319 70
-18.8286 19.3147 70
-10.3915 -0.0342023 70
1.27538 -9.57409 70
-1.33033 1.2225 70
10.8197 -0.236396 70
-0.0702533 1.31855 70
-51.0249 101.343 70
-1.49664 0.433388 70
-18.5253 -8.51278 70
-0.858437 -0.857379 70
1.19029 -0.267025 70
9.50576 1.10078 70
0.687676 -0.477255 70
8.65278 -10.2952 70
-9.22852 19.5693 70
0.455947 -1.46484 70
-9.58568 -11.088 70
-9.61837 -11.0962 70
-10.734 -0.108094 70
-11.1831 -1.25581 70
-0.657379 0.725577 70
-0.216111 9.70876 70
-8.80921 -1.07617 70
0.526123 -0.97513 70
-0.768671 20.2493 70
-41.0168 -19.0459 70
0.374309 0.693516 70
-0.474207 0.470583 70
-0.71393 -18.5112 70
-20.4823 10.3348 70
-0.60561 -9.95672 70
-0.204916 -8.75668 70
-9.63898 -0.946615 70
9.68193 -9.21938 70
0.780504 31.4462 70
-1.08081 0.837832 70
40.1718 50.7379 70
40.8169 -30.7571 70
-9.15774 1.15641 70
1.15533 -0.684822 70
-0.0949423 -8.53341 70
-11.3131 -10.0395 70
-10.1046 -10.5133 70
-9.96675 0.780119 70
-20.4767 -40.7221 70
1.07783 -11.2787 70
-0.379391 -1.42504 70
0.839169 0.21502 70
0.758384 0.0304436 70
-0.807849 1.03278 70
0.462587 0.31852 70
-0.819892 0.0184516 70
-10.0657 -19.1582 70
-1.35337 -0.244513 70
19.8404 -20.7598 70
69.7768 9.9275 70
-1.43601 -1.1805 70
-0.595502 -0.286551 70
1.13168 18.6425 70
-0.551953 21.1073 70
-0.320537 -20.3992 70
-8.51152 -9.66763 70
8.59222 -0.000904315 70
8.75032 0.455283 70
-0.457059 9.85028 70
0.305154 -21.1606 70
9.93894 20.5582 70
9.12946 30.5378 70
41.0419 -9.16035 70
-11.003 -1.03928 70
0.899718 -8.85856 70
-18.8572 19.9188 70
-10.8033 -1.09423 70
0.141614 -9.4766 70
-0.847658 -10.76 70
-9.27343 -0.420463 70
-0.499288 -0.238228 70
-11.4226 8.97266 70
-18.7212 -9.2403 70
0.0595527 -9.78758 70
-1.32553 -0.124367 70
-11.374 1.01768 70
-1.1396 -9.55427 70
0.932262 -0.83708 70
-1.24172 10.03 70
-30.5318 -9.05075 70
40.8762 39.643 70
-0.5035 -0.643939 70
9.24974 0.800974 70
-8.94479 -0.674896 70
1.14919 -21.05 70
0.613695 -0.650299 70
-8.6246 0.60177 70
20.6508 -19.4755 70
-90.3313 -31.4711 70
-1.43711 -0.323969 70
11.1283 11.0164 70
1.01277 0.599055 70
11.1353 0.805452 70
11.0401 -9.05946 70
-11.129 1.25509 70
-10.7507 1.08532 70
-8.84093 -0.868364 70
0.555457 -10.1166 70
0.823635 -39.7201 70
-0.421318 1.3882 70
0.343888 0.863302 70
-9.39122 1.24474 70
10.8996 -0.0905548 70
-1.31903 -10.6362 70
-10.3674 -8.78225 70
-9.79887 -11.1301 70
29.3059 30.8134 70
1.2887 0.25294 70
10.978 1.20719 70
-9.99703 39.1124 70
-0.569701 -11.0463 70
21.2082 -19.5794 70
20.5708 -20.9412 70
-9.47584 -9.97054 70
-10.2143 -9.01195 70
-9.76933 1.33285 70
10.3607 0.14477 70
11.3259 -0.490865 70
0.762128 -9.05748 70
-8.83768 1.42445 70
-10.871 0.907991 70
-9.49887 18.7089 70
9.64618 30.6298 70
9.88616 28.9622 70
0.682997 0.564937 70
-0.776472 -0.147346 70
10.6365 0.0180753 70
11.0021 10.7095 70
38.647 -39.0851 70
30.9872 41.0541 70
-10.8819 0.340306 70
0.899987 -18.565 70
0.220461 0.330416 70
-20.4253 -29.4352 70
-9.21978 -9.30044 70
-0.397476 18.67 70
0.454749 -0.799939 70
-8.60037 -8.80568 70
0.611503 0.195655 70
10.8157 40.649 70
8.61297 -8.61367 70
-1.39067 1.10659 70
0.771737 -9.80539 70
-9.98249 -0.960086 70
-0.763092 -1.46713 70
1.18268 -0.954982 70
20.6258 20.3014 70
-29.3636 1.44273 70
-31.4433 0.144688 70
-0.919591 0.125539 70
-8.98981 0.637077 70
9.68345 -0.649258 70
0.262159 1.08823 70
-1.17321 -9.2498 70
1.03706 -0.699091 70
-0.739405 0.895447 70
-1.1992 -0.0516094 70
-49.8303 -0.694902 70
-0.136918 11.0061 70
-0.957959 0.100846 70
-1.42159 -9.69549 70
-0.960617 0.408119 70
-20.6939 -18.9512 70
0.523658 29.6948 70
0.564595 -10.3483 70
-18.6687 19.5363 70
10.534 1.30514 70
-8.51827 0.0750108 70
-9.9423 -1.30978 70
21.0477 -28.9648 70
21.2186 -0.236601 70
-9.72363 1.41429 70
28.7631 -10.5814 70
-1.47529 -9.98417 70
-10.9237 -10.3337 70
0.0429672 -1.27594 70
-0.782828 10.0447 70
-0.256755 0.442973 70
1.2887 1.1393 70
9.14033 -11.4872 70
0.685052 -1.00962 70
41.1784 -19.8038 70
-71.4613 39.2574 70
-20.7463 0.493672 70
-10.0091 10.2263 70
0.145918 -10.0604 70
1.4644 -39.7032 70
11.4143 -49.5153 70
-31.2281 -19.3981 70
0.45281 0.108199 70
9.43408 -9.44263 70
0.605063 0.908191 70
0.725167 -19.4007 70
-10.1819 0.848919 70
-10.2546 -0.898024 70
1.11586 0.481304 70
10.099 1.3294 70
88.9473 69.6399 70
-9.05109 0.707619 70
-1.23117 -11.4746 70
-11.2966 -1.35641 70
-0.789964 0.821522 70
-11.1337 -1.33152 70
-9.68461 1.1838 70
-9.10315 1.32986 70
-0.948069 -0.936815 70
0.128765 -19.9877 70
1.44181 0.923597 70
11.2546 8.68261 70
-0.565152 0.827966 70
-9.05521 11.2288 70
-0.629868 -11.1119 70
-1.34721 1.2806 70
10.6018 -0.539548 70
20.4141 -9.1706 70
20.8324 -8.51271 70
8.71502 -29.4974 70
-1.0485 0.977327 70
0.824021 -0.384926 70
-8.8368 -0.132428 70
-9.07352 0.814087 70
-0.228468 -9.71817 70
1.45109 -0.647148 70
0.707818 -10.1684 70
-0.60822 -0.872993 70
-9.60814 -9.77972 70
1.17944 -10.0645 70
-18.9798 8.70498 70
-20.1571 9.92175 70
-8.92097 -8.82747 70
-8.79621 -0.694887 70
-0.428956 -8.56766 70
-10.7928 8.79464 70
0.319443 0.747873 70
-10.8333 -10.8902 70
1.10678 0.238562 70
-10.367 8.85681 70
-10.3115 9.34034 70
-9.01347 -68.9997 70
0.477746 -11.4126 70
-58.5298 -28.6555 70
-10.5398 0.891116 70
-8.61743 -9.72578 70
0.486835 -0.344206 70
21.1 9.64271 70
9.71846 -21.1225 70
-0.111981 -8.52841 70
-0.9885 -8.8942 70
-8.6022 1.48614 70
-0.364123 1.14539 70
-1.05077 0.767569 70
-19.0799 -0.610095 70
-10.6052 -10.2417 70
-10.9781 0.671249 70
10.0588 8.5162 70
10.8275 -0.774014 70
-8.6421 -41.4877 70
-41.4986 49.6561 70
9.4742 30.5024 70
9.04822 29.9304 70
1.2854 -11.0392 70
20.9816 -10.1635 70
21.4192 1.34023 70
-1.1206 -10.5568 70
-9.57665 -0.096128 70
-0.547551 -10.938 70
-10.4714 -8.50631 70
0.710679 0.777743 70
-0.703611 -1.09271 70
11.2346 0.471182 70
0.849398 -10.9337 70
-9.95615 0.171785 70
1.14769 -1.08647 70
9.38426 10.6726 70
-11.3464 -49.03 70
29.0731 -9.80148 70
-0.914165 -0.0494786 70
-10.5528 0.543504 70
-10.981 -20.973 70
-1.08877 9.39129 70
-21.2863 20.5733 70
-0.416235 -0.415011 70
-19.4038 -9.11436 70
1.13863 1.14515 70
0.313838 0.480695 70
-59.8928 -50.3548 70
1.29648 0.242528 70
9.07278 -39.8251 70
-31.2468 0.910661 70
18.7359 -11.391 70
-11.4526 0.101067 70
0.110282 -8.91691 70
-1.18056 -1.15443 70
-8.92694 -0.700122 70
1.28962 -20.0553 70
0.240742 -9.9505 70
0.0104666 10.8715 70
-0.535354 -1.18886 70
-9.65378 -9.42154 70
0.796978 -9.8262 70
10.9936 -0.72546 70
-1.47226 -20.989 70
0.666112 -21.4256 70
0.973807 -0.382423 70
-1.18252 -9.4983 70
-1.05944 8.81624 70
29.472 -9.96998 70
-20.9802 1.37404 70
-21.0045 0.155249 70
88.5636 50.3148 70
91.2146 50.7495 70
0.61379 -0.921438 70
-9.79812 9.38511 70
-10.8297 -8.51485 70
-10.9507 -60.4994 70
-8.61056 -59.8187 70
0.392137 0.200867 70
0.774921 0.206075 70
1.29926 1.26061 70
-19.8999 20.2036 70
-20.6083 21.3259 70
1.0219 -8.94765 70
10.357 1.44923 70
-9.1374 -0.449526 70
11.3046 0.670965 70
-0.234781 8.70395 70
-0.254954 -1.3764 70
0.0570053 -10.6713 70
-9.05715 0.359386 70
0.946443 -0.370248 70
-10.2782 9.8832 70
-1.00192 -10.1959 70
-1.31078 -19.5761 70
0.656685 -1.28032 70
-0.798781 -0.215217 70
-8.83083 -10.1445 70
-9.55784 -11.2509 70
21.4175 0.805367 70
-10.2402 -0.995112 70
-10.2933 -19.6762 70
1.32577 1.20944 70
-10.1769 -10.2881 70
-0.924192 -10.4862 70
-9.79206 -1.36561 70
0.293492 -10.2246 70
-1.19 -11.331 70
-10.5628 -18.9325 70
0.381264 -0.521548 70
-8.7438 -9.43095 70
-0.959132 -1.11415 70
9.92492 9.73925 70
18.8878 -10.2924 70
-11.3895 -0.91518 70
-10.7532 -0.16868 70
-0.826461 1.17651 70
10.0949 -10.1274 70
-0.343623 -0.502256 70
9.70015 -0.374793 70
-1.34722 -0.940671 70
1.29732 -0.281091 70
18.6867 -20.7506 70
1.42764 0.906708 70
40.4415 -0.322599 70
1.01644 9.63818 70
1.2362 8.63858 70
0.692511 -0.966685 70
-0.981788 11.4436 70
-21.017 -11.2812 70
19.7003 -0.919211 70
11.4747 -20.6337 70
-18.6633 -1.40949 70
-19.6967 -19.5526 70
-0.260212 1.05968 70
0.473684 -69.1277 70
11.3167 0.577773 70
-61.2634 -40.7508 70
19.9116 -9.66274 70
0.866368 -0.018561 70
-9.03302 0.133214 70
-9.94871 10.4087 70
-11.0025 -11.3396 70
-0.612511 0.714749 70
20.1905 1.27533 70
0.308238 -0.980297 70
0.3811 -10.5938 70
28.5258 31.1025 70
-0.382893 9.32017 70
-11.1283 -8.55163 70
-1.17082 -10.5001 70
0.552721 0.929644 70
-0.659229 -0.175829 70
-9.99478 0.748697 70
-10.8629 -20.358 70
69.8829 -21.3393 70
-29.4457 1.36138 70
-0.0832283 -9.34349 70
9.62925 0.626116 70
-8.71752 -0.192033 70
-8.94982 30.5721 70
1.47918 -0.513505 70
9.20386 -8.80246 70
-1.07037 -0.366034 70
-8.52217 -11.273 70
-10.2307 19.5066 70
-10.0905 -10.8817 70
-1.15913 -9.87128 70
-9.11194 10.4138 70
-10.9288 -0.945106 70
-10.4679 11.362 70
-1.13718 1.45391 70
-9.56509 8.79962 70
-10.2018 9.04997 70
0.622152 -0.602087 70
1.31889 -0.515764 70
50.4511 59.569 70
0.64677 -10.6365 70
-0.480642 19.5197 70
-1.19718 1.35637 70
-71.1525 18.8708 70
-19.4447 -20.1157 70
-9.9736 -21.4597 70
-11.4177 -18.7837 70
-1.21515 -9.29984 70
-11.0113 1.3394 70
-10.755 0.282005 70
80.8672 -10.6009 70
-30.9684 8.92757 70
-1.48202 0.739037 70
-9.87033 9.61624 70
10.4536 -11.0092 70
18.6606 1.14858 70
-19.0478 -11.3653 70
-20.7035 8.92844 70
1.44983 -0.438567 70
-11.3315 1.3323 70
-20.9341 40.9957 70
9.47371 9.24357 70
0.124716 -1.10214 70
0.926173 -1.1782 70
-1.22937 1.21438 70
1.05511 -10.9343 70
20.5683 -0.158102 70
-11.0938 0.992077 70
9.21964 -11.3886 70
-0.598513 0.775381 70
11.3159 -9.65502 70
-11.405 -10.6538 70
0.985238 -1.35398 70
8.93618 -30.2635 70
-0.164075 -8.83666 70
-0.500039 0.552193 70
-9.43232 -0.815417 70
-9.10257 -0.453966 70
0.54675 -10.6226 70
0.165717 9.6475 70
19.4268 -21.0768 70
9.35931 0.89214 70
-10.6127 -30.2702 70
-49.4058 41.058 70
-9.85517 -1.03013 70
-0.273309 -0.674948 70
-0.355327 -0.587899 70
0.794444 -0.873245 70
-9.2868 0.539748 70
0.684643 1.01312 70
0.654044 -9.33573 70
-20.1268 0.865471 70
1.13911 -10.6124 70
-8.58681 -9.72092 70
-19.8502 41.1044 70
-1.11052 0.0536411 70
0.202954 -0.74828 70
8.79787 -9.80279 70
29.3689 0.633997 70
-21.4292 10.562 70
-0.501841 0.870775 70
-9.54638 -0.525096 70
40.6258 58.8386 70
-0.328498 38.9449 70
-29.9187 39.1096 70
0.104237 0.396374 70
-9.24419 -11.4687 70
-1.31822 -9.92813 70
-11.0337 -0.55627 70
-9.09111 -10.199 70
0.232191 -1.48078 70
-8.74124 -0.0607851 70
0.505765 -9.89274 70
-0.473475 -10.4449 70
-59.625 -38.7739 70
-1.07015 9.11797 70
-0.852599 -19.8495 70
-9.25174 0.494839 70
-0.216721 -1.15665 70
-20.9938 -19.3402 70
-9.45688 11.1643 70
1.10063 1.28582 70
-0.197776 1.36725 70
-0.50952 -0.255458 70
-0.470771 -10.9467 70
-0.509047 -9.76703 70
-0.179873 8.87262 70
0.759894 10.2144 70
-0.951806 21.1086 70
-0.116023 1.04943 70
108.663 -20.7962 70
9.27692 -0.3822 70
-0.983484 -10.2812 70
0.11752 -11.472 70
-0.352196 -29.7338 70
-20.1964 19.4485 70
8.88011 -10.7735 70
1.06537 0.411474 70
-40.0613 -38.7447 70
19.8357 -10.763 70
9.69247 0.459046 70
0.113285 19.6482 70
-0.883914 -0.377186 70
-0.13811 0.443883 70
-8.52701 0.0929854 70
1.35691 29.1367 70
-0.557888 -0.568215 70
-9.74267 0.690501 70
-11.337 -0.661776 70
9.97618 9.54462 70
9.16223 1.23883 70
0.61933 -1.05785 70
-11.3498 10.724 70
-1.4062 0.200402 70
-0.116561 -8.82951 70
0.464169 31.4765 70
8.67938 -18.7087 70
-8.96713 -8.93046 70
-0.697131 0.929269 70
1.10855 21.1251 70
-9.06555 0.401882 70
-1.39621 0.491216 70
-9.18786 -1.4177 70
-10.3451 -1.39495 70
-0.950903 11.2676 70
1.06125 1.36971 70
-10.132 -1.13204 70
1.09316 0.757038 70
-20.8841 18.5474 70
-30.8706 19.5069 70
-9.53752 -9.7853 70
-18.8753 -0.419656 70
1.31815 0.456227 70
1.10703 0.883152 70
-0.456934 0.831299 70
-9.09236 -0.546099 70
-0.840163 -1.0387 70
39.4809 8.6286 70
-18.6174 9.74892 70
0.262134 0.293661 70
-0.961206 0.611802 70
-0.698258 -0.127 70
9.62553 1.26193 70
-9.14962 -0.964272 70
-10.6773 9.2239 70
-18.6558 -38.7998 70
-10.9989 -1.28835 70
-1.01652 1.33168 70
-11.0082 -10.341 70
9.68792 -10.4991 70
-8.95922 1.13674 70
10.675 0.842531 70
21.0056 11.4585 70
0.686152 -1.35002 70
31.4658 9.26535 70
-10.5306 9.02282 70
-9.73191 -10.0127 70
0.848421 1.34372 70
0.555749 -1.41226 70
-10.7559 0.724195 70
8.53469 1.05752 70
-0.150692 -0.767983 70
0.40267 0.279867 70
1.07315 -10.4279 70
21.0596 -10.8898 70
-8.55302 -0.39869 70
-10.4778 -8.51319 70
-10.1085 10.2426 70
-0.168647 0.77171 70
8.88015 -0.725858 70
-9.43397 -9.69 70
-8.91492 -0.930062 70
8.94995 29.0659 70
-18.8965 20.6922 70
-9.30652 -9.37255 70
-0.255546 11.0746 70
-31.2841 60.8206 70
-21.0982 0.264135 70
-19.2742 -1.11876 70
-0.288248 0.789278 70
19.2697 -48.7819 70
9.99431 1.00274 70
-0.03485 0.188537 70
1.49596 1.29614 70
1.25165 1.36859 70
-0.646743 -0.439793 70
10.3031 -1.09095 70
9.1786 0.984323 70
-0.504646 -8.50129 70
1.06245 -10.8277 70
-0.72335 -11.4373 70
-1.43883 -0.360838 70
-11.0688 -0.644256 70
0.0250863 0.346997 70
-10.3582 0.0118884 70
-10.4268 -10.9359 70
0.682464 1.08156 70
-0.340326 -9.35039 70
-20.8907 -29.6083 70
20.4448 80.823 70
-9.94529 -20.4425 70
-1.04367 -1.42441 70
11.2781 0.276528 70
-20.0177 38.618 70
-0.779418 -0.680537 70
-8.71539 -0.247812 70
-1.37197 -10.8846 70
-9.3219 -1.33242 70
0.76176 -10.7694 70
30.458 -0.799957 70
-1.45703 -1.19732 70
-9.84439 9.33985 70
-1.20991 -9.63744 70
20.1086 -19.6639 70
-8.97755 -21.2089 70
-1.26196 0.121207 70
0.537966 1.45748 70
-1.0375 -1.00455 70
-1.06555 0.905903 70
