1.2046 -11.0518 70
-19.298 -10.6146 70
-20.0468 -9.86528 70
-0.00480485 0.657585 70
-0.652177 -1.44301 70
-10.9705 -0.663265 70
-10.1981 -8.87967 70
-1.04587 -8.94336 70
0.0452783 -9.87772 70
-9.64932 -0.680524 70
9.96848 9.90729 70
-0.628224 -21.461 70
-19.9707 -1.26514 70
-9.10465 -10.4518 70
40.1297 -0.737095 70
10.6243 0.242887 70
-0.655728 -0.544269 70
-8.52993 -8.90278 70
-9.29814 -9.81832 70
-0.132618 0.616471 70
-0.0896692 -0.891581 70
-0.463567 -29.3066 70
1.1086 -0.444108 70
9.2155 -9.17448 70
-8.56068 1.44987 70
8.69272 -21.2856 70
-1.19367 -8.9879 70
21.3848 -0.915732 70
1.36817 -8.70927 70
19.1973 -31.3805 70
10.1865 -1.04472 70
30.5509 -70.528 70
-10.4588 -10.0716 70
-0.0656186 -0.319643 70
-8.69191 0.823526 70
-0.784604 -0.0322964 70
30.2203 -60.382 70
-0.145329 0.668139 70
10.959 0.195665 70
8.55202 -8.92716 70
0.556052 0.351023 70
19.5751 8.79948 70
-0.728103 -19.6487 70
0.197689 0.303514 70
-0.779495 -1.3279 70
0.551319 1.1151 70
71.3619 39.5413 70
8.70754 -10.5382 70
-9.81652 -19.3051 70
-9.80392 10.0701 70
-1.40412 -0.078945 70
-21.2014 -20.0906 70
21.0555 -20.6333 70
-11.1009 -20.982 70
-1.17343 -0.80037 70
-1.26284 0.710672 70
19.6721 18.5567 70
9.30463 -11.4885 70
-0.142189 -9.11524 70
-0.70758 -0.898724 70
9.78562 -19.5368 70
9.11948 1.4428 70
-1.15081 -21.4319 70
1.16137 -1.15207 70
-19.1356 8.91663 70
-20.1721 8.89852 70
-10.0688 -11.453 70
-1.2355 -11.2949 70
-10.467 80.5146 70
-8.54352 -1.06816 70
-0.86634 -10.6228 70
9.1033 19.758 70
10.3433 21.2206 70
1.18045 -1.32716 70
-11.4101 -10.1751 70
-1.28394 0.952154 70
-21.395 -9.3104 70
11.1917 -0.385205 70
0.199269 -8.93047 70
0.548215 -11.3466 70
10.1652 11.484 70
-0.0980344 -10.8603 70
1.17084 -8.88408 70
9.8488 0.875608 70
-8.91989 10.2911 70
29.4379 -9.90515 70
-19.3851 -21.4923 70
-0.199513 -9.1228 70
-1.43188 -11.2251 70
-1.24497 -9.31883 70
0.716207 0.276713 70
-19.6448 -10.2373 70
1.07134 -39.1471 70
-1.49507 -9.81699 70
19.9145 -19.2591 70
-1.19893 1.44565 70
1.22561 0.029516 70
1.24809 -8.64558 70
-10.4458 -10.5891 70
-9.84939 -21.357 70
-0.00710845 -11.4346 70
0.0862795 -11.388 70
21.0975 -51.2567 70
-1.33833 0.885702 70
-21.1736 0.364137 70
1.27494 -10.8025 70
-1.19361 -11.3723 70
1.20701 1.38611 70
0.999759 0.267463 70
0.830302 -11.4539 70
-20.0381 -0.481536 70
0.0357766 0.118207 70
-0.655127 0.0187634 70
31.3492 -39.9711 70
-9.92106 0.32927 70
-9.62784 -18.7606 70
39.564 10.6825 70
-39.9507 -1.42402 70
-1.44911 11.4771 70
-1.18692 -10.8224 70
0.23336 -8.70264 70
-9.94245 -0.759028 70
1.42208 -1.01019 70
20.2544 -39.4633 70
10.6262 1.04575 70
-38.9651 -9.09266 70
-0.490124 1.04364 70
0.666848 0.139578 70
9.65072 -11.149 70
-0.765339 -1.42168 70
1.05921 -9.72679 70
-8.52587 19.7473 70
-19.6808 -1.28475 70
-1.5 -0.651588 70.9835
-8.82496 -8.92053 70
-11.2372 -11.3735 70
-9.04119 -10.4135 70
-1.04803 0.432902 70
-0.35193 0.753175 70
1.21048 -8.61944 70
-10.7856 -11.2527 70
0.920689 -10.1622 70
-9.30276 11.0723 70
-10.7532 -0.740253 70
0.0645624 -11.1542 70
-0.424651 -49.9902 70
0.9991 1.21657 70
20.9489 -11.0872 70
1.10796 -9.90196 70
-0.659682 -9.0925 70
-10.3764 -20.6671 70
-0.0371317 -10.8822 70
-0.446448 -11.1352 70
-0.214715 0.328068 70
-11.1306 1.04375 70
-1.35046 -0.881669 70
-0.6881 -0.929762 70
-20.5913 41.2445 70
9.12846 -1.22773 70
-10.2055 0.988074 70
-20.6647 -20.2618 70
-20.6653 -0.100588 70
0.550445 -0.130736 70
-10.6777 -0.106862 70
-0.159533 -1.36011 70
-9.13841 -10.4959 70
-9.13415 -9.07336 70
1.35745 8.85522 70
20.448 19.5413 70
1.082 0.625366 70
19.6759 -60.0094 70
0.622249 -10.5661 70
1.11479 -9.50979 70
-0.0654824 -20.3727 70
-0.374374 -19.8656 70
8.51376 10.7515 70
28.6628 -20.4779 70
-9.10339 10.7801 70
40.146 -20.6513 70
-11.281 -88.7405 70
-0.603998 1.32321 70
-9.47867 -29.7918 70
-40.3092 1.24003 70
-10.0299 -10.7265 70
-18.554 20.7978 70
9.43679 19.1345 70
11.0368 0.564857 70
-18.6194 -39.5306 70
0.580091 -10.9036 70
11.2814 -1.10079 70
0.0747373 -10.0575 70
0.702996 0.841966 70
-11.078 -11.2679 70
1.29706 -11.2451 70
9.4538 -19.2169 70
-29.6792 -19.2924 70
-29.0922 -21.4472 70
9.67541 -9.62314 70
-19.1651 -8.6289 70
39.122 28.6853 70
0.5422 0.227077 70
9.35045 18.8072 70
-9.74696 -8.72818 70
-8.74261 -10.1124 70
11.3176 0.706057 70
0.913935 -0.571305 70
1.26904 -9.01587 70
-20.7884 -11.1303 70
-1.12788 -11.0253 70
10.3072 -30.2286 70
10.9072 -9.07442 70
-0.842544 -0.901396 70
0.093456 8.54555 70
19.8925 8.51961 70
-10.6283 -10.9105 70
-0.971942 0.353741 70
-0.1368 1.10306 70
1.36361 -10.1857 70
-0.846719 -0.0348078 70
0.351917 -21.3582 70
0.802674 -11.3584 70
-8.98777 -1.48446 70
-9.85848 1.20018 70
-1.15267 -0.463538 70
0.965873 -8.67125 70
-0.554416 -9.14452 70
9.69805 -11.0656 70
19.9328 10.693 70
-20.9788 -50.2562 70
0.323453 -19.7374 70
19.9498 -9.88115 70
38.7361 -78.5619 70
9.65606 -10.6553 70
-1.16913 -0.205396 70
-9.38142 -8.86934 70
-9.49302 0.677601 70
-0.0486307 -8.6681 70
-0.912571 -8.78425 70
10.0017 1.38202 70
-9.1151 31.3428 70
-18.764 -10.8048 70
10.3544 8.7857 70
0.761767 -9.23715 70
-0.960235 -10.9728 70
-0.213135 11.3965 70
1.29653 0.855111 70
-1.12135 1.36054 70
-10.4645 -8.77472 70
1.08961 -10.1975 70
-10.8426 -9.63655 70
-11.3581 -10.042 70
-1.34127 -0.258573 70
18.6075 -20.3366 70
0.497128 -0.338682 70
-10.5111 -19.9707 70
-20.714 -9.10417 70
20.521 -10.9539 70
9.63332 -10.9341 70
-8.62925 -20.345 70
-9.99216 1.28126 70
0.421235 0.215015 70
-1.36838 -9.76143 70
-19.362 -9.52631 70
11.2622 -20.4167 70
9.68849 30.9733 70
-10.6774 0.939714 70
19.6174 -8.58838 70
-0.511183 -0.993915 70
-0.231778 9.84951 70
18.609 -18.9252 70
-18.8564 -11.3152 70
1.16266 -8.97919 70
-10.7617 -9.161 70
9.85971 -0.40938 70
10.4352 -0.956448 70
-21.4429 18.5136 70
-9.27899 -10.8409 70
0.198398 -8.80587 70
0.682519 -9.37836 70
-48.6972 19.8367 70
29.7906 0.983563 70
-8.82006 -0.944284 70
0.724464 -8.87757 70
1.39458 -0.627231 70
1.2302 -20.696 70
-8.59987 -10.3328 70
-1.10487 -10.126 70
0.935052 -11.4373 70
-20.533 -8.56224 70
-8.5652 -9.34884 70
-0.653548 -10.825 70
-29.7262 21.3603 70
-0.896631 -8.75343 70
9.36594 68.8045 70
1.42786 1.41959 70
38.7244 -90.5651 70
-9.42965 -0.0856799 70
-0.250496 0.277936 70
0.328999 9.81379 70
-9.23614 -1.41523 70
8.5501 -0.236285 70
11.4003 21.4112 70
-11.3886 0.727876 70
21.2903 -9.08997 70
9.88937 -10.5632 70
-1.18045 -0.21461 70
-9.97306 -10.2805 70
10.4406 0.509503 70
-0.700826 10.4074 70
-0.00416717 0.835974 70
-10.8375 -10.5078 70
20.5992 19.4967 70
-11.2344 -11.3236 70
-8.8368 -0.263512 70
-1.12893 -9.88301 70
-0.764163 0.210435 70
0.481822 -0.3732 70
10.2225 -19.1891 70
-111.295 -28.5156 70
-0.0602929 -9.43363 70
-1.02832 -0.819848 70
-11.1888 -0.535281 70
-8.75093 -8.73683 70
-0.0262036 -1.22776 70
-0.368313 11.2678 70
-0.181051 -11.1942 70
1.2619 1.11126 70
0.426294 -9.56396 70
-0.95202 -8.60254 70
-0.0240748 -9.241 70
-1.05843 -20.4805 70
-10.9471 -10.454 70
-8.89365 8.61286 70
1.20437 -8.91521 70
-10.6012 -31.4924 70
1.33825 -11.1421 70
-21.2801 20.1822 70
-1.43239 -1.1819 70
9.79816 -11.4536 70
-1.49575 -11.494 70
0.389443 1.19524 70
-0.636911 0.398779 70
39.3783 -69.0744 70
30.1513 10.1688 70
8.83085 -9.2243 70
-10.9193 0.61899 70
-1.20392 -10.3447 70
-0.967577 -8.52857 70
0.591341 -10.0536 70
-11.0296 -9.84117 70
-0.438677 -10.2525 70
-1.30827 0.848608 70
31.3558 -19.5119 70
-0.27571 1.15424 70
-10.8117 9.97865 70
10.1947 0.155461 70
-8.82473 0.000169366 70
-28.9247 -19.7269 70
1.07059 -9.86046 70
9.6155 9.09471 70
-1.23644 9.75667 70
-0.442991 -10.8467 70
-39.0327 21.1326 70
-1.28928 0.841448 70
-9.72112 10.3902 70
20.4252 -28.9823 70
-19.3795 -18.5143 70
0.738786 -11.4469 70
39.166 -20.8104 70
-38.9207 0.889003 70
0.720468 -29.4137 70
11.1709 -11.1144 70
10.323 -8.63624 70
-19.0992 -20.3462 70
10.3336 -8.51559 70
30.1382 20.6449 70
20.2908 -39.4928 70
9.3192 0.160074 70
-0.0520237 -19.4563 70
-10.7405 0.99492 70
-9.38429 -10.5955 70
-70.9301 80.8962 70
0.947603 10.9422 70
-1.21759 8.55904 70
0.609449 1.32535 70
0.749899 -11.0963 70
-9.90764 -11.2393 70
-0.072751 -0.232092 70
-19.0677 -9.30546 70
-28.9088 79.657 70
19.845 8.65359 70
-0.0965345 -0.927861 70
10.4236 -0.675357 70
19.8053 1.13836 70
-48.5043 -40.4352 70
8.63957 -21.0283 70
0.288389 0.888366 70
21.1174 0.50196 70
10.0062 -0.0179479 70
-70.2189 -11.1496 70
-10.4142 -0.0728161 70
-48.9717 9.55053 70
-11.2467 -9.95053 70
-9.19631 -10.2366 70
-1.30053 1.42417 70
0.155295 -0.347398 70
-11.2433 8.69159 70
-11.3389 -8.74089 70
-9.97758 0.882176 70
-0.0762177 0.61593 70
-11.4444 -0.964664 70
-8.64847 0.014562 70
89.4902 39.3493 70
-9.05352 -0.20633 70
-0.317122 -0.0756085 70
0.0482229 -20.5762 70
9.021 -0.827015 70
0.644364 0.572393 70
0.0813178 -0.564388 70
-0.753948 0.993394 70
0.951311 -0.760586 70
-9.65996 -0.17329 70
9.59685 -9.70413 70
9.93848 -11.4264 70
0.840103 0.23017 70
-1.02122 1.05911 70
11.158 0.391555 70
-9.93347 -8.61709 70
-10.9616 30.8617 70
-9.07031 30.8142 70
0.906063 -8.9979 70
-59.1926 -40.8118 70
1.24745 -10.8535 70
1.15635 -9.35035 70
20.3137 28.9956 70
50.135 -10.3845 70
-20.9609 0.807484 70
0.48784 1.37576 70
-9.35474 -10.0253 70
-1.45232 -10.8459 70
1.01117 -8.53615 70
-9.62735 -8.56519 70
-20.2169 -10.5398 70
-8.93798 9.54479 70
-1.32885 -0.729268 70
1.41105 0.283532 70
9.50826 -1.0176 70
19.9157 28.9463 70
19.6726 -1.27587 70
-9.8326 19.7696 70
-8.87 -18.8586 70
-11.0589 -18.636 70
1.15651 1.02275 70
-18.7586 -10.9417 70
-9.80268 -10.9199 70
9.98616 11.4016 70
-1.31362 -10.6382 70
10.7493 -8.76827 70
0.436515 -9.68144 70
-9.73415 -1.16114 70
-18.966 -11.1097 70
10.0572 -9.53383 70
48.8346 81.2107 70
0.455706 0.84634 70
-10.7968 -10.7308 70
49.4206 -9.09233 70
20.5196 -9.03144 70
51.254 -49.4564 70
-0.525036 1.42194 70
31.2835 -18.8649 70
0.249396 1.23693 70
19.908 -19.678 70
-0.882039 9.52969 70
10.7214 -19.3377 70
9.6463 -20.1101 70
19.6144 -10.2117 70
-0.47573 8.82636 70
10.3676 -18.7721 70
-1.03647 -60.0977 70
10.5542 -41.383 70
-10.4126 -1.04207 70
-9.95592 0.291642 70
-10.1568 -19.6757 70
-20.363 -9.12294 70
-10.9713 -11.2811 70
0.647569 1.0721 70
-1.12746 -8.91873 70
0.374527 -9.78837 70
-0.205863 -11.1241 70
-11.3452 -9.96227 70
-11.1172 1.33989 70
0.128089 -1.22126 70
-89.4519 -38.6845 70
-0.892509 -19.529 70
-29.936 1.47656 70
8.71405 -9.90981 70
-38.6137 -0.374792 70
-20.3899 11.494 70
-0.858957 -10.126 70
10.0497 1.12139 70
-0.234653 -9.45423 70
-0.597769 -10.5936 70
0.334729 -21.1072 70
-9.50884 -8.90005 70
-10.0796 -0.430114 70
1.41787 20.066 70
-1.02851 0.131159 70
-0.317839 -8.51647 70
-0.659798 -0.159574 70
50.5101 30.1463 70
-0.508835 -11.0597 70
9.07987 -21.0377 70
10.5417 -18.7895 70
-10.838 20.5038 70
10.4021 -9.88106 70
-11.0756 -18.5314 70
-0.630457 -11.4944 70
0.918652 -8.93275 70
-30.4366 0.804991 70
-0.133435 -9.92854 70
-19.2354 -19.0926 70
1.18688 -10.3101 70
19.3176 40.4888 70
9.7151 -10.3113 70
-10.0453 -20.252 70
28.704 11.0711 70
-1.13414 -10.3748 70
89.2271 -20.2084 70
21.2204 0.0536213 70
-0.966344 1.14203 70
-1.22661 10.3856 70
1.22703 -1.11204 70
-0.218642 -9.95723 70
0.103218 -9.00162 70
0.848017 -20.1029 70
-29.2155 -21.144 70
-9.95253 -9.27655 70
-61.3681 -10.2937 70
-0.138694 0.438748 70
-10.4616 -18.7248 70
-1.47864 0.393193 70
-1.18754 -0.222693 70
-10.9522 30.7642 70
-9.05816 -9.97965 70
0.138607 -9.75141 70
-8.67512 -0.201301 70
0.901724 -0.392183 70
-11.335 -10.8932 70
-19.5673 -10.5606 70
-20.0864 -8.93384 70
-8.50941 1.23971 70
-10.7432 -9.75019 70
0.0623632 1.13196 70
-0.287776 10.2716 70
-1.41202 0.524035 70
-9.64031 -8.96657 70
-0.536322 -9.53554 70
-21.4414 -19.5013 70
0.724546 -0.979766 70
0.491641 -1.04033 70
-9.02664 -9.45195 70
20.2785 -0.817227 70
-0.933614 -8.82783 70
9.74853 -1.35025 70
1.42367 -10.2275 70
1.30709 -21.3502 70
0.0183227 -10.9886 70
-1.00565 -89.1882 70
-0.519134 -89.2346 70
-1.06914 0.580425 70
-8.979 -8.98268 70
-1.11176 -9.45929 70
-0.668981 0.561566 70
20.4465 -10.9167 70
11.2587 -10.9465 70
-0.843529 1.22711 70
-11.2669 -9.40709 70
-0.820122 11.2127 70
-0.32455 1.16423 70
29.3664 -29.8073 70
11.2371 49.096 70
9.42337 -8.59851 70
8.78854 -9.73743 70
-0.224926 0.391028 70
31.2757 19.8878 70
-70.3073 -71.3146 70
-0.537391 -0.933543 70
10.0505 -9.55586 70
-10.3359 -1.14553 70
-0.290804 -0.756765 70
-0.740172 19.0309 70
20.6515 8.59315 70
-0.371493 0.404592 70
8.69125 9.82059 70
0.929613 0.760298 70
-10.6609 -0.651024 70
-9.24248 0.920733 70
1.36894 -8.63039 70
-0.105159 10.8375 70
0.167742 0.276767 70
-0.0905245 0.0617087 70
-1.39872 -9.51308 70
0.0625368 -28.5246 70
-1.03919 -28.5058 70
-0.513662 -0.0614675 70
-10.1793 -19.9648 70
-0.371597 -0.393478 70
1.26149 -0.194328 70
8.68761 0.848895 70
-1.36129 -11.1519 70
-10.9929 19.6874 70
19.7806 -39.3479 70
-70.9992 101.491 70
-10.4279 1.06202 70
-20.5462 -50.1213 70
11.107 0.215074 70
-0.932637 0.388805 70
-0.257996 0.626228 70
0.450187 0.275456 70
-1.15354 -10.8172 70
9.1406 -10.675 70
1.18542 -78.8029 70
1.4647 -10.1504 70
-19.7026 -0.184539 70
-59.7736 9.19394 70
-8.6127 -11.2231 70
-11.0376 -8.87192 70
-0.487208 0.868901 70
1.33136 -11.3013 70
0.0504249 -0.27335 70
-0.763267 0.870803 70
-0.92761 -9.34915 70
-10.8251 -1.16344 70
-20.6924 11.3736 70
-19.5637 9.75239 70
-9.8282 -0.174764 70
0.129032 -20.1938 70
18.6245 0.153674 70
-39.7549 -0.206103 70
28.5489 71.2695 70
-0.91124 0.00874989 70
-9.95866 -20.5122 70
-10.9164 -39.8815 70
8.98744 -41.4513 70
-0.122416 -9.22357 70
-9.32538 -0.520574 70
-0.483152 1.30102 70
-9.80348 -11.1555 70
-10.2856 10.2003 70
10.048 -10.3138 70
9.8093 -10.2225 70
1.30092 0.204245 70
-29.6561 -18.7638 70
-8.64906 10.7846 70
-0.873948 -9.39425 70
18.6275 -28.8979 70
1.23386 -8.57093 70
0.449588 -10.1465 70
10.2565 -0.137666 70
-19.9899 -10.0016 70
-28.5526 -51.4013 70
11.0868 0.502837 70
-0.512295 -10.5348 70
9.85139 20.8193 70
-9.70874 -0.141056 70
-10.3103 -10.1987 70
-8.98194 1.05768 70
-0.539673 -10.2815 70
11.2129 -28.7602 70
9.51677 -1.30139 70
-1.22587 -1.08253 70
-1.42053 -8.64362 70
-10.6575 0.130733 70
-11.4106 1.2797 70
11.3283 10.0687 70
-0.302131 -11.0295 70
-0.28284 1.11368 70
-0.0655899 -1.20361 70
0.653938 -1.44452 70
-11.0367 -0.0691428 70
-11.068 -10.6169 70
-0.700212 0.40715 70
19.8491 -9.55335 70
1.23536 9.07282 70
19.5875 21.3542 70
-0.633424 -0.480737 70
-18.7901 -21.3051 70
-21.1318 18.8559 70
1.37711 0.773715 70
8.59739 -0.992552 70
-19.4496 -9.23707 70
-0.414563 -10.6052 70
28.9852 -50.1675 70
-0.564065 -29.492 70
-10.4553 -20.0614 70
0.713324 -0.430505 70
-1.11788 -11.4805 70
1.22982 -11.1615 70
-1.14373 -0.680446 70
-10.7837 0.698069 70
-9.98249 10.0361 70
-8.67934 9.98657 70
-0.763093 -1.35692 70
-0.516898 0.230478 70
1.36092 1.47095 70
10.0094 10.7932 70
-0.569919 30.7875 70
0.301554 -10.858 70
-11.366 -11.129 70
-0.382035 -9.57137 70
-11.3552 -39.3679 70
-1.19174 0.260053 70
-9.89882 -9.91296 70
29.985 11.0796 70
-0.0450427 0.762451 70
