8.81692 19.4214 70
-1.4505 10.8845 70
1.35343 -1.34032 70
9.05361 -0.115351 70
1.06564 -9.92259 70
-10.4303 -1.32854 70
-30.11 78.7956 70
-61.4691 49.4171 70
11.1847 -9.32525 70
0.178387 -1.20917 70
-0.238776 -0.43483 70
9.63795 9.01711 70
9.46117 11.1327 70
-9.28802 -20.0982 70
-20.4092 10.3297 70
1.18798 -1.40178 70
0.556047 0.0663123 70
10.8918 -49.5288 70
-19.9924 0.208881 70
8.64457 1.16311 70
11.3205 -0.936945 70
-0.74018 -0.518981 70
8.66061 8.69463 70
-0.764802 -1.22659 70
-1.12871 -8.70153 70
9.32592 -30.0258 70
8.95395 -30.1531 70
1.36996 19.3635 70
8.68626 0.699003 70
1.16736 -1.11451 70
-0.846505 -10.4581 70
0.0721317 -1.47678 70
-0.958568 -0.31372 70
-0.529649 10.3572 70
49.2158 48.7109 70
-0.524466 8.69351 70
0.333438 8.78825 70
-0.675238 -0.170632 70
0.541527 0.830246 70
0.0223797 -0.217659 70
-0.172882 -0.0854125 70
0.494731 -0.795303 70
-0.725776 -20.1867 70
1.28196 1.38754 70
-1.38756 -0.370078 70
10.8828 -0.764018 70
-19.5822 -0.0484832 70
-1.35994 49.1428 70
-0.300942 50.3238 70
0.94532 0.958465 70
-11.4405 9.13592 70
11.3522 -11.2159 70
20.2978 0.908997 70
1.38955 -1.09786 70
-0.170735 -1.32079 70
-18.6089 -70.1793 70
9.68579 -1.47428 70
8.83361 9.47557 70
18.9431 0.103056 70
-0.715417 -9.56058 70
-0.434536 -9.74732 70
0.519059 -0.40441 70
11.1436 -58.9966 70
10.576 -0.0527676 70
9.47812 -11.1866 70
1.30778 -1.10052 70
-8.5141 10.8452 70
20.6443 1.23844 70
20.6065 1.18401 70
0.258556 1.14233 70
10.6307 -0.307188 70
-1.18045 1.4826 70
9.94749 -10.9229 70
10.077 1.03559 70
31.1456 -0.0142997 70
0.407337 -8.98192 70
38.5959 0.89558 70
0.770134 -1.11406 70
9.67386 -1.4803 70
10.5283 0.242958 70
1.24012 0.900822 70
-0.409815 10.3422 70
-9.60545 0.235174 70
0.740386 8.82116 70
-0.538393 -0.761906 70
0.483341 0.307651 70
-0.138976 -9.94534 70
8.70364 19.5472 70
9.07072 29.5966 70
-0.33093 -0.117106 70
0.384204 -0.304023 70
-21.0351 -0.19062 70
0.0599357 -1.40658 70
-10.804 -0.548962 70
0.00939855 -10.739 70
-0.152493 0.128588 70
-0.592558 -1.12301 70
-0.175103 -19.4539 70
1.06317 -10.286 70
-1.20507 -0.974439 70
0.596959 -0.778854 70
10.6628 10.0888 70
-40.7753 8.8653 70
-18.7538 28.8907 70
11.1902 9.24794 70
-0.360991 0.132658 70
20.1615 -1.38967 70
0.653347 -0.836268 70
18.8617 -29.8935 70
1.21944 -0.447741 70
10.5899 -1.43326 70
-1.3611 -0.0835382 70
29.2351 10.7342 70
-18.9264 0.29771 70
1.3571 -0.637052 70
-0.899378 -0.930911 70
0.92104 1.17202 70
-9.03048 -18.8331 70
1.32383 0.535432 70
-21.0505 21.0329 70
-0.773185 10.8647 70
10.4154 -11.3638 70
-9.56588 -0.0348562 70
1.21341 -11.4615 70
-0.924434 0.287716 70
-1.34765 -0.531751 70
0.840381 -20.8696 70
-28.5449 8.84685 70
-29.107 11.427 70
-10.221 -10.1237 70
70.1343 9.78454 70
-0.760453 -0.326681 70
-1.11025 -0.878229 70
-0.991296 1.07169 70
-1.22354 -1.35308 70
-11.0463 -11.0194 70
-49.0287 -18.8185 70
8.73416 -9.66672 70
0.10889 -8.73231 70
-9.05928 -0.195632 70
-0.354864 0.59181 70
-1.35858 0.917784 70
-0.996787 10.5424 70
21.3399 -1.17112 70
11.1046 0.378553 70
-9.42754 -8.97635 70
-10.4582 -8.89198 70
-0.629392 0.499489 70
0.468902 -11.146 70
1.41961 0.409627 70
1.22306 -0.27117 70
20.8288 11.1655 70
-0.89078 -0.602991 70
-9.38889 -0.0792176 70
-48.8822 10.937 70
-49.8319 9.02608 70
1.05855 0.22747 70
-0.957867 -0.310852 70
1.49049 -0.931656 70
38.8272 -10.4913 70
0.0451336 -0.0962896 70
50.7035 11.3797 70
-8.70738 -0.459438 70
1.26262 1.01638 70
9.48886 -0.696169 70
29.269 49.8189 70
0.172569 -20.944 70
-0.784767 -19.8482 70
31.404 20.7155 70
10.7816 19.3415 70
-1.15107 -0.517482 70
0.0290611 -1.22007 70
-9.29942 -18.8921 70
1.24837 -0.410996 70
11.078 0.164687 70
-39.8682 -70.041 70
-0.315806 1.12119 70
0.0523892 0.382013 70
-10.4696 -20.5669 70
-0.25366 1.09638 70
-58.7488 20.3842 70
11.0753 18.8017 70
20.8542 -19.1901 70
-1.08116 0.47777 70
50.6451 -28.8192 70
69.9232 -79.7258 70
69.3319 -78.6295 70
-0.508265 -1.30909 70
9.50538 -1.04172 70
-1.2348 1.251 70
40.4242 50.8717 70
-1.10089 -1.22716 70
8.71549 20.5817 70
-51.1655 31.3504 70
9.14125 0.42042 70
29.725 8.52751 70
-40.4098 39.9945 70
-8.72436 0.0432644 70
0.594562 1.13161 70
10.3834 1.02597 70
-1.43465 0.317141 70
0.197972 10.5936 70
-0.257445 -20.3293 70
-0.483171 1.4944 70
0.968469 1.19433 70
-1.26341 0.212625 70
20.9899 11.3146 70
-0.397122 -0.238162 70
0.616976 -0.661173 70
0.993444 -1.41773 70
-0.244604 0.235718 70
9.4148 0.474284 70
11.2517 -18.7704 70
-10.9486 10.7456 70
9.75719 31.0041 70
-0.373923 -0.512518 70
0.22767 -1.43514 70
0.442382 -1.24464 70
-11.2958 -19.5644 70
-1.45607 -1.18432 70
-0.886747 10.0356 70
-1.38984 0.418814 70
-0.883034 -1.01257 70
-9.18609 0.00321974 70
-9.25747 -0.0508637 70
9.85239 -8.81593 70
1.08687 0.161047 70
1.45333 0.843824 70
-8.61216 31.1624 70
0.282391 10.8423 70
-0.349629 0.784599 70
1.48106 -0.348334 70
0.87416 -18.6767 70
-0.0106447 -18.6626 70
0.151363 -1.4495 70
20.6234 9.51168 70
-1.00164 -9.69197 70
8.7132 1.18776 70
-19.6154 -1.32794 70
10.8602 0.263593 70
1.18439 0.0591845 70
98.5708 -30.9866 70
-10.7323 -10.166 70
-18.9912 -1.33879 70
9.6369 10.2965 70
10.4194 -9.88481 70
8.86892 -19.5454 70
1.36821 1.33122 70
49.7991 -51.2692 70
-20.5642 9.96475 70
-0.995385 -1.00045 70
-0.406004 -1.42463 70
-9.5234 9.67171 70
-48.6803 49.5375 70
0.0848696 -18.5582 70
1.21652 -21.2617 70
0.705148 0.362564 70
0.296459 0.634528 70
1.00185 10.8627 70
10.4385 -109.562 70
0.900365 29.3871 70
39.7405 0.131655 70
1.4659 -0.0795526 70
0.102374 -10.3491 70
0.387449 10.9481 70
0.746027 0.114457 70
9.04332 9.29434 70
-0.84209 -10.8426 70
-0.739025 -1.15222 70
19.3566 -10.4733 70
21.4948 -10.6113 70
0.932265 0.301242 70
0.896763 68.7437 70
0.17568 -0.918051 70
-1.03347 8.51297 70
1.23776 1.2336 70
-1.4029 1.23838 70
10.3232 88.6043 70
-18.8328 20.7824 70
10.9828 20.4751 70
9.55507 1.11506 70
0.0340349 -0.768554 70
-10.5553 -11.3951 70
-1.06789 -1.4935 70
10.2087 -1.30388 70
10.2245 0.215576 70
0.566673 1.18389 70
30.0747 0.342514 70
-10.6018 -8.61661 70
19.0978 -8.6237 70
-0.342211 1.22968 70
-9.7994 0.0651573 70
9.34664 -9.19827 70
0.267549 1.37572 70
8.97487 20.1645 70
18.9618 19.7326 70
-1.27917 0.0120439 70
1.37234 0.209307 70
-1.42451 -9.56712 70
1.06903 -0.907416 70
-0.674825 11.2233 70
0.697586 -1.28554 70
-31.2189 -9.98279 70
1.38235 0.786253 70
19.6141 -28.6666 70
1.4507 0.709191 70
10.7264 -1.26554 70
-0.782949 -0.984444 70
0.409144 11.4217 70
-10.8034 9.58387 70
-0.993866 0.905844 70
-8.74157 -8.68745 70
0.811107 0.158892 70
-1.38786 -1.2675 70
-110.118 40.941 70
11.0045 -50.8256 70
11.323 -10.6403 70
20.2024 -29.1955 70
-0.485543 8.69324 70
0.84405 -9.52405 70
-0.85728 0.0165839 70
-0.960981 -1.39189 70
-0.815781 -9.68962 70
-0.735583 8.58765 70
1.31431 -0.215359 70
-0.0116163 -0.645046 70
-1.31146 0.841405 70
-0.0640234 -21.2816 70
11.3905 0.91834 70
-1.44883 11.234 70
1.05949 -1.30182 70
20.702 21.3855 70
-0.785702 -1.10273 70
0.835236 0.198719 70
-59.3212 101.031 70
0.287662 -0.20658 70
-20.9871 0.494193 70
1.39434 1.02233 70
-9.0857 41.3655 70
1.00153 31.17 70
20.637 -19.6823 70
0.63659 1.33572 70
0.443926 -0.902785 70
-1.39874 -0.954635 70
99.6587 109.337 70
20.6076 9.81189 70
19.9226 8.5979 70
-0.937417 1.22172 70
-18.5464 -18.6554 70
-11.2902 1.45906 70
31.3205 50.6285 70
0.853935 9.79111 70
1.38821 0.360487 70
-1.07876 19.5132 70
9.35786 8.88811 70
0.717114 -1.21504 70
-39.8513 -10.5216 70
71.3652 20.7074 70
-0.00741794 -9.19852 70
-21.0834 -20.8606 70
-10.5201 19.2399 70
-0.329302 -8.68083 70
-28.7803 28.9719 70
0.732596 1.48629 70
0.586409 18.7028 70
-1.49207 -0.918501 70
-21.347 28.8075 70
20.3014 10.5878 70
11.3579 -9.50191 70
11.0433 -0.697019 70
-0.0399665 -0.549708 70
-9.08832 1.16242 70
10.1927 8.97167 70
-1.12485 -10.5582 70
-0.908281 8.8258 70
-70.1925 51.1225 70
20.802 -0.0357242 70
-8.51976 21.1642 70
11.1233 0.921374 70
0.717428 0.0791732 70
29.7024 -11.3135 70
31.3773 -8.65622 70
19.125 41.0432 70
-10.3869 0.0843016 70
41.2615 -9.11441 70
-0.347667 19.1284 70
1.49641 -0.120435 70
10.3967 -0.382665 70
-0.735773 -9.94064 70
-9.2616 1.30432 70
10.3529 0.0470906 70
-0.305763 -8.68078 70
-0.736538 9.92399 70
1.37377 0.83268 70
0.844618 11.0018 70
-0.111557 0.209138 70
-10.0802 -9.08326 70
1.29384 0.337154 70
-10.5298 1.27896 70
9.10994 -1.10323 70
21.0959 50.4338 70
9.04072 0.631084 70
11.0894 -9.19729 70
0.653148 -0.885273 70
-1.09807 0.790734 70
-0.383921 0.132988 70
11.0697 -10.2781 70
0.22381 -1.33856 70
-0.146456 -0.00721773 70
0.109577 0.144179 70
-0.806337 0.345411 70
0.261429 -1.36674 70
1.16387 -0.191359 70
-0.482274 10.3286 70
-0.334653 -0.959481 70
-50.7604 -31.054 70
-0.54403 -1.04078 70
-31.009 -39.9096 70
1.18979 -29.3444 70
-48.619 58.9446 70
-0.88501 0.0470816 70
-41.1188 0.641059 70
-0.150028 -0.651503 70
-19.0188 -11.0346 70
29.3274 -9.25156 70
-11.0108 11.3614 70
-20.6219 -28.7501 70
-0.451065 0.371449 70
-1.18502 9.6255 70
-29.269 -20.1159 70
29.3101 -11.0748 70
-10.971 0.510815 70
-9.89693 9.87691 70
-0.113445 0.0839639 70
9.06622 0.0457229 70
-29.8238 -90.0361 70
-8.73624 8.94865 70
-8.81175 10.4246 70
-21.2243 0.584975 70
0.448083 1.3428 70
29.8247 31.2497 70
-0.0840102 -1.27415 70
-9.38358 -10.7245 70
-21.4884 -18.8976 70
10.0276 -0.92938 70
10.042 1.10795 70
0.873135 -0.877977 70
-69.1123 -29.6525 70
9.25791 -9.87393 70
0.246747 -0.369577 70
0.479304 -9.54924 70
-1.25724 -9.95036 70
11.4019 1.05936 70
8.9447 1.40532 70
-0.0690096 -0.107599 70
-0.0309537 0.608249 70
0.324673 1.44958 70
0.294622 -1.44261 70
0.949229 0.0456362 70
1.02763 -0.381806 70
9.55182 -0.546948 70
1.06644 -10.8581 70
9.00184 -10.7839 70
9.18562 -9.86794 70
0.993009 0.688331 70
-0.680884 0.98894 70
1.13708 1.21508 70
11.4919 9.29643 70
-0.164854 -0.542701 70
0.0847948 0.548668 70
1.39977 1.15248 70
0.342848 -1.31354 70
-1.38666 11.269 70
1.32472 -1.25066 70
8.71111 -0.24674 70
0.909308 -1.34655 70
9.0797 1.16754 70
49.9346 31.0246 70
-1.20955 1.37049 70
-0.0926729 -1.20704 70
-1.16786 0.118058 70
-11.372 -9.03667 70
-119.093 -0.501869 70
-0.421579 10.4535 70
8.67176 -8.61501 70
0.548057 -1.13992 70
0.248478 0.530887 70
-0.860132 -1.04619 70
1.31665 0.61741 70
9.06371 0.231752 70
-9.45465 1.25136 70
-0.923372 0.182845 70
-1.09784 0.874087 70
-1.29378 0.0980897 70
-0.385779 0.00352215 70
9.14789 0.102508 70
-58.8348 19.1424 70
9.83439 0.931737 70
1.34246 -0.23439 70
-9.60751 -0.823919 70
9.90095 0.305528 70
18.8424 -8.82767 70
-0.196354 -1.1432 70
29.9887 -8.80171 70
8.79179 8.73586 70
11.3181 -0.410792 70
-11.485 -0.228282 70
-11.0208 0.76682 70
-0.917499 -1.00865 70
-0.761034 0.772734 70
-0.74015 -0.066795 70
-10.148 0.850979 70
-0.241925 -11.0883 70
1.11628 1.45621 70
-1.26697 -21.4454 70
1.37789 -0.539768 70
10.5235 0.365374 70
9.75499 -0.930788 70
10.5348 -0.705047 70
10.6438 -0.337826 70
10.6898 -1.34093 70
31.1385 40.4422 70
0.103768 -0.719751 70
-0.637103 0.329766 70
29.7279 -9.15461 70
8.66869 -0.209248 70
-0.944296 10.1828 70
-10.8091 21.2964 70
-0.264143 -10.0764 70
-0.119317 -0.28141 70
-0.965796 -1.39366 70
-1.48894 -1.19186 70
-18.5382 -10.9858 70
-20.4632 -0.496885 70
11.4765 0.267305 70
9.95719 -0.822566 70
-20.2978 -48.9951 70
-1.28833 -9.5646 70
9.93924 -10.3707 70
0.395616 -19.9909 70
0.592711 9.95046 70
-40.9459 -11.0475 70
-0.200718 1.2694 70
11.3557 0.651685 70
11.0033 21.1802 70
8.57277 9.18298 70
8.91845 -10.4327 70
0.322955 -9.81552 70
-0.693719 -1.14102 70
0.14194 0.502591 70
-0.280379 10.3253 70
-9.60614 -0.398348 70
10.8435 28.9538 70
-1.13454 0.29661 70
-9.19962 -0.819533 70
-8.68703 0.595661 70
0.360026 -0.996721 70
-0.498351 1.38747 70
-8.77522 -10.5239 70
-10.1157 -9.5425 70
-1.06178 0.340019 70
-9.99708 -1.19538 70
-0.611446 -0.554607 70
0.63578 20.9584 70
8.51852 -0.873712 70
-0.0804212 -9.86455 70
0.797304 0.0607452 70
-9.3214 20.0671 70
1.00017 -0.547864 70
-0.157585 -0.966756 70
0.489944 1.15199 70
40.479 -29.3525 70
38.7973 -21.4807 70
-0.609261 9.28638 70
1.28416 -10.0377 70
-9.28806 -20.4823 70
-0.880219 -1.41994 70
-10.8797 -11.0612 70
0.729996 0.135389 70
60.2562 -60.0364 70
-0.307293 -1.07009 70
0.0061466 0.455805 70
-1.29415 0.785787 70
9.7699 0.671941 70
21.2886 11.1752 70
-0.703883 0.17417 70
0.709239 0.236572 70
-11.0819 -60.497 70
0.773832 -1.27501 70
10.0246 0.641055 70
18.8033 -0.882576 70
-10.5229 -0.877292 70
-0.0279265 1.25715 70
0.895313 0.521472 70
-0.293284 1.05456 70
-51.1821 29.3496 70
-1.47688 -0.833996 70
0.569923 0.117632 70
-20.6274 -9.84581 70
9.17591 11.3188 70
1.33184 0.0679222 70
-9.74011 10.1514 70
30.5495 -28.9075 70
-8.9677 -19.8981 70
0.361649 -1.49258 70
9.8583 0.624573 70
9.34069 -8.85083 70
-39.0908 -70.0933 70
-30.9169 8.58393 70
-1.44394 0.212339 70
0.747341 0.874693 70
-9.49425 0.110566 70
-0.838868 0.440152 70
-1.41129 9.93412 70
0.966938 0.255083 70
0.43649 -1.39959 70
0.301562 1.29664 70
0.338433 0.149722 70
1.13324 -11.3793 70
8.9422 0.0976476 70
1.14679 18.8015 70
-0.617283 1.00221 70
10.6494 9.02089 70
0.154458 -0.994123 70
-0.326734 1.45991 70
-1.27161 0.513294 70
39.2606 41.1922 70
10.1932 -20.8145 70
9.06421 -20.8885 70
1.05781 0.111716 70
-0.909688 -10.3244 70
11.3757 39.643 70
0.019122 -8.86595 70
-0.638845 20.4384 70
10.0175 -19.2176 70
10.817 -19.5017 70
-0.63678 0.369548 70
-1.14777 -10.0766 70
9.05221 10.9627 70
10.016 9.11677 70
-9.35339 -21.0416 70
19.8501 9.46065 70
1.19688 0.558996 70
-1.39621 0.923983 70
-0.532002 -0.629789 70
-30.182 -19.9945 70
-1.49557 -1.27006 70
11.0761 -9.16793 70
8.76948 -8.88483 70
1.21528 -0.388398 70
0.732496 -1.1559 70
-9.83754 1.2474 70
11.3549 8.87043 70
-8.52674 69.5629 70
-8.86801 68.7226 70
-1.05069 0.632292 70
21.3234 -19.0625 70
8.89011 0.3984 70
0.523647 0.0425995 70
-0.0716465 0.174538 70
-1.3575 0.444151 70
1.1497 0.776333 70
0.551229 -8.93536 70
-1.06455 0.41182 70
30.6585 1.39198 70
31.0304 0.334312 70
0.0981491 -9.02387 70
9.14068 11.1779 70
10.6344 0.178311 70
0.329586 -0.0154409 70
1.49233 1.47314 70
-10.4631 -8.55537 70
-10.0037 0.970381 70
-10.4011 -0.541363 70
-0.169752 0.823911 70
39.8456 -69.6219 70
39.2634 -69.4166 70
9.05445 9.0754 70
11.4995 -0.589218 70
20.7249 -11.4945 70
-1.42114 0.130173 70
20.9429 -0.247635 70
-1.39155 -0.912703 70
-18.6977 28.6181 70
-1.11497 10.5917 70
-49.9455 -110.3 70
30.7887 29.5686 70
1.01409 -0.99574 70
10.3717 10.8459 70
-9.07694 -9.48821 70
-0.90089 -0.323096 70
0.642472 -0.390156 70
-9.2032 30.4972 70
0.668594 -19.7264 70
-1.30036 0.778285 70
8.58165 9.52731 70
0.257884 0.235813 70
0.371886 -9.27122 70
-0.433892 -0.606869 70
-10.3108 -0.838079 70
-0.695571 -10.6071 70
0.324951 8.96222 70
-10.3032 8.75563 70
-1.05165 10.1099 70
-0.695176 10.1113 70
-19.4911 19.4042 70
-20.0608 11.0306 70
-0.664558 0.842799 70
0.840267 0.283002 70
0.486069 0.873857 70
19.9566 -11.3086 70
9.02882 0.308822 70
0.278254 1.36535 70
0.230777 11.3871 70
0.250929 0.127192 70
9.73494 -20.733 70
0.405506 10.9239 70
10.8325 1.34628 70
10.0604 -1.3433 70
-0.5767 -9.94384 70
8.85067 -21.479 70
-19.2478 0.746181 70
-0.483564 9.38592 70
19.9212 -9.39281 70
28.9366 -0.436458 70
19.1919 0.983738 70
19.7927 -1.07896 70
1.04458 -0.887978 70
-31.376 8.57332 70
-11.0557 -9.34662 70
-0.781578 19.5184 70
-10.2099 21.1813 70
9.86119 -31.4087 70
-1.37265 0.973196 70
0.27626 1.41735 70
1.06157 8.83929 70
-0.527173 1.45732 70
1.34595 -1.34024 70
-0.85054 0.31844 70
0.3006 -0.753778 70
49.7674 -29.1406 70
-1.09064 -1.26092 70
-1.38046 0.903761 70
-0.0170888 -0.0932257 70
10.1517 0.750535 70
1.08373 -0.742426 70
-0.317124 1.10144 70
-0.356094 1.02003 70
1.21663 0.874763 70
18.8423 -0.830331 70
1.09669 -0.595463 70
9.52743 1.2904 70
1.0518 -0.0708979 70
11.2414 10.4375 70
11.4062 9.48817 70
-0.241724 -9.09528 70
19.3746 8.52219 70
1.05631 -0.281755 70
0.605412 9.68339 70
-0.591059 9.05986 70
1.29126 0.08631 70
0.757841 -1.46832 70
-0.895365 -0.451435 70
-20.866 -20.6166 70
-29.8166 29.275 70
0.347041 1.43425 70
9.25551 -0.518347 70
-0.265724 1.11354 70
20.4969 39.7072 70
0.059524 0.916555 70
20.3079 -0.190612 70
-1.24701 1.44477 70
-0.330355 0.961223 70
0.109532 -0.327628 70
-0.334305 -11.0076 70
21.386 -0.361228 70
18.5207 -9.42017 70
18.5743 -10.8921 70
-1.07999 1.32829 70
9.72458 -0.607421 70
0.852691 -0.834046 70
10.0928 8.95694 70
-28.895 40.6431 70
-0.247813 10.4068 70
1.08386 0.397313 70
-0.551261 -10.9113 70
20.6586 -0.172661 70
-1.48751 -1.18552 70
10.4136 20.4114 70
1.1469 0.359114 70
-8.97647 0.687353 70
21.4732 -0.493794 70
-1.10649 -39.634 70
-9.0183 -10.2067 70
8.88044 -49.8733 70
-11.0081 9.83443 70
-0.439288 -0.372671 70
-1.32792 0.792721 70
-0.920295 1.01143 70
1.28833 -0.484577 70
-8.50571 -1.42863 70
-10.2279 0.501636 70
11.3968 -0.84241 70
-9.83083 -20.803 70
79.742 20.4393 70
0.277323 51.1942 70
-0.702909 -0.0692711 70
-0.107712 -0.424886 70
9.73354 -9.47879 70
78.5803 -11.1183 70
-20.6089 -0.00205441 70
-8.7585 -0.664141 70
-39.3754 -0.505827 70
0.826264 -11.4323 70
0.503881 0.0215598 70
-0.502289 -0.600378 70
-19.0566 1.17437 70
19.5775 -19.7103 70
0.802343 0.144283 70
-0.866297 -1.19705 70
1.11113 20.7208 70
10.8919 -11.0727 70
18.6203 -18.5639 70
21.227 10.7076 70
11.2264 -0.777328 70
1.12392 19.0212 70
-0.0247623 -0.554564 70
18.5728 51.4727 70
