1.40603 0.25356 70
0.320944 -1.16748 70
-8.71383 -10.8779 70
-0.929301 11.1901 70
0.594764 -0.311242 70
1.0286 -19.498 70
-0.404565 1.46512 70
-0.488 -0.079781 70
0.5394 1.48655 70
1.14542 0.745189 70
-0.340651 -1.1072 70
9.73456 -11.0108 70
1.43853 -0.101373 70
39.4721 -10.7006 70
9.79347 10.1906 70
-19.1966 -18.8726 70
9.86732 1.17791 70
-10.9771 -9.58922 70
-0.852289 1.12484 70
0.292661 9.92376 70
29.0076 58.9515 70
-11.3956 9.70728 70
11.4369 -10.1852 70
-9.81506 -21.279 70
0.238568 -9.49499 70
-1.1304 -0.085559 70
-1.19981 0.656395 70
8.87528 -10.1938 70
0.858544 8.65469 70
0.411346 -0.717622 70
-0.434777 0.969371 70
-1.45424 0.375635 70
1.14704 -0.725765 70
9.01315 -0.146511 70
1.25983 -40.6142 70
-10.3663 0.820077 70
0.451582 1.02548 70
8.84625 -29.5497 70
0.744563 1.32097 70
-1.00906 -0.953574 70
-0.0771578 -0.47038 70
9.04102 20.2442 70
9.63168 19.2568 70
0.55655 -0.975764 70
-1.48282 -0.392415 70
8.87589 -8.85986 70
10.6977 0.411694 70
-10.6592 -9.82252 70
-8.64833 -98.8321 70
-0.185127 0.883852 70
-0.598232 1.46983 70
21.1953 -0.655981 70
-1.0484 1.06095 70
-1.20057 11.4753 70
-0.193281 -1.04097 70
0.598752 0.0142823 70
-10.2199 -0.437198 70
10.7466 11.2433 70
20.5889 9.53025 70
-21.3861 30.4626 70
10.7809 -0.188826 70
-1.37687 -10.8185 70
0.41119 0.515292 70
1.37714 0.474141 70
-1.16333 0.630257 70
-0.581247 8.76339 70
-0.571389 -0.586908 70
29.5228 18.7211 70
8.82378 -11.1111 70
-0.756825 -1.34078 70
-1.35671 1.09572 70
1.36652 1.33544 70
8.86088 -9.43677 70
30.3525 48.8739 70
1.03428 1.45091 70
1.00919 1.24064 70
-0.0389466 0.592593 70
10.5813 0.236467 70
-1.47047 -0.58891 70
-8.66909 0.110563 70
1.31594 0.27543 70
-0.0941143 -1.33029 70
-0.44269 21.1403 70
1.46183 0.559166 70
1.08557 1.35441 70
1.00391 0.834322 70
-0.241384 -0.0163947 70
-0.256611 -9.38658 70
10.5922 -0.896889 70
10.7043 -10.2311 70
9.09867 -0.497335 70
10.5418 -0.386973 70
1.28317 -9.41854 70
0.486588 -1.1917 70
0.347879 9.95578 70
0.201832 0.842147 70
1.41008 1.07953 70
1.04928 1.15508 70
-21.2622 10.9333 70
10.4943 -11.1119 70
0.503116 -0.235338 70
-9.18402 -9.99443 70
0.637573 1.3145 70
1.46397 -0.0269012 70
-11.3756 9.99108 70
9.44047 -0.900089 70
1.34029 1.35184 70
0.978037 -11.4463 70
11.1176 10.0992 70
10.1121 8.96743 70
19.6543 1.27777 70
-8.63442 -0.937203 70
-31.4782 -19.4861 70
11.2542 1.09956 70
-8.60783 -9.59877 70
0.699743 -0.189393 70
-0.0396662 0.413952 70
0.13924 1.27334 70
-0.734859 -1.25953 70
-0.312545 1.00517 70
11.4803 -1.01232 70
29.5494 -10.1143 70
-0.937234 19.8287 70
1.43515 1.34171 70
20.7991 -10.5768 70
11.0943 11.1324 70
-0.894869 0.893519 70
0.933732 0.858389 70
-1.02145 -0.243587 70
-11.464 -0.0926393 70
0.805576 -11.3651 70
-1.06591 0.643668 70
0.627396 8.80853 70
0.675889 0.241917 70
-81.1289 -20.3123 70
10.3015 -1.47605 70
1.41789 0.372015 70
-0.973815 -1.43391 70
0.307042 -0.160414 70
10.2527 1.27324 70
-8.99956 9.5173 70
1.34541 -1.07268 70
-11.2616 0.704159 70
-19.8219 19.6643 70
1.05939 9.42182 70
8.81717 30.8071 70
-30.1662 30.0865 70
-0.152654 -9.0014 70
50.6682 -20.8101 70
0.0887251 1.4838 70
9.17493 -18.7917 70
0.70762 11.1051 70
-10.2601 1.34334 70
19.6088 8.75627 70
1.12524 0.512068 70
-9.43787 -0.677704 70
1.38386 0.519045 70
-0.75132 9.28385 70
9.89503 -0.690339 70
1.10194 0.716936 70
-0.259188 -9.76903 70
-1.13865 10.0343 70
0.580622 10.9044 70
1.48737 -1.33742 70
0.0177195 1.4473 70
-11.2039 9.64582 70
-1.36057 -10.1401 70
-68.6098 21.1243 70
21.425 9.99717 70
10.2888 0.515884 70
8.86426 0.139615 70
1.36397 -1.14085 70
30.2162 20.3601 70
-0.270768 -0.475044 70
20.2504 50.8428 70
-0.731602 -10.5351 70
9.17184 9.35091 70
-1.06253 -1.30236 70
-48.8183 30.1861 70
-1.32144 -0.322481 70
-20.2038 9.1755 70
0.36628 1.14389 70
0.053873 -1.04314 70
-0.874652 10.8052 70
1.491 0.893731 70
0.918856 -0.917787 70
9.01684 -1.49007 70
11.3407 0.245011 70
1.12071 -1.45095 70
0.162166 -1.17475 70
-0.715361 -0.725383 70
-10.5268 -10.8727 70
0.857079 -0.580854 70
-29.0577 -11.0531 70
-0.423286 1.34738 70
0.948573 -0.455841 70
9.9583 1.49032 70
-1.3475 -40.7911 70
10.3147 0.23267 70
-19.7477 18.7251 70
-1.36628 0.027211 70
9.04165 0.676329 70
8.54572 18.9651 70
0.487779 -9.92073 70
88.5595 49.6473 70
90.5508 48.5917 70
10.7607 10.356 70
-0.544426 9.49552 70
29.4311 -8.87647 70
1.12156 -0.135849 70
0.4843 -0.158879 70
-0.746544 1.43263 70
0.546309 0.204796 70
-11.4473 -18.9687 70
-0.50546 0.744151 70
-1.13488 -1.15435 70
9.7287 10.5261 70
9.18599 9.78789 70
-11.0286 -21.2142 70
-9.62948 10.1251 70
-1.44464 0.230692 70
-0.450545 0.868754 70
1.16472 0.223712 70
0.580022 -1.11664 70
-0.36208 -0.493252 70
-1.42607 -8.83249 70
-9.55048 -1.4795 70
-0.394607 9.52539 70
8.84181 0.156166 70
1.01672 -1.36023 70
-0.642443 -0.856604 70
18.775 -29.4022 70
10.2792 -0.462773 70
-9.7454 -20.5922 70
0.906827 0.784445 70
20.5996 -9.55096 70
20.1797 -20.9755 70
39.553 21.2407 70
0.193209 0.103378 70
0.503531 -9.17918 70
-0.680318 -11.4246 70
1.03932 0.542458 70
1.07089 0.381267 70
10.5514 1.22994 70
-10.9431 0.738493 70
-0.442469 9.64002 70
0.0263712 -1.01571 70
11.4442 -10.7376 70
-0.89201 11.3072 70
-0.745931 -0.603047 70
0.399043 -1.45077 70
20.9877 29.925 70
110.417 70.2851 70
20.1696 18.6689 70
-0.0231666 -10.0186 70
9.88296 9.38053 70
9.8994 8.91958 70
19.9991 1.0467 70
-0.832549 31.0108 70
20.951 1.05913 70
28.9816 9.56875 70
9.91263 0.108699 70
0.598872 -0.0939729 70
8.68322 18.9144 70
-1.43394 -0.0791227 70
-1.10441 9.04363 70
0.794726 1.19555 70
0.714005 1.42065 70
1.12572 9.94769 70
0.0407335 11.1707 70
8.60663 8.61951 70
0.0369419 0.627221 70
1.30457 -0.347172 70
-29.4745 -11.0245 70
0.862118 -11.2992 70
-1.32822 0.0155902 70
8.75935 -29.9088 70
1.01429 -0.480899 70
11.4084 -8.91317 70
-0.962117 -1.46262 70
0.580717 -10.4027 70
1.40427 0.299138 70
11.1378 28.7534 70
-49.7473 8.58584 70
39.1589 -0.20628 70
0.416921 10.7523 70
69.7048 39.1534 70
-1.29306 -0.0337805 70
-0.72106 -18.6081 70
-40.3368 19.0637 70
-0.784845 -1.07298 70
0.456326 -0.395514 70
-0.623984 -1.49481 70
-1.34594 1.2077 70
0.779912 -0.451265 70
0.461884 0.656217 70
-0.156868 0.826347 70
0.00769628 9.21004 70
-20.9871 -1.40808 70
-9.69697 19.8916 70
-1.02877 -18.6716 70
0.202514 -20.4323 70
10.1125 11.2045 70
0.10011 -0.635679 70
-49.1983 -0.717744 70
-10.3867 9.71427 70
-0.434214 -1.47392 70
-0.190984 -0.0510465 70
-0.426238 10.0679 70
29.0443 -10.5551 70
0.464431 -0.102289 70
18.6646 50.0457 70
61.0033 8.60103 70
0.865001 0.734578 70
-0.469297 9.28124 70
0.576875 -1.2385 70
-30.4361 -9.51766 70
10.7577 10.5107 70
0.263001 -11.0306 70
-30.594 -38.5462 70
69.7963 51.1782 70
8.62425 10.5418 70
-1.48524 -9.89182 70
-0.152763 -0.87331 70
-29.6883 -48.8035 70
-30.0397 -50.3538 70
0.478599 -0.803494 70
-1.24177 0.0589549 70
-29.2436 -30.0814 70
-31.1816 -30.3976 70
0.300728 11.0537 70
-10.2165 10.871 70
0.108739 -1.01355 70
1.20668 -0.953169 70
19.2585 -0.166181 70
-29.7025 -0.494176 70
9.86629 -9.65531 70
9.326 0.0999255 70
-68.8735 0.245281 70
-0.293155 -0.0177757 70
-0.537264 1.4383 70
1.03313 -0.141064 70
-0.699982 0.73263 70
8.91373 1.00628 70
0.661172 1.1455 70
10.2437 -8.86663 70
8.54598 -9.0957 70
-1.36554 0.0294028 70
-0.91041 1.05226 70
0.123509 -0.070962 70
9.63504 -9.26048 70
-10.5936 10.6994 70
-0.804055 -1.20746 70
1.41009 1.37871 70
0.237193 -10.18 70
-10.8381 -51.0334 70
0.981304 10.5915 70
-0.234512 10.3153 70
-20.399 59.5738 70
-0.617085 -18.5448 70
1.09735 -0.772201 70
9.60886 10.7399 70
-21.1459 -0.862423 70
69.7774 40.6409 70
-9.37682 18.5346 70
0.341718 1.26675 70
11.2244 0.213498 70
-10.077 0.302049 70
-9.09833 -19.7249 70
-41.345 50.6963 70
0.507248 0.92579 70
49.3199 -8.55868 70
21.1225 11.4545 70
10.904 9.76453 70
0.117691 -0.195876 70
30.5627 9.7923 70
30.0634 9.60155 70
29.257 -18.8924 70
-19.4745 19.0704 70
-0.923802 1.17511 70
0.505847 1.09491 70
-0.342058 -1.04418 70
-8.8762 -8.61717 70
-10.875 -8.98676 70
0.511178 0.858771 70
-0.891183 -10.4534 70
8.66048 -21.0204 70
9.79642 -20.959 70
-61.2475 -28.5456 70
-0.2899 -1.14345 70
0.523167 0.724661 70
0.503048 -20.4495 70
8.53037 -11.497 70
10.9323 9.71032 70
8.79714 11.2185 70
-0.575816 -0.973311 70
1.28813 -0.0527024 70
0.157471 0.152581 70
-9.47627 20.0966 70
-0.903326 10.3131 70
19.6473 -19.8763 70
9.99984 0.386062 70
-11.3286 -9.76221 70
-0.308579 -1.11998 70
1.04176 -1.33488 70
10.3331 0.424069 70
49.9468 -0.0545689 70
-9.31345 -19.3322 70
-10.7114 -20.3415 70
9.7904 -0.287253 70
-11.0235 -20.5904 70
-1.21327 -8.76071 70
10.477 -0.792274 70
-48.5023 20.899 70
-49.5406 21.33 70
8.86872 -0.574188 70
18.6602 11.2919 70
0.568713 -0.765401 70
-59.5041 -30.5932 70
30.983 -19.8086 70
-10.582 -1.42159 70
-0.839903 11.2021 70
31.1385 -9.05277 70
9.67034 -0.573146 70
9.59458 -0.805852 70
0.0150869 -10.7327 70
10.4011 -1.00853 70
-9.01404 -9.48193 70
-1.32928 -0.759947 70
-19.1642 10.2513 70
-0.580397 8.70277 70
0.931251 -0.989251 70
-1.21809 -0.345055 70
9.61441 10.432 70
-10.3478 -0.38955 70
-39.7402 -10.452 70
-10.9642 8.5688 70
20.8714 1.43705 70
-10.2851 -0.380742 70
1.06977 -1.2623 70
0.491256 1.45008 70
18.8743 19.8331 70
-1.11287 0.843134 70
-30.4103 -40.2575 70
1.29254 0.0402559 70
9.54722 10.8796 70
20.2517 10.8789 70
-0.123493 -0.0546461 70
-49.4012 8.52735 70
-1.12419 10.9647 70
-0.906274 -0.458881 70
-1.16956 -0.786519 70
28.9232 -18.6085 70
-1.39695 1.38678 70
-1.14156 0.413184 70
10.2333 -8.78542 70
0.690142 -0.761765 70
0.401331 1.3053 70
1.397 1.04949 70
0.675699 -1.47926 70
11.4757 -38.9941 70
8.65329 0.750328 70
-19.586 20.1275 70
-0.496638 -1.21341 70
-8.69916 8.81794 70
0.604519 -11.2306 70
9.20876 9.10074 70
1.08605 -0.0838452 70
40.7342 9.12369 70
-0.440123 9.27099 70
0.127584 9.59654 70
8.60585 -20.6735 70
0.941838 0.775745 70
-1.05983 -1.46097 70
0.672117 19.6997 70
-0.764249 0.989454 70
-1.39545 0.149668 70
-8.95445 10.2457 70
9.29658 0.730347 70
0.464622 -11.2639 70
1.36296 -10.3091 70
-0.101808 11.2503 70
0.866944 -0.115075 70
-1.38197 0.0138186 70
80.8155 -10.2754 70
-21.4215 -0.433284 70
0.389119 -40.8437 70
0.802604 0.122993 70
0.738356 1.08995 70
0.701727 0.406222 70
0.836655 1.21567 70
-10.4785 -0.26959 70
-9.36695 0.702505 70
-9.94569 8.53181 70
1.37485 -1.09524 70
-0.0706743 11.3871 70
-1.18964 0.674532 70
-0.789009 8.96423 70
1.29819 -41.4923 70
0.634 -1.08597 70
-0.371801 -1.40463 70
0.515822 -1.3562 70
40.2164 -19.2643 70
-1.47431 0.192378 70
30.1943 -0.780252 70
-1.05144 -0.225347 70
0.271807 20.3493 70
10.0457 0.607444 70
-1.45185 0.234182 70
-0.403863 0.264845 70
-11.0992 0.475033 70
-9.36436 0.75052 70
0.388253 0.405533 70
10.9256 -60.403 70
-10.0759 9.04121 70
9.70059 0.626297 70
8.89918 -19.8896 70
9.00607 -20.8994 70
-0.851647 -11.3029 70
-21.3916 -9.34016 70
-1.06964 -10.4192 70
-1.14637 9.71276 70
-1.46677 0.503034 70
-9.11858 30.1533 70
40.5472 -29.6835 70
-0.474797 -0.561151 70
0.993889 0.611287 70
0.0824628 -0.593805 70
-9.55536 10.8815 70
-1.02551 8.70306 70
-0.718672 -1.12801 70
-10.2086 -30.8036 70
0.175904 -1.02812 70
61.1438 11.284 70
1.06914 0.945661 70
30.8235 49.5271 70
1.17477 -0.776723 70
0.0876375 19.2857 70
-19.933 0.636726 70
-0.0562669 0.910958 70
-10.6886 -0.547329 70
11.1461 -18.8563 70
39.1261 -31.1941 70
0.736596 0.742704 70
-9.45387 1.02051 70
40.8497 -10.3614 70
10.8217 -40.5517 70
0.390758 -0.788002 70
19.4858 -21.1166 70
1.35431 0.0342779 70
-0.203731 0.58512 70
-1.0516 -0.964261 70
-0.514169 -0.692926 70
18.8503 -20.3101 70
1.18664 -0.699027 70
0.0320608 -0.167668 70
-19.4424 1.21521 70
-1.28986 -1.2714 70
-0.474535 -1.0734 70
-1.47967 0.358556 70
-1.00092 -1.01215 70
-119.534 -48.7489 70
-0.853347 0.0668768 70
1.12159 -1.18538 70
48.56 9.15161 70
9.23045 20.6794 70
-9.69213 21.0288 70
0.479135 -0.633402 70
1.43972 1.48062 70
-1.08701 0.4051 70
-0.835364 9.6995 70
-0.294227 -9.03932 70
-0.219554 1.07239 70
0.796388 -79.9822 70
-1.01241 -10.053 70
-1.44003 -8.50907 70
0.998509 -1.14871 70
-1.31109 0.948104 70
-89.4137 1.2159 70
0.740164 -0.399849 70
39.9353 -0.034712 70
11.345 -1.06552 70
9.03342 -0.965802 70
-8.948 -0.244759 70
-11.3284 0.874175 70
9.8372 -9.81434 70
-8.64046 71.2647 70
1.1322 1.256 70
1.33593 -1.36039 70
19.6444 -10.2772 70
11.3537 -0.846362 70
-38.9962 -20.1906 70
-1.15121 1.0449 70
9.01567 10.8244 70
0.36002 -8.64466 70
10.7116 -1.44912 70
-1.35571 1.3405 70
-9.35117 -9.00624 70
-8.93754 -10.9918 70
20.0554 -40.4752 70
9.86306 -0.908324 70
10.0186 -0.61073 70
10.1682 -9.40227 70
0.459958 -9.19082 70
-0.473595 0.359463 70
0.148213 0.889259 70
9.72802 0.734646 70
-1.36503 0.263639 70
1.30268 -1.26916 70
41.2221 -39.3882 70
0.741511 -1.18619 70
0.212474 -0.426995 70
0.731665 -1.2003 70
9.31321 -19.2862 70
-0.908874 -0.390912 70
0.0313574 -0.234304 70
-20.7281 81.214 70
9.85076 -20.3983 70
-0.380161 -1.17595 70
-0.96771 0.407667 70
0.621029 1.27786 70
0.196398 0.0755744 70
11.2537 1.48854 70
28.9002 109.752 70
10.8 -11.4158 70
29.5877 -50.7726 70
0.583513 8.92862 70
9.23626 0.122514 70
1.07522 -1.39019 70
-1.28994 -0.367014 70
1.12129 -0.780397 70
28.8969 -9.928 70
41.0979 -8.8991 70
40.8956 -11.2379 70
-9.80986 -0.773665 70
1.14498 -9.24605 70
-20.6539 8.60744 70
9.50124 -10.6143 70
-9.68503 1.00455 70
-0.426709 -0.0559154 70
-0.629049 -10.8015 70
10.4568 -1.03975 70
21.0781 8.95296 70
0.684677 0.776783 70
-0.585454 -0.108239 70
0.10077 -0.713681 70
-0.776339 9.31062 70
0.525619 11.138 70
1.35448 8.71924 70
-1.13472 1.32546 70
0.627634 0.00317108 70
0.492197 0.999785 70
9.80668 9.24652 70
-9.47316 0.299402 70
-0.522466 0.853073 70
0.175206 -29.7387 70
10.1434 1.42852 70
-0.0862168 -1.28715 70
-9.28658 11.0536 70
0.299888 0.975612 70
18.8911 20.616 70
-1.25252 0.59178 70
-0.699196 -0.993359 70
1.31382 -0.865654 70
0.333271 -1.32462 70
-10.8114 -1.11578 70
-0.934728 -10.2685 70
1.12981 1.34588 70
-9.81968 10.9641 70
-79.4681 -19.8008 70
-38.9051 -9.22855 70
10.207 1.36339 70
10.8493 9.32918 70
1.27025 -1.14351 70
9.92919 0.797637 70
18.8726 -11.0965 70
1.33441 -0.912021 70
-0.22902 -0.0233772 70
0.413461 1.31697 70
-1.03681 0.858647 70
-1.49697 -10.076 70
0.187333 1.3984 70
20.0113 0.932275 70
0.514535 -21.4333 70
-0.269037 10.9737 70
-0.740161 8.68555 70
28.7849 -51.2865 70
0.374678 0.988615 70
-11.3604 40.6019 70
18.6835 1.25537 70
11.0447 0.432026 70
10.1777 8.57401 70
-1.28194 0.245462 70
-10.1768 0.608739 70
-0.0508204 -10.064 70
0.197761 -10.1723 70
1.1492 0.773189 70
10.8504 -10.5172 70
10.5889 -10.4656 70
-0.969783 -0.164239 70
10.0111 -9.74399 70
0.909057 1.48922 70
-9.52816 -19.8672 70
19.0636 1.23454 70
-8.75762 0.349353 70
19.8107 20.4544 70
-20.8288 10.9378 70
0.260158 0.25915 70
-1.01865 -1.21504 70
-0.135076 1.2847 70
11.2873 -1.00534 70
1.15468 0.74869 70
-0.582304 1.26706 70
-9.11585 0.272151 70
0.723533 -0.458836 70
1.24761 -19.3555 70
-1.1453 0.714745 70
-1.17638 0.993837 70
9.71916 20.2843 70
-1.34637 0.0592426 70
-0.658308 1.00719 70
-1.15332 -0.800022 70
10.6018 1.21264 70
-0.268548 0.529659 70
-1.1238 0.325055 70
0.180895 1.05124 70
9.31187 21.4663 70
9.86364 -10.3837 70
-9.47142 10.1486 70
-0.35545 1.1377 70
31.4469 49.5251 70
-61.4232 -20.1976 70
9.60467 -10.5051 70
-0.626351 1.25946 70
-1.47231 1.05697 70
1.05409 -0.34861 70
10.7026 -9.11372 70
-1.18545 9.63241 70
-1.30827 -0.0135267 70
10.3597 -0.0323164 70
-1.25553 1.18536 70
19.4225 -11.182 70
-9.42937 -0.339224 70
0.623111 -0.851285 70
0.836335 8.67503 70
-0.75167 8.9304 70
8.54428 -0.57987 70
9.66819 8.9651 70
-8.82554 9.61918 70
-0.211696 0.367287 70
0.396356 10.315 70
-1.23516 -0.655254 70
9.17976 -11.3008 70
8.85457 -9.68488 70
-9.6544 1.05643 70
1.2509 0.0672007 70
0.443013 -0.759931 70
8.67224 9.72003 70
8.95323 -8.90352 70
9.59582 29.9409 70
1.0922 -28.7095 70
9.35214 11.2858 70
-20.9065 -9.42712 70
-0.507507 -1.46717 70
0.578233 -0.977104 70
-0.177982 1.20062 70
0.152197 -10.0591 70
28.9395 -20.32 70
10.4472 -8.86839 70
-0.584781 -1.47608 70
29.4113 18.9216 70
0.115233 -1.02081 70
0.131578 8.97675 70
-1.43599 -11.1512 70
-19.7381 1.32835 70
0.664173 -10.5133 70
10.3151 -1.40343 70
0.0399069 8.62363 70
0.705595 -0.246257 70
-39.2385 -8.63362 70
-19.7196 40.2244 70
10.1197 0.644416 70
8.95819 -1.13658 70
-11.3514 0.0834551 70
0.841799 -0.292242 70
-0.621408 -10.1441 70
0.538333 -9.89003 70
-1.08546 1.45937 70
-1.33309 -1.0139 70
-11.062 -19.2675 70
-8.83981 -9.59921 70
10.2713 30.9157 70
0.503732 -1.39919 70
18.6083 -10.9424 70
-18.9586 -69.2901 70
10.074 -0.850851 70
-19.089 -10.3362 70
-1.15704 -0.594017 70
-1.09288 -0.808327 70
-0.470203 9.68206 70
-0.547739 0.292729 70
1.34494 -0.492222 70
10.9773 11.4999 70
10.3513 10.4298 70
-1.36864 0.0590377 70
-11.1282 8.87864 70
-0.384161 -9.98705 70
-0.473524 -0.994868 70
-9.26024 0.870391 70
18.5767 -1.16818 70
-9.1199 1.24757 70
19.6486 8.9911 70
-1.07964 10.2818 70
20.4207 10.9837 70
-0.674366 -0.83467 70
-0.396743 -0.0341409 70
8.64206 9.99389 70
-0.249767 0.499877 70
