-18.7157 -0.0111409 70
-8.67652 20.9167 70
-11.2889 -0.0242538 70
1.16522 18.5039 70
11.0379 -0.35754 70
-18.7608 39.7953 70
10.2831 -11.4057 70
100.849 -71.3926 70
98.5341 -70.1391 70
-1.42468 1.30618 70
-8.70621 9.08351 70
-10.1774 9.28797 70
-0.385706 -1.22635 70
101.119 -79.5697 70
-9.40928 -1.04936 70
-10.674 9.26941 70
-0.316618 10.5531 70
11.3037 1.20196 70
-9.98815 8.57523 70
-9.48818 -10.129 70
-10.6053 -8.81387 70
0.99012 8.61159 70
70.6753 -49.365 70
71.1942 -50.3959 70
-0.51409 -1.27538 70
0.46182 0.58223 70
-0.810091 1.28778 70
1.09868 0.128119 70
-1.26984 10.8234 70
-1.04159 0.240295 70
0.102667 -0.435625 70
-9.60349 9.13952 70
-0.713735 8.60204 70
-19.0291 11.1075 70
0.475204 0.0221152 70
9.97118 -10.5587 70
-30.434 -9.11699 70
-1.05406 0.625612 70
8.7182 -0.252986 70
-1.23945 -1.39429 70
-11.3208 1.49519 70
0.0392727 1.43287 70
-9.21753 -11.1516 70
10.5416 39.3836 70
-9.77925 20.6884 70
-10.2594 -0.126798 70
-1.39338 9.32963 70
-19.078 -31.1025 70
-0.717264 1.41841 70
-11.3968 1.00207 70
8.58487 9.89858 70
-10.1197 9.5362 70
21.2735 1.19252 70
19.1298 0.269358 70
0.925737 8.77978 70
8.70641 -10.3809 70
10.9689 11.4455 70
-9.43026 -0.0128825 70
-8.5019 8.51982 70
10.8186 11.3311 70
1.33218 -0.960082 70
-20.1597 9.95166 70
-20.6775 9.72504 70
-20.0553 10.1427 70
-11.0841 10.3287 70
-9.14593 18.8805 70
-9.93809 10.6502 70
0.874087 -19.2492 70
-1.40397 19.122 70
1.42565 20.7174 70
-0.179155 -0.0796648 70
-11.4199 0.431097 70
-9.91721 1.47116 70
-29.0339 -30.8654 70
1.36307 11.089 70
1.49274 10.2313 70
1.37834 10.2771 70
-9.84344 -0.713035 70
-41.0636 -0.954902 70
9.17961 -1.21532 70
9.12901 10.4138 70
-11.1676 9.88744 70
19.9487 1.05628 70
99.0175 9.64295 70
-29.9539 8.90112 70
-8.55801 1.30352 70
-20.3371 9.2849 70
-8.61417 0.878855 70
-9.78417 11.3539 70
9.77201 21.2282 70
-0.629494 0.0985971 70
-9.95582 0.0893606 70
-0.323664 0.207489 70
1.24368 9.27918 70
-0.0981898 0.549368 70
70.6873 10.719 70
-10.7241 19.9917 70
-0.147624 -0.0728267 70
-9.8198 9.69774 70
1.44663 38.5011 70
-8.84449 0.48364 70
-10.64 41.1091 70
-9.07638 -10.301 70
-1.05447 -1.34992 70
-10.6485 -10.3382 70
-0.361535 -8.55641 70
10.2219 10.689 70
-9.33286 1.46703 70
1.42743 8.93722 70
8.51351 -1.40639 70
20.0402 -10.5358 70
20.925 -9.10433 70
-31.3076 11.3061 70
10.3964 20.1677 70
8.95266 19.2102 70
0.629691 0.427466 70
0.0713397 9.49911 70
-11.3531 -69.7796 70
-0.375977 -19.5132 70
-21.1135 -10.115 70
-19.5074 -20.2636 70
10.8616 0.956186 70
-1.11814 10.4177 70
-30.2968 69.0876 70
-0.38333 10.5835 70
-10.4741 10.8509 70
-9.66935 9.73814 70
-21.1299 8.64795 70
0.212583 -0.1771 70
-10.575 8.92101 70
1.2579 0.816608 70
-8.89497 -9.97877 70
20.4376 -1.32114 70
30.739 -49.4394 70
-28.7445 -30.0359 70
-0.0493641 -0.58597 70
-8.50382 -50.2193 70
-0.992223 8.80601 70
-1.35795 0.241287 70
0.587013 -19.1218 70
0.587646 -0.921561 70
20.3123 -10.03 70
-9.90858 1.13631 70
-0.76967 -1.28572 70
-0.399021 10.6266 70
0.80361 10.8968 70
0.767902 0.619021 70
-1.03222 9.242 70
0.058046 1.26884 70
-1.05818 -0.148909 70
20.9897 -1.44935 70
20.1808 10.1498 70
11.1434 -1.09397 70
-10.7202 1.13975 70
-10.5135 -0.0323821 70
-9.50115 0.158843 70
0.769518 -0.205716 70
-10.1544 10.1484 70
-10.7803 -0.134306 70
9.89114 9.63244 70
-1.30331 0.815149 70
-39.8412 -50.5737 70
-0.19717 -1.27235 70
-10.2111 -30.5691 70
60.5653 9.00984 70
-8.88539 -39.873 70
-10.1318 -0.688949 70
-10.4516 1.27878 70
-8.81769 -0.0172772 70
-1.02735 38.9431 70
-1.44289 10.6598 70
-9.41427 19.5467 70
-11.071 0.505951 70
0.207041 -0.793981 70
-0.253734 1.24491 70
-18.5365 9.32855 70
-9.52037 9.48203 70
0.928953 8.88052 70
-0.704578 0.856319 70
0.982614 0.133319 70
-9.888 8.57573 70
-8.921 -10.3467 70
-0.113859 0.372835 70
-1.38604 -1.0397 70
-11.0764 -19.1027 70
19.7519 19.2814 70
-31.0542 28.5042 70
-10.432 -1.03202 70
-10.8539 9.9889 70
-49.2161 -18.8698 70
-9.46175 -10.6021 70
0.0913446 10.8453 70
-1.1755 10.8979 70
-20.2296 18.6315 70
10.2367 -10.3347 70
-0.197015 -0.105614 70
40.6154 -39.3348 70
-0.0139294 11.4206 70
-1.18923 -20.699 70
-1.01846 -1.28565 70
0.530625 0.0695774 70
0.20449 10.7936 70
21.4586 10.7364 70
21.3001 -10.6967 70
-18.8738 -10.0244 70
-1.1869 -1.01929 70
-0.025862 -9.75629 70
0.671337 30.9778 70
0.0319615 10.1356 70
9.6547 8.69438 70
0.836588 -0.968617 70
-10.0793 -1.11463 70
-8.75715 11.2409 70
-18.807 1.41866 70
19.3976 -20.8964 70
10.5738 0.0407148 70
1.4153 -30.8081 70
0.476886 0.805876 70
-21.3641 11.486 70
-0.0843144 1.04194 70
0.426429 -10.9364 70
-28.8063 18.7134 70
20.0422 19.7348 70
20.0401 19.7865 70
-0.246553 -0.809714 70
-0.332668 18.7633 70
-9.05248 8.53743 70
-11.1005 8.54017 70
1.44024 8.75496 70
0.461837 9.15324 70
-9.09617 10.8388 70
0.272564 -0.888964 70
0.928604 18.5476 70
1.26337 19.0189 70
11.0495 -19.5017 70
0.596637 69.3028 70
-1.13408 1.13936 70
-1.29564 10.8381 70
-10.1465 -10.0911 70
-9.00499 10.4795 70
-38.5304 1.26787 70
28.5986 31.1375 70
30.3327 29.5803 70
-10.3233 0.798179 70
-0.881183 10.2553 70
-1.40254 -0.110743 70
1.34794 1.43474 70
-0.809669 -10.0708 70
-19.8944 11.058 70
-49.5802 -10.8681 70
-0.302885 0.485718 70
-9.79038 -9.28818 70
-19.3623 0.549802 70
0.321169 9.22178 70
-1.21465 10.5257 70
0.0353506 11.3947 70
-10.6741 -1.05572 70
-0.952479 -8.57804 70
-11.1323 10.8683 70
0.466239 9.52541 70
1.03187 9.58168 70
-1.44583 11.2493 70
0.658414 8.67732 70
-8.87239 -1.23495 70
-40.2789 -90.9377 70
-10.9721 10.4038 70
9.24444 8.99834 70
-1.08621 0.715846 70
20.8684 -9.95774 70
-0.38143 -0.309483 70
-1.39997 0.616479 70
9.33124 -18.6417 70
-10.7941 8.72926 70
0.02326 -0.914799 70
-11.0976 18.9986 70
-1.02941 0.338713 70
1.02329 9.41455 70
8.57667 -0.795559 70
-8.93712 -0.14471 70
-9.91172 -8.75683 70
-20.251 0.47407 70
-19.7971 0.892823 70
0.0308007 9.76825 70
1.32015 8.68043 70
-0.108135 8.86713 70
-9.98618 -1.02695 70
9.7512 1.34287 70
10.0808 1.34611 70
-21.1277 -9.79017 70
51.2105 29.9235 70
9.78574 21.4747 70
40.6408 10.2712 70
-0.974537 -1.45007 70
-10.25 0.0138165 70
-9.12127 10.4223 70
-11.211 11.2502 70
0.581641 0.236254 70
-21.2059 -20.4901 70
0.209664 0.957565 70
-10.4186 -0.452237 70
0.19721 9.99481 70
0.546512 -0.634252 70
-28.9701 -1.20892 70
11.2543 11.1018 70
9.28321 10.9652 70
-0.408606 8.66326 70
0.80491 -0.309998 70
0.344234 -1.05605 70
10.2133 -49.2322 70
-8.61523 10.721 70
-1.12109 -68.5865 70
-0.607936 -0.488777 70
-11.111 11.2239 70
-9.27353 -8.98069 70
-1.18111 0.645868 70
1.03263 10.784 70
-39.3744 -10.9086 70
-1.08174 9.86423 70
0.762986 8.58861 70
-59.977 -59.5981 70
-28.9787 -9.73944 70
-19.5414 -19.8342 70
-8.9264 8.87704 70
-0.5645 -1.48697 70
-9.70537 0.498275 70
9.07311 10.63 70
20.3966 11.0937 70
-11.3393 -1.41863 70
-10.4375 -20.7492 70
-0.829023 1.4046 70
18.5197 20.5441 70
-30.5872 -1.04155 70
-9.22831 11.0856 70
-40.1711 -9.55888 70
-11.2542 30.5552 70
-1.26451 20.9259 70
-1.29597 -10.9165 70
-10.9517 -9.11525 70
29.1844 9.92824 70
-0.28725 -0.908845 70
0.254758 1.02537 70
-29.1099 20.7992 70
-0.32398 10.1489 70
-19.0636 10.1469 70
48.665 38.8315 70
19.5481 70.9827 70
41.2706 0.216863 70
-0.828524 10.2647 70
0.248803 -0.701098 70
-0.63725 9.1859 70
-11.2628 9.44442 70
-11.4562 31.2497 70
0.694976 19.016 70
-0.955902 -0.276147 70
0.0420033 -1.12007 70
0.430816 20.9019 70
-1.38117 -1.45565 70
0.963343 -0.342204 70
9.28972 20.9014 70
-21.3982 -1.22457 70
-0.0317329 0.12289 70
-19.0451 0.1825 70
-31.1264 19.3799 70
-29.9318 19.873 70
-8.69876 8.52742 70
-1.19741 -1.48483 70
10.2538 10.3402 70
-18.5049 -10.95 70
-0.29538 1.20214 70
18.7223 -0.751275 70
-1.24412 9.43406 70
-29.4934 0.818612 70
-28.9012 1.09508 70
-1.40901 19.3225 70
-10.3822 -10.114 70
-9.59741 9.04502 70
-21.2014 -0.222835 70
1.31266 0.316597 70
-18.8592 -0.628002 70
0.463005 -9.6526 70
0.820149 0.866076 70
30.3349 -100.781 70
29.3409 -100.778 70
0.893042 -0.0790707 70
-20.4062 9.30363 70
-9.79097 11.1119 70
11.433 -8.68148 70
-120.578 31.4041 70
-28.9103 -0.479174 70
-11.0892 -0.0932119 70
-8.90826 9.88529 70
-0.642587 0.529247 70
11.2114 -0.252418 70
-11.2468 9.98945 70
1.43917 9.23574 70
9.50227 9.55925 70
-19.7659 18.7338 70
-50.5073 -109.34 70
-8.66519 -8.89592 70
-20.2105 -0.0376866 70
1.34253 0.638002 70
-10.7477 -8.58642 70
-0.858708 -0.87009 70
-31.38 10.986 70
20.2138 -0.737046 70
-10.1243 -40.9037 70
-10.9807 -0.0964333 70
-38.9334 0.472221 70
-20.6701 -11.4498 70
-10.3763 -0.798889 70
8.97389 9.22148 70
-9.45345 40.1431 70
9.62542 1.47665 70
-11.3942 1.14821 70
10.9171 11.1645 70
-1.31967 -1.35626 70
8.99893 8.91627 70
-9.49222 0.690854 70
-1.09298 -11.3847 70
1.35677 1.08747 70
-0.856872 -0.749093 70
-1.3428 0.317072 70
-1.00814 8.84795 70
0.38708 -8.71252 70
-20.8484 99.4081 70
-20.9833 -0.672341 70
11.4475 10.1077 70
-8.58738 -9.19643 70
-0.758218 0.57687 70
-0.194775 9.19805 70
-1.41414 -1.27278 70
-8.71515 -0.0522033 70
-0.147865 -0.253313 70
0.691621 -0.524605 70
-9.20579 10.7943 70
-9.23588 -1.35948 70
1.07243 0.195687 70
-0.16618 0.620465 70
-29.0127 -0.772682 70
41.3362 99.0157 70
-9.22603 20.0589 70
9.57417 -39.2198 70
-1.09807 -9.9603 70
8.71249 -29.4886 70
1.10694 9.90804 70
-1.42486 -0.598879 70
9.7988 -0.428534 70
0.202315 1.08553 70
0.797374 9.17241 70
-1.13383 0.357017 70
0.89453 -0.350215 70
-8.64218 -8.98579 70
-19.2613 29.9433 70
0.838444 -1.02354 70
8.88064 1.37777 70
9.5185 0.434223 70
0.157617 -11.0473 70
-18.5789 -11.2601 70
1.02292 9.99516 70
-9.56733 0.176486 70
-9.26825 0.895022 70
-9.53167 -10.1218 70
29.4384 -70.7457 70
0.139566 -8.97916 70
-0.763589 -0.2845 70
10.7126 8.70126 70
-0.597249 -0.0210598 70
-0.947281 -0.803876 70
1.14621 -0.40227 70
-1.18416 1.17842 70
10.9531 29.0252 70
-58.7865 9.44885 70
9.23614 -0.265365 70
-9.73774 -10.9897 70
0.138692 21.4833 70
-9.75463 38.5738 70
0.813502 10.2113 70
0.841689 10.919 70
-11.0147 10.1 70
9.86798 0.0761103 70
-1.10152 10.6957 70
19.1672 0.522667 70
18.5912 -0.0927731 70
-9.84699 1.17015 70
1.34561 -0.347423 70
-8.5743 -0.351818 70
-19.62 -21.457 70
-0.360618 0.731769 70
0.1946 -1.41369 70
-0.526128 -0.620593 70
-41.2776 -10.1898 70
-10.1909 -1.15268 70
10.0315 -19.0022 70
-1.26488 11.0971 70
0.121333 0.799741 70
-1.16846 9.23708 70
-0.539002 11.2564 70
-8.86318 11.1982 70
-9.72131 10.8334 70
-20.2705 20.4382 70
-0.327054 -1.06637 70
-8.65999 0.723903 70
-10.6139 -10.4204 70
-9.87356 -1.38344 70
-9.01188 9.52154 70
20.719 69.5348 70
9.43765 39.4392 70
-28.5533 -1.48979 70
10.6676 8.72553 70
-10.7608 10.2281 70
-9.14017 11.0895 70
-10.2641 -10.7379 70
9.83067 11.2547 70
-10.1472 31.1883 70
-10.0064 0.946985 70
-10.3675 60.029 70
-0.0621369 9.00451 70
8.6439 9.05195 70
0.532852 -10.3605 70
-10.9394 0.318718 70
1.25388 0.852625 70
50.8984 88.6805 70
10.5777 10.6958 70
0.772655 -8.55089 70
8.72271 9.58645 70
-10.5414 0.765573 70
10.3659 11.233 70
1.20988 0.312814 70
-8.69057 0.431055 70
-0.900129 0.286211 70
30.6096 31.4977 70
-9.22579 18.8699 70
-1.00004 -1.24017 70
-20.6611 -0.94089 70
10.7019 -10.8131 70
-10.3854 0.324944 70
-19.6573 18.6494 70
40.4883 41.2669 70
39.1616 41.1707 70
-30.6269 10.0824 70
-9.14829 20.1617 70
-9.9964 0.745367 70
9.17919 8.79188 70
-0.484072 9.62791 70
1.34528 -0.348751 70
-0.768377 -9.75907 70
9.62733 -10.16 70
-9.78216 10.6546 70
11.3127 10.7892 70
-0.449266 1.21129 70
1.18017 0.593505 70
0.670273 0.0234158 70
-0.547666 0.818818 70
-1.49058 -0.042409 70
-0.677962 9.30954 70
0.221232 9.46254 70
-10.8123 -1.40825 70
0.361689 -1.47212 70
-0.838286 -0.211124 70
-10.5133 -9.87334 70
9.81786 10.4865 70
10.0967 0.512916 70
-11.1349 -9.14842 70
-31.1437 20.1404 70
-11.1826 0.821225 70
-19.9649 0.126123 70
0.524867 9.7272 70
-0.117799 -1.13893 70
-0.613593 -0.228607 70
-18.568 -19.8609 70
1.13294 1.41382 70
-0.100889 -1.15944 70
-10.7395 -0.168284 70
-18.6935 28.8766 70
10.5721 10.595 70
-11.4428 0.907659 70
-9.68311 1.13019 70
19.338 41.4209 70
8.59641 -9.54539 70
58.8866 -80.8218 70
0.0162667 0.196578 70
-0.826664 10.6328 70
40.516 -10.5769 70
40.6669 -8.69384 70
-0.0675904 -1.41672 70
0.151207 8.6622 70
-0.777506 9.78026 70
-0.568269 0.292067 70
-10.4018 -0.642454 70
0.457511 1.33703 70
0.913523 9.85815 70
1.46427 9.29559 70
-10.2464 10.1521 70
-0.385539 11.1122 70
-20.9363 -0.821969 70
-18.8092 -10.3639 70
-0.61666 11.1768 70
-30.9965 28.5029 70
-9.87667 10.0848 70
-0.879934 -10.9427 70
0.379439 30.0301 70
-1.23355 -9.80236 70
18.8354 0.975881 70
0.901799 0.541278 70
0.151586 9.37684 70
0.846318 9.77298 70
-0.833842 9.07179 70
0.168343 0.179824 70
-9.05888 1.40298 70
-10.7768 -0.201119 70
1.35912 1.49218 70
10.538 0.320335 70
-10.0954 10.6038 70
-11.1483 20.4503 70
-29.0033 51.451 70
-0.429276 -1.10936 70
0.551797 0.616718 70
1.22332 9.05878 70
40.2898 -28.7842 70
39.5622 -28.8422 70
-19.624 0.470605 70
-30.3648 9.9611 70
9.98306 19.0147 70
-0.295332 -20.9637 70
0.0132949 0.296038 70
10.9317 -29.7172 70
-0.0407965 9.19094 70
10.9978 -10.3466 70
-10.3304 9.4967 70
-9.06473 0.709746 70
-10.955 0.0943679 70
-9.21848 -11.185 70
-11.0981 -0.249584 70
-10.4732 10.2805 70
20.6248 -21.4393 70
-1.39077 9.56974 70
-0.576688 0.457787 70
-19.9932 9.05345 70
-11.0033 -8.97608 70
-8.63335 -1.01068 70
-0.561843 -1.06832 70
9.73984 -9.05077 70
-9.87256 -0.231878 70
-10.1089 1.03789 70
-0.425014 1.46498 70
-1.17015 -1.15287 70
-0.360616 0.860621 70
-20.7934 -10.1729 70
-89.8708 70.0773 70
10.0103 40.4183 70
1.4677 1.11215 70
-0.275389 0.866739 70
0.297632 -1.49229 70
31.3098 -9.42547 70
9.75246 -9.85163 70
-9.48498 9.197 70
-19.6563 18.7181 70
-9.83886 1.43553 70
0.737353 1.23094 70
-50.6648 40.8658 70
10.5828 9.04363 70
1.14462 -0.327456 70
21.2344 -49.2462 70
-0.367851 -0.917307 70
-0.661776 -30.0391 70
1.29006 -30.0823 70
-10.5871 0.540518 70
-11.3876 -9.26754 70
-19.188 0.661368 70
-8.67904 0.774285 70
-8.78697 20.58 70
-30.9253 -8.89396 70
-29.2743 -10.4613 70
-11.1278 1.09395 70
-21.3857 70.5015 70
0.0901284 10.9801 70
-11.2686 -0.0142238 70
-1.24615 -10.1598 70
-9.10961 -0.61793 70
20.6077 10.4108 70
-30.2468 19.7923 70
-8.54504 30.0634 70
40.5525 -9.38402 70
-1.17702 9.97467 70
18.5254 -0.545118 70
18.5262 -19.6637 70
-18.8024 18.7473 70
0.977142 1.03982 70
19.1179 -8.60085 70
50.2356 19.1331 70
-10.8356 -1.37586 70
-0.560851 0.88245 70
0.636886 -0.355856 70
-0.865082 0.812498 70
9.2624 11.2613 70
-10.3463 60.6569 70
-11.3559 11.3475 70
0.32597 1.06234 70
0.218387 -0.607633 70
1.13487 9.40062 70
-11.3737 -10.1067 70
-9.33621 -11.1743 70
-61.2888 -49.5629 70
-9.37927 0.188079 70
-19.4158 -10.6731 70
0.767618 8.91743 70
0.30201 10.4869 70
-9.93223 0.540369 70
-1.01346 -0.000235428 70
-9.67951 -0.596726 70
-10.2632 9.77934 70
11.3257 -8.60275 70
-1.26664 0.222768 70
40.1709 -48.7618 70
40.56 -50.0684 70
90.8657 118.798 70
-1.15295 1.44344 70
