1.40882 0.710157 70
-10.2911 0.926459 70
-0.720638 -1.28395 70
-1.27985 -9.21314 70
-18.885 29.5155 70
1.13813 -0.301754 70
-0.138268 0.125056 70
0.417586 -10.7989 70
10.339 0.507475 70
8.99875 -10.1138 70
0.15255 0.288641 70
1.11826 -0.67225 70
9.56106 -0.557271 70
-30.0574 8.58996 70
-10.5702 -1.0817 70
-0.512688 -0.668273 70
1.03415 -0.419325 70
10.1248 -8.66579 70
0.644099 1.37786 70
-0.876363 -1.19092 70
8.52765 -21.1183 70
-0.723275 1.3355 70
-0.867291 -0.0299053 70
8.86111 0.146056 70
10.9955 28.7749 70
-0.320279 -0.128077 70
0.755306 0.760137 70
-1.36212 -0.221632 70
-0.0329285 -0.0634342 70
-10.8246 0.848567 70
-1.18397 -1.3641 70
0.922655 -10.6479 70
10.8949 -10.1967 70
-0.911749 1.45535 70
8.50095 1.19232 70
0.591158 -8.70334 70
-0.851023 0.744225 70
9.73536 -40.9228 70
10.5041 10.3128 70
8.59216 10.003 70
-0.672389 0.177981 70
8.67525 10.128 70
29.0203 -11.1761 70
1.07915 -0.808324 70
10.8212 -40.6432 70
10.2481 -39.3026 70
1.08884 0.0143274 70
-0.488986 -9.92123 70
1.43838 0.436991 70
8.9578 0.164225 70
9.32803 30.0231 70
8.65301 30.9036 70
-0.876793 -1.20144 70
-0.851532 1.16345 70
8.66917 8.66643 70
10.7513 10.4885 70
0.463035 -0.327342 70
0.901566 -0.43747 70
-0.32813 -21.0716 70
-20.9013 -21.2952 70
41.1994 0.533197 70
0.347334 -10.8217 70
-19.9644 1.23715 70
0.214841 -0.672693 70
1.33015 -0.77986 70
0.447181 -0.883369 70
-9.78504 -10.8874 70
0.983658 0.37632 70
21.4811 19.8547 70
-9.89045 0.235029 70
-0.0154945 -9.60027 70
-1.40126 9.18393 70
-0.247103 1.39886 70
-0.261133 -10.2694 70
-79.2181 10.1146 70
10.5264 -20.1333 70
20.9293 -0.231167 70
0.301679 -11.0679 70
1.05695 -8.69632 70
10.361 10.3015 70
-0.194441 9.29217 70
-1.18666 0.311997 70
0.601546 -0.711847 70
50.7647 -29.6625 70
0.193219 11.4483 70
0.264758 -11.174 70
10.4796 -1.03412 70
9.14403 0.308422 70
-0.835534 0.374029 70
9.67639 0.194226 70
-29.0486 0.504456 70
9.45638 9.62992 70
1.2216 0.597757 70
0.362277 -1.3917 70
9.66976 9.89628 70
-50.0114 -19.9987 70
-11.3087 0.581853 70
9.21779 1.20708 70
1.20023 -11.0906 70
1.10329 18.5834 70
0.520569 -1.11515 70
9.2959 -9.62827 70
31.0431 -98.8916 70
0.28129 -1.25484 70
-1.05031 -8.64479 70
-0.908095 0.652639 70
0.15488 -1.05055 70
-11.1933 -18.6096 70
-0.987039 0.285522 70
-19.1484 -19.3238 70
-20.5581 -10.8703 70
-9.99408 -9.64962 70
0.0141381 0.297293 70
0.293178 0.687228 70
9.03006 -11.4154 70
-11.391 11.405 70
-50.3538 -8.69083 70
0.360998 -1.35278 70
-10.8122 -9.1447 70
-1.42816 -0.962046 70
31.053 -1.45734 70
1.30096 -10.3151 70
-40.3164 -9.44954 70
-1.04162 -11.3077 70
19.6445 -11.19 70
0.763926 0.677625 70
0.44664 -19.698 70
-0.0114248 1.26782 70
-10.5277 0.854536 70
-0.0521061 -0.896983 70
-8.67665 -1.39577 70
-9.27507 -0.888404 70
-0.0152688 -9.37167 70
-10.9894 8.67699 70
9.00451 -0.721604 70
49.7956 -19.1163 70
-0.887202 9.79924 70
-0.843142 10.9989 70
0.603215 0.915175 70
10.9115 -10.3578 70
39.1048 -30.3126 70
-0.296874 -11.332 70
-0.457348 -9.90834 70
-1.09551 -1.11526 70
-0.793315 -9.62402 70
1.36465 -20.7365 70
10.1549 -11.4018 70
-1.4104 1.44276 70
9.2387 -9.36778 70
-10.9556 0.308062 70
-18.8478 0.416191 70
0.625778 9.22979 70
-0.279927 -11.4604 70
0.909368 -9.74118 70
11.1067 1.21889 70
-9.29953 -0.289266 70
-49.8544 -19.1548 70
-51.1103 -20.4682 70
-1.10556 -18.6227 70
-0.613198 20.9725 70
0.512411 -0.356068 70
0.907258 1.21674 70
0.243595 -20.6271 70
-0.709309 -1.04142 70
11.0414 8.93553 70
-20.9926 -1.05057 70
9.91649 1.39461 70
0.324089 -1.06684 70
-10.4765 9.68717 70
-0.861058 -11.4353 70
0.471565 0.516754 70
1.10473 0.143726 70
11.23 -9.0615 70
1.24834 0.903128 70
-39.4018 -8.70086 70
-0.263523 -1.27161 70
-1.07274 0.5925 70
-1.22883 0.774429 70
0.490429 -9.4462 70
-0.494423 -10.4299 70
-8.57862 9.57317 70
-11.2483 -0.709466 70
10.0739 0.576325 70
21.2971 -11.4287 70
-19.5757 10.0535 70
20.562 20.1666 70
0.887902 0.252407 70
-10.3148 -0.241935 70
0.182901 -8.5733 70
-0.936665 0.158616 70
0.0646851 -1.46097 70
-0.174495 -0.658069 70
-1.30645 -1.44653 70
-0.66074 0.658949 70
-1.13564 0.205582 70
-0.305172 -9.65541 70
-0.233283 -0.79926 70
-9.71489 31.023 70
-11.4003 29.8468 70
-11.3295 0.166941 70
-20.1732 -19.5825 70
10.4093 0.307092 70
1.18289 -11.103 70
-11.2528 11.485 70
0.718137 0.831262 70
-0.851007 -9.85202 70
-1.47576 20.3304 70
-30.2319 -79.6064 70
-0.297826 1.1238 70
-0.300275 0.371437 70
-0.860667 21.3566 70
10.6866 9.93403 70
-0.960478 -0.800583 70
-1.36879 -0.932452 70
8.93456 -8.63395 70
-10.4251 0.949855 70
-0.840376 -1.27369 70
0.45918 -1.27169 70
0.918377 -9.33341 70
-0.329803 -8.61268 70
0.663661 -0.270369 70
-1.44413 -0.908814 70
-41.4433 -30.4929 70
-9.03541 8.54624 70
-0.181471 0.111277 70
-0.114184 -1.19116 70
-9.15858 10.2859 70
1.4408 -20.4597 70
0.388058 0.408592 70
-10.2985 10.1974 70
-8.69244 0.513431 70
0.707144 -0.402748 70
10.9196 30.1757 70
0.147884 0.612237 70
-0.980104 -0.904618 70
-10.1854 8.57039 70
29.2076 0.561808 70
0.58449 -1.02809 70
-9.53615 9.29226 70
11.3411 -0.812315 70
-8.83571 -18.822 70
-18.7272 -0.524474 70
-10.7643 19.9475 70
-9.89488 10.1307 70
-0.746601 -0.860663 70
0.184138 -11.1933 70
0.111123 -0.21028 70
1.39636 0.737854 70
10.1117 -10.3859 70
11.387 9.47798 70
39.6447 0.997384 70
20.2668 9.21723 70
20.4648 9.41188 70
1.34734 0.550727 70
-0.511008 1.47493 70
-9.76697 -30.7479 70
-11.179 -29.6332 70
10.9575 -10.5111 70
10.2616 -1.08921 70
-8.56695 -0.154684 70
-0.718602 1.20282 70
-19.0389 -0.692715 70
0.272313 -0.00901656 70
1.18595 0.380399 70
1.28512 -0.0305537 70
1.0012 0.734855 70
-0.68585 -8.97286 70
0.25804 1.38797 70
0.153893 -1.02479 70
-10.6998 -8.82629 70
-10.0963 -10.3771 70
11.1374 -1.11106 70
-0.555849 -9.92685 70
20.0342 -1.01655 70
-38.9332 1.26781 70
-29.0968 20.0768 70
-28.8903 19.0377 70
0.402837 -0.619617 70
0.97532 0.177504 70
0.370402 0.585176 70
-11.2702 0.59421 70
8.86838 60.82 70
91.042 -21.4328 70
1.08745 1.21722 70
-0.990373 0.676949 70
10.8227 9.45227 70
-19.2825 10.6674 70
1.25285 -11.3236 70
11.0175 -0.650393 70
10.4601 0.0587025 70
10.2675 0.234885 70
11.2888 10.5733 70
0.206478 -0.640402 70
9.0852 -9.05011 70
-0.0951029 0.446844 70
-0.359739 1.13326 70
-0.603273 0.178162 70
-11.2764 0.114398 70
1.25747 1.09548 70
10.2026 -10.8318 70
10.8678 -10.923 70
11.3219 0.884203 70
1.21871 -0.821875 70
1.31598 -21.0183 70
-30.5084 0.687507 70
9.80745 -19.7871 70
0.218124 0.0216718 70
0.971033 -0.155133 70
1.03713 0.89631 70
0.18439 -1.39797 70
39.7697 0.971178 70
-0.809813 -10.0347 70
20.5594 -11.1579 70
1.07988 -8.89122 70
11.3202 1.24671 70
49.1215 19.5449 70
-19.7589 -9.10448 70
-20.047 -11.0507 70
-0.304875 10.6956 70
1.49746 0.0162136 70
-10.8458 1.35558 70
1.36525 0.715212 70
10.4915 8.72028 70
1.185 -10.666 70
-0.856952 -9.82808 70
9.37039 8.75278 70
1.05618 -0.661557 70
-10.485 -9.58031 70
10.2282 -1.09061 70
20.6708 -1.1535 70
1.31787 -0.339841 70
9.00992 20.5708 70
-0.748784 -0.12441 70
-1.46576 -9.14147 70
38.9135 9.08304 70
0.938854 0.129867 70
20.7957 -29.8466 70
0.733122 0.38472 70
39.2779 -10.5006 70
1.24 0.599151 70
-10.8436 -10.944 70
1.06052 1.37879 70
20.9665 -1.36131 70
21.2165 -8.92263 70
-9.57844 10.4781 70
8.62324 9.78691 70
0.504373 -9.4248 70
40.0259 11.0914 70
-9.39859 -9.50597 70
0.870132 0.77724 70
-1.34432 0.754604 70
-10.4098 -11.4136 70
-1.41434 -0.762724 70
-1.17494 -10.0886 70
-21.1367 -40.9563 70
0.939835 -0.813726 70
-49.249 10.9089 70
1.23204 -0.850494 70
-10.4423 -9.0138 70
-9.37404 -20.2523 70
-9.24975 -1.44679 70
-9.45871 9.81561 70
8.92928 -19.1528 70
10.3566 -20.1 70
-0.261005 10.2611 70
-10.448 -0.649257 70
9.70126 -0.405574 70
9.25509 -1.01012 70
-9.99379 -10.4383 70
-1.49529 -10.3786 70
-0.0483125 -0.580353 70
1.35033 1.19104 70
9.67688 10.6019 70
-49.9652 -19.5106 70
-0.158681 0.508498 70
-0.147345 -0.418028 70
0.168568 10.5415 70
0.404857 -10.9659 70
19.9137 -49.8596 70
9.00343 -10.1735 70
-10.8224 10.5773 70
11.0638 0.586774 70
10.9608 8.96219 70
-8.91817 8.75937 70
-0.529218 0.833564 70
9.78181 11.2183 70
-0.193042 -8.55763 70
-29.9934 -10.0414 70
-8.72569 -8.60559 70
0.0681912 -0.137909 70
10.7788 -9.86864 70
-0.0106567 -10.2437 70
1.12834 1.16816 70
31.258 0.724448 70
-0.278613 0.584121 70
0.170369 0.913013 70
1.40697 0.855163 70
0.428088 1.36031 70
-10.0352 -0.545578 70
20.4393 -21.2508 70
-0.333907 -11.129 70
-0.575149 -10.3209 70
0.453909 20.3209 70
-0.543732 -11.0489 70
-1.20953 -11.4429 70
1.37899 -11.2636 70
-49.8077 -19.3345 70
-9.23212 -10.0999 70
10.7968 -8.8985 70
0.0483465 -10.4593 70
1.2311 -0.463671 70
0.312656 11.098 70
9.96238 0.458684 70
-11.0608 -0.330053 70
0.386745 -1.4152 70
-0.821149 9.45292 70
20.5723 10.7682 70
-11.0572 -19.1594 70
-9.80337 -10.5851 70
19.0568 8.84203 70
-10.0197 -11.4474 70
-10.6487 0.276928 70
-1.32391 0.300367 70
1.31865 1.00413 70
0.0329665 1.10887 70
-0.497642 -1.46277 70
-0.349655 -1.25123 70
-0.0795627 0.812592 70
0.762369 -21.247 70
-1.42441 -1.26445 70
-0.960287 -10.0448 70
-0.834395 1.45755 70
0.495559 0.941589 70
-9.36184 -10.279 70
9.95428 -0.219751 70
-39.9563 -38.5322 70
-9.74458 0.0561845 70
-9.07966 0.775901 70
9.45017 0.59787 70
-20.7276 -9.17783 70
0.817406 -20.1835 70
-8.85091 0.057164 70
0.804077 -18.5118 70
-21.3996 -18.7534 70
-10.4087 -89.9871 70
9.93982 0.706133 70
-20.7384 -0.417647 70
30.3182 -8.89152 70
31.2763 -10.8664 70
-0.676571 -9.78229 70
8.73543 -9.49678 70
-11.2344 -0.557562 70
-51.0015 0.23041 70
0.665819 1.37015 70
0.54989 1.02097 70
9.59759 -0.194705 70
0.210988 -8.60771 70
0.00455097 18.5208 70
1.09494 0.720081 70
0.304966 -0.292491 70
0.527015 -0.396924 70
9.07198 -19.6008 70
-29.5071 -18.9428 70
-30.1148 -18.6577 70
0.191425 9.63713 70
-99.6504 -30.9615 70
-0.387919 8.76696 70
-0.124177 -18.514 70
10.6935 -0.222153 70
10.5084 -1.14995 70
0.0947254 11.3175 70
-10.4869 -38.7616 70
-10.2637 -59.4525 70
-10.4546 -9.09088 70
-11.3696 -19.4346 70
-20.901 10.8088 70
11.131 0.435232 70
39.4799 -38.9038 70
-9.52476 9.80474 70
0.104084 -0.101232 70
0.646542 -1.15682 70
-9.29642 10.3571 70
-20.6784 -30.3172 70
30.6344 -19.6697 70
10.6993 -1.03941 70
-10.8269 -1.49282 70
11.061 -11.0392 70
-1.1271 11.2887 70
0.914794 0.341714 70
-0.262641 -1.19612 70
-1.23267 0.500274 70
0.278359 -0.00749971 70
11.1111 -0.950906 70
-19.5897 10.5878 70
-0.826167 -0.00405637 70
-9.06244 10.3835 70
0.345765 -0.451456 70
0.665456 0.535179 70
-10.8533 -0.535222 70
20.8901 -29.2357 70
1.23629 1.32262 70
11.373 -11.3291 70
-10.484 0.295334 70
-8.81018 1.06132 70
-1.12465 -9.39376 70
9.32364 30.6409 70
0.560503 -1.20463 70
0.906102 0.820714 70
-100.768 -38.527 70
50.1719 41.0023 70
-10.6419 -10.7226 70
0.763044 1.32593 70
-10.6024 -10.7974 70
9.98899 -0.577079 70
-1.26647 -1.00171 70
31.4571 19.3993 70
-59.6089 20.5693 70
19.6701 0.860145 70
0.615944 10.6028 70
-10.0162 0.0738051 70
29.312 10.9165 70
9.40443 20.2227 70
-49.465 30.3749 70
-19.4414 9.23104 70
-10.1639 -10.5085 70
-11.3569 -11.3972 70
0.0953388 -0.436284 70
-20.4485 40.091 70
-8.81776 0.604397 70
-8.61835 -8.85095 70
40.2852 -30.7862 70
-1.5 1.24019 70.0007
0.251741 -1.45587 70
-9.33135 0.625625 70
0.285921 -0.686512 70
9.44539 -20.1577 70
1.42161 0.889759 70
21.3262 -40.4852 70
1.06136 -9.05707 70
0.123316 -11.3116 70
0.722061 -19.7552 70
-19.8863 -9.29465 70
-0.371734 -0.389707 70
-0.990948 -1.03087 70
-11.1568 -1.05181 70
11.2124 -18.616 70
0.493852 10.4872 70
-1.20447 -9.44181 70
20.7592 30.3961 70
0.694728 -0.723044 70
20.7459 -18.8575 70
0.0190369 0.455566 70
-1.16542 9.06978 70
-0.950471 -0.820277 70
-0.260181 -0.710523 70
-9.46648 -20.248 70
9.26373 -9.05687 70
8.74505 9.72951 70
10.5289 -19.3088 70
9.27578 0.751609 70
-0.139065 -1.01612 70
0.645147 -10.8597 70
9.29548 -41.2828 70
-8.58998 -1.27493 70
39.8447 39.9313 70
-0.128387 0.482564 70
-1.43614 1.44487 70
-0.536103 1.18099 70
0.938067 -0.325866 70
-0.760868 -10.2515 70
-1.1173 -0.234078 70
-9.40396 -61.4419 70
1.10685 -1.09883 70
9.49598 -10.3696 70
0.285775 -9.13071 70
-11.1366 10.1385 70
-9.20693 21.349 70
9.09293 19.5826 70
-20.7241 -20.9695 70
-10.4953 -9.46452 70
-11.1507 -0.678311 70
19.6055 -1.19276 70
-19.1402 1.09085 70
-1.11325 -0.766641 70
1.00769 1.34933 70
1.10517 9.01832 70
10.7256 -10.8612 70
18.7773 10.3179 70
-11.0791 0.579698 70
-20.0873 9.87933 70
-0.565217 -0.732577 70
-9.19569 -8.57343 70
-9.60729 -9.4086 70
19.2719 21.2546 70
-0.233636 0.929893 70
0.865674 -0.764334 70
-0.722994 -0.65586 70
0.0874127 1.20564 70
0.362627 1.46442 70
0.782466 -8.83028 70
-10.1428 -8.62036 70
-9.89109 0.218135 70
39.583 -8.71448 70
1.09856 -0.941964 70
1.23422 -9.1939 70
0.961034 1.06935 70
0.945824 1.19681 70
0.759847 -0.978193 70
1.05711 -1.13277 70
1.06827 -0.120095 70
-1.10847 -0.288139 70
1.43103 -0.197677 70
-9.76503 -9.93766 70
-10.118 0.772825 70
1.1132 0.461213 70
18.8051 9.77166 70
-9.14649 0.0605406 70
-9.94422 -20.5462 70
1.06877 -0.788638 70
-0.942401 -1.29466 70
-1.12298 -0.193869 70
-0.689375 0.799787 70
-0.994497 -0.71228 70
-29.064 40.3543 70
0.0896646 -10.4133 70
-0.763955 0.661561 70
-0.741094 0.931318 70
10.8925 -10.0323 70
-19.0801 -10.9891 70
-0.997796 -10.918 70
-0.816967 -20.3713 70
28.7711 40.6913 70
1.44326 0.791697 70
1.00418 1.22528 70
-0.76593 1.20536 70
-0.594217 -1.1806 70
-9.41126 10.4342 70
-10.1741 -0.553131 70
-11.2257 8.58807 70
0.947463 -10.147 70
-10.7045 0.279485 70
-0.573944 -10.9634 70
9.71815 -1.2764 70
1.40308 -1.37086 70
19.8321 -9.67872 70
10.0858 -10.4483 70
0.490134 0.451142 70
0.67973 0.16502 70
-0.364989 -10.8342 70
-0.762363 -9.64539 70
10.5336 -0.816239 70
0.636627 0.352016 70
-10.8274 -8.77136 70
-1.02952 0.877359 70
9.02315 9.72101 70
-10.239 0.389437 70
-0.134935 -0.448896 70
-8.6911 19.1161 70
10.2675 1.26858 70
-30.8617 11.1291 70
-0.708887 -0.0338416 70
-0.0454123 -0.869274 70
-79.5092 10.4227 70
-31.0039 10.9485 70
0.633317 0.411259 70
0.069106 -1.09217 70
-10.9239 -0.127447 70
-0.284128 -0.248423 70
109.118 -10.0105 70
-1.49504 -1.1034 70
-0.675385 0.626493 70
8.61348 9.97996 70
0.713945 0.333951 70
9.68467 10.4207 70
-0.943158 -0.408391 70
-0.572537 -0.688442 70
-21.4832 -19.0262 70
-20.8538 -21.494 70
0.891587 -1.38394 70
8.59126 -10.325 70
-0.0177575 -1.09503 70
11.3493 -18.9433 70
-0.845642 0.36408 70
-1.03658 0.086542 70
0.769918 -18.7009 70
0.882655 0.76932 70
1.36069 -0.631061 70
-39.1355 31.2444 70
-20.0121 8.52311 70
-0.749288 0.00390838 70
0.924144 1.21577 70
8.71017 -0.699699 70
8.70982 1.48244 70
0.348597 1.16385 70
1.16488 -9.5176 70
-8.82484 0.145354 70
0.956329 -1.18174 70
-1.39916 -1.13834 70
-10.7919 -9.56596 70
0.847111 -11.4345 70
0.704194 11.1608 70
1.11139 -0.0493193 70
-0.407074 -8.75222 70
1.24255 1.38492 70
-69.0359 -40.3239 70
0.227782 -9.57459 70
1.42296 1.33041 70
0.730462 -0.39706 70
18.5159 20.057 70
-1.31372 11.1231 70
-9.84077 -20.6724 70
-8.70011 -11.1436 70
39.5317 29.4153 70
0.0266147 -8.52839 70
1.13902 0.137269 70
0.313257 28.7718 70
-0.183667 29.2089 70
-0.922003 1.21832 70
-1.37039 -1.0424 70
-10.1156 -9.354 70
0.0235088 -9.80094 70
-20.4533 9.75207 70
11.1499 -10.5458 70
-0.154205 -0.478661 70
8.71717 -9.62868 70
1.2204 -10.6559 70
-0.0105913 -9.09159 70
1.40252 0.735994 70
-10.9723 -9.46194 70
-0.408605 -0.444626 70
-10.6583 -1.25948 70
11.2988 39.5657 70
-9.57609 -10.8203 70
0.972832 -10.3102 70
-0.0390703 0.175025 70
-9.42521 -0.704881 70
-0.212954 -10.8196 70
10.9018 -8.70093 70
-0.0401799 0.718311 70
-8.64296 -11.2749 70
-0.101966 -0.346417 70
-1.06032 0.30007 70
0.450042 -1.14438 70
-0.0806721 0.554158 70
0.0081916 -0.967176 70
-19.0838 0.958944 70
0.991211 -0.481911 70
-1.33584 -0.466144 70
0.549612 0.555259 70
-0.424415 1.21799 70
0.669405 -0.701333 70
-0.264493 0.266033 70
1.1674 -10.9171 70
8.53981 0.878052 70
-1.06684 -1.10569 70
50.7943 -39.2735 70
50.2274 -40.7934 70
-0.616659 0.188988 70
19.1075 1.2127 70
-8.70285 0.730759 70
0.626537 -0.00635171 70
-0.588094 0.512951 70
-20.2158 -11.4455 70
1.1466 10.705 70
0.3367 20.2092 70
-11.0802 0.825164 70
-19.21 -10.4812 70
0.701411 0.0470588 70
-9.85782 8.64273 70
39.5495 -19.939 70
0.803061 0.161952 70
0.00394715 -10.1675 70
0.0677473 -1.33294 70
-0.485809 0.959646 70
-11.3979 -19.1597 70
60.8095 -0.747557 70
-0.3814 -10.3816 70
-10.0571 -9.1321 70
-1.02376 1.42727 70
11.1089 -31.139 70
10.7357 0.336655 70
-49.974 -41.4482 70
0.48392 -1.47383 70
1.23486 -0.024662 70
-0.584467 -1.10025 70
9.06287 10.5915 70
0.620156 0.956792 70
-11.2149 -0.616824 70
1.4388 19.4402 70
