-1.00078 -0.0566441 70
0.211757 -1.305 70
-0.661157 -9.12773 70
-1.06511 -10.7112 70
1.48735 -9.17686 70
-8.99305 -10.6538 70
19.8688 -10.7083 70
-0.797216 1.43566 70
0.266119 -11.024 70
0.134607 -10.2145 70
-1.02 0.933704 70
-1.3704 -9.78515 70
-11.2279 -9.70174 70
-0.723397 -9.71847 70
-1.35188 -8.62976 70
-1.39413 8.74563 70
0.0987727 1.10564 70
109.557 -40.1916 70
-0.603287 30.2299 70
19.7058 -30.7774 70
-1.02026 -9.02852 70
0.188428 -28.8806 70
20.1948 11.413 70
8.6372 -0.60714 70
-0.586823 -9.77822 70
-0.860585 -9.65592 70
0.463145 1.20342 70
0.964323 0.985143 70
11.1238 29.3161 70
-0.767762 -9.94523 70
0.358612 0.769347 70
0.113843 -1.1924 70
0.116203 -11.2773 70
0.0370611 -10.5705 70
9.84861 -10.5347 70
1.37846 -9.18558 70
20.4438 -11.0742 70
9.12048 -0.998697 70
-1.11088 1.49384 70
0.359222 -19.9217 70
-11.1931 -8.76783 70
-9.2161 -31.0747 70
10.2319 9.83584 70
1.02586 -11.4333 70
0.490688 -1.10825 70
-11.2659 -8.94134 70
0.840153 -9.07792 70
9.10389 -11.1223 70
-0.978406 -0.97242 70
0.2348 0.594852 70
0.693921 -9.83424 70
0.742505 1.36427 70
9.26151 -1.17694 70
0.266773 -11.0342 70
-0.150678 -9.66742 70
-20.1482 8.92752 70
-40.5687 19.1714 70
-1.42366 -10.885 70
1.43624 18.9753 70
0.216113 0.660002 70
11.3595 8.65982 70
0.0728953 10.6843 70
0.686226 0.582049 70
9.28593 -21.4198 70
-18.9477 -20.1863 70
9.49947 -9.38955 70
20.5458 -29.4713 70
9.35008 -20.0452 70
-10.2484 -10.0757 70
-9.52883 -0.986957 70
10.1567 1.45633 70
-11.1711 -29.6262 70
-0.783904 1.3016 70
49.675 10.9256 70
10.5298 0.0449893 70
-29.6832 19.5699 70
1.49159 -0.922026 70
38.5441 11.2522 70
0.0888656 -0.167637 70
-0.267876 -10.7393 70
-0.433747 -0.976453 70
10.2035 -20.2809 70
-0.585812 -20.7903 70
-8.83224 -9.77541 70
51.0328 -20.3877 70
-21.0177 -49.4789 70
-30.9677 0.0507591 70
-0.933063 8.8583 70
-10.0068 -11.4742 70
-0.508702 -1.4519 70
20.4201 8.99114 70
10.8664 -9.04033 70
9.70494 -9.50892 70
-29.7278 -11.274 70
1.0069 -9.42965 70
20.7982 -39.3823 70
-78.7316 -90.4661 70
-1.45515 -10.2812 70
9.26413 -9.35038 70
-0.0777159 -11.3725 70
0.271462 -9.19995 70
-21.4521 -38.9484 70
-11.4808 -11.1401 70
-0.469086 30.8394 70
9.23743 -0.576875 70
-11.4997 1.19006 70
-0.20065 1.13939 70
-19.9587 0.58907 70
0.110245 0.244478 70
1.25338 1.21515 70
-0.173937 0.727869 70
-21.3632 20.4578 70
-59.165 -20.4615 70
-1.37778 -11.0005 70
-40.0338 1.21739 70
-40.5603 0.580535 70
-20.6986 9.8958 70
0.0870232 -0.914174 70
0.408433 0.735566 70
0.768033 1.06809 70
10.3896 0.71686 70
10.0391 -0.179952 70
0.360023 -9.29731 70
-19.3539 -20.1018 70
-70.5186 49.071 70
-9.85851 -40.2167 70
19.8763 -20.9609 70
9.09733 0.0565128 70
-1.14228 -20.7265 70
10.1997 -9.49781 70
8.69993 -9.702 70
-0.909678 0.332389 70
-0.145704 0.29585 70
20.9067 40.5623 70
-0.774909 1.36391 70
-1.24037 0.633601 70
-20.0015 0.603907 70
-0.112757 -9.13898 70
-0.887608 -9.9258 70
-9.02185 -21.1469 70
11.1243 0.059779 70
20.5548 -9.28028 70
10.4088 -39.1991 70
18.799 9.51983 70
20.2097 11.2752 70
1.49789 -1.46694 70
8.85597 -20.361 70
-21.0732 -19.3229 70
-0.0552321 -10.4508 70
20.6545 9.81578 70
0.317484 -9.36353 70
8.55507 40.5399 70
21.0923 31.0525 70
-0.472486 11.0398 70
1.06856 -9.60043 70
0.536759 -29.5281 70
-0.0734218 21.3202 70
18.5209 1.17523 70
-21.0565 10.4781 70
-0.417121 -10.9297 70
9.19692 9.67228 70
1.3299 8.86552 70
31.0664 -21.2906 70
11.0031 -1.3332 70
1.23045 -8.89163 70
11.4293 -1.14533 70
30.6204 -9.31511 70
-11.1845 -10.6473 70
30.472 50.5147 70
0.106274 -10.5589 70
-0.635745 -10.9596 70
-0.228083 -0.995341 70
11.2517 -9.37677 70
-9.66718 10.1476 70
10.0778 -19.2772 70
-11.4018 -11.3304 70
0.379689 1.4526 70
-20.8878 -59.3966 70
1.05085 -8.80872 70
-0.468895 0.123284 70
-18.54 -10.9223 70
-28.8762 -9.91896 70
0.359219 -10.7425 70
9.07185 -20.3698 70
9.83635 -29.8781 70
19.1723 -10.2109 70
-9.36032 -1.00058 70
10.313 -0.939987 70
1.39579 38.8878 70
-29.0149 -31.4013 70
1.29472 -9.03626 70
1.42418 -9.56593 70
-19.6961 71.1631 70
9.54461 -8.80967 70
-9.77166 -11.3156 70
-0.127671 -31.0555 70
-1.47213 -11.055 70
-10.1921 -8.71443 70
-0.865604 -0.351362 70
-10.5187 0.662143 70
-9.96495 -0.677843 70
-11.229 1.15204 70
11.0231 -11.4237 70
1.05328 38.7358 70
-11.4196 11.1814 70
-11.2618 -9.59934 70
-40.92 -20.2901 70
0.854542 -1.04448 70
20.8387 0.997892 70
-0.0482094 -9.12183 70
0.383549 -8.67641 70
1.41185 28.6375 70
0.496636 -0.521453 70
11.0085 1.48245 70
-0.323295 -8.85904 70
9.63891 -0.819106 70
-9.78954 -1.17879 70
29.0642 -29.7225 70
1.1107 -9.94401 70
-1.00386 -0.925118 70
-0.747179 -10.5497 70
-9.29291 -20.9046 70
10.1888 60.9674 70
-1.13774 -9.47316 70
-0.0750906 -11.0574 70
-0.68747 0.0994141 70
-0.0576232 -0.530633 70
-20.0284 69.7251 70
20.3353 10.6203 70
-0.276228 -10.5689 70
-1.00618 -0.607795 70
69.0852 -10.7586 70
11.1057 -30.8412 70
1.30615 -10.6261 70
8.97834 11.3174 70
-1.14567 -1.4428 70
9.48596 0.923948 70
-8.73822 -10.2813 70
31.4948 -8.54781 70
1.4229 -10.8273 70
-0.662127 0.556257 70
-39.4038 -9.57711 70
-10.3433 -0.834627 70
18.749 -0.820402 70
0.765251 -0.469642 70
20.7417 10.9123 70
-0.458968 0.887644 70
-10.1771 -0.524893 70
-11.3172 -9.26918 70
-1.43537 -10.9753 70
8.69661 -9.09912 70
0.744761 -0.784322 70
49.421 -1.27212 70
9.25791 -0.892685 70
10.68 0.47449 70
-19.8325 1.27901 70
9.28402 -0.361383 70
-0.741485 1.45187 70
-0.230487 -0.511562 70
0.504425 -9.51746 70
-20.027 -11.1001 70
9.24758 -0.214788 70
19.9042 79.862 70
-9.76642 0.313625 70
0.874201 -0.215896 70
21.0067 -1.3411 70
-29.1221 60.8842 70
-31.3508 59.5111 70
-11.2434 -20.5313 70
-19.0028 -9.13718 70
0.316949 -0.641528 70
0.232802 -19.0243 70
-0.300446 -19.21 70
-0.689716 0.403134 70
21.4978 -19.6325 70
-0.800609 9.32471 70
0.536766 -10.671 70
-1.45462 -9.01357 70
0.685045 -10.2103 70
-0.00301319 -20.2743 70
0.0450982 -0.271887 70
0.564041 0.129757 70
-0.905086 -9.05532 70
-11.4687 -0.130452 70
9.2872 -9.64155 70
-1.21382 -8.92602 70
1.30639 -41.4369 70
-20.997 -20.0138 70
-10.5096 -20.3458 70
0.669654 60.2492 70
-0.848199 10.3221 70
-0.229567 -8.83276 70
11.4668 -8.77655 70
-0.162524 -9.63453 70
-9.20647 0.481871 70
-0.546695 -20.397 70
-0.733766 -19.2826 70
-8.7491 -19.0758 70
-10.8606 -20.8869 70
8.95916 -1.43992 70
0.0611117 -0.0501857 70
-19.0735 10.463 70
-0.567338 1.11289 70
-0.913659 -11.0679 70
-20.0023 8.84898 70
0.377185 10.1647 70
0.669767 -1.04847 70
8.61738 -9.16434 70
-11.2294 -8.82388 70
-11.2424 -9.19219 70
0.761098 -10.4297 70
10.4669 -10.6212 70
-29.8709 -30.2972 70
0.781082 -1.3024 70
9.15819 19.7733 70
0.258874 -8.55208 70
38.8109 -19.9243 70
30.0878 -1.21978 70
19.2715 -19.8514 70
-1.24265 -0.927998 70
-0.689594 -9.49991 70
11.0613 -11.1678 70
9.10293 -10.88 70
-8.73079 0.319403 70
-20.4633 9.6717 70
-20.852 11.1765 70
1.15688 -8.90276 70
-0.982048 -19.4018 70
10.6372 -9.00092 70
9.06458 -9.94698 70
-0.19839 -11.1573 70
-10.4701 30.1585 70
-0.293989 1.35192 70
-8.83388 -19.6778 70
-1.27975 -1.48896 70
10.4592 1.16427 70
1.29168 60.3135 70
-1.30847 -10.641 70
0.0380119 -11.1684 70
-0.171884 -10.655 70
1.31009 -0.588891 70
-9.13787 -1.36174 70
-10.7557 1.3549 70
-20.6536 0.979913 70
20.886 -10.8192 70
8.79631 -21.0752 70
9.72374 -0.196648 70
0.860706 18.6759 70
-11.0121 8.64716 70
-9.43585 -19.7818 70
-0.307342 -11.1907 70
29.6791 -29.5438 70
19.9926 21.1135 70
-1.05252 0.476047 70
-11.3696 -10.8903 70
30.0268 -0.0494408 70
20.1906 20.7266 70
1.48532 -0.980309 70
0.96432 -9.40207 70
-18.5283 -0.975617 70
-1.18576 10.3007 70
0.366147 -10.9007 70
8.88835 0.957117 70
1.09167 -1.32726 70
-1.03315 -1.45888 70
9.9622 0.900568 70
9.66787 0.395807 70
0.190777 -20.5196 70
-0.117552 -0.894111 70
9.49877 -0.669469 70
18.7331 8.74299 70
18.6121 -19.749 70
-0.367303 -9.37437 70
0.0456964 -0.245701 70
-0.392683 -10.2717 70
-8.87027 -31.0699 70
-31.0941 -20.7228 70
-30.2243 -20.1868 70
19.4357 -48.7332 70
0.401254 0.1203 70
20.6901 50.9956 70
0.513989 -0.0580272 70
41.1911 -20.9953 70
-9.9708 -10.0243 70
78.8426 -60.9671 70
1.1879 -8.83459 70
0.705776 -8.59378 70
-1.46137 -10.8614 70
9.05941 -1.36194 70
-0.797851 9.32172 70
-1.36486 0.703564 70
29.8861 -31.1037 70
-11.2507 -1.10946 70
-1.46861 -1.4282 70
10.3258 -0.520594 70
10.2208 -10.8309 70
-30.8595 -28.6685 70
-9.25255 -8.57257 70
-1.11897 1.01612 70
10.7738 -9.71912 70
9.4342 -20.2863 70
9.42923 -11.3321 70
29.6631 -19.8254 70
-9.05621 -19.4209 70
-9.263 -0.999686 70
10.8553 -40.3611 70
0.097198 -9.9263 70
20.1431 -40.8283 70
0.0899319 -9.60171 70
0.191928 0.17093 70
1.28225 50.2033 70
0.0153217 10.8046 70
-9.45053 9.10702 70
10.4481 1.31022 70
0.0867629 -10.5944 70
20.1611 -19.9361 70
-0.94677 9.25109 70
-10.2888 -0.170962 70
-9.42445 0.619611 70
0.578272 -10.3657 70
-0.980277 -8.99213 70
0.638849 -8.80058 70
-0.861533 0.713698 70
0.555937 -20.4664 70
-0.689505 -9.49873 70
-29.3907 0.663833 70
9.49918 -0.532693 70
-0.185687 -1.44614 70
18.5695 -51.2684 70
1.38891 -8.72106 70
0.181235 -8.74161 70
0.303285 -10.5575 70
0.443387 -9.40737 70
0.733921 -10.6659 70
0.577743 0.600103 70
-10.5301 -18.8466 70
0.736293 1.11823 70
-9.02166 -10.7302 70
-9.41391 0.232109 70
9.95176 9.11232 70
-1.10914 0.0215422 70
-9.38094 -11.2986 70
-1.40872 -0.0066227 70
-0.815936 1.11074 70
-0.0892595 1.44655 70
-1.21765 0.166999 70
-0.0723695 -1.23708 70
10.8159 -10.5326 70
0.913071 -9.56485 70
-0.653235 -1.43958 70
-0.444752 -1.07751 70
1.48833 1.21784 70
-8.73471 -0.424067 70
-9.01082 29.8159 70
10.7488 -0.355106 70
-0.642849 -0.378577 70
11.3427 -9.8235 70
-39.9157 0.873767 70
-1.06774 -10.6537 70
0.235807 -9.07915 70
-10.3141 1.44993 70
8.7699 19.6097 70
1.20185 -11.0443 70
11.1665 -11.3915 70
-1.0876 1.36659 70
-0.646845 -0.306979 70
-10.5818 30.8317 70
41.0796 99.6127 70
-1.15702 10.9627 70
-0.671457 -1.13471 70
-9.17267 0.945964 70
0.1724 -41.3589 70
1.10727 -0.336943 70
-1.09848 -1.13411 70
-10.1136 -10.1751 70
0.997196 -8.6729 70
10.9197 0.384851 70
1.1899 -10.4608 70
10.7201 -0.0539511 70
0.222026 -9.62143 70
9.45787 -9.61168 70
-0.0922308 -0.367866 70
-1.02845 -11.1098 70
8.95716 0.620187 70
-1.08285 0.315574 70
19.045 1.12865 70
0.132387 -11.0863 70
20.832 -89.3069 70
-1.10341 0.319671 70
10.7322 -9.1698 70
0.870227 1.2835 70
19.8455 -9.99652 70
-9.71701 19.282 70
-0.0591048 19.143 70
0.575927 -10.9747 70
0.370307 -0.847325 70
-9.02107 11.3777 70
-31.4201 -60.0212 70
-0.919432 -50.3142 70
10.5169 -9.6247 70
9.18959 -9.51501 70
-0.0074304 -10.9517 70
-8.68298 1.4397 70
29.8496 10.8255 70
-8.70493 10.2497 70
-0.703566 -9.90907 70
-10.9412 -0.955137 70
0.541346 0.192634 70
-30.8125 -8.91144 70
-0.855458 -10.5898 70
-9.78894 0.255329 70
10.7288 0.187645 70
-0.988831 -9.15618 70
9.29989 -1.28725 70
9.99399 -1.2288 70
-1.20135 -0.272725 70
1.39047 -8.6074 70
9.98579 -9.37256 70
10.5925 -9.05836 70
-10.0327 10.2867 70
8.70116 -1.09247 70
-0.553597 -20.6057 70
1.43462 -0.849862 70
8.81721 20.7628 70
-0.492755 -10.3894 70
20.7424 -10.2701 70
1.00634 -10.9792 70
0.990353 -8.7392 70
-0.762069 -11.4833 70
-11.1891 -0.892921 70
10.6617 9.92145 70
-0.420092 1.09803 70
-20.9706 -9.0053 70
20.3961 9.21187 70
-1.11532 -9.09405 70
0.706571 -1.22928 70
10.3454 -21.2111 70
-1.2132 -1.0195 70
0.544428 -1.32562 70
-8.65946 -8.91587 70
1.45751 -1.31244 70
0.330536 0.186224 70
0.339613 -10.1954 70
9.83996 -9.17591 70
-0.0293109 -1.23553 70
-10.5915 1.32557 70
-0.454048 -9.6923 70
0.63478 -8.96693 70
0.866274 0.522369 70
-1.0733 0.140349 70
-68.7078 10.4841 70
-68.7818 11.1185 70
0.507985 -99.6288 70
9.77416 -0.13 70
0.682007 -10.4501 70
0.927701 -10.8814 70
10.222 9.15613 70
-1.44885 0.080688 70
-0.624377 0.997135 70
0.448069 -10.9744 70
-0.569592 -20.3308 70
19.8494 -0.212932 70
19.1026 -41.3187 70
-1.09133 -10.4334 70
-1.08841 -31.419 70
-0.249548 -10.4692 70
1.17372 -9.14183 70
-0.485266 -10.0012 70
-9.89586 -20.6943 70
11.381 -31.1242 70
9.71172 -0.582894 70
8.70084 1.29365 70
-9.50746 -19.1383 70
-9.09848 10.2793 70
-0.616743 0.237768 70
9.22166 9.34311 70
8.54515 0.129845 70
-0.130622 -9.81074 70
-40.2794 28.7801 70
10.0858 -9.65947 70
9.10122 0.316001 70
-9.13201 -9.13244 70
1.04998 1.06839 70
8.98166 -9.96652 70
-9.0094 -9.5327 70
0.54093 0.146038 70
29.6311 10.5375 70
9.38986 -21.1105 70
0.962195 -0.100964 70
29.596 -9.87924 70
-0.00709507 -10.647 70
-0.539634 -1.13779 70
0.179148 -0.719212 70
-0.741405 -28.6274 70
1.2908 -1.21485 70
1.1451 0.502793 70
0.0965411 -9.66969 70
-0.606138 11.2083 70
-10.6142 -0.311118 70
-0.940792 1.29364 70
-0.271022 0.0870297 70
0.567993 -9.48436 70
-1.26377 -1.19806 70
-20.0664 -21.333 70
9.21043 -0.592584 70
-11.1034 1.03135 70
-1.12792 10.3703 70
-11.3767 -10.6921 70
-30.7731 50.8069 70
0.355139 -8.52481 70
0.317134 -0.457318 70
-9.13593 -9.604 70
18.7423 10.5524 70
10.9296 -1.26767 70
-0.725777 -11.3359 70
19.1099 -50.4485 70
-20.6272 18.7073 70
-9.69219 -9.31875 70
0.328928 1.42347 70
-0.220748 0.607959 70
0.0729418 -11.0484 70
21.1778 -10.8271 70
0.562889 -0.760072 70
0.797087 0.168384 70
0.7199 -0.81308 70
8.83062 0.756837 70
-1.10586 -11.3463 70
0.941418 0.909504 70
-10.2595 -9.97761 70
-11.34 -0.220534 70
20.152 0.189948 70
0.956975 -1.31986 70
-20.6285 41.0533 70
10.9739 -30.6678 70
9.61075 -30.8976 70
9.35669 -0.727042 70
-19.1352 -18.571 70
19.8352 -9.42535 70
20.5595 -11.2014 70
0.845041 -9.98925 70
0.581206 -1.20169 70
10.8846 0.153347 70
-1.03235 0.46416 70
0.537315 -1.2168 70
-8.99209 -20.2769 70
1.45465 -19.6995 70
0.520798 -9.67849 70
-19.8489 -19.7141 70
10.5614 -8.92225 70
0.83206 0.248311 70
-1.19659 -19.3577 70
-1.12212 -11.1934 70
-0.541525 -8.78597 70
-0.0419553 -8.96978 70
78.7378 9.12664 70
79.473 10.3866 70
-1.16455 -19.9971 70
1.13624 0.773364 70
-1.49182 10.2777 70
-0.0123247 -11.3606 70
10.9535 -9.04885 70
-0.207062 -9.12501 70
8.91638 10.0543 70
9.30968 -10.6424 70
-9.01738 -29.5122 70
8.6765 8.81917 70
0.056313 -19.0075 70
0.978016 -1.05231 70
-10.7807 -8.67441 70
10.6444 -0.439165 70
1.05722 -10.8973 70
19.5153 -0.870137 70
19.5151 0.470814 70
-8.7583 -11.4236 70
0.698559 -1.38325 70
0.291204 -10.7935 70
-11.042 0.856473 70
-0.642214 -9.80301 70
-11.3923 1.19545 70
-11.0568 0.151987 70
-11.2671 0.727889 70
0.307476 1.21082 70
1.40629 0.829656 70
-0.651382 -9.97866 70
18.5241 -9.71873 70
-8.80295 30.1098 70
10.6977 -30.7328 70
-11.0072 -0.725599 70
1.49729 0.504543 70
-11.114 -10.4526 70
9.40906 -0.889269 70
-0.315154 10.6714 70
0.541022 18.6597 70
8.67495 -21.2493 70
1.2822 -9.2438 70
9.95175 0.880487 70
-1.36602 0.196469 70
0.647956 -19.4025 70
9.04217 -0.242182 70
-0.150378 -0.100431 70
10.1098 1.4935 70
-9.19784 0.576027 70
11.3575 8.8714 70
1.00085 -11.1529 70
-0.955281 11.3297 70
0.29805 -0.517122 70
9.63705 -1.26385 70
10.7425 -8.84043 70
-1.39976 -0.884504 70
10.1331 -11.0271 70
-0.00374561 -10.4524 70
9.41819 11.3318 70
10.5794 -10.3563 70
9.35392 1.41667 70
0.195278 -9.21167 70
-8.63106 -9.94282 70
8.89733 0.0388644 70
-1.07983 -0.532738 70
-19.1134 -9.44488 70
0.172915 -0.103722 70
-0.545644 -0.656517 70
-21.4389 -10.8928 70
1.3764 -0.346148 70
-39.1679 1.3912 70
-0.00637806 -19.6188 70
-1.05574 -29.8446 70
0.276601 1.41812 70
-0.276258 1.27673 70
