0.330045 0.0700238 70
9.02665 29.6821 70
9.21588 9.79778 70
-0.982475 -1.09989 70
19.4361 -31.0498 70
-0.745471 0.73939 70
-1.30552 -10.195 70
-0.150645 8.85557 70
9.75247 -0.798334 70
1.22203 10.7436 70
10.2762 -0.677336 70
1.14254 0.517478 70
1.11883 19.624 70
0.651683 18.7447 70
0.603262 -0.654383 70
-1.27757 0.887285 70
1.49857 1.48969 70
-0.883751 0.0585085 70
-0.99613 -8.64636 70
-1.12312 0.369091 70
-9.18885 0.983166 70
-0.474431 -0.374708 70
29.1137 -29.7066 70
18.7871 -0.0134564 70
-11.3123 1.27855 70
1.02376 0.288217 70
10.567 -11.3303 70
-0.353648 0.333588 70
10.6053 -0.437664 70
-1.31913 -0.351443 70
-0.492165 10.966 70
-0.53487 10.0981 70
0.743055 11.1521 70
8.81316 -0.92659 70
10.648 -1.11295 70
-9.31549 10.3162 70
0.160603 1.47174 70
10.0893 1.20673 70
18.5844 -0.143225 70
20.1533 0.531517 70
19.4282 0.647559 70
-10.471 -0.776024 70
-0.373169 0.209966 70
11.0126 11.0784 70
-10.2421 0.584773 70
-10.6957 -1.49462 70
8.50334 0.901144 70
20.6828 11.2089 70
-0.728361 -0.252104 70
-0.403413 0.263936 70
10.6543 0.0516889 70
0.359157 11.1508 70
-0.302168 1.1389 70
9.91198 1.35028 70
11.4518 -1.0424 70
-10.0329 0.257336 70
9.39806 9.72593 70
-30.0098 -70.145 70
11.0895 0.97308 70
10.834 9.54013 70
-0.317523 -10.795 70
-10.4802 -0.661125 70
-0.219934 0.144034 70
8.73361 1.17577 70
-0.318191 -0.353909 70
8.79661 9.68633 70
-9.12435 9.441 70
0.739142 8.63688 70
-1.2891 0.410717 70
30.8497 1.40806 70
-0.992144 -1.3142 70
0.315943 -0.175774 70
38.6917 -60.9063 70
1.09201 -11.493 70
-0.893059 10.6499 70
-10.6461 9.24941 70
10.2945 8.60863 70
-19.9956 -0.238255 70
9.40568 11.1574 70
18.6872 -0.850065 70
0.947549 1.41806 70
-8.63334 -10.2195 70
-0.833388 -1.26397 70
0.854855 1.19757 70
0.0622309 8.69154 70
-1.35651 -8.78515 70
1.4526 -9.66473 70
0.0982179 -0.906891 70
18.6345 -20.2183 70
0.957132 0.122698 70
1.17828 1.22303 70
0.362864 -9.98645 70
-11.0678 -28.6088 70
0.317071 -10.6387 70
-1.42935 11.2494 70
-21.3273 -11.4774 70
21.4732 -10.0726 70
9.95265 0.459014 70
8.60115 1.06287 70
0.90712 -1.33337 70
-0.820685 -10.305 70
-11.1135 1.40154 70
0.413941 1.22926 70
10.1143 0.541819 70
-1.47437 0.505045 70
-31.2266 -18.6304 70
-0.0138618 1.24593 70
0.305291 -0.773724 70
30.1289 -10.6061 70
29.1826 -10.2891 70
-10.1802 21.2541 70
9.37747 11.4018 70
8.5477 9.59903 70
9.51743 9.85223 70
9.33164 1.19715 70
10.4299 10.005 70
11.3605 -10.2754 70
68.5589 -78.6906 70
0.0562274 -10.9228 70
-0.308418 0.0454786 70
0.0984613 8.69395 70
-1.2581 9.57604 70
0.452969 9.47564 70
-0.880807 -21.2871 70
-0.645492 10.7294 70
11.4219 -10.788 70
-1.09778 10.0302 70
19.4297 10.1557 70
1.02022 0.0208002 70
9.2748 -0.724863 70
-0.368726 -38.7963 70
-39.8397 -8.79771 70
-9.09568 0.695657 70
8.54378 -11.2659 70
0.355118 10.8675 70
10.9696 -9.262 70
11.463 0.325824 70
-9.98052 -0.237569 70
-9.65107 -10.202 70
-9.43519 9.86126 70
11.1841 -11.0963 70
-1.27403 0.632361 70
30.3341 -10.6418 70
-10.8114 -19.2978 70
-19.6173 0.0952982 70
10.2821 10.472 70
20.7424 18.5484 70
9.43153 0.0537125 70
-1.44412 0.0954161 70
-9.14853 9.90318 70
9.21782 -10.7821 70
-10.8871 -1.20894 70
-9.25822 10.9378 70
10.9552 -1.10394 70
-0.360148 -9.64877 70
0.510514 -11.2921 70
0.763194 -1.20546 70
-0.341723 0.729269 70
59.6166 -50.1112 70
1.37894 -0.97976 70
9.18096 -0.0964977 70
11.0389 -1.38405 70
-0.761771 1.24232 70
-0.47101 0.60877 70
-1.40159 -21.2616 70
-10.373 -0.433058 70
-1.00463 -70.6591 70
0.698679 -10.2879 70
19.3658 0.85487 70
10.9492 -0.592173 70
0.702261 0.262145 70
20.7667 9.30351 70
-11.2429 0.577531 70
-1.37309 0.0804403 70
1.3298 0.120403 70
9.86744 -1.29132 70
11.1593 0.0809939 70
0.40115 0.441023 70
0.475734 10.1006 70
19.7181 -1.06485 70
9.99739 1.0339 70
19.8668 8.97673 70
21.071 9.64184 70
10.5432 -0.638994 70
50.4972 -29.2799 70
10.2091 -0.853741 70
0.122176 -0.243877 70
-20.4214 10.2501 70
-9.1788 -20.9702 70
-0.168309 8.60925 70
-20.1168 -9.63928 70
-0.685807 0.257774 70
0.506145 0.430386 70
11.3064 19.8318 70
-40.0206 30.4627 70
0.103678 9.41692 70
0.534448 1.01039 70
0.660231 -1.08613 70
10.3481 -1.28769 70
-19.172 31.3615 70
-20.9528 30.7185 70
-18.7139 29.8009 70
-8.5655 -0.438998 70
0.772327 0.0196387 70
-19.5886 0.777529 70
0.24951 0.371613 70
0.204172 -0.233748 70
9.37108 10.8205 70
10.1264 8.50284 70
10.0367 1.35896 70
-1.1263 -0.541916 70
0.707055 1.4474 70
1.47531 -10.1781 70
0.317987 0.00194373 70
9.71822 -0.456394 70
10.4707 11.2048 70
9.30755 10.2037 70
-0.500791 8.69669 70
9.72381 -10.0648 70
10.9988 -0.443366 70
9.26656 0.964724 70
9.35951 0.525868 70
1.14646 10.119 70
-0.0782189 10.0031 70
-0.427874 0.747417 70
10.2781 19.1647 70
-20.3216 -11.1588 70
8.99192 -0.43845 70
0.020912 9.34771 70
-1.29381 11.0021 70
0.108847 -10.8558 70
-10.0801 1.42537 70
-9.33467 -1.08511 70
11.1379 -1.19275 70
10.0215 10.4966 70
-0.0146332 1.00398 70
8.79066 1.07085 70
30.7531 0.587499 70
8.90233 -0.340066 70
-8.7356 19.9716 70
-9.97042 -8.56373 70
19.6478 19.0752 70
20.4002 20.0732 70
-10.4487 0.748257 70
-0.23071 9.94636 70
-10.5049 19.551 70
-0.291534 1.05603 70
1.30378 0.0535371 70
-8.71561 9.05876 70
-0.23349 11.431 70
11.0311 1.3156 70
8.87075 0.167531 70
-0.839682 1.43892 70
20.2727 10.2427 70
10.1147 8.95119 70
8.90901 0.5891 70
-9.88521 9.62764 70
1.14702 10.5915 70
0.257556 9.15322 70
-0.403421 8.70913 70
11.4991 -9.88846 70
-0.0400937 -0.75663 70
10.7315 1.3534 70
-10.8288 -0.470614 70
11.3307 1.30276 70
8.55564 11.4688 70
10.4788 11.2092 70
50.5414 51.0613 70
0.299061 -10.4661 70
-1.25027 11.2752 70
1.1414 0.955226 70
1.3227 0.470396 70
69.5153 21.1524 70
19.7281 0.848243 70
10.9218 10.4905 70
-11.309 20.4984 70
30.6482 30.405 70
-1.31598 0.672899 70
10.5038 0.374591 70
59.2703 -89.6582 70
19.4318 -0.171254 70
20.2972 28.5512 70
-1.10317 1.21283 70
-10.8845 -31.4514 70
1.01869 10.665 70
-20.621 -8.77069 70
-39.7224 -10.3238 70
-10.3917 0.0798469 70
-1.34531 0.636924 70
-20.9672 1.26043 70
-0.846116 9.59714 70
19.7909 -8.60033 70
-9.75521 0.546025 70
1.42378 -0.195667 70
0.849438 8.97311 70
-9.47609 -0.16536 70
10.4872 9.93196 70
20.1196 20.109 70
-0.672202 11.0572 70
-78.5955 20.6001 70
-0.91248 0.504299 70
-1.36937 1.13006 70
1.18715 -10.3973 70
-9.28557 -10.1446 70
-0.245731 0.618072 70
0.000656159 -0.188926 70
10.8067 30.2486 70
-0.284939 9.76925 70
11.3942 -0.337071 70
9.04803 10.471 70
31.3756 41.4998 70
-49.5289 -40.2464 70
11.2445 -0.0384532 70
-1.27353 19.8056 70
10.935 -0.732728 70
10.1538 29.9074 70
9.91581 -0.420704 70
21.4852 18.6051 70
21.412 19.9262 70
1.37454 -11.1137 70
0.237329 -9.06207 70
0.326885 -1.05907 70
-10.5352 -21.2427 70
8.85919 58.9978 70
10.1966 0.433323 70
-9.3238 19.4808 70
-0.784154 0.51981 70
10.1828 19.7086 70
18.5704 9.31609 70
9.4586 -1.25627 70
9.55697 19.7434 70
-10.8173 -21.3376 70
-8.75443 1.19469 70
-10.8363 -0.922777 70
-20.2671 -28.8021 70
-20.4941 -31.2744 70
-0.673867 20.9544 70
1.48572 -21.3099 70
9.66503 -10.9401 70
1.32147 0.183345 70
41.0005 38.608 70
-19.9634 -9.93728 70
-0.707938 -0.673296 70
11.2496 -1.27047 70
10.6042 -8.83133 70
9.74349 -8.76326 70
21.0033 -18.8221 70
-9.9252 -9.52414 70
0.780955 9.81882 70
-20.8699 -8.88319 70
-0.649037 8.92287 70
-8.92907 -9.54297 70
1.46532 9.5809 70
-10.9809 21.3967 70
10.9783 9.96554 70
-0.581618 -8.94951 70
0.522448 -8.97727 70
-9.81663 29.4838 70
0.653443 -0.858617 70
19.8702 0.714032 70
59.1076 -10.4647 70
-10.6355 9.83286 70
9.48635 -1.32512 70
-0.617842 1.46955 70
10.0241 -0.0230041 70
41.1867 -40.8644 70
-0.510696 -19.9027 70
10.334 0.110247 70
0.625172 0.953627 70
-9.53205 9.87746 70
-0.344736 -8.59555 70
10.4309 8.84105 70
1.04048 0.842643 70
9.73687 -10.2541 70
20.6644 -1.05517 70
-21.2842 9.34798 70
0.598235 -1.24687 70
9.70935 -0.733925 70
89.8238 79.2339 70
90.7159 -71.1704 70
49.2831 51.0133 70
-11.3864 20.1386 70
-9.89819 -0.0493763 70
-1.09117 -9.47649 70
0.80661 8.58642 70
-29.788 -19.6762 70
-9.23575 0.841069 70
19.7882 -31.373 70
-29.2453 -1.11749 70
10.4869 -0.598776 70
-19.7663 10.0603 70
0.919828 -1.47449 70
0.463011 -0.775001 70
11.2794 -11.169 70
29.3669 -10.9409 70
18.9681 9.53161 70
-1.1288 -0.0765515 70
0.99025 0.851128 70
9.31538 -18.5992 70
-0.385082 0.30674 70
0.0206644 30.6417 70
10.7346 -0.83047 70
50.5662 30.0016 70
10.5392 -10.4422 70
10.16 -9.40169 70
0.282621 1.43903 70
1.33849 0.333704 70
-9.93193 9.44421 70
-11.4992 8.88794 70
1.05255 0.76805 70
-1.40263 0.524365 70
51.471 29.5937 70
0.19067 0.00613034 70
20.3728 -0.441173 70
11.3326 -11.466 70
8.64377 -1.448 70
20.478 0.43755 70
20.4588 1.26733 70
10.0576 0.629959 70
20.971 11.2695 70
-9.87379 8.5241 70
-0.372563 71.3104 70
-10.9704 -10.0542 70
39.5631 -18.7114 70
0.837883 9.00871 70
19.5393 -1.09545 70
-19.2156 1.33016 70
-0.727691 0.984668 70
-0.478006 1.33676 70
1.33592 -1.24077 70
-8.68228 -10.7001 70
-31.2104 -9.51676 70
40.3722 48.9421 70
-8.92999 -19.2321 70
-0.181911 0.986745 70
-9.50551 -0.365167 70
-0.716661 -9.33359 70
-0.581322 9.51182 70
-1.22623 18.8147 70
0.987773 0.5461 70
9.44741 -9.3588 70
1.18927 0.89201 70
9.75641 1.03499 70
0.451784 0.287142 70
-9.19842 0.848822 70
-10.0142 20.1275 70
0.304314 -0.736493 70
0.351388 0.675506 70
-0.0736131 -0.742222 70
-0.502472 -1.2756 70
-39.5623 -30.4085 70
-40.1453 -29.0435 70
-10.4433 10.5962 70
19.3685 20.0265 70
0.120931 -1.35585 70
-1.02007 -0.990084 70
-0.866104 -1.19137 70
11.3063 0.226799 70
-10.682 10.8845 70
20.7318 -0.492172 70
20.0143 -0.0227001 70
20.0242 0.782176 70
20.1961 10.5838 70
0.555574 0.521617 70
9.12812 -0.0716902 70
1.45112 19.2431 70
0.0438715 0.170056 70
0.311138 0.370459 70
-1.09976 19.1092 70
9.19354 0.118487 70
28.8706 -9.39027 70
11.2657 0.0948622 70
8.55724 0.447404 70
-8.50668 9.83472 70
-48.856 -58.8514 70
0.00917636 -0.217945 70
-0.458923 -0.37822 70
9.37148 0.894196 70
9.20391 0.427268 70
0.845841 10.5793 70
-19.9672 -0.134509 70
0.101918 -20.5143 70
-0.195885 10.7478 70
-19.6742 10.2851 70
-9.30208 9.9217 70
-8.87071 -0.0347793 70
-8.99146 0.702193 70
9.75824 0.822332 70
18.7525 -11.49 70
30.7449 30.844 70
-8.60821 1.16262 70
-10.3853 -1.02504 70
-0.832169 -1.00226 70
1.35777 -11.3268 70
31.3838 0.465361 70
10.6611 -11.197 70
-1.10022 1.41446 70
-0.0854253 0.0349645 70
10.7052 10.8419 70
1.10695 -9.14472 70
-10.3863 10.0365 70
1.10218 10.8377 70
-1.15214 -0.346569 70
0.760609 -0.740247 70
11.1723 -0.0172338 70
-8.7591 -9.17284 70
9.09896 -1.20434 70
-0.732034 10.4358 70
1.17687 1.046 70
9.40904 8.8678 70
9.21418 18.5378 70
11.1438 9.12143 70
-1.15764 21.0046 70
11.0858 9.68691 70
-0.975718 -0.246796 70
-0.336717 -1.18725 70
-9.05494 -0.232736 70
-1.36902 -0.936561 70
-1.219 9.66064 70
29.7318 11.1532 70
-0.0653452 -10.4841 70
11.2043 0.108633 70
19.5589 -8.6922 70
20.6864 -9.62431 70
-0.339689 9.23566 70
-11.1421 -21.2987 70
9.39909 1.283 70
1.08794 -29.4345 70
0.873926 1.45564 70
-0.852451 -0.687028 70
-8.80503 0.805748 70
0.420216 39.6152 70
8.50523 -18.7794 70
0.124418 -1.22307 70
-10.894 -10.9256 70
19.444 -20.6123 70
11.1101 9.21165 70
10.4197 9.87416 70
0.0493619 0.831164 70
1.2881 0.957562 70
-1.03924 -1.22561 70
28.7318 -11.1891 70
0.335862 -9.78042 70
0.383138 -10.3422 70
-0.180011 -1.26824 70
-0.513438 0.0950265 70
9.95425 -0.643848 70
9.3137 11.488 70
11.3511 9.09847 70
10.0916 -9.31388 70
0.233373 10.5325 70
10.3288 0.563279 70
10.2099 -1.17671 70
0.875142 1.0095 70
8.50847 1.42433 70
1.25117 -0.644461 70
10.6303 1.38809 70
8.74073 0.568748 70
39.9203 -18.6526 70
19.1701 -1.10643 70
10.5252 9.69512 70
-8.74704 -1.18906 70
1.03784 -0.229879 70
-100.542 59.568 70
8.66883 -1.33244 70
11.1667 -20.4315 70
20.5755 10.5409 70
9.78693 -9.5473 70
9.62671 -11.1508 70
20.3563 -1.10686 70
10.3772 0.818733 70
-1.39203 -21.2268 70
-1.29769 1.16157 70
-0.451176 -0.512601 70
-0.716426 -31.0303 70
-0.943639 -28.5279 70
28.7983 11.4683 70
0.0877767 -19.4522 70
20.5908 -10.2358 70
19.3083 -10.3066 70
1.27977 1.08226 70
0.710636 1.47466 70
-0.433956 -0.643524 70
49.7265 -40.9846 70
0.10103 1.47275 70
0.805738 -0.552834 70
21.2279 -19.974 70
19.0848 1.21659 70
20.7818 -1.38234 70
20.2594 -1.46701 70
-10.0338 -10.3242 70
20.8195 -8.78061 70
0.600783 1.14777 70
-1.48207 0.546288 70
-0.125793 1.01336 70
28.9652 20.6223 70
11.0249 0.909188 70
0.785857 0.777733 70
1.35704 -0.843974 70
-0.457532 11.14 70
1.11644 1.38548 70
-1.26936 11.01 70
-0.929878 -0.592853 70
-9.65768 1.29456 70
19.1264 8.7318 70
-40.1105 -0.340419 70
0.557233 -20.227 70
0.611818 -0.807623 70
1.4828 0.257452 70
9.14219 -1.08213 70
0.758704 -0.91705 70
-0.706003 1.45559 70
1.33142 10.593 70
20.9079 -21.4822 70
0.903702 1.03992 70
0.682926 10.5937 70
-9.1625 0.614918 70
8.5182 0.800403 70
10.2371 -0.0552554 70
0.74605 -19.5177 70
-0.816787 -1.43928 70
0.0377403 0.741534 70
9.1328 10.6549 70
-21.0995 0.969 70
-9.87899 29.6867 70
10.2639 -10.4781 70
0.878664 -0.854113 70
0.426619 -18.8181 70
11.0432 1.35447 70
-49.3068 9.45299 70
10.799 8.82915 70
30.8374 41.2269 70
0.124964 -0.579423 70
20.0802 -0.487796 70
9.89111 11.2304 70
-0.297177 0.196923 70
0.889756 10.9983 70
0.755721 10.9399 70
59.6661 -60.5325 70
-19.081 -10.472 70
-0.99946 0.613307 70
-0.291516 11.3185 70
9.72239 -10.2337 70
18.8832 9.30033 70
10.1577 10.6851 70
0.130256 -1.08288 70
11.4355 -0.245859 70
20.4524 10.1468 70
8.57998 9.52906 70
-1.27252 0.705394 70
20.8245 1.26738 70
1.2343 9.65812 70
0.602602 11.0177 70
10.5606 -9.96602 70
9.16308 -11.1415 70
21.3957 9.64282 70
19.3372 10.7388 70
11.3867 -19.4663 70
-0.0404189 19.9324 70
1.30022 0.400942 70
0.0469074 1.48811 70
10.9736 10.9487 70
-1.15022 1.20388 70
-0.521754 0.980826 70
29.3532 -98.9372 70
0.834327 1.33146 70
-1.13321 0.363355 70
-0.358658 -0.563604 70
0.557277 -0.68401 70
-0.541723 -30.3603 70
11.1027 -0.0499557 70
-0.767355 0.168559 70
20.7704 -11.2229 70
0.382455 9.31779 70
-19.1955 10.6409 70
19.6966 10.8749 70
49.2064 19.7177 70
0.45253 0.785022 70
-0.218354 9.9012 70
-18.5926 39.4696 70
-1.1199 0.126556 70
10.0371 11.1963 70
8.95002 10.0305 70
-18.8668 -51.287 70
-0.519514 -1.39262 70
-0.331374 20.0675 70
0.470207 0.772671 70
8.55961 -9.17009 70
-38.9187 19.8271 70
-1.33384 -11.1005 70
-50.3828 -40.6836 70
-39.9991 79.7033 70
0.651728 -0.13859 70
-0.0650242 1.27146 70
0.307498 -0.840751 70
-41.0636 31.2155 70
8.71372 -1.23985 70
-8.67571 -18.8975 70
8.59285 -9.72703 70
10.535 20.6823 70
0.597942 -0.926261 70
41.2803 -0.757149 70
-1.32775 11.4267 70
11.3082 -9.1265 70
9.43423 -9.1912 70
0.536467 -0.924379 70
0.425112 -0.114229 70
-29.6134 -1.27955 70
21.0013 28.7228 70
10.2186 -0.328371 70
0.585588 0.866091 70
-0.681837 1.28745 70
-0.0705682 -0.0538228 70
19.7145 9.30623 70
-1.37491 -10.1054 70
0.423536 -0.0343975 70
9.03885 9.06109 70
-0.71801 -1.17335 70
-0.352263 9.83408 70
8.66388 1.35304 70
-1.07158 -0.0889555 70
-1.40725 -10.7681 70
-0.711114 0.449881 70
10.7255 40.6002 70
59.2488 41.1468 70
-10.9258 29.2095 70
-10.1939 28.871 70
0.270132 0.484711 70
-0.533856 0.792136 70
80.0078 70.1684 70
10.5499 -0.509653 70
0.948268 0.18131 70
10.2952 9.38944 70
10.0227 -10.392 70
0.429126 -10.2603 70
0.42295 -11.1825 70
-0.302505 1.20271 70
0.490933 0.11151 70
10.7342 -18.7447 70
0.727284 10.7056 70
9.96108 1.23131 70
-0.369206 -11.0135 70
-8.88844 1.35258 70
11.1343 10.6244 70
-0.434211 0.442953 70
1.40807 -0.364851 70
0.386491 -0.954637 70
-9.02571 9.73615 70
-9.90441 10.7939 70
-10.7984 10.2216 70
-1.40227 -0.898326 70
21.1511 49.167 70
-21.4508 9.30483 70
10.9318 10.265 70
10.3628 9.89735 70
1.01683 -21.3001 70
-0.381667 -20.6661 70
1.23771 9.25737 70
-11.2693 10.9073 70
8.66902 1.026 70
10.86 0.483764 70
10.1247 -0.977046 70
-1.37596 1.18647 70
10.4905 1.46031 70
-21.4529 -10.4119 70
-0.288681 -0.000509036 70
20.5969 11.4318 70
18.856 9.98639 70
-8.9906 1.25171 70
30.7029 9.40794 70
-18.8173 0.883355 70
-1.48501 10.3102 70
30.4481 -9.48827 70
20.4912 -9.70642 70
19.9303 -9.29012 70
-31.2641 21.3511 70
-0.942302 0.316737 70
-11.1876 19.3293 70
-0.464978 -0.598503 70
8.70805 20.7282 70
1.14883 -0.776193 70
41.4985 18.5407 70
31.1765 11.0515 70
1.09563 -11.0253 70
9.45483 -9.68315 70
-1.22104 -0.9645 70
-40.6034 20.7487 70
-1.19522 -1.21183 70
29.382 1.26947 70
9.68746 1.25623 70
1.29831 10.9751 70
-1.01594 -9.96042 70
1.41824 -10.1089 70
-30.6561 -38.9061 70
-0.460092 9.90694 70
0.780598 1.37204 70
-0.0891324 1.06819 70
30.9611 -41.3348 70
-0.84804 9.54127 70
20.8639 40.8119 70
0.993898 11.3802 70
-0.97035 11.0881 70
0.386989 -0.635129 70
0.399927 -10.3248 70
10.2862 -0.959251 70
-1.24036 10.3202 70
-0.873492 -1.27492 70
-31.4894 0.540514 70
10.4184 9.03381 70
39.9174 10.3455 70
10.0182 -1.18779 70
9.53168 -1.12738 70
