0.332964 0.985507 70
8.57347 40.5666 70
-9.63543 -10.7364 70
-9.3181 0.220445 70
0.322129 -0.526082 70
0.483209 1.39082 70
0.158022 -0.816888 70
-0.132728 0.847033 70
10.2692 21.0862 70
-10.2175 -20.8775 70
-1.35018 0.803885 70
0.66571 0.875783 70
-9.07992 11.1663 70
9.31562 11.3464 70
-1.21161 0.418703 70
10.9639 19.8722 70
-20.6242 1.42986 70
-8.90104 10.2826 70
-0.443523 0.00535284 70
-19.7801 -11.34 70
9.27398 1.22157 70
10.511 -1.04196 70
9.75511 19.9947 70
-11.0843 -9.90047 70
0.138658 -1.13733 70
1.24091 -10.7379 70
-0.0829362 -0.695691 70
-1.00163 -11.4732 70
-0.58085 0.821148 70
8.60632 -0.852323 70
9.453 -10.2063 70
-0.375418 0.0591443 70
0.388136 -9.55138 70
-1.07006 -0.905719 70
-0.185068 -0.708568 70
20.8106 -0.686237 70
9.82422 -0.714341 70
19.7151 -10.2914 70
0.469665 -19.4548 70
0.246348 -0.420975 70
10.7258 0.78313 70
10.2749 -10.4833 70
9.51085 10.0466 70
0.0379239 -10.8605 70
-1.39716 -0.0066956 70
40.4517 -8.54214 70
-1.13896 0.552682 70
1.47339 -0.420208 70
1.36646 0.125076 70
9.77723 -1.07979 70
10.9455 -0.947849 70
-0.635368 18.5757 70
-0.1594 0.651262 70
0.683015 1.48426 70
-118.534 60.9053 70
-1.38402 -0.335975 70
8.85203 0.306463 70
-0.471168 1.02618 70
-10.0658 -20.9379 70
11.0493 -10.665 70
0.187431 -1.38085 70
-11.1677 1.05398 70
-10.9977 0.615747 70
-1.14156 -0.752351 70
1.00708 -0.576142 70
11.1126 -8.53103 70
-1.32709 -0.995561 70
1.10508 -1.10846 70
39.4461 -49.3836 70
9.13409 -11.1657 70
-1.41335 -11.336 70
19.513 20.8432 70
1.3494 -1.04894 70
-0.448469 -0.104687 70
18.6753 -11.0773 70
-29.4197 9.14564 70
-1.31449 0.529629 70
-1.49395 -1.29543 70
0.995037 -0.186906 70
1.39256 -1.30443 70
-0.109009 -0.925318 70
-1.16316 11.0188 70
-1.11643 0.0364291 70
-1.02937 -9.72409 70
-18.8181 9.70854 70
28.6684 29.2027 70
-10.4929 0.33136 70
-8.74279 -40.9811 70
-0.761934 -1.1791 70
-9.59982 -18.7166 70
1.18014 -10.4077 70
-0.513147 -9.06907 70
0.296011 9.71359 70
0.237108 -10.939 70
1.17203 -0.915134 70
0.966496 0.10999 70
21.1553 -29.9233 70
0.158713 -1.0655 70
21.3178 -0.51043 70
-20.1258 -19.1809 70
-9.1436 -11.1181 70
-0.693939 -0.304787 70
-0.79414 -0.729715 70
-0.90557 8.52684 70
10.7304 1.21694 70
-9.08521 -9.5006 70
-1.38859 0.952471 70
21.0317 -20.0259 70
-0.0319749 -1.42568 70
-0.707676 0.843176 70
-0.858606 10.7848 70
11.1718 -10.4482 70
-0.560906 -0.773204 70
-0.0699139 0.234115 70
-10.8887 49.3604 70
10.6128 -11.1279 70
9.8349 -9.58336 70
-10.9446 -0.569219 70
0.811225 -0.128724 70
-10.3128 60.3286 70
18.5919 -20.1857 70
-39.1994 49.9527 70
10.6099 -9.3242 70
-10.8383 -10.733 70
9.40942 -8.73802 70
10.7615 -10.6108 70
-1.48937 11.2454 70
18.8984 -1.36875 70
21.4274 19.3569 70
-0.118009 1.29122 70
0.401936 0.976177 70
-0.953628 1.28745 70
11.3106 0.448549 70
0.00365574 18.5676 70
30.5694 -11.3739 70
-0.854577 0.278396 70
-28.9924 0.364751 70
10.9791 9.51345 70
38.5547 -8.99347 70
11.0991 29.3569 70
51.2237 -9.23327 70
-0.195236 1.3406 70
-10.1315 -10.3549 70
-1.06042 -0.0523825 70
-0.0642666 -18.9838 70
1.26545 9.56545 70
0.786677 -9.73695 70
0.998668 -0.977399 70
8.77975 0.35765 70
8.70919 -1.2701 70
0.105805 1.22097 70
-8.8213 -20.4778 70
-29.5183 1.4005 70
10.9737 -8.80359 70
-0.110421 1.15716 70
8.68649 -0.412141 70
9.85104 0.953207 70
1.4669 -1.2986 70
9.88846 -0.791307 70
8.74183 -0.646622 70
19.4826 39.0681 70
0.122698 9.16367 70
0.728726 9.96076 70
-81.0345 -109.855 70
0.00208157 -0.774982 70
10.0615 -0.228697 70
-9.84292 19.7988 70
-8.51498 19.0769 70
-0.653924 1.3985 70
-0.345192 -9.01652 70
41.0378 18.8083 70
-10.6193 0.73349 70
0.406066 0.539339 70
10.5302 -10.9597 70
10.9831 -0.780695 70
1.13308 1.20676 70
10.5978 1.47463 70
-1.43704 -10.3866 70
0.938855 -10.0558 70
21.0239 -20.1064 70
11.2262 1.25425 70
-40.9015 -21.2673 70
-21.0214 0.829251 70
30.727 -10.7447 70
9.95904 -0.707047 70
-1.03206 1.13702 70
-1.23281 1.02887 70
18.6817 0.841538 70
-1.33096 0.854047 70
-0.816231 0.317645 70
19.9898 11.1891 70
29.9337 9.03904 70
0.972185 0.530053 70
8.85595 -19.5901 70
1.33664 9.18598 70
-1.35892 0.910891 70
-10.9035 20.5557 70
-9.75437 21.0982 70
9.1774 -9.84496 70
71.2782 31.1384 70
1.42538 1.02813 70
10.0325 10.7512 70
0.877069 -10.1918 70
-0.719453 -0.102306 70
-1.0715 -20.9127 70
8.77885 0.547124 70
-11.0617 -11.4437 70
-9.22826 11.486 70
-1.38527 -0.0681494 70
-0.0232177 -1.28265 70
0.632047 20.3181 70
-10.8234 0.942356 70
10.9891 1.4997 70
-10.3838 -11.4041 70
-1.1373 -8.5351 70
0.738299 -1.2046 70
-29.1635 -30.7412 70
-31.184 -28.6074 70
-1.21103 -0.494811 70
9.07437 9.51599 70
-0.443256 -0.450932 70
-10.7068 20.7115 70
19.9608 10.5742 70
9.37018 0.402116 70
10.6044 10.5271 70
8.86474 -10.4901 70
11.1359 -1.30107 70
-0.316797 -0.427399 70
-1.45815 -10.2741 70
-0.841109 -0.149052 70
-0.196183 -0.455903 70
0.19542 1.25739 70
-1.47782 -1.38777 70
-19.4263 60.5056 70
1.04594 11.4321 70
-0.509601 -1.16318 70
-0.463161 -1.43616 70
-0.0673276 -0.415507 70
11.1411 -40.2355 70
0.241515 0.332743 70
11.3569 51.3432 70
-0.907611 -0.334103 70
-1.13801 1.10403 70
0.361949 0.12781 70
0.495111 0.368777 70
1.30019 -10.2693 70
-1.39432 -1.30101 70
0.870664 -0.629599 70
-8.74982 9.08725 70
-0.582585 0.749287 70
-0.872865 1.24275 70
-10.731 29.3757 70
0.168896 -0.0428707 70
-10.2231 1.43084 70
-8.60562 18.7135 70
0.0702682 -0.322692 70
1.0152 1.44331 70
-0.632372 -0.704677 70
-0.744695 -0.865384 70
41.3371 -1.02367 70
0.477768 10.9073 70
-0.691383 1.29532 70
21.0818 -18.5016 70
-0.736938 0.113864 70
0.791036 0.0264407 70
1.4994 -0.43684 70
-0.0665115 0.301166 70
-0.680302 -10.6397 70
-1.23555 -9.12867 70
-1.34704 58.6426 70
-10.7628 21.0944 70
-18.7072 -9.16126 70
-0.864243 1.25514 70
30.1651 11.3512 70
20.6809 -8.88799 70
-10.9452 -69.0996 70
9.28164 -9.53406 70
10.348 -0.150378 70
1.05729 -1.07433 70
0.289758 -0.754304 70
-18.8407 8.56032 70
0.405369 0.786467 70
-0.599356 10.5072 70
-10.8156 -0.0838487 70
-0.971512 1.27486 70
9.21963 0.0746249 70
-0.873251 1.17294 70
19.7472 -1.41021 70
1.09902 10.8134 70
19.6097 11.4295 70
18.8792 0.399595 70
1.42407 0.499041 70
-1.39876 -20.575 70
20.238 8.97552 70
0.316592 10.7576 70
11.4575 -0.759367 70
-18.6789 -90.3494 70
1.36507 -11.4637 70
31.0793 -30.0419 70
10.708 8.68812 70
-0.436225 0.543155 70
-0.0676164 0.716854 70
-1.02407 0.522388 70
10.5358 1.28181 70
11.056 1.49356 70
-0.74202 -1.44098 70
28.9549 -0.698994 70
-18.7299 60.0038 70
-21.3537 60.2058 70
-0.0339929 1.11176 70
10.5473 -10.2473 70
11.0484 9.7092 70
11.1483 9.0953 70
8.82875 10.5421 70
-0.259061 1.42415 70
-1.11682 0.297291 70
9.91301 -19.3115 70
10.7942 -1.17309 70
9.31158 -0.765988 70
-0.435118 -10.4192 70
0.853006 -0.288563 70
-9.15411 10.814 70
10.2787 10.9787 70
-19.3089 -0.453806 70
9.07534 -11.3498 70
-11.0459 1.43708 70
0.48941 10.7486 70
0.176184 29.674 70
11.4845 0.425942 70
-1.13274 1.16853 70
1.49409 -0.360978 70
90.6933 -49.3083 70
-1.39226 1.18602 70
1.20975 0.896358 70
-1.45334 -0.426068 70
-0.361889 -0.958681 70
-0.442858 1.05493 70
-10.5157 1.29739 70
20.6188 9.46916 70
-0.229377 -10.4979 70
10.5608 -40.6458 70
0.692224 9.59492 70
-8.79789 9.21012 70
-1.23621 0.333266 70
8.95043 0.411561 70
9.32178 -0.949811 70
0.444962 -0.118628 70
-1.40089 0.00237859 70
10.3536 -10.6315 70
-0.287621 -9.67527 70
19.9106 -50.9377 70
1.16899 -0.531607 70
-29.4677 1.4304 70
0.336739 -1.40855 70
1.14169 -11.341 70
39.1258 -10.0828 70
-1.47742 -1.04317 70
-0.0619506 9.72143 70
19.9791 -19.5224 70
1.15538 0.21195 70
-0.974704 -0.477949 70
-1.44647 -1.26228 70
-0.218424 0.786365 70
0.0609105 -0.231371 70
-0.663888 8.93685 70
0.781887 0.337926 70
-1.14327 1.11141 70
-1.2363 10.0495 70
20.7399 -18.7046 70
20.8546 70.4417 70
11.3196 -0.730215 70
-0.106787 -0.649694 70
-0.298195 0.0987563 70
-49.9839 108.962 70
0.858544 -0.87935 70
-1.05143 20.9845 70
-8.94582 10.5161 70
-9.37908 29.1321 70
-0.48756 8.63847 70
-21.3224 10.9326 70
8.58182 9.13239 70
1.15803 -0.467151 70
-0.75892 0.773831 70
18.9599 -9.94075 70
0.549114 -11.4967 70
1.30348 0.347936 70
-1.32033 0.92645 70
-0.372349 0.497122 70
0.497109 -0.798649 70
8.90917 41.1376 70
-10.5396 0.758473 70
0.641886 0.397707 70
-0.532929 9.09276 70
1.24016 -11.4934 70
-9.95736 0.573177 70
10.6642 0.898497 70
0.876251 -0.936289 70
0.172804 -0.0762767 70
-0.55832 -9.98264 70
0.135403 9.8675 70
-1.05688 -1.25542 70
-20.217 -9.96371 70
-10.4691 9.49919 70
-9.6714 8.89478 70
-0.954221 0.0300522 70
-19.0852 8.78576 70
19.3027 -10.5298 70
-0.952087 9.60615 70
0.763034 -21.0368 70
-8.72879 0.140492 70
-21.4628 -0.88498 70
-9.81064 29.381 70
0.174176 -1.12752 70
-1.04378 -9.58977 70
-0.178781 -10.1332 70
-28.8508 69.2167 70
-0.255391 0.951376 70
1.46081 0.0477657 70
0.153763 -1.16062 70
-28.5857 -1.11599 70
-18.6152 -91.1226 70
-0.0858805 0.353806 70
0.177464 -0.999203 70
-0.935446 0.567939 70
-50.513 -50.4151 70
9.24205 -0.302612 70
1.32522 -10.2463 70
39.1193 80.4591 70
1.24787 -10.5933 70
-11.0393 8.99845 70
8.51882 0.552277 70
-0.538702 -9.45183 70
8.59502 -11.2448 70
9.85544 -0.647328 70
-0.284113 -0.592341 70
-8.82301 0.865294 70
9.92216 1.21738 70
-8.74754 8.96362 70
0.387663 -1.12906 70
0.0253457 0.569522 70
-0.423653 -8.77364 70
0.307939 -0.249145 70
10.7074 9.46498 70
0.407134 -11.199 70
-0.252294 -0.652934 70
60.2563 41.091 70
8.61971 -11.3848 70
9.59374 0.423323 70
0.56583 -1.31694 70
30.8529 -10.5971 70
30.1333 -8.57374 70
-0.238377 0.472806 70
-8.95561 -0.312155 70
10.2548 -9.20233 70
1.375 -0.30885 70
-0.832392 0.527043 70
-8.9022 -1.16838 70
-8.84014 -0.49867 70
-1.37944 -1.33872 70
-9.0271 -18.5883 70
19.3542 9.16699 70
-1.32169 -1.17002 70
8.62178 -1.21005 70
1.49497 11.2037 70
0.940433 0.649057 70
-0.341143 -8.61889 70
9.04846 -0.738794 70
0.738082 -0.447532 70
8.71017 -10.6352 70
10.3246 -8.70229 70
11.1958 -9.25349 70
-9.77347 9.24348 70
-0.204456 -20.9407 70
-0.223787 1.36563 70
-9.61412 0.836515 70
-0.679693 -0.682914 70
0.968358 -1.17392 70
-19.2443 9.74966 70
-1.28896 -1.32364 70
-1.30073 1.22796 70
-11.1699 1.29403 70
-1.0933 -1.05577 70
19.748 0.367232 70
-11.1982 41.0495 70
-9.4507 40.5389 70
-0.462514 -9.13205 70
-9.76727 -10.455 70
8.77561 10.9704 70
-0.119435 -0.0223399 70
9.21613 20.5582 70
0.872729 -11.2824 70
10.3012 21.0846 70
10.6184 0.46508 70
0.336408 -0.150407 70
-0.984048 1.0825 70
-20.036 29.6311 70
0.923987 -9.06697 70
10.6004 -11.2881 70
-1.03741 -1.09955 70
-31.035 -20.9536 70
1.42773 10.7833 70
-1.08308 8.92846 70
-0.624856 -0.672441 70
9.9714 9.94725 70
0.634706 0.528521 70
-10.8085 9.36895 70
-9.82332 10.7934 70
0.163362 0.0399905 70
11.2042 8.86067 70
-58.8458 -10.6743 70
-59.4386 -9.75268 70
99.2815 40.4976 70
-8.60079 0.057916 70
0.282147 -0.958688 70
10.6271 0.60458 70
0.122666 10.4653 70
1.3484 -1.05474 70
1.01484 1.20951 70
1.14545 -0.0727438 70
9.37962 -0.627415 70
-0.998379 -0.765089 70
11.257 29.0348 70
0.698122 0.445909 70
9.88453 9.20698 70
-0.73606 21.3679 70
-11.3911 10.0972 70
0.908367 -9.67963 70
-21.4278 -9.8958 70
0.854709 1.1485 70
10.2527 -0.626475 70
-10.08 0.612439 70
0.845011 -1.37617 70
10.9976 0.481909 70
1.22699 0.138781 70
-11.3827 -0.646387 70
1.13808 1.08183 70
0.390706 0.168265 70
28.7984 -18.6015 70
29.5271 9.80278 70
-59.337 10.8926 70
-20.8497 -20.7189 70
11.3051 -1.34308 70
-1.11963 -0.402763 70
-0.498189 0.255988 70
10.4151 -11.1536 70
10.8992 1.36766 70
19.1209 0.826437 70
10.0418 -11.3323 70
-10.553 -90.8051 70
-0.635668 -9.88418 70
9.84201 0.572907 70
-0.960302 0.568753 70
-9.79205 -9.6436 70
1.31936 0.274542 70
-1.42608 -0.71614 70
-0.303712 -9.39764 70
8.99823 11.3458 70
-9.55623 11.4654 70
-0.380799 -0.217982 70
19.3885 -9.21815 70
10.7228 -40.7551 70
-1.11949 -9.39481 70
0.751371 1.48821 70
19.0102 21.3651 70
0.272004 20.039 70
9.84921 -21.3439 70
-0.598536 19.2253 70
-9.45973 -10.4736 70
10.8084 9.15337 70
-0.532955 -0.470608 70
9.14016 -39.0677 70
-0.504073 0.835705 70
9.15893 -1.0305 70
9.23199 1.36584 70
-9.46368 10.0267 70
-0.393053 1.42685 70
-9.23222 -9.29759 70
0.0421889 10.7262 70
-21.1334 -0.427322 70
-0.0912866 -1.07678 70
10.117 -9.54547 70
-1.27379 0.36698 70
0.213876 0.274671 70
1.30819 -1.02689 70
-1.1014 -0.194971 70
-0.869276 -0.725458 70
-11.3413 11.4776 70
-39.0405 30.1621 70
-40.1021 30.2372 70
-70.1603 -29.1522 70
1.11053 -0.25234 70
-0.576006 1.30404 70
61.259 0.588345 70
10.1374 -10.3654 70
0.582959 -10.1083 70
-9.02849 0.511215 70
-11.169 -0.499236 70
-0.474203 -11.0756 70
0.557656 -10.1443 70
10.3532 -0.188612 70
20.5074 -11.2627 70
19.224 0.188554 70
0.0439287 0.361134 70
9.67095 -1.18073 70
-0.0909069 -0.344173 70
-10.905 -1.22688 70
-20.0214 9.01186 70
0.398577 0.521047 70
-1.49094 1.34861 70
-90.1484 -69.9078 70
19.7722 -41.4617 70
-8.89364 -0.845355 70
-1.21356 1.17837 70
-10.6362 -11.1587 70
-1.41315 1.37406 70
9.84393 -1.3545 70
-0.94775 0.787216 70
48.7907 -31.1371 70
10.684 -9.65172 70
1.06368 9.87165 70
-0.864577 0.458425 70
-11.1921 10.1164 70
11.2725 -8.88337 70
-0.488426 -19.2554 70
1.42629 -10.691 70
0.419785 1.2661 70
-0.0137886 19.7281 70
1.43115 0.750147 70
-21.2985 -0.52185 70
-0.375778 0.386381 70
-21.3769 50.6804 70
19.954 -0.739197 70
70.8972 -38.7483 70
0.0882398 0.35808 70
-1.34852 0.247277 70
11.2572 -0.0877689 70
0.375269 0.867799 70
-21.2778 -10.0587 70
-20.3188 -10.6494 70
0.71096 0.360414 70
-21.2372 8.61039 70
-9.02984 18.9948 70
-0.702633 -1.1663 70
81.1726 0.683728 70
-19.029 19.7478 70
-0.796271 0.217845 70
-1.40501 0.294203 70
-0.737351 10.8306 70
49.7215 -10.6421 70
10.3473 1.25319 70
0.02108 0.3714 70
0.562271 0.403232 70
1.36166 -1.08813 70
0.100264 0.134984 70
10.9488 -9.63224 70
0.26483 11.3795 70
-0.533907 -1.06437 70
-1.09321 -0.830276 70
-1.0368 0.679912 70
10.1674 51.2128 70
18.5632 -18.9676 70
10.8036 -1.24991 70
8.75876 0.44186 70
-0.0882265 1.2988 70
11.2902 28.9052 70
30.5887 -21.2644 70
1.44796 -0.69023 70
9.04598 -9.94729 70
1.117 -0.354228 70
1.01855 0.917016 70
-0.125867 0.0259563 70
-0.802223 0.41638 70
-1.25886 9.71682 70
-1.36687 11.1885 70
-0.204844 0.0237507 70
-0.286273 -9.09856 70
-9.04119 20.9792 70
-19.4762 0.343817 70
-0.0960156 0.211801 70
10.5928 0.130218 70
-29.3373 9.99137 70
9.52432 20.0506 70
0.0582808 -0.304931 70
-19.5527 10.2523 70
-0.780692 0.279529 70
-0.643982 -0.167146 70
8.93036 11.1877 70
-10.9282 8.65132 70
0.37918 -0.559264 70
30.451 -31.467 70
11.2476 9.53051 70
9.12015 0.93389 70
0.621955 -1.28051 70
-1.22492 0.497948 70
-0.778431 -8.76881 70
20.2097 1.17555 70
-0.847824 -9.7584 70
10.4893 0.745771 70
9.70196 8.99742 70
20.7656 -29.5631 70
-11.2164 -9.9452 70
-0.476895 -0.0957121 70
-0.439211 -0.286104 70
38.7485 18.6549 70
-19.6063 9.93708 70
-8.52848 -1.48876 70
11.0376 -9.54402 70
9.7084 -8.75666 70
-11.277 0.37845 70
-9.85606 0.776952 70
0.523582 1.09519 70
10.8988 -19.7748 70
40.9087 -11.1598 70
39.1232 -8.85298 70
-0.820262 1.48723 70
10.304 0.0481315 70
-19.5782 10.9282 70
-0.889654 0.146557 70
-0.005277 -9.88042 70
-49.825 28.9374 70
8.67977 -9.10895 70
0.202692 -9.76063 70
1.02729 -0.648011 70
19.606 0.319302 70
-1.3033 -9.36322 70
0.650716 19.6249 70
9.29298 -10.637 70
-8.52042 0.792008 70
9.00846 1.46923 70
9.39144 -10.9915 70
9.3512 -0.91842 70
9.95679 -11.083 70
-0.89295 -0.670119 70
-0.445096 -0.662534 70
-80.21 59.1306 70
0.724354 29.6494 70
30.194 -30.6486 70
0.466146 9.54102 70
-1.0427 -10.6104 70
-0.998327 0.842053 70
-0.0279943 0.827761 70
19.074 -40.3054 70
-0.103045 0.99355 70
1.1301 0.0496233 70
-0.387662 11.0133 70
9.8116 -9.11003 70
-0.310976 -0.418252 70
18.909 29.8893 70
-0.612568 -0.234455 70
21.1503 20.4744 70
20.1853 18.6313 70
-1.26007 1.42143 70
0.265486 -1.38477 70
-0.83686 0.0300547 70
-10.0443 -9.6834 70
118.625 -51.164 70
-0.0477596 -0.707553 70
-0.331689 9.65053 70
1.19551 -1.14346 70
-1.09673 -11.1102 70
-0.704303 0.636724 70
20.1275 19.0923 70
20.9265 18.7066 70
-18.9644 -31.2141 70
9.99943 19.7856 70
29.5902 49.1158 70
-1.26264 -0.530945 70
-10.6342 0.725964 70
0.739271 0.902578 70
-10.1928 9.07061 70
-9.45677 11.2586 70
1.14686 0.609048 70
-0.288646 -0.927252 70
0.73708 -1.44753 70
0.186001 -1.02856 70
-1.09311 -0.387727 70
-1.49528 8.77967 70
-11.0908 10.9092 70
-1.17541 0.053483 70
-1.37131 -11.4013 70
-0.387902 1.28108 70
10.021 10.5528 70
-1.47095 -9.05353 70
-0.609867 -0.727639 70
0.228542 -0.339949 70
-19.6857 -0.162267 70
20.3624 -0.867801 70
20.0466 19.7842 70
10.7689 1.34833 70
10.2769 -0.518789 70
0.960135 0.415693 70
1.04712 10.1176 70
-0.0963212 -18.7799 70
19.3972 9.14019 70
-0.535531 31.1984 70
-1.08959 10.8266 70
29.7744 30.4027 70
-9.39805 -21.2326 70
-8.55871 -20.9279 70
0.478608 -10.4945 70
