-0.0884849 -0.211893 70
0.793339 -41.3548 70
0.259353 -10.9239 70
-0.77129 -11.079 70
10.4523 -1.0256 70
8.63904 0.1295 70
9.82916 -1.33325 70
1.30782 0.419106 70
20.7195 0.00625073 70
9.9514 -9.88102 70
1.31477 -9.58364 70
-20.3762 10.6248 70
0.50019 -30.071 70
8.63897 -10.139 70
9.98006 -8.58385 70
-9.99728 -0.311995 70
0.0806553 9.14442 70
-9.56019 -0.141185 70
8.60836 -0.491456 70
0.158983 0.158841 70
10.6148 8.78375 70
-0.113981 0.846631 70
9.44917 -10.8375 70
11.1234 1.47196 70
-0.0566637 -1.27049 70
-0.78681 -0.234718 70
10.8871 -8.79024 70
30.2382 -19.8643 70
9.20135 10.3378 70
31.3493 -10.3324 70
10.1345 0.321432 70
70.6361 -19.0955 70
1.36872 10.4526 70
-21.4871 18.9443 70
19.8671 -10.5779 70
-1.17455 10.6547 70
21.2699 0.304314 70
18.8672 0.901969 70
0.328539 -10.8262 70
0.634442 -9.08343 70
-0.508424 -8.55897 70
0.469917 -1.46604 70
-0.258349 -8.9146 70
19.8821 1.26122 70
-11.0703 0.16918 70
-19.4697 -0.408735 70
9.42905 -1.09027 70
1.36316 -9.6018 70
11.0477 -1.2434 70
10.5833 -0.826976 70
-0.407592 0.503013 70
11.2132 0.0856007 70
8.6381 -0.261966 70
-30.96 0.670498 70
18.6504 1.43492 70
10.6482 -8.73222 70
-10.3881 -10.5516 70
-9.3605 0.489477 70
-9.61756 -0.963362 70
-0.0377123 1.12609 70
-0.0223063 0.243191 70
20.0513 -0.0369497 70
1.15175 0.785929 70
-10.0035 -29.6854 70
9.29907 0.699227 70
-1.15025 -10.4955 70
30.2535 0.624157 70
0.0159334 -1.23047 70
1.08934 -20.7444 70
1.27467 -19.0831 70
31.2542 -30.734 70
9.96123 9.68039 70
20.5829 -0.276648 70
0.477321 -10.3981 70
20.7251 -10.2254 70
-10.6596 -48.669 70
-8.86205 -20.309 70
21.1485 -10.8779 70
9.17623 -19.5498 70
-0.273938 -1.30456 70
-18.7654 -0.23452 70
-11.0753 -18.6841 70
-0.572177 9.71377 70
-8.79593 11.4182 70
1.49575 -0.324819 70
-0.922252 -9.4086 70
10.1217 -21.1071 70
1.03647 -0.274969 70
-9.68194 -11.4469 70
11.2453 -10.757 70
20.141 -9.33485 70
-1.22394 -0.0381027 70
-9.55203 -30.6081 70
0.337843 -19.4024 70
-1.20821 10.6121 70
1.05506 10.5594 70
-0.449194 0.429347 70
11.3519 -31.1937 70
-9.75122 0.873696 70
20.6657 -10.044 70
-29.2147 -39.1799 70
-0.684511 0.409815 70
9.38774 -0.151557 70
-8.65068 30.8445 70
1.41759 8.8236 70
-49.4245 -0.240782 70
-9.80142 -30.3345 70
-0.298598 -0.45686 70
9.60143 -11.3731 70
18.6898 19.4693 70
28.9811 49.4505 70
-10.0292 1.17162 70
-21.3534 -19.4749 70
-19.1594 -20.6903 70
20.3231 -0.779998 70
20.3922 0.744261 70
-8.75321 -0.489757 70
10.3527 10.1035 70
0.752782 -0.311618 70
1.42553 10.1749 70
-1.39526 -8.75002 70
8.98784 -8.87406 70
30.9832 49.7726 70
-0.94885 -10.7244 70
-11.4549 -11.052 70
-1.12378 -9.41474 70
10.7542 10.6097 70
8.73712 0.075192 70
29.2654 11.3093 70
-0.414658 -9.47985 70
8.77978 18.8776 70
8.98314 -1.0431 70
30.6966 -29.0208 70
29.36 -31.149 70
28.5531 -30.5118 70
-59.2385 -69.0918 70
-10.3209 30.5087 70
20.8659 0.127993 70
11.1758 8.71861 70
8.79567 -60.6637 70
10.3546 -1.29699 70
-0.784446 0.711443 70
-19.3712 11.3876 70
1.47502 1.12396 70
19.3216 -0.758435 70
-0.845731 -11.0616 70
10.5808 -10.8483 70
8.90451 -19.348 70
8.99063 -0.918245 70
30.1647 -0.533287 70
10.5717 -0.720406 70
0.968511 0.191928 70
1.1291 -1.14495 70
-9.25519 -1.44749 70
10.2919 10.8727 70
1.43679 -8.84815 70
20.833 -0.58612 70
8.66666 1.17567 70
9.37688 -10.2392 70
-11.3335 0.0467209 70
-0.572747 -0.984145 70
8.66614 49.5345 70
8.97483 -0.656259 70
-1.27294 -11.4459 70
-1.05932 -1.07952 70
0.0752785 9.46762 70
30.5203 -30.3279 70
69.8875 -100.328 70
20.6948 10.6363 70
9.12731 8.98408 70
-9.98485 -11.3245 70
28.9918 -0.528979 70
9.40563 -0.339384 70
8.88518 -9.92578 70
-10.8414 1.38497 70
-40.9057 11.0955 70
-9.4428 -49.6155 70
20.2657 0.221321 70
9.00233 8.73972 70
-1.11477 -10.5756 70
8.90887 -8.7461 70
-0.3203 0.631658 70
-0.729891 9.75775 70
10.6075 -10.8623 70
-0.619092 -10.4627 70
-10.2052 0.65202 70
-0.765486 -10.1384 70
0.966732 21.3962 70
19.6863 -10.7238 70
1.12416 -8.77569 70
-10.2588 9.59243 70
10.219 -10.6074 70
1.07838 -9.62287 70
10.2987 -9.43558 70
-0.0895533 -19.1031 70
0.549453 -1.12828 70
1.14019 -11.1566 70
0.543544 -89.6074 70
9.10118 -11.1304 70
10.5515 -0.0841139 70
-0.266342 -0.603337 70
9.02909 -9.41314 70
0.812637 -10.8364 70
-0.945574 -10.9586 70
-0.648391 0.037384 70
-9.87219 -0.358718 70
20.8405 -91.3225 70
1.06505 69.1943 70
11.2468 -1.14005 70
-10.3826 18.6598 70
-9.20045 18.7358 70
1.30385 1.01401 70
1.43018 -0.478709 70
0.87036 1.15455 70
9.61842 10.1449 70
11.3102 -1.09637 70
-0.871287 -21.3041 70
0.0157472 10.3835 70
10.3491 -9.89326 70
-8.98297 -9.40804 70
-9.91115 -9.64894 70
10.7153 -10.359 70
-0.7069 1.32511 70
10.325 -0.78496 70
51.4592 -39.6106 70
20.4573 8.77848 70
8.83723 -9.51281 70
0.666997 -0.162902 70
0.754464 1.08114 70
10.2035 -9.72247 70
1.07856 1.38215 70
9.58888 -0.681696 70
-0.0245209 -0.00202822 70
0.506436 -9.85045 70
1.49955 -0.542784 70
30.9627 19.6988 70
-20.8125 -0.204432 70
8.56153 -29.2995 70
1.1746 1.05118 70
-0.831347 -10.746 70
91.4833 91.1696 70
-0.223417 -9.75312 70
-18.666 -19.2007 70
20.3247 -21.1136 70
11.2985 79.8969 70
-0.0942152 -20.9026 70
10.1794 -0.29262 70
9.63495 -11.1535 70
8.83825 -9.43355 70
0.299312 -1.39678 70
-10.9492 19.0819 70
8.81643 -9.07606 70
11.0818 -8.66233 70
-1.44255 -1.37623 70
-80.3672 -30.7888 70
10.3087 -9.12733 70
-1.30829 -10.6901 70
20.3826 -8.67822 70
21.0491 -10.4006 70
29.1075 28.5458 70
8.92519 0.756702 70
-8.57838 -21.4441 70
0.576894 -9.67136 70
99.8478 -20.8378 70
1.14269 0.41854 70
-9.35872 29.5161 70
8.75243 -8.84843 70
8.69881 -8.86569 70
-11.0897 0.859233 70
10.9066 1.31477 70
-1.21018 -0.164768 70
-11.3268 -10.9179 70
9.75374 -0.847416 70
30.4469 -8.91318 70
-18.8406 10.4462 70
0.70995 -8.99172 70
9.46111 1.24678 70
39.5866 10.216 70
0.301943 -0.598859 70
1.18035 18.928 70
19.6971 -11.1798 70
20.3219 -11.2925 70
20.5951 10.9266 70
-10.5349 -0.912067 70
-9.33204 31.1458 70
0.395088 10.1608 70
-0.652568 -0.981832 70
-28.9904 -30.4685 70
8.50869 18.9788 70
9.8766 -8.67062 70
9.83438 9.26838 70
-0.986514 -30.6833 70
18.7233 -0.222718 70
-0.335627 -10.4775 70
-11.4951 -0.20855 70
-9.80119 -0.829467 70
0.943862 1.21613 70
0.997826 -9.28591 70
-10.0188 0.0566867 70
0.111416 -9.25669 70
0.570224 11.0507 70
29.4637 0.187987 70
-21.3833 -11.4032 70
29.1345 -20.1126 70
8.93537 -1.31494 70
50.6705 -1.12398 70
-1.00523 -8.7307 70
19.2482 -19.1753 70
-0.382646 -30.3852 70
11.0327 -1.05755 70
-0.809017 -0.115274 70
19.8695 -9.93099 70
0.197507 21.1003 70
-0.793102 -10.9836 70
-0.89766 -10.3481 70
-0.280594 -8.61072 70
11.4636 -10.8357 70
-0.680225 0.670186 70
9.85105 -0.44032 70
29.3471 20.4908 70
8.56036 -0.473942 70
10.4924 0.108891 70
8.52257 -1.12877 70
-1.4405 -11.0001 70
20.3918 -20.9095 70
10.8038 -0.572689 70
8.59992 -9.51101 70
9.49156 -0.742093 70
11.093 -11.1457 70
10.3375 0.902007 70
-0.693198 1.41374 70
1.09953 -1.30835 70
10.6861 -18.7577 70
11.3588 -10.2793 70
-0.633444 -10.8173 70
-60.6646 -0.773999 70
10.5562 8.91285 70
-0.283209 0.578519 70
0.970317 -9.08151 70
30.4128 9.38932 70
-0.357992 11.4361 70
1.20788 8.74952 70
-0.861226 9.28648 70
-0.341549 -9.67858 70
0.42534 -0.690008 70
-0.66088 -0.259814 70
-1.17134 39.8247 70
-31.2251 -10.7268 70
1.44963 0.882735 70
70.5014 -60.5454 70
-1.36947 9.63038 70
0.834687 9.81241 70
9.22981 -20.7256 70
-1.03047 1.26355 70
-9.09331 18.667 70
-18.9512 -8.92126 70
0.829463 -9.68846 70
50.3236 -10.6131 70
-9.7182 -30.0379 70
9.73077 -8.56534 70
-9.22979 -30.1031 70
0.246001 -8.51684 70
10.0329 -11.3183 70
1.02464 -9.41028 70
11.3425 -0.897835 70
-10.6334 -18.6682 70
39.4172 -30.9155 70
79.853 41.3288 70
0.505552 -11.3376 70
-11.2703 -8.54054 70
9.40646 -29.6647 70
-1.47644 -59.8968 70
-1.32022 11.3495 70
9.32808 0.340659 70
9.86401 -0.880061 70
8.70829 -8.72589 70
11.043 -10.7003 70
9.70973 -111.053 70
9.55771 -0.783691 70
11.2112 -9.01524 70
28.587 -50.5613 70
0.53467 -0.700419 70
21.0384 -1.34627 70
10.1873 -10.4501 70
-70.5004 -21.1202 70
0.768591 -0.97618 70
11.0278 0.0065185 70
0.308958 -11.1669 70
0.770641 -9.66366 70
0.245791 -1.08258 70
0.41755 1.42372 70
0.348719 -9.09269 70
1.18275 -11.2119 70
0.967242 -1.11926 70
10.9506 -9.38201 70
9.35799 0.549025 70
8.89325 1.16572 70
-0.260324 -0.966389 70
-9.80546 -19.6091 70
-40.8367 -101.159 70
-0.269134 -0.157111 70
11.2791 0.862601 70
-0.916582 -1.26519 70
9.37789 9.47747 70
0.915142 -0.953508 70
-11.4139 0.710155 70
-8.68843 -10.9805 70
-10.4151 -9.61812 70
-11.1771 -19.9022 70
-1.49237 -0.983664 70
8.65661 -9.49634 70
11.4312 -20.8692 70
-21.2868 -0.397369 70
9.36263 -11.0436 70
10.5096 -0.188282 70
110.465 -29.1668 70
9.72058 -0.694343 70
-1.3574 -1.05882 70
21.3443 -8.97499 70
19.6363 -0.0211598 70
11.4947 -9.06804 70
20.9339 21.3951 70
-0.169905 -11.4237 70
-78.9296 -21.3008 70
90.1041 -10.0841 70
-20.619 -50.9424 70
8.89272 11.25 70
19.9447 0.526064 70
18.8235 -0.091475 70
30.498 -28.9257 70
-1.18866 -0.892998 70
0.692946 -10.9402 70
-0.61277 -9.87189 70
8.72618 -9.52025 70
0.776164 -9.1196 70
-9.29111 -0.957553 70
8.75191 -0.644447 70
-0.477298 -8.97245 70
1.29149 -9.02118 70
-0.150704 -9.91547 70
-10.6186 -1.25788 70
0.609182 -9.9008 70
-8.95496 1.35892 70
-1.24022 -11.2946 70
11.3673 0.578167 70
-1.05032 -0.596181 70
-1.0589 0.160213 70
1.42302 -0.607975 70
-20.3582 1.38095 70
9.76043 -10.6062 70
10.9668 -8.5323 70
0.30194 -0.339737 70
-0.142279 -0.981041 70
51.3062 19.7907 70
-0.878532 -0.249359 70
11.1893 -0.764283 70
8.94987 1.47279 70
-0.291786 -9.43582 70
-9.95333 -11.4494 70
-1.06641 -9.02928 70
-1.34732 -9.48611 70
-20.3738 -0.0501623 70
9.65683 -11.1876 70
19.5618 -8.69226 70
0.435501 -11.3835 70
-1.00439 30.1505 70
9.11524 1.34383 70
-0.898613 -8.92348 70
11.1126 -8.61065 70
-9.15269 0.791036 70
-9.29125 -10.0711 70
0.0712564 0.988059 70
-18.9399 -20.0459 70
8.76392 -0.913309 70
1.33068 -0.11848 70
1.15573 0.0802694 70
-10.0281 10.286 70
-11.389 0.316576 70
-0.660695 -11.2009 70
-21.3364 -41.0103 70
-1.42975 -9.93725 70
110.26 -30.5457 70
-21.3364 -9.42359 70
19.3005 -29.4222 70
-1.03848 0.467886 70
-1.28219 -10.7327 70
-39.7639 -18.5246 70
18.7304 -18.901 70
1.06566 -1.14969 70
-19.3341 -8.68304 70
-0.417788 -9.47381 70
-0.75515 0.594317 70
1.17467 -10.328 70
9.66662 -9.07194 70
0.354498 -9.33461 70
19.7913 -8.73729 70
-8.75537 1.04428 70
-30.9297 -11.4118 70
10.3599 1.16845 70
19.0475 -18.7951 70
-10.2622 19.7393 70
-8.95165 -9.45983 70
0.876657 -1.46516 70
-0.78043 -8.89834 70
38.553 -0.626468 70
21.0334 8.90402 70
11.3985 1.19972 70
-0.967346 10.0709 70
19.3898 1.27593 70
60.0553 0.444117 70
20.5782 -1.38606 70
10.8374 -10.1809 70
10.5069 9.24263 70
8.82413 -10.5278 70
-0.190391 -11.1143 70
-0.625372 -9.67833 70
0.567428 -10.7643 70
-0.357539 -0.55004 70
1.18092 19.5035 70
1.15121 19.7951 70
-59.0509 9.1624 70
-61.2411 8.89974 70
0.590873 -9.90668 70
-0.0217269 -9.53071 70
1.14523 -9.34205 70
-19.4172 -30.6659 70
-9.85781 10.9035 70
0.574871 0.858173 70
-0.498571 -0.36263 70
10.2372 -9.508 70
-19.1723 81.2757 70
9.27386 -1.11517 70
49.7794 -49.1777 70
21.4309 -29.7038 70
18.9645 -30.0109 70
11.4328 -8.69794 70
28.559 19.4604 70
8.92455 -0.00984774 70
10.0971 -19.246 70
8.51449 -9.92647 70
-19.6828 -10.1272 70
11.3575 -21.3823 70
48.5753 -31.0176 70
-0.98484 -18.8769 70
19.4277 10.2154 70
20.4595 10.9914 70
-9.17334 10.6641 70
-8.53771 -20.7903 70
-9.83839 -18.54 70
30.488 -1.31292 70
-9.42737 -11.3618 70
-0.495116 0.859168 70
-10.0273 1.49145 70
9.56266 -0.0731831 70
-0.850459 -10.5146 70
-21.0894 -11.1108 70
0.976503 -9.5499 70
29.9363 -11.2736 70
1.457 -9.93308 70
-0.310017 -1.40612 70
18.5128 -8.84919 70
9.958 -11.2593 70
1.36796 -9.9836 70
0.549852 -8.62517 70
-1.32984 1.3234 70
20.2296 -10.9124 70
8.7244 -0.441438 70
1.33074 -9.01355 70
-1.35823 -9.47468 70
1.00498 -0.582679 70
-9.87824 -9.71416 70
9.81843 -10.7088 70
9.01214 -1.40785 70
-8.64403 -0.594261 70
0.173996 -0.3349 70
10.0256 -1.04075 70
8.89238 -1.2326 70
0.445728 0.642601 70
31.1404 1.22567 70
-20.2379 -1.47577 70
10.4995 -9.11983 70
0.563516 -11.3209 70
-1.25828 0.424353 70
-0.499089 1.45955 70
10.9582 0.523403 70
0.752326 -10.5233 70
0.481191 0.132105 70
-9.5542 -10.4727 70
-0.196972 0.600805 70
-1.37923 -1.46606 70
-0.461627 -10.1526 70
10.9989 0.346608 70
-0.439779 -10.5463 70
11.1884 -0.00364477 70
-9.9552 -21.3308 70
0.727879 0.615426 70
9.22791 -30.9876 70
19.2428 9.43831 70
0.0283763 -9.66108 70
0.607036 1.03986 70
8.53825 -10.6522 70
11.4316 -10.1876 70
1.4043 -19.8118 70
-0.402969 1.03624 70
-1.3415 1.04989 70
-1.10621 -20.4701 70
0.915459 -8.75977 70
10.7131 -9.08789 70
1.1543 0.683962 70
-0.733974 -1.16012 70
20.1116 -80.0287 70
1.34611 -0.320286 70
11.007 -9.20821 70
1.24225 9.01977 70
10.3316 0.129942 70
-0.779315 10.7614 70
-30.027 29.5013 70
0.870876 -1.22405 70
20.1678 -21.0246 70
-8.73822 -19.7469 70
10.8842 -0.564017 70
9.79642 1.44302 70
-1.01306 -1.11963 70
20.5803 -10.8889 70
-1.41302 -11.4768 70
-10.4274 -9.57468 70
0.0524657 -9.11534 70
9.43281 -0.820584 70
-0.186932 -10.5922 70
11.0499 -0.870893 70
29.9753 -29.9217 70
10.352 -20.32 70
38.8938 -20.5229 70
10.5786 11.1419 70
-30.2031 -19.1069 70
1.02346 -0.71295 70
0.430836 0.637927 70
-29.6491 1.20854 70
-30.4943 -0.80731 70
-28.9935 19.7061 70
9.30545 -10.5618 70
11.1223 0.842998 70
-20.7198 50.2222 70
18.6194 40.5765 70
18.9853 -31.4896 70
-9.01658 10.6607 70
-8.53061 -19.5652 70
8.99268 -0.240566 70
-10.3089 59.0104 70
-19.6591 -59.438 70
1.406 0.0856563 70
9.0446 1.02085 70
0.351882 -9.40401 70
-1.22132 -9.00393 70
-38.6792 -59.8087 70
0.584198 -19.1331 70
-1.3234 0.17895 70
-0.721231 -1.4701 70
1.2383 -9.02609 70
0.0717083 -9.9253 70
9.72072 0.53341 70
19.9045 -19.4908 70
10.3416 -18.7331 70
-48.5523 -79.9297 70
10.8317 -20.3543 70
-10.8744 11.1219 70
0.813547 -10.3971 70
0.133359 -0.621986 70
1.19919 0.537041 70
0.96821 -11.4812 70
11.4203 -0.247018 70
-9.08806 10.3714 70
68.787 20.7708 70
48.7076 89.5791 70
0.372917 19.3079 70
29.2295 -8.73436 70
-0.395397 11.3731 70
-20.8693 -10.4273 70
20.1992 -19.1965 70
10.2729 -11.2919 70
40.3286 -28.7875 70
-10.3238 10.3287 70
9.62854 -9.78261 70
40.9296 -10.0395 70
-10.2441 -0.527897 70
9.40937 -8.97694 70
10.3214 -9.70406 70
9.84873 0.380645 70
0.411145 -29.1926 70
-0.571939 0.482525 70
-0.8716 -18.7657 70
0.57785 -10.3261 70
-10.2507 -8.94873 70
-9.4371 -10.9972 70
19.2226 40.0626 70
20.2897 38.5519 70
29.2176 -8.75082 70
9.01079 0.0290132 70
-28.7341 -20.6174 70
-0.821124 -9.03205 70
0.0602022 -9.89917 70
-51.0117 8.61717 70
-49.3113 9.72866 70
9.86315 1.34715 70
-0.889769 -1.09095 70
9.81464 -11.1924 70
1.00303 -1.49772 70
-1.08776 0.466243 70
