0.423861 -0.282 70
1.437 -1.24022 70
-20.811 120.21 70
-19.9293 120.701 70
-10.3196 11.0455 70
9.11575 -9.76936 70
-30.2073 -20.8077 70
0.338035 -1.39754 70
1.49103 1.36039 70
9.56516 -18.5888 70
1.31862 0.506065 70
10.5611 -19.3403 70
1.15503 1.27016 70
-0.404132 0.198605 70
-0.693549 -9.34843 70
30.5949 -19.9134 70
-0.127031 0.513028 70
1.24426 1.178 70
-0.981637 0.16896 70
-18.6398 -21.3154 70
-0.768128 0.858499 70
1.31473 -0.504506 70
-0.754853 10.8137 70
-19.3607 -10.9306 70
-0.362745 -0.716588 70
1.43064 0.813353 70
0.890342 -1.17318 70
0.630654 1.27971 70
1.14703 0.556757 70
0.383234 10.6462 70
0.311287 1.38114 70
-31.0536 0.872514 70
0.597459 0.123958 70
11.3811 -9.52146 70
0.310867 0.821722 70
-0.581411 0.164606 70
31.189 1.27355 70
19.8669 48.6126 70
-0.706566 -0.202943 70
-28.8069 69.1035 70
-0.451531 1.481 70
10.1904 1.01605 70
-0.475733 0.535307 70
-1.22278 -1.15042 70
-0.864706 -10.8706 70
-0.406291 -40.9587 70
-10.2751 0.0582493 70
-1.33234 -1.20877 70
0.69318 9.56306 70
10.9786 -8.76121 70
-0.174931 0.832805 70
-0.927146 -0.472054 70
-1.14084 -1.23553 70
-0.413696 0.570233 70
0.146771 49.1974 70
-30.0961 20.9552 70
-49.7424 -18.5124 70
-19.3731 -9.334 70
-19.1705 -8.69302 70
-20.5883 -9.01886 70
-0.641903 -0.371142 70
-30.4144 40.1746 70
8.93491 -19.5972 70
-30.3537 0.853654 70
-0.176986 0.187515 70
-80.6135 59.4397 70
0.324698 -1.23303 70
0.589896 1.05223 70
30.6759 39.7477 70
-9.29468 -0.719555 70
9.82437 10.9882 70
0.901652 1.42076 70
-9.13287 -1.04022 70
-1.42342 -20.7357 70
-0.173399 0.494903 70
0.942231 -0.554161 70
-9.99774 0.822699 70
-1.07937 18.7271 70
-21.3646 41.2058 70
-19.6797 40.9125 70
0.129749 -0.418101 70
30.785 28.7102 70
-10.5765 -31.446 70
-20.0788 28.9491 70
-20.9322 30.5298 70
10.2506 -1.40577 70
-10.0857 19.8001 70
0.388603 1.22839 70
-0.786254 11.4325 70
-1.36602 0.336811 70
0.510311 -1.39614 70
9.42743 0.0689622 70
-10.615 1.15126 70
19.4468 30.5514 70
0.431405 -1.43667 70
9.74431 -0.566561 70
9.60522 10.4691 70
-0.629533 0.0496543 70
-0.326478 8.51875 70
0.960105 -1.45254 70
10.4898 10.7216 70
9.3973 0.921412 70
-9.53479 -1.4209 70
29.0647 -9.03248 70
-0.204362 -1.29005 70
10.385 31.4923 70
50.8096 19.7493 70
0.316233 9.60272 70
-11.2679 1.18008 70
-0.268931 -0.431259 70
-41.1734 21.1015 70
-41.455 20.0243 70
-11.1674 0.0113769 70
0.487889 1.47828 70
-20.2156 -10.1474 70
0.68333 10.592 70
-0.399307 -0.794985 70
1.23514 0.46388 70
-9.41589 -20.3173 70
0.179294 20.149 70
9.01948 -10.9332 70
9.82871 -8.93702 70
-0.12372 1.42773 70
11.4852 20.2665 70
-0.122291 1.2925 70
-8.75689 -51.1468 70
8.67401 -8.5382 70
-1.27812 1.24693 70
18.922 -20.9938 70
11.2189 69.4872 70
-0.363691 -0.902595 70
-0.260054 -0.7164 70
0.591256 -0.297792 70
-10.401 -1.41666 70
-0.0703514 -9.77837 70
-0.776142 -1.35923 70
1.40922 31.3298 70
31.1559 -9.7726 70
0.189707 -9.25997 70
-10.4748 -0.295783 70
0.430618 0.294263 70
0.688192 0.745442 70
-0.440487 -0.144721 70
0.517603 0.206399 70
-20.3842 9.34273 70
-1.26922 1.47332 70
18.7317 51.2042 70
-9.44064 40.4464 70
21.0991 10.3305 70
-9.16061 9.28805 70
0.364527 -9.53272 70
8.63271 0.993398 70
8.81479 8.99613 70
-0.29098 -0.254442 70
-10.0346 0.195759 70
10.4261 0.278366 70
-20.7245 -9.84802 70
69.521 119.312 70
-11.056 0.977677 70
-29.8593 -11.3466 70
-9.6303 -8.91521 70
-10.9894 10.4152 70
-1.11215 -1.40406 70
-20.4524 29.3193 70
10.2191 0.378795 70
8.51272 -28.6711 70
9.14534 9.16731 70
0.640831 -9.82358 70
11.2433 -0.0217064 70
-1.17867 -10.8812 70
0.771937 -0.075622 70
-8.6628 10.1327 70
-0.182532 0.0453014 70
0.549321 1.07437 70
0.54435 1.33046 70
-0.502321 -1.3287 70
-9.29327 1.48005 70
-9.86408 -0.344372 70
-1.05462 0.308363 70
10.1412 -0.641779 70
-0.866657 0.0383768 70
-1.02995 -9.58393 70
1.4639 1.48333 70
-8.50076 10.783 70
-1.1886 -9.29977 70
0.522568 -29.7639 70
-1.29492 -0.123959 70
-1.03291 -9.0769 70
10.302 10.1662 70
11.2587 11.0896 70
1.08354 1.43457 70
-0.985384 0.941653 70
9.67642 10.9689 70
1.0194 -1.15743 70
10.8717 -0.346126 70
11.0616 -0.764319 70
-18.9283 19.547 70
1.1519 -0.167232 70
0.38471 0.725237 70
-0.902292 11.3635 70
19.1211 29.9916 70
10.3383 0.524133 70
-0.412764 -0.387749 70
-18.5013 11.1886 70
10.2075 0.427824 70
-1.23462 0.732259 70
10.0992 -10.1839 70
0.704204 -20.1959 70
8.86575 1.14711 70
10.5957 0.685738 70
-0.696489 19.4564 70
-8.77104 1.44219 70
-0.291744 1.29138 70
-0.910544 1.14616 70
9.5687 -1.00404 70
-89.2923 40.3607 70
0.176133 1.32839 70
11.3453 0.0160344 70
-19.4103 -1.32907 70
1.16618 0.0127313 70
0.756012 -0.695968 70
-8.6005 -10.9853 70
-1.23785 1.17552 70
8.51484 1.49028 70
9.32346 0.0801473 70
-11.2581 20.2222 70
-10.8778 -1.2768 70
9.3051 -0.280342 70
-0.742877 -1.1638 70
-0.951559 -1.363 70
1.0167 -1.1532 70
1.25435 1.15363 70
0.0768369 -0.628997 70
8.89343 0.987902 70
1.36619 0.54589 70
-8.98592 1.06629 70
-0.647509 -0.176756 70
9.12232 10.9001 70
0.40039 -18.6973 70
-10.3059 0.423767 70
10.8748 -30.4683 70
-0.527369 9.73005 70
-0.466766 0.15787 70
-1.36396 0.246881 70
8.55136 10.677 70
0.453042 -0.498723 70
-0.0624445 -10.4034 70
-1.16485 -11.0553 70
9.74242 20.4456 70
9.92338 10.4022 70
1.00068 -1.45192 70
-10.0274 -1.05059 70
-0.0058093 -0.27193 70
-0.997768 -0.414222 70
-10.5695 0.434 70
9.04973 -9.30571 70
0.529245 -0.153052 70
-10.95 8.81442 70
-0.925543 10.9454 70
-0.58542 -10.5031 70
10.166 0.413496 70
-0.629811 -0.135005 70
-11.4296 8.83032 70
-21.4969 9.08647 70
8.63831 -0.765923 70
-1.03671 10.1455 70
1.15703 0.190424 70
-0.6075 1.04175 70
0.321371 18.5103 70
-0.310961 0.625235 70
-11.4387 -0.433603 70
-0.852037 -1.35175 70
30.5391 79.6046 70
19.319 -21.385 70
0.488685 9.35161 70
1.02402 -0.0792051 70
1.02962 -1.20611 70
10.4728 -8.97397 70
10.3673 -11.0277 70
0.36486 -1.07725 70
-1.30361 1.19473 70
1.22647 1.44464 70
10.9412 21.3858 70
9.15545 1.26503 70
-10.7622 8.97891 70
9.52828 -0.96476 70
0.860682 0.842854 70
21.3309 -1.30327 70
-21.3391 -19.6401 70
9.02942 1.11392 70
-0.466238 0.858547 70
1.3192 1.22077 70
0.0170445 0.995049 70
1.3659 0.0360929 70
10.8432 1.47451 70
-1.18487 10.6426 70
1.007 -1.29605 70
-0.137153 -0.544368 70
-10.7532 9.60419 70
-0.000730909 9.62059 70
-20.0039 -10.4879 70
-1.48255 0.990205 70
-0.489351 1.4012 70
11.0796 -11.2125 70
11.0302 -10.7183 70
-29.7779 19.4121 70
59.4065 29.066 70
-29.483 -49.4484 70
19.7829 -19.8662 70
0.585605 1.22635 70
-1.47886 0.328351 70
-1.46862 -1.44384 70
10.727 -0.140662 70
-1.341 1.06926 70
0.623932 50.193 70
48.7328 19.7471 70
-11.3255 -0.143507 70
10.8356 -21.1776 70
-0.140918 0.895531 70
18.7279 9.74288 70
21.3362 -8.91247 70
-8.86652 79.3792 70
-9.53568 -41.3353 70
-0.80928 9.73957 70
0.923384 0.12835 70
-21.4943 0.416821 70
8.63925 0.41006 70
0.439797 0.277918 70
0.719506 -0.640792 70
-9.45117 -0.940021 70
21.17 8.58596 70
19.9353 -1.30335 70
-9.15221 -0.770971 70
8.67022 0.388295 70
-10.5016 -0.929919 70
11.2676 11.2992 70
19.783 -1.27883 70
9.35589 19.7448 70
9.87142 19.3415 70
-9.46141 0.334556 70
39.8261 18.7421 70
-0.240509 0.455599 70
-1.34876 1.0753 70
-11.3515 -1.39428 70
9.96166 0.901467 70
1.29966 -1.05379 70
-1.18061 -1.45491 70
-20.0991 9.08751 70
-1.17963 -9.86105 70
-10.5411 1.23866 70
-1.35889 0.373609 70
-1.24614 0.234095 70
-0.797249 -18.9338 70
-9.9711 -0.672564 70
11.037 -10.4978 70
0.63363 0.849388 70
0.683014 -0.460132 70
8.82375 1.33776 70
-1.25812 0.666545 70
-0.792944 -0.466046 70
-21.3792 -9.3587 70
-20.0232 -8.53957 70
19.4439 8.57003 70
0.692011 1.29536 70
-21.246 21.4732 70
0.920114 9.0768 70
11.333 9.81715 70
-29.3542 -49.0709 70
0.931303 0.161981 70
-8.77528 9.22724 70
-8.93063 10.1091 70
0.143558 -1.20247 70
-1.44533 0.244953 70
-30.1272 -18.7374 70
-8.87578 1.10154 70
10.1482 -21.4976 70
0.783294 10.7916 70
-1.27189 1.22896 70
-20.3091 21.3021 70
-1.09539 -1.39121 70
9.57107 -10.2821 70
10.104 -0.204341 70
-0.921897 -1.19707 70
-1.28565 0.640012 70
8.8877 20.01 70
-0.266549 1.11649 70
0.703853 0.165136 70
-10.9323 -0.226598 70
1.08563 -0.647306 70
1.41584 8.65143 70
0.745785 8.69922 70
-0.628272 0.832602 70
-1.3246 0.531149 70
-9.37523 9.05964 70
-0.298978 1.01105 70
-9.50999 18.8972 70
-30.9081 -21.4895 70
-0.324033 0.801405 70
1.49057 1.37984 70
0.613451 0.377121 70
0.0191128 -9.82777 70
0.534377 -11.3704 70
-10.8509 0.155422 70
0.200349 1.32468 70
-70.0711 31.0508 70
-0.405149 0.270065 70
0.3597 9.65723 70
0.360358 1.46936 70
10.1181 11.033 70
0.62734 1.02896 70
-1.26101 0.899161 70
10.3395 10.5235 70
8.68689 11.0007 70
1.18481 -1.25774 70
-1.28564 -0.936484 70
-0.0383438 -10.0431 70
0.810365 1.09029 70
0.666885 1.4787 70
-0.665081 -1.19928 70
0.250826 -0.443252 70
-1.14426 -9.15445 70
-0.572745 0.549072 70
-19.0264 -18.8198 70
0.125386 -0.592239 70
-0.772962 -0.883427 70
0.758998 -19.308 70
-0.937889 1.46267 70
1.39469 0.106534 70
-9.89278 0.575213 70
21.2233 -0.468553 70
-8.56429 19.7116 70
-19.3028 91.1673 70
-0.938332 20.2729 70
-19.8566 -29.3051 70
-11.2673 1.10476 70
-0.650939 1.43438 70
10.5923 -1.31272 70
-1.32277 -1.46619 70
-1.35393 1.3623 70
0.0130472 -0.521397 70
1.03568 -0.256408 70
-9.77457 30.1765 70
-9.14104 9.78249 70
-9.92918 8.95465 70
0.171987 -1.18805 70
0.903911 -100.766 70
-8.78071 40.1426 70
-29.4248 -19.6585 70
-0.241457 0.941958 70
-0.298376 -0.133156 70
-0.357687 0.279594 70
10.6734 -0.629531 70
-1.32789 -19.5427 70
0.174355 -0.115873 70
-9.50283 1.33828 70
-1.17038 0.857301 70
9.72568 -10.0685 70
-1.40861 -1.24266 70
-9.61098 29.5257 70
-21.0628 1.48646 70
-10.5117 0.692996 70
-0.441733 0.352975 70
-0.253189 10.6234 70
-21.0239 20.335 70
1.21016 0.917713 70
18.796 -9.42459 70
-21.405 -11.2068 70
-0.921373 -1.31345 70
0.650079 -10.0508 70
59.8207 -8.84623 70
39.9476 -11.4085 70
1.18228 -0.19901 70
-11.1839 20.6042 70
-0.0754419 10.9894 70
10.5791 0.0600033 70
9.63065 -0.529333 70
1.4941 10.5358 70
-0.174465 11.3856 70
0.741385 -0.369559 70
0.886019 -1.23646 70
0.769658 -1.05127 70
-30.5771 120.455 70
20.1752 -0.181448 70
0.715295 0.187237 70
1.03253 1.22333 70
0.214597 1.44052 70
-11.4535 -9.41887 70
-8.88925 10.1932 70
0.272028 -0.201882 70
-0.80219 -0.680581 70
-20.4821 -19.306 70
49.7751 80.6676 70
-0.288953 1.44502 70
0.0049313 10.6064 70
1.21809 -9.32443 70
8.99071 20.4481 70
-30.5113 -19.8744 70
0.753905 0.499548 70
0.0320588 -1.20271 70
-10.3303 -0.774459 70
11.1124 -0.650418 70
-39.5868 9.62626 70
-0.203279 0.89293 70
-0.438706 0.94174 70
-1.26928 9.10475 70
1.35738 -0.686916 70
1.2694 -1.40083 70
0.670981 0.797438 70
0.313801 -0.176024 70
0.815147 8.91247 70
-1.06048 -0.28983 70
-0.394674 -0.701475 70
0.328541 -0.851061 70
9.50653 21.3793 70
-0.0916684 9.93285 70
-60.0152 91.2218 70
0.111002 -1.17748 70
-1.0481 0.561404 70
-50.23 41.4774 70
-0.646365 0.14236 70
8.90469 0.687312 70
-8.66714 -0.458365 70
-19.55 0.652125 70
-0.0446213 9.53075 70
-61.3352 -0.3055 70
19.8101 18.8431 70
-19.8011 19.2508 70
0.00506356 0.858383 70
11.1137 -48.5411 70
9.28604 -10.1723 70
1.04625 -0.776882 70
0.295579 0.112834 70
-0.811353 10.956 70
9.29728 0.916652 70
10.2703 9.29733 70
-8.69964 0.317499 70
-9.99113 -10.9461 70
10.9735 20.4829 70
1.03145 1.10259 70
-1.19297 0.38592 70
10.5727 11.4295 70
-1.47236 30.704 70
-19.955 11.2519 70
0.112878 1.15003 70
19.0731 -9.0311 70
10.2778 0.281213 70
9.3359 -0.0804243 70
-8.62886 -0.117561 70
-1.49207 -0.876056 70
0.738398 -1.14517 70
-0.474143 -0.842122 70
10.3728 -1.10763 70
1.28944 10.785 70
-0.882873 -0.172591 70
8.69114 0.105406 70
8.72672 -10.0504 70
-1.47735 1.43163 70
-21.3517 11.2413 70
-20.5701 9.82694 70
1.39691 -9.38268 70
-0.407041 0.544664 70
1.15163 -11.0089 70
-19.0406 -20.4706 70
-0.513717 0.762207 70
-1.44518 0.0683222 70
49.5953 -59.175 70
0.213047 11.3387 70
1.28455 0.382035 70
8.79424 0.392391 70
-0.588854 -11.1326 70
8.90331 10.3241 70
-0.871259 0.46078 70
0.966865 -0.038187 70
0.46337 1.21133 70
-9.37585 -0.436475 70
-0.713448 -1.32552 70
-0.609806 -10.8763 70
0.0144933 -0.178486 70
1.34456 -1.21944 70
0.209724 -0.664265 70
-1.04525 0.744298 70
-11.3535 -11.2057 70
-50.1634 -0.691542 70
-38.7034 -88.5845 70
31.1413 -20.9487 70
10.4253 10.3073 70
10.2827 -9.78509 70
-11.2171 -21.374 70
29.472 -18.7867 70
28.9077 -19.7136 70
-11.4352 -11.303 70
0.304994 -0.31689 70
11.3321 -30.3322 70
0.0474276 -0.499191 70
-0.420207 0.355655 70
31.1355 9.84646 70
1.20153 0.605747 70
-11.2081 -10.6514 70
-0.537334 -0.894404 70
-0.0786852 -0.426037 70
1.11712 -9.37808 70
1.28902 0.512308 70
29.4526 51.1384 70
-0.258837 0.246525 70
-1.04651 -0.778339 70
0.00446886 -0.701593 70
8.95907 -1.43247 70
-1.27024 0.965194 70
-1.25359 -9.88033 70
-1.42951 29.7559 70
-0.430227 10.6881 70
0.344399 10.1488 70
19.0081 -49.9148 70
21.2844 20.0949 70
49.836 19.3107 70
-0.728119 -8.67056 70
-1.24154 -0.726417 70
-8.6691 0.257673 70
8.7897 -1.03557 70
0.187318 8.79469 70
-0.125695 -1.28448 70
9.23076 1.48263 70
-0.855928 0.598192 70
10.0697 9.91446 70
0.278223 -1.17824 70
0.166725 9.39884 70
-50.3954 30.2992 70
-1.28961 -1.2961 70
0.949521 9.14688 70
1.26376 -11.3926 70
0.151319 -11.0105 70
8.64401 -9.50475 70
-0.677945 0.0218781 70
11.1927 -1.49322 70
38.5731 -10.3994 70
40.0074 -9.79158 70
-30.9065 -8.56517 70
-0.928087 -0.601194 70
-29.246 8.7544 70
9.31059 9.72939 70
-0.66675 1.14382 70
-0.859551 -0.492824 70
-0.0715448 0.790974 70
1.26023 -0.707566 70
-1.18259 0.744066 70
1.46037 1.33879 70
-1.10923 -1.47314 70
0.121531 -0.457629 70
-8.9178 -9.05429 70
9.64269 10.6878 70
0.822891 -0.94573 70
1.05211 1.43826 70
-10.1642 -11.2057 70
1.20092 -0.322717 70
0.603048 1.45043 70
8.66593 29.7741 70
-0.732012 11.3284 70
-19.9813 -9.20363 70
-9.76626 0.363587 70
29.7465 49.235 70
1.29275 -0.917554 70
1.01112 -11.0999 70
9.66373 0.452219 70
0.618778 -0.64959 70
0.895002 -10.0577 70
9.49379 -11.106 70
0.133377 -0.82313 70
1.1348 -0.882122 70
1.43668 -0.208212 70
-11.498 -9.58418 70
-1.08847 0.273555 70
-1.40768 -0.774443 70
-0.11595 1.33781 70
9.13917 39.4349 70
-0.874192 0.119239 70
-0.87275 10.6968 70
-0.176745 -0.842591 70
-49.357 -90.0314 70
-50.6054 8.62108 70
-1.22326 -9.29508 70
1.40446 -0.725472 70
30.5275 -0.244336 70
30.0105 -0.0617834 70
29.1613 10.8655 70
-0.824418 -1.09929 70
-10.741 -20.547 70
-11.3398 -9.22935 70
-18.9827 21.4765 70
0.319081 19.2009 70
1.12027 19.7215 70
31.14 19.4076 70
30.6401 21.1481 70
-1.4792 9.07342 70
-50.091 79.1505 70
-11.2755 -0.351387 70
-0.504971 -0.22968 70
-0.304026 -1.33538 70
-0.947627 0.143832 70
0.542132 0.14073 70
-9.96177 -10.18 70
0.366448 -0.665041 70
10.7795 9.68026 70
20.9298 1.12614 70
0.369494 0.95611 70
8.98915 -11.4196 70
1.34664 20.3862 70
-1.25458 -1.38507 70
-0.459381 -0.571545 70
-0.492035 0.682483 70
-10.7095 -0.0378184 70
-0.112237 9.80875 70
-1.01179 0.650805 70
-1.06623 -0.735125 70
-30.0147 -0.742664 70
11.2283 0.421295 70
-80.9821 -80.1343 70
0.961211 1.08859 70
-0.96649 -1.36793 70
81.1117 9.17852 70
0.160375 -0.168431 70
1.34226 0.0636143 70
-20.0449 1.0773 70
-9.9215 -10.2666 70
-101.235 120.717 70
0.66345 -1.22645 70
1.13737 -0.758652 70
-10.113 10.6261 70
-30.5868 -9.03341 70
10.6346 -0.883051 70
8.93148 0.902073 70
-0.723498 -1.33658 70
-50.2327 11.4257 70
9.33713 -9.32755 70
-10.2027 0.107512 70
0.438343 19.6547 70
-0.4416 21.2194 70
11.0147 18.5924 70
0.52087 -1.15393 70
1.4196 -0.974985 70
0.440559 18.8023 70
-0.264773 0.883881 70
-0.0595073 0.335941 70
-11.0383 -8.61485 70
-10.3961 -9.59497 70
-28.7188 -1.28386 70
-0.0869871 -0.857441 70
0.0350874 0.417169 70
1.36261 -1.29903 70
0.987358 0.794955 70
-0.485993 0.590466 70
-0.749101 0.697637 70
-0.519612 -0.223125 70
-0.440968 1.14447 70
9.42206 -10.9164 70
-1.30435 -28.8397 70
-10.7894 9.61813 70
-0.881641 0.0615143 70
1.07709 -0.0962145 70
-68.5351 -1.43784 70
-20.908 20.5572 70
0.207561 -0.835422 70
-29.1643 -19.8859 70
1.1283 -0.422001 70
0.606933 9.5805 70
-1.11536 8.60335 70
11.3578 0.35751 70
11.3366 1.22652 70
-10.6174 1.23748 70
0.434638 -0.161448 70
8.99278 -9.85788 70
-0.966809 -0.810616 70
-0.0914567 11.3764 70
0.552278 1.07608 70
-1.19286 -0.732728 70
0.858119 0.980091 70
-0.973804 -0.719455 70
0.913154 -0.401993 70
0.284157 -0.11732 70
-1.49405 0.105798 70
-21.2712 -21.0924 70
0.172041 10.3371 70
9.02623 -0.325435 70
-0.213138 -0.485403 70
0.421372 0.901878 70
0.50434 0.0416718 70
10.2523 -10.5722 70
-9.78067 -0.858805 70
11.0107 -1.4993 70
-1.26175 0.820817 70
-11.0952 -8.84235 70
8.56452 0.921046 70
-0.83817 1.08042 70
-31.3076 -9.501 70
9.00704 -1.28024 70
1.21721 0.536534 70
0.959992 -0.805721 70
-1.02222 10.3098 70
9.64542 0.0696715 70
-20.8692 -11.2949 70
0.585698 0.238593 70
-10.9575 0.400693 70
0.496878 -0.810204 70
0.368371 1.21146 70
-70.8309 11.192 70
0.225596 0.213328 70
0.889599 -0.573352 70
-0.633115 11.1476 70
-0.698724 -0.216379 70
1.31572 0.131499 70
-40.5378 41.2642 70
-39.4182 41.3466 70
-1.35029 -0.278286 70
-1.40651 -0.139587 70
1.07436 -1.16814 70
-10.1835 -11.1098 70
1.03644 18.5754 70
10.0098 -18.821 70
0.721937 0.0793354 70
-9.14628 -19.6103 70
0.82728 -0.721087 70
-1.21728 -0.548003 70
88.507 89.7878 70
50.7591 -61.4436 70
1.18719 1.13565 70
-1.05094 1.27572 70
-0.429228 -0.899744 70
-0.906511 1.07976 70
-10.7608 -0.780616 70
-0.350008 8.76435 70
10.5066 30.791 70
0.759302 1.12225 70
-1.41345 0.539832 70
-0.967075 -8.99903 70
0.00124403 0.779736 70
51.0835 -30.3091 70
-0.928513 0.0945024 70
-0.548246 -0.63615 70
1.27707 0.179376 70
-61.0449 -0.831726 70
-9.31001 -9.33047 70
0.243138 0.0957725 70
1.15893 1.34883 70
1.04854 -0.22855 70
-10.1418 -0.301239 70
10.0928 118.844 70
0.51433 8.84556 70
0.960215 1.34754 70
-0.28168 8.59204 70
1.14597 1.2485 70
-1.37303 0.537752 70
-0.613091 0.53296 70
0.573546 -0.60646 70
-1.22374 -0.646332 70
-11.2941 -8.92739 70
9.34227 -11.4719 70
10.4964 -9.1358 70
-1.32333 -0.782974 70
0.961809 0.543032 70
0.317166 -9.53167 70
-9.95453 1.1328 70
9.51224 18.7591 70
11.2432 18.5391 70
-0.439317 -0.944003 70
1.35105 -1.26297 70
-11.3751 29.5337 70
-9.02744 29.1204 70
9.37009 0.901056 70
1.2091 -0.212979 70
