-30.7424 -19.2843 70
-29.4265 -20.9246 70
11.3887 9.92453 70
0.651881 0.11879 70
-28.8124 1.08153 70
-81.4562 -28.6979 70
0.983928 21.3982 70
-11.2939 -51.002 70
1.35927 0.561523 70
38.7887 31.3766 70
40.5846 29.461 70
-0.185399 -10.3159 70
-81.458 21.4179 70
1.39042 0.425791 70
-11.2762 -9.6962 70
-19.1931 -21.124 70
0.930366 0.917841 70
-1.02019 -9.13696 70
-0.373692 -18.717 70
-1.45992 0.297758 70
-9.57711 -0.942273 70
71.2939 41.4842 70
0.221615 -1.21322 70
21.4781 20.3627 70
-0.604837 1.13302 70
0.152937 0.390366 70
79.285 20.4192 70
-8.56013 8.62073 70
-1.17894 -31.4843 70
-11.3594 -8.84397 70
-0.0244527 -11.1228 70
-0.51067 -1.00693 70
-0.746023 -1.15129 70
1.39176 -0.921484 70
8.91376 9.35903 70
-0.731871 -0.0233926 70
0.715545 -9.99314 70
0.448 -50.2588 70
-9.08648 10.1835 70
11.2426 41.2791 70
-10.7864 -8.98058 70
1.1237 0.490422 70
-9.48615 -30.3886 70
-0.543517 10.0176 70
-1.27975 0.872941 70
0.189348 0.611342 70
39.7217 60.4118 70
-1.4218 0.381512 70
-0.0372029 1.36997 70
-1.28395 -0.488863 70
-0.161368 8.85776 70
-1.3181 -0.7429 70
-18.6026 9.62133 70
39.977 59.4831 70
-41.1601 19.6838 70
8.86211 -59.6892 70
-9.115 10.7803 70
-0.773096 -0.0929145 70
1.43431 -0.709047 70
0.382863 -10.2071 70
11.2461 -0.322749 70
-10.6017 10.5465 70
-10.4415 0.254216 70
0.281946 -18.95 70
-1.00394 -21.1634 70
-0.839654 0.898488 70
-1.32074 19.7541 70
-0.926101 -0.250284 70
-1.15562 -19.6241 70
0.832171 8.68005 70
-30.03 -10.4836 70
1.44792 -0.522023 70
-39.0212 -80.6307 70
-9.41277 -0.719777 70
10.4426 -1.37684 70
30.1656 40.2411 70
-21.0304 1.02606 70
-9.93399 0.648594 70
-9.1685 8.69328 70
-10.0187 -0.982696 70
9.45474 -0.448237 70
0.421968 -0.524264 70
-68.9603 -11.1485 70
8.5972 9.45552 70
19.4182 11.189 70
8.74791 9.29153 70
-1.05462 0.95576 70
1.25654 9.03108 70
-9.78916 1.39849 70
-0.391549 -21.0289 70
-1.09806 -9.30469 70
-8.56985 0.8151 70
0.642376 9.02823 70
-8.97975 8.59912 70
0.875008 0.644862 70
0.763244 0.323096 70
-10.5979 0.00581679 70
-1.0921 -8.55164 70
-69.9143 -0.230047 70
-9.00372 -0.574766 70
-8.97695 0.746145 70
18.7101 9.27354 70
-10.5257 -70.6726 70
-1.00095 11.2534 70
-9.40116 9.49419 70
1.34254 1.07082 70
10.1866 -11.3858 70
-9.76723 -1.36949 70
1.22559 -0.30629 70
1.24417 0.208694 70
0.536087 -0.209852 70
-10.0014 0.627348 70
-11.1803 -1.2967 70
-9.3612 -1.28109 70
-18.8231 -9.61192 70
-9.33687 1.39581 70
9.61765 -31.4606 70
1.27966 -0.560792 70
-0.0637482 1.41095 70
-0.805197 10.8108 70
1.01172 -9.31106 70
-10.6379 -0.0120933 70
31.3939 9.592 70
0.767788 60.0858 70
19.234 8.54596 70
-1.43931 -20.6679 70
1.4348 -19.9852 70
8.65065 -11.3672 70
-29.4061 -39.0391 70
0.15637 -11.2746 70
0.245208 -0.359064 70
0.637879 9.87402 70
9.68364 -0.945994 70
-19.5706 10.139 70
-0.891144 -0.429734 70
81.2237 -60.9662 70
-10.414 10.0304 70
0.626832 -30.9759 70
8.54464 -9.06787 70
-8.90345 -0.445103 70
8.69344 0.172588 70
1.1812 -1.24244 70
-30.0322 10.6274 70
-8.96852 -9.0371 70
-10.4806 11.1258 70
-59.0383 40.5085 70
-9.83427 0.218992 70
-9.2712 1.42162 70
-10.691 -0.741185 70
-10.7056 -0.224298 70
-41.3375 -61.4582 70
-20.264 -9.05166 70
0.797666 -1.0291 70
1.28708 0.89394 70
-20.7535 -10.117 70
-0.707738 -0.924796 70
-8.97325 0.14897 70
-19.1008 0.962073 70
0.0650758 0.304462 70
-10.0203 -8.55168 70
0.593689 0.545044 70
-20.0066 -30.6945 70
9.23736 9.08059 70
-8.99889 1.05529 70
-30.3964 9.08132 70
-0.130647 0.322865 70
-11.0164 20.3305 70
-9.7026 -0.653497 70
1.04184 1.15969 70
-8.89756 -0.832958 70
20.3417 30.0334 70
20.6796 40.3423 70
1.19447 -0.145524 70
10.2688 0.621267 70
-1.49608 -10.6452 70
0.616754 11.4565 70
0.660255 11.0329 70
-0.863312 0.525403 70
-0.679472 -0.778789 70
-10.9409 -20.2323 70
-0.00130418 0.454551 70
0.271361 1.12641 70
0.753094 10.2565 70
0.615868 10.8444 70
-38.5616 29.1666 70
-11.4803 0.284819 70
10.514 -0.902984 70
-11.0093 -8.61184 70
-0.110015 -0.381876 70
1.39569 0.631725 70
-10.3682 0.295917 70
0.438866 -0.265546 70
-19.1049 -39.3199 70
-1.48049 11.3076 70
-1.02701 0.966568 70
-9.85464 -8.97027 70
1.22236 -9.02487 70
-21.3334 8.93033 70
-8.78735 -10.6127 70
-9.75547 -9.10467 70
-9.53354 29.452 70
10.2604 9.17832 70
-10.4868 0.00755669 70
-10.5442 8.84973 70
-11.4044 -30.8961 70
-10.9178 -10.2483 70
-11.4882 -0.843829 70
-11.1789 10.9312 70
-18.7444 18.6206 70
-0.927953 -0.674145 70
0.512918 -0.910448 70
-11.418 0.782224 70
8.59201 -29.6431 70
-9.92616 -19.4471 70
-0.289821 0.890413 70
-9.69301 29.9493 70
0.942941 1.36576 70
21.3483 18.7381 70
1.47731 1.45889 70
-19.1754 -20.8345 70
10.2104 10.6619 70
-1.06879 -10.4157 70
-9.43453 -20.2209 70
-0.569215 19.1135 70
0.753826 -10.8003 70
-10.6236 -10.9436 70
21.2592 21.3044 70
1.13938 -8.5407 70
-8.7883 -0.285859 70
-9.82835 -0.103129 70
9.3811 28.5404 70
-1.33021 -1.16625 70
10.313 11.3644 70
-0.513452 0.686442 70
9.76928 48.7986 70
-8.96862 9.16808 70
-10.7911 9.34147 70
-11.3838 10.0164 70
-0.0134988 -0.00502818 70
10.0972 8.68328 70
0.175355 0.333904 70
-0.658931 0.587099 70
-0.668817 0.408144 70
1.34608 -1.28443 70
-20.4 -49.8949 70
-0.891573 0.766167 70
9.13072 0.62851 70
1.21385 0.109689 70
0.176508 19.4426 70
-0.431962 0.634418 70
-10.5397 -1.48555 70
-1.07977 0.504975 70
30.0481 41.2491 70
19.2275 30.3565 70
20.7022 30.8693 70
10.5689 40.6335 70
-0.0403722 -0.401973 70
18.7112 -9.26822 70
20.1796 -9.27587 70
-29.7759 20.8259 70
10.8155 -1.02411 70
29.8054 -29.9222 70
1.15527 11.1538 70
-1.35579 -0.791727 70
-0.90141 9.55557 70
-10.1259 9.75836 70
-0.922668 9.21489 70
-19.5894 -0.384663 70
-9.436 0.280298 70
0.705014 -0.0981069 70
-1.3606 -0.0757058 70
-0.960496 9.24307 70
1.25589 -9.25641 70
-19.1459 -20.3386 70
-8.82491 -10.7021 70
-30.7443 -21.2956 70
1.20947 0.203769 70
-10.4172 9.47427 70
-19.4014 11.0951 70
0.798444 0.357754 70
-9.75919 1.49106 70
-10.78 -10.3394 70
-1.05386 11.1552 70
-9.96357 -1.25468 70
-1.07579 10.1151 70
18.9016 -11.0061 70
0.701946 0.121061 70
-1.17248 -1.07254 70
-20.7337 28.6855 70
-11.0812 9.31104 70
-9.8529 8.51978 70
0.499888 -1.10951 70
-19.071 1.11566 70
-19.9202 -1.15384 70
-19.9853 -20.4633 70
-38.6915 29.0822 70
-0.428911 -0.336504 70
0.72806 9.42856 70
9.21741 -0.125887 70
9.0513 8.7246 70
-1.35702 -0.903871 70
-1.10771 9.60017 70
-9.30894 -1.24063 70
0.0296488 0.0996797 70
0.619605 -0.482414 70
0.970663 10.7874 70
20.6762 -20.6339 70
-9.02144 -0.678771 70
0.93773 -1.00657 70
-20.8502 -19.0418 70
-8.92329 0.468354 70
-10.619 -0.183792 70
-10.3491 -21.2378 70
-1.32504 0.894793 70
-8.71777 10.7789 70
0.18304 0.577619 70
10.8291 -0.252045 70
10.2463 1.44622 70
0.433983 8.62601 70
-31.0967 59.1411 70
-0.415916 0.998708 70
-0.516526 21.0784 70
1.04013 -0.365809 70
-11.1368 -0.16604 70
-29.5867 -10.0492 70
0.579701 -0.641372 70
0.596588 -1.48351 70
-21.4605 0.515857 70
49.2921 -40.8367 70
1.35493 -1.38761 70
-38.9922 -11.0019 70
-9.07853 0.478541 70
-11.4128 -8.87147 70
-1.28296 -8.98385 70
18.9396 -9.6077 70
-100.362 38.8329 70
-9.99071 -0.0894739 70
0.957979 9.05832 70
-21.3007 0.00808045 70
-10.3227 9.47564 70
-20.1554 -21.1401 70
-59.1577 30.9639 70
-10.6443 -18.6197 70
-0.413972 -1.21949 70
-19.5015 8.91661 70
-20.7687 -0.692581 70
-0.524328 10.7824 70
-0.47023 -0.937761 70
-10.4472 11.2716 70
30.229 -8.90677 70
-1.15969 0.957876 70
0.892269 9.40402 70
29.9636 -31.0214 70
-0.554168 30.9731 70
-9.86877 0.298636 70
-9.04883 0.671267 70
9.27756 11.3864 70
-10.8766 10.0414 70
1.00871 1.00065 70
21.2446 -0.533448 70
-21.2608 -0.881566 70
-10.83 28.9213 70
0.826716 10.369 70
0.627282 0.791614 70
-1.02362 1.31282 70
-1.33013 -9.51825 70
8.68932 -0.604884 70
-10.9596 8.58308 70
-10.1401 0.712605 70
-9.82211 9.20833 70
0.771756 -0.812495 70
-29.0508 19.3444 70
10.6979 -10.3903 70
20.6408 -10.7179 70
1.37279 11.3289 70
28.8531 -30.9495 70
-11.317 10.9294 70
-10.6341 -0.210794 70
-9.3988 -0.545152 70
29.4776 -0.828323 70
-10.7629 -10.1827 70
-109.727 89.7712 70
-0.653139 0.282465 70
1.0969 -1.29814 70
-0.737523 -1.2328 70
-0.32246 9.5757 70
-0.604601 21.0085 70
1.4337 -0.544004 70
-30.5947 9.82521 70
-0.0544127 -0.509796 70
0.829268 1.11551 70
-9.29124 1.48844 70
-20.5016 9.65259 70
-11.3813 1.20832 70
-11.0048 18.8745 70
-9.69742 19.6499 70
-11.0041 -31.4612 70
-11.0941 -0.228693 70
0.413313 -1.20087 70
-9.76266 9.7068 70
50.7279 19.2217 70
-10.7573 10.2488 70
-9.57949 1.4922 70
-9.49458 0.693486 70
49.2597 -11.2545 70
18.8669 -0.779098 70
41.2235 -40.5201 70
-8.66717 0.931054 70
0.234395 -1.17352 70
-9.57623 19.4793 70
0.84021 -0.666572 70
0.57629 1.44771 70
0.156048 1.22874 70
0.200584 -1.25715 70
-38.5754 10.9365 70
-9.17353 -1.02419 70
-10.3756 0.726207 70
11.0048 -11.3401 70
-0.489997 1.42871 70
10.2242 1.08826 70
-1.42647 0.0530939 70
-0.198241 0.972339 70
10.0284 -28.8591 70
8.82792 -0.416268 70
11.2 29.0893 70
68.6508 -9.82654 70
-0.483337 10.1039 70
-10.1729 19.0243 70
-49.2564 -60.8047 70
-11.1408 -0.120124 70
-11.0277 9.47181 70
0.973244 -0.63341 70
1.05848 1.09199 70
-31.0689 -48.6821 70
-1.43658 -8.5439 70
-9.18627 -31.2391 70
-0.660892 0.925764 70
0.810015 1.2067 70
-1.43867 -19.7797 70
-11.2427 10.8525 70
0.54724 -0.583372 70
-0.707 31.2994 70
-0.358775 30.534 70
1.33845 -11.1589 70
0.0930643 -1.40865 70
0.611136 -11.2197 70
-41.091 -29.7963 70
0.406921 10.5736 70
-1.05293 -1.46356 70
0.142667 0.248233 70
1.18994 -0.111465 70
1.11243 0.349045 70
-21.2602 61.0354 70
-8.72588 -10.9226 70
30.1456 -30.978 70
-8.9278 -0.219461 70
-69.6848 59.9985 70
9.23552 -21.0464 70
-18.8329 -1.4524 70
-9.23859 -0.737127 70
-10.9489 -0.803737 70
-9.81822 1.30929 70
-0.842329 1.11642 70
-28.5351 -21.2884 70
-10.7866 1.03331 70
-11.0705 0.702345 70
39.8335 -1.31454 70
-9.54927 9.44213 70
-11.1986 -1.05886 70
-9.71222 -11.0041 70
-0.108764 0.389342 70
-9.11546 -10.5472 70
-10.5724 10.6227 70
1.11366 -0.325435 70
-9.34225 1.02255 70
18.7184 -38.7926 70
68.9235 19.8332 70
71.308 20.9288 70
-10.5673 -0.0634299 70
-0.888314 8.52009 70
1.28598 11.0037 70
-0.730883 -38.8427 70
-39.4211 51.2478 70
-38.607 51.3354 70
-8.73348 -8.74623 70
0.336319 -0.150685 70
0.980262 -1.42544 70
-1.26247 0.813009 70
-11.3833 -0.55988 70
11.0885 8.81557 70
-0.446181 40.5145 70
-20.9811 -9.22145 70
-9.26658 11.4675 70
0.912028 -0.980585 70
59.8481 10.9877 70
-8.65204 0.199553 70
0.630229 11.2805 70
1.15271 -1.13023 70
-1.27172 11.3052 70
0.75989 0.862796 70
-28.8562 39.8896 70
-41.3859 19.749 70
-0.435783 19.5411 70
0.799851 21.2128 70
0.020529 0.581437 70
-10.6258 -21.4377 70
-9.37347 19.4089 70
-1.02577 -1.08932 70
-19.5215 0.294078 70
9.28956 -10.0044 70
-0.140847 -1.01547 70
-9.04077 -9.9166 70
-8.77826 -0.780476 70
11.2287 9.74829 70
-8.73426 1.45478 70
-10.8951 -8.96062 70
9.61458 -10.3062 70
-0.353742 -9.82106 70
-0.238754 -0.174322 70
0.946595 -0.569169 70
-0.142267 -0.16112 70
-30.9793 -19.3242 70
-9.7702 -0.785378 70
-1.06594 1.20975 70
-1.3073 10.4625 70
-10.783 -10.6035 70
0.99388 1.185 70
-21.1914 -0.717033 70
-9.35836 0.195748 70
49.2243 -30.8242 70
-30.0196 -11.1634 70
0.80229 0.288958 70
-0.605726 0.788172 70
-1.23682 -0.634272 70
-10.9486 0.920311 70
-80.4718 -78.591 70
-0.676643 0.656474 70
0.264919 -0.0693601 70
51.3036 0.451182 70
-10.6415 -9.48261 70
-10.3544 0.453829 70
-40.5493 39.3651 70
0.187522 11.3968 70
-8.69173 9.31151 70
-9.35388 -9.86028 70
-9.70025 1.2356 70
8.6837 -0.639662 70
-8.83388 10.4719 70
20.6677 -20.1026 70
0.96563 0.813156 70
0.309957 -1.08597 70
-0.609941 0.278608 70
-10.6873 -0.567478 70
10.0466 -10.1937 70
-11.0713 9.13658 70
-9.56657 9.04581 70
11.4303 -9.09421 70
-38.5132 50.4414 70
21.4056 -1.41671 70
8.67132 10.3032 70
-68.6047 31.1627 70
29.7805 71.019 70
-19.6624 -0.686835 70
0.230563 0.115846 70
-19.1963 8.85011 70
10.9311 -50.6669 70
-49.1081 -10.9866 70
-9.36584 9.49832 70
-0.173097 -1.15798 70
1.27402 0.148552 70
-0.727744 19.7991 70
-9.94205 -19.3925 70
-1.35426 0.662368 70
-10.4618 -0.852565 70
-0.781883 -10.1961 70
-11.0888 8.75018 70
-1.27031 -1.1915 70
0.664484 -18.8378 70
-30.1164 10.644 70
0.8027 0.962475 70
0.104542 0.785293 70
0.370591 -0.924056 70
0.367726 11.049 70
1.24614 28.9963 70
-10.9855 9.11719 70
-9.91069 0.557061 70
-9.84589 1.15462 70
31.4714 9.34248 70
30.2725 9.04879 70
-0.14991 -11.2601 70
1.15375 -8.98754 70
-1.46338 9.56097 70
9.81929 58.5218 70
-9.88312 -1.21979 70
-10.1301 0.676883 70
-41.2994 48.644 70
-0.399577 28.8371 70
-40.4468 1.26248 70
-19.8637 28.6533 70
0.987375 11.2624 70
-9.72125 20.2407 70
-9.95304 0.111817 70
-8.60468 20.0674 70
0.596399 10.055 70
39.6267 18.6864 70
21.2602 -21.3093 70
-20.9352 19.3543 70
-29.0252 9.97573 70
-11.2834 -0.351547 70
29.2937 -20.1546 70
-9.87875 -10.3367 70
1.08346 1.16717 70
0.0868204 -0.694751 70
-1.33416 0.351847 70
-10.9989 0.639435 70
0.91038 -8.88074 70
-8.94534 0.145604 70
-21.192 -8.91341 70
-1.28196 -0.984821 70
1.30839 -1.05784 70
-0.576638 -1.44493 70
-8.62737 10.7886 70
11.1673 -19.9691 70
-11.2444 49.9137 70
9.90513 29.5988 70
-10.4085 -49.8224 70
-0.392587 8.62086 70
-0.203219 11.106 70
0.370675 8.71661 70
-0.982773 -9.47932 70
1.20363 9.54703 70
-0.894582 9.36489 70
-9.28843 8.76797 70
-0.0583008 -21.067 70
-9.00773 9.30768 70
-0.122379 0.547259 70
-8.62165 0.510619 70
0.349924 -8.58981 70
21.3948 30.7386 70
-9.95581 -0.241453 70
-10.9861 10.6973 70
-9.22909 10.5738 70
-0.962719 20.1576 70
-0.758695 -1.05248 70
-10.8473 0.578107 70
-0.191338 -10.8592 70
-9.98974 1.0178 70
-0.189691 -11.3506 70
-10.5344 0.0121581 70
1.14978 -10.7817 70
0.0540299 11.4169 70
-1.4878 0.979008 70
-8.8388 -0.573185 70
-1.33246 9.78055 70
-18.9167 -9.9505 70
-19.7708 9.87987 70
1.44834 -19.386 70
-0.557224 -10.4287 70
-18.6579 -10.2154 70
-29.2182 -28.5282 70
-29.2512 -30.9745 70
-0.301782 11.1058 70
-8.88943 -0.0409984 70
-10.4665 0.358354 70
-8.7938 11.1393 70
-9.39909 -10.7509 70
-10.4989 -0.465938 70
0.316794 0.293035 70
-10.2346 1.47254 70
-10.5228 -1.09543 70
-8.9616 0.998808 70
-10.1861 9.82717 70
-9.73477 19.4897 70
-10.9084 -11.4514 70
-8.77199 -0.790808 70
-59.1401 8.88642 70
0.505863 9.8033 70
-49.6375 -70.6831 70
0.349449 -1.26947 70
-21.1084 9.25766 70
1.37447 -0.249901 70
0.11616 -1.17813 70
8.77596 20.546 70
0.614733 10.8357 70
-8.98551 -11.0948 70
-29.8396 20.068 70
-11.1385 -1.06185 70
-39.2563 18.7205 70
0.810743 0.853208 70
9.11658 0.0737027 70
-10.7996 -21.2631 70
0.666266 -1.05734 70
1.23242 -11.4618 70
-0.517379 11.4839 70
10.144 -1.44188 70
-1.33568 -0.101765 70
10.6779 30.9617 70
-10.5808 -0.161446 70
-0.470452 0.958482 70
-10.55 11.2751 70
-9.01747 9.77502 70
-11.3465 1.47822 70
9.40931 -9.48677 70
-1.08079 -0.239133 70
-10.1077 10.2713 70
-10.3393 10.4314 70
11.1521 9.25905 70
-19.7433 0.354539 70
-1.11276 -0.0179881 70
8.50276 -0.385704 70
