0.420922 -0.673158 70
1.21191 1.34874 70
-8.94035 11.288 70
0.700009 -9.58253 70
-9.58757 -0.693992 70
-8.50659 -20.0322 70
-19.3951 -1.0506 70
-1.38325 18.6504 70
-90.3713 -10.3126 70
-88.5509 -9.51613 70
-0.119089 0.70337 70
1.29054 10.2825 70
0.635377 0.110683 70
-1.28691 -1.32524 70
9.70447 -11.4678 70
1.03453 0.579664 70
-9.23489 0.803493 70
1.03851 -1.40443 70
-0.711101 -0.100229 70
-79.9657 109.372 70
0.00776024 -0.440876 70
29.4443 -20.6119 70
10.6449 -1.49638 70
-1.2143 20.375 70
-71.1242 48.7728 70
1.38832 10.0112 70
-9.48611 10.4712 70
-11.133 1.35544 70
-0.0659064 -1.22939 70
10.7594 10.3224 70
10.1045 1.48866 70
-9.5608 10.5469 70
-0.71538 -11.3267 70
9.05957 10.3514 70
20.6926 -11.4849 70
19.053 -18.6475 70
-30.9449 -21.4221 70
-0.0522024 18.9186 70
0.511753 10.6817 70
0.998338 19.6734 70
79.1666 109.665 70
1.41372 1.17926 70
0.151758 -20.727 70
-9.39612 -0.735804 70
-0.259673 -0.35919 70
-9.68463 -0.054603 70
-20.242 9.44019 70
-9.17019 -1.09867 70
-10.5315 0.839678 70
50.35 -0.50671 70
-0.877369 0.373167 70
0.650156 0.968616 70
-69.9128 49.6961 70
-11.4835 19.4391 70
-11.4095 -19.8557 70
9.90317 9.05282 70
10.0405 -11.4026 70
-8.59913 -10.4023 70
-19.1396 -29.9299 70
0.0819394 0.706204 70
10.7081 -0.916553 70
0.881157 0.844451 70
-60.2207 1.28802 70
1.20488 0.914452 70
-0.716024 19.0413 70
-0.983497 -0.273669 70
10.1728 -11.0775 70
0.270913 21.007 70
-10.9494 -0.15971 70
0.726741 0.368512 70
-29.0893 38.548 70
-8.79174 0.618282 70
-20.5063 18.948 70
-9.53094 0.499217 70
0.0101086 -0.745655 70
-11.1294 1.49965 70
-1.13131 -0.949205 70
0.0988742 -1.47895 70
1.18539 10.055 70
1.39451 -0.343424 70
-9.17985 -0.588362 70
9.33856 9.57641 70
-11.1027 1.04459 70
-31.0008 -9.85312 70
21.1195 40.4241 70
1.18547 -0.438181 70
-0.156939 0.104099 70
-11.4605 0.397085 70
-11.4535 1.35717 70
-29.3092 21.2706 70
9.553 -9.24358 70
-0.308616 1.31131 70
-9.91678 -0.941133 70
-9.43911 9.73117 70
31.4372 -11.484 70
-10.7828 29.9467 70
-0.960429 -0.780701 70
40.3616 -1.45615 70
1.43428 1.31851 70
20.0533 11.0565 70
-21.1173 1.08365 70
0.0988866 0.246427 70
-0.106342 1.49562 70
-9.24369 1.18537 70
1.15511 1.15438 70
-41.4128 8.79712 70
-9.49855 -11.0185 70
-30.1145 -10.9033 70
-11.0605 -1.09968 70
-9.70243 -9.83689 70
-0.474924 -0.840656 70
0.458864 0.924954 70
0.406515 10.6269 70
-10.0757 -20.198 70
-0.0670302 -11.1106 70
-19.9845 -10.1372 70
-20.8698 10.7283 70
9.47921 -0.764995 70
-9.26956 -20.5628 70
1.42029 -9.4754 70
-9.24435 1.07937 70
-1.03664 -0.766466 70
-10.9374 -0.705706 70
-1.379 -0.0906186 70
1.42719 1.37296 70
-11.2403 -8.98484 70
0.758566 -1.04467 70
-9.64689 0.299837 70
-1.35286 -9.3987 70
-1.34473 11.3976 70
1.4768 10.3976 70
-11.3347 -0.207861 70
-1.33284 -1.07507 70
1.21045 1.21398 70
11.2313 -1.10225 70
-0.162081 -0.0105078 70
0.169615 -0.166597 70
0.187317 -0.57706 70
-60.7079 -39.8788 70
20.1822 -0.745414 70
1.27843 0.134554 70
48.5431 -70.6889 70
-0.998336 0.982288 70
1.33438 -1.40182 70
-0.279968 0.020141 70
-0.553116 -1.23104 70
-9.43072 20.3471 70
10.4418 -9.72592 70
0.164076 -0.798669 70
-9.33652 0.707668 70
9.64149 0.26138 70
10.3516 1.4059 70
10.5528 18.642 70
0.144588 -0.217195 70
0.710734 0.666134 70
-0.368027 0.114868 70
-9.90162 -10.7522 70
-0.516334 0.0473406 70
-1.25768 -1.3777 70
-9.28581 9.89764 70
-10.552 -0.550323 70
0.557237 -19.5391 70
-21.3663 -31.1173 70
-9.43578 -10.7838 70
11.458 88.7595 70
-19.0233 39.4092 70
0.0706034 0.43404 70
-11.125 0.268216 70
-20.8296 -38.7774 70
1.30652 8.87051 70
-10.8162 0.40963 70
-10.0654 -0.0210208 70
-9.62451 -10.7521 70
-0.958882 -0.839643 70
-0.517716 -9.6818 70
-21.1746 -10.5559 70
-30.6612 18.8301 70
-8.71469 10.3371 70
0.745012 1.09156 70
-1.34945 -0.704474 70
1.47483 0.740045 70
-0.187362 -0.695723 70
-0.286721 -0.00324693 70
-9.76071 10.0711 70
-9.94527 0.718361 70
31.1408 9.48813 70
-0.683267 0.603522 70
-88.738 -79.7636 70
1.0047 0.641352 70
-0.959102 10.6005 70
-10.2887 0.41429 70
9.57632 -19.588 70
0.794076 10.3569 70
-39.9239 -20.6391 70
9.82757 -10.9741 70
10.8401 -20.7186 70
-11.0862 0.887895 70
-19.4093 0.491463 70
-9.25168 -10.5172 70
30.7836 -10.6571 70
-10.4603 -50.6731 70
1.14412 1.26327 70
1.08443 -9.24012 70
-10.6347 -1.35949 70
-21.3797 39.9699 70
0.18252 -1.31624 70
0.11935 -10.28 70
21.1871 -0.479515 70
-0.461766 1.07092 70
-18.5862 0.640889 70
9.45274 -20.7126 70
11.1172 -10.738 70
-0.103377 0.151519 70
10.4124 -59.2406 70
-0.515378 9.37684 70
-11.1884 -0.573768 70
1.4061 10.4889 70
-19.4403 -19.3261 70
-10.6735 0.912963 70
-9.59496 -0.547921 70
9.7824 -0.982888 70
0.0697721 -1.05508 70
-11.3137 71.4223 70
-8.50362 9.95305 70
-0.758965 0.370566 70
-9.55521 -8.56486 70
0.83002 39.103 70
-0.526597 9.15679 70
-20.2146 -0.238357 70
0.231339 -0.589271 70
0.167693 41.495 70
30.0035 -0.162139 70
0.830568 19.5023 70
-10.2317 21.285 70
1.32702 0.637636 70
-10.472 8.72522 70
-11.176 18.6624 70
-21.3974 -11.0085 70
-1.13669 20.444 70
-11.3713 -0.565858 70
-0.652257 0.245176 70
-9.43504 -11.3411 70
-9.2547 -10.8073 70
-11.2784 -0.86471 70
0.371949 -1.32649 70
-0.0843073 -1.45466 70
1.33479 -0.928152 70
-9.76884 9.70489 70
-9.02166 9.4136 70
-9.9274 -30.8348 70
8.73825 -10.1116 70
0.653929 1.11517 70
0.431466 -8.76329 70
0.904072 20.2181 70
-1.31935 0.622791 70
29.9863 18.6819 70
-10.353 -1.31916 70
-9.09643 -0.154695 70
-1.12123 -9.50596 70
0.293772 1.45141 70
-1.01214 0.725608 70
-19.211 21.1537 70
-38.5755 -20.8851 70
-0.115106 11.4701 70
-0.0696033 -8.56369 70
-31.4869 29.4132 70
-1.09942 0.679105 70
0.0949548 100.598 70
-8.91874 -9.26384 70
0.686414 0.220314 70
-9.0825 -1.00876 70
-8.65572 -31.1398 70
-9.38509 -0.159077 70
-8.58883 1.38256 70
0.0509846 1.02303 70
-91.4704 -70.4816 70
-0.456744 -10.564 70
-0.451679 9.99861 70
-1.42381 10.7355 70
-0.726733 -9.47867 70
19.8431 50.8739 70
48.891 10.3294 70
-40.3389 -31.1478 70
1.43425 -1.397 70
10.9416 -41.4225 70
1.17928 11.3501 70
0.736314 1.12681 70
-8.51337 -0.158683 70
1.45905 1.46115 70
9.6727 -1.4627 70
-0.866592 -10.2962 70
-18.7439 19.3307 70
-0.163645 8.6553 70
-10.1846 -0.0102198 70
-0.62862 -10.8633 70
-8.51756 -11.182 70
0.379953 0.0891569 70
1.42854 20.9775 70
-10.1026 1.23079 70
-11.1715 0.172001 70
-0.509765 -80.4446 70
0.202848 1.20481 70
20.5815 -10.9035 70
-0.508436 1.18478 70
11.2708 -0.162948 70
-0.640639 0.764174 70
-28.6736 8.52565 70
-0.667732 -0.814419 70
-0.248998 -0.0487562 70
1.07923 -1.32409 70
10.9483 -8.88804 70
-48.7078 -31.2153 70
-9.08048 -0.672085 70
-31.2231 9.9423 70
-1.33997 -0.528047 70
-0.313387 -1.08079 70
-0.568363 0.501853 70
-0.504243 -8.94075 70
-10.8843 0.529723 70
-10.4306 -0.239248 70
-20.6514 9.00673 70
9.66038 0.930001 70
-10.6184 0.960323 70
-9.51721 -0.185492 70
0.428132 -0.0246144 70
1.25636 -1.34424 70
-9.57749 -0.673473 70
38.6978 39.8052 70
60.9939 0.943003 70
1.21734 -10.5499 70
31.2337 0.32156 70
-1.48049 10.5449 70
-10.3411 -11.1839 70
20.9457 -59.9304 70
-8.52564 -10.7185 70
-0.427228 11.1718 70
8.55954 -0.930021 70
1.28466 0.66406 70
-0.503078 31.0294 70
1.11192 20.8792 70
-0.689298 -0.426593 70
-8.83679 9.53206 70
-1.42975 0.0710275 70
10.0856 -0.905075 70
-9.26712 -8.68418 70
-0.715359 1.42368 70
0.669301 0.711089 70
-0.944528 0.0280402 70
1.35786 -0.921173 70
1.4121 -8.72352 70
-1.17628 0.441183 70
-9.30443 10.1057 70
-1.14643 1.49934 70
1.20632 -0.157596 70
10.0578 -9.18329 70
-11.0237 10.7612 70
-11.3301 9.68537 70
0.697867 -1.23008 70
-9.0094 1.47162 70
0.0718453 1.40844 70
1.07706 9.18265 70
-9.98279 1.32258 70
-1.4292 0.554893 70
-18.9206 49.8617 70
0.00268496 -0.560492 70
-18.8072 -29.3402 70
0.888425 -11.1451 70
0.118429 -0.558919 70
-50.8804 -11.2108 70
-8.71584 -0.052824 70
29.9449 -19.6024 70
-10.1893 -9.13341 70
-18.9257 -8.64772 70
-51.0937 -0.828082 70
0.705539 -10.1741 70
-1.21617 -41.0652 70
-30.5828 -11.4977 70
0.593328 -18.5978 70
0.825964 0.467734 70
-30.2306 19.9159 70
0.877648 -1.34522 70
-8.60216 10.1742 70
1.35553 -11.1658 70
-9.57731 0.483528 70
-1.47921 -0.228842 70
-0.895359 0.201146 70
-0.564179 -1.48998 70
-9.75879 -0.422545 70
1.07994 -1.39546 70
-19.1366 19.9029 70
0.111103 1.32399 70
-19.1053 9.37922 70
10.6755 -10.5861 70
0.069242 0.0295358 70
-0.708783 -0.0754657 70
-18.8471 -39.9453 70
9.24225 -1.4166 70
-90.1923 48.5338 70
-19.574 -0.0713994 70
-1.06982 -10.2437 70
19.5969 18.5832 70
-11.2086 -20.8023 70
-9.80918 -0.752392 70
-9.06909 0.0127368 70
9.86133 8.88625 70
-1.38202 0.038987 70
1.48007 -0.776027 70
0.0668338 -1.35295 70
-0.313205 -0.142916 70
-0.518559 0.11324 70
-10.9482 -1.13785 70
8.64463 0.437408 70
8.50967 -0.564054 70
-11.1609 -0.466031 70
-8.73008 -10.2708 70
0.367764 -1.17955 70
-0.789923 1.20164 70
0.928974 -0.760706 70
-10.1725 -19.2715 70
-0.162649 10.3483 70
-10.9858 -0.631555 70
0.991743 1.36219 70
-11.0699 -0.800312 70
9.82834 10.3891 70
-8.65773 49.9906 70
-9.61246 -8.61646 70
-11.0884 0.425209 70
48.7799 -9.9229 70
0.541981 -1.10783 70
-1.08844 -8.55833 70
69.736 49.9198 70
9.29798 -30.8005 70
0.381738 -0.956216 70
-0.406621 0.61084 70
-1.29121 -0.897691 70
1.34585 9.19046 70
-9.68062 0.117005 70
8.76973 61.4907 70
-1.07504 0.28251 70
41.3653 50.1753 70
11.2999 9.17743 70
-0.224275 1.00005 70
1.41452 -0.931803 70
9.96502 -8.61447 70
10.3134 -9.54833 70
-0.15501 0.213367 70
-9.47468 0.775532 70
-9.47137 -1.37939 70
0.566342 -0.520252 70
-0.311132 -10.7408 70
10.1451 11.3968 70
-11.4598 0.874658 70
1.15713 10.9496 70
30.2339 -0.946099 70
-19.5148 1.2444 70
0.69384 8.82327 70
-1.40015 -20.5056 70
1.45775 0.232971 70
1.4175 -0.432404 70
0.492123 11.2907 70
-0.739072 0.254623 70
-10.393 -0.455416 70
-10.3626 0.847919 70
-0.205639 -1.26467 70
19.0091 8.98553 70
-8.70628 -10.6109 70
-10.3213 10.9636 70
-99.2038 10.8534 70
10.5127 -0.312611 70
-1.17679 -0.203169 70
-1.19311 -0.517228 70
0.473591 -31.384 70
49.2629 -1.12396 70
-1.06232 -0.688676 70
0.0068712 -10.5795 70
-1.28037 8.81293 70
1.00363 -1.20059 70
-10.5121 -10.2585 70
-20.5332 8.70597 70
-8.74328 0.428784 70
-0.12017 9.20469 70
10.3746 -10.9927 70
18.9392 0.33313 70
-0.155137 -0.373403 70
-29.2532 -41.2107 70
-30.0583 8.672 70
20.6113 -11.0969 70
-9.47235 -10.0746 70
0.40761 -20.0163 70
0.662171 0.149889 70
-0.894804 -1.01073 70
-11.3437 9.41388 70
-0.933973 -10.3428 70
-0.786133 8.59596 70
9.4895 31.1804 70
9.17159 30.6289 70
-9.25442 29.2163 70
-11.1406 21.1628 70
-8.87075 9.30594 70
-0.219295 -0.617263 70
10.5344 -9.84976 70
1.13697 -10.9168 70
-0.926497 -0.429402 70
-18.6383 11.4087 70
0.523388 0.740807 70
-1.23138 1.38349 70
10.0025 -9.88453 70
9.01764 -8.92344 70
10.3101 -9.1368 70
-9.99792 0.8706 70
1.43201 -0.409753 70
20.7756 -19.4091 70
-0.289113 -8.96704 70
0.241612 -0.0463987 70
-20.56 -18.7583 70
1.39477 -9.47431 70
-11.2248 -20.1975 70
-0.688987 -0.905292 70
-0.615492 -10.702 70
-9.42765 1.33203 70
-8.58288 -0.455412 70
18.5755 -19.7559 70
0.725802 -0.464213 70
-9.73954 0.118369 70
-10.9366 9.60431 70
-10.6833 1.05884 70
51.4603 -21.0994 70
0.297903 -0.238673 70
29.2229 29.9564 70
1.06708 -11.3373 70
21.2723 19.779 70
-1.46767 -1.23921 70
-0.743975 0.520468 70
-1.06539 -1.36135 70
-20.1727 19.1551 70
-9.61494 -0.249357 70
-1.24242 8.89132 70
1.01844 8.69211 70
0.0166806 -11.4149 70
-38.7443 -101.337 70
-21.3766 -19.6111 70
-1.22269 -0.995992 70
-9.43343 0.855665 70
-1.27255 0.289041 70
-1.27933 -8.63938 70
1.36198 -0.718018 70
19.2594 -1.43088 70
-0.784554 1.27202 70
-9.25316 10.18 70
-9.57397 11.3764 70
-0.7867 -10.1852 70
-11.0036 8.68323 70
-10.2453 0.588475 70
-21.4884 0.757756 70
-8.68142 10.8696 70
-10.6266 -0.0451036 70
-8.58164 -10.3726 70
-10.4313 -1.17894 70
-10.1699 -0.431327 70
-11.2739 -0.528103 70
-10.7536 -0.514489 70
0.749595 -0.24824 70
-20.1807 -0.246927 70
-10.0993 0.291443 70
-1.15981 -1.10231 70
-0.270472 1.40283 70
11.3834 -10.7822 70
-1.09079 1.35729 70
19.5588 10.1764 70
-9.32656 -10.4992 70
-21.1869 -1.49415 70
-11.3107 -1.00397 70
-20.8057 51.0907 70
1.02489 1.10252 70
-10.2962 -1.00176 70
-9.32967 -20.6994 70
-10.1164 11.0396 70
20.3433 -8.91975 70
-10.7942 0.253529 70
-0.0970175 -0.370498 70
-10.8887 20.3556 70
-0.265381 -1.39802 70
-20.758 1.02177 70
10.6371 19.821 70
-8.63283 10.5285 70
-8.75469 -0.44703 70
-30.1193 40.9118 70
20.2728 -29.1797 70
-10.2459 -18.6471 70
-20.7028 0.709482 70
11.3164 0.775192 70
-8.92258 10.5279 70
-1.49748 0.0196942 70
-1.01049 1.21875 70
10.2853 -9.84738 70
9.58986 8.94646 70
0.395844 -28.7156 70
-9.24396 8.68966 70
0.118292 -10.2847 70
-11.2969 1.45717 70
-1.05665 -0.817138 70
-21.0666 8.50731 70
-0.771035 -19.2425 70
1.3176 -11.4019 70
0.979737 0.878765 70
-0.348726 0.0534997 70
19.2968 19.8945 70
1.0138 0.747665 70
9.12994 41.1744 70
-29.46 10.839 70
0.458139 0.644525 70
-8.64383 9.98002 70
-21.0067 1.10273 70
0.275986 -9.22153 70
-10.9467 0.616845 70
-9.22854 -50.5721 70
-40.9818 20.6388 70
-9.90334 1.09758 70
-21.451 18.7791 70
-0.00270554 -10.3708 70
10.3954 -9.74919 70
-11.3992 8.51511 70
-8.96026 0.836848 70
-0.559677 0.757934 70
-0.692433 -10.9202 70
-0.177556 -10.872 70
0.755948 -0.898947 70
-1.04719 -1.13501 70
-1.11617 1.04298 70
-0.602824 -0.343267 70
-8.82016 0.321147 70
9.21341 20.6767 70
10.5067 0.692743 70
-9.63528 8.64927 70
-0.247841 1.26847 70
0.161082 -10.3929 70
0.542651 -0.869858 70
-9.41688 1.26354 70
-11.2207 -1.12417 70
0.77337 59.9661 70
8.66646 -1.01443 70
8.70863 -20.9825 70
-8.60122 1.20656 70
10.9998 0.485742 70
1.40495 -0.322889 70
0.022718 8.73559 70
-10.8429 9.8841 70
-10.6163 -0.947261 70
-10.2795 1.11438 70
-0.667501 -0.171789 70
0.979322 -0.417138 70
-11.129 -0.921795 70
8.55071 1.46792 70
-10.6914 -0.310898 70
-9.24561 1.39841 70
0.558657 1.31809 70
9.16837 90.9865 70
-1.06543 0.349763 70
-9.93776 11.2601 70
-9.04464 -19.6697 70
48.6048 -20.0928 70
-31.0241 80.5353 70
29.8103 8.63543 70
-19.6861 21.3222 70
-9.01524 -8.71619 70
-39.3946 -39.0478 70
-10.7778 0.813165 70
-1.18622 9.15071 70
9.08464 -8.80322 70
0.334785 0.759013 70
-1.18243 -9.58329 70
0.296362 -21.0601 70
-0.365662 1.34076 70
-0.108881 -1.38094 70
-1.19256 0.599742 70
9.25442 -31.2811 70
-9.71936 10.6302 70
-0.5759 0.0195658 70
-10.3561 -11.0129 70
-0.349006 0.54242 70
-0.333646 0.858407 70
-19.1492 -0.826444 70
-9.96924 -8.67942 70
-19.8602 11.3309 70
-19.8249 -10.9089 70
-39.219 -9.05796 70
-0.515265 0.456069 70
20.0195 -19.5019 70
10.0844 0.690366 70
-0.957173 1.02594 70
0.202729 -9.1345 70
-10.2055 9.92415 70
-10.1187 9.45044 70
-8.99543 9.97635 70
1.18687 -0.745164 70
-0.610286 -0.417234 70
-18.5824 -10.0785 70
0.482464 8.63272 70
-1.48449 -9.91396 70
-1.20179 0.331956 70
-0.168694 -18.5195 70
-9.99681 -10.6594 70
-8.67931 -1.109 70
-0.090556 0.636242 70
-50.4139 9.46408 70
0.850087 1.45545 70
-0.404361 1.04081 70
-11.3348 -1.16259 70
9.89869 1.03722 70
-9.86554 -0.225959 70
-30.4593 -0.319699 70
18.7842 -9.38969 70
0.652039 1.17301 70
1.25695 -0.243225 70
9.44203 -28.7186 70
11.236 -28.5256 70
60.5998 0.325825 70
-0.297407 0.107117 70
-1.49832 21.2952 70
-0.950959 0.583286 70
-20.9858 11.1795 70
-0.727906 1.01641 70
-0.834247 -40.7199 70
0.86915 -1.19633 70
-9.05623 1.20382 70
-9.00948 0.991247 70
-10.1319 -1.49215 70
1.26161 -0.0641758 70
0.56032 0.646689 70
-11.3665 -28.9331 70
-11.18 0.901232 70
-10.0854 -1.14021 70
1.01974 10.5154 70
-1.40606 -60.4153 70
-10.1632 -9.3055 70
0.708939 -9.32336 70
1.12327 -9.10291 70
-0.561697 1.12962 70
80.6918 41.1702 70
1.4569 -1.28204 70
-1.30066 1.24504 70
-11.3438 -29.541 70
-0.836651 1.03059 70
-0.401853 -10.7118 70
0.915858 -9.79719 70
0.246734 1.38816 70
31.29 99.9908 70
