0.421965 1.10156 70
11.0417 -0.0858273 70
11.3383 -11.0177 70
20.2652 -21.1824 70
-1.22787 -19.669 70
-0.0921822 -10.3308 70
-0.458108 -8.90049 70
10.3211 -9.16765 70
1.18135 11.1607 70
0.478984 -0.889325 70
1.31726 19.6328 70
-21.4015 0.0157098 70
-20.0313 1.15727 70
-8.71002 9.97048 70
40.7788 11.4101 70
9.92962 0.0672251 70
10.2975 0.13313 70
10.224 1.1158 70
9.82718 -0.144975 70
-79.475 100.092 70
1.1633 19.6513 70
-1.11022 19.7166 70
-0.1099 0.582444 70
-10.4265 19.0484 70
9.47229 9.90165 70
51.2156 19.6247 70
-20.3209 39.8528 70
20.5399 21.3973 70
41.4791 40.4563 70
9.31967 -1.43315 70
10.3937 -0.446993 70
0.930492 9.53517 70
-0.736418 -0.189254 70
0.294311 -0.278015 70
-0.582451 0.125918 70
-9.46422 1.24045 70
-8.91573 -0.264714 70
0.679736 -0.275466 70
-1.1874 0.997614 70
-9.60488 -0.838123 70
10.5386 -10.4809 70
-1.44191 -9.02169 70
10.5217 -10.9624 70
21.1155 30.7373 70
19.0971 31.4079 70
69.6758 -39.9894 70
31.3128 1.25064 70
10.9012 -11.4283 70
11.1883 -10.2123 70
-8.92575 11.1589 70
-49.5297 -21.0852 70
10.2105 -20.8302 70
-30.4379 -10.6107 70
1.46402 -1.22527 70
21.4557 10.2657 70
9.06221 10.3451 70
10.0037 -1.37295 70
11.3079 -0.194252 70
-20.6942 -10.5849 70
10.7249 -28.618 70
-0.505989 -10.4074 70
-10.165 39.6305 70
9.16846 1.03952 70
-0.445167 -0.105969 70
1.11042 -21.0115 70
0.208907 -19.3595 70
-19.5193 11.4729 70
20.9151 10.0572 70
10.0143 -30.2896 70
8.6936 -10.8369 70
-10.1337 0.945827 70
-9.22173 -10.9233 70
21.3381 -49.9415 70
-0.920291 9.66154 70
9.86749 40.864 70
-50.5082 -9.77441 70
28.5053 -19.4502 70
-0.24528 -19.8357 70
0.90558 0.350751 70
-0.759169 -0.0490688 70
0.0821576 0.94569 70
-0.690303 0.295397 70
-0.867339 0.623258 70
9.08347 0.124133 70
9.93498 -1.34716 70
-1.19263 0.604093 70
-9.28524 20.977 70
10.0124 -0.888227 70
9.81684 0.743405 70
-9.25515 -9.22424 70
-0.361568 -30.1259 70
20.1512 -11.3665 70
8.72788 -10.2549 70
19.1055 -11.1942 70
10.3727 -0.984096 70
11.4915 0.478707 70
9.7293 1.48362 70
-38.9502 71.2902 70
1.08238 19.5945 70
1.34423 0.618101 70
1.35444 -51.0096 70
10.2193 -0.988741 70
-118.74 -8.86516 70
-8.74234 20.5987 70
-49.7629 0.668766 70
10.3666 1.26981 70
0.948807 -10.0997 70
29.5256 9.45312 70
-0.88134 -19.6009 70
10.0399 0.904194 70
18.5521 -9.04017 70
8.66741 -9.99572 70
11.3176 -1.09418 70
-9.21731 0.137126 70
-0.325776 -0.662418 70
21.1343 19.1757 70
10.8516 -10.7381 70
18.8581 -10.1351 70
1.37366 0.803823 70
-0.975216 -21.1348 70
9.55963 -1.49602 70
9.75615 -0.725852 70
-20.5964 -19.662 70
-11.3011 10.8503 70
-39.9226 28.9352 70
-40.7782 9.302 70
9.20275 -9.35625 70
9.66138 -0.586019 70
-59.9142 -20.9795 70
-0.961182 -11.4414 70
8.69767 0.135321 70
0.611381 -0.757562 70
20.7998 -10.3654 70
20.5301 1.0049 70
20.5557 -0.317595 70
-11.449 -0.544071 70
11.4912 -0.453604 70
-8.53068 -8.64894 70
10.8559 9.49083 70
10.2131 8.98733 70
-1.44638 -8.55219 70
-0.425994 -0.0580901 70
10.2286 -8.6539 70
-0.829755 -10.8986 70
11.2008 -0.138894 70
-8.76765 -40.7005 70
19.1304 9.43943 70
10.2616 -19.1244 70
0.631677 9.89601 70
8.64045 -0.140314 70
-0.97444 -0.564299 70
-0.240772 1.13941 70
31.4441 -20.7699 70
-9.80517 19.2457 70
-0.395064 -0.977409 70
10.015 0.176115 70
-9.03159 -21.2839 70
9.69541 0.635509 70
28.8374 -18.5555 70
8.59009 1.08993 70
-0.293083 -0.443769 70
-11.3016 -31.4806 70
11.0029 0.932737 70
21.4254 -9.2205 70
8.68673 0.754292 70
1.28805 0.0955662 70
10.364 -0.45373 70
29.1067 40.0493 70
21.1171 -1.10662 70
-0.596643 0.185656 70
21.2504 1.38838 70
8.9302 0.0014835 70
10.0442 1.4055 70
10.1307 -11.1616 70
1.25719 -0.810441 70
-0.572978 -1.48502 70
-0.633375 -1.36304 70
1.02593 0.308055 70
0.955365 -0.813265 70
28.707 -9.03678 70
8.52892 0.53428 70
28.7739 -1.33938 70
-10.0067 0.109212 70
0.107752 10.3696 70
0.895971 -10.3807 70
-8.6738 -9.74504 70
41.0516 -0.1721 70
9.97142 -0.0628874 70
-10.4862 10.7342 70
-0.143556 -1.24921 70
-9.17457 -10.9895 70
9.04824 19.4762 70
30.3758 11.0855 70
20.8614 -11.3564 70
18.7124 -8.95456 70
-1.02854 1.2709 70
0.609132 1.05637 70
-0.838188 -19.2439 70
20.6059 29.1106 70
9.28177 -1.1139 70
-21.0393 39.109 70
0.908245 8.8135 70
18.9035 20.161 70
-20.8679 -0.33815 70
70.3064 -60.8728 70
-21.0855 -9.55268 70
-20.7946 -9.14041 70
0.443337 -0.551677 70
19.9658 -10.3276 70
0.547378 -1.42175 70
10.4495 1.35525 70
-0.581203 0.482252 70
-0.429766 -0.19293 70
8.6388 -10.0563 70
21.0674 -0.172006 70
11.0382 0.120332 70
-0.841282 -0.643057 70
39.4938 9.01979 70
9.40844 -0.214895 70
9.10134 -11.1734 70
9.83352 -9.3213 70
1.39344 8.65023 70
9.58575 -10.7634 70
40.2129 -9.31608 70
0.0227549 0.0725576 70
-8.86559 -10.7081 70
9.24588 1.22367 70
9.12417 -10.1723 70
-0.842506 -1.46354 70
8.80071 0.823543 70
11.3928 -10.1415 70
10.7187 -20.6835 70
-10.2873 1.40907 70
-20.161 8.91182 70
11.067 0.713989 70
-0.244917 9.07183 70
-40.5335 -0.507803 70
-1.12872 10.8838 70
31.109 -20.2413 70
9.06311 -8.97628 70
11.4788 9.06481 70
0.794405 18.5741 70
0.424858 9.19008 70
-39.8315 -9.47848 70
21.1741 0.828041 70
-19.7663 -8.93056 70
-0.987853 0.885602 70
11.4987 8.6092 70
10.4046 -0.887748 70
-11.3514 -21.4961 70
0.11932 -0.386827 70
1.32374 -11.3744 70
0.359695 -1.26067 70
1.42705 0.501323 70
21.2889 -10.4211 70
9.27925 -0.00776257 70
8.62152 0.91151 70
8.9171 -0.222475 70
0.464139 -1.45018 70
9.46587 -0.493259 70
8.91513 0.178955 70
10.3102 0.527253 70
-8.7845 -0.0351382 70
-28.6489 -9.5088 70
10.6313 -0.142314 70
-0.653788 -8.88716 70
1.48658 -9.29879 70
19.5569 9.03769 70
18.6566 11.1422 70
10.0977 -1.40329 70
-0.49501 -1.22834 70
0.948167 10.6767 70
9.9567 -0.820561 70
19.4239 -8.89297 70
10.4281 -1.08245 70
-1.40425 0.86334 70
-0.356825 0.64469 70
10.6291 1.32307 70
-1.18409 -0.819763 70
1.00889 -11.0625 70
-9.88351 -0.64433 70
-8.89555 -20.2981 70
-0.698918 -0.280278 70
9.13865 -9.69584 70
9.57149 -9.53733 70
10.2312 -18.5052 70
0.739846 0.693149 70
8.58476 -10.5883 70
10.2155 -11.3379 70
-1.00334 -0.983738 70
-0.426071 8.89955 70
-21.1639 -31.4371 70
10.602 0.420781 70
20.086 -11.3789 70
8.85894 -9.66319 70
-18.9738 -70.5102 70
-1.4448 0.696665 70
0.108196 -0.615912 70
0.0333196 -9.13976 70
0.758366 -10.3769 70
10.577 0.513968 70
11.3477 -10.4428 70
11.008 -10.5422 70
-9.19605 -0.320581 70
1.32706 -9.33096 70
8.91656 -1.44663 70
0.416131 -20.9131 70
10.6917 -1.19346 70
-10.246 30.7987 70
-1.46291 31.4779 70
-10.632 -10.5673 70
-9.07614 -0.490703 70
-0.141647 -0.553216 70
8.54594 -0.309645 70
0.295054 8.93395 70
-0.127818 -0.152806 70
-1.17288 1.47398 70
11.2248 -8.96893 70
-19.9999 -39.1106 70
9.92312 -0.659528 70
-1.45647 1.46403 70
10.4372 -1.39008 70
-10.2702 -0.967225 70
-1.44873 -0.64452 70
-11.3634 -0.730379 70
10.7764 0.337834 70
-0.303916 -28.9318 70
10.6349 -10.6297 70
1.34237 -9.99647 70
-21.0055 29.6686 70
-0.602276 -0.599307 70
0.179419 0.594501 70
9.0133 1.21449 70
0.544386 -11.2683 70
10.0593 1.46863 70
1.18397 -0.655204 70
-19.2795 9.70864 70
-0.454086 -0.82481 70
11.1795 0.283199 70
9.52625 0.981966 70
1.03329 1.11079 70
19.0015 -20.6743 70
-11.1442 -0.360312 70
-0.0219556 0.162518 70
40.7191 -40.136 70
40.8554 -40.2828 70
10.463 -11.3733 70
11.2456 -11.297 70
-0.197284 -10.4432 70
-50.7825 59.5078 70
11.1522 19.6343 70
-31.4718 -41.135 70
9.66772 -9.21872 70
1.12974 -11.4669 70
0.188799 -11.2739 70
9.50264 11.0512 70
-0.91224 0.454786 70
-1.41977 -1.05433 70
0.506021 -29.1038 70
-0.835595 0.655957 70
0.674271 0.81567 70
60.1189 -8.5631 70
31.3378 10.5415 70
11.1693 0.997769 70
19.0335 -10.4527 70
-29.1983 10.3468 70
-0.520816 -9.1408 70
11.1426 -1.19533 70
1.26259 -0.426219 70
-21.1444 -9.07218 70
41.0604 9.61672 70
9.35366 -1.38173 70
11.2275 -10.1384 70
8.74037 -0.734495 70
10.7127 0.191386 70
0.0951396 -1.24679 70
81.3432 9.72777 70
-1.20979 -9.27115 70
19.008 0.643776 70
-39.8316 29.5846 70
0.440316 11.4991 70
-0.253223 10.5113 70
18.906 -10.0291 70
0.976947 -0.994403 70
8.66664 -11.4295 70
21.167 39.7863 70
1.15579 1.21677 70
9.33555 -0.763722 70
10.0591 -0.986461 70
9.49006 -10.097 70
21.0951 9.95679 70
9.24433 -0.481481 70
10.0554 9.07697 70
-18.6311 58.9477 70
29.299 -30.5782 70
-11.2906 11.02 70
0.467297 -11.3207 70
9.989 -9.42493 70
0.37578 -0.330001 70
0.891189 -0.71391 70
0.265694 -10.4084 70
0.324695 -20.6529 70
-40.9581 -40.8809 70
0.726601 -8.50395 70
0.264891 -10.7427 70
-19.1592 0.59864 70
-1.05818 -9.55618 70
18.8115 10.2535 70
-10.5353 -0.0418668 70
11.0159 0.456634 70
20.4608 41.329 70
-10.4137 0.235024 70
0.903595 -0.642041 70
8.93802 -20.7097 70
-19.3093 0.0288516 70
60.1374 20.222 70
0.911883 0.891861 70
8.92503 -9.97757 70
8.89339 -10.0533 70
11.1333 -20.3998 70
50.1741 -1.01675 70
9.0999 0.140453 70
9.98984 0.46856 70
0.134694 21.1326 70
1.40302 -20.6438 70
-1.11798 -0.670548 70
10.6373 -9.26237 70
0.231599 0.0873647 70
1.4889 0.985688 70
-0.883284 -1.12781 70
-20.5755 29.5402 70
29.5652 -8.68561 70
-0.989292 -10.6172 70
8.51279 0.899936 70
-1.47485 0.763587 70
10.8395 -1.44698 70
10.4748 1.25002 70
18.9468 -10.8921 70
-8.57807 10.3664 70
9.89582 -1.00822 70
1.24091 -1.13493 70
0.837028 -10.5161 70
11.1476 0.527163 70
0.822859 -10.6631 70
20.5919 -18.5096 70
-10.7107 20.4822 70
10.32 9.8413 70
-0.259594 -8.6357 70
0.447585 -39.3771 70
0.028716 -0.853105 70
19.6887 -9.99486 70
9.73466 -19.2446 70
-1.02913 0.174715 70
11.2714 -0.114918 70
-0.227498 -0.995395 70
-19.662 -21.1088 70
0.843754 0.666727 70
-0.687367 -30.3091 70
8.76253 -0.918403 70
10.6039 -0.923115 70
9.87099 -1.07931 70
11.4931 -0.327549 70
1.1539 -0.113204 70
1.43342 1.228 70
0.722258 -21.2145 70
-91.327 80.6599 70
20.2481 -11.3381 70
10.34 -9.26223 70
9.13146 -1.21791 70
30.359 10.8464 70
0.553737 -39.3488 70
-9.99262 0.671106 70
9.68998 -0.591286 70
18.729 -0.502225 70
20.2328 0.24136 70
-9.13798 48.6499 70
0.7151 -101.485 70
11.3901 -1.29757 70
8.77306 0.299691 70
20.0715 -8.95078 70
10.8307 -0.562957 70
0.41586 1.41619 70
-1.41844 10.1296 70
1.23387 8.62156 70
-0.702893 0.124161 70
0.591412 1.07674 70
1.33799 9.49915 70
0.022114 0.877419 70
11.1002 -10.8374 70
-21.3541 -11.2131 70
10.1973 1.37959 70
9.79408 -11.2543 70
0.922305 0.54235 70
9.54775 0.292114 70
29.6195 9.63693 70
-0.152541 -8.63502 70
30.6268 -0.302611 70
-30.6802 -20.6162 70
11.1299 0.0320672 70
9.68769 0.772865 70
9.40277 -0.762357 70
9.80294 10.5473 70
11.3235 1.46645 70
0.281359 11.4893 70
-1.26192 -8.88969 70
-9.79684 -10.3957 70
30.0697 -19.4186 70
-9.37816 -71.4286 70
10.473 1.42594 70
50.4347 -30.202 70
0.433104 -10.6982 70
0.448318 -1.30335 70
10.8109 10.9836 70
10.5421 0.345726 70
-79.8545 0.571566 70
30.1721 -10.7891 70
-0.77333 9.94847 70
19.6582 9.47626 70
10.5516 -1.35247 70
8.95685 -1.39817 70
9.13026 1.33535 70
10.1329 0.55686 70
-8.63569 -10.2875 70
-8.71202 8.99444 70
8.87332 0.12312 70
0.497248 -11.369 70
10.5611 -19.3039 70
31.1327 10.7561 70
31.0064 -0.399735 70
11.3727 8.68407 70
10.4564 0.451962 70
-8.67897 -9.66931 70
-1.36015 -10.2558 70
9.46723 -19.5449 70
10.7397 -19.6062 70
9.22965 -1.33754 70
19.0008 8.66263 70
20.4225 21.2915 70
98.9043 -60.8691 70
19.1353 20.3703 70
39.0786 19.9012 70
-0.828763 10.1867 70
28.8113 -119.08 70
-11.4089 -9.40117 70
10.3287 0.347909 70
10.4748 -1.48555 70
11.3 10.2256 70
0.8625 -0.0570336 70
10.4341 19.3553 70
10.484 0.946247 70
11.2931 -11.2678 70
-8.7965 9.71814 70
9.61832 -0.857658 70
11.1648 0.935624 70
0.110762 -0.739894 70
-11.3541 10.3043 70
-10.1075 9.3305 70
-9.22579 11.4276 70
71.2466 18.5085 70
9.20588 11.3047 70
10.7594 10.1915 70
10.326 10.2865 70
-20.7605 -38.9028 70
-8.62605 -19.1513 70
-0.582149 -0.77641 70
111.036 -70.9981 70
30.1766 -0.90792 70
10.0024 1.04419 70
0.768283 0.744641 70
-1.10729 -0.129944 70
10.964 1.03617 70
-1.47309 1.35399 70
-0.589249 -0.84071 70
0.585387 -0.398313 70
0.656221 -19.6713 70
11.0496 0.175121 70
10.2638 -18.9963 70
10.9922 -19.0222 70
9.77407 0.33802 70
10.195 -0.81118 70
10.8721 0.691415 70
-0.317041 1.17867 70
0.860109 20.8745 70
11.1735 -1.47245 70
10.0903 -9.22557 70
-9.61473 -20.3462 70
1.23382 -48.8868 70
10.2386 -9.21332 70
69.3366 -30.7883 70
1.48734 -0.975946 70
20.013 0.907971 70
10.652 9.53336 70
0.634662 -10.09 70
-0.603849 0.444231 70
8.75596 -0.290573 70
0.54776 10.69 70
-9.57525 -0.43434 70
39.2541 -49.6435 70
-1.23957 -0.703879 70
1.49377 1.01395 70
-9.42611 -8.96048 70
0.88626 -10.5679 70
28.9519 -18.7511 70
-9.09462 1.01803 70
1.39436 19.8958 70
9.27378 -0.217444 70
9.98625 11.3933 70
-21.0889 -28.6702 70
0.925779 0.499147 70
9.18667 0.905679 70
48.6755 -10.3375 70
19.1875 0.577937 70
10.9425 1.3071 70
10.7847 -0.521869 70
20.4545 11.1797 70
9.80655 9.18267 70
9.12071 1.1508 70
30.5128 -9.30601 70
20.6439 -10.6633 70
9.53035 -10.4868 70
29.289 -0.0262354 70
11.0779 1.24242 70
19.0779 -11.2226 70
8.54466 11.1391 70
1.05678 -0.531132 70
11.4987 9.3886 70
-0.561441 10.5166 70
0.227246 -0.04021 70
69.5288 -29.4666 70
-11.3237 -18.5517 70
-0.725464 -19.7002 70
8.79765 -1.47424 70
-8.59349 -10.4686 70
11.4612 91.1543 70
20.7984 8.95224 70
20.483 -29.1243 70
8.5232 0.692059 70
8.7204 1.00639 70
0.272272 -0.620505 70
50.035 18.7667 70
49.4931 20.5444 70
11.0517 -21.0678 70
-0.102371 -19.8543 70
0.215187 -0.383004 70
1.14565 -10.9815 70
19.0543 19.8969 70
9.8789 0.298348 70
-0.861448 -1.05209 70
-1.04783 -1.01756 70
9.81633 -40.1764 70
-0.46778 10.8979 70
0.399314 -10.0843 70
0.995217 1.13488 70
18.7048 -1.0335 70
9.54054 10.2788 70
10.8684 -1.25704 70
18.5909 -19.2541 70
0.653374 0.412042 70
10.007 -1.35511 70
20.6814 -9.11522 70
9.43752 -0.951056 70
21.2378 -0.126596 70
1.12508 -30.149 70
-0.860963 1.45697 70
20.4422 58.9713 70
10.009 -1.41034 70
0.0241605 8.95858 70
-10.9554 -19.2292 70
-21.0229 -1.01433 70
0.604944 -19.9271 70
0.220964 0.378565 70
-0.235873 -20.3733 70
8.61455 -1.38634 70
-1.46128 -20.8748 70
1.00976 -19.4966 70
11.2615 1.14066 70
9.1018 0.0860461 70
10.69 -9.44893 70
8.65568 -10.7795 70
0.550379 10.6067 70
-0.226568 -9.76651 70
-0.386084 -11.35 70
9.07756 -99.435 70
-0.734317 -0.834331 70
18.9544 -8.77139 70
20.6012 -11.1594 70
10.2193 9.69213 70
20.367 -1.09007 70
-10.8806 1.45052 70
31.4385 0.0463552 70
-0.118905 -10.9878 70
11.1192 -9.27098 70
0.610796 -1.19742 70
10.7271 -11.0034 70
-0.871522 -19.5531 70
9.99701 0.581531 70
-0.825956 -19.588 70
0.81428 -1.10527 70
-9.64358 -0.875417 70
8.65284 -1.31961 70
-9.95612 0.727896 70
1.26721 -0.227296 70
0.871194 -0.0999695 70
-30.71 -40.0425 70
11.3667 -0.227659 70
9.11436 0.429059 70
8.97976 0.722426 70
-8.71763 -0.524879 70
-8.50459 -1.16787 70
71.0943 -70.0938 70
8.84067 -11.3006 70
-0.434878 -0.737718 70
0.994927 1.40214 70
10.2694 1.44027 70
-0.845409 0.849674 70
10.1352 -1.24344 70
20.5472 -10.2177 70
-10.691 -8.62742 70
10.9814 -20.7069 70
19.8214 9.89362 70
58.655 -9.81225 70
61.3488 -10.9281 70
-1.40479 0.964311 70
10.7857 10.0939 70
1.12018 9.46629 70
31.064 -0.857567 70
-0.563558 -0.664005 70
11.3058 -0.966935 70
-19.3535 -20.0943 70
-0.126863 0.259979 70
9.60225 -0.0078401 70
11.1143 1.25353 70
9.11172 -9.47724 70
29.9181 0.463667 70
21.3107 0.898006 70
-1.19913 0.0815171 70
-0.108415 1.44529 70
-0.447264 -10.9559 70
-8.88922 0.678111 70
0.998499 0.366941 70
1.45616 8.90904 70
9.17835 10.9992 70
-10.0872 19.3888 70
1.03905 -0.257084 70
-1.06989 -0.0352711 70
