-0.980683 -0.724867 70
-19.2265 -29.134 70
-10.1692 -10.466 70
11.4576 0.173697 70
-19.7119 39.5776 70
-1.34043 0.152249 70
0.0437736 -8.75626 70
-11.0457 -10.1142 70
-0.373029 -11.2538 70
0.41516 0.941775 70
-0.598214 1.27009 70
59.7981 -40.3028 70
-0.507561 0.565367 70
-0.959062 -10.6991 70
18.5571 0.259492 70
-8.87674 -0.341142 70
1.26933 -11.3531 70
8.86349 1.17366 70
10.9782 -11.2485 70
-10.6852 0.470017 70
-0.952379 -9.87658 70
0.389712 -20.0228 70
-0.165036 -0.684281 70
0.00529132 1.41809 70
1.37196 -1.28927 70
-0.527036 -9.6004 70
-0.157083 -0.142508 70
0.167615 -8.60085 70
-1.17734 0.135994 70
-1.01615 1.25243 70
-0.345676 -1.17794 70
0.114524 20.6392 70
-0.0543887 1.45918 70
-0.468981 -1.45775 70
-0.206344 1.08243 70
-9.51266 1.45339 70
10.9245 -8.91614 70
9.867 -8.72109 70
-38.7161 -1.00491 70
-8.92894 0.355627 70
-18.7053 0.879654 70
0.955901 -11.231 70
1.3997 -1.08977 70
-1.44571 -9.1973 70
-0.225387 -10.7959 70
0.363931 -0.836787 70
-10.337 -0.139189 70
28.9463 81.1317 70
-10.7279 -11.2907 70
-10.8288 -0.554845 70
50.5344 -21.4929 70
8.77656 -29.349 70
1.12723 9.33002 70
-20.503 10.3057 70
-8.61257 -9.80164 70
21.2469 11.0982 70
21.2789 -10.7383 70
-10.9188 -18.6076 70
0.44956 -0.565781 70
-18.7185 1.1727 70
-11.1114 1.16503 70
1.01955 0.840928 70
21.4294 -18.7282 70
-89.242 -10.6623 70
0.418492 -1.24818 70
0.9731 18.8012 70
19.0888 10.286 70
-10.8303 20.3706 70
-10.6582 -8.55118 70
-8.55326 0.909638 70
10.4764 1.05248 70
-8.93566 10.107 70
9.08119 -10.6961 70
-9.81731 20.2313 70
-11.0517 1.19012 70
0.763787 -0.281115 70
0.237967 1.21072 70
9.81872 -9.29803 70
0.811654 1.43304 70
0.329268 0.133894 70
-10.4815 21.2275 70
9.91024 10.6907 70
0.885839 1.2151 70
8.76209 -10.3595 70
-30.9966 28.8927 70
-0.771624 0.112977 70
10.1959 0.132206 70
1.18353 0.146353 70
-10.631 -0.519037 70
-0.809416 -0.203437 70
-9.43484 -9.75725 70
-0.204249 -0.762786 70
30.0927 20.0311 70
-0.281904 -0.300413 70
-8.83432 -11.1094 70
-0.251095 -0.928903 70
18.9823 -20.2475 70
49.6662 58.5281 70
50.6758 59.1383 70
-9.20273 -10.6079 70
0.88871 -9.77123 70
-0.182723 -0.0271561 70
1.06406 10.5366 70
-8.78302 -19.7136 70
-1.18862 0.422342 70
-0.67676 -1.06583 70
-30.1927 -0.654066 70
-0.481802 -9.61701 70
0.669825 1.13059 70
-9.33469 -1.44602 70
0.703989 -70.6633 70
1.37367 0.772802 70
-8.55708 -1.10784 70
-1.06592 -10.2213 70
-0.455822 0.178158 70
1.27395 0.343175 70
-8.59078 -11.4109 70
-10.7045 -9.27173 70
-9.61191 -8.597 70
0.754526 0.706278 70
-0.436052 -0.428324 70
9.58825 -8.64731 70
-69.65 8.91788 70
-8.81507 0.783512 70
19.7896 -8.83821 70
-11.3197 10.9113 70
-1.34201 -9.47382 70
-0.471139 -9.74153 70
0.907508 1.43022 70
-20.8668 21.4127 70
-9.90601 -0.741587 70
-10.8734 1.19425 70
-10.9239 -8.53795 70
20.4284 1.47831 70
-9.18831 0.277079 70
48.7394 -19.8625 70
-1.10018 -0.94194 70
-21.2853 9.47538 70
20.6458 -8.58285 70
-10.1743 -38.9159 70
-9.83195 0.0867079 70
-10.9664 -1.24846 70
1.34267 0.254777 70
-1.04177 -1.42132 70
-0.43046 -10.0713 70
0.848916 -19.8021 70
-0.100067 -11.3523 70
-0.721959 0.152116 70
-50.2792 -19.9403 70
9.57759 -70.907 70
1.33452 0.116208 70
-0.497626 -1.39383 70
1.27361 -1.3658 70
0.0493194 10.477 70
0.309544 11.0632 70
59.985 -30.5988 70
-1.05989 -1.17985 70
-0.285341 0.520767 70
-9.01437 8.77447 70
0.813038 -10.4136 70
10.0612 0.127468 70
-21.2731 -1.42301 70
-18.9491 11.0766 70
-9.42935 -0.417155 70
0.132451 -1.07678 70
-10.6873 -9.05367 70
-10.4712 8.58799 70
0.502979 1.17237 70
-0.715281 1.19216 70
1.4072 -10.2328 70
-0.567277 -1.28274 70
-30.944 11.0873 70
-9.18175 -0.362564 70
-0.265365 -9.82593 70
-0.12343 -1.13973 70
-0.0931732 0.0452325 70
29.4963 10.4113 70
-31.0781 -11.1151 70
8.72414 20.3754 70
1.38445 0.948669 70
-8.94883 -21.06 70
1.2282 -10.5536 70
10.5844 0.116623 70
-0.684017 -1.26007 70
-9.2921 81.0105 70
8.66198 9.98603 70
-0.818298 -0.860607 70
0.646123 -9.41341 70
20.377 -20.7396 70
19.5541 -20.0548 70
-1.03395 -1.02856 70
-11.4188 1.16121 70
-21.345 -0.716692 70
0.841771 -8.62831 70
-0.986448 10.0868 70
-9.0256 -0.0768618 70
-11.3098 0.926951 70
-0.320442 -9.10463 70
0.807174 -9.99312 70
-10.5527 -0.20901 70
-0.698328 20.8902 70
-0.403435 11.1731 70
8.78939 8.77777 70
-8.62489 0.211164 70
-9.14028 -0.409691 70
110.436 -0.607957 70
29.7975 -1.44021 70
0.169869 -8.78891 70
-0.928327 -10.0352 70
-0.431337 1.26423 70
1.23825 10.3591 70
-9.93428 -1.40596 70
0.633055 -9.24533 70
-9.68963 0.513755 70
-0.107257 -0.472632 70
0.641884 -10.2445 70
1.3341 -0.667134 70
8.80487 1.40143 70
59.4977 19.8279 70
1.36659 0.19206 70
9.33241 -21.2188 70
-0.070121 -0.663229 70
-81.4666 -38.625 70
-0.733308 -10.879 70
-29.1466 -18.6871 70
0.510265 10.7624 70
-11.1912 -1.20149 70
-41.1371 -31.1911 70
1.0133 0.637328 70
-9.26993 8.94344 70
0.407496 1.22957 70
0.981266 -0.988391 70
-1.25127 8.64972 70
-1.49357 0.854437 70
10.9091 8.64722 70
-8.75767 -0.989818 70
-9.63292 1.12264 70
1.14074 0.337057 70
-1.39734 0.233282 70
8.71377 1.18236 70
10.5503 0.729087 70
-8.73671 0.0875835 70
0.829591 1.36458 70
-1.0984 -9.7153 70
0.998778 -8.52978 70
9.12284 0.548827 70
10.6237 -20.9679 70
-10.4904 -8.54033 70
0.165247 -0.795652 70
-20.4533 -10.9542 70
20.8166 9.07226 70
20.9763 11.4452 70
-0.256182 0.759639 70
-19.949 -19.9168 70
39.6225 -50.9382 70
11.2753 -9.70997 70
39.9534 -21.0614 70
-10.2337 20.9244 70
-9.43335 19.3228 70
-1.37406 -9.31001 70
-0.165843 0.662009 70
-20.6837 -28.5026 70
0.3582 -9.5956 70
0.382789 -0.682626 70
1.44719 1.27721 70
-41.4498 -28.9487 70
-9.05298 10.6927 70
11.2011 1.32856 70
-40.9898 -49.1136 70
-18.9213 1.14954 70
-1.4618 -1.2546 70
0.643537 10.2353 70
1.1086 0.361281 70
-41.1575 19.6629 70
0.0524062 -8.78808 70
10.6408 -8.71147 70
0.905759 -8.72169 70
-10.6564 -10.0428 70
1.06821 0.145986 70
-0.562716 -10.8096 70
-0.952308 -9.77721 70
-19.2993 -9.58339 70
9.14192 -9.26991 70
-0.521786 -0.0361744 70
19.6856 -31.477 70
-19.5864 30.3919 70
8.75524 -38.5131 70
-8.89832 -9.38763 70
-29.8081 -9.71024 70
-20.1744 -0.547763 70
-0.947592 29.1423 70
1.05339 -10.8895 70
-1.05748 -0.982082 70
9.62696 79.9664 70
-19.8379 -1.48615 70
1.2885 8.72064 70
-39.0038 19.5284 70
1.34213 -10.6913 70
10.7263 -18.6295 70
-0.312863 1.32774 70
-0.38522 -0.825975 70
-0.344088 0.628268 70
-39.4165 -21.2312 70
-0.141767 0.805666 70
-8.72584 -39.3625 70
-48.6558 20.4663 70
-9.07756 0.801455 70
0.195749 0.228374 70
11.2201 -0.759489 70
-10.8842 -20.4933 70
-0.355685 0.492841 70
-20.3939 -19.7065 70
-11.3208 0.901278 70
-19.495 -0.980642 70
0.0018421 0.0699813 70
8.86352 -10.2234 70
30.7717 -8.50738 70
38.9394 30.8446 70
-29.0181 -41.2059 70
-29.2604 -39.8494 70
-18.6406 0.0433543 70
0.831919 11.1965 70
19.1049 10.2071 70
20.9408 9.70607 70
1.44567 -10.4234 70
-0.335978 0.718015 70
-1.45197 -0.302728 70
-11.1424 0.859552 70
1.45502 -9.00168 70
-1.17018 0.212157 70
-0.0346773 0.830697 70
-0.366267 0.0328422 70
-10.19 -0.197956 70
-11.1001 -30.735 70
-0.204002 -0.238076 70
-8.94515 -10.2499 70
-0.10989 -0.257312 70
-1.1349 -1.07273 70
-8.76155 11.1566 70
10.1401 -10.2687 70
-0.902382 -10.2525 70
9.40246 -1.04146 70
9.11843 -8.73493 70
10.0653 -8.83372 70
9.91248 39.9981 70
-8.51377 -19.0049 70
-39.0481 19.2426 70
9.75775 8.99317 70
0.923247 0.639321 70
-40.5385 -10.1145 70
8.5841 0.281843 70
-9.2252 1.14523 70
-0.527323 0.676673 70
8.69719 41.4996 70
0.0645082 0.246598 70
10.2987 -9.85086 70
0.860013 1.17314 70
-8.57432 19.5056 70
-0.697981 -0.968046 70
29.4278 69.2727 70
71.0126 90.4568 70
-10.5962 0.366018 70
-0.667037 -1.11209 70
-0.531219 -1.36059 70
0.279669 -20.6803 70
10.1176 -10.7776 70
19.0766 10.4395 70
0.913971 30.0109 70
-0.0652211 -1.28702 70
-0.659966 -18.8731 70
0.792225 -9.48378 70
-20.1472 100.664 70
0.925415 29.2376 70
0.156609 0.385396 70
-0.816455 -10.0896 70
-61.2964 0.957689 70
0.137634 1.11048 70
1.46733 1.326 70
0.764519 -10.0664 70
-1.05546 -0.783536 70
0.445775 -10.289 70
-9.07382 -0.854537 70
11.4769 -20.5749 70
0.770748 -18.9641 70
0.354045 -19.5064 70
9.89033 -1.09464 70
1.44528 -0.934857 70
0.256962 -9.10568 70
-11.2765 -1.44781 70
1.40154 0.458906 70
-0.152532 -9.64644 70
1.19925 11.01 70
-9.22652 -0.733986 70
1.31467 -9.43634 70
9.4859 -11.3028 70
-10.1018 -11.4308 70
-19.7491 0.529386 70
9.67734 78.9514 70
-0.0568388 0.931851 70
-1.24989 -0.882425 70
-19.9037 0.908118 70
-18.944 0.644476 70
0.889014 1.3358 70
0.232866 8.89943 70
-20.851 -8.70799 70
-9.41472 -8.56052 70
-11.4506 29.1681 70
29.6245 -0.892714 70
-0.0774537 -19.6283 70
0.891659 -0.348051 70
-1.08558 0.0380072 70
20.1178 19.3188 70
10.2846 9.24635 70
31.1459 -8.95561 70
-0.411349 0.296389 70
0.657631 -0.11652 70
-70.2953 79.8709 70
-0.151706 0.848556 70
0.839392 0.0665551 70
-18.5752 0.815073 70
-40.4517 -21.3245 70
-19.0084 -41.3662 70
0.752884 -1.27062 70
-1.21028 0.995622 70
-21.0651 -18.9081 70
0.782568 11.3664 70
-18.965 8.67918 70
-20.1497 10.9842 70
21.2865 1.00748 70
0.627104 1.25182 70
0.931119 0.761277 70
-10.3534 -20.7415 70
0.253052 -0.969423 70
1.36486 -31.4029 70
-0.297104 0.973432 70
-1.2772 10.59 70
-0.290555 -41.103 70
10.2219 -9.21141 70
-30.9635 -19.0408 70
1.14113 -0.289472 70
-29.7089 1.02278 70
9.21307 -19.7406 70
-30.3819 -8.58926 70
1.03713 0.0694651 70
-9.12741 9.31203 70
8.94621 18.6525 70
-28.9099 -88.8146 70
-1.00541 -10.8819 70
-10.4436 -1.35124 70
-0.279862 -0.531915 70
11.0297 1.05176 70
70.1068 -30.7197 70
71.4548 -30.0778 70
1.03532 -0.745774 70
-0.527061 -0.0466036 70
-1.45157 0.663736 70
1.19217 0.929364 70
8.83218 -10.0957 70
-10.4245 8.50173 70
9.91639 -10.1547 70
8.97056 19.772 70
-0.382489 -11.3142 70
-11.2979 71.0248 70
1.03703 -11.1781 70
-0.0876016 -10.7598 70
0.598674 0.720859 70
-0.0501022 0.44844 70
-0.0894612 -0.199436 70
10.134 8.6041 70
-0.168782 0.219081 70
50.7218 68.8854 70
0.60584 -10.7416 70
-19.0699 0.784617 70
-8.94675 -28.5724 70
-9.6383 1.31187 70
-28.7706 10.9889 70
-1.35004 -1.42486 70
-19.8956 21.1793 70
28.9131 -59.9359 70
-1.25008 0.510289 70
20.4512 10.9764 70
10.069 -9.63056 70
-0.924436 0.644 70
-10.0227 11.3222 70
0.0339305 1.39263 70
0.859192 1.37924 70
-9.59732 0.20924 70
9.16782 -1.025 70
-8.77597 1.16202 70
-0.333934 -0.975338 70
-0.346392 1.40318 70
-1.23895 -9.81734 70
11.4465 8.88439 70
-10.0015 -40.9996 70
29.8793 1.32639 70
10.8985 18.6948 70
-0.307054 0.172722 70
-0.38562 -0.643222 70
-0.918999 -8.60433 70
0.0912931 0.929618 70
-0.768238 -0.994078 70
-0.0989962 0.729777 70
-9.89414 9.35753 70
1.34269 1.09803 70
0.417503 -10.6537 70
-1.24749 -10.8951 70
1.01458 0.662202 70
-1.3795 0.395306 70
0.797281 10.5216 70
20.6768 9.44028 70
0.438782 -11.3682 70
-0.0426792 -1.05095 70
-39.2913 -10.066 70
-0.804628 0.0656002 70
-19.9394 -9.44095 70
0.249079 -0.699491 70
10.2841 -8.95264 70
-11.4913 8.7942 70
-10.0331 -19.1837 70
20.2289 9.65233 70
0.513858 -39.8326 70
-10.0489 -10.0693 70
-9.24451 1.23835 70
20.6114 -11.3376 70
-10.1061 1.35366 70
-20.9486 -8.86644 70
8.88869 -0.0382913 70
-1.38182 -1.1372 70
1.31504 -10.8399 70
-18.6244 20.4224 70
-0.725214 0.217886 70
-8.83579 1.3126 70
-11.0512 0.107448 70
-9.27982 1.31816 70
-0.785619 1.10513 70
81.4276 -31.3165 70
9.95501 -10.1907 70
-0.869587 -1.37417 70
11.4196 -8.91249 70
0.648907 -0.107258 70
-0.431711 9.10473 70
1.14411 -0.860392 70
0.380208 9.58566 70
-10.0754 -0.484328 70
10.7749 -31.1125 70
-21.4274 -20.2125 70
29.0379 9.12626 70
-1.11654 -10.5606 70
0.561698 -1.15572 70
-1.06475 0.305204 70
0.529114 1.39728 70
1.08425 0.898817 70
-10.057 -0.724145 70
-11.2389 21.1492 70
-29.7968 9.33669 70
-19.3941 19.281 70
20.5379 1.19182 70
-0.654915 1.20405 70
20.2892 0.200231 70
-11.3078 0.874887 70
-8.90867 1.41497 70
-10.9799 -0.856399 70
-0.589897 1.20763 70
-1.14832 -0.621772 70
0.547506 1.49206 70
-8.66598 30.5823 70
-11.4743 -1.08179 70
-9.62453 -0.264201 70
1.10839 -0.672396 70
0.957082 -1.23406 70
-0.639655 11.2059 70
10.256 1.14771 70
-8.50126 -10.0676 70
8.95209 -19.4866 70
-1.29058 -11.1578 70
-0.115391 0.0466672 70
-0.602249 1.13319 70
-20.2821 49.0833 70
-0.237373 -1.44177 70
-18.6651 -10.5926 70
-1.36965 -11.2533 70
-8.58434 -9.45028 70
-0.205967 10.5319 70
-1.42845 -1.1086 70
1.43888 9.87439 70
1.38112 -10.6523 70
-1.05106 0.206742 70
-0.890808 -9.23373 70
-1.16978 -1.07506 70
-0.199541 1.26607 70
-19.7463 1.01008 70
-9.86801 1.15488 70
-9.97124 -10.4292 70
0.651126 -11.3667 70
-1.26861 -0.775321 70
-0.418394 1.22184 70
0.146361 1.17246 70
-9.50048 -20.0095 70
0.146959 -9.1142 70
-29.3894 8.81839 70
-0.897443 -0.389692 70
-9.28879 -11.3459 70
-11.1428 -1.15286 70
-9.57755 11.3876 70
1.19476 1.17376 70
-10.9984 40.2296 70
-0.93467 -9.30215 70
-11.1996 -18.9083 70
-0.174137 0.738758 70
-1.34511 1.22365 70
-1.45743 -9.49048 70
-19.043 -9.61987 70
0.3267 1.08375 70
-61.1862 18.988 70
-8.92358 -39.758 70
30.6926 31.4746 70
0.424184 1.42001 70
1.15861 1.08261 70
-11.3321 -0.777429 70
-19.3349 10.2135 70
-9.22863 1.02246 70
0.542733 10.9564 70
-8.66913 -29.6668 70
-40.1878 -39.9776 70
1.16656 0.685439 70
11.1352 -9.01833 70
1.02541 1.1302 70
30.192 -68.5261 70
-0.0894728 -11.3042 70
0.0807469 0.217396 70
0.502748 -9.26921 70
0.573099 -1.15743 70
-10.5728 -0.612417 70
-9.41696 1.34641 70
-9.42741 -9.64224 70
-9.90396 -0.389418 70
-10.1888 -48.7933 70
-9.14413 -50.4633 70
-20.8495 79.2547 70
-1.44284 -8.77819 70
0.86622 20.5382 70
-8.84762 -0.14168 70
-9.9724 -19.3528 70
-0.109714 -0.341612 70
10.5912 -10.7766 70
-9.18811 -1.22889 70
-9.08051 1.26167 70
10.4993 -31.2189 70
10.7443 -11.0446 70
11.1769 -9.04972 70
0.839028 -0.276582 70
-0.756577 -0.0268899 70
-10.7015 -0.769453 70
0.232198 -9.72776 70
0.0708141 0.0874536 70
1.25352 1.3353 70
8.60888 -10.9312 70
9.98981 -0.908068 70
1.21457 0.963041 70
-8.57085 -8.64086 70
1.16388 -1.13043 70
8.91242 1.15681 70
-10.9995 -1.48534 70
-8.65483 -9.03578 70
-9.00618 -1.33804 70
-1.01721 -10.0686 70
8.96656 0.601201 70
61.388 -1.43277 70
10.1338 -10.1102 70
-1.28225 -11.3521 70
-0.796006 -10.1109 70
-8.76757 -29.3441 70
-10.7455 -9.55306 70
9.94889 10.3557 70
18.611 20.9388 70
0.479811 -18.7452 70
0.119875 0.691195 70
0.785293 9.44538 70
0.694149 1.27874 70
-10.3274 0.856957 70
-1.42063 -1.25973 70
-9.11367 0.0494935 70
-0.624932 1.16747 70
1.36389 -0.0460031 70
-0.311435 -1.13601 70
-0.410611 -1.46401 70
0.92298 -0.557343 70
9.39344 -11.1829 70
0.976912 0.193751 70
1.19681 -11.0898 70
8.59917 19.4467 70
-0.311822 0.542597 70
-1.36235 -9.35191 70
10.12 -10.9051 70
0.311801 1.4071 70
-41.1267 -20.5472 70
19.4065 -9.07346 70
-0.625484 -9.25315 70
-1.18187 10.0022 70
-11.2437 -1.22113 70
-9.57072 0.84643 70
-0.0824463 -8.50588 70
-9.93591 1.15606 70
0.500918 -11.3091 70
1.0102 -9.23428 70
-0.747368 -1.4943 70
9.25178 1.06675 70
-0.49114 -0.758556 70
-8.55281 -0.312639 70
0.898189 -1.25784 70
-1.25696 0.133642 70
-11.0002 -0.744449 70
50.2372 -0.520681 70
0.739224 -10.1835 70
-0.184451 1.43906 70
0.91253 0.759288 70
-11.453 -8.91747 70
0.717606 -0.704422 70
-11.4712 1.30131 70
-1.34691 0.250903 70
-0.0714412 -0.074639 70
98.6609 -79.1274 70
-0.565026 10.3161 70
10.6602 9.67362 70
1.18608 -1.0219 70
-1.17936 1.43858 70
-18.6557 -8.96816 70
0.282148 -9.32468 70
-1.42549 -29.2876 70
-39.3184 -49.701 70
9.88974 -10.6904 70
-0.134375 -9.55841 70
-30.7273 -10.0682 70
-9.84603 -18.7139 70
-1.15544 0.00695199 70
0.479186 -9.39786 70
-20.4309 8.87432 70
-1.11039 0.451455 70
-18.8365 0.928242 70
