-0.983494 0.64063 70
-9.27487 -0.324964 70
-10.7449 -31.0843 70
9.3739 -20.0358 70
10.3922 -21.0728 70
-11.0687 -10.0169 70
-28.6692 -0.823181 70
0.810374 9.5457 70
-10.5154 10.3594 70
-28.5643 -19.6247 70
-1.49523 -9.66155 70
-19.0017 -98.751 70
9.9034 -20.1775 70
-11.0169 0.537904 70
1.08559 -0.597715 70
0.433497 -0.0106233 70
11.4537 29.7844 70
-120.222 -121.055 70
9.02503 20.0688 70
-29.0589 119.931 70
-10.4907 0.0377978 70
-1.3693 -10.0225 70
-9.86552 1.30469 70
20.7288 -29.7445 70
-0.0963324 -20.7718 70
0.353235 -11.3599 70
-29.4322 -21.3448 70
-10.0834 -0.902627 70
11.0975 -10.1985 70
-10.764 -0.0568141 70
-11.0693 1.14251 70
0.761843 10.3595 70
0.621694 0.84335 70
0.337933 0.226564 70
0.543453 -0.720955 70
-0.458659 -0.878467 70
-10.0532 1.44008 70
-9.95234 -19.2456 70
-1.00368 40.8041 70
-20.7552 21.0308 70
-20.4103 19.6231 70
48.8002 -60.2251 70
48.9616 -60.3158 70
-9.94226 -10.7992 70
-9.93988 -11.2198 70
21.4556 29.8721 70
-10.7121 -10.1768 70
-9.90347 29.8189 70
-28.9507 19.9319 70
69.7922 10.0935 70
-28.7334 -30.3429 70
-29.6513 -29.8434 70
-9.47633 -21.257 70
-8.68504 -8.67358 70
10.1012 -8.66123 70
-0.0474451 -20.1258 70
0.677309 -10.1032 70
0.0505242 -0.0134021 70
11.2633 -0.577896 70
9.99913 -0.870806 70
8.57864 0.437509 70
-9.08651 -8.9183 70
-9.51252 11.4649 70
-20.734 -1.44244 70
0.384522 -0.503915 70
1.0131 1.13199 70
-61.0284 -8.97593 70
-19.3706 80.7986 70
-11.3647 0.814111 70
-10.6175 -10.902 70
-0.672733 -8.94747 70
-29.2125 10.7658 70
-9.80985 -21.2982 70
-1.35165 -9.18776 70
0.714123 0.801267 70
-9.47525 -10.1596 70
0.244362 -8.71938 70
-0.227593 -0.524503 70
-0.589553 1.32645 70
9.08201 -0.357617 70
-10.9553 -11.2975 70
89.1777 1.12221 70
-9.47009 8.8754 70
-10.3769 9.88909 70
-21.2285 18.5045 70
-0.680678 -8.78532 70
-0.790534 -0.174531 70
-21.054 -0.0404969 70
-9.23188 -1.10243 70
-9.59666 -10.0899 70
-9.18179 11.3824 70
-9.99364 -9.76212 70
-9.73303 -0.0327707 70
-9.33997 -1.01868 70
-20.6001 -0.32603 70
0.960838 -10.5451 70
-9.90401 -10.8356 70
19.3458 21.071 70
19.0223 18.5998 70
-21.2166 0.416748 70
-0.146749 -0.0823127 70
-10.6562 1.10413 70
0.744283 -10.2948 70
40.4325 -121.208 70
-11.3244 1.46741 70
-9.45955 0.744066 70
-10.8642 31.3527 70
-0.682461 0.444237 70
0.124311 0.389413 70
-0.536939 -0.293956 70
-19.7547 -9.66305 70
-39.1353 40.4913 70
1.02111 1.21109 70
-10.878 21.476 70
9.85951 -20.8554 70
-0.536022 -9.98819 70
20.4786 21.0482 70
18.9274 41.4141 70
-9.7924 -0.742151 70
8.72787 10.2121 70
-9.05013 -9.05862 70
-11.0086 -1.47574 70
-11.3844 11.4705 70
10.1366 -10.1386 70
-11.1804 -9.51062 70
-20.1109 20.8925 70
0.417914 11.0529 70
-1.45788 1.46496 70
9.51144 -9.56667 70
-10.5688 1.20604 70
-50.9842 -30.9771 70
0.997743 -39.0508 70
-11.325 10.3572 70
28.6611 -0.322837 70
-10.7676 -11.1071 70
-8.60563 -20.1991 70
-0.445213 -9.40153 70
1.30427 -9.75696 70
-10.4016 -1.14065 70
-8.74699 0.0553551 70
-0.865417 -1.40185 70
-19.7164 -0.111515 70
-0.109112 1.28194 70
-9.24277 -1.28712 70
-9.6438 -0.580799 70
-0.49508 0.968834 70
-11.1627 -10.4227 70
-30.8391 -31.4117 70
-0.637255 -8.7572 70
-29.5879 10.1103 70
-1.40181 -10.8871 70
-8.98969 0.895504 70
-10.6415 -0.343928 70
-40.9553 -10.3471 70
1.1204 -1.0035 70
-1.0172 20.4144 70
9.94264 -11.3488 70
-1.43461 -80.0224 70
-0.919254 1.49648 70
-11.145 0.447783 70
-0.228174 1.27626 70
-21.4003 -9.15929 70
18.7126 19.8841 70
-19.5361 9.31694 70
-10.9913 9.56282 70
-20.3901 -10.187 70
1.35483 -0.179989 70
11.1074 19.1817 70
-0.845173 0.888605 70
61.0962 -19.8035 70
-8.85962 1.489 70
-9.5652 0.234256 70
-8.71607 -0.0857934 70
-9.86804 -1.3307 70
40.6429 -0.0202086 70
-0.409852 0.495488 70
0.643446 -29.828 70
9.98291 -0.110911 70
-20.7716 -10.9873 70
-9.9679 9.52384 70
-1.12547 -0.367332 70
-10.7821 -10.1296 70
1.12519 -29.65 70
-41.2613 31.2947 70
0.300108 0.626811 70
-9.89136 -0.559393 70
50.6542 -38.7812 70
-1.1497 -0.590622 70
8.76978 11.3077 70
-11.1842 -20.7299 70
-11.2882 -0.737104 70
-9.72138 -0.613267 70
-20.6859 10.2703 70
1.47529 -10.8298 70
-18.5783 -9.96055 70
-0.981641 -10.0523 70
-31.1474 -0.126785 70
-10.0331 -8.83694 70
-0.834977 -8.92684 70
1.11404 -10.0503 70
-20.51 1.30036 70
-1.08767 0.16368 70
-9.991 1.09845 70
81.3523 90.2796 70
-8.73172 -9.91378 70
0.496029 -10.6494 70
-10.5963 0.277961 70
-20.5243 10.8567 70
-0.807379 -9.58668 70
-11.2138 -8.86926 70
-11.1566 0.985143 70
-10.8752 -0.981568 70
-10.8623 1.10909 70
-10.2334 0.147088 70
-21.2393 -10.6538 70
0.944862 -1.26518 70
-1.33654 0.0462251 70
-19.3634 -0.552451 70
-0.340942 80.8965 70
-8.64075 -9.38474 70
-9.38018 1.20558 70
20.2854 -19.7913 70
31.0789 20.4347 70
8.77873 -21.1839 70
10.2151 -20.0461 70
-40.8443 -19.8458 70
-41.0854 -20.1646 70
-39.774 -18.59 70
-1.10632 0.428962 70
-19.6348 8.96729 70
-1.17829 -0.163213 70
-69.0871 -1.21922 70
-10.0725 -0.923781 70
0.710952 -10.7657 70
-0.105323 -9.78418 70
0.968266 -10.9302 70
1.28687 -0.112091 70
1.18372 -1.22165 70
-11.4252 -10.1089 70
-8.52349 -0.299172 70
-10.2225 10.3423 70
-28.8504 29.365 70
0.218418 10.6728 70
-10.2847 -0.236228 70
0.0838977 -0.593717 70
9.12465 1.27106 70
19.8857 70.9809 70
-0.239712 -11.2025 70
-19.7552 11.1697 70
0.622163 -0.549618 70
-30.6975 0.880961 70
-1.18355 18.8225 70
-9.77426 -20.9394 70
-19.5926 0.788492 70
-8.53544 0.2598 70
-40.6087 -8.81624 70
-0.235452 19.1967 70
-1.18658 1.33296 70
38.6363 0.505611 70
-9.98765 -8.96236 70
0.901312 -10.6016 70
-1.31021 -1.02924 70
0.874998 8.69135 70
-10.2613 0.537769 70
-0.902756 -1.49658 70
-10.9674 -1.06495 70
9.32034 21.4797 70
-9.01194 -0.886842 70
-10.1037 -0.00669313 70
-0.478529 -0.725401 70
-0.533055 9.80481 70
-1.26103 -9.26897 70
-39.7332 0.471231 70
-0.813215 -0.41961 70
-10.8085 1.12029 70
18.5817 9.32006 70
9.32661 11.0268 70
-10.0587 0.149451 70
10.7195 29.2442 70
-20.0731 0.961241 70
0.0503711 1.35961 70
-11.1629 -0.978568 70
-11.2958 0.180843 70
-8.71722 -8.85837 70
-21.4986 -8.59826 70
-9.24826 11.3086 70
-30.94 19.7598 70
9.74525 -8.52969 70
-0.759006 0.0902104 70
20.5652 -28.6299 70
-0.468959 -8.63963 70
10.209 11.0801 70
-1.2191 -19.8834 70
-9.26248 -10.948 70
0.522628 -0.65489 70
-1.05125 -1.33466 70
0.529488 -8.80538 70
0.0979815 -8.69981 70
-1.27144 1.15484 70
-8.68082 -0.884627 70
-11.3075 1.08382 70
-9.18992 0.267519 70
11.4974 20.4743 70
-9.61991 -0.961159 70
-9.32409 -1.34802 70
1.1323 -1.34186 70
-8.64963 10.8683 70
-8.81422 -8.58441 70
-10.9044 -51.413 70
1.36333 -0.446925 70
1.30562 0.128188 70
1.44824 20.5282 70
-19.9127 -20.0838 70
-0.387752 -40.298 70
-18.7858 -0.0333464 70
-10.257 18.7086 70
-10.5099 -11.3446 70
1.49262 -0.868515 70
-9.25039 -8.61604 70
-8.88945 0.61018 70
8.91794 0.0335382 70
1.11509 -0.744514 70
-10.9407 -1.41521 70
0.247763 -1.24245 70
-9.35632 -1.41723 70
-30.247 20.9277 70
-9.43985 0.935456 70
-9.61627 -0.108781 70
21.4976 -8.6796 70
-19.4437 -1.09584 70
0.440339 -10.9079 70
8.92761 -1.38508 70
10.8259 10.1427 70
-11.1785 -10.8701 70
-9.04345 -11.2341 70
-1.19252 -9.35637 70
-8.78349 -18.776 70
18.5361 60.9314 70
20.73 59.0797 70
-9.34801 -0.34855 70
0.736593 -1.32818 70
0.345987 -9.8702 70
1.17236 -0.585961 70
-11.0504 -9.73338 70
1.33236 0.378976 70
21.4423 -1.18706 70
-0.807205 -0.092649 70
20.0996 -19.9407 70
-30.2046 -0.458116 70
-10.6894 9.33167 70
-1.41726 11.3727 70
-28.8145 10.6975 70
9.81149 10.9195 70
10.4009 21.4702 70
-10.8828 -11.2281 70
-0.133025 -0.345571 70
0.853349 0.76252 70
-9.76609 -8.70309 70
0.397748 9.22002 70
-9.09649 0.536727 70
-8.58698 0.204989 70
0.962729 -8.56041 70
-0.712332 -19.5114 70
-0.814304 -21.2055 70
29.3919 -20.8473 70
0.578695 -8.76196 70
-20.4201 8.79962 70
0.595449 0.376494 70
0.678804 -11.4694 70
-0.89838 19.4308 70
-19.8199 -21.4793 70
-10.1293 -10.3349 70
-0.201888 -1.13358 70
-1.11714 28.6163 70
0.963773 0.929561 70
-29.351 -10.3365 70
-10.2221 0.308332 70
0.278541 -10.9219 70
-10.2295 -1.42181 70
-11.4942 -9.1041 70
-9.00971 -10.0124 70
-9.89184 -10.9246 70
-9.51016 0.30008 70
8.81282 0.333242 70
21.2924 49.6833 70
-1.07388 -1.34575 70
0.907832 -1.0737 70
19.5955 0.484128 70
-0.196627 -10.1819 70
10.9037 -1.21334 70
10.5181 0.939902 70
-1.28297 -9.6033 70
-0.304315 -10.6217 70
11.1194 9.66707 70
-10.9572 1.2475 70
-10.9311 10.0189 70
1.47607 -8.98909 70
-10.673 9.44485 70
0.511034 -1.1097 70
19.5667 0.520567 70
1.22468 19.1838 70
-9.975 1.22728 70
-8.73022 -0.765717 70
20.4203 0.669936 70
10.4465 -0.188254 70
-0.782277 40.229 70
-0.00343382 39.5665 70
-9.67297 -8.85224 70
0.125757 0.026568 70
-9.42712 40.6626 70
-1.13405 1.10013 70
-9.60148 -8.86721 70
1.26131 -1.41529 70
-9.91165 0.190666 70
-0.553602 8.64469 70
-8.55818 0.407561 70
-10.6416 -9.25375 70
-19.4442 -50.852 70
-11.1758 19.8417 70
-9.15614 0.976564 70
0.633466 -0.630062 70
50.5792 -39.9412 70
51.4658 -40.7196 70
-10.5611 -9.38214 70
-40.4225 -9.64501 70
-0.828855 -1.44935 70
-10.0443 -0.390281 70
-9.80417 -0.937756 70
-9.15722 1.36523 70
-10.0103 -0.864283 70
0.435333 -20.3842 70
-0.962961 -21.2254 70
0.231518 -0.422321 70
-9.27739 -10.1287 70
11.1013 -39.6178 70
-20.3458 8.9968 70
-1.41486 -10.0091 70
-1.46883 -10.8095 70
-0.784321 -9.75789 70
-0.687009 -8.50261 70
0.115614 0.744919 70
1.31385 0.472158 70
-11.1537 0.0518559 70
-19.9041 -18.5583 70
-11.196 0.633951 70
10.0318 11.1475 70
-10.6384 -9.94204 70
0.862801 -8.6458 70
-8.60455 -9.66342 70
20.3167 -19.4739 70
-31.2574 -10.7656 70
-9.70757 9.03741 70
-10.1307 -10.433 70
-10.1671 -49.5729 70
0.365563 0.250963 70
28.6455 8.70291 70
1.20346 0.621525 70
-0.536071 40.5512 70
-11.287 -1.20114 70
-8.66119 -1.46597 70
-9.59347 0.0887378 70
50.8334 40.2207 70
9.58077 -28.5061 70
0.980169 -9.19675 70
-8.69962 -9.42438 70
-19.5057 -9.91529 70
-0.769595 10.0305 70
11.3986 -1.36754 70
-91.3495 49.0445 70
20.96 -21.0873 70
0.0303669 -21.0243 70
-1.47185 -1.10795 70
1.18957 0.225537 70
0.0193829 -10.2602 70
-0.631951 11.2925 70
10.4343 -0.250652 70
-0.337779 0.121101 70
-1.24536 -30.9096 70
-9.90342 -1.35283 70
-20.4703 19.019 70
-8.85343 -10.8661 70
-99.4348 0.449459 70
0.481727 -1.41814 70
-0.694521 9.80496 70
1.05187 0.926483 70
1.25776 -9.17483 70
-0.363618 8.88315 70
-10.6194 -9.29068 70
-10.7898 0.416894 70
-10.9933 0.0594752 70
0.205435 -0.68954 70
-10.3775 -20.7103 70
1.32877 -10.2961 70
-9.77745 -1.09456 70
-38.5309 -9.70367 70
-0.541911 48.5658 70
-9.56499 -0.276999 70
-9.29294 -0.855807 70
-19.0084 0.970799 70
-19.4444 0.918454 70
30.9394 -10.1697 70
-10.7865 -11.0549 70
-8.81268 11.221 70
-30.9571 1.43059 70
-1.16506 -0.689021 70
-1.09256 1.05778 70
0.359643 19.7429 70
-9.96976 -20.2161 70
0.766274 -8.94436 70
-9.23185 -11.1923 70
-0.537913 -9.982 70
-8.70416 -0.0385839 70
-11.4631 10.8436 70
-8.8292 1.26875 70
-20.0552 -19.7724 70
-19.7042 -19.5177 70
-10.8786 -1.17255 70
0.859722 -0.551811 70
-8.582 9.39028 70
-8.81053 -9.428 70
-10.9965 -9.73762 70
10.7989 -1.23048 70
0.445082 11.3681 70
-9.05553 1.32397 70
0.204008 -0.803546 70
-0.781695 0.559339 70
0.715104 -11.1861 70
10.8443 -19.0746 70
8.82157 -11.0097 70
-21.3364 19.976 70
29.1311 -0.3508 70
29.8726 1.08642 70
1.30382 -20.6151 70
-39.1895 -10.8284 70
-10.5039 -9.21958 70
-9.60825 -21.3946 70
-60.3298 -28.817 70
-1.25528 -39.4987 70
0.893797 -0.00651643 70
-10.334 -11.2641 70
-1.32276 -0.685482 70
1.21198 20.6463 70
1.48806 19.717 70
9.74577 0.297336 70
-11.2919 0.822045 70
0.143135 -0.730777 70
-9.72384 -9.21588 70
-20.8701 -0.665959 70
-0.593013 0.635958 70
-10.0871 -8.57218 70
-8.60382 -11.3766 70
-11.4605 -19.2802 70
109.403 -11.382 70
-39.3684 -0.795251 70
-20.8215 -9.48983 70
-1.26175 0.0378729 70
-9.25902 0.201386 70
-9.27727 -0.0289594 70
-10.6662 1.36003 70
-30.915 11.4799 70
-0.825878 -1.37192 70
18.7073 1.40189 70
10.0768 9.80614 70
-11.1719 -1.3484 70
-1.24793 1.48334 70
-0.666077 -9.72459 70
-31.4559 0.318341 70
-19.9043 -1.47258 70
-10.2354 -30.8154 70
-9.85514 19.6575 70
-0.185876 10.3581 70
-19.8928 -11.2325 70
-0.530517 -0.760048 70
-19.1897 -1.33502 70
-29.6391 10.2793 70
0.261195 1.37382 70
10.9466 -9.23928 70
0.151836 -30.2054 70
-9.7138 -9.72702 70
-10.1 -10.2139 70
-9.6832 1.09727 70
-1.24844 -10.6037 70
-10.8447 -10.4406 70
9.08338 -50.4387 70
39.1893 38.6485 70
-10.5228 9.85941 70
-9.19656 -0.663762 70
-0.641383 -10.66 70
8.70057 -0.16334 70
9.50512 -0.23177 70
-1.39657 -9.08745 70
-10.7399 -1.22933 70
-9.0965 21.182 70
-0.0870213 0.795138 70
0.760383 21.3885 70
21.2965 -21.336 70
-31.4016 -9.01401 70
0.448012 1.43705 70
-1.47489 -19.8616 70
-0.854685 0.569129 70
-19.912 -18.9074 70
9.01156 -19.325 70
1.22632 -8.76479 70
-10.8766 -9.38767 70
-21.2248 11.3107 70
1.43052 -9.69347 70
-1.36367 0.541047 70
-9.98032 10.1808 70
-68.6443 -21.0783 70
-11.0441 10.0381 70
1.14449 -9.53225 70
-0.0331403 -19.9227 70
-9.39855 -8.63932 70
-10.3508 -0.0749369 70
-11.1395 0.295371 70
-9.1979 20.8376 70
-0.388491 -49.6146 70
9.3165 -9.8301 70
-9.67919 -9.36366 70
0.787214 -10.4612 70
-1.38985 -9.43907 70
-11.2928 -20.9109 70
-0.354596 -11.3182 70
19.7306 11.0854 70
-1.4274 -0.573538 70
-0.458015 0.483344 70
-10.8197 -8.67897 70
-39.2902 20.9638 70
-11.4601 1.39045 70
-8.60495 0.000945066 70
-9.55374 19.3329 70
10.3433 10.6581 70
-1.42622 0.0181778 70
-0.565619 1.45974 70
0.609294 -0.459044 70
-8.64294 0.365833 70
28.8881 -18.641 70
-51.284 -28.7455 70
-10.3703 -10.6771 70
-10.7039 -9.28218 70
-0.897253 0.0850739 70
-9.40812 -0.741846 70
-10.8675 0.205465 70
-1.18713 -0.979441 70
41.4605 -0.297965 70
40.1158 0.245221 70
-10.4631 -8.81502 70
-10.052 0.411685 70
-20.8 -9.5714 70
-28.5602 8.76672 70
-9.89294 1.03205 70
0.530938 0.769081 70
1.29431 11.2077 70
-31.3936 0.362237 70
-19.3598 -21.1866 70
0.522288 -9.13169 70
-0.911956 -10.0491 70
-10.574 -1.13467 70
-0.185109 -0.851966 70
-18.5196 -30.6581 70
-9.61198 11.1839 70
-0.478017 -20.1363 70
20.3232 -1.2786 70
-1.37015 -11.2321 70
-0.0128795 -0.45401 70
21.2966 -19.7993 70
-0.526174 -29.3838 70
-60.9297 -30.3983 70
18.8527 -20.7471 70
10.7403 9.21705 70
-0.14247 -20.353 70
51.0895 -19.2622 70
11.1615 -10.8454 70
-18.8743 0.6157 70
-11.2799 -9.96409 70
-0.428556 0.436135 70
-8.91403 0.301991 70
-10.5815 -21.0755 70
-10.224 -0.663421 70
-9.42453 0.288951 70
-10.9459 29.3981 70
-20.7884 9.56606 70
-21.4546 -10.4846 70
-0.0894795 0.957416 70
-0.95276 -0.513791 70
-21.0127 -0.450559 70
-1.47364 -59.0891 70
19.4865 31.4271 70
-21.4526 1.28921 70
1.44216 -30.0799 70
-9.06429 0.821177 70
-0.386486 -1.15051 70
-19.6238 9.38921 70
-0.715591 -9.15284 70
19.356 -8.62164 70
-11.2281 -1.44781 70
0.184516 -1.30608 70
-0.281587 0.988859 70
-9.31522 -0.601704 70
-1.04747 -8.61187 70
-1.0385 -0.824477 70
-10.7051 -8.57163 70
11.0854 20.5336 70
-11.079 -0.60059 70
-8.83219 -1.27595 70
-0.24909 -1.22574 70
-8.65826 0.262665 70
39.2074 -20.2277 70
1.16008 -10.4761 70
-59.0793 -48.9374 70
-41.3943 29.3157 70
0.91492 -29.4653 70
-0.249066 -11.2924 70
-10.2512 -11.4517 70
1.37438 -10.6261 70
-8.79738 -0.643948 70
0.640265 0.953407 70
-8.70632 -0.640017 70
-1.05686 -1.13929 70
-8.81032 -0.181187 70
-8.89936 1.3499 70
1.00218 11.2727 70
0.0616818 -0.810769 70
-9.43777 0.749069 70
-9.91233 1.44578 70
-1.28822 1.31677 70
0.960984 -9.94229 70
-10.3293 -0.142647 70
-10.0083 0.708154 70
-0.0928091 -9.75448 70
29.7731 -8.64075 70
-10.834 -0.143113 70
-10.3683 -31.0189 70
10.0511 -19.5605 70
-10.574 1.39428 70
0.670171 0.347464 70
-41.3931 38.6162 70
-41.3249 40.9136 70
-19.3323 -31.0726 70
9.28653 29.3009 70
40.7748 -29.2154 70
-9.44089 -11.2046 70
-8.86716 -8.7832 70
-9.32737 -0.414549 70
