-1.20624 0.663583 70
-18.8115 -20.2706 70
-8.55487 -0.0674643 70
-19.8302 0.0716979 70
-0.299536 -9.61493 70
-10.691 0.526217 70
-9.61421 -1.10075 70
-0.617645 -0.120125 70
-79.2629 -8.75662 70
-39.9482 -20.7646 70
-0.628499 -0.183433 70
0.433357 -0.497882 70
10.8677 -11.499 70
-11.0868 10.529 70
-0.725219 -10.2415 70
-1.23448 -9.4143 70
-1.30501 -9.94213 70
-9.11393 -10.4573 70
-119.657 -50.2663 70
-0.752407 -1.31096 70
31.4423 28.6775 70
10.2952 9.17053 70
41.0307 31.1495 70
-0.132856 10.5168 70
-20.5107 -1.08813 70
0.555231 8.8726 70
-30.4504 19.5717 70
-20.0485 -18.5272 70
-20.5983 -19.0243 70
-10.8296 0.861527 70
-0.287266 10.5039 70
-9.22216 -1.35794 70
-0.513592 8.57566 70
-0.481986 1.03144 70
-0.0655083 -0.384672 70
0.34228 0.862504 70
-0.651881 -0.618723 70
-0.721397 29.2667 70
-21.0875 -8.99763 70
10.9934 10.4642 70
29.846 -61.3453 70
19.3148 -59.6369 70
-1.08318 79.7542 70
19.374 -11.4662 70
1.38214 -10.5915 70
0.123437 -1.19013 70
0.000337712 -60.5018 70
-19.1798 40.9137 70
1.29618 0.678087 70
0.752848 1.43962 70
-0.277331 9.71503 70
-0.388525 8.61856 70
-0.783292 8.71018 70
-9.43414 -1.03206 70
-1.22185 -0.319015 70
0.587374 -0.489991 70
10.258 -0.364314 70
9.40213 -0.675166 70
79.3603 -78.9198 70
10.5416 -8.73662 70
-9.31559 0.30491 70
-0.828088 0.926638 70
-0.723765 -19.117 70
-0.519835 -0.140221 70
11.3853 -8.54694 70
-10.7142 0.561559 70
0.862531 10.2274 70
-0.276153 9.15966 70
-10.5199 -19.5464 70
-9.30727 10.3358 70
-10.2759 1.41641 70
-8.52256 0.280428 70
-30.8114 8.58835 70
0.024507 0.253001 70
10.4883 0.239858 70
-1.15407 -19.7852 70
-19.6223 -11.1593 70
89.3727 60.6459 70
90.6182 60.0921 70
1.49427 -9.09733 70
-10.064 -0.805028 70
11.4496 -9.73317 70
-0.376704 -1.29901 70
19.3898 19.5614 70
-1.31444 0.640925 70
-10.2432 -1.30191 70
-8.91208 0.694725 70
0.99721 1.00636 70
-18.8126 -0.22357 70
-0.664532 -1.37184 70
-20.9896 9.35217 70
-1.26479 0.849366 70
-41.0295 1.42009 70
-11.3065 -1.12913 70
-9.1699 69.4815 70
1.32655 0.236461 70
30.1358 0.244747 70
58.7574 -30.294 70
-1.25511 -21.405 70
-10.0785 11.3717 70
-9.86947 0.61919 70
1.43871 -9.14124 70
1.00803 -1.49137 70
-0.61866 0.750687 70
19.2427 -10.0143 70
-0.479446 -0.471288 70
-21.0697 28.5493 70
20.2318 -9.44934 70
1.09172 -0.189222 70
-9.05677 9.70318 70
-9.69304 0.791044 70
-20.1376 -19.5154 70
0.142981 9.06694 70
-11.3757 -0.287551 70
-1.15805 -0.342295 70
0.238244 0.938697 70
0.0791834 -0.430281 70
-20.9364 -0.535947 70
-8.53951 0.192685 70
0.189754 0.835419 70
-10.9444 1.47202 70
0.166536 10.5795 70
0.46944 -21.337 70
1.07993 0.0657997 70
-0.38036 -1.40009 70
-8.60382 10.9024 70
-9.48996 -29.5854 70
-10.1317 19.5726 70
18.8448 48.705 70
-8.87907 0.477191 70
-49.1515 -31.3304 70
-9.52355 -10.6814 70
8.86232 10.968 70
20.267 -21.3662 70
-1.22561 -0.554038 70
10.4637 0.434693 70
-1.3603 9.55767 70
-0.821917 0.579014 70
-29.0756 21.0124 70
0.340708 10.1826 70
-9.97458 -8.56195 70
30.2705 20.2103 70
-9.15658 -0.0802603 70
-20.6528 -0.157258 70
0.17472 8.92028 70
40.7767 19.4485 70
10.7066 0.739031 70
-10.3641 8.89144 70
-18.6555 9.58217 70
-0.33611 0.332927 70
-19.0086 0.537766 70
1.43529 -0.0906964 70
1.13104 -0.120032 70
-8.74354 -0.97593 70
-19.7632 20.5261 70
-79.8052 20.693 70
0.107992 10.0758 70
-9.44149 0.559413 70
-20.738 20.8074 70
9.61735 21.296 70
-0.807517 10.2876 70
-19.0858 10.2912 70
-0.81237 0.589235 70
-11.4992 8.97648 70
-10.6807 -0.650174 70
1.43149 0.301205 70
-8.66233 1.07045 70
-1.11203 10.2525 70
0.540615 1.28012 70
-10.1034 0.625353 70
-8.90383 0.516838 70
-1.34889 -0.242202 70
-10.9692 1.47108 70
0.984715 -0.891832 70
-9.33912 -11.0545 70
0.698909 -10.2248 70
-0.806242 -11.2559 70
-8.53955 -10.8636 70
8.91537 30.6056 70
1.32041 0.210282 70
9.15901 -1.07332 70
-0.245002 0.77035 70
0.733305 1.39915 70
11.1272 -59.5376 70
-9.32184 11.2413 70
10.774 -10.3083 70
-8.83647 1.30689 70
11.3674 9.42031 70
-9.29369 -0.930568 70
0.839068 19.741 70
-48.9405 40.5836 70
19.958 -19.0343 70
-9.11919 -30.6574 70
-1.42831 9.96615 70
19.7441 19.1108 70
-0.16194 0.704009 70
-8.81018 19.9028 70
-1.41161 10.7998 70
0.655845 9.22534 70
-1.07128 0.846575 70
-40.5077 29.9015 70
1.13386 -0.501127 70
-0.0890426 -18.6138 70
-9.05162 10.8762 70
-10.4871 1.20463 70
-10.3548 -0.692658 70
-9.48512 -0.28563 70
-10.7362 -0.525718 70
40.3786 -20.5785 70
9.20021 21.4002 70
-10.666 -21.4124 70
-10.2738 1.00789 70
-0.638365 11.2342 70
-0.989506 10.8473 70
-9.16155 -31.0469 70
0.28129 -0.436271 70
-10.9711 11.0024 70
-40.0928 -18.8276 70
0.332544 0.164272 70
0.14401 -9.8601 70
-9.8394 -11.0911 70
-50.0381 -60.2219 70
-0.442149 -1.07407 70
-10.1322 -9.83132 70
-10.3159 -9.6007 70
-9.89542 -9.32822 70
-0.304469 0.739767 70
-30.5062 -20.0211 70
-49.5973 29.6675 70
-0.270197 -0.356056 70
1.23346 -1.3955 70
-8.78537 9.61144 70
9.00969 1.43 70
-9.48697 8.99391 70
-1.47768 -0.370993 70
-9.82115 -0.0386546 70
-10.7991 -0.920472 70
-0.892378 -0.239083 70
-0.751478 10.3482 70
0.141837 9.08778 70
-9.09355 0.673899 70
0.363319 -10.6616 70
-9.48641 10.9227 70
8.8085 10.4175 70
1.40448 -0.665802 70
-0.910261 1.00557 70
0.915787 -0.68247 70
-20.6284 1.10373 70
-21.4135 -1.23569 70
-18.7156 9.83024 70
-21.4327 28.9724 70
-18.7166 10.8616 70
61.062 -1.42863 70
-0.29484 10.3329 70
-21.0567 -9.39438 70
-10.6459 0.35771 70
-30.9105 -31.1355 70
-1.22602 9.10989 70
-0.465306 11.2257 70
-0.993219 1.3177 70
-29.4252 9.56915 70
10.285 -21.0363 70
1.04567 -0.519099 70
-20.8817 10.4531 70
1.22142 9.05374 70
1.44201 -8.53547 70
0.494221 0.457458 70
-9.23515 -10.5832 70
9.49516 8.96698 70
-0.690174 20.273 70
-1.01718 -0.640844 70
1.42577 -1.28525 70
-20.6258 -19.9686 70
0.505518 -0.977148 70
-11.3995 -10.0639 70
-10.1841 -0.339873 70
9.38714 9.25922 70
-9.31285 0.939897 70
-11.1129 10.4243 70
-108.827 40.0477 70
-0.858464 -1.46292 70
-9.04865 11.4218 70
0.099366 -11.1059 70
-0.0682266 10.5172 70
-1.04557 -11.1087 70
-0.2593 0.167118 70
-1.25008 9.15454 70
0.320344 60.8911 70
29.1728 -41.1514 70
-19.4863 11.2634 70
0.788631 -40.3386 70
-0.0114679 -8.8568 70
-10.6537 -19.8475 70
-9.93413 0.509444 70
-10.4581 9.06259 70
0.185938 -1.41981 70
0.9845 0.470397 70
-18.7521 1.15056 70
-11.2186 -9.67578 70
-1.15002 10.7452 70
-9.73134 -8.82575 70
21.397 -1.31445 70
-10.5851 10.846 70
-0.382271 -1.08979 70
-10.4507 0.26631 70
-1.36173 0.753101 70
-10.7345 1.11805 70
-51.2207 21.3453 70
-10.6763 -10.0782 70
10.2475 -1.40726 70
-0.413875 0.373229 70
-10.5587 -0.526297 70
9.30119 0.367081 70
-10.9381 10.1885 70
50.5651 29.6664 70
-0.712613 -9.55069 70
1.36655 -9.6001 70
-0.551068 -0.272871 70
-9.28772 -9.96589 70
0.0685636 -0.884916 70
-0.531639 -20.5997 70
10.7826 38.9861 70
0.540673 9.93673 70
-1.38906 -10.3889 70
-11.356 -1.24756 70
-10.2732 -0.923745 70
-10.9962 0.202271 70
-0.758034 -0.0430918 70
-11.4899 9.72536 70
28.7922 51.0508 70
0.0379733 0.571627 70
-10.6869 0.956664 70
0.226356 -0.824442 70
-20.7967 -1.08858 70
-9.85156 0.311707 70
-9.94287 -0.380861 70
0.599536 -10.1315 70
-11.0599 11.2456 70
-9.22606 19.6941 70
-1.44181 -0.820852 70
19.6441 10.9194 70
-10.0983 1.489 70
0.677862 0.154463 70
-0.798858 1.17753 70
-8.82246 8.8116 70
0.283404 -1.10469 70
19.9432 40.0798 70
-8.66464 1.3714 70
1.4663 -0.958943 70
-1.10162 0.928497 70
-10.1476 -0.298159 70
-20.8537 1.41385 70
-19.9478 -0.0259449 70
-9.73821 0.791382 70
-0.212889 -1.1008 70
-11.0647 0.120008 70
-9.04835 -0.0408591 70
0.759263 0.594103 70
-1.1199 -0.768353 70
-1.29415 -10.2463 70
0.690356 0.404513 70
0.51734 0.362482 70
0.75388 1.33656 70
0.656619 1.08683 70
-9.72342 -10.2481 70
-8.90447 -9.35152 70
0.687732 0.102997 70
9.93053 -20.8221 70
-20.2666 -30.3125 70
-0.52231 -10.1463 70
-9.27543 0.0313897 70
-10.0389 0.428196 70
9.32923 89.554 70
0.628267 -1.22912 70
10.8116 0.0101087 70
-11.0998 -18.6077 70
-9.10824 -18.9301 70
9.3735 -10.3337 70
9.37416 -9.69299 70
21.0481 21.185 70
-9.11353 -0.17523 70
-31.3455 11.1575 70
1.447 10.5197 70
-28.7162 -19.2095 70
-9.62538 0.143477 70
-28.8276 18.649 70
-0.846792 1.03252 70
-9.70355 1.41221 70
-0.685527 -9.81589 70
0.733852 -0.179838 70
-20.5612 -9.07977 70
-20.4377 0.912068 70
0.704753 20.4675 70
-0.372921 0.355063 70
-8.93516 11.1992 70
0.426266 -1.15052 70
-0.154815 8.96738 70
-0.982082 10.7632 70
8.75992 -8.6525 70
0.331235 -1.11965 70
-90.8509 -69.6633 70
-90.2451 -70.9881 70
1.26187 1.08709 70
-0.802948 0.323236 70
0.0131704 0.991825 70
61.3134 20.6974 70
-18.5736 -9.56979 70
0.232744 -0.645445 70
1.17169 0.44024 70
-10.8203 -1.15828 70
0.800123 10.2795 70
1.03537 1.44881 70
-9.35482 0.68463 70
-1.29816 -0.896928 70
-50.6908 38.6987 70
-11.1394 19.3909 70
8.71106 11.3169 70
0.955291 0.723512 70
-1.10173 -0.0315014 70
-0.509818 0.00321473 70
31.4039 10.2594 70
30.8309 10.5851 70
-1.15948 19.2956 70
0.969469 21.4995 70
-18.7396 -9.44577 70
0.58201 0.61633 70
-0.918101 -0.691402 70
-10.7436 -0.113496 70
0.1147 9.42126 70
1.35621 0.263996 70
-1.17569 1.1136 70
-11.1075 10.1232 70
-19.4989 28.6321 70
0.323791 -0.225538 70
0.721002 -10.3729 70
-9.93671 -0.665596 70
-9.31666 1.10051 70
-1.11171 0.751424 70
-1.27185 20.47 70
-1.24292 -28.8007 70
-10.5973 9.66358 70
-8.63003 1.12393 70
-20.0786 10.6463 70
0.501733 11.0071 70
9.26517 -10.1507 70
-1.16327 9.69626 70
-0.424128 0.289661 70
20.2006 10.577 70
0.821376 -0.320666 70
1.13067 -0.585653 70
0.128595 20.4842 70
-1.03806 0.931119 70
-10.8405 9.52868 70
-28.7548 -0.383689 70
-1.13019 -1.13084 70
-10.8849 -11.2189 70
-0.738718 1.46303 70
0.235574 -0.971531 70
10.0598 -8.82332 70
-1.09484 -11.0468 70
-1.12103 -0.745494 70
9.86003 30.2014 70
-41.1129 21.3446 70
-10.1463 19.2602 70
0.718085 1.34891 70
-0.792034 29.4898 70
-8.54196 18.917 70
0.53351 9.88546 70
-0.866625 1.24688 70
0.727399 -10.5248 70
11.0123 9.56144 70
0.883924 -10.3726 70
0.0674675 -1.47341 70
-9.75178 -0.101532 70
0.306329 -0.543562 70
-1.00359 -0.858855 70
-9.66179 -9.67251 70
-11.0141 -1.37076 70
1.14123 -10.0165 70
-0.570613 1.26448 70
30.3548 -40.9987 70
0.890543 -0.709191 70
-39.3433 -88.864 70
-21.4754 -0.496033 70
0.750208 -0.606185 70
-9.2822 -0.507308 70
-10.4138 -0.399271 70
0.0492864 -0.783276 70
1.40574 1.47775 70
-20.9192 -9.39883 70
-10.1194 -1.26914 70
-8.95066 40.6756 70
-0.367154 1.32575 70
18.6342 -9.87325 70
10.9069 31.3898 70
1.09302 -0.105382 70
-9.58704 -0.228201 70
0.10945 -0.143102 70
1.09087 -0.801575 70
-9.42126 -1.49979 70
-10.3953 -0.822681 70
0.932405 69.5455 70
-1.12188 69.1308 70
-0.512029 -0.0664334 70
-59.0772 8.51108 70
10.6776 10.9214 70
51.1882 -68.6513 70
-0.221806 9.49671 70
20.2408 -20.0673 70
-1.14643 10.8099 70
-10.6928 9.55622 70
-1.34608 -11.014 70
-10.6395 1.29569 70
-0.806076 0.885514 70
29.5442 1.07837 70
10.2964 1.3923 70
0.847526 0.649562 70
-0.53368 10.9875 70
-10.3827 0.537793 70
0.322261 -1.23064 70
0.280068 30.44 70
10.2359 10.6838 70
-0.248019 -10.062 70
0.506168 -9.89935 70
-0.424574 1.13157 70
-100.292 -0.433478 70
0.930374 8.52692 70
-0.807473 0.974588 70
-1.1806 0.603354 70
-58.967 -41.309 70
-20.8247 -8.88759 70
-0.430236 -10.5407 70
10.0958 20.9733 70
-10.8616 1.20099 70
-10.6699 30.9463 70
-1.4343 -20.9887 70
0.147538 0.88713 70
-19.5548 10.5469 70
-0.716003 20.4597 70
-1.25066 -9.9885 70
10.1871 -50.0285 70
-30.1483 29.6076 70
-0.195123 -0.324465 70
0.667998 9.1202 70
-29.5259 30.3246 70
0.708802 8.63463 70
-29.9647 20.1249 70
0.887939 -0.0550577 70
0.556786 -1.06115 70
9.54839 -9.10773 70
10.7933 -11.297 70
-9.42156 0.0406433 70
-0.337546 -1.31962 70
0.480169 1.31586 70
-50.499 -50.4068 70
-19.7019 28.699 70
1.36075 0.317666 70
1.29989 -0.987999 70
-10.3907 -9.3266 70
-8.73488 0.844071 70
-9.80477 -1.09222 70
-9.38814 11.1247 70
-61.4112 39.7773 70
0.281439 1.41534 70
-10.8704 1.17566 70
-18.9937 -20.4904 70
0.955053 -10.552 70
-0.909093 -9.85437 70
1.49897 0.998745 70
-10.4491 8.70166 70
-28.6461 -0.428835 70
50.6771 -1.20368 70
-10.1543 0.066422 70
71.4847 -90.7462 70
-9.75849 0.491025 70
-9.6144 -0.991627 70
-9.27526 -51.3323 70
-0.453773 -11.4396 70
-8.7703 18.5408 70
59.952 -19.1602 70
0.228072 9.04205 70
0.192183 10.5464 70
-9.67004 -0.328134 70
0.709381 -1.27087 70
-9.30235 20.9311 70
-19.095 9.30758 70
-0.365689 -0.308711 70
0.85213 -0.492202 70
-0.728561 1.27119 70
0.330485 0.244204 70
-0.152056 1.14893 70
0.703118 -18.75 70
9.6257 10.3215 70
9.16546 0.175234 70
-10.5079 -1.37517 70
0.569316 8.9164 70
-11.2907 -0.838534 70
-10.4743 -1.03001 70
-11.4336 -0.10915 70
0.440496 1.1701 70
-11.169 1.33149 70
-21.2937 10.1062 70
8.91126 -10.4233 70
-11.1683 0.491391 70
-0.247237 -0.97933 70
-10.5145 0.0625059 70
-10.8359 11.0776 70
-39.5414 -0.140204 70
11.4991 -11.4091 70
-61.032 -18.6495 70
9.86507 -0.272502 70
20.8557 19.8699 70
-9.20205 9.52821 70
-8.84341 -0.700463 70
-9.11466 0.607363 70
-1.14333 10.2144 70
-10.1209 -0.136702 70
21.3675 -10.1031 70
1.48047 -0.738526 70
-0.479574 10.0738 70
0.512613 -1.15703 70
0.200658 0.800032 70
-9.10049 11.464 70
0.50198 -0.638144 70
-0.119669 20.8417 70
-9.04027 -10.1398 70
-0.47626 30.0441 70
1.06366 0.695247 70
0.0783916 -1.26307 70
-11.1033 -30.8501 70
8.74963 29.1417 70
1.21527 -10.2388 70
1.06022 -9.20708 70
-0.19686 -10.9533 70
1.28236 0.780651 70
-0.568709 0.933869 70
-1.22052 -9.92618 70
-1.22522 -1.21598 70
-0.695738 0.57773 70
-9.83923 -31.4565 70
20.8056 1.1509 70
-41.1536 78.6251 70
1.07175 10.2976 70
0.365394 -10.7144 70
1.43891 18.9069 70
0.962743 -11.3007 70
-9.06436 -0.861579 70
-11.4739 -0.310907 70
-10.1383 1.16769 70
-9.60827 -8.54748 70
-0.667742 0.223164 70
9.84343 -11.1484 70
1.19755 18.8936 70
1.36046 11.0361 70
10.7637 20.7621 70
-9.62477 8.77715 70
18.5945 9.49562 70
-11.4016 1.0948 70
1.45828 -29.3262 70
-10.838 9.45175 70
9.0562 21.108 70
9.37635 -10.3067 70
-20.9823 19.8611 70
-1.48503 1.07226 70
0.756389 -1.32082 70
-10.9512 -0.304635 70
0.620639 -10.9682 70
91.0417 -0.876191 70
-1.25714 -9.74414 70
-0.00608704 -1.09229 70
-11.3065 -10.4948 70
0.448206 11.247 70
0.630392 -1.11817 70
-0.315756 -8.71906 70
9.21911 1.30506 70
40.3051 8.98553 70
-18.7951 11.4828 70
0.314476 -1.35601 70
0.0710069 -89.1397 70
11.2458 -8.87119 70
-10.9801 10.3569 70
-8.99514 10.398 70
0.69922 10.9176 70
19.1219 -10.1402 70
-20.1073 -20.2575 70
1.35724 -11.2543 70
-0.134937 -18.8527 70
-1.43913 -1.05826 70
-0.955872 -0.025509 70
-30.0524 -51.0968 70
-1.18634 9.43983 70
30.697 19.6869 70
0.14888 20.2936 70
-11.2645 0.857122 70
10.5012 -1.25593 70
-0.890297 29.101 70
-21.3307 41.4452 70
-1.31119 -0.373486 70
0.915531 -1.12769 70
0.495099 0.213801 70
