10.5263 9.69316 70
11.3357 1.1235 70
-0.419968 0.439343 70
9.69776 -1.44527 70
9.6201 -0.590252 70
-10.7161 -29.6085 70
10.382 -10.485 70
-18.7085 -38.7399 70
10.042 0.238972 70
10.1669 -9.30658 70
8.80574 -1.44983 70
10.4429 0.841661 70
-0.301432 0.709374 70
21.01 -1.23214 70
10.4138 10.3418 70
-1.07603 0.775732 70
1.35823 8.8459 70
10.1119 1.21174 70
-0.534763 9.76124 70
8.91896 -10.5385 70
-10.852 -0.992555 70
-1.11245 -1.02268 70
20.7985 9.20089 70
-10.3397 40.6433 70
-1.32341 -0.496423 70
0.854321 0.185773 70
-10.22 -9.29753 70
9.44024 9.40883 70
10.9183 0.897657 70
30.2124 20.6363 70
30.0046 21.0952 70
19.2521 -9.23552 70
-49.5492 -10.3594 70
-49.8089 -10.2828 70
11.3216 1.31815 70
10.4785 -21.2496 70
-1.02128 0.402828 70
50.9792 -39.2095 70
-0.392144 -0.658373 70
11.3827 0.570268 70
-0.454537 0.693289 70
0.588884 0.903499 70
9.2176 10.6237 70
-0.773829 -1.18265 70
0.609369 21.0019 70
10.4804 0.237671 70
20.3558 -9.09062 70
10.0637 0.622988 70
0.435387 1.38301 70
10.0469 9.95641 70
8.5995 9.05977 70
-51.083 -60.3393 70
-9.84638 -10.8294 70
-1.34032 -1.11314 70
-1.0241 -0.612608 70
9.08016 -0.187698 70
11.3716 -0.970554 70
1.19415 20.155 70
11.0475 1.46086 70
-0.836621 1.01191 70
0.158514 0.611925 70
-0.51665 -0.639902 70
-49.1668 20.4231 70
9.96909 1.00205 70
8.73488 0.239265 70
10.6024 0.086128 70
19.404 -11.4175 70
8.73631 -11.3393 70
-1.35731 10.2232 70
-0.708809 -1.44945 70
-99.1424 -10.6076 70
1.04647 0.257969 70
-1.18621 0.477572 70
-11.4397 -11.3964 70
10.6176 -9.75468 70
0.884045 -0.674503 70
10.4548 -0.0210836 70
11.0215 -8.5686 70
9.94631 8.73283 70
8.96803 8.7475 70
-0.755683 -1.27262 70
9.02713 -0.429294 70
10.0795 0.398694 70
9.31907 0.728567 70
9.41992 0.749752 70
0.342874 -1.41277 70
29.0571 9.64251 70
9.14453 0.0699454 70
9.15494 9.94722 70
10.7862 0.411848 70
8.97916 -9.52949 70
11.1181 1.19129 70
10.9691 10.8112 70
39.3154 20.2684 70
20.1319 -0.0902972 70
8.63518 -10.2606 70
8.723 0.277747 70
0.0678718 -10.2265 70
20.0788 11.3346 70
9.04075 0.870398 70
10.5315 10.0485 70
19.3278 28.958 70
11.1317 0.366452 70
9.38366 -1.36656 70
-1.27883 -8.71792 70
79.26 -19.7994 70
0.164919 10.4623 70
20.0808 0.835725 70
0.708634 0.56108 70
-11.1367 -19.7219 70
8.9835 -11.3811 70
-9.67814 -39.2252 70
-10.1355 -38.829 70
-1.43569 -10.5951 70
40.0648 81.4734 70
19.2189 20.988 70
10.6053 -1.34353 70
8.64065 0.57186 70
9.14034 -9.38057 70
1.13017 0.342965 70
30.0975 -1.32028 70
18.9777 -1.28713 70
-9.93631 30.2687 70
49.4589 49.6967 70
40.3595 -100.706 70
-1.08111 -18.5175 70
-0.987073 0.626093 70
10.4467 -0.0180469 70
1.29523 -0.826252 70
-0.848583 -0.670542 70
80.8618 0.894288 70
21.1838 -1.18842 70
0.374164 -1.26809 70
9.91853 0.792024 70
1.34317 -1.36896 70
10.0038 -0.53401 70
10.9272 -8.77307 70
20.1207 11.4126 70
0.322303 8.95213 70
-0.578776 0.0220174 70
-0.206808 -0.897379 70
-19.7525 10.4342 70
-10.223 -10.891 70
-8.78059 20.5618 70
-90.7748 -118.834 70
11.0151 -0.911844 70
11.3475 -18.9217 70
9.26333 -19.3109 70
10.765 0.701238 70
9.74274 19.9567 70
20.4335 -9.32738 70
20.7584 -10.7446 70
11.0132 21.381 70
-10.1451 0.424292 70
18.5669 10.6515 70
0.973891 -10.9231 70
20.3398 -9.03264 70
21.1878 9.53248 70
19.0182 -21.2926 70
10.0468 0.327647 70
-11.3181 -1.07546 70
1.48575 -9.99352 70
0.112265 -0.593351 70
48.5649 30.8423 70
1.44837 0.85183 70
9.05607 -1.01937 70
0.268603 -0.789034 70
9.57582 8.94821 70
-10.0884 30.5034 70
8.65758 1.22675 70
49.9786 21.2842 70
-9.23104 -30.6281 70
-8.54726 -21.0928 70
9.95509 -1.11011 70
1.22909 -11.4634 70
0.235712 -20.8695 70
-10.2257 29.9004 70
9.40342 -1.48479 70
70.2896 -39.1528 70
0.412051 0.948202 70
-0.595959 -0.480876 70
-0.733168 -9.85701 70
-0.479396 -9.62959 70
11.4538 0.800109 70
1.27436 -0.183739 70
20.6459 -30.6526 70
10.0832 1.43203 70
10.9822 -0.115028 70
8.72303 -0.292119 70
0.447927 1.02763 70
9.03274 0.38462 70
-21.071 0.331987 70
-1.37929 0.424078 70
-0.509811 0.664511 70
9.1975 -1.32876 70
-1.4257 10.8668 70
8.62543 -1.14563 70
11.108 -69.2269 70
9.92629 -11.34 70
0.531633 -8.99373 70
0.218829 -0.351504 70
-0.0992129 -0.547066 70
0.689878 0.419967 70
0.107849 0.6335 70
11.2017 20.5981 70
-10.757 19.4385 70
-0.89064 -0.738294 70
10.505 -11.0338 70
0.45305 -19.4024 70
-0.208542 -11.0244 70
11.4265 -11.4776 70
30.3163 19.3901 70
0.206056 -0.955555 70
-1.08105 -1.02727 70
80.5359 0.540298 70
9.18884 0.635227 70
70.3789 -60.3361 70
10.5958 9.92352 70
10.3439 1.30806 70
8.86412 -0.944261 70
9.46808 9.82434 70
10.8523 -8.85946 70
20.0763 -29.9329 70
18.9812 -29.0868 70
1.0437 -10.777 70
-9.77349 -21.1525 70
40.1398 31.4401 70
-0.265317 9.51972 70
-1.18717 9.04582 70
-20.3269 11.0335 70
9.97708 -8.608 70
-50.7531 -0.95153 70
-0.789153 20.7521 70
20.5736 -1.38205 70
60.3643 10.8451 70
20.7807 0.657273 70
-9.77717 -0.206257 70
1.03104 10.0974 70
-1.45153 -29.2766 70
10.5801 41.2996 70
29.1673 51.4389 70
29.0796 50.1417 70
0.160024 -20.7501 70
20.5519 28.5949 70
-10.0881 0.34965 70
0.979686 1.05956 70
0.156425 -0.998025 70
9.08631 0.029923 70
-0.601666 -9.51014 70
19.8785 0.60606 70
1.37166 -0.575243 70
-1.4939 21.1495 70
-19.4748 -41.1508 70
21.2571 9.87514 70
10.5943 -0.312918 70
1.36369 -0.157299 70
9.82773 10.2435 70
10.15 -0.428181 70
19.5624 1.18175 70
10.033 18.5594 70
10.9929 -0.940987 70
48.9642 -18.8994 70
-1.48747 0.177125 70
19.4911 10.4836 70
0.508723 0.535946 70
11.1031 -10.5385 70
-48.9856 69.6597 70
9.56182 -1.12365 70
0.261802 11.217 70
0.286852 -11.1231 70
-0.459789 0.0579379 70
10.0363 9.45101 70
100.699 -11.3351 70
0.884276 -9.56629 70
-0.789691 -1.07753 70
8.98815 -0.862244 70
-9.99317 -0.67808 70
11.1608 11.0759 70
-20.4361 -31.4135 70
20.6821 -21.3592 70
1.14451 1.27801 70
-1.46498 -0.66193 70
19.0078 29.962 70
-0.454527 -1.04338 70
-9.54158 0.0997925 70
-0.682716 1.17458 70
19.0934 11.3507 70
-19.2724 20.9325 70
-11.0155 10.7773 70
10.3029 -0.128899 70
20.165 -10.8203 70
0.877653 0.00480494 70
-0.268605 1.11933 70
-1.1104 -1.06362 70
-39.9952 -49.8702 70
11.0271 0.426261 70
-8.8337 20.3728 70
-0.376697 10.1253 70
0.946835 -19.5152 70
-31.341 18.8436 70
-0.831854 0.474206 70
-0.801816 0.441157 70
-21.0166 -20.8458 70
10.3772 -10.7879 70
-69.9511 -1.21083 70
9.73003 -10.5631 70
-59.2949 -19.4307 70
0.8889 10.1168 70
-0.933599 11.2185 70
-10.2375 -9.30636 70
10.8082 0.267746 70
1.46104 -0.777154 70
9.77609 29.4434 70
-0.672347 -0.287678 70
50.9574 -60.5985 70
10.0127 -0.890863 70
8.84096 11.0317 70
-38.7647 -1.12908 70
10.2247 0.206324 70
0.265583 -9.35376 70
-0.100847 -1.32149 70
10.1227 9.56539 70
-20.8267 -39.1297 70
-1.2583 11.0271 70
-0.968605 9.64788 70
-8.91115 -29.3317 70
-10.9108 -28.5699 70
-8.70542 -0.422012 70
-0.646233 9.78912 70
-0.403749 10.9483 70
0.362405 -0.408816 70
29.9939 -29.9797 70
-80.3145 -10.0881 70
20.3527 38.5536 70
-11.0007 9.30495 70
0.582762 0.556244 70
-0.778934 -0.975688 70
0.283642 -1.33599 70
0.0963858 -0.452214 70
30.4844 1.0331 70
8.9847 9.12854 70
9.28762 9.76864 70
28.738 0.7012 70
-10.5937 29.172 70
9.05404 -10.9709 70
-10.8691 0.383965 70
8.87927 -1.00241 70
10.636 -21.3664 70
-19.9891 0.0174405 70
9.73603 0.209412 70
-11.0561 0.89884 70
110.38 -41.0658 70
9.30127 -1.0128 70
1.07692 -1.43782 70
-0.621102 1.45209 70
-0.315586 10.2417 70
10.1292 1.19725 70
11.3063 0.765458 70
-0.944462 -0.422273 70
20.438 -20.1452 70
10.5241 19.108 70
10.0297 0.957097 70
-0.441914 9.86906 70
71.1719 18.8721 70
10.2033 -0.770162 70
0.754243 -1.09348 70
40.4298 18.7376 70
20.9317 29.3938 70
18.585 29.215 70
-10.8466 8.6027 70
10.4024 -9.83474 70
10.3226 0.302475 70
10.7877 18.5002 70
1.09711 9.38784 70
49.6029 48.9604 70
0.658984 1.4169 70
0.206486 -0.0386046 70
18.6775 9.70743 70
-21.4327 -19.8965 70
0.809354 0.480928 70
10.6556 -1.27607 70
0.000563473 11.4273 70
1.22337 -9.17739 70
8.66823 9.03643 70
8.89265 -1.45075 70
9.28408 0.625699 70
-0.430236 -10.2055 70
0.558366 -8.61044 70
-0.97608 -10.4291 70
-0.766244 1.19047 70
-0.819208 -1.43691 70
-18.7603 -11.2707 70
-1.13333 -0.875494 70
-1.10033 -8.58722 70
10.9705 10.5861 70
20.6136 0.664189 70
58.7356 69.5151 70
1.28526 -29.5718 70
-9.79713 -0.0860989 70
20.8701 -9.12513 70
0.544351 -0.838293 70
20.9417 -48.55 70
-39.4611 -10.0512 70
-61.3252 -20.7381 70
0.766466 -1.31159 70
19.7204 -20.4947 70
9.96031 -0.303912 70
-9.36169 0.870937 70
1.18098 -1.49593 70
1.28429 0.404348 70
-110.106 39.3015 70
8.57024 19.0928 70
10.6523 20.8259 70
-9.54468 -10.7881 70
0.136319 -8.58734 70
-0.63735 -9.00148 70
0.0467984 10.4995 70
8.83481 -8.62477 70
30.4946 -19.8847 70
-0.501181 18.7173 70
-0.923084 -9.5847 70
10.2844 0.242105 70
-0.739221 -10.9021 70
10.7202 -0.85722 70
-10.7663 -9.26447 70
-79.3666 10.6721 70
1.27399 -0.836812 70
-0.541477 0.014319 70
19.8794 -8.61056 70
1.35591 30.0167 70
0.0273788 0.491322 70
0.255379 -1.07323 70
20.4473 -0.424252 70
-0.741465 0.562363 70
50.2261 -39.0021 70
0.16301 9.07185 70
10.6603 1.43887 70
-1.22192 -0.872281 70
-0.0207275 -10.5487 70
0.671444 -1.18456 70
10.7393 0.894181 70
9.58824 0.194232 70
-11.4978 0.0425508 70
-50.6902 -49.7424 70
8.58187 0.766102 70
10.8091 0.00350254 70
10.7087 -0.597086 70
-70.4373 -9.01595 70
-1.12603 -0.0591308 70
0.151599 -29.0565 70
19.295 21.3011 70
-0.663216 -0.483269 70
-1.05652 0.903269 70
0.663851 0.289422 70
-9.17622 -0.958501 70
-21.222 19.5912 70
11.1654 -1.17772 70
-0.910492 -0.520242 70
9.18254 -9.62678 70
-0.256005 70.9801 70
9.04118 -11.0088 70
-11.0845 31.4855 70
20.0626 -31.1103 70
10.5163 1.00098 70
1.0703 0.799182 70
-1.33864 -0.120168 70
-1.17635 -11.3745 70
9.66147 9.40031 70
40.9753 -31.003 70
9.10222 11.2642 70
10.9207 11.215 70
-0.139318 11.4382 70
10.9839 -0.500453 70
8.58623 -0.511457 70
1.14713 -0.906464 70
-1.15805 -10.5878 70
-0.935624 1.22691 70
10.2117 -1.42553 70
1.09945 1.10942 70
-0.266332 -0.799297 70
0.922487 -1.44001 70
-10.6363 20.0731 70
8.79048 0.694496 70
-0.524717 8.52865 70
0.595912 0.256161 70
-78.8016 -51.3881 70
29.8812 -0.432166 70
60.3153 -21.2141 70
59.7749 -18.8213 70
10.924 -21.3092 70
10.0615 -0.264921 70
-1.35583 -0.4518 70
10.7226 -10.1992 70
-11.2157 10.3977 70
1.20561 10.4527 70
1.10909 8.93924 70
-0.455456 8.79963 70
20.8543 0.698934 70
20.2266 -19.2296 70
1.41214 -11.1022 70
11.4273 0.136165 70
-1.13546 0.851924 70
9.94085 0.834352 70
9.02066 -0.831534 70
9.51493 -1.27503 70
1.16162 -0.148411 70
-11.1481 -9.15137 70
18.6682 -0.0367582 70
10.077 11.3607 70
10.6271 -0.288157 70
-11.4855 -0.34874 70
11.2602 10.5273 70
39.5015 10.3368 70
10.0856 1.48428 70
1.20534 1.44481 70
0.862437 -0.112436 70
11.3719 8.65584 70
-0.23876 8.52559 70
9.60668 9.97759 70
9.81522 -1.24754 70
0.389287 -0.892927 70
10.3242 18.7687 70
18.6566 -40.9867 70
10.3964 10.6214 70
8.67268 -0.514249 70
1.12193 29.6476 70
1.00667 -30.3167 70
-0.147804 -29.892 70
9.1 -0.0187739 70
21.2581 -18.7703 70
-8.85688 -9.98757 70
9.49448 0.0376832 70
9.08731 1.41575 70
0.802002 -1.10258 70
18.7288 10.0213 70
1.16871 -0.847038 70
10.3886 -0.304759 70
-0.0973742 -9.54713 70
0.39099 -9.70453 70
10.8816 0.633304 70
-19.3182 19.6651 70
0.520035 -69.3858 70
11.0678 10.6845 70
9.28533 0.984678 70
9.83543 19.9178 70
10.1079 1.44554 70
-0.625671 0.0645241 70
21.3655 19.2525 70
0.203955 1.47766 70
1.12095 0.109435 70
28.5424 -120.307 70
10.0693 -0.125063 70
11.1865 0.531761 70
-1.23276 -0.0469872 70
20.981 51.3299 70
30.2462 20.5802 70
0.450369 20.3808 70
18.9813 -9.45899 70
8.61756 20.459 70
8.62764 -1.25514 70
61.293 58.6738 70
-0.638772 38.587 70
-0.742238 1.49796 70
-9.88812 28.7477 70
29.4874 9.90912 70
-0.670755 -0.869866 70
0.431793 18.6125 70
21.3659 10.5367 70
0.904649 1.20067 70
9.53848 -1.42808 70
-1.03319 -10.2002 70
11.2464 9.84787 70
0.995133 0.282962 70
11.0381 -11.368 70
19.3007 0.343324 70
-0.604911 -10.0833 70
10.0572 -9.64787 70
20.6524 -1.22353 70
8.57695 -0.503808 70
-0.824536 0.787598 70
10.7748 20.06 70
-28.7832 -31.2848 70
9.02237 -0.108506 70
-1.20422 1.07801 70
10.0782 -0.209146 70
0.108233 -1.34223 70
-1.27333 0.275542 70
31.4062 10.2097 70
-1.18684 -1.10406 70
0.0289501 18.9048 70
10.8213 -9.27336 70
20.7293 -20.0627 70
8.89709 0.521248 70
1.13441 -0.893091 70
0.698782 10.1111 70
8.96408 28.7877 70
-0.893904 -0.142088 70
10.6206 0.822117 70
11.2053 1.36369 70
0.596324 0.225899 70
0.188973 0.0286866 70
-19.4837 48.5241 70
-20.143 -31.4074 70
-1.15064 0.38587 70
-0.67946 1.28367 70
0.117247 0.198743 70
9.84969 -0.586248 70
49.8726 19.293 70
10.91 1.02547 70
-49.6857 -18.6577 70
20.3914 0.200423 70
80.7102 -59.6294 70
0.539033 9.50364 70
0.129939 -0.696179 70
11.2715 -0.337118 70
1.16108 0.111264 70
10.293 -19.5209 70
9.13797 -1.3061 70
11.3192 1.47405 70
20.8273 -1.16677 70
8.57203 -0.107984 70
19.266 0.954634 70
0.59729 0.155308 70
-0.861684 -39.5161 70
19.5954 -9.07761 70
9.39641 18.8706 70
0.135501 0.804824 70
-0.537842 -9.92385 70
0.543602 -10.6916 70
0.492544 -0.587637 70
-0.538267 0.916523 70
1.43563 -0.0823414 70
-1.31849 -1.41653 70
-1.47677 -11.2605 70
0.674892 -0.183365 70
10.5367 0.821306 70
1.38955 1.04539 70
10.3066 -0.553023 70
0.634271 -11.0454 70
29.4946 29.3049 70
8.54414 -0.274298 70
11.3821 1.08004 70
-1.30561 -8.64136 70
1.44196 9.16587 70
-10.3693 21.1604 70
-11.4668 -49.5736 70
21.3423 -0.151201 70
10.0047 20.2749 70
-20.9954 -1.1901 70
10.2631 -19.3902 70
-1.32259 -9.83937 70
9.31792 -10.1101 70
10.7289 10.1678 70
11.1491 11.3593 70
50.9397 -19.5204 70
-9.60304 -31.3611 70
0.391775 0.984138 70
0.686086 0.28699 70
9.69513 -10.6253 70
-11.0295 0.0977938 70
0.142758 10.2168 70
-0.829998 -0.952803 70
8.97111 -9.19739 70
69.2209 21.4904 70
10.4462 -1.1665 70
49.6622 -70.9938 70
-8.78452 1.01426 70
9.01279 0.394812 70
0.906546 -0.33098 70
-21.4443 -70.1403 70
0.0677939 10.008 70
-1.49836 0.269064 70
1.06384 -0.0385461 70
-1.25533 0.0817069 70
8.93374 -9.0976 70
10.2894 1.44521 70
11.405 0.895027 70
-1.30765 -0.43563 70
-11.4903 -10.5145 70
0.799906 20.2772 70
-9.02443 -9.01692 70
-0.676994 0.0227393 70
21.1065 10.0644 70
9.85714 -1.17067 70
21.4019 11.4721 70
30.457 8.82094 70
8.89698 11.196 70
11.057 28.7924 70
10.664 -0.0740444 70
-1.37804 0.690909 70
10.7672 0.101747 70
9.86613 20.8436 70
0.444129 -10.3866 70
59.4409 -19.2236 70
0.933015 1.15525 70
0.0107123 10.7652 70
10.5789 -0.123627 70
-0.339695 -1.20199 70
19.7955 -31.2609 70
8.9153 -1.47693 70
10.5025 -0.349589 70
9.26131 -0.085051 70
-49.0525 8.60777 70
9.96448 -1.47861 70
1.43477 1.2771 70
18.7578 -0.0806498 70
-40.3946 -39.3945 70
-0.386145 10.3878 70
20.4218 -9.09149 70
-0.286885 18.9326 70
-58.8344 -29.7816 70
-1.24558 8.74514 70
0.616708 -1.10928 70
10.134 11.0496 70
20.3497 9.53786 70
10.4925 -1.08463 70
19.4744 -0.960663 70
10.2139 -0.144882 70
48.8267 -60.8903 70
9.78943 -8.91487 70
11.3779 -1.15756 70
-0.438384 0.466159 70
10.9692 9.09692 70
10.8586 10.5747 70
9.48175 0.544779 70
-1.44456 -10.6544 70
11.0258 0.59648 70
-20.5527 -10.9599 70
10.7342 -1.04534 70
39.2552 -61.4995 70
19.4672 -0.23344 70
1.45635 -0.574411 70
-0.340631 39.3569 70
