-1.34374 -1.23054 70
-0.297522 -1.19747 70
-0.406345 -0.628188 70
-19.9437 -1.26137 70
-19.2503 -0.931445 70
-0.0786005 -1.26788 70
-1.26921 -1.07208 70
0.205279 -0.42252 70
-1.039 -0.923703 70
0.633908 9.74077 70
10.596 -0.128155 70
30.0774 -0.390596 70
-8.60784 -0.470828 70
-9.79379 -10.4501 70
1.16216 0.50217 70
10.2153 0.484702 70
-0.39702 0.429742 70
20.1848 -70.553 70
-0.667668 -29.163 70
10.9497 -9.60675 70
0.207605 0.561568 70
-40.2851 71.0307 70
20.469 -19.4319 70
0.0393462 -11.3697 70
-1.36091 -9.23287 70
0.712757 0.383596 70
0.891829 0.685404 70
-0.51854 -1.47888 70
1.27986 -1.38758 70
0.44734 1.09442 70
-0.364474 -9.89447 70
0.471333 -1.01454 70
10.7678 -9.94153 70
11.0879 -8.53433 70
-21.465 11.0291 70
1.30429 0.101464 70
-1.11153 -1.49583 70
-21.0819 -8.73529 70
19.3599 -10.8269 70
-0.913107 -0.600647 70
0.486927 -0.987586 70
9.68711 0.101683 70
-0.295758 -10.6392 70
1.41655 -10.215 70
99.6853 21.0284 70
18.9622 -40.6141 70
1.00763 -1.26393 70
-1.1432 0.854546 70
0.373966 -9.79529 70
-1.43062 -1.48271 70
-1.12565 -11.0559 70
-0.654906 1.00026 70
1.30823 -1.00677 70
-9.47166 -8.57544 70
-1.11144 -1.09626 70
-20.8155 -9.39716 70
0.839246 -0.109159 70
11.48 -1.40878 70
-0.0989085 -0.822805 70
1.32624 -8.97386 70
-0.00839073 -0.94292 70
9.46946 -0.179894 70
1.1856 0.341532 70
0.738745 -0.494654 70
28.7695 -11.1277 70
-0.185426 0.0218179 70
-99.7828 39.9421 70
8.9081 21.0548 70
-31.036 8.91461 70
-0.828173 1.17453 70
-1.277 0.265942 70
10.1182 -0.531408 70
-1.25721 9.5477 70
0.887214 0.248703 70
0.326622 0.0190361 70
-1.39108 -0.443175 70
0.34246 0.102854 70
-39.9874 50.3589 70
-10.9027 -10.5991 70
48.595 -30.6311 70
49.8115 -29.7652 70
-10.0838 -0.573691 70
-11.0848 -0.436857 70
1.13839 -1.08758 70
-11.0648 20.119 70
-20.5487 -8.84306 70
0.823686 -1.17237 70
-0.0818445 0.474048 70
10.6883 -9.86334 70
-0.176806 1.28863 70
-10.4628 -11.3274 70
-10.9536 -0.423695 70
-0.336028 -0.156282 70
8.95662 1.29886 70
-29.067 21.0968 70
-31.2734 21.3713 70
-10.501 9.4892 70
-1.07325 -1.06781 70
-9.39367 9.8107 70
-0.177542 -0.999345 70
20.1343 10.4195 70
-0.336738 -0.444793 70
-10.9147 30.9716 70
-70.4119 9.02361 70
1.09455 0.647435 70
-10.809 9.59765 70
-0.505213 -0.0261396 70
8.56377 10.6526 70
-1.12148 1.23962 70
0.961839 0.153337 70
8.93615 0.13267 70
-11.1692 -0.50136 70
9.68956 -0.943116 70
0.462699 0.0815431 70
40.5242 -31.296 70
11.2443 1.0405 70
1.00091 11.2844 70
-0.814963 1.27259 70
0.491811 1.25884 70
10.0417 0.792648 70
-10.4325 1.32847 70
-20.5696 -28.5536 70
-10.1473 -30.0889 70
9.03578 10.6434 70
30.0846 0.831273 70
1.49735 -10.0151 70
19.2744 0.304446 70
-0.658139 0.710779 70
-0.893061 -0.589738 70
1.32825 -19.0456 70
0.741421 -19.4886 70
0.862038 -19.2858 70
-0.525644 -0.621477 70
-0.78574 -0.752489 70
10.7362 -0.370486 70
-1.15939 0.420991 70
1.36236 1.35344 70
-1.25949 0.36614 70
-0.0864925 -1.20319 70
-0.171439 -1.37857 70
0.754992 0.0298041 70
0.277358 100.977 70
0.198318 -0.794506 70
0.96884 -0.767429 70
0.250098 -0.612618 70
-1.44855 0.436775 70
1.15098 -1.45296 70
-9.00729 -8.96304 70
9.75307 -0.996431 70
-9.52821 -1.06208 70
-9.12234 -1.37607 70
-10.1772 9.25914 70
-0.155524 0.884783 70
-1.4123 -0.0377977 70
10.2437 0.620981 70
-0.029122 0.120864 70
1.14368 0.675638 70
19.0521 -10.1634 70
1.17306 -8.84259 70
9.4512 18.897 70
-0.975332 0.765132 70
10.863 -8.79649 70
0.0557823 -10.0841 70
-1.13117 1.44266 70
-0.436389 0.257767 70
1.26726 1.36781 70
-8.8473 10.5412 70
-9.23218 9.98688 70
1.20494 -1.15311 70
-1.4545 -0.561267 70
-19.0742 0.587308 70
11.2157 -9.0709 70
-0.793339 -10.9931 70
0.692941 -8.60347 70
-1.42193 -1.17434 70
0.357833 -0.049574 70
-0.904728 0.276904 70
-1.48232 -10.5596 70
0.583297 0.699871 70
-0.543796 1.42834 70
0.552317 -1.35025 70
0.203454 10.7039 70
0.333373 11.37 70
10.2873 0.741795 70
-1.47721 -9.39251 70
-9.98515 -39.678 70
-39.4386 -10.8465 70
10.0613 -9.89951 70
-1.46804 -0.912594 70
-0.530594 -0.727358 70
-31.4984 58.7456 70
0.474555 0.569592 70
1.2699 0.781636 70
-1.49382 -1.06409 70
0.95445 -8.93386 70
0.134307 -8.72306 70
-1.21952 -1.48362 70
0.378589 -1.35769 70
-11.1341 -10.8344 70
28.6307 21.205 70
-0.79188 -9.70349 70
-19.6298 1.11312 70
0.0779746 0.143037 70
-0.601282 -0.271349 70
1.21222 -0.499985 70
-9.08875 -10.483 70
9.82093 0.163511 70
0.19473 -0.968199 70
-11.0745 -10.3892 70
-0.524012 -1.0415 70
8.83515 -0.482625 70
-9.9753 -9.55803 70
18.9135 0.59467 70
11.1267 -8.98138 70
0.846319 0.88632 70
-0.043255 -1.39111 70
-1.46494 -0.571809 70
-41.4103 -20.9648 70
-20.3137 -40.2946 70
-9.35725 0.0849 70
9.40059 -18.9424 70
-9.96118 0.389659 70
-0.933561 8.9749 70
-0.824159 -0.774022 70
-10.8766 -61.1895 70
-10.9197 -0.215438 70
0.0931403 0.181852 70
-1.03029 0.695895 70
0.687558 -9.48529 70
1.40439 -8.94808 70
-0.476443 -1.1152 70
-0.566865 0.131459 70
-20.3762 0.160607 70
-1.24859 1.05754 70
-0.539649 0.342245 70
0.172066 -0.0983669 70
-0.168211 -19.805 70
-0.289451 -18.5285 70
-1.13269 -21.36 70
10.4327 0.897371 70
-11.2895 -0.247176 70
-18.7046 -21.2114 70
-1.47627 -0.102508 70
-0.375848 -0.628364 70
-21.4034 1.45698 70
11.162 10.8929 70
20.2963 -10.1238 70
-0.469436 10.179 70
1.29273 1.22976 70
-0.272297 -0.982521 70
-49.5511 50.7294 70
-1.31739 -1.29297 70
-0.854366 -1.42187 70
-0.352542 -9.58949 70
-1.02795 -0.630441 70
-8.98885 9.16553 70
-1.34424 0.215261 70
0.981824 0.123016 70
0.0121487 0.258671 70
0.920335 -0.815992 70
-9.25777 11.4024 70
18.9235 -1.30915 70
-29.6282 -51.4542 70
20.6673 -70.7302 70
0.0275298 0.928565 70
11.3478 -8.75109 70
-9.76574 1.37716 70
-1.11456 -0.878934 70
20.3453 -19.3919 70
-48.5933 21.1066 70
-0.304088 -10.6803 70
-1.01206 0.306433 70
-31.0171 -19.9859 70
1.15894 1.36116 70
-0.65704 0.377805 70
50.7177 -11.4792 70
11.1922 10.1377 70
0.993389 -9.08614 70
1.03729 0.82607 70
-11.0145 8.55017 70
1.114 0.191419 70
-1.10615 -0.634262 70
21.1485 10.9152 70
0.352467 -0.953565 70
0.382009 0.712234 70
19.7517 0.907285 70
0.652283 18.6271 70
0.674456 -0.44293 70
-0.371279 -1.44148 70
-0.0906728 -1.1633 70
8.89903 0.122328 70
1.19718 -1.26924 70
0.119109 1.04212 70
-1.07361 -0.702137 70
-1.45937 -1.41181 70
-10.9197 -0.695301 70
18.676 19.4225 70
10.6443 -0.84905 70
-0.123756 0.357808 70
0.552443 8.65014 70
0.438182 0.576418 70
-1.10291 1.14632 70
1.47485 -0.966011 70
1.04988 8.9738 70
9.09351 0.781155 70
1.37518 -10.7297 70
0.761986 -9.93296 70
0.900056 8.86648 70
-1.46194 20.6649 70
-0.243966 8.76751 70
0.652 -1.14531 70
-0.755361 -20.5513 70
1.20778 -0.753723 70
8.60442 -0.38948 70
9.77752 -0.306653 70
0.946095 1.15684 70
-0.388558 41.2151 70
-10.9896 20.7525 70
0.0617772 -10.607 70
-0.654995 20.7494 70
1.00456 -11.4417 70
0.119408 -1.06871 70
-9.56806 0.609045 70
-10.4321 -8.83471 70
0.0639599 -0.57448 70
0.897263 -9.74279 70
-78.624 20.4204 70
0.253914 10.1187 70
-1.19567 -20.1314 70
9.91768 0.0915073 70
0.937925 -1.05522 70
-61.483 -0.148128 70
-0.960084 -9.04546 70
-1.38068 1.08919 70
-0.436977 -10.5626 70
1.32969 -0.478379 70
-1.34406 0.806148 70
1.01643 0.94932 70
0.451294 0.153668 70
-0.699255 0.181778 70
11.3659 -9.93089 70
9.66219 -11.3362 70
11.3801 -9.95233 70
19.044 -1.286 70
-11.3466 -9.47944 70
-60.0945 0.730517 70
-1.23459 -9.7236 70
-19.7311 1.02012 70
-0.558129 -0.428062 70
0.910978 -1.41785 70
8.52232 -0.984782 70
0.138137 -0.330558 70
-19.4272 -40.0379 70
0.596422 -1.33525 70
10.7558 0.0380649 70
-9.34104 0.745647 70
-9.37626 10.6982 70
-20.8456 1.38116 70
-19.6022 8.60689 70
-20.7468 11.4028 70
9.10489 -1.03064 70
-0.0879953 -1.00456 70
-19.4911 -41.3883 70
0.538212 -0.786655 70
0.910009 -0.246299 70
-1.22469 -0.865183 70
0.404284 0.0616867 70
-10.2263 1.01048 70
-9.39497 -20.0867 70
-9.63157 -19.5073 70
-0.513912 -0.757798 70
-38.874 19.6435 70
0.731974 -8.89452 70
-40.1938 69.3846 70
-0.206652 -18.5084 70
-29.8765 -41.3654 70
-0.639064 -0.142304 70
-10.7154 19.4082 70
10.4158 -10.4582 70
-9.07284 -0.546174 70
-0.176111 -0.799811 70
-0.0866792 -1.39594 70
-40.1176 1.24463 70
-18.574 18.6305 70
1.3579 -0.164427 70
0.601027 0.494619 70
1.07157 0.777832 70
-10.0694 48.5115 70
11.3433 10.9119 70
0.635459 -9.10522 70
0.457299 11.3896 70
1.10639 9.48837 70
-0.982656 0.730274 70
39.5012 11.0747 70
0.0990156 -8.55002 70
-58.5742 -79.7065 70
-30.502 -49.5564 70
-1.35627 -1.42066 70
10.1359 0.567902 70
-0.805047 0.0941049 70
-0.953091 -59.8005 70
11.1092 -10.4595 70
0.763495 0.0449028 70
0.754933 1.02281 70
-9.65175 9.03297 70
8.99975 1.35526 70
0.889816 19.1622 70
11.3396 -28.9902 70
10.4934 -19.4563 70
-0.0988863 -0.677828 70
40.2692 31.0729 70
-8.59033 10.9396 70
9.26886 -20.5414 70
-0.33036 0.829196 70
1.01214 -0.91152 70
1.06407 -1.02337 70
-10.1218 0.660999 70
-1.32587 -20.8128 70
-1.41445 -19.0349 70
0.801803 -9.40343 70
-0.745769 -11.0015 70
9.66487 -31.0695 70
-10.3027 0.412117 70
9.53164 -8.83623 70
0.411138 -0.254307 70
0.730485 1.18938 70
-1.06255 1.40529 70
-1.22585 0.911906 70
29.0986 0.772002 70
1.09247 0.369737 70
9.43971 -0.135895 70
0.77133 1.4682 70
10.0818 -0.991972 70
1.07624 -0.784218 70
1.18897 9.74596 70
-0.87737 0.74153 70
0.244853 -1.24973 70
-0.402884 -0.614143 70
-19.0723 0.654494 70
-30.64 49.0809 70
-0.383265 0.937378 70
0.244909 -0.158523 70
-0.817287 -1.01886 70
-1.24432 0.252562 70
-1.263 1.33411 70
-20.7947 -21.2405 70
-0.557438 1.38833 70
-10.6494 -1.29237 70
40.2864 48.9124 70
51.2007 -18.6622 70
0.250991 -0.562623 70
0.979673 -20.6812 70
1.31512 -1.33194 70
-1.20725 -1.15885 70
50.8143 58.9691 70
10.0526 -1.48107 70
-8.76363 -9.11264 70
-0.0278812 1.11513 70
20.4345 -40.3686 70
-0.133778 0.363045 70
11.0296 -9.11606 70
-9.41532 -0.913429 70
-0.830145 -8.97698 70
0.984401 -0.972764 70
0.270606 -1.28086 70
-0.0662688 1.12769 70
10.3799 10.4437 70
8.61317 8.81711 70
8.56454 -9.23592 70
21.3389 9.34738 70
-0.429336 -0.722503 70
-71.2251 -40.8027 70
-68.9595 -40.3897 70
9.35571 -1.2028 70
9.37051 1.20157 70
1.06875 10.0212 70
0.362536 9.57209 70
1.19483 -18.5451 70
0.125841 10.1532 70
-9.44462 10.2454 70
21.2572 -9.97829 70
-1.04483 -11.0789 70
1.06603 -1.42485 70
-20.7582 39.0096 70
-1.27336 -10.6357 70
-10.1957 28.765 70
-0.363272 0.643092 70
-0.479376 0.537505 70
10.1173 0.917496 70
0.192937 0.342821 70
-1.08503 0.247728 70
29.6134 10.2679 70
-0.896746 1.4813 70
0.781869 0.566388 70
-0.410494 1.11382 70
8.65435 -20.3771 70
10.535 -20.56 70
0.995334 -10.7705 70
0.155446 0.916833 70
20.8447 29.865 70
20.425 30.159 70
1.02509 -9.17219 70
-1.07358 -1.05021 70
-0.165037 -0.235358 70
-9.0872 9.19246 70
-8.79122 10.0131 70
-9.23327 9.46489 70
1.49202 1.32854 70
-0.120314 -0.54806 70
-0.215558 -0.192416 70
21.0987 10.6414 70
19.353 9.69523 70
1.41673 -30.193 70
1.01453 -1.40282 70
-10.11 -10.2264 70
10.7722 -11.1241 70
28.6043 8.78628 70
1.02993 -20.5375 70
-9.8503 -0.802211 70
-29.4783 9.63614 70
-11.4866 -9.4985 70
-11.1486 1.02497 70
-0.717677 -1.23315 70
-8.51329 -11.018 70
0.371026 -0.840986 70
21.0419 -19.97 70
-1.06331 1.09229 70
0.237334 0.474322 70
-1.39773 0.670333 70
-11.0069 10.1458 70
10.6002 0.219556 70
-11.0125 10.9908 70
-0.532677 -0.0607992 70
-0.0222456 9.73655 70
0.501796 -10.9024 70
1.095 -0.700989 70
-11.265 0.255718 70
-0.482532 -0.221697 70
-10.0625 -1.32501 70
10.1074 -20.1784 70
-49.8961 29.7972 70
0.904265 -11.4764 70
-0.609392 -0.603056 70
21.2262 -0.183101 70
0.192963 0.580957 70
8.89418 0.620911 70
0.938415 -0.859262 70
10.2001 1.40052 70
0.017097 -11.4702 70
-9.55284 0.67161 70
-1.45697 0.0285171 70
9.0349 8.62779 70
-0.0733188 -0.31993 70
-10.1429 -0.0482397 70
-0.361873 -11.4069 70
20.5219 -30.817 70
-9.60667 1.44408 70
50.0793 -29.1212 70
-10.0261 -38.8204 70
0.831223 1.19304 70
0.161341 -1.06265 70
19.5645 9.20373 70
19.0539 8.77748 70
8.88768 -8.75885 70
0.203775 0.423648 70
11.3909 -29.4064 70
-31.454 -0.62252 70
9.57592 -40.0881 70
1.33499 -1.15235 70
20.781 -20.0674 70
-0.551936 -11.1789 70
11.2681 -0.188821 70
10.8259 -0.0486563 70
-0.0715449 -1.20998 70
19.3876 19.8338 70
0.410384 0.35902 70
8.77614 -8.95845 70
-1.21371 8.96465 70
-0.581428 8.59007 70
-0.583783 19.8914 70
-0.959602 1.20507 70
10.1085 -1.46685 70
-48.7405 9.23313 70
19.5204 -10.293 70
-0.889578 0.170854 70
-10.9987 -0.86624 70
30.2642 30.1674 70
-31.085 -9.16247 70
-1.4509 -8.5593 70
0.493371 -0.90553 70
0.796808 -1.03258 70
-9.65661 1.44182 70
-9.64894 -1.3895 70
0.162962 -1.20005 70
-1.4408 0.146441 70
-0.222099 -0.107354 70
-20.3281 -40.0717 70
19.6795 1.16727 70
-31.2115 18.8306 70
1.42959 0.830248 70
11.2552 -9.4677 70
-29.934 18.9987 70
19.1379 -29.4763 70
0.315247 0.866259 70
0.61709 -1.03347 70
-0.962036 -0.183809 70
0.190505 -0.0935579 70
0.409638 1.13605 70
1.42322 -1.18386 70
-10.2084 -10.264 70
-20.2863 -0.484463 70
-20.6695 0.447745 70
-19.8633 -0.987012 70
-0.101235 -9.21398 70
1.49975 -9.24626 70
-10.6281 0.761225 70
-1.07894 0.614699 70
-51.1293 20.9999 70
0.657675 -10.7626 70
1.10703 -9.90678 70
-8.98834 -9.81635 70
0.35226 0.967385 70
0.497507 1.27007 70
0.233148 -9.92295 70
-0.36624 10.1184 70
-1.05911 1.34368 70
-0.873973 0.321093 70
30.2154 -9.17433 70
0.965807 -0.19733 70
20.4165 -8.74676 70
20.2023 -9.12346 70
-19.8533 -11.031 70
0.149333 1.00446 70
8.88399 -41.3104 70
1.03749 0.759476 70
10.1255 -9.63985 70
-11.0079 21.1979 70
-0.510727 19.1458 70
20.6032 1.18214 70
1.30107 1.16771 70
0.9746 -1.23811 70
10.8591 -0.765605 70
1.48907 -1.32583 70
1.05712 -0.246593 70
-0.690031 0.0500378 70
-10.7111 0.700289 70
-0.693027 -0.784936 70
0.0804462 0.239836 70
19.2857 21.1177 70
-11.3565 0.156214 70
-1.19802 -0.746785 70
-18.7789 31.3313 70
0.374467 -0.496311 70
0.882382 1.0663 70
-40.7377 -31.1481 70
0.150631 0.0522794 70
-0.0256386 1.2317 70
1.19275 -1.12451 70
-30.4277 21.0414 70
-1.03754 -0.266194 70
-0.346298 -0.8594 70
0.253603 1.10219 70
0.125362 0.970963 70
0.924876 -1.16932 70
1.2874 -11.0535 70
1.44813 0.928879 70
0.470004 1.02651 70
-0.529924 -0.407721 70
0.552165 0.468217 70
-1.02497 0.584721 70
-11.0074 8.9584 70
-1.30381 -9.92241 70
10.4567 -0.574514 70
0.0964798 0.917134 70
1.21824 8.81072 70
-1.25139 0.691813 70
-1.36934 0.462903 70
1.47007 0.00780551 70
-0.843649 1.24514 70
-0.200385 -9.80627 70
-8.84769 1.20541 70
-11.0433 -0.235386 70
-10.3319 -9.10975 70
1.05916 0.792882 70
8.51011 -39.0091 70
0.794399 -0.488311 70
-8.6921 -0.0877275 70
-0.271284 0.0509613 70
-20.8787 -0.390872 70
-0.0509035 1.41848 70
-0.348927 -0.877112 70
10.8995 0.125943 70
-0.161851 0.934121 70
0.0888124 0.892448 70
10.4549 9.66703 70
0.311387 10.8412 70
1.41749 -0.602208 70
1.23131 1.20772 70
-1.4024 -0.523927 70
0.567003 0.756644 70
10.2048 19.0148 70
50.6437 40.3455 70
9.99787 -1.28384 70
18.5862 0.456367 70
-10.5663 0.238273 70
1.02515 9.05611 70
-0.458962 -0.465826 70
-0.443124 -0.801207 70
-0.0550817 -0.663799 70
-1.00127 20.9982 70
-0.880339 0.198279 70
0.0792512 -0.943343 70
0.866626 0.584089 70
-1.19519 -21.0781 70
1.30114 -9.20934 70
0.409668 0.529134 70
10.2131 0.954668 70
-10.6507 0.885325 70
-10.34 10.2328 70
1.20907 -0.644351 70
-11.0779 -0.715324 70
0.19108 -1.19183 70
-8.98512 -0.00766275 70
28.8405 -31.1513 70
0.693045 0.313553 70
0.414975 -11.0309 70
0.00939339 -0.470679 70
-18.8772 19.3759 70
0.749968 11.4543 70
1.00957 -0.903511 70
-9.86272 -1.20852 70
1.28081 0.169855 70
0.746704 0.567769 70
29.8286 -10.2463 70
-8.68167 -1.27183 70
1.34977 -0.119943 70
11.3625 1.35153 70
-1.3047 0.965023 70
-0.97885 -20.9834 70
1.29169 -19.2946 70
-0.142109 -10.1389 70
-1.28488 -0.752283 70
0.488012 0.599928 70
-0.915492 0.40992 70
1.30741 -0.00203248 70
-1.36229 -0.766402 70
8.67818 11.4017 70
0.83285 -0.634085 70
-19.2132 68.6774 70
9.66772 -19.0211 70
-0.395176 -0.534493 70
8.87003 10.7208 70
-8.68276 -10.5259 70
10.6817 0.725962 70
11.3238 51.0432 70
-1.24511 1.00016 70
0.802522 10.3411 70
0.313468 1.14131 70
1.2273 -0.0607454 70
-78.7914 8.5014 70
-0.970199 0.0240018 70
-1.30045 1.13348 70
8.90245 -1.17844 70
8.63823 0.194856 70
81.139 -30.5828 70
10.0581 -1.14428 70
0.878061 -1.09513 70
9.68372 -20.395 70
10.5172 -9.93801 70
10.9702 -10.0719 70
-10.3689 -1.16622 70
-0.125994 -20.8636 70
1.03703 8.58386 70
11.4131 -1.46826 70
-10.3309 10.5312 70
1.3086 -0.971776 70
1.11953 0.650568 70
-0.213618 -10.6923 70
-9.01314 8.71061 70
0.66949 -1.05385 70
-9.8704 -9.50656 70
-0.558776 -0.92891 70
-1.19018 -0.979456 70
-8.79278 0.852233 70
-19.4627 -10.1028 70
0.605472 1.04436 70
30.5083 -20.2652 70
9.61985 -0.353612 70
-39.7554 21.36 70
0.259555 -10.3482 70
-9.31287 8.72355 70
1.3864 9.61867 70
-0.530969 -0.0259469 70
-0.0507767 1.4462 70
1.19614 -18.5347 70
-9.49836 -10.3717 70
1.04928 -9.816 70
-8.71258 0.73085 70
29.2838 9.99943 70
-0.303496 -9.36823 70
8.53164 0.796638 70
-18.8316 110.266 70
-0.229466 -9.99909 70
-1.30864 1.4042 70
11.3591 10.7081 70
-50.2205 49.1884 70
10.1374 -11.4123 70
0.544902 0.110197 70
-0.234117 -11.0767 70
-1.02451 8.71116 70
-1.30509 -1.01026 70
-0.0841705 0.169651 70
-0.186022 -10.4429 70
0.605117 -0.396613 70
8.62443 20.3582 70
1.29711 0.323864 70
20.0908 -10.337 70
19.4649 -9.39335 70
-1.18306 -11.1794 70
-1.45644 -1.31884 70
-1.20934 -0.458048 70
10.8272 -11.1337 70
-19.0199 0.590487 70
-0.116093 0.105972 70
0.693955 0.328686 70
9.99547 -1.41629 70
21.2607 18.691 70
69.809 -10.1041 70
-10.4912 1.11792 70
-1.08015 0.240091 70
-0.60352 -0.612694 70
-1.24557 9.06178 70
0.887707 9.7173 70
31.3235 39.9075 70
29.5114 39.2426 70
11.4508 0.704167 70
-30.006 -59.4605 70
19.2177 0.305214 70
11.4206 -20.5122 70
-0.414175 1.46349 70
8.70665 9.80293 70
9.50142 -0.933588 70
10.8349 -11.0467 70
10.9041 -9.3016 70
9.73843 1.06125 70
-1.24764 -0.993876 70
19.0621 -10.4945 70
-0.344272 1.17317 70
0.730883 -0.784348 70
10.9144 -19.161 70
0.665297 1.29511 70
-0.849933 10.4325 70
0.954093 -0.00749332 70
9.9448 1.39597 70
0.652121 -0.0584187 70
-1.34736 -11.2811 70
-20.2262 -11.3744 70
-0.523097 -0.976314 70
-0.279476 -10.5777 70
-1.35311 0.259252 70
-0.971892 -1.27486 70
11.1761 -10.0364 70
-21.1303 -11.1932 70
-10.8351 -38.9695 70
-0.990116 0.332801 70
10.0153 1.4448 70
0.862249 0.00266207 70
-39.1648 30.6012 70
0.411948 0.40642 70
-11.1036 20.1666 70
0.718292 0.327094 70
0.924479 -19.4542 70
-48.8877 -1.2209 70
-48.8767 -0.416949 70
9.07384 0.194211 70
-0.908879 1.17967 70
-9.03316 0.915486 70
1.42188 -0.258101 70
9.51442 -9.74828 70
-1.25879 0.93574 70
10.3023 -1.46932 70
-10.6557 -20.3387 70
10.2116 20.1598 70
-0.449506 18.6587 70
11.3188 -0.406711 70
0.303919 0.410962 70
-0.0410307 19.5974 70
20.8015 10.844 70
-0.0952124 -0.249922 70
9.25775 10.0375 70
0.894584 -1.1091 70
-10.3004 -11.4224 70
19.6166 9.57711 70
11.4961 -0.273828 70
-1.18217 -1.16412 70
0.493552 -0.398712 70
1.06394 -9.21169 70
-0.636215 -9.3248 70
-8.65792 1.23858 70
