-0.0301865 -19.6864 70
-1.48135 -1.33699 70
-0.781641 -0.730938 70
0.848246 -1.35739 70
-1.14783 1.02267 70
0.513698 0.302847 70
-0.0107163 1.31012 70
-1.18175 -1.4908 70
0.70836 0.696682 70
21.1024 0.244904 70
-10.2965 -19.3786 70
-0.120491 0.0221195 70
-0.717056 1.21782 70
-1.44191 -9.60952 70
0.236158 0.537289 70
-0.0755118 -0.629892 70
-10.0281 1.39705 70
1.30168 9.88918 70
0.0329057 -0.490726 70
-0.470124 0.737236 70
19.8997 9.383 70
-19.6791 29.3145 70
-28.6163 -0.72325 70
0.952896 -0.850886 70
39.5817 9.57194 70
0.907878 -0.182513 70
0.226248 30.7851 70
19.0966 10.2068 70
29.8501 -39.1646 70
-29.6978 -0.990188 70
-0.241061 -0.411931 70
-9.72726 -0.0209655 70
0.451879 -0.0995177 70
-10.127 29.6993 70
9.05463 -18.945 70
9.01988 -19.5125 70
-0.974115 1.41582 70
-1.03832 -10.9869 70
0.485751 -9.65855 70
-0.489476 1.46866 70
-9.49554 0.0479752 70
-1.22307 0.0628951 70
11.1712 0.0821174 70
-21.3599 10.5322 70
0.983646 1.27513 70
-0.182322 -0.494232 70
20.3405 -0.961136 70
-9.20417 -9.05617 70
-8.51436 -10.2102 70
-18.974 18.686 70
-0.319479 -10.1275 70
0.348493 1.04741 70
0.58073 -1.43252 70
0.963651 -0.542216 70
-1.151 50.4701 70
1.12658 1.11487 70
0.257887 -0.230658 70
8.69158 10.1527 70
1.11732 -0.674706 70
10.3937 -18.6524 70
-1.26472 1.14131 70
9.62258 -10.9638 70
-0.84305 -0.154346 70
-28.8838 10.4847 70
-30.3167 9.39718 70
0.199324 -0.612363 70
0.00417288 1.05682 70
-40.2356 20.8856 70
-0.602141 -10.5109 70
10.1807 0.525453 70
0.88848 0.23821 70
20.8028 -0.179247 70
11.3494 -0.0395837 70
-9.94011 20.2291 70
9.3074 -0.739155 70
-0.0777512 -0.555368 70
19.9623 18.704 70
8.75134 0.166235 70
9.53313 0.0722278 70
9.33083 -19.8744 70
1.10457 0.368422 70
0.40521 0.425064 70
-0.0825264 1.22603 70
0.359841 0.624497 70
8.56958 -11.2887 70
9.38754 -10.1424 70
-0.471383 1.37595 70
0.994101 -0.797031 70
10.1844 0.0301952 70
8.87227 10.6861 70
1.0427 -0.0292555 70
0.932036 -0.338532 70
-1.40855 -0.568732 70
0.886945 11.3287 70
-1.1954 -8.59704 70
-10.1645 10.3333 70
-0.0216368 10.9143 70
8.6099 11.177 70
1.31261 -0.534395 70
-0.570135 -10.0399 70
0.914615 8.6257 70
-0.894063 9.68653 70
-1.47396 1.15203 70
1.47112 -10.9436 70
0.214309 0.805597 70
10.5688 8.9659 70
-0.680381 -1.47172 70
-9.12038 0.216187 70
-8.97619 11.403 70
0.555361 -1.37019 70
-69.8727 -39.9109 70
-0.303014 19.942 70
-0.192979 1.38911 70
8.72939 0.0266272 70
9.21264 8.80127 70
8.50214 0.433546 70
11.0351 -9.99081 70
0.314669 -0.128813 70
0.537811 0.57291 70
-0.271945 -11.2901 70
0.790649 0.638728 70
0.828717 -20.6231 70
0.388521 -1.02159 70
-1.03141 8.89707 70
-1.05221 -0.974079 70
10.5209 8.53733 70
-9.75969 0.679003 70
-19.1767 -21.1323 70
0.277412 0.44237 70
0.243216 0.935847 70
10.5074 0.129283 70
-0.0956847 -0.372917 70
-21.1539 11.0473 70
-1.04519 -0.752761 70
11.2484 9.34713 70
-11.1326 -1.46241 70
-9.48808 18.567 70
-1.26423 -1.27643 70
-1.07881 0.875128 70
0.563155 -0.777173 70
-9.4158 -9.63393 70
10.1365 0.0967629 70
0.200959 0.77651 70
-8.74529 19.7893 70
9.73417 -10.2488 70
1.32955 -10.8869 70
11.4551 -71.4927 70
0.671418 0.7322 70
-0.786294 49.162 70
-8.73123 20.9049 70
-20.2922 -8.73322 70
-1.42383 -10.7296 70
1.06253 1.20069 70
-0.593181 1.26113 70
-8.97417 -1.04937 70
0.210793 0.752616 70
-1.36173 -8.65999 70
0.129513 1.30432 70
-1.143 -20.386 70
-0.0516809 0.503503 70
-1.36428 1.10966 70
9.81473 -10.1017 70
11.2886 -8.50236 70
-21.046 8.81232 70
11.4404 21.1364 70
21.1186 -1.11888 70
1.18553 0.200152 70
-19.8662 -1.07737 70
11.3114 0.424285 70
0.306287 0.922715 70
0.73907 -1.10511 70
0.0168619 0.996193 70
21.2778 -28.7356 70
18.7034 9.24622 70
10.8615 -0.548872 70
-1.23895 1.02097 70
-10.8826 0.450595 70
1.25702 19.8881 70
-1.26458 0.268695 70
0.813501 -1.082 70
9.37966 -0.13829 70
-1.38235 1.00841 70
0.70856 -1.19478 70
11.4867 -20.9178 70
1.4351 -1.11965 70
-10.3033 -29.1436 70
-9.39125 -8.97607 70
0.47853 -0.66989 70
10.27 -9.62192 70
0.115867 -9.65261 70
10.0169 -10.4361 70
10.2167 0.992655 70
0.377288 -0.464258 70
-0.359874 -0.376722 70
0.0163747 -0.930169 70
0.526191 0.433375 70
-19.8009 8.63977 70
-1.42017 0.0353276 70
19.9417 20.9652 70
-10.4076 -11.247 70
-21.3866 20.1231 70
-0.995618 -1.04812 70
31.4388 30.0343 70
-1.32905 0.516257 70
10.1296 19.8474 70
1.06918 -0.542079 70
0.0192975 0.187299 70
8.9642 -0.456733 70
0.208631 -1.22417 70
0.673717 0.803448 70
1.29123 0.190011 70
0.374029 0.362687 70
-9.66775 19.0395 70
29.7352 -40.3608 70
-10.7245 30.4995 70
-1.12016 -1.16271 70
-11.2404 9.37942 70
-1.20178 -0.138966 70
-0.906152 -0.506023 70
-9.62639 1.43838 70
0.628173 -10.0127 70
-0.961166 -1.03107 70
-0.184471 0.230878 70
19.3179 -10.7066 70
-0.402484 -0.494138 70
0.820243 -1.13555 70
-39.5802 9.32116 70
0.179689 -8.69568 70
-0.877949 -9.85781 70
21.3795 31.3255 70
1.32583 1.15103 70
-0.180846 -0.240357 70
-0.570294 -1.03939 70
0.468663 -0.437885 70
-0.645167 10.8694 70
-9.19132 -1.38316 70
-10.3057 -9.33921 70
19.5818 8.89032 70
-1.48848 1.12015 70
-0.448111 -1.206 70
-0.432311 0.683902 70
-9.44979 -1.27585 70
0.502529 0.217796 70
0.740417 -1.02873 70
-0.833099 -0.547844 70
0.549899 -0.277165 70
-60.8106 20.0605 70
-59.0639 19.9554 70
0.418162 1.05079 70
-1.42796 1.02529 70
0.0277356 -9.78018 70
-0.179761 0.307371 70
10.8886 -1.28848 70
-0.515448 1.07592 70
1.23857 0.956206 70
0.700368 1.08135 70
-29.5226 8.70069 70
-0.55067 -0.428279 70
-0.267409 -1.42827 70
1.17626 0.415834 70
0.629751 -1.10892 70
-0.518768 -10.7696 70
0.105521 -0.75707 70
-29.6198 -9.15019 70
-10.8413 30.7054 70
1.45233 0.671569 70
0.862727 -0.668036 70
1.0572 0.260458 70
10.4588 8.5258 70
-9.15201 0.66727 70
-10.2635 -0.692931 70
-10.1409 -0.540655 70
-19.1842 -0.134865 70
1.10773 0.828434 70
-9.37489 9.73263 70
9.73176 9.33189 70
20.3109 -20.2438 70
-21.3471 -9.25644 70
8.81653 -0.038118 70
0.612771 11.4737 70
-0.928141 -0.968418 70
-11.4506 -9.07682 70
-10.9414 1.39463 70
0.594234 -0.364532 70
-30.4327 38.7769 70
-58.7625 59.8937 70
-59.9709 60.2815 70
18.9203 -0.825033 70
0.262868 9.43058 70
-10.1397 8.95775 70
-10.5432 0.413967 70
29.5779 -9.26553 70
10.899 0.184131 70
-0.0697927 0.133965 70
-1.45907 -0.489066 70
-0.666444 -0.26083 70
0.911244 -0.933003 70
0.711174 9.24918 70
10.6737 -1.17501 70
10.8062 -1.25314 70
-20.9403 8.62147 70
1.44795 -0.0455457 70
38.695 -90.49 70
1.24559 0.285792 70
-1.16444 0.879545 70
-1.21567 -8.9712 70
1.19565 -0.0249063 70
0.785424 9.61019 70
8.88182 -9.23417 70
-8.69035 -10.2171 70
1.15481 20.0645 70
9.59451 9.35993 70
-10.1845 8.88788 70
-0.222341 -0.841307 70
-0.46697 0.696636 70
-8.68708 0.165378 70
-0.707214 -0.630312 70
1.43096 -0.395399 70
-1.00388 1.04193 70
-0.528702 10.1858 70
0.136523 -19.241 70
0.108887 0.501696 70
0.668394 1.44093 70
9.85616 8.98382 70
-9.4249 0.942778 70
8.96381 10.1112 70
0.0168782 0.102155 70
0.344396 -0.917762 70
0.458723 -0.222566 70
10.307 -9.61277 70
-1.18278 8.70178 70
-0.173485 -0.852132 70
0.50618 0.154839 70
1.23804 -0.193303 70
-0.8691 -0.965855 70
0.484558 1.17255 70
-9.44124 1.02106 70
-11.0916 -9.81568 70
21.4017 9.95335 70
1.34345 0.612981 70
-9.57743 9.15958 70
-8.59788 9.44498 70
-20.2247 -50.1643 70
-28.823 28.9869 70
0.766968 0.110647 70
-0.767357 -9.49473 70
-20.1816 -20.9331 70
-1.03111 0.740048 70
11.1396 -10.851 70
-0.928199 -0.0243697 70
10.2803 0.727411 70
-10.609 10.1739 70
0.576697 0.30739 70
-0.0413783 1.12544 70
0.885444 1.02685 70
-8.73001 -0.576503 70
-9.31661 10.3018 70
1.21368 1.4237 70
10.5252 1.31555 70
-1.19253 -8.74396 70
0.448193 -0.456068 70
-0.821862 -10.432 70
-18.9701 0.639903 70
-19.1226 -0.589779 70
-29.7777 -8.54205 70
1.08657 0.793926 70
-9.30815 11.1737 70
-10.4933 9.88111 70
0.236105 -0.171317 70
0.0666215 0.524906 70
31.118 -29.9207 70
1.11177 1.18043 70
-10.243 -0.769491 70
0.692167 0.0354659 70
10.0141 18.6767 70
-0.10041 1.49231 70
9.93623 9.48215 70
-19.8656 9.466 70
0.533445 -0.569954 70
0.603107 -8.6107 70
40.064 20.8725 70
11.445 -0.495428 70
10.0933 1.41473 70
-10.3722 -0.806997 70
-1.10628 1.15942 70
10.8946 21.291 70
1.11801 1.40934 70
-0.904388 9.70446 70
-8.98234 -0.759616 70
9.98851 19.5956 70
0.280159 1.09306 70
-9.21499 19.8605 70
-10.8995 19.7928 70
0.11697 10.338 70
0.15103 -0.16461 70
0.780999 0.422013 70
-0.0725946 -1.43761 70
-21.3482 1.48363 70
0.274462 -0.578443 70
-1.45192 -0.0429415 70
-1.40418 -0.558295 70
9.46743 0.39536 70
1.10371 -1.41531 70
-18.7578 -40.8295 70
1.02036 -0.596423 70
-0.11929 -0.200371 70
-8.74972 18.8242 70
0.354751 -0.757505 70
-1.30487 1.06779 70
20.7167 19.455 70
-0.452403 20.5289 70
0.177348 0.893586 70
19.4304 -10.6428 70
-0.476792 -0.486478 70
20.9848 -0.143214 70
19.1051 81.1821 70
9.92568 19.1513 70
1.34338 1.20304 70
-18.6932 -18.563 70
0.471049 0.235132 70
0.33247 1.48397 70
19.8513 -0.987796 70
-9.39993 -1.05033 70
-19.7848 0.600753 70
1.05223 -9.02638 70
1.14857 18.9229 70
-9.46837 -10.3024 70
8.79662 -0.769534 70
9.65352 -1.08952 70
19.7149 20.404 70
-1.17425 -1.29277 70
0.461721 0.822061 70
-49.0622 28.6519 70
1.08822 40.0191 70
-11.285 -8.59711 70
0.204603 -9.20384 70
0.888009 -1.32231 70
1.2535 0.922936 70
1.28488 -1.45054 70
1.3812 -0.556081 70
-1.28669 9.31487 70
-79.1932 -9.85306 70
1.14348 1.0206 70
-9.30734 -1.39167 70
-8.6517 19.6531 70
0.891561 0.669266 70
-9.60562 0.294494 70
-10.1765 0.900492 70
1.14173 1.38926 70
-1.03021 -0.0187506 70
-79.2631 20.3188 70
-81.4535 18.5292 70
0.632185 0.313166 70
1.34944 -0.685778 70
-10.3075 -0.798252 70
-1.40518 -0.114085 70
0.911559 0.345027 70
-9.85154 -1.0336 70
-30.1146 11.4633 70
-9.38693 -1.48811 70
-0.0216662 9.57119 70
0.733342 -0.186208 70
0.153249 0.680609 70
0.861665 -8.59851 70
0.438502 0.0492309 70
-0.204326 -0.56847 70
-0.40285 1.13717 70
-8.50128 0.102319 70
10.782 19.5596 70
-0.602686 -0.67741 70
0.156695 0.983512 70
-1.07505 21.2451 70
0.848096 0.973808 70
1.48076 -10.88 70
0.838126 -0.812793 70
0.291378 -11.3174 70
0.573128 9.51646 70
-1.06193 -9.09144 70
60.5305 10.9065 70
21.0861 0.197455 70
21.4161 0.439354 70
-19.0913 -8.66925 70
9.36655 -19.133 70
0.61329 -10.5679 70
0.2729 -10.2032 70
0.877874 0.0151216 70
-0.271613 20.3148 70
-20.4322 -30.2469 70
9.03326 -20.522 70
-0.924823 -20.0437 70
18.8725 60.8843 70
0.74992 10.1783 70
-11.1899 0.233196 70
8.58106 0.591667 70
0.515293 9.14161 70
0.338572 0.63229 70
-10.2076 19.3278 70
-0.467124 -11.4616 70
-0.953708 0.358266 70
-0.382508 0.242677 70
9.34405 -20.959 70
-1.10559 0.125989 70
-49.4766 8.75113 70
11.2903 -0.20697 70
-11.128 1.21485 70
81.3453 10.874 70
-20.2363 11.4471 70
-0.282136 -0.0524025 70
-1.33795 -1.38213 70
0.0482285 0.817369 70
49.3501 -109.439 70
-8.96601 1.3605 70
-0.573355 -1.18526 70
1.40904 -1.39301 70
1.05807 -0.484772 70
-9.16064 0.358765 70
0.252323 0.393107 70
0.530174 0.757995 70
11.3438 9.54712 70
-1.22155 -1.37465 70
61.0643 -20.796 70
9.58073 20.4649 70
-9.9548 -10.6401 70
0.656485 9.04639 70
19.9623 -10.3204 70
-19.6335 -70.0493 70
9.29189 0.396056 70
-0.98677 -0.718044 70
0.158445 0.00448289 70
0.150081 -0.787623 70
-0.169957 -21.4641 70
-49.8515 51.2201 70
-0.130862 -0.821771 70
9.70688 10.4566 70
8.73836 9.28555 70
8.84255 0.987442 70
9.7106 -20.9761 70
-9.84086 -10.8537 70
-0.10843 -0.616293 70
-19.981 1.30165 70
18.7994 -9.34538 70
-8.56101 -0.0180369 70
-10.7683 -10.7105 70
-0.328968 0.405472 70
0.454992 0.567525 70
-0.968623 -1.13404 70
0.975054 0.98871 70
1.26418 0.537625 70
0.268015 0.0116302 70
-0.116546 -0.831017 70
-1.25809 10.9441 70
1.02486 -10.9351 70
0.578803 -10.3944 70
-0.552804 -10.3988 70
1.21603 21.4136 70
-0.384189 -1.25852 70
51.3849 19.2703 70
0.2946 0.808167 70
-0.200473 1.13996 70
0.467301 0.374607 70
-0.414079 1.35286 70
1.00073 0.256883 70
1.2771 -0.152529 70
-10.6987 10.117 70
-11.4527 8.66884 70
-39.7222 -20.6529 70
0.707539 0.516567 70
30.1593 -1.006 70
0.649223 -1.34844 70
-1.26021 1.41726 70
18.5978 10.5924 70
-1.31908 -0.00765094 70
0.969942 -0.0630439 70
40.743 -18.5175 70
10.4585 -20.7827 70
-0.428115 -0.00342128 70
-1.2891 -0.208434 70
-10.4379 -0.756272 70
19.7773 -29.9229 70
1.12269 1.07893 70
-10.3863 -10.6755 70
9.42591 -8.98377 70
0.233787 10.307 70
-0.770527 -0.197912 70
-9.20457 -0.568765 70
29.298 1.28486 70
-1.12727 -1.11295 70
9.36998 -89.7488 70
1.31912 0.355868 70
1.43261 0.431088 70
1.28989 0.473646 70
9.13536 -9.54237 70
8.75771 -9.97874 70
0.238487 -1.48848 70
-0.324225 1.33992 70
1.27262 -19.8703 70
1.37011 0.316847 70
-11.4978 9.73097 70
1.20067 30.4755 70
-11.105 0.982726 70
-11.4487 0.163738 70
9.06088 1.10763 70
30.5043 10.3899 70
-0.252216 -30.6355 70
-9.9154 -1.01959 70
-21.3779 -0.935038 70
-61.3469 -49.9189 70
-29.0323 -1.0381 70
19.7478 0.996738 70
-20.2649 -8.5905 70
-10.2718 0.221526 70
9.45063 -0.862258 70
9.41545 -0.348924 70
0.443892 0.0620714 70
-1.41575 -0.891552 70
-1.13106 -9.30122 70
-19.1767 -11.1791 70
0.599068 8.8543 70
-0.527509 9.63142 70
-19.6242 19.8311 70
-20.9941 -49.4244 70
-0.909974 -0.200777 70
-0.44915 1.44907 70
0.368286 1.09274 70
0.373313 -0.626789 70
9.68753 -1.36546 70
19.4436 -18.6326 70
-0.405527 11.3497 70
11.1287 9.12573 70
-8.89924 10.5811 70
20.1938 20.3093 70
11.2469 0.629609 70
0.417674 -1.23178 70
-0.62188 -0.883457 70
-11.04 1.09395 70
9.21503 -11.495 70
-0.351578 -0.964207 70
-19.8734 11.4793 70
1.08984 -0.987685 70
8.66203 30.6818 70
9.9245 0.527756 70
1.11373 0.432659 70
-10.1546 -0.976247 70
21.1265 -29.8453 70
-0.814042 -0.139636 70
-0.197878 10.8252 70
-10.2975 -0.766874 70
0.222198 8.68304 70
-0.860543 9.71538 70
-50.2767 8.88 70
-0.707084 -1.38446 70
9.47366 -9.16 70
19.8979 8.68646 70
21.0755 -11.0167 70
-9.28631 20.0489 70
1.2413 -1.00281 70
-0.242481 -1.09555 70
-1.05347 -0.979778 70
-8.83916 20.9326 70
-1.08525 1.06496 70
9.74521 -0.045305 70
0.639766 -1.28516 70
0.00559195 9.67778 70
0.0278233 1.44915 70
10.8935 -1.20979 70
0.185205 -10.5308 70
-0.776514 10.7399 70
-0.981768 -0.131603 70
-21.1174 -11.3148 70
1.12712 0.236658 70
20.0312 20.8326 70
1.25696 9.22168 70
-0.170108 1.36656 70
0.0857786 -0.974667 70
9.58617 -10.7804 70
-0.712034 -0.724066 70
11.3755 1.03794 70
1.09944 0.75069 70
21.0365 -18.7846 70
1.29339 -20.9465 70
0.0932565 0.215149 70
-19.1443 -8.83564 70
-1.35826 -0.601989 70
88.6449 -31.0679 70
-1.46034 -0.729884 70
-0.704662 0.233621 70
-9.76667 10.5205 70
-0.326693 -1.28594 70
0.766552 -10.8037 70
-0.378637 -10.9231 70
-1.44693 1.49458 70
-1.0549 1.21629 70
0.23326 18.845 70
-30.0052 1.02317 70
-0.557176 9.91045 70
-39.0072 0.995214 70
9.77257 0.363198 70
-31.2046 19.8149 70
9.22331 8.85892 70
-1.25103 -1.02259 70
-0.870643 -0.0262647 70
11.3328 -1.15461 70
0.949719 -1.33394 70
-10.5368 -10.3489 70
0.0463859 -0.984084 70
-9.25555 8.52962 70
0.739243 -0.881756 70
-8.71182 -19.3429 70
-21.1641 9.20174 70
18.6655 0.893693 70
-10.9929 0.532416 70
-10.5549 1.3497 70
0.391665 1.16013 70
1.14375 1.25176 70
0.610768 -0.887119 70
20.3102 -10.3305 70
0.485734 0.538534 70
-0.295075 -0.388112 70
1.27315 0.403394 70
-20.5933 20.0331 70
19.6983 18.8354 70
9.78649 -0.485982 70
10.597 0.772192 70
9.43704 0.0318985 70
9.11324 -0.216784 70
-0.114229 0.435191 70
-0.0366142 -10.523 70
0.904478 0.151783 70
0.876647 1.23348 70
-11.2923 1.11621 70
-0.874006 -1.23451 70
39.8947 19.0506 70
-0.309975 -0.260032 70
20.7614 -1.10036 70
-1.39221 1.34542 70
-10.4433 11.2762 70
0.737922 10.6477 70
-80.0388 29.6856 70
-19.1535 9.07539 70
-0.128003 0.560645 70
8.57562 30.8398 70
-1.47626 -0.604162 70
10.2535 29.6248 70
-0.735482 -0.584627 70
-1.23818 -1.04219 70
-0.232635 -11.0517 70
-1.35776 -8.69804 70
-0.918839 0.955162 70
1.17886 -0.678273 70
-0.932505 -0.404307 70
70.3952 10.8249 70
-0.223356 1.28574 70
20.7398 -19.7474 70
-28.5795 51.0236 70
-0.828863 1.32682 70
10.481 0.330941 70
0.817403 -0.961708 70
0.834379 0.173811 70
-1.3409 -0.640254 70
1.32019 -0.269929 70
0.346068 0.0451266 70
0.35758 0.872394 70
-49.5219 1.03698 70
-0.554132 0.914572 70
1.02454 -0.182587 70
0.690741 0.51476 70
-9.81961 0.660909 70
-0.313199 0.688096 70
-1.33753 0.882457 70
0.687971 -1.20066 70
10.6879 0.313962 70
-0.200556 21.4837 70
1.22907 -1.13441 70
-0.561222 -0.261091 70
-9.96935 -19.6421 70
8.70865 11.1561 70
-0.00633303 -1.37011 70
10.9052 -10.0133 70
10.8302 -9.33549 70
-18.9356 -0.610703 70
0.41539 1.28432 70
-10.8114 0.407252 70
8.71043 8.90725 70
0.944214 -0.682914 70
10.534 8.52345 70
0.331448 -0.759324 70
-19.8161 19.2068 70
-1.01668 -0.744219 70
-11.3992 1.46447 70
-0.0620015 -0.711802 70
-1.18512 0.50326 70
-10.9923 0.848152 70
-8.51731 0.367159 70
-0.769273 10.5089 70
1.32197 19.5893 70
9.55693 -9.57055 70
-0.335153 -11.113 70
1.25467 -0.868306 70
0.28969 1.39203 70
-0.219566 1.25623 70
-9.2015 9.26949 70
41.2322 -11.0897 70
0.63588 -0.431171 70
41.2496 11.1361 70
-10.1791 -1.21595 70
-1.17526 0.131286 70
0.292386 0.493382 70
-0.23621 -0.0446493 70
0.452962 0.418969 70
-10.774 9.4736 70
-0.548315 -9.52964 70
-0.0829178 -0.511805 70
-9.885 20.2696 70
0.734896 -1.09086 70
-1.2288 0.497749 70
1.31531 0.213491 70
9.14931 1.13723 70
-1.4163 -0.989431 70
-50.4006 -19.9744 70
-50.3333 -19.3378 70
1.35688 0.100994 70
0.140283 -0.564891 70
1.35585 -0.510221 70
0.224579 -10.0301 70
18.9631 10.3098 70
1.14997 -1.16753 70
0.0260542 -0.902956 70
0.168738 0.181786 70
11.4956 10.8234 70
0.558249 9.89243 70
0.75199 9.67474 70
29.6397 -10.6881 70
-8.98321 -0.237213 70
8.76225 -11.0571 70
11.2096 -9.09186 70
-0.747444 -1.42387 70
-11.3293 -0.981664 70
1.08557 -8.7542 70
-1.27338 1.08429 70
-10.6646 -0.45525 70
0.335801 1.29553 70
1.14268 0.305657 70
0.144853 -8.5959 70
11.0574 -21.1957 70
10.1985 10.2778 70
-0.400066 1.24269 70
39.3832 21.064 70
-9.2228 -30.1179 70
0.251163 1.44433 70
1.26346 1.35878 70
-0.540078 -0.741899 70
-8.8681 -1.08894 70
0.868409 0.147668 70
11.2604 9.84057 70
-0.769334 0.436851 70
1.28073 0.803912 70
-1.06924 10.9549 70
-1.09953 0.921047 70
-18.9335 10.836 70
10.8793 -8.68344 70
0.213351 -0.292362 70
1.14495 -0.0135743 70
1.1321 -8.50666 70
0.000500754 -1.22043 70
-0.400438 -0.711722 70
-9.69664 -19.2647 70
-0.0709652 -0.394022 70
-0.213515 0.0490687 70
1.49948 1.38785 70
-0.596266 -0.268594 70
-0.335103 -0.216722 70
-0.85216 -0.526135 70
0.275448 0.362395 70
20.8564 19.5852 70
-0.74749 0.277692 70
-0.622809 -0.0397807 70
9.61829 -8.54357 70
0.0455241 -0.340606 70
1.38236 10.6868 70
-0.108819 -30.0867 70
-0.733871 10.5912 70
-9.19984 29.2429 70
-0.692787 -0.533175 70
-18.8134 -70.5438 70
-18.5322 -10.8727 70
0.797289 -0.42346 70
