-0.77402 0.973003 70
-0.115436 -0.63233 70
1.30568 -1.3874 70
-0.582214 0.960658 70
-20.2811 -59.6456 70
1.17755 1.19445 70
-10.2667 -11.218 70
-10.051 0.359181 70
-10.1365 0.361899 70
0.643099 -10.4897 70
-1.42134 -0.576649 70
-10.5578 -19.0206 70
20.1245 -1.38675 70
0.183813 -1.44577 70
0.72925 -9.40042 70
-9.93986 -9.79172 70
0.578042 39.9126 70
0.118051 -11.0586 70
-1.15391 -11.4348 70
-10.7808 -0.377118 70
-10.5767 -0.803263 70
-51.0019 29.7463 70
-18.9949 29.1137 70
-21.4015 19.4073 70
7.75964e-05 9.51733 70
-39.5398 11.1903 70
-9.52355 -0.620258 70
0.537761 -9.91847 70
-1.06447 -9.68201 70
-1.06081 20.3252 70
0.636426 -10.0542 70
-0.960534 -9.72121 70
21.0297 -28.8341 70
19.4342 -28.9977 70
-9.25676 -0.389259 70
-28.8045 -9.2279 70
-99.5785 21.3583 70
0.752951 0.00902381 70
-18.5568 -40.653 70
0.736196 0.217786 70
19.0494 -40.6187 70
-8.94673 11.4071 70
9.28676 21.0384 70
-1.38459 -8.72695 70
-0.278923 -0.24655 70
-0.789439 0.90059 70
9.3464 20.3605 70
-1.41918 -29.145 70
-0.00405415 -10.2551 70
0.988248 -10.7851 70
-21.1837 -18.987 70
18.5297 18.512 70
-19.906 -8.6104 70
-19.4397 -30.8702 70
0.608458 -38.8934 70
1.13138 -11.278 70
18.7831 -10.7838 70
10.2493 89.9734 70
0.977794 -0.118677 70
-10.4918 -1.49939 70
-19.4268 -8.96473 70
-20.0699 -8.98509 70
-20.0092 -69.6211 70
-0.0626261 -0.471157 70
-28.6976 0.456857 70
30.8463 60.917 70
-9.68768 -9.49036 70
-11.3566 -19.8009 70
-59.0982 -21.3567 70
-1.43503 11.4497 70
0.990047 -1.07561 70
28.5584 -38.6101 70
29.2659 -39.8736 70
-1.02127 8.73188 70
28.8663 20.5287 70
29.3287 10.6199 70
-9.45486 20.7803 70
-0.876798 -1.39583 70
-0.617244 -10.497 70
10.393 -8.59925 70
0.54667 -11.3475 70
49.2282 29.4747 70
-1.07429 -49.2422 70
-11.2252 10.8857 70
9.11657 -120.897 70
-18.7825 61.2101 70
-1.07652 -9.66623 70
21.2737 -1.36144 70
0.90096 29.3505 70
-1.42871 -8.67768 70
0.781205 1.18886 70
20.4919 -50.3217 70
109.67 -101.409 70
-51.3478 -39.9532 70
-0.859394 0.361788 70
40.9458 -29.2664 70
9.48214 -18.5545 70
-20.2836 0.400518 70
9.30666 -1.29967 70
1.46496 -10.6689 70
-0.109427 0.108636 70
9.6128 -11.4106 70
0.791319 -0.0511163 70
-10.3 -9.62593 70
1.35953 -1.21935 70
-10.748 -8.85256 70
10.4106 -10.8133 70
0.689426 -8.95844 70
-10.6137 -10.7349 70
0.349124 -1.48298 70
-9.01486 -0.510607 70
-0.039095 -9.07058 70
-1.12 19.8183 70
10.9463 30.6759 70
1.19305 -29.6245 70
1.24574 -28.6259 70
49.3686 60.5316 70
48.9153 59.0616 70
0.0177838 -9.59981 70
-29.771 -9.01631 70
1.28594 -10.2383 70
-0.85607 1.49725 70
-8.97497 0.309141 70
-11.0073 -9.92291 70
-1.01808 -9.74659 70
-0.909999 -9.84654 70
-119.52 0.163401 70
-1.08922 -11.1801 70
0.9883 8.57222 70
1.18003 -1.41864 70
0.339018 -8.8606 70
-0.985461 -1.40061 70
9.45076 -11.101 70
-29.4622 -8.55956 70
0.928477 9.5938 70
9.90726 -20.3475 70
20.791 19.0917 70
-10.1793 20.0701 70
-11.0741 1.22383 70
-0.124783 -10.8183 70
0.889264 0.291258 70
19.724 -38.6522 70
0.483648 -0.00579018 70
-9.63314 -28.6848 70
-10.7158 0.758316 70
-10.5531 -9.59273 70
0.16303 -19.4182 70
0.205187 1.00256 70
0.532939 -1.32827 70
0.502717 -11.2113 70
-39.1953 11.0698 70
-10.4315 -19.9846 70
40.8361 48.8118 70
20.1914 -69.1121 70
-0.000870025 -10.8689 70
0.122749 -0.475167 70
-1.24056 1.49015 70
-29.478 -10.8099 70
0.0400398 -0.0987993 70
0.729255 1.30444 70
1.33866 -9.15737 70
0.376325 -10.7441 70
-9.1839 -0.291676 70
11.444 9.78685 70
-0.554025 0.794689 70
-10.265 0.801948 70
60.6054 -50.8743 70
1.11176 -9.2471 70
-1.17742 -11.249 70
-21.2654 -10.9295 70
-18.8795 20.9114 70
-0.029275 -0.280252 70
0.616275 0.800475 70
-0.794469 0.145494 70
-11.2626 1.09971 70
-30.0618 -21.0003 70
0.395674 1.42936 70
11.2883 0.711745 70
9.67427 -1.32098 70
-0.51956 -11.0267 70
-10.6984 0.630885 70
-1.38649 9.28725 70
9.22631 -9.82716 70
0.037887 -0.268798 70
-0.176852 -0.152807 70
-0.0761796 -20.3122 70
19.2581 8.79266 70
-1.14689 -19.249 70
1.30755 -29.6518 70
18.6001 -0.686678 70
-9.8762 -19.2365 70
-0.87857 0.532821 70
-1.29739 -10.6105 70
10.3004 -9.88732 70
-10.3167 -29.1316 70
-0.804866 0.774376 70
-41.2071 9.37809 70
0.744354 -1.25898 70
-8.66036 -11.3117 70
-0.549972 -8.6817 70
-0.387535 -0.0104123 70
9.77259 -10.1006 70
0.0254109 -10.8555 70
-10.6504 30.8595 70
-99.3785 109.589 70
10.6793 -10.3221 70
-8.80698 0.261432 70
-1.44007 -11.1284 70
30.0928 -9.92435 70
-1.31992 -10.2928 70
19.2211 -20.4723 70
-1.27502 -9.29464 70
31.0555 9.03386 70
-0.441553 -11.1577 70
-8.90183 -0.734637 70
-0.0804849 -9.66503 70
0.391723 -0.25739 70
-9.64317 -20.107 70
9.13869 -39.8854 70
-20.7775 -0.281957 70
-0.463668 -0.439852 70
-11.0416 -20.8962 70
9.24829 -20.6044 70
-19.8641 -10.2245 70
-0.0652254 -11.4042 70
-9.33194 -20.1113 70
-1.27212 -8.85365 70
-19.0435 8.89111 70
0.113434 29.6715 70
1.33063 -8.92984 70
0.121557 -9.48745 70
0.964182 -30.3741 70
-0.187246 8.92461 70
-9.91104 -0.364702 70
10.8524 -29.5209 70
11.3108 -30.147 70
0.431683 0.561978 70
1.3479 1.27581 70
0.83159 8.52902 70
10.7993 -10.3258 70
-0.384233 0.959113 70
-18.8165 0.112993 70
-0.675168 -8.72664 70
0.208783 0.266017 70
-9.27668 -29.6813 70
-10.4217 -19.8221 70
-8.51678 -19.6477 70
9.6961 0.627241 70
-1.1864 -1.4241 70
-0.919291 -11.3452 70
1.40865 1.47772 70
0.317982 -9.60004 70
-0.580906 10.1225 70
0.4303 -0.919264 70
-8.80286 -1.39168 70
-10.3315 -1.3166 70
18.5693 11.4489 70
-20.4238 19.2087 70
1.22547 1.40561 70
-40.7148 68.5835 70
1.47902 -9.53156 70
-79.6857 20.0543 70
0.294468 -10.6105 70
19.7302 -10.3929 70
0.442157 1.30816 70
9.10829 20.7897 70
-10.5602 -29.019 70
-1.05346 -1.19203 70
0.773654 -1.15296 70
1.31963 -0.128634 70
0.683161 0.594336 70
0.656932 -1.49356 70
-0.0117908 -0.959366 70
8.63909 -21.2867 70
1.29287 -1.08885 70
20.7439 -10.8875 70
0.83864 -10.3509 70
-0.841533 9.42186 70
-0.494341 10.8504 70
-20.0409 50.6779 70
-10.119 -0.299645 70
10.7488 -9.15816 70
-19.685 -40.652 70
-10.4465 -8.70786 70
-9.38778 -9.85997 70
0.463965 -9.17002 70
20.0751 40.4931 70
20.6754 41.4358 70
-0.398062 -0.814755 70
40.1266 39.1015 70
-0.470338 -1.09678 70
0.418414 -0.571604 70
9.09811 -9.13806 70
10.2943 -11.0844 70
-1.40182 -0.0231468 70
10.8651 0.843475 70
0.2074 -9.16978 70
9.21754 8.55365 70
-0.776355 1.40467 70
0.256527 -10.4485 70
11.4939 -10.6379 70
11.3035 -28.6946 70
-0.478118 -9.79285 70
1.23643 -9.21433 70
1.22533 -1.30204 70
0.9067 -0.867139 70
-31.3721 -28.9189 70
1.00054 10.2065 70
-9.5332 -10.0369 70
-0.282137 -20.2403 70
-1.0209 -18.6533 70
0.902735 -9.45893 70
0.754245 -0.543187 70
0.868431 -1.34277 70
0.443465 -8.6958 70
-1.17808 -9.88873 70
0.159225 -9.02161 70
10.9141 -28.5602 70
0.276254 -9.3764 70
-0.391488 -0.681036 70
-11.3672 -8.85403 70
-68.6568 31.2071 70
-70.9624 30.8816 70
0.117564 -11.0553 70
-1.04689 -0.506447 70
31.4168 -10.278 70
-19.1093 9.46958 70
-10.3702 0.821681 70
-0.0268522 1.18504 70
-0.310557 0.207291 70
-8.75381 -20.274 70
19.6758 -20.024 70
0.305283 -0.233053 70
-10.5687 10.0927 70
-20.922 -0.766118 70
9.8383 -11.1154 70
-1.02388 1.43749 70
-9.25914 -9.27629 70
1.31961 0.183391 70
-9.01098 -1.27027 70
-1.19602 -9.29104 70
-0.340753 1.15113 70
-8.68841 -0.776657 70
0.852422 -10.8168 70
-0.590912 -10.1626 70
121.345 19.0722 70
1.18734 -1.48028 70
49.5167 -18.7244 70
1.44941 0.0436152 70
9.47975 -18.8941 70
-1.32057 -0.589119 70
-1.43794 -11.1677 70
-10.3116 1.01163 70
-0.859831 -0.565898 70
-0.975131 -11.4203 70
-8.66432 -10.5722 70
41.203 -40.9211 70
0.871268 19.7553 70
-1.17873 -11.4148 70
-9.1754 9.29265 70
10.1044 0.86589 70
-28.9152 -29.9815 70
-30.5943 20.9099 70
-1.22581 -8.60843 70
-30.9543 1.15467 70
1.35121 -19.4681 70
-9.00974 -10.1244 70
-10.322 -10.5534 70
-10.7136 -8.66275 70
-0.673661 -9.73501 70
21.1092 -10.1757 70
-1.00237 -8.56314 70
-60.1892 10.7946 70
-8.9553 -11.352 70
8.67749 -9.64667 70
1.22038 0.632561 70
-0.750842 -1.33648 70
-0.93065 1.05421 70
1.18972 -10.5249 70
-0.031004 -9.05823 70
0.54805 0.390837 70
-8.57428 -10.3739 70
0.164329 -8.51732 70
8.79329 -20.3796 70
-0.881579 -10.5831 70
-11.4406 1.38722 70
0.252754 -11.0349 70
0.211357 -1.48949 70
0.446383 -1.3611 70
0.223434 1.14739 70
10.7642 -1.46033 70
10.9106 -10.0686 70
11.188 10.7486 70
1.00364 11.2139 70
1.07192 -0.84724 70
0.727237 -1.28242 70
0.0167369 -0.856424 70
-0.727105 -1.48076 70
0.463483 0.98502 70
-0.0928238 8.5591 70
-11.42 -0.526242 70
0.922648 -8.77461 70
-18.8436 -9.70525 70
-10.1514 -0.277799 70
-9.5453 -21.127 70
-10.7836 -9.60604 70
-20.834 -20.9141 70
1.09192 -10.7934 70
-0.47618 -1.1734 70
-10.214 1.01285 70
20.98 29.0378 70
-39.4085 80.4658 70
-0.874285 -11.1956 70
0.937555 -1.15721 70
-20.4978 10.4768 70
0.335297 -9.74299 70
-1.1013 1.42926 70
-1.01955 -9.97824 70
-0.125555 -29.7495 70
-11.3825 -0.182829 70
-110.829 38.7623 70
1.05316 -0.0874208 70
-10.7516 0.0913571 70
-10.0445 0.626136 70
-9.92448 0.908784 70
-0.326826 11.4329 70
-9.56001 -18.7411 70
10.2712 -9.24382 70
-1.03944 0.568597 70
0.0543554 -20.1659 70
20.1675 -19.645 70
-0.438416 -1.10459 70
-1.34603 0.516229 70
1.27481 0.977843 70
0.752303 -10.0611 70
-19.4438 -18.6151 70
-0.55872 1.26342 70
-0.884555 10.5972 70
-10.6516 -9.22637 70
-29.9501 21.0591 70
0.177806 -10.6896 70
0.490582 -9.60807 70
11.1798 -9.07276 70
-0.0747519 0.0708941 70
-0.621848 -9.53919 70
-9.39447 10.922 70
0.890667 -1.01385 70
0.0543752 -0.0500095 70
0.0312038 -9.15138 70
-29.5066 -10.7362 70
1.25349 -10.4986 70
-29.8481 8.89101 70
-10.3255 -1.06441 70
-0.262911 0.944373 70
-19.4618 0.397414 70
-8.66315 0.809151 70
-20.1353 -100.054 70
-10.5945 1.34297 70
1.46418 -0.331652 70
-41.416 -61.1173 70
30.5092 1.18955 70
8.79164 -10.1175 70
-10.2701 0.825702 70
-0.077835 -0.198503 70
-0.554781 -1.19883 70
0.0623753 -9.41095 70
8.56612 -30.752 70
-1.08911 -0.0546442 70
1.02616 -9.42687 70
-0.449925 -1.2647 70
20.157 -19.3437 70
-11.2486 -9.52067 70
-10.6704 10.6518 70
-9.5306 9.91404 70
0.945452 -9.27015 70
30.3167 0.956332 70
-9.46853 -1.33188 70
-10.5123 0.696419 70
1.05534 0.54991 70
-0.613415 9.12665 70
-119.691 -50.2347 70
-30.1144 -10.2732 70
-10.3325 -8.91515 70
-8.77408 8.89228 70
-0.293852 0.0189127 70
8.97593 -20.5988 70
-20.3463 1.2294 70
-1.02154 -9.9305 70
-28.7978 -0.767989 70
1.48423 0.930345 70
1.02623 -9.02822 70
10.5252 30.3367 70
1.4285 -18.9676 70
1.49604 0.304378 70
-29.5351 -1.23209 70
-9.31371 -9.64351 70
-8.51107 -0.81107 70
9.61947 -49.2631 70
0.862286 -0.617893 70
-8.67812 -31.3192 70
-0.348872 -21.3333 70
0.303941 -0.152227 70
-0.991331 -10.7732 70
-19.5702 -0.121657 70
-0.92465 -0.725439 70
-28.7957 -59.6805 70
9.27661 -0.186109 70
-0.720743 -0.0317621 70
-9.70461 1.02847 70
-8.62711 0.184001 70
-10.1972 1.25122 70
38.6659 -30.2106 70
-20.4082 -10.3517 70
-1.03019 -29.215 70
-9.5635 9.80037 70
-30.4773 -1.45674 70
90.3736 -39.4202 70
-0.241028 0.436228 70
-10.3026 -0.146248 70
-8.91297 -8.75203 70
0.505705 -0.632313 70
-0.417568 1.14888 70
0.481119 0.445454 70
-8.70795 -9.08101 70
11.1644 9.79114 70
-9.16942 -10.8768 70
-0.846207 -0.0506712 70
-19.196 -18.5064 70
0.931067 -10.9694 70
-18.9511 -39.3907 70
20.7157 38.9763 70
0.857098 9.95519 70
10.9333 -11.337 70
-10.9327 -0.151829 70
41.427 -19.0314 70
-0.71225 11.2068 70
-0.101084 -10.223 70
-8.79987 -19.8522 70
-0.319806 -9.94132 70
-0.448007 -1.04343 70
-0.453884 -18.7518 70
-20.0795 -29.9087 70
-8.83415 31.495 70
-0.318891 -10.7134 70
0.82746 -8.85061 70
-0.0786407 -10.1273 70
-9.81061 0.281788 70
0.698425 -11.4119 70
-1.22168 -9.59971 70
-0.378745 -9.0631 70
9.01873 -19.188 70
9.00637 0.20705 70
0.259784 9.93736 70
-20.1213 8.76384 70
-19.3555 10.2685 70
0.999405 -0.209849 70
0.799692 9.13554 70
1.03857 -9.83569 70
0.462788 -9.4944 70
10.6017 -10.7372 70
-1.49595 1.45145 70
9.7199 9.74371 70
19.355 -18.9669 70
-0.683707 -20.2282 70
-0.978825 -18.8664 70
19.6343 10.9105 70
21.3615 9.32996 70
-10.2162 -9.03654 70
-11.4104 -11.3127 70
-1.33463 -18.9036 70
-11.3852 8.67324 70
-10.7093 -19.3976 70
0.363984 -1.1576 70
0.958418 -0.844213 70
-8.74506 10.7123 70
-10.5883 -8.57852 70
-10.3419 -9.46326 70
-21.199 9.09036 70
-11.3598 -19.7735 70
-0.837632 -9.73644 70
-1.41894 -10.346 70
-18.5187 0.740373 70
50.2058 -9.21191 70
40.5434 -0.404833 70
-0.359853 -11.1144 70
-30.9315 -19.7678 70
1.13575 1.44777 70
-1.38979 -0.7083 70
10.5505 29.6557 70
11.078 8.6237 70
1.34158 -1.30164 70
10.8302 30.7374 70
-10.8737 -60.4792 70
-8.60076 -20.1006 70
0.221526 0.0915013 70
0.235395 0.201724 70
58.5562 -50.5227 70
-19.0615 -0.317565 70
-0.416143 -1.40605 70
-18.6055 -10.3 70
9.37782 -11.4931 70
21.2998 -10.512 70
1.36447 0.635283 70
20.7024 0.015719 70
-8.53815 -10.8308 70
18.9396 9.07894 70
0.917023 -1.104 70
10.1883 -0.136131 70
-9.76901 -49.1469 70
-1.00645 -9.61509 70
-31.1535 -18.5999 70
-31.144 -20.9712 70
9.71189 -0.236007 70
11.0568 -11.4716 70
-11.2477 -1.18237 70
8.65385 -91.1717 70
-10.5648 1.23945 70
-0.622323 -39.077 70
8.83606 91.3448 70
-9.37404 -0.914102 70
-11.1497 -0.194638 70
1.29913 -10.1881 70
-1.28271 -9.33836 70
11.0272 0.727311 70
8.90587 9.65934 70
0.963022 -1.35678 70
0.310538 0.432552 70
21.1138 0.638826 70
9.98591 -9.69672 70
-0.943595 0.645315 70
10.0867 0.196656 70
-30.0798 -8.89283 70
11.049 -1.46734 70
-0.405248 0.694821 70
0.223104 1.16721 70
-10.5934 -20.5283 70
-0.688811 -11.4101 70
20.1171 -8.69719 70
-1.16258 -11.3898 70
-11.1903 -21.44 70
30.6448 0.115446 70
-1.11983 -9.55281 70
-0.383371 -8.95801 70
-30.5254 -70.9459 70
20.2603 -18.8738 70
-0.994421 -1.41312 70
10.8476 -0.636023 70
0.265021 -30.4405 70
-1.04887 -9.15266 70
11.3227 -1.17836 70
0.82732 -20.3107 70
-11.3649 9.01774 70
31.0563 30.6805 70
-10.4245 0.750807 70
0.500914 -10.7959 70
19.8584 -0.845831 70
0.305384 -10.892 70
0.184435 20.4589 70
-0.486432 -0.317575 70
-10.2335 -9.67409 70
-9.22795 -0.021798 70
-10.3864 -0.836074 70
18.8333 -30.752 70
-1.03896 -0.260781 70
-10.2075 -40.8878 70
0.835821 -9.50373 70
0.474617 9.82296 70
79.5643 89.9424 70
21.1943 0.836132 70
-10.9983 -10.8116 70
9.76203 -10.8147 70
8.851 -8.82917 70
-48.8335 39.489 70
-50.6319 41.2933 70
9.77359 -0.321306 70
8.79744 10.2276 70
-20.0528 -8.70972 70
10.9904 -9.9346 70
-0.228623 -10.0054 70
-1.05009 1.03893 70
-20.4061 -19.6549 70
0.464191 -9.45065 70
-8.66592 0.89085 70
0.338697 -10.7228 70
-1.31856 -0.394304 70
-0.345223 -11.3546 70
8.77027 -0.435225 70
-10.2048 9.95777 70
-19.4274 -10.3703 70
-11.0181 -10.1027 70
0.908539 1.22561 70
1.1686 -1.46311 70
-1.38542 -9.73357 70
8.75371 -31.0336 70
-11.05 -10.6765 70
