9.14114 -8.50281 70
0.900305 0.717451 70
-0.317684 0.91018 70
-31.2464 11.1085 70
-50.409 -39.333 70
-9.99612 -1.13322 70
1.47874 1.39632 70
-1.15893 -0.495605 70
10.1998 -19.6391 70
-0.108712 1.44018 70
-28.5374 -9.15389 70
0.788317 0.699095 70
-9.69676 -8.61974 70
-1.36258 -0.499397 70
-10.2197 21.0643 70
-8.50808 1.38092 70
-19.1026 -20.2331 70
18.7912 29.5061 70
89.146 -21.4714 70
-39.4043 11.2614 70
1.02712 10.9626 70
-11.4933 -0.118241 70
-39.5019 -69.9966 70
-49.1815 -90.6756 70
-1.17688 -0.636798 70
-8.56884 -10.1203 70
50.7611 50.5516 70
-11.268 0.732618 70
-10.8113 -1.08291 70
-10.6077 0.141317 70
0.803868 -0.498183 70
1.06368 10.6428 70
1.0367 10.0883 70
-20.3458 -18.9186 70
1.19415 -1.10376 70
-38.5326 10.076 70
0.768485 0.394991 70
1.26582 -1.00135 70
-11.2429 0.365112 70
-9.40871 -0.275958 70
9.08632 11.3897 70
0.390257 8.88434 70
-8.88757 19.2145 70
59.819 11.062 70
-10.3341 -0.953384 70
-10.019 -9.43668 70
-0.795401 0.586121 70
10.7693 -1.08149 70
-8.78406 1.3422 70
1.45883 -0.698707 70
30.2225 0.890013 70
8.53936 -0.463002 70
9.62156 -1.23089 70
-1.21306 -1.26259 70
-1.31765 0.903134 70
0.189553 0.331152 70
-18.9118 -50.446 70
-10.9628 8.8467 70
-9.28316 -0.473891 70
-10.0715 -1.06162 70
-10.7832 9.6626 70
-0.747551 -1.23631 70
30.7818 9.16925 70
-28.7101 29.5233 70
-0.161532 1.45666 70
-8.92168 10.5844 70
-49.4702 50.2618 70
11.1652 0.745301 70
-50.5155 10.8823 70
1.16434 -0.626069 70
-0.878247 -11.3187 70
1.39603 21.4067 70
-30.7457 51.2669 70
-0.0465493 1.13459 70
-0.967871 0.807908 70
0.433413 11.4751 70
9.89062 -49.6409 70
1.47515 0.512195 70
1.11296 0.351707 70
20.8123 59.3152 70
19.7621 60.9419 70
29.8434 9.09755 70
-20.4858 -20.8051 70
-9.16391 11.032 70
0.897811 -11.3392 70
-10.9421 -1.06862 70
-18.8769 0.945765 70
-19.1222 1.22078 70
-9.09179 9.86806 70
-0.617071 10.2634 70
-0.803816 11.1202 70
-40.9625 10.0624 70
0.737877 28.6293 70
-29.3688 20.9678 70
-20.4217 40.2048 70
9.28334 8.62204 70
-10.1734 1.32962 70
1.16721 -0.788242 70
19.1344 0.481519 70
-10.2746 0.223978 70
-10.0675 -0.586535 70
-8.52522 1.40024 70
0.740211 0.165696 70
-9.07731 29.8299 70
1.18436 8.53628 70
-20.1942 0.842503 70
-9.55646 0.866133 70
-10.0553 10.3318 70
0.679296 -1.3499 70
-8.72386 40.8891 70
1.13961 -1.44057 70
-9.68271 1.42794 70
-10.1068 -1.36854 70
-8.58921 -11.4599 70
-8.92536 -0.609266 70
-0.916312 9.98988 70
-10.7552 -0.662806 70
0.100388 20.2375 70
-0.922577 10.4953 70
-0.52928 -1.28387 70
-0.102702 -0.341698 70
-10.8899 1.2143 70
-1.00577 0.855643 70
-0.244936 -0.136841 70
-1.44669 9.66832 70
-29.2018 9.52119 70
-8.59466 0.664387 70
-0.438956 9.41833 70
-1.06571 0.691544 70
-9.75553 -0.707166 70
0.507641 1.48843 70
-8.63687 -1.3885 70
-1.05153 0.478936 70
-9.52293 -0.862223 70
-9.99389 -0.0490817 70
-19.4251 1.32467 70
-8.96259 9.48801 70
-18.9554 8.77151 70
1.00673 1.35141 70
-10.5441 -0.772559 70
-10.8053 20.0486 70
-10.9114 10.7576 70
-0.91243 9.46431 70
10.914 -9.62069 70
8.53857 -10.9362 70
-8.8615 -20.7907 70
-19.3809 -20.8328 70
-49.2234 19.2464 70
-8.815 -29.7795 70
-11.439 19.3989 70
-9.33042 20.5984 70
-9.22078 1.12791 70
-20.8166 20.8998 70
-9.63308 9.74202 70
-20.0411 1.16076 70
-10.0614 -0.567792 70
-8.56156 29.4728 70
1.14384 10.1491 70
-9.35978 11.3895 70
-10.9 -1.35053 70
-11.1332 21.3432 70
19.6323 29.2339 70
9.23652 -19.4388 70
0.585871 -0.955915 70
-29.423 20.2026 70
0.328388 -0.0760579 70
-31.2793 -60.739 70
0.588819 20.233 70
0.0479077 -0.940302 70
-41.145 -9.08348 70
-0.800296 -8.80679 70
9.84796 1.4917 70
0.779147 0.623203 70
-1.13533 -9.90511 70
-0.37373 -0.796516 70
0.863061 -1.16045 70
-0.806765 -1.274 70
-18.9772 11.0721 70
1.38643 21.4192 70
-59.3548 -58.8041 70
0.54377 11.0203 70
-0.599318 10.3421 70
-0.204679 -1.36967 70
-30.8451 19.078 70
0.943369 -0.0930208 70
-30.7173 -9.28215 70
-9.38157 -0.19355 70
-9.11102 10.1663 70
-20.9136 9.57427 70
-10.043 11.1993 70
-8.50551 9.68399 70
11.1351 -0.140279 70
0.916985 0.537153 70
-0.802833 -0.168392 70
-30.6073 30.0774 70
0.343475 8.5942 70
-0.875941 30.4019 70
-29.3321 -10.0592 70
-30.851 -10.7038 70
-30.2879 18.6232 70
-20.6814 -1.06881 70
1.1017 19.6696 70
-8.8899 0.330846 70
-30.2659 49.0619 70
-90.1643 49.021 70
18.9235 -10.7131 70
11.324 20.3487 70
41.1164 20.303 70
-9.38076 9.57876 70
-39.2827 -11.4132 70
9.68647 29.077 70
-0.389804 -10.7996 70
-20.7518 11.3594 70
1.09048 -8.70444 70
-8.81761 0.250341 70
-8.85254 8.52117 70
0.345586 -18.7954 70
9.30265 0.156312 70
10.6969 -0.597659 70
-0.507513 19.3644 70
-9.83487 -1.18462 70
-30.5851 -28.601 70
0.415969 0.588083 70
-9.44766 -10.4391 70
0.183551 1.16031 70
-10.191 -0.695979 70
-9.70289 1.12057 70
9.7459 -0.782117 70
-9.83517 -0.233126 70
-8.8932 1.33621 70
10.8843 9.84005 70
1.2493 1.47192 70
49.7678 19.5787 70
0.48888 -0.565335 70
-0.493547 -0.923269 70
9.86865 0.648989 70
-11.3085 11.0303 70
0.857862 0.616257 70
-19.6975 10.2341 70
8.72361 9.946 70
9.22239 11.4333 70
1.12445 1.48095 70
-9.2884 -0.172176 70
-8.5442 -10.5879 70
-10.0165 0.77717 70
-10.3921 -0.942715 70
-11.2952 -0.933257 70
-11.4082 19.0875 70
-19.3292 20.2194 70
-1.07919 0.0126508 70
-11.001 9.75553 70
40.8182 9.96359 70
-10.5214 0.290379 70
-8.86159 -0.0879338 70
-9.7695 1.32003 70
-0.482123 -11.301 70
-18.718 21.1218 70
11.1514 -0.88969 70
-9.98616 9.39801 70
-19.3672 -9.75229 70
-29.1887 -69.0101 70
-9.83979 0.391366 70
-20.1979 -0.588244 70
18.6773 10.3306 70
-0.742255 0.309922 70
-21.4022 39.6403 70
-11.0366 -51.363 70
-9.90405 -51.3551 70
-10.4223 -50.3542 70
-9.35792 9.9039 70
-9.97321 -0.18634 70
19.2566 -31.3948 70
-20.6523 -0.634109 70
0.34795 -10.257 70
-10.2156 0.561872 70
-0.892121 21.3601 70
-11.3706 0.444687 70
-1.33208 -0.70833 70
0.495117 -11.1951 70
-9.12954 -1.48475 70
-8.93949 -8.97208 70
-0.911619 9.67448 70
8.82466 10.7391 70
29.1866 30.6786 70
1.36802 -0.838645 70
1.10721 -0.0507007 70
-10.5978 -20.225 70
-10.7719 -0.902254 70
0.935712 0.292719 70
-19.8546 0.815438 70
-11.1821 -1.33238 70
-10.7751 10.5579 70
-19.257 -19.1614 70
-1.34303 11.3232 70
-8.58229 10.1531 70
20.2056 -9.17834 70
-10.7818 11.0531 70
-8.60294 -1.34338 70
-0.474717 -1.30769 70
0.822279 10.8367 70
-1.29956 10.4034 70
0.697914 -0.853624 70
-9.57148 0.657488 70
1.03109 -9.92448 70
11.2409 -30.7559 70
9.96646 -9.49341 70
0.930374 -9.29135 70
-8.64363 -0.830894 70
-1.33229 -0.201819 70
10.5212 8.97493 70
0.374525 -1.43317 70
0.375099 -10.1171 70
0.0237822 1.41488 70
-1.39276 1.49835 70
-1.15026 -0.0583021 70
-11.4208 -0.895039 70
-1.09582 -1.20213 70
-61.171 -39.9922 70
-20.6337 1.03649 70
-20.8524 10.7095 70
-9.4711 -1.36897 70
9.57777 -29.9875 70
9.7157 -1.47697 70
8.87635 -9.06079 70
-0.866192 0.695525 70
-21.4767 -11.325 70
-0.413192 30.3508 70
-0.0705235 29.699 70
9.807 -10.5692 70
39.1798 -90.2078 70
0.963659 10.1896 70
-9.53241 9.19754 70
-10.8054 9.84234 70
-10.931 -1.25653 70
19.1264 -9.07149 70
18.8307 -10.5723 70
-10.8008 10.0145 70
-0.691558 0.285474 70
-0.475309 0.646333 70
0.213378 10.7463 70
-19.9013 10.3904 70
-49.4059 -9.84705 70
-0.920081 -9.71472 70
-9.67692 9.34791 70
-10.9707 -0.648955 70
-9.34396 40.742 70
10.74 -11.1735 70
1.49496 20.8171 70
-10.0989 30.4739 70
-9.77198 1.42823 70
-10.8223 9.8978 70
19.1931 10.3532 70
-21.1233 11.1715 70
-9.32325 -30.5423 70
-11.2385 -1.13024 70
1.20735 -10.4464 70
-10.0011 -0.0873087 70
-39.9272 11.4925 70
-9.1164 -1.14305 70
19.7238 10.6125 70
-21.125 18.6662 70
50.7569 -21.025 70
-0.526265 8.93787 70
-9.4162 0.0954912 70
-21.3527 -59.6152 70
-8.88191 -1.0843 70
-8.75281 10.5885 70
30.3671 -0.482107 70
1.36027 -19.3591 70
9.71997 -1.37442 70
-8.50125 9.57701 70
-1.40893 1.16944 70
-11.4646 -10.4393 70
-19.63 8.57061 70
99.688 20.8269 70
8.77141 0.216875 70
-0.228813 -1.04525 70
1.12563 -9.03721 70
-10.119 -0.481722 70
21.4749 -0.821595 70
11.2423 19.0243 70
-0.866714 -0.864888 70
-8.93616 0.898104 70
-30.949 39.4404 70
49.2274 51.0018 70
-9.43227 0.118184 70
-1.08088 -9.75464 70
31.0747 -39.9085 70
-0.173635 -10.5189 70
-11.3428 0.85234 70
-0.380259 11.1218 70
-1.45567 -0.38244 70
-10.717 20.7835 70
-8.64042 -0.381763 70
-8.68963 10.5111 70
-11.3912 11.3666 70
-1.01667 0.308414 70
-1.19001 -1.31679 70
-9.90048 8.53771 70
20.3986 0.570385 70
-10.065 1.09418 70
39.1862 -10.1596 70
-9.46596 0.176459 70
-20.4412 -19.6278 70
0.560271 1.47508 70
-0.488874 0.850706 70
-1.18161 8.65952 70
20.1165 -9.56336 70
-20.6046 -8.97886 70
8.67258 9.60016 70
9.44412 -1.2728 70
-10.5103 0.641578 70
-1.46933 0.333727 70
-11.1388 9.2637 70
-9.49337 -0.302845 70
-8.78374 0.389878 70
-8.96538 9.75591 70
-9.83998 10.0195 70
-8.93332 -0.948106 70
9.38897 -8.70837 70
-9.3254 10.2247 70
9.33076 -10.8358 70
-1.49706 9.97389 70
-19.3585 8.71094 70
1.33709 -9.91359 70
-0.774351 -9.49566 70
-8.74789 9.46797 70
-29.3043 9.31801 70
-1.27553 10.6131 70
-10.6696 0.844263 70
0.66203 -0.568246 70
-40.3671 -30.406 70
-8.6311 0.386521 70
-11.3947 0.11183 70
-48.7673 50.8555 70
-21.2696 1.22633 70
-21.4177 8.90608 70
39.9635 20.2532 70
-0.149374 -0.563131 70
-30.6871 30.1774 70
0.845528 0.877079 70
9.66472 -9.23549 70
18.79 20.4176 70
-9.0156 -1.14119 70
38.5444 20.0017 70
19.3391 11.3187 70
-11.1715 -10.6442 70
-50.1538 10.8838 70
-31.3291 -69.0113 70
1.16007 1.2976 70
-0.905471 1.07935 70
-20.1716 50.7762 70
-11.0456 8.94959 70
-0.919705 -10.4219 70
-1.37251 -0.901385 70
1.47681 -0.807416 70
-9.69196 8.60772 70
-10.3636 0.590982 70
-19.2579 -29.8405 70
11.193 30.5833 70
59.7912 40.5136 70
-9.12247 1.27858 70
1.00878 10.407 70
-9.74255 19.2039 70
-8.8253 0.312792 70
-10.6528 -10.3255 70
-1.05209 -1.46789 70
-48.9116 91.0318 70
-8.61307 1.45533 70
-68.5422 -10.1185 70
-1.06574 19.303 70
-9.6836 9.26604 70
-1.27356 0.105073 70
11.1459 -0.701115 70
-11.1736 -0.374368 70
-9.13229 -1.1082 70
10.7821 9.70075 70
0.382857 -0.342432 70
-9.50152 -0.325927 70
-8.59886 -1.1897 70
-10.2274 -11.4039 70
-10.4791 1.17785 70
-0.490131 10.4978 70
8.61985 11.2719 70
-9.30345 0.269856 70
-10.6212 -0.42101 70
1.3211 10.2584 70
10.0995 19.8772 70
11.0351 10.0301 70
-11.4637 -0.599132 70
-20.186 0.099551 70
-10.1029 -0.474595 70
10.0954 -9.58009 70
-20.7312 18.6201 70
11.3549 -9.08192 70
1.26555 1.00113 70
-19.5536 -11.378 70
-9.81685 -1.28854 70
-9.28121 19.7681 70
-9.62298 -1.24046 70
-10.4954 -0.523786 70
-8.78382 9.47499 70
-1.38679 10.3344 70
-8.67551 8.7591 70
-1.34349 -1.09898 70
0.215324 0.102403 70
-0.681667 0.0292087 70
-10.5853 -0.824612 70
-19.4482 18.6901 70
-9.7701 31.0912 70
28.8388 19.0972 70
-28.8567 29.3472 70
-1.17144 -0.427131 70
0.553516 19.4605 70
1.35503 9.993 70
-20.8431 0.619487 70
0.909974 11.1659 70
-8.58491 -0.167682 70
-10.3105 0.268107 70
9.02901 19.8335 70
9.78744 9.89192 70
0.186713 -9.35624 70
-30.311 -110.376 70
19.4623 19.9808 70
-30.0884 -1.20893 70
-9.82874 10.2285 70
-9.88691 8.835 70
50.6508 111.281 70
-1.33497 -0.400333 70
0.0568506 -1.40394 70
0.653705 9.07841 70
-0.984107 10.6433 70
29.149 59.8429 70
-10.5808 -0.758936 70
-19.2892 8.76903 70
-0.653245 11.2905 70
-21.219 8.7304 70
-0.532537 -18.7989 70
-10.3721 10.1092 70
-1.03782 1.47313 70
-0.990569 -11.4299 70
-20.5345 18.5546 70
-10.7134 0.924821 70
9.77388 1.28576 70
10.2619 -0.49575 70
-10.3265 1.02692 70
0.0182862 0.778119 70
-20.948 10.8329 70
-20.5094 8.66518 70
0.204336 11.3993 70
-1.37962 0.968939 70
-31.163 -10.6923 70
-9.66535 0.0678717 70
-0.837381 19.9661 70
-9.38898 1.30925 70
-10.9098 0.890705 70
-11.0323 -0.763742 70
-11.0586 -8.95917 70
-30.3426 20.8064 70
-10.3774 -1.22964 70
-0.0130841 10.592 70
0.82848 0.203798 70
-28.5869 21.2686 70
-1.02699 0.940307 70
-1.11783 -10.8509 70
-1.24276 8.74833 70
-0.614961 9.38486 70
-1.23183 18.9715 70
0.509144 1.47097 70
1.40665 10.6537 70
-51.4114 -1.46037 70
-10.0597 -21.4955 70
-0.874435 10.2745 70
-9.8563 -1.26843 70
-10.1086 -0.833122 70
-0.060124 -8.7207 70
20.3137 9.19265 70
9.48015 10.2463 70
-10.9145 0.440964 70
1.14999 -0.760868 70
-10.1942 -1.49802 70
-10.0277 -0.150095 70
-29.5985 -10.8092 70
-11.0358 0.354055 70
-11.3808 0.000644985 70
-8.71971 -1.37576 70
10.0665 0.844665 70
-10.1591 9.17775 70
9.44949 8.92802 70
-39.7487 0.149413 70
-20.7977 1.4336 70
-10.3841 -1.45578 70
-9.38622 -1.39846 70
-20.2406 1.44343 70
-0.413111 0.641427 70
0.754177 20.689 70
-18.794 -0.359341 70
-10.9274 9.32199 70
49.0539 40.9514 70
-9.88791 -39.0159 70
11.2565 0.585108 70
-10.1169 0.121192 70
-1.08748 29.8263 70
-10.4347 10.0755 70
59.7227 -59.8355 70
-10.6838 0.275661 70
1.1765 -0.750139 70
-11.2271 -1.0986 70
11.4863 -1.0576 70
-8.8731 10.6277 70
-9.14685 -9.69019 70
-11.0118 -1.13663 70
-9.51808 0.0850562 70
-0.197011 0.420395 70
-10.6484 1.25111 70
-10.5779 8.88848 70
-10.5113 9.12847 70
0.0132141 -10.3657 70
-10.5314 -0.392102 70
-10.9805 -10.5251 70
1.07431 20.1793 70
-0.885597 20.7979 70
-9.02196 -1.18174 70
0.908139 -0.892121 70
-1.24851 8.50816 70
9.63722 -31.4694 70
-11.0093 -10.7078 70
19.1612 -0.25867 70
-9.06451 -0.467402 70
1.44488 -0.148277 70
-9.57389 11.493 70
-20.9048 -1.08459 70
-29.1687 -21.0729 70
-30.7078 -20.1451 70
1.42119 1.34058 70
-31.4662 -28.6356 70
-30.334 -30.775 70
-10.5914 -0.0520609 70
21.2565 -10.1553 70
-9.29784 -0.786249 70
9.6135 -0.721839 70
-9.54729 10.3681 70
0.346086 -1.29791 70
9.41181 -21.1916 70
-20.8473 9.58989 70
-9.42252 0.303013 70
9.64097 30.4034 70
-19.1127 -9.24951 70
-18.8485 -20.1324 70
1.34485 10.2012 70
-29.5258 119.823 70
1.02485 -1.02447 70
-0.895744 -0.705105 70
1.3227 20.2269 70
-8.56045 0.432886 70
8.78102 8.87258 70
-40.0369 -29.1965 70
-11.3316 -9.65747 70
-29.4494 -9.67265 70
10.9472 -0.312255 70
19.9634 29.5248 70
-0.761352 0.462054 70
-8.73464 -1.01799 70
-11.0531 -0.228456 70
-11.286 9.60542 70
-0.743284 -0.939417 70
-0.309112 -0.0432538 70
-9.55591 9.05699 70
19.9787 30.9609 70
11.03 8.55459 70
-1.23707 9.41068 70
-38.8542 -60.0062 70
-1.17755 38.7403 70
-9.94301 0.0389154 70
-10.9517 0.695953 70
-8.78714 -10.3312 70
-61.3348 58.5852 70
-0.695918 11.4499 70
0.142248 -10.1353 70
-10.1696 10.1054 70
-10.5186 0.0563818 70
-20.0748 9.5883 70
-9.78822 -29.3326 70
-0.772771 10.8707 70
-8.69795 -0.190765 70
-1.17418 0.932909 70
-0.882115 0.476587 70
0.272908 9.23635 70
-19.5534 -1.46948 70
-11.1583 0.490141 70
-9.8591 0.255457 70
-0.552394 1.4638 70
-0.671742 11.08 70
-10.417 20.5128 70
-9.59861 21.4125 70
-8.71204 -0.135884 70
1.3354 0.27264 70
1.11826 -0.288844 70
9.39915 -10.3205 70
-10.9311 1.2636 70
-10.4264 -10.075 70
-9.17237 -0.69679 70
-11.268 0.871095 70
1.33113 -9.23396 70
-0.223916 -0.0258241 70
-0.697225 -0.764121 70
-28.9444 9.82801 70
-11.3944 1.03005 70
9.95743 9.3129 70
-20.2618 8.83933 70
-8.6001 9.61477 70
-10.5353 -10.6402 70
