-9.31254 11.0297 70
0.138971 9.44864 70
-0.638224 10.9484 70
0.234571 9.31227 70
-0.461866 11.3941 70
0.817547 9.35498 70
-11.1441 0.334838 70
-20.299 -10.7379 70
31.0072 -48.9969 70
-0.700195 10.6916 70
-68.9819 28.6166 70
-11.1307 18.5832 70
-10.6605 18.8718 70
0.338613 9.51213 70
0.729303 -11.407 70
1.27362 -1.01594 70
-21.279 -0.461744 70
-1.41589 0.12772 70
-9.81484 1.42207 70
-1.25657 11.112 70
11.4976 10.0132 70
-20.8173 -0.551433 70
-19.751 -1.39242 70
0.591096 10.1573 70
10.2761 -10.6723 70
-0.303571 -1.30656 70
0.625021 -1.42842 70
0.468441 9.10112 70
0.885945 0.483519 70
1.43817 9.06481 70
18.7602 -1.17603 70
0.809902 8.96568 70
0.0122944 20.1433 70
-1.2172 10.1563 70
0.423067 19.2651 70
0.971267 10.1582 70
9.79278 -0.581651 70
20.7151 0.555735 70
-10.7475 20.5776 70
-10.4908 19.8611 70
1.12064 -0.180071 70
-1.42832 10.6362 70
-68.833 10.427 70
-11.1476 0.145024 70
9.24781 8.51718 70
10.6679 10.5206 70
-9.40893 -11.4243 70
0.611019 9.01017 70
20.4188 28.6001 70
-11.2658 -11.0658 70
-0.814163 8.89794 70
-9.06228 1.04595 70
-1.44384 0.693833 70
-1.29247 18.7433 70
-30.7941 10.406 70
-0.205488 9.98978 70
1.20274 0.663753 70
0.60713 10.7972 70
-1.3622 11.1492 70
-10.92 11.4036 70
8.67267 10.3248 70
-19.6067 -29.1824 70
0.446259 9.02123 70
0.818535 10.5435 70
-0.531342 8.97396 70
1.27859 9.6773 70
0.548605 0.40543 70
-10.1528 8.6594 70
-41.44 0.780414 70
-0.155533 9.71292 70
-1.1541 19.4129 70
28.7603 9.13835 70
29.1658 9.29828 70
-0.0772171 -11.2691 70
18.5823 10.6736 70
39.6256 19.7319 70
1.24571 -1.09635 70
-11.3519 9.57704 70
-0.791666 9.89585 70
10.7135 -0.274449 70
-0.558743 0.50791 70
-0.311682 9.78726 70
0.971224 11.0662 70
-0.343095 9.19239 70
-0.451458 20.5125 70
20.2686 40.675 70
20.6168 9.15803 70
-1.13179 1.16092 70
-1.25294 0.862443 70
1.35328 9.26157 70
-0.780051 -10.1638 70
28.9257 31.3429 70
1.47097 10.6552 70
1.39228 1.10723 70
-89.3482 50.7544 70
-10.2337 0.458545 70
-10.3014 11.0882 70
-11.2594 -1.43217 70
-9.19621 11.283 70
-0.72651 10.2339 70
-11.1244 50.7883 70
40.2514 20.135 70
-0.847577 10.4904 70
-0.304406 -0.440382 70
-0.144635 -1.13736 70
-1.31499 10.3458 70
-0.614423 -0.0327376 70
-11.2495 10.6978 70
-0.184988 -0.209047 70
0.525807 -0.135656 70
0.956469 -0.171382 70
-1.4319 10.9173 70
-11.3635 -1.43522 70
0.854911 11.2094 70
-1.2726 0.193293 70
-0.689235 21.3905 70
0.613301 8.75597 70
-9.04487 -0.0696678 70
-0.0932164 9.97938 70
20.6866 -61.2775 70
9.19943 11.4042 70
19.7822 1.31683 70
0.337804 -20.6806 70
-50.4773 29.1603 70
0.988171 -30.0034 70
0.70682 0.884317 70
0.743443 8.82234 70
0.486206 11.4619 70
-1.47733 9.89053 70
1.20093 0.998945 70
-1.41883 1.31882 70
1.265 -1.097 70
-0.491462 0.0359821 70
-0.25639 -8.61681 70
-0.379269 8.87489 70
0.378801 -8.93294 70
-10.4663 10.5229 70
0.799376 9.94822 70
-18.8207 -9.81186 70
-0.668022 10.2235 70
0.100627 0.113079 70
-10.1475 -0.901549 70
8.83971 10.5463 70
-20.5857 -28.8026 70
-0.906761 21.0652 70
-0.214159 9.94171 70
10.3225 -0.352965 70
-9.50287 9.15482 70
10.5682 -29.7482 70
0.250771 10.283 70
-10.2546 11.2466 70
-9.79834 0.73134 70
-0.702001 0.297191 70
-0.0892604 -1.09913 70
-1.05166 19.1725 70
-18.8315 -8.92968 70
-0.818182 11.4998 70
-1.2223 -1.03768 70
-0.523866 -19.5063 70
0.679102 19.8766 70
-1.1769 1.39216 70
-1.0697 0.756696 70
1.21764 9.58397 70
-1.00296 10.936 70
-9.67953 21.3474 70
-9.75015 10.0485 70
1.32824 -0.775723 70
1.29474 0.810578 70
0.906311 9.90722 70
-9.99476 11.1285 70
-11.4989 29.3859 70
1.43324 11.1949 70
11.0203 -49.119 70
10.6409 20.021 70
70.9544 8.63776 70
9.65946 10.9157 70
-0.626983 9.28758 70
-0.804405 -1.05237 70
-11.0391 10.674 70
-11.2644 -19.6005 70
-0.859377 -1.29156 70
-20.0135 -0.798472 70
0.576076 9.34727 70
-11.0933 19.412 70
1.23488 19.1193 70
-0.863445 10.8146 70
0.588193 8.92885 70
0.619494 9.70337 70
-1.11403 11.2306 70
-0.621613 10.3165 70
-90.2317 -10.0415 70
-28.8085 -31.101 70
49.8453 59.0674 70
0.363509 -9.99864 70
-9.76136 0.730219 70
20.3393 -19.3041 70
-0.871779 0.973017 70
-0.819997 -0.341766 70
-9.09269 -10.1369 70
-9.37134 31.2625 70
-0.108731 1.02293 70
8.96193 -1.37354 70
-0.296861 0.213259 70
-1.03574 -1.20336 70
11.0972 -0.594438 70
11.1887 8.53979 70
-8.83202 8.92647 70
0.938324 10.5384 70
0.751674 -0.0877823 70
-0.909966 8.82788 70
10.9306 20.9414 70
0.0182651 10.3309 70
-10.772 -8.59674 70
-1.27045 11.4974 70
-11.3801 0.439099 70
-10.897 60.5173 70
1.22457 -1.06534 70
1.09546 0.094459 70
11.0756 18.7686 70
-0.456494 1.02476 70
10.4089 0.344839 70
-9.47905 -11.2121 70
9.98051 -0.780538 70
9.55456 8.72906 70
-9.75551 0.752167 70
40.1176 10.0475 70
-1.25004 8.99485 70
9.32305 -18.5573 70
-10.7835 10.698 70
-10.4013 0.0958959 70
1.357 -0.104868 70
9.62252 -1.14539 70
-0.871713 0.167916 70
-9.1867 1.29574 70
-0.59628 11.033 70
-9.38204 19.9178 70
-59.3452 -10.2337 70
-18.8625 -0.0339143 70
10.3783 -0.63913 70
-0.864818 9.48351 70
-19.3034 10.8461 70
-1.26568 10.3592 70
0.313625 11.0244 70
1.42369 -0.720887 70
9.50036 18.559 70
-20.4292 -0.11465 70
11.3926 -10.8711 70
-20.5672 -0.958077 70
-0.242134 10.3525 70
-0.490929 19.9123 70
-0.356696 9.64606 70
0.759585 10.0493 70
0.11166 0.617913 70
-1.40374 0.343856 70
79.4784 -49.4889 70
19.205 39.5906 70
20.6082 21.0463 70
40.0257 -18.7141 70
-31.1619 -18.523 70
-0.913521 9.28676 70
-9.92418 70.5255 70
-0.383889 8.99525 70
0.449148 9.66842 70
10.0921 1.21266 70
1.07137 -20.8438 70
0.745606 0.155584 70
-39.7837 -21.0795 70
11.0059 -0.452327 70
0.821089 19.799 70
0.284139 0.284089 70
-0.0862817 -9.02627 70
-1.07666 -10.6281 70
-9.07041 -19.3376 70
0.0494144 0.18651 70
-20.5297 -10.1788 70
1.45017 10.4787 70
-0.117976 8.61806 70
-10.6259 19.3948 70
-9.63579 9.32954 70
1.37719 1.01088 70
1.34838 0.963907 70
-9.82803 11.4643 70
-1.08005 9.97433 70
-19.2559 21.1182 70
9.40094 50.4068 70
0.874946 9.3989 70
0.864298 1.14138 70
-0.924272 0.80132 70
1.39366 1.33302 70
0.997796 0.212319 70
0.645564 -0.853854 70
0.272056 11.4672 70
19.7342 -9.32818 70
1.28224 10.7405 70
-0.555983 9.84133 70
-10.8978 19.8049 70
-18.9103 0.343884 70
58.9927 19.8911 70
10.9842 8.79426 70
-0.580396 20.2507 70
-9.42615 8.51123 70
0.149233 -11.0695 70
-9.11164 20.1525 70
0.0691226 -0.547265 70
1.28434 0.0059337 70
-0.558138 -11.052 70
-9.27863 11.4201 70
-20.0968 -10.8316 70
0.771655 10.2676 70
19.0203 1.0791 70
-0.770557 -8.82677 70
1.1649 11.2751 70
0.182099 0.60917 70
0.683565 0.669609 70
-0.785929 9.19735 70
1.40858 9.21597 70
-1.42904 0.672798 70
0.371229 -1.03595 70
1.21785 -0.38795 70
0.134373 1.31483 70
-20.3394 -60.7942 70
-18.8335 -58.9484 70
-0.375697 10.3203 70
1.3115 10.9675 70
-0.450292 9.30125 70
0.298887 9.52456 70
-18.515 10.9054 70
18.6846 10.4145 70
-10.5061 9.32429 70
-60.8854 39.8972 70
20.5971 39.3416 70
0.142457 -1.49844 70
-19.8687 1.13807 70
-19.6386 0.716017 70
-0.764935 8.8404 70
0.649554 -8.88585 70
-0.0272825 -9.25727 70
19.538 1.29515 70
21.1831 0.498848 70
0.327149 9.33273 70
1.4855 9.05943 70
-0.97736 19.3618 70
-9.34307 -10.4322 70
9.96758 1.13717 70
10.5838 -0.287704 70
-10.7472 20.1923 70
-10.6275 9.00154 70
-0.355343 11.3682 70
-10.3374 -20.6667 70
-20.4957 59.5889 70
9.23698 -0.47633 70
-31.3319 0.157851 70
-31.303 110.383 70
-9.26102 -10.9232 70
-9.99428 -0.201986 70
-9.15872 -1.46135 70
9.65587 -10.9558 70
0.36873 0.238312 70
-0.153005 11.0409 70
-0.377691 -8.93503 70
0.506288 -0.011249 70
-21.4547 -20.3726 70
-0.0887887 9.2735 70
-9.74727 9.42007 70
-8.80294 -0.91946 70
-9.56116 1.09048 70
-8.72589 20.6615 70
9.80433 30.7631 70
0.360844 9.6318 70
1.37024 0.0145044 70
-0.810363 9.47845 70
-8.53639 0.580462 70
-8.60226 -1.34912 70
10.5363 -49.7717 70
0.152924 -1.17116 70
1.01976 9.20473 70
-11.0775 -8.76705 70
29.4271 9.25523 70
-20.8398 -9.12671 70
-9.31986 -41.4304 70
1.05327 0.956525 70
1.0851 -19.4835 70
-8.79938 -0.884591 70
-8.71325 1.48896 70
0.818467 -8.87719 70
18.8308 31.0004 70
0.773813 9.03583 70
29.5285 29.9684 70
0.174757 1.10754 70
0.839224 0.535783 70
9.65787 -0.709519 70
0.596876 -9.75225 70
20.6382 -30.8016 70
-8.59184 -0.17157 70
-0.7125 10.4683 70
0.740175 0.00600089 70
-1.03882 1.0123 70
-10.4293 19.6101 70
0.120799 9.5288 70
71.3925 31.4944 70
-19.7824 20.3484 70
-1.33977 -9.19658 70
-19.6475 10.5826 70
-0.343439 10.4699 70
1.42426 -0.769078 70
-1.07567 10.9393 70
8.75816 0.96122 70
0.745946 -0.692616 70
9.95984 10.55 70
0.439626 11.0246 70
-0.18191 -0.577921 70
-10.8531 -10.3136 70
1.32952 -0.670153 70
0.333431 21.2392 70
-0.596934 0.00973731 70
-10.5144 8.87587 70
-0.549235 19.4883 70
0.0870173 -0.301465 70
10.9744 1.46656 70
9.66521 1.1693 70
-1.22146 -10.6345 70
-0.0698897 10.833 70
1.45356 10.2662 70
-10.6292 9.42968 70
20.3871 0.153358 70
-49.7493 -1.16654 70
-21.2059 -8.57311 70
1.18745 10.8574 70
11.0435 8.62853 70
1.2166 -0.892513 70
-9.6537 0.323268 70
-0.0844124 9.2776 70
-19.1654 18.7242 70
-0.161974 0.487333 70
9.78629 -38.5701 70
-0.207622 18.5519 70
20.6688 11.3679 70
-0.444462 -0.98213 70
-0.710639 -0.59084 70
-0.682059 -1.02741 70
-0.51464 -1.03493 70
-0.76133 -8.96676 70
-8.78249 0.440044 70
8.59515 0.222221 70
-0.279451 29.3731 70
0.375126 8.6718 70
-0.0887582 -1.3059 70
-11.2327 9.76917 70
8.73055 18.5326 70
0.792351 1.13975 70
9.14595 0.819534 70
10.2242 0.950674 70
50.2083 8.65599 70
0.450321 -1.10847 70
-19.5763 9.51197 70
1.35768 9.70916 70
9.77438 -0.458764 70
-0.0791275 -1.29274 70
1.39698 1.25866 70
10.312 1.03445 70
-0.514945 -1.18836 70
-0.990869 1.48718 70
-0.722459 0.151569 70
-0.676125 30.598 70
-0.372931 -0.232094 70
-10.0736 1.03823 70
-8.67933 -0.615794 70
11.1146 39.0737 70
9.35745 -0.878035 70
-0.0240766 -1.3748 70
0.241236 -1.30124 70
-0.238814 0.752473 70
21.2326 0.0756327 70
10.4813 8.80133 70
0.928739 9.38021 70
-49.3971 -0.0828849 70
0.129126 0.83448 70
-9.14561 -0.760696 70
-29.9049 -8.68561 70
0.61751 8.77693 70
1.13384 0.930455 70
-9.52685 9.80049 70
0.735948 -0.430989 70
-8.668 0.387352 70
10.1058 -0.508734 70
-10.156 20.5985 70
-9.36667 -10.4867 70
-1.22789 8.70846 70
1.25643 -1.14803 70
-1.43084 -0.641406 70
-9.30489 -0.15141 70
61.1297 -48.6913 70
-0.218542 0.705884 70
-20.5061 11.4357 70
-0.118231 -1.13099 70
10.9906 10.1593 70
10.966 10.3221 70
0.514592 -1.14469 70
-9.8494 -0.447794 70
-1.34328 10.1101 70
-29.5556 39.247 70
0.549007 10.6048 70
-10.0958 10.3483 70
0.016299 -0.649732 70
-11.1599 19.4412 70
0.295547 9.01103 70
-8.84911 29.481 70
0.0461329 -1.32783 70
-9.31928 0.962648 70
8.82146 8.86541 70
0.46587 1.15969 70
1.05203 0.991411 70
0.195344 10.2934 70
-9.76072 1.18449 70
-10.4889 18.6531 70
-11.3458 11.3655 70
-11.3507 21.2347 70
-0.385385 -1.33034 70
1.11397 0.560456 70
-1.46635 10.1444 70
-10.3428 10.5047 70
-0.989274 0.00112481 70
8.75756 -9.01865 70
19.4219 -0.732288 70
-9.51863 0.100414 70
-0.798986 10.4898 70
-9.49452 10.2111 70
-9.57246 8.5158 70
-0.229454 10.7844 70
1.45706 9.39133 70
-1.04494 -10.1393 70
1.48933 9.95226 70
-0.66475 11.3832 70
-1.27105 9.13801 70
-9.5555 0.439357 70
-1.37923 -0.899203 70
-10.3422 19.9849 70
-1.13238 11.1226 70
0.455716 10.004 70
0.178323 -1.00369 70
0.36263 1.03722 70
-18.6987 20.143 70
11.3005 0.54616 70
8.68015 20.1261 70
10.3738 20.3504 70
-0.479661 10.4716 70
-1.27344 10.2361 70
-0.377292 -0.510074 70
-9.18489 -0.773134 70
-31.3702 39.323 70
0.982667 -0.203826 70
-18.6708 -9.9749 70
-81.1775 -38.9453 70
-10.4634 0.0467026 70
0.216045 10.3065 70
0.512227 0.306643 70
8.99448 10.2778 70
-11.1163 8.89796 70
0.562207 9.09471 70
-19.9515 -9.77686 70
-9.45425 -0.212283 70
-10.5321 -0.795687 70
-9.88584 11.4335 70
0.174069 11.0426 70
0.487762 -0.897234 70
9.47998 -0.304818 70
8.55276 9.25363 70
0.793941 10.9915 70
1.45245 -0.718145 70
41.0334 -19.3857 70
9.54415 10.585 70
-9.20852 19.6738 70
-0.502964 -8.97146 70
-20.5361 10.0291 70
0.588246 10.2397 70
0.782665 0.800458 70
9.81778 0.0331576 70
8.71859 8.53634 70
-1.45871 0.14073 70
-0.737724 1.16986 70
0.197091 8.79851 70
0.585276 1.34631 70
1.32776 10.2353 70
0.238127 10.958 70
-11.0223 -0.429624 70
9.51578 18.9845 70
9.23168 -8.77267 70
0.441919 9.32478 70
-10.758 9.55388 70
0.842546 10.1275 70
0.162194 9.24868 70
1.06675 1.37408 70
1.31483 1.01161 70
0.410215 9.21935 70
0.325492 0.723174 70
0.407455 10.8797 70
-10.267 10.6507 70
-10.9889 -0.770105 70
1.1694 20.9506 70
10.7651 1.05449 70
-9.22248 29.6701 70
1.36084 -0.987454 70
-19.2363 -0.0627234 70
-20.7081 10.0887 70
11.1346 -29.8316 70
-0.869795 9.38199 70
10.029 19.4706 70
70.7999 -21.1501 70
1.04794 -0.492014 70
1.1222 8.81021 70
60.9014 -78.5658 70
0.143085 -1.4277 70
11.1067 -8.54701 70
0.627522 10.0608 70
-8.52292 -0.580405 70
-0.458577 11.1867 70
-10.9237 9.2621 70
19.2253 29.241 70
0.518806 -1.35964 70
1.3519 -1.41152 70
-0.607657 -0.758125 70
-0.350464 -0.880345 70
1.48145 -0.930873 70
1.21873 0.0560675 70
-9.69035 1.29621 70
0.795576 9.54889 70
19.9066 9.076 70
80.2658 0.000847044 70
-1.07203 9.13603 70
1.35374 -1.36891 70
-0.0324472 9.26955 70
-19.8954 10.4361 70
-18.7366 39.2525 70
-10.1274 9.29666 70
1.27561 1.32381 70
-8.50456 -9.31916 70
0.890977 -0.455841 70
18.5834 0.00142444 70
-9.7851 11.3326 70
-0.676972 8.73676 70
-20.9075 -8.98428 70
1.38209 -1.09591 70
-21.2196 -10.1399 70
21.1606 -29.8454 70
-20.2755 -9.73285 70
10.3242 -9.14344 70
-20.847 19.6082 70
-21.2788 -0.920871 70
-19.1675 -1.13438 70
-0.323189 -1.29306 70
0.0871691 -0.883762 70
-28.6662 -10.6653 70
18.7075 51.1914 70
-10.895 9.61742 70
0.777113 11.2599 70
-0.959838 10.4849 70
-0.595514 0.179519 70
-20.4297 -40.0959 70
11.2639 58.7802 70
1.17054 9.62833 70
1.43566 0.812439 70
0.671728 -1.41021 70
20.9724 39.1784 70
1.05885 -1.3764 70
0.0596959 11.4009 70
-0.19479 10.9806 70
-0.40455 0.568732 70
0.810364 -0.948319 70
10.3229 -0.636294 70
-30.387 10.5985 70
-19.9157 -0.79477 70
-9.15081 -1.45634 70
-0.834094 0.770157 70
-0.759291 0.610184 70
0.588403 -28.5996 70
0.0478845 19.9815 70
-91.4445 41.3478 70
1.19425 -0.868881 70
9.92054 0.568403 70
-10.1915 9.7212 70
-31.1538 19.3418 70
-0.187272 0.154473 70
-10.2188 9.68531 70
-9.5661 1.23212 70
-11.055 9.78486 70
-20.8576 -10.723 70
-0.40202 10.6597 70
-1.26434 11.3866 70
1.16703 10.2077 70
-30.6858 8.58101 70
-0.44853 9.84334 70
-0.283641 -1.34454 70
0.144068 1.04004 70
-0.857686 8.85402 70
-18.9542 0.410298 70
-11.0042 9.48117 70
18.7697 9.3691 70
19.5668 -20.1279 70
20.5944 21.14 70
10.1698 10.5701 70
21.3716 0.306123 70
-0.734945 1.1882 70
-10.1023 9.37734 70
8.57741 20.2812 70
11.2505 21.1758 70
-0.436495 -9.19172 70
0.0196241 8.9619 70
-10.0804 10.4963 70
8.54489 -0.587476 70
-1.17568 8.69486 70
-0.0768267 0.16965 70
1.37601 9.45488 70
-9.88448 0.602257 70
