8.70632 -9.75994 70
-39.5478 -8.83608 70
9.1142 -8.60255 70
49.0727 8.9614 70
21.2421 -0.626573 70
-9.55089 -89.54 70
10.9176 -0.15541 70
-10.7156 -10.7995 70
-10.3558 0.913058 70
1.28834 0.157695 70
9.55104 -19.438 70
-11.405 29.2699 70
8.81512 0.534314 70
-20.5245 -21.3345 70
1.04709 -10.8538 70
-9.16138 -9.74907 70
-11.2455 -8.56735 70
-0.585704 0.529524 70
79.5994 59.7501 70
-8.66197 -10.362 70
19.2081 31.2966 70
0.923182 -0.899137 70
0.328471 11.1476 70
-1.3436 9.99331 70
69.2766 59.3603 70
-71.0978 29.339 70
-0.32604 10.552 70
0.216573 -11.0002 70
40.6529 39.9359 70
8.72605 0.492679 70
-10.3706 0.534531 70
9.06221 0.241495 70
8.65265 0.137386 70
0.365114 -8.85712 70
-0.291708 -9.77065 70
20.9135 -9.375 70
20.2241 1.15903 70
-0.339974 -9.65207 70
-0.420325 0.100524 70
9.70066 0.104171 70
8.70965 -20.4188 70
109.718 -19.5006 70
-10.4737 -18.9902 70
0.6617 1.05655 70
-0.938626 1.18316 70
9.2114 -10.0688 70
1.07493 -0.990864 70
10.5521 -9.36222 70
-30.2766 -18.7084 70
-0.78482 -10.3457 70
0.937138 -11.4396 70
0.671036 0.13823 70
9.39261 0.193209 70
-0.714015 -1.25569 70
99.882 70.4026 70
0.341585 -9.31287 70
-19.777 -0.185626 70
-29.9814 80.2033 70
0.541706 -9.07456 70
41.2109 -10.3161 70
-0.533881 0.695572 70
0.376667 -1.1492 70
-10.3346 -1.37192 70
0.192616 -10.4354 70
0.518917 -8.75006 70
-20.079 -20.7673 70
9.85233 1.4781 70
-0.736749 -10.0553 70
-19.0134 -20.0092 70
1.4907 18.9636 70
11.3391 -9.77539 70
-11.2376 -40.2321 70
-0.3062 1.12722 70
11.3009 -29.3164 70
0.772173 -1.28601 70
10.251 -8.78624 70
9.30809 -1.38803 70
-8.7936 20.6128 70
11.1314 -9.28463 70
-0.968774 -0.298979 70
9.47426 -0.658928 70
9.43171 -10.3104 70
-0.678648 -10.2504 70
10.6224 -0.568035 70
9.71904 -10.4097 70
0.978134 -20.7423 70
9.74367 -9.33353 70
1.15776 -0.298827 70
-0.46575 -0.598133 70
10.1207 -8.84141 70
-40.8091 49.4455 70
98.8443 41.0092 70
20.3516 -0.603259 70
-1.30978 -19.5911 70
-0.958926 -29.4313 70
40.7333 -0.575026 70
11.2761 -0.901666 70
9.50487 -9.61031 70
10.637 -9.08452 70
9.22429 -10.183 70
0.832345 -11.4951 70
10.5407 0.782776 70
9.66716 -1.39344 70
-0.810171 -11.0119 70
-1.40131 -10.4025 70
9.57231 8.6395 70
-10.0764 -11.005 70
10.397 1.32802 70
10.6961 1.20746 70
10.4711 -9.32814 70
-10.8016 -20.8276 70
19.3995 -70.5726 70
10.8374 -9.99419 70
-39.5168 9.56557 70
8.9311 -1.35979 70
9.70894 -8.63031 70
10.6192 -0.393604 70
10.069 -0.457965 70
0.100135 -0.819662 70
0.250292 0.700773 70
10.0627 0.558751 70
-1.39415 -20.3689 70
10.9593 -8.55211 70
10.1277 -1.05055 70
-30.0582 30.0251 70
-1.16281 -19.8195 70
40.6355 -40.0613 70
9.16234 -10.7922 70
-0.217055 -10.0206 70
0.205906 10.0811 70
-10.8628 -11.2117 70
10.0966 -8.90164 70
8.60257 0.435302 70
8.85175 0.0165565 70
11.32 -1.30673 70
1.27994 -0.392131 70
11.0953 -9.8799 70
-29.3218 10.2397 70
29.3852 -11.2922 70
-1.38677 -9.21285 70
11.0751 0.312437 70
20.1865 30.2014 70
8.84593 -11.3817 70
-39.0698 38.8129 70
-1.13782 -8.54877 70
-0.888654 -41.2127 70
-8.79293 -19.1679 70
-8.73611 -20.6018 70
1.24649 1.2793 70
1.43567 0.567649 70
8.94683 -0.410794 70
8.97884 10.9374 70
9.00859 -9.85096 70
0.788814 -0.338343 70
10.898 0.341822 70
9.19404 0.394597 70
9.09373 -0.322645 70
0.6285 -0.126283 70
9.85935 0.511484 70
1.45833 -10.2661 70
-0.334738 11.4072 70
18.6091 0.302851 70
-0.81155 -8.5817 70
0.143701 -9.4457 70
9.28156 -31.1688 70
-1.43706 -9.85367 70
8.59739 -8.71763 70
-20.218 19.2924 70
40.7645 20.2536 70
1.1709 0.211961 70
69.2886 -51.3804 70
-0.220697 -10.7829 70
-41.1026 -10.9123 70
-19.7704 19.3635 70
-19.4458 19.4556 70
10.2166 -0.223083 70
-1.14487 -0.346163 70
-0.631903 -9.21079 70
-10.4278 10.8777 70
-8.95555 -49.4243 70
-11.4325 10.4857 70
9.85915 -1.2453 70
10.4141 -28.8928 70
-30.4214 0.479633 70
0.768883 0.132848 70
-0.301279 1.22291 70
-49.5897 40.3712 70
-0.4709 -0.483638 70
10.3061 -19.7531 70
20.4468 -0.509559 70
-0.320285 -19.5784 70
-1.49509 -1.23865 70
61.1124 30.752 70
8.79665 -10.1409 70
-1.10538 -0.912113 70
8.74781 -19.175 70
-1.42529 0.378805 70
-9.79731 -9.43799 70
-8.9669 -9.17784 70
-11.0858 10.7514 70
-11.0197 8.75287 70
-11.4552 -10.198 70
1.29453 -1.03412 70
10.025 0.888623 70
11.256 -10.4644 70
-0.20536 -0.474832 70
8.55079 1.09119 70
-10.8195 0.437886 70
-9.7642 -19.3738 70
-10.7951 -10.2304 70
10.8458 -9.68488 70
9.28867 -9.09102 70
39.5061 -8.84505 70
-0.0536305 -10.3714 70
-0.827638 39.7227 70
11.1621 -10.0875 70
-1.37112 -11.3615 70
-0.443201 -0.0326159 70
8.73358 -11.3287 70
10.3626 40.2795 70
-0.671451 -9.32008 70
0.100135 -1.2212 70
20.4286 -10.2723 70
0.94366 -0.0920648 70
11.2004 -9.20498 70
-21.1129 -31.3919 70
-21.3526 -30.3955 70
-1.33419 -0.537488 70
9.05462 -9.55194 70
-0.750019 -10.6997 70
-0.774263 -10.7641 70
11.4823 -30.5251 70
-11.1301 -20.1691 70
9.91112 1.40507 70
-18.8877 20.8982 70
-19.8564 18.7458 70
9.4312 0.465156 70
0.616336 0.333397 70
0.820746 -9.38166 70
8.61496 10.3272 70
-0.874163 -9.32359 70
50.0124 10.4288 70
-8.81941 -0.799078 70
0.746633 0.264817 70
0.457786 -0.844071 70
1.35901 -11.4704 70
-0.100496 0.927411 70
9.7812 10.4088 70
49.376 89.9635 70
-0.833621 0.694049 70
38.9796 70.0479 70
11.0799 -11.4229 70
-29.5604 -80.7273 70
1.06366 -0.573629 70
11.2651 9.00573 70
0.368821 -10.3527 70
28.8641 -0.025183 70
21.0547 50.1502 70
-0.164864 -0.803998 70
11.0935 0.266685 70
40.9948 -19.8262 70
-0.648213 -0.839139 70
0.206123 -80.6616 70
9.20233 -10.5076 70
-1.19409 -10.1528 70
-9.48156 -19.3432 70
-0.861058 -31.3766 70
8.95972 -29.0816 70
1.1197 -0.691326 70
-11.3168 -9.98938 70
9.48826 -41.4975 70
19.932 -11.1336 70
9.72328 -19.9499 70
-0.145891 -9.67345 70
-1.40201 -10.3324 70
-8.82435 8.99104 70
-9.35222 -20.657 70
-0.210692 -10.8399 70
9.53706 -9.02929 70
0.471993 -41.1749 70
-0.198019 -10.525 70
-58.5183 -11.2843 70
10.2811 0.204352 70
0.481043 -9.12075 70
-0.914723 8.61439 70
-1.43708 -0.93813 70
-1.30107 -10.7986 70
-11.0597 9.55223 70
11.4551 -20.6386 70
18.7117 -19.8105 70
-0.718931 -10.3775 70
-8.89661 -39.4965 70
0.772002 -9.17526 70
-0.687969 -8.61629 70
-29.5429 -0.0823027 70
-9.91227 -28.8857 70
1.11666 0.998269 70
9.72187 0.627114 70
9.36174 -0.00311504 70
0.865881 -10.3409 70
1.40785 -10.4427 70
18.6731 -20.8881 70
-41.3595 0.481433 70
-0.229816 -18.9291 70
-1.32457 -19.6911 70
-0.47879 -1.14147 70
1.38849 0.107974 70
-39.1928 -20.2355 70
-40.0777 -20.1498 70
-59.7918 -19.1174 70
19.3462 -9.4566 70
20.6085 -0.993781 70
-10.9445 0.0593679 70
-18.5298 18.8936 70
30.7639 -20.2032 70
-8.64436 -9.12588 70
-21.4036 -70.0049 70
0.082974 -11.4949 70
-8.6578 -0.0134741 70
0.434049 -20.0085 70
8.97864 20.434 70
0.286453 1.28905 70
0.73006 -0.676503 70
1.15565 1.28993 70
-0.366688 -31.1955 70
1.26423 -10.4915 70
8.87479 19.4239 70
-0.937374 0.302485 70
0.99236 -10.8871 70
-0.864697 1.39703 70
-59.0277 110.505 70
-1.32814 -31.39 70
19.1911 8.99702 70
11.1543 -10.282 70
-0.875431 -0.0910323 70
-1.03376 -1.23702 70
-10.7781 0.103441 70
8.68268 -0.964323 70
18.8159 -18.5431 70
89.3222 -40.0984 70
-29.2772 -11.3483 70
-9.49836 -9.3475 70
21.4967 -9.58898 70
9.9671 1.48318 70
0.0875603 10.3545 70
18.7661 10.1932 70
0.431513 -10.2036 70
8.5076 -20.4015 70
31.3959 -0.259637 70
-39.5309 -30.58 70
-0.647937 -9.33502 70
-10.428 -21.222 70
-21.1388 -9.59275 70
18.9996 10.0272 70
19.8966 9.41388 70
-9.95988 11.4263 70
-1.09437 -8.97678 70
0.637012 -19.7458 70
-0.637553 1.18839 70
-0.24597 -11.3007 70
-0.222926 -19.0573 70
1.33809 0.0322354 70
-0.146084 -41.0202 70
0.237203 -9.34424 70
-10.6634 -1.1667 70
18.5624 -0.275795 70
-1.31424 -11.3179 70
-19.4497 -50.889 70
0.506933 -11.3505 70
-10.371 9.01236 70
-10.4169 -21.1031 70
-59.7943 31.3806 70
1.26309 -9.31985 70
0.218286 1.49513 70
-1.21387 -10.1398 70
10.0281 31.4337 70
21.0365 -9.49685 70
20.7823 -11.3156 70
-0.692352 -8.50249 70
10.2693 -9.68895 70
-1.41632 19.9518 70
-10.5402 -19.7271 70
-1.26329 -1.36899 70
-28.91 -41.004 70
-9.6918 0.95091 70
0.680309 -9.06633 70
8.53764 -8.7652 70
-0.381828 1.47328 70
0.240482 1.02441 70
-1.14352 0.518774 70
-8.67083 -0.347007 70
21.3735 -9.83734 70
11.3119 19.3397 70
39.3257 -1.12398 70
1.06877 10.4237 70
10.6241 -9.24334 70
9.7331 -9.65244 70
10.0076 8.63328 70
1.36881 -10.8707 70
-0.869495 0.0192942 70
-1.23486 -9.98837 70
-0.859054 -9.6645 70
0.638948 -1.36913 70
0.143872 9.23576 70
-9.11398 0.249456 70
9.4802 -9.94642 70
-1.26704 -1.34152 70
19.2601 0.327257 70
0.214192 9.14781 70
9.91532 -10.9721 70
-9.34094 -8.94443 70
20.4607 1.16643 70
0.278514 -9.61009 70
-0.0706594 9.27415 70
-0.984152 -1.38906 70
10.3892 -9.34253 70
0.847048 -11.2302 70
8.62974 -10.5278 70
10.3224 -10.085 70
9.56049 -0.35571 70
0.393755 0.291316 70
-9.23054 -9.3195 70
19.3192 -9.17661 70
9.29646 -0.995028 70
9.82809 -1.35387 70
10.2519 -0.0544211 70
-0.553239 -0.0595943 70
9.36429 -0.51465 70
9.20235 0.92043 70
8.58857 -0.254508 70
-1.36183 -9.30617 70
0.669454 -0.0110483 70
11.3326 -9.36295 70
-11.2245 0.0261569 70
-10.3069 -9.78682 70
21.4014 -0.801335 70
11.3485 0.814357 70
19.6682 8.82436 70
11.3013 -1.07395 70
-0.577436 -0.467767 70
10.739 -9.46016 70
0.471498 -9.44057 70
1.29943 -0.01656 70
-19.9471 18.5451 70
0.197699 0.464097 70
-0.273189 -19.5103 70
-1.25064 -19.6986 70
20.4012 -31.4499 70
-1.08169 1.02871 70
9.169 1.02429 70
-19.646 1.16783 70
-9.64843 -1.14995 70
8.68128 -0.0918166 70
-40.1199 0.0313306 70
-1.21018 -0.06798 70
9.83979 1.26115 70
0.781038 -11.3752 70
10.8006 -41.2204 70
-8.96897 -0.321287 70
-0.387605 1.02087 70
11.048 -11.4845 70
10.72 0.155718 70
-8.54004 0.306317 70
0.802425 -9.21405 70
30.5619 -30.2958 70
30.0294 -30.4904 70
-19.2552 31.0516 70
-0.318152 -9.97823 70
-9.12961 -9.06819 70
-0.826132 -9.06068 70
-28.9182 31.0733 70
1.13939 9.4093 70
10.6851 -19.0933 70
-1.44374 -21.1482 70
1.48441 0.293103 70
-19.6107 -20.9442 70
-21.3628 20.4545 70
-18.9498 19.9578 70
-0.570054 0.624952 70
-0.107599 1.37212 70
58.9605 60.5056 70
-9.11921 -10.7422 70
-0.816769 -0.5037 70
39.0795 -39.9728 70
11.1275 -1.31578 70
10.1891 -0.138835 70
88.8813 -50.5042 70
-1.21999 -1.19963 70
11.2853 -10.9633 70
59.0133 -11.2958 70
0.926662 -8.69456 70
1.47244 -8.79013 70
-9.70491 -30.9166 70
-10.6101 -60.6573 70
-11.1342 8.81277 70
21.494 0.749026 70
10.846 -10.7713 70
-1.07226 -8.93478 70
10.7006 -10.6745 70
18.5301 -9.15598 70
28.9814 0.856253 70
10.1012 -30.5554 70
0.750791 -11.2081 70
10.8659 -10.5967 70
10.0954 -1.42661 70
-21.4125 -8.85042 70
-10.271 -11.2112 70
11.2972 -0.341156 70
-0.828034 -20.587 70
0.749665 0.0413211 70
-0.429986 10.151 70
-10.039 -19.7639 70
-9.91551 -9.82715 70
50.9884 -58.7172 70
1.35852 -9.44839 70
-9.56059 -9.34207 70
-20.418 9.20094 70
9.45509 -9.30228 70
18.6159 -30.3577 70
-8.62078 10.0831 70
-0.391287 -0.350651 70
8.98697 -8.72677 70
10.1752 -9.23393 70
-30.4485 -20.5118 70
1.12419 -19.8044 70
-0.169882 -19.4294 70
-0.386407 0.107353 70
-0.905397 -8.64395 70
0.31586 -19.9632 70
-1.24651 -1.21598 70
0.979379 0.497983 70
-1.47692 -11.0693 70
9.16764 -0.47254 70
-11.3928 8.9648 70
10.9493 20.4031 70
10.4234 31.0031 70
-9.68468 -9.52862 70
10.0749 -1.2104 70
1.27875 28.6977 70
8.81212 0.426002 70
8.7413 -10.7915 70
-11.3299 1.25793 70
-20.358 -9.60629 70
0.636583 -28.7558 70
1.1573 -20.1047 70
-9.77751 -18.697 70
10.8004 -0.719677 70
-0.775156 -11.2096 70
1.14854 -8.7494 70
-19.3549 20.1115 70
0.315443 1.24788 70
1.07412 -1.11586 70
-78.797 -18.507 70
-10.7239 1.28601 70
10.4705 -10.0713 70
8.92466 -1.09226 70
0.843896 -9.09629 70
0.278477 -0.468305 70
8.52583 -10.1866 70
30.791 -29.8226 70
0.889631 -9.22725 70
10.5961 0.481362 70
9.50381 0.0238309 70
-18.7941 -20.4898 70
-0.110607 0.876043 70
21.4888 10.1791 70
0.567067 9.21536 70
-10.5319 10.3488 70
9.58737 -19.9379 70
0.333582 -9.35324 70
49.7876 -10.8539 70
11.1271 8.99068 70
1.29136 -11.2157 70
28.835 -1.32584 70
-21.3462 10.654 70
-0.367364 0.958882 70
0.167996 -0.317436 70
0.017778 -0.546708 70
19.8569 -39.7387 70
20.5014 -0.39159 70
-19.6048 -0.60873 70
10.1953 8.78696 70
20.7117 -20.5554 70
20.8708 -20.3052 70
0.834921 -10.7875 70
19.6757 -9.46177 70
19.908 10.3072 70
-18.5146 9.11999 70
1.04471 -10.2952 70
-0.0559336 -19.9242 70
31.1485 -19.7456 70
19.6688 -1.44286 70
-80.1195 -9.21458 70
0.133655 29.4418 70
0.271877 -19.3429 70
-0.903871 -18.6899 70
0.424212 -0.357607 70
29.3536 19.765 70
9.5033 21.4725 70
-11.096 0.778466 70
-11.3531 -29.0192 70
29.8322 19.0462 70
-10.41 -9.94092 70
-0.990386 -10.1193 70
0.424621 -10.3807 70
0.0559761 -10.2338 70
-20.8465 18.557 70
9.17919 -10.5356 70
-0.020581 0.525219 70
19.07 1.02744 70
-8.91884 -0.325185 70
-0.838611 -11.1848 70
10.3714 -10.4917 70
-0.291678 -10.3262 70
-0.897491 -0.167242 70
-1.10187 1.24541 70
-10.7144 20.8273 70
-9.81698 -11.0637 70
0.902466 -9.6843 70
9.66543 1.36487 70
-19.6761 -0.102867 70
48.7072 20.8929 70
10.7805 -8.7995 70
10.5024 -8.78203 70
1.47961 9.63876 70
-0.377928 10.0758 70
-9.58975 -20.26 70
-0.198982 10.8408 70
9.14999 -0.848947 70
9.80297 -10.7851 70
8.94351 -9.40783 70
8.5373 1.27604 70
9.08888 -9.28736 70
-1.41052 -58.7165 70
10.2617 1.1168 70
20.0825 -9.92296 70
21.2871 19.5707 70
41.3173 -38.595 70
-0.848679 1.27266 70
9.33782 -0.747637 70
9.54793 20.6209 70
-8.59418 0.805476 70
8.6169 -8.66549 70
9.70182 -9.11853 70
10.3459 -10.4229 70
-0.516211 -9.42535 70
10.0592 1.25516 70
-1.31008 1.05335 70
-0.649213 -9.77136 70
0.997282 -10.7775 70
39.4259 -10.6402 70
10.9488 -11.2397 70
9.31423 -0.256369 70
1.35155 -1.32883 70
10.4676 -9.47192 70
11.3897 -10.2211 70
21.439 -48.8787 70
-40.7465 -0.388154 70
-9.33128 0.166659 70
-40.729 -38.5297 70
28.9853 48.634 70
-1.05325 -0.78489 70
-0.307942 -0.371823 70
19.2545 20.8548 70
9.93297 0.243053 70
-10.0794 -10.7145 70
18.8898 -0.495716 70
69.3676 -11.1492 70
1.4228 -0.381366 70
1.02241 0.941767 70
-1.38344 -10.0372 70
0.292347 -9.2785 70
-8.53436 -10.0746 70
-0.645993 1.40432 70
10.3526 9.59058 70
-0.795714 -20.5441 70
40.2749 29.0472 70
20.778 -20.6916 70
9.82552 -11.3205 70
-41.0287 0.324542 70
-0.938119 -11.3941 70
0.150282 10.2725 70
-10.5664 -59.5418 70
-40.0173 -29.9902 70
1.04864 -10.3263 70
-8.74727 -0.373287 70
-0.772968 -0.576846 70
80.5538 -41.4369 70
1.45646 -9.68284 70
-0.00827135 -8.54565 70
9.33132 0.886999 70
-9.55154 1.38733 70
-0.783072 -11.1885 70
0.836376 -1.11724 70
0.0410755 -10.6722 70
-0.680122 0.559075 70
0.28572 -1.16594 70
-0.763521 -10.9794 70
-11.1981 -50.2521 70
-0.559257 -11.25 70
9.03245 -10.4907 70
11.2659 -9.54246 70
20.8791 0.295804 70
-8.78608 10.9414 70
