-19.8074 29.9434 70
0.447536 0.320147 70
0.431112 0.666298 70
-40.2413 9.03796 70
0.147564 -0.562823 70
20.0788 61.3374 70
-8.78143 -0.465794 70
-1.22084 1.48933 70
-19.5164 -99.9774 70
28.9793 71.3514 70
18.9219 1.46916 70
-19.3461 59.4573 70
-10.5153 0.517666 70
10.2466 -19.0789 70
-11.4825 -1.14075 70
20.6685 19.0058 70
-1.15537 0.81478 70
-8.51391 8.70462 70
-9.7416 -31.2927 70
-8.97658 1.43207 70
-8.79519 -0.279477 70
1.31777 -8.8377 70
-0.742066 -8.54669 70
-0.4027 9.72558 70
-1.20541 -0.988725 70
-0.436189 -0.831597 70
19.5993 9.32748 70
18.5788 8.76068 70
-1.46195 -0.919694 70
-0.524876 0.590421 70
18.6057 1.03153 70
0.0169114 0.424941 70
8.84912 -0.942429 70
-0.652639 8.64743 70
-9.42339 -0.966717 70
9.59883 -0.796706 70
38.8747 28.8134 70
-10.0943 9.58172 70
-38.5651 18.8396 70
0.10023 -0.791318 70
0.872241 10.5303 70
11.2118 11.2767 70
20.2187 9.88542 70
-0.988158 0.91408 70
-9.91629 -0.684577 70
0.602376 0.308009 70
0.947525 -10.3502 70
-10.5629 9.95296 70
20.5235 8.73757 70
-8.77269 19.449 70
-0.504465 -9.39344 70
-19.4295 -11.3159 70
-18.8903 -10.7784 70
0.325751 -0.359066 70
9.47419 -21.059 70
0.940494 10.9756 70
0.0957229 19.4638 70
-70.2997 28.8993 70
0.686339 -0.181992 70
0.273354 9.81946 70
-8.96592 -71.2902 70
-9.25368 10.6998 70
-10.9346 -0.895972 70
-0.452703 0.482689 70
1.20127 20.9757 70
-11.0674 1.40805 70
-29.7978 -19.2822 70
-30.7533 -20.1661 70
-9.70455 8.67296 70
-18.6258 11.2281 70
-0.419639 10.8673 70
1.00074 -0.433501 70
11.4316 50.6524 70
-19.953 20.4907 70
-0.957141 -0.164184 70
40.1667 70.9571 70
19.5091 48.6195 70
11.0955 49.8424 70
-11.14 10.0342 70
-0.402377 8.71575 70
1.44165 -0.844531 70
-11.3216 18.8087 70
-19.6145 -20.0246 70
0.847992 -9.8018 70
1.24132 8.694 70
21.0454 -0.33759 70
0.740791 9.48981 70
-60.3318 -58.7474 70
-18.6095 70.8286 70
-0.296774 1.32834 70
9.3221 9.3272 70
-9.26887 0.67032 70
0.839783 18.6629 70
0.0497156 -0.356869 70
-69.1193 19.0828 70
0.54553 -10.5707 70
-0.781246 0.387056 70
-41.3664 40.8705 70
70.8338 -1.34932 70
0.777806 1.4669 70
0.741619 -1.2444 70
1.10127 10.0156 70
-9.10883 30.4312 70
-9.89535 -1.08385 70
-9.0327 -1.02198 70
1.17715 8.92745 70
-0.751773 0.148555 70
-1.25277 0.756841 70
1.2553 -0.0965575 70
-10.3247 -0.589883 70
9.79451 1.32315 70
-39.2404 20.4427 70
-9.69569 -10.9668 70
-0.255635 1.31613 70
-9.1393 0.376638 70
0.113368 9.97409 70
-0.496801 -0.432486 70
-31.1368 71.2325 70
1.496 11.2549 70
50.3366 59.6452 70
-10.5342 -1.24575 70
-19.1317 -1.00949 70
8.77123 1.4061 70
-10.3424 -0.183793 70
-1.03382 29.9432 70
-0.828266 10.0755 70
18.8178 -9.94898 70
0.934167 -1.41153 70
-18.9375 18.7994 70
0.707652 0.304299 70
-78.6932 -11.1978 70
-1.01278 -0.73248 70
29.9276 -11.4227 70
20.3262 9.59553 70
1.47623 -0.188131 70
-28.5099 9.63595 70
0.340596 1.05689 70
0.788232 31.0052 70
29.0935 -30.1326 70
0.870659 -18.7349 70
-1.19865 -1.30464 70
1.17891 -9.68545 70
0.22259 9.43742 70
0.134011 -10.2495 70
1.24059 -8.82081 70
20.9327 28.8374 70
-38.9512 -59.2888 70
-11.2043 -1.19154 70
-0.431627 10.1167 70
-9.11934 -0.962228 70
-30.2447 20.6703 70
-1.39659 0.933578 70
9.62406 28.6276 70
-9.74213 8.7559 70
0.753611 10.8847 70
10.8905 -51.1442 70
-1.27374 10.6807 70
49.1144 -10.8898 70
10.0071 1.2876 70
-30.227 -9.43051 70
-0.300283 0.57951 70
-11.4476 -8.61524 70
10.6188 9.76909 70
0.425955 1.36499 70
-19.8366 -9.89909 70
-39.1882 -11.2074 70
-8.71673 -60.6759 70
-9.97867 30.5961 70
-0.224593 11.4814 70
-20.8375 30.2878 70
-1.44464 -10.4495 70
-0.803994 0.629144 70
-1.15091 -0.947494 70
-0.376777 -1.08435 70
18.5334 9.23553 70
21.3571 0.223205 70
1.35657 0.192576 70
10.5099 -1.42025 70
8.90404 -0.935333 70
11.0135 21.0648 70
0.071069 9.0285 70
0.717803 -1.36824 70
1.0487 20.832 70
-11.2967 0.686043 70
-8.5802 19.7083 70
1.04612 -0.120039 70
10.9867 0.663594 70
-10.113 0.279543 70
-1.1317 -0.969978 70
0.17224 10.8586 70
-8.64369 -11.0592 70
-21.0653 1.3457 70
-1.26986 11.2646 70
-0.161852 0.0164492 70
-11.2888 40.3207 70
9.19025 -0.191142 70
10.6836 1.25753 70
-1.37639 -1.05261 70
20.7751 -9.41465 70
10.9425 10.3948 70
-9.53727 11.4366 70
-9.23823 -8.70409 70
-9.35452 11.2269 70
-0.241274 -0.783518 70
0.808943 -0.0946653 70
1.07506 8.69549 70
19.8202 -29.0786 70
1.46796 11.2212 70
-10.6041 9.08647 70
-21.3643 -9.95478 70
-8.76347 -0.448148 70
-11.0817 -10.9545 70
-0.788998 0.490741 70
-19.5441 -0.859111 70
-10.0169 -11.3504 70
-0.402629 -0.0236747 70
-0.136216 0.0404628 70
0.852227 0.709557 70
-10.6466 9.7906 70
108.982 -70.5023 70
-20.4123 11.4631 70
9.6234 29.9277 70
1.39396 0.551354 70
-0.18849 -1.21818 70
-0.698626 0.582734 70
0.0184066 11.4769 70
0.147181 9.3061 70
-20.5764 -9.3871 70
-19.6292 -21.1768 70
-8.94071 40.3968 70
0.901486 8.96619 70
-9.9484 -1.22774 70
-0.27002 0.0636056 70
40.3071 -8.55688 70
-0.0743503 20.5158 70
-0.530859 1.08622 70
-0.758628 -0.0580151 70
9.34319 -11.3959 70
10.5212 0.458679 70
-1.42678 0.320867 70
-61.2254 91.0376 70
-29.4552 -11.0087 70
-28.8035 -9.32214 70
9.33224 50.2801 70
11.3615 -0.0231313 70
1.35225 -0.0367615 70
9.75989 -1.12231 70
-21.2559 -60.0205 70
0.0524758 -0.0117172 70
31.2794 -51.1716 70
-0.00783101 -0.901215 70
-89.4991 -50.0529 70
-90.4047 -49.577 70
-11.2436 0.201309 70
1.09384 -0.898271 70
1.34484 -1.29148 70
-1.14844 0.124518 70
-0.389973 -0.390843 70
-0.0886919 1.44364 70
-0.404014 -0.982651 70
-11.1099 10.6711 70
-19.9227 11.2913 70
0.854902 0.661068 70
-9.22395 9.4498 70
-1.21587 8.65952 70
-10.8977 0.984197 70
0.700658 -0.437429 70
39.6518 38.5728 70
30.1879 70.471 70
9.47063 -10.3178 70
-39.7731 0.0772164 70
-40.0891 1.3661 70
-9.28909 0.976471 70
0.568336 10.3645 70
-0.482142 8.8634 70
11.0823 9.70868 70
-9.4387 -11.2208 70
-9.89628 0.30643 70
-10.2416 8.6467 70
9.64552 -8.92929 70
-28.7992 -8.73317 70
-9.55117 -10.7496 70
-9.51246 -10.0497 70
-10.8085 10.5077 70
9.91901 18.5681 70
0.249515 -10.4529 70
-1.44611 19.4224 70
-9.89073 19.333 70
-19.887 1.15354 70
-0.521705 0.293384 70
1.46338 10.2711 70
-9.42658 -19.1651 70
0.364232 -0.297081 70
1.27778 -0.960261 70
-1.26254 11.3054 70
0.092105 0.065043 70
0.332393 9.46226 70
0.479593 10.5648 70
0.743931 8.78255 70
0.342754 1.46745 70
8.75954 8.9701 70
10.2747 -1.15511 70
48.8728 -21.027 70
-31.4888 11.152 70
19.3358 8.76538 70
-1.20422 11.2492 70
-0.903805 -8.82798 70
1.44504 -0.562996 70
-9.03132 -1.08129 70
-10.217 0.351358 70
18.6913 -8.73555 70
21.4749 -39.9614 70
10.4424 9.82148 70
-1.08345 0.665662 70
0.743598 1.20668 70
0.275573 1.43278 70
0.0175807 -0.680003 70
8.73678 -0.109876 70
-0.276075 -0.580523 70
-0.864441 -0.44821 70
-8.60328 0.339268 70
18.7318 10.3103 70
9.22676 0.478226 70
-10.8008 9.70819 70
-0.722183 -0.294214 70
-10.6103 -20.2389 70
9.1191 -49.6206 70
-51.1831 -19.4992 70
-1.43945 9.53177 70
-0.72339 -10.5236 70
10.1495 -20.2493 70
-11.1754 9.87943 70
0.280187 0.522408 70
1.43801 -0.140962 70
30.6178 10.3684 70
0.880528 -9.67393 70
1.42695 1.0438 70
-79.6979 -20.1974 70
-11.4763 -18.5728 70
-40.9093 41.058 70
-10.7254 -0.250577 70
-9.07325 -1.00546 70
-9.76961 59.8988 70
0.327249 1.46264 70
-1.05709 -19.38 70
-9.53667 8.51637 70
0.629496 9.06189 70
-0.742834 11.0737 70
0.286934 -0.783007 70
0.631517 8.78776 70
20.6277 -10.9925 70
-10.915 50.653 70
-8.58794 -51.2856 70
-19.1069 -8.76547 70
-20.1529 -8.76843 70
-18.7327 19.6084 70
1.40573 -0.530608 70
1.27183 9.74556 70
9.2105 20.5869 70
-10.5706 0.891227 70
-1.13774 0.115732 70
0.633202 10.8951 70
8.62334 -20.1645 70
-0.862587 -0.156672 70
-10.0676 -20.4103 70
-10.1413 9.44388 70
39.6151 -48.63 70
-0.700518 -0.255777 70
-0.666545 1.45489 70
20.8331 0.496305 70
-0.0234143 8.97631 70
-0.104004 -9.98256 70
-0.492557 -11.3513 70
0.621498 0.754058 70
-10.3666 10.6975 70
0.143164 -0.256447 70
-0.332551 10.632 70
-20.457 -0.551068 70
-0.330093 0.23782 70
0.330965 10.3084 70
0.270678 -0.314638 70
29.7023 20.9643 70
11.0809 0.993761 70
0.354651 -1.42633 70
-9.04316 -0.308157 70
1.3461 -1.0885 70
0.146716 -0.205112 70
21.4883 -50.6131 70
20.7124 -50.4973 70
-0.754542 0.279181 70
-0.802813 -8.80557 70
-39.3692 9.24998 70
-0.576877 9.29683 70
10.2259 -29.8143 70
-19.0179 -8.84307 70
1.38212 1.22673 70
-39.2722 19.9295 70
-9.11653 0.286125 70
8.76895 -11.251 70
-0.903648 -8.51808 70
0.210627 -0.85854 70
9.96408 -9.16963 70
-20.4396 0.251571 70
1.22324 -0.359104 70
-1.43093 0.0281585 70
0.0499524 9.34747 70
-21.444 -21.0395 70
10.1799 41.2 70
0.2315 -0.694171 70
-0.713276 8.50745 70
-0.432953 1.20919 70
0.287579 1.25715 70
9.89962 -0.130493 70
1.35339 -1.31724 70
10.4415 -0.483295 70
-0.556351 -1.19148 70
20.7726 9.71603 70
0.848314 -39.7437 70
-0.542527 -1.32413 70
-8.83482 9.83857 70
-0.761641 9.664 70
-0.196083 39.2935 70
-0.426373 40.2026 70
78.5691 -51.1695 70
39.7416 49.2824 70
1.02078 -0.661103 70
-61.3672 -9.65466 70
0.250055 0.523954 70
9.54315 19.2956 70
-18.7657 21.1854 70
-21.0353 21.4362 70
-0.669722 10.7738 70
1.4174 10.7543 70
-9.30639 0.55939 70
-1.26572 -31.462 70
-1.1937 -11.1868 70
8.5114 1.3909 70
0.521184 0.0182055 70
-1.48991 0.373105 70
0.180064 0.903973 70
0.998672 0.590875 70
-1.01188 1.17644 70
-0.908966 -0.707268 70
40.4796 11.4564 70
29.3887 -119.65 70
-1.36511 0.240607 70
-1.16119 -10.7731 70
0.379408 -1.27378 70
39.8866 -79.6858 70
-20.5624 10.4923 70
-0.797202 1.4075 70
0.430157 0.00675532 70
-110.844 -58.9255 70
-0.742581 -0.80639 70
-0.174624 -0.401415 70
11.2439 11.0059 70
10.8116 11.1023 70
8.75508 10.7018 70
0.507098 1.17806 70
-19.9816 9.09476 70
-1.47198 10.0673 70
0.310967 -0.42708 70
-0.558232 11.1765 70
1.2294 -0.56608 70
0.662222 1.47775 70
0.164633 -0.000908731 70
8.87861 1.29565 70
0.155333 -8.87983 70
-19.1887 10.3567 70
11.0946 30.5682 70
20.101 -0.711457 70
21.2754 20.6266 70
1.17398 -9.07988 70
0.551759 -9.41499 70
9.14435 30.1313 70
-11.4666 -1.18928 70
-10.3446 10.0385 70
-0.74119 1.03003 70
-20.6524 -9.64249 70
50.7258 30.8618 70
-19.092 -9.93413 70
-21.2332 -8.89061 70
9.58843 9.48297 70
-28.5784 0.583724 70
-19.762 0.291664 70
-11.3706 0.53462 70
-0.822036 1.16493 70
-9.09486 11.3109 70
-1.43143 1.36932 70
9.38996 0.493335 70
19.0576 9.17727 70
-29.1043 -20.9273 70
-10.068 11.425 70
-8.90193 9.09963 70
-1.31393 0.445539 70
-0.26285 9.20985 70
1.35663 0.273506 70
0.899212 0.801258 70
20.3706 -20.3954 70
-11.3043 -10.1162 70
-0.565727 1.08781 70
1.41978 -10.7908 70
-0.128501 -9.04801 70
-0.605096 20.4448 70
0.797287 20.6707 70
0.594813 -60.8153 70
-0.760539 -0.980407 70
0.417207 0.113105 70
-9.56377 -0.486958 70
-0.388878 11.3229 70
-50.3173 18.6555 70
-0.923074 -0.248455 70
9.76838 10.2464 70
0.690047 0.931727 70
0.740147 -1.42546 70
10.9867 9.9493 70
9.79544 9.77976 70
0.785827 0.18199 70
1.212 -20.5959 70
-0.768339 -1.36431 70
-0.0751038 -9.38694 70
-0.329421 -1.22981 70
-0.856307 0.0581875 70
-9.94807 11.2849 70
-11.0415 -0.956448 70
-8.51098 0.585106 70
1.13407 -1.26946 70
30.5476 -30.1142 70
11.0479 -31.4184 70
1.12827 -0.0918227 70
-9.87975 -9.17277 70
0.955442 19.5447 70
-0.641252 -0.455303 70
-10.5733 1.25911 70
-0.182996 -0.681455 70
-1.21659 -1.01284 70
-0.390429 -8.8584 70
-0.501058 0.226918 70
11.4791 20.1142 70
-11.4218 0.724936 70
1.21985 -1.49439 70
-0.880564 -0.915183 70
0.514816 -1.2362 70
1.41828 -0.297809 70
-10.2934 10.409 70
-1.29075 10.3322 70
9.06033 10.2539 70
9.87439 10.5138 70
-0.628744 0.362378 70
0.900526 9.33688 70
-9.67273 -0.0127308 70
20.8641 10.3779 70
0.180758 1.13536 70
1.055 -1.1631 70
-0.348345 0.934479 70
29.4131 -1.15592 70
-28.6842 49.4566 70
8.90265 0.096319 70
9.6831 -1.42657 70
-0.868094 -9.87835 70
-9.94543 10.6585 70
0.377736 -0.327196 70
-9.67293 9.70411 70
-0.219873 18.7719 70
0.631886 -10.4731 70
-8.55304 0.412986 70
-40.4406 10.2049 70
-0.231671 1.05872 70
0.298249 -11.2526 70
0.908007 -0.236709 70
-40.1546 -0.517007 70
-0.722452 0.190015 70
9.86237 10.092 70
10.958 29.7669 70
1.01584 -10.9893 70
-1.08447 19.2483 70
-9.184 -0.136432 70
-8.64584 8.89591 70
59.973 9.44036 70
-0.43832 -1.08196 70
-0.120039 -9.29417 70
0.938321 -10.186 70
10.194 -10.1994 70
9.01255 8.83086 70
-31.2077 -1.31159 70
-30.8001 0.727911 70
-9.92935 -11.2941 70
-1.14576 -0.433624 70
-1.38503 10.4547 70
-0.83707 -0.317123 70
9.92195 -19.1427 70
1.32094 9.40726 70
9.88765 -1.31055 70
-11.0372 0.860941 70
0.156785 -0.26544 70
-0.75225 -0.906732 70
-20.5908 -0.849648 70
-0.147573 11.0528 70
-1.25928 10.5542 70
-10.5849 -0.531575 70
8.99633 -0.476911 70
-10.7701 -0.83947 70
0.359962 0.772849 70
-31.4425 19.3762 70
-0.660688 0.608977 70
0.33431 0.302172 70
-0.682869 0.675275 70
-18.7238 -0.446139 70
-49.9112 9.47032 70
-31.0989 0.89153 70
-20.1957 -0.34029 70
-1.43217 0.598787 70
0.352576 -0.51884 70
0.556425 1.36168 70
-11.1319 -0.72118 70
-9.36555 -9.06618 70
0.962898 -8.9632 70
-1.33217 1.01123 70
1.11523 -19.1804 70
9.76252 49.8223 70
1.46199 -0.0108882 70
0.417317 9.60447 70
-9.90936 -0.218543 70
-10.0012 -0.592055 70
8.55597 -0.673196 70
-0.0108697 -9.09415 70
11.1634 -11.0905 70
21.3462 -9.53951 70
1.36021 10.1302 70
-10.9698 10.9313 70
-9.47664 9.79044 70
-1.49684 -8.63772 70
-10.3914 0.561031 70
-28.5668 49.5118 70
0.497671 0.465334 70
-0.882194 10.0724 70
-61.4981 1.44004 70
-59.241 0.824641 70
-10.7877 1.15743 70
0.0566934 -0.466665 70
-0.563154 -9.21828 70
10.4399 8.78502 70
-9.05119 -0.538358 70
-0.395348 11.447 70
0.870229 0.908697 70
-0.880936 8.94538 70
-0.0235154 11.3694 70
10.6055 11.3622 70
9.68417 11.011 70
-0.269507 -0.30431 70
0.790493 -0.0305416 70
-0.68269 -1.46147 70
-9.29541 9.15219 70
-11.0578 10.947 70
-1.00411 0.908404 70
11.4292 -41.4029 70
9.88726 -8.59599 70
-11.1918 10.9105 70
9.02611 18.9399 70
-0.661116 -1.39209 70
0.525905 0.143614 70
-9.29754 -1.11876 70
-0.291712 0.599877 70
-9.64787 9.45492 70
0.730615 0.338733 70
-8.86826 0.332184 70
-0.19761 21.4037 70
-10.8973 -0.857694 70
21.1081 -1.42832 70
-8.90253 -11.1621 70
-0.246367 18.6738 70
1.38998 -0.00532411 70
-0.320749 -0.989014 70
-21.4823 8.81051 70
-21.0434 11.1294 70
50.711 -30.845 70
0.0579342 1.0041 70
0.447036 0.863374 70
1.22909 0.782646 70
0.116625 -110.953 70
-9.07851 -1.33278 70
21.4101 11.3355 70
19.3987 -11.4462 70
1.20398 11.1942 70
1.17581 -0.252983 70
0.84122 -11.1002 70
-0.406603 -1.33791 70
-1.06366 20.9647 70
-41.0628 -79.8636 70
-20.0586 -8.65254 70
0.78642 -1.29822 70
-1.46748 0.933328 70
0.00757037 0.0367668 70
-11.2745 21.3086 70
-0.190002 48.5118 70
0.318815 8.95772 70
-9.63723 1.35358 70
-10.591 1.41991 70
1.35699 0.870454 70
-9.34679 11.439 70
-9.2822 -20.5703 70
-1.24875 1.35676 70
8.9718 0.305302 70
0.416638 0.985855 70
-18.9682 10.329 70
-0.373163 8.8967 70
10.1248 10.6293 70
0.715902 10.7854 70
0.959333 10.8268 70
0.440866 0.5246 70
-11.4017 0.0859157 70
1.38631 9.20339 70
-11.2031 18.8765 70
-9.351 19.2767 70
-1.33604 9.9176 70
-10.4072 11.1386 70
1.24824 19.2069 70
1.35003 9.30557 70
-11.0598 10.9944 70
-11.2926 9.98954 70
-9.95864 9.31977 70
0.232875 10.5551 70
8.66627 0.361312 70
1.40319 0.715232 70
-0.157032 0.28393 70
-11.2837 1.47774 70
-9.22062 0.212818 70
-19.2572 0.487629 70
19.4084 0.763116 70
-70.4868 20.8533 70
19.7403 -0.963416 70
61.1916 30.076 70
-29.6404 11.3241 70
-10.709 -9.51749 70
11.2793 -18.7447 70
-0.522908 8.51363 70
