9.19333 10.4958 70
-31.3703 0.609301 70
0.407908 10.6483 70
9.22852 9.8663 70
0.189429 0.40843 70
19.0447 -9.41 70
-0.881721 0.541818 70
-0.0728537 0.504624 70
-28.9778 -11.3916 70
0.960627 0.472486 70
-0.926751 -1.47502 70
10.9424 -11.2624 70
-0.0362467 0.359841 70
-0.961828 0.2581 70
-19.9942 -9.84213 70
0.831786 0.462971 70
-0.289425 18.6364 70
20.6715 -1.40447 70
-1.24973 -0.969028 70
-0.808292 8.91469 70
0.928379 0.882435 70
0.987779 -8.62076 70
-0.651854 1.4319 70
-0.965552 -1.02669 70
-1.17976 -0.777997 70
0.539489 1.10629 70
-9.79912 29.4696 70
-0.0914698 10.6699 70
-11.2113 40.2266 70
8.96584 60.5447 70
0.713074 0.0357499 70
-1.45478 -0.183815 70
-0.546135 -1.42536 70
1.17201 -1.29018 70
-1.03625 9.63457 70
-1.18734 11.0781 70
0.16999 8.84021 70
-0.918704 0.103234 70
1.26448 11.2881 70
-0.584288 -0.921218 70
-21.1953 9.22394 70
11.269 -1.42716 70
19.642 -0.299063 70
-11.4676 -1.45816 70
-0.536622 0.284171 70
20.9698 -0.792702 70
-80.3916 -0.183076 70
1.5 -0.479963 70.998
20.3777 -31.4107 70
-0.903849 0.178823 70
0.516022 18.6133 70
0.27665 -10.8832 70
0.500779 -0.452957 70
0.0923759 -1.27971 70
1.30369 -1.47088 70
10.6654 0.67185 70
1.17639 8.79624 70
-1.192 -0.611169 70
-9.30537 1.46305 70
-20.7351 29.0023 70
-0.167198 1.42237 70
-1.04753 0.882904 70
1.04232 0.0803799 70
9.79126 1.4424 70
11.3924 -0.502125 70
-1.02614 1.40469 70
1.25139 11.1925 70
0.803842 18.7939 70
-0.917312 1.1555 70
10.6931 -0.99527 70
0.405302 11.3168 70
1.42934 -0.534345 70
0.876336 -0.113644 70
-18.5596 9.16113 70
9.20034 1.15822 70
11.3439 0.416361 70
9.91593 -10.293 70
1.00874 -0.899593 70
10.7407 9.90683 70
1.16484 20.0924 70
-1.05237 1.07571 70
-0.0591041 -10.1758 70
0.921587 -8.90362 70
10.4711 10.095 70
-0.919473 -0.722229 70
1.06403 19.9892 70
-0.78176 0.397339 70
0.397702 -0.754702 70
0.686152 20.5109 70
1.06528 18.8478 70
20.4418 -31.0961 70
-0.881474 0.799412 70
1.09621 9.66441 70
-0.414298 1.2133 70
-0.487997 -11.2301 70
0.608927 0.457974 70
0.0522686 -20.4259 70
-0.918898 -0.742517 70
0.146421 -0.262629 70
11.028 -9.79534 70
10.8085 -1.25574 70
0.0863723 21.1183 70
20.1435 19.1172 70
-0.217 -0.65278 70
-1.41686 8.86542 70
0.94472 10.3725 70
-11.225 39.4827 70
-10.9586 20.9286 70
0.934487 -0.206871 70
-9.75048 -21.4372 70
0.259415 -19.4451 70
-0.673773 -10.9442 70
-10.4155 10.8174 70
1.45764 -0.703544 70
-9.11491 30.7563 70
-20.6463 -1.01624 70
-1.08713 -0.032197 70
20.263 -1.47375 70
-31.2498 -8.52662 70
0.352177 8.82219 70
-9.96296 -1.37902 70
0.247115 -0.652879 70
0.924223 0.547503 70
8.8945 10.1422 70
-9.41347 10.5532 70
70.9461 30.049 70
-0.617964 -1.2486 70
0.929517 -0.64918 70
-1.39809 0.00689215 70
-1.25187 1.09986 70
10.4411 10.162 70
-0.936149 0.155545 70
0.643465 -10.8122 70
-0.115024 0.788186 70
-0.779427 18.6619 70
1.32939 -10.7464 70
30.1507 -9.99675 70
0.211505 10.6621 70
8.92174 -1.03734 70
20.177 -9.17396 70
39.9705 1.06926 70
-38.6379 29.5394 70
0.081138 1.19011 70
11.4798 11.0233 70
-1.33121 11.4544 70
0.790181 -0.0252045 70
-1.38486 9.45539 70
1.03427 0.341697 70
10.6737 10.5934 70
11.0452 -9.51935 70
-11.1726 0.968963 70
-1.141 -10.5945 70
10.0757 -0.707132 70
-10.9693 0.393712 70
0.0340139 -1.36489 70
-0.756199 0.331892 70
-10.5521 -10.8611 70
-0.890869 10.5478 70
-0.378428 20.8427 70
20.415 -0.248278 70
-0.596184 -11.3732 70
-0.173711 -0.10685 70
1.03853 -8.7448 70
1.2271 0.368538 70
0.0329101 1.38256 70
0.829276 -1.30489 70
-1.42192 -11.1802 70
-1.23298 -9.92784 70
-1.40002 -0.250963 70
11.4462 -0.533164 70
-9.97297 41.1148 70
-0.196257 -0.844168 70
9.5805 -0.0802004 70
-0.209473 10.1755 70
-1.01613 1.1688 70
9.39663 21.1086 70
10.9518 -0.693805 70
0.9092 9.67539 70
-1.43236 0.412644 70
-0.481811 1.12514 70
-0.309055 -0.251146 70
-0.840193 -1.46417 70
8.86713 9.70524 70
0.735466 0.522717 70
-0.273394 -11.1384 70
-0.706489 -9.09289 70
-19.5554 10.938 70
-8.72474 -0.335641 70
-1.15638 28.9897 70
1.07941 -0.72399 70
-0.70769 9.8885 70
-21.0543 20.7542 70
-68.6864 -10.8917 70
-9.15383 -10.8748 70
10.3192 90.0303 70
0.141693 -0.24039 70
-18.8796 19.9205 70
0.303387 9.5578 70
11.068 1.05659 70
10.3102 10.4679 70
0.672933 -0.8089 70
-8.62698 69.5247 70
-11.0742 29.3658 70
-1.26726 0.462437 70
1.45561 0.787265 70
0.676405 -1.45204 70
10.5698 9.20726 70
-19.2176 -18.8182 70
-1.2679 -0.280519 70
0.277734 10.6618 70
-10.39 1.49717 70
-10.2555 -39.0982 70
9.25438 -0.51873 70
39.9064 -9.60593 70
-10.7523 10.5199 70
19.7516 1.40415 70
1.16412 10.1795 70
-0.250123 0.501474 70
88.9944 9.29474 70
89.817 8.58118 70
10.2219 19.8499 70
-0.298446 -1.44346 70
10.4345 0.202506 70
11.0242 -11.4312 70
9.65131 -1.2047 70
-11.3199 -0.382603 70
-0.332422 9.16708 70
1.19519 -1.39004 70
-1.4194 -0.0376807 70
0.582923 0.682283 70
9.60057 -21.0789 70
-0.277172 -8.82488 70
0.0965076 -0.220953 70
-0.0566927 1.32032 70
1.16072 -10.077 70
0.793401 -40.9529 70
0.772707 -0.507738 70
11.301 11.4142 70
-10.9925 -9.19594 70
-9.98043 -8.63104 70
-0.0482224 -1.14887 70
-0.228635 -1.11928 70
1.28662 1.49588 70
-29.266 -10.1067 70
-0.802346 0.810696 70
11.1487 0.484477 70
-0.861556 0.914176 70
10.3782 -11.2517 70
-69.7153 -18.6039 70
-9.3793 20.8146 70
-0.842806 9.49263 70
1.14341 9.32678 70
0.848869 -0.248758 70
-39.8485 -8.61793 70
-1.3869 10.2244 70
0.43783 18.892 70
0.337922 -0.248116 70
-9.67084 0.780802 70
0.140938 10.9031 70
0.509284 8.66657 70
0.627706 20.0524 70
-0.836869 -0.666428 70
-8.89475 -30.6619 70
9.64319 -0.560232 70
0.81212 -0.474588 70
-9.11428 9.04051 70
1.11409 8.87652 70
38.9859 -41.1638 70
-0.511995 1.36428 70
0.372319 9.11548 70
9.78519 -9.3211 70
-0.194751 0.11671 70
11.1687 9.26156 70
9.54323 -19.0101 70
0.0129344 58.749 70
-0.484471 10.2472 70
-0.095516 10.6585 70
9.58062 0.802829 70
-10.2735 9.29859 70
1.36129 18.6443 70
9.13123 0.468739 70
0.598409 1.43488 70
-0.704847 -1.38291 70
-19.1283 28.575 70
-9.08151 10.3518 70
-1.38169 -1.26029 70
61.1292 29.5107 70
10.1114 10.303 70
-9.34106 9.996 70
1.21221 -0.234886 70
10.1873 0.116565 70
8.84734 0.0686454 70
9.3317 -0.226604 70
-10.1928 1.40927 70
-10.5792 10.8099 70
18.9697 -0.299097 70
0.4106 10.3154 70
11.4684 1.04967 70
-1.25473 9.49681 70
0.813927 -1.19299 70
0.826295 -21.2864 70
19.7681 9.18048 70
-8.69209 -1.17071 70
20.835 10.5727 70
20.6342 10.3463 70
0.392373 -0.172453 70
-10.4684 -1.1496 70
-21.431 9.31095 70
-20.4482 0.408165 70
11.0065 10.952 70
11.1953 -0.957586 70
31.438 39.4921 70
-10.0897 -0.36084 70
19.2735 0.730559 70
29.0448 40.6746 70
19.6322 -40.6662 70
0.715035 -0.598554 70
-0.164138 11.0691 70
-0.22079 0.0166852 70
19.2836 -29.6337 70
10.6944 10.0554 70
0.194436 11.2556 70
-0.0929781 1.29989 70
9.83135 0.479253 70
0.636244 -18.9763 70
-91.0806 -49.8605 70
19.1188 51.417 70
9.21682 0.403973 70
-0.933364 -0.560426 70
8.81436 11.1611 70
29.6193 9.40074 70
0.495592 30.4578 70
20.8641 1.25598 70
-11.1017 -10.3629 70
9.63627 90.7171 70
19.7504 -1.13913 70
0.479285 19.8117 70
-29.751 9.70268 70
-9.98179 21.0509 70
8.63432 -9.65886 70
21.3855 -28.5913 70
-0.361743 0.551898 70
0.907168 0.86673 70
-20.0998 28.9217 70
20.7289 10.1924 70
11.3734 -8.54924 70
-0.33165 10.106 70
-1.28695 9.40734 70
1.14583 9.49071 70
11.2128 18.507 70
-1.13014 -0.319871 70
9.79585 -0.549178 70
20.4658 -11.4509 70
20.2991 0.0596843 70
20.271 -0.0799403 70
20.1146 0.96488 70
20.6848 -21.0331 70
18.8643 -30.791 70
9.12453 48.8164 70
-10.4584 -11.2658 70
-9.19285 0.705755 70
-10.1682 -1.24342 70
11.0588 -8.65051 70
39.8865 -20.3967 70
-29.6566 11.2259 70
-29.3584 -20.0506 70
-0.568546 -0.550852 70
-11.0047 1.24193 70
19.6082 18.9958 70
-1.44137 -1.29575 70
-0.403759 1.03576 70
-0.326164 10.7544 70
-1.24283 0.893518 70
-0.646755 0.412992 70
1.28419 9.04684 70
-0.159587 10.978 70
0.617324 1.18621 70
-0.367782 8.84451 70
-0.164712 -0.942237 70
-9.29106 18.9448 70
-0.263562 8.58694 70
-18.7563 40.1712 70
-19.9737 0.694477 70
-31.2019 101.24 70
-10.1295 1.36865 70
-0.946298 9.41381 70
-1.04656 9.10033 70
-0.519417 10.7471 70
11.2782 19.989 70
19.5904 18.8087 70
0.316421 0.514486 70
-1.34127 10.5538 70
-9.15754 -10.3527 70
10.8251 11.2781 70
-40.4236 8.98277 70
-48.5444 -0.0398632 70
9.50919 19.9814 70
10.9294 -0.485938 70
0.0371557 -0.24125 70
30.8351 -0.69279 70
-19.6586 1.38368 70
9.3192 18.6162 70
-0.375196 10.4183 70
-30.0305 10.6465 70
-1.40036 -1.24998 70
10.4428 -0.0128753 70
11.3502 -10.812 70
10.7117 -9.19732 70
-89.1592 -20.8718 70
0.766595 10.6248 70
0.613681 -0.888384 70
1.20016 1.38078 70
0.92358 -0.56915 70
41.025 -0.159536 70
1.21243 18.5113 70
21.0746 30.1834 70
9.00108 -19.1675 70
0.229215 18.6889 70
-10.3722 -8.52474 70
10.8039 0.785002 70
-1.27339 10.2709 70
-11.3581 -0.521245 70
70.7266 79.1091 70
69.4158 80.3763 70
-30.4635 10.7482 70
-18.8129 48.8653 70
21.2906 11.2903 70
-0.49146 10.904 70
39.5199 69.786 70
40.3584 68.9393 70
-1.15608 1.28705 70
9.73734 9.13861 70
9.08953 9.30898 70
-0.832836 10.9948 70
-0.723454 -0.295564 70
9.33266 0.0417491 70
-0.170374 8.84932 70
1.38563 -1.34789 70
-8.98259 -18.9462 70
-0.255981 9.14526 70
-0.987705 0.206255 70
-1.28204 8.69327 70
-10.4893 41.3271 70
21.1841 30.1411 70
-0.730303 21.1402 70
-0.818925 18.9327 70
8.53261 10.3664 70
9.72083 10.5305 70
-10.4636 -0.0246295 70
0.75949 0.382118 70
-10.393 11.077 70
-0.347888 9.11275 70
1.12996 0.159826 70
-0.250497 10.4148 70
9.70623 -0.897546 70
49.3989 108.9 70
11.2461 -1.05049 70
1.40972 11.1121 70
0.914602 1.38254 70
0.618535 -0.408498 70
0.33102 28.8091 70
-1.32063 -1.42944 70
1.03329 10.222 70
-0.206496 0.199092 70
-9.81345 1.08437 70
0.73545 0.333678 70
9.55159 -10.3642 70
0.24376 -1.48208 70
8.78577 -0.166626 70
18.8147 -20.4628 70
1.14133 1.33224 70
9.93018 31.1972 70
-0.321162 8.59653 70
0.921545 -0.998631 70
1.10722 0.744956 70
0.712509 0.0951819 70
-0.926533 0.00788692 70
-0.856252 -0.278193 70
0.320492 1.11347 70
29.0567 28.5004 70
19.7674 11.3557 70
-0.844874 8.77773 70
20.8476 -81.3546 70
-10.3674 31.4292 70
-1.16195 8.65612 70
1.03149 -0.647645 70
0.0440969 1.28361 70
0.0927781 8.55251 70
18.9275 -59.8788 70
9.27173 10.1958 70
81.3244 8.73617 70
0.745668 -8.56983 70
-0.471541 -1.11834 70
0.589772 -0.944453 70
19.0374 -10.2369 70
-9.79014 21.1747 70
0.404834 9.36383 70
-20.2008 -11.1645 70
1.15556 0.121299 70
-0.735483 -0.157527 70
0.715299 -1.43007 70
-9.64136 10.3186 70
-18.7385 -0.348494 70
-0.918692 0.346093 70
-0.267665 0.676078 70
-0.333037 10.2198 70
0.607726 8.60783 70
1.39334 10.6213 70
-1.06498 -1.46731 70
-1.41515 1.24301 70
-1.0829 8.6572 70
-20.3606 20.6479 70
21.3974 8.56262 70
11.3269 -10.4487 70
-0.647751 1.38382 70
1.19719 0.667198 70
-0.511626 9.68353 70
10.6547 -9.95517 70
-10.3089 -0.542081 70
1.31706 8.8981 70
21.416 9.11545 70
9.47473 19.9226 70
11.1079 11.1517 70
-0.292165 -0.501571 70
-1.09973 -0.646176 70
-10.99 0.648443 70
11.3727 10.8142 70
0.176686 0.62388 70
39.8323 0.438158 70
-1.24481 18.6848 70
-0.476253 -0.569716 70
8.50208 11.4965 70
-19.5404 8.79687 70
0.634838 0.635528 70
-9.88221 -10.0584 70
-1.24194 0.379845 70
-8.66062 58.5504 70
-10.8756 9.31132 70
1.32571 -0.256405 70
-1.12802 0.841633 70
1.39489 1.32464 70
-0.796854 -1.04215 70
-19.9147 -11.1898 70
9.22279 9.53079 70
-1.32529 -31.1146 70
-0.0813393 18.9298 70
-8.99077 -1.37135 70
-0.988702 -0.0257935 70
-19.6324 -39.9899 70
0.737777 8.80063 70
-0.917718 1.21955 70
-0.624634 -0.301824 70
21.345 28.7878 70
9.66123 -10.26 70
0.967833 1.08376 70
10.4408 0.524248 70
19.9424 49.1169 70
1.10671 1.1679 70
0.684094 0.755422 70
0.804533 -10.1739 70
8.74095 0.657798 70
21.4407 -70.2189 70
-18.9776 -19.5347 70
-10.7384 19.4775 70
-0.587878 11.2346 70
30.1689 39.2276 70
1.41288 30.1406 70
0.127629 29.659 70
1.18769 0.60319 70
9.68335 1.22232 70
-0.966391 10.0559 70
28.5915 49.714 70
-10.4566 -0.0558748 70
10.1591 9.76573 70
-9.58534 19.0458 70
-11.0797 18.6239 70
-0.757196 11.4986 70
-0.772939 0.918935 70
-119.015 -0.26637 70
-1.20041 0.700535 70
-1.46625 -9.55853 70
10.2913 9.92755 70
10.1455 9.38497 70
10.768 -0.723604 70
0.676308 0.672198 70
-1.12017 -0.670253 70
-29.6745 -11.1796 70
-18.5905 10.803 70
8.53589 -19.2166 70
11.0299 9.74605 70
30.8767 0.349805 70
0.800184 0.296538 70
19.1798 18.6732 70
-11.0533 -10.6978 70
10.2725 10.7913 70
-10.1511 9.42073 70
0.110126 10.2609 70
18.8234 31.1391 70
1.44852 1.49606 70
-0.814375 11.2748 70
-0.888072 1.08656 70
-0.816059 -10.8921 70
11.4205 8.89698 70
-11.0531 0.28838 70
-28.5693 -8.76179 70
10.3599 -0.678805 70
20.0693 39.268 70
-1.2644 1.07447 70
-8.64463 9.20086 70
11.4205 10.0936 70
-1.45306 -40.6707 70
0.692344 -1.23047 70
11.0988 0.372048 70
10.5502 8.53419 70
10.4929 1.0854 70
0.566311 0.127531 70
40.8017 10.2624 70
0.311929 -0.333324 70
-10.6511 -19.228 70
-11.166 -0.536036 70
-9.62753 -0.373656 70
8.88839 -10.4812 70
-0.00165316 1.03081 70
10.6759 1.20463 70
19.9941 -19.908 70
-0.677754 11.414 70
11.4902 -9.09386 70
-10.5124 -11.2398 70
1.17236 -0.609125 70
60.6226 40.2944 70
-0.356405 -11.3794 70
11.4306 9.44559 70
0.792547 9.49789 70
0.454761 8.98886 70
-11.2634 -0.598987 70
-0.310209 0.873494 70
1.03429 11.0376 70
-1.24497 9.7923 70
10.5733 -0.348044 70
0.499931 -0.924073 70
1.20926 -0.0921134 70
-0.538495 0.689762 70
0.33369 -0.238811 70
11.3682 -10.6029 70
-8.84699 10.4769 70
9.77799 0.199597 70
-10.9829 21.3799 70
-0.90019 0.494964 70
30.8543 9.3556 70
20.1364 18.8397 70
18.9589 58.6838 70
-0.999503 -1.30981 70
-0.797026 0.0783751 70
0.805049 -0.846642 70
9.02714 29.5982 70
20.3159 -1.07928 70
20.432 -1.07149 70
10.5689 9.57725 70
-0.495215 0.768647 70
0.672257 11.4451 70
0.0950635 8.59171 70
9.46663 28.7016 70
9.83508 0.964423 70
9.37142 9.13247 70
19.2266 -10.4917 70
21.0105 -8.9619 70
0.366709 10.2473 70
0.727215 0.608833 70
0.16985 -0.0509812 70
0.10804 -0.577693 70
-10.168 20.8646 70
10.766 -30.1306 70
19.6304 -0.55824 70
19.2524 0.412099 70
9.45648 10.7817 70
0.175706 -1.24503 70
0.208358 11.3793 70
18.809 9.08107 70
0.173547 0.775003 70
1.28558 1.04511 70
29.393 68.5055 70
-0.218917 -0.952256 70
-29.4957 29.3165 70
10.24 -10.9929 70
9.1036 -8.56048 70
0.321157 0.857615 70
20.3595 -0.808972 70
9.60246 9.35639 70
-11.1958 40.2216 70
-11.2716 -0.520639 70
-119.652 119.15 70
-20.4253 19.5415 70
-0.947305 1.2634 70
-10.6665 0.189401 70
20.2646 10.6494 70
-8.78848 1.47514 70
-9.46031 -69.1499 70
1.04717 0.86872 70
11.0137 9.98137 70
10.0395 -0.274146 70
-19.1491 -1.09458 70
8.56826 -1.39659 70
-10.1288 -21.4075 70
-0.847934 0.618352 70
-20.9158 60.9604 70
0.0273925 0.849708 70
9.92643 10.0174 70
-0.921381 -0.976906 70
1.38416 -9.1816 70
1.16116 9.54753 70
-0.39426 -10.4542 70
11.1838 -0.265131 70
-9.17665 0.179037 70
-0.456543 -0.23174 70
-8.9726 8.96424 70
-10.7265 18.6164 70
-10.1864 20.2049 70
10.3785 1.13974 70
-1.38268 -0.331625 70
0.647447 -1.48174 70
0.478249 0.711892 70
0.51728 10.4443 70
-20.3056 -0.569442 70
9.13294 -0.0225903 70
1.26801 30.3859 70
10.2208 -19.8414 70
-0.88384 20.3348 70
-0.0418291 0.956265 70
-0.859498 0.779532 70
-1.0988 0.330827 70
19.3135 -0.557574 70
-0.0309294 10.6945 70
-1.10092 0.810652 70
10.9023 -0.666206 70
-0.340925 30.3259 70
10.1975 0.24723 70
-0.928357 9.5842 70
10.9937 -10.5314 70
-8.83339 30.8706 70
10.8342 -10.484 70
9.86767 9.1059 70
-1.31623 0.616643 70
8.51229 -1.34003 70
0.394932 1.45515 70
-0.0911598 -1.25889 70
-20.2308 10.1118 70
-11.1809 40.25 70
9.31112 10.7295 70
0.721808 19.3271 70
0.374255 0.922752 70
-0.150444 0.882673 70
-21.0369 -9.50813 70
0.738161 9.11981 70
-0.261069 9.1436 70
