9.04073 -0.82888 70
0.909046 -9.00256 70
-1.1149 10.9556 70
10.5009 -11.2604 70
1.11087 -0.917446 70
-9.76669 9.06615 70
20.403 11.254 70
11.1841 0.862819 70
1.28868 -1.37992 70
-20.2345 10.1005 70
9.48873 -0.261453 70
-9.44055 9.12379 70
8.84843 10.0142 70
9.76795 8.7153 70
-0.58794 -0.698776 70
-11.0173 -9.21298 70
30.5356 -41.0006 70
-0.320624 10.036 70
0.185551 -10.3909 70
8.96193 -0.339845 70
0.704095 0.951244 70
0.653799 -0.681453 70
-8.65515 0.598856 70
1.31306 -10.4684 70
9.28553 -1.29865 70
-1.32112 -0.46383 70
-0.0125737 1.14371 70
-0.293854 -0.299349 70
1.19965 10.4288 70
1.10421 -0.990196 70
9.84965 10.6149 70
0.139232 1.19353 70
8.77041 -1.33702 70
-10.8473 -0.686756 70
1.4065 -0.784563 70
-0.57786 0.756747 70
-1.26905 9.4984 70
0.576125 1.28055 70
1.04175 1.27183 70
-0.583027 -0.225684 70
18.5547 -59.4018 70
0.821857 11.1947 70
-1.29804 0.85372 70
9.4564 0.661502 70
-0.0477138 8.61433 70
0.33001 1.19005 70
-0.698691 1.33932 70
-10.9934 9.13988 70
71.3728 -0.0988975 70
0.501871 -1.43741 70
-20.9597 11.3344 70
10.691 0.422048 70
1.34469 -10.393 70
-19.2909 -8.69548 70
-19.488 -10.9635 70
20.9832 -41.1003 70
20.4644 -10.0197 70
0.856374 -1.48993 70
1.35382 -0.859874 70
0.102184 1.27492 70
-11.1697 -9.05594 70
-10.6308 -10.3913 70
-8.65972 10.0896 70
9.96756 9.40794 70
-10.0357 10.8556 70
9.77043 -1.05839 70
9.0093 -11.3611 70
-10.5288 60.2354 70
-10.1325 59.857 70
0.952523 -0.0325256 70
-0.226627 0.0685356 70
21.3822 -0.340883 70
9.18615 0.474246 70
9.21201 0.031677 70
0.748344 -0.848327 70
-60.9589 59.5642 70
21.1517 9.94339 70
-0.177722 -10.1411 70
0.302269 -8.59173 70
0.345589 -1.41182 70
0.0795227 1.21511 70
-21.2961 20.3999 70
0.323183 -1.07783 70
-1.3907 10.1224 70
10.2226 -0.939924 70
-1.05228 8.94537 70
-28.8337 -10.0999 70
-0.467742 8.89727 70
19.775 -9.96339 70
8.9887 -0.720079 70
11.2659 0.175449 70
-0.364772 -1.37526 70
-0.0505755 1.29931 70
9.19059 10.2623 70
0.921913 21.45 70
1.31523 -0.763959 70
-1.25563 -10.3162 70
-19.5428 9.64278 70
-9.12971 -11.4158 70
10.4808 -9.39879 70
30.331 49.8809 70
-0.929089 -0.559778 70
9.52838 1.10236 70
-20.5371 19.0604 70
-0.329727 0.450317 70
8.71411 0.935567 70
19.6383 -10.1574 70
0.285522 -1.46873 70
-0.688022 0.94471 70
0.728295 -0.960627 70
11.3667 1.42747 70
-59.312 -69.2584 70
18.9754 20.252 70
0.593453 1.2433 70
0.771409 -0.308198 70
-0.647997 -0.179354 70
-29.0391 10.8612 70
20.4329 0.360529 70
-0.880855 -1.23478 70
-30.8208 -10.8511 70
10.7398 29.2526 70
-1.2963 -0.916487 70
0.398825 -0.42247 70
-11.2484 29.6915 70
0.644814 -0.256425 70
-0.810223 -10.1937 70
-1.31983 1.47604 70
11.4516 -0.574847 70
21.4917 21.2976 70
-9.28001 -10.7056 70
0.626654 -10.1836 70
0.276474 -9.23934 70
-0.589193 0.784281 70
-1.20869 0.0347936 70
-19.4611 -0.84734 70
10.8223 -1.48486 70
1.27463 -10.6792 70
-9.51295 1.30306 70
-10.2084 0.507362 70
-0.327031 1.41716 70
10.0377 -0.307915 70
-9.77351 19.3509 70
10.0177 8.81191 70
-10.1483 -9.39539 70
19.956 -10.3833 70
-0.295101 -0.548529 70
10.0752 1.20849 70
0.341579 -8.78415 70
-0.667477 8.89637 70
-10.6142 -10.0938 70
0.314323 -0.867648 70
-20.5741 -21.4528 70
-20.7137 -20.9157 70
-0.259048 0.0933627 70
-1.11043 -1.30907 70
1.06305 1.01689 70
51.208 -21.1792 70
9.49607 31.1642 70
0.0161712 -11.1775 70
-0.681125 -1.04895 70
-0.382597 0.0486646 70
-20.6193 -70.5711 70
-39.4977 8.89481 70
-0.6343 1.34906 70
1.36895 -0.950306 70
0.94033 0.179223 70
1.05973 -0.966577 70
-9.58022 39.1999 70
0.113199 0.715347 70
0.712313 -0.639557 70
11.3997 10.2425 70
0.1851 -9.9539 70
20.8824 0.00561718 70
19.265 1.10534 70
-1.46876 -10.4692 70
21.3242 8.72113 70
0.841149 10.2122 70
0.989562 0.376239 70
-0.442424 0.477455 70
-39.8748 -9.33735 70
-0.203861 8.5281 70
1.0219 -0.514004 70
-0.572686 -0.886712 70
-39.011 8.99232 70
19.769 40.6076 70
1.26749 9.10286 70
8.50776 -8.77329 70
-0.36139 -0.305774 70
-0.750548 8.5163 70
10.9983 -0.294809 70
9.01912 11.0408 70
29.1901 -31.3388 70
9.78139 10.7347 70
11.473 -10.3022 70
0.850209 1.08671 70
1.32673 9.643 70
0.219951 0.580385 70
-9.77093 0.0362836 70
31.1055 8.9573 70
19.5519 -9.57891 70
9.37257 1.41412 70
-0.0403181 -0.673851 70
1.24044 -0.0682285 70
9.84896 -0.037723 70
-0.141927 -1.13079 70
-1.29233 1.22423 70
-11.3346 -11.1887 70
11.0781 8.85864 70
-1.1694 10.3854 70
10.3003 -8.75417 70
-1.27139 8.93895 70
0.00408404 11.0831 70
0.623963 -0.0654293 70
29.6649 -19.39 70
-1.09719 0.0405999 70
0.031139 11.4254 70
9.64658 1.24912 70
0.620078 1.3288 70
30.1755 19.3155 70
0.529796 1.44064 70
0.507563 29.1962 70
-1.46548 -0.631235 70
11.0244 -0.855541 70
10.9903 20.4263 70
9.01397 -9.17004 70
-0.188247 18.7267 70
-0.987523 -30.6062 70
0.693537 1.43001 70
-0.390593 -1.39293 70
-0.173644 -9.98511 70
88.7264 -69.2188 70
-1.37356 -39.3893 70
-0.152558 0.27708 70
0.00926829 -0.0473373 70
31.4873 -10.7985 70
10.9362 -1.17298 70
11.4605 1.06573 70
1.02816 -11.063 70
1.11459 9.96353 70
-0.474942 0.330782 70
0.168886 1.09582 70
11.2305 -10.1451 70
8.96826 -0.839545 70
-11.3817 8.7875 70
-50.202 -0.731293 70
-0.42187 1.08437 70
-60.0404 -38.9311 70
10.1356 -0.0042308 70
-0.979143 1.29623 70
-0.422081 1.25588 70
-0.732684 -0.31246 70
-0.0355533 1.10751 70
20.1991 21.4502 70
0.309608 0.597373 70
69.0493 10.6242 70
-29.133 -20.3392 70
9.35823 -10.0372 70
-1.03272 -1.04726 70
30.479 -19.9353 70
0.798013 19.1168 70
0.484691 0.525718 70
-8.91324 0.0458018 70
-19.2276 -21.1925 70
-1.20998 -0.35025 70
-0.110257 9.87859 70
-0.353609 8.51113 70
10.661 20.0398 70
-1.26981 -0.425989 70
31.154 0.818463 70
-0.380298 30.0503 70
-0.658086 20.965 70
1.23145 10.5191 70
0.148283 -29.917 70
10.0522 -0.107698 70
8.75844 8.98003 70
-0.663279 -10.8285 70
-10.0461 0.547758 70
-0.537902 0.0374824 70
-10.9751 -18.8356 70
10.5215 8.61134 70
-10.3286 8.55795 70
0.993716 -0.483276 70
-8.75485 11.4049 70
9.87386 -1.32943 70
40.9416 -31.3023 70
-10.154 -9.16553 70
38.6101 8.68044 70
-8.72411 -9.32282 70
-1.34007 0.694856 70
-0.774207 0.0408736 70
0.382965 -31.0588 70
29.0172 61.3446 70
-1.35178 -0.127174 70
39.4837 20.7537 70
41.3235 20.7496 70
10.498 8.98063 70
0.421333 -0.414578 70
-1.14624 0.265023 70
9.53025 19.0073 70
-40.2663 -10.825 70
-39.9139 -9.41665 70
1.13261 1.01019 70
-29.0195 -40.0418 70
11.3661 -0.120906 70
0.730668 10.7257 70
0.92046 -1.16909 70
-39.5767 10.6799 70
-1.40279 1.01035 70
11.3386 1.21769 70
-0.281963 9.94187 70
9.4824 -9.28501 70
-20.9132 -9.9422 70
-10.656 8.82406 70
-1.15679 -0.255402 70
-0.16482 1.0183 70
-0.64421 -1.29045 70
-38.9372 -28.5656 70
0.0615061 -1.48644 70
-0.0381712 -0.514765 70
-21.292 9.63432 70
-20.7084 1.19625 70
9.65831 -8.71633 70
-59.6067 -10.795 70
0.196887 9.68017 70
-0.50208 -1.14427 70
10.6069 21.0061 70
-0.838495 -10.7557 70
10.9726 -0.850009 70
69.0233 10.8244 70
69.402 8.91828 70
0.26094 0.99038 70
28.8372 -0.477004 70
-11.2023 0.321705 70
40.8179 29.6094 70
10.4799 -10.8132 70
8.71176 -1.3692 70
0.0958757 0.814655 70
-1.13395 -8.6893 70
-0.237282 0.686124 70
-30.0774 1.18332 70
-0.758941 -0.967389 70
20.3215 -0.855264 70
-10.9207 18.708 70
10.9857 8.88127 70
0.614068 -10.1657 70
1.46428 10.9261 70
-1.48448 1.16071 70
-1.24537 -1.37549 70
-0.642053 -0.999562 70
0.880915 0.269933 70
18.6987 39.9478 70
0.082465 0.22791 70
-11.4025 -11.107 70
1.00304 -0.272008 70
8.88266 0.999398 70
-0.950665 9.58841 70
-19.0485 0.8274 70
-20.8233 -10.5429 70
-0.182379 -11.168 70
1.07169 -0.0196492 70
0.537055 1.29719 70
-0.609493 0.618675 70
10.808 39.964 70
-19.9467 -10.6686 70
-18.7651 10.364 70
-0.775322 0.948605 70
11.0598 9.73497 70
0.612331 -0.0676349 70
19.9682 -8.63159 70
21.0183 -8.72497 70
51.3149 -30.813 70
-0.0410863 0.787212 70
0.210412 1.30601 70
20.4031 60.2616 70
69.5157 29.186 70
-1.19624 -0.39399 70
-0.989275 -1.35992 70
0.127727 1.40269 70
-1.10492 -20.7108 70
-0.602644 0.391641 70
0.896636 -0.45304 70
9.53647 1.38542 70
-0.0671881 20.43 70
0.731174 0.851913 70
-1.14844 -1.14478 70
10.5622 0.01569 70
20.1827 -29.7983 70
-0.118776 -0.403974 70
1.37324 88.6113 70
0.00254365 0.199229 70
30.7466 80.702 70
-0.243507 1.33608 70
-9.97982 0.586052 70
-18.7548 -1.33156 70
-0.50779 -0.639996 70
-0.668326 9.16541 70
8.50082 0.371339 70
-1.32188 0.807989 70
0.897052 -0.471857 70
9.80105 -0.791139 70
0.107998 29.625 70
9.64236 -1.45679 70
0.299235 -21.269 70
0.463843 -0.0874113 70
1.47667 -0.0341209 70
0.338944 21.1406 70
1.35453 8.92426 70
-0.754564 0.133745 70
-31.3089 -8.53817 70
9.4934 1.02143 70
-10.5856 -10.1013 70
9.80261 -1.25243 70
28.5201 -1.19434 70
-1.26432 1.3455 70
-0.822533 -1.33316 70
-1.12052 9.76216 70
-11.4044 -10.7642 70
29.2578 -18.6171 70
-19.9162 -20.3175 70
9.12389 -8.92324 70
0.888905 -0.472884 70
0.602749 0.378413 70
11.1956 -9.38452 70
-0.723238 0.403809 70
-0.40029 1.39616 70
0.78996 1.09996 70
8.94231 8.80661 70
38.7511 41.2475 70
10.8182 -0.472227 70
0.811456 -0.218314 70
-0.142022 -1.36668 70
0.74276 -1.1793 70
-11.0279 1.01141 70
-1.03404 0.0485482 70
-11.4121 -19.3225 70
11.0193 1.42597 70
20.8287 -9.04005 70
-0.0991581 -0.837809 70
-0.744782 -0.667249 70
1.37034 -1.3353 70
-0.682295 0.723711 70
-0.927112 0.241632 70
0.0292272 1.35564 70
-1.33202 -0.694341 70
-1.00217 0.742549 70
0.439453 1.24225 70
-0.669132 1.38853 70
50.9305 21.0024 70
-0.381498 8.93065 70
-0.274759 -0.907995 70
-8.89441 0.343647 70
-9.19494 -9.34116 70
1.16277 -0.409658 70
0.868294 -1.14558 70
-0.0261839 -10.3752 70
1.35544 0.914119 70
1.24356 -0.463149 70
41.4461 31.1671 70
9.14538 8.74954 70
-0.671298 -0.109759 70
-20.6434 -30.3784 70
-51.2583 -90.2187 70
9.6208 0.308501 70
0.219188 0.702806 70
-0.201674 28.7046 70
-109.45 -0.412611 70
-1.227 -19.35 70
19.4812 -0.47465 70
9.67998 -0.348021 70
1.25002 1.11652 70
80.5978 20.8323 70
20.8068 0.353688 70
1.1672 -0.820472 70
-1.37271 1.39008 70
0.663753 9.65627 70
-11.3748 -0.819483 70
0.85672 -9.00962 70
0.826084 -0.466746 70
-0.788256 0.954641 70
-20.8587 -19.983 70
0.578093 -0.451717 70
-0.765469 0.881649 70
-1.11705 -0.937259 70
-0.136442 0.857228 70
0.750394 -1.13957 70
-1.43978 1.00213 70
-0.715628 30.8538 70
10.9242 -8.72656 70
-0.904002 -1.48482 70
9.10053 0.0502937 70
-1.21267 9.4599 70
-69.7608 89.2373 70
0.296786 -0.488104 70
0.518617 -0.29271 70
-1.43425 1.07718 70
0.228382 -1.38733 70
9.56636 -9.72727 70
-0.0859 -0.0307008 70
11.2514 -0.935002 70
-0.445802 0.582202 70
1.44377 0.358588 70
10.1236 -11.3257 70
0.652819 -0.0881401 70
-18.5727 1.03858 70
0.554652 1.06558 70
0.249603 50.3853 70
-0.696175 -1.2533 70
0.771026 9.43491 70
-9.37515 50.6175 70
-19.2287 -1.0049 70
0.811008 8.535 70
18.966 9.5401 70
59.4938 -50.9198 70
20.3681 -10.6394 70
-0.035999 -9.24536 70
18.8955 -9.7015 70
-20.0491 1.22927 70
29.9732 -21.4977 70
0.112216 1.33595 70
-21.2089 -9.06984 70
19.4667 0.868696 70
10.2809 -9.87965 70
-1.1407 0.923431 70
1.24203 -8.59277 70
0.580781 -9.79073 70
-0.873725 0.0731736 70
0.0790784 1.10829 70
9.4269 -69.9381 70
-38.9415 -10.2433 70
-9.58051 10.831 70
-1.194 -0.284017 70
-11.0949 -21.117 70
0.119352 11.4655 70
-10.9365 1.49316 70
-0.892301 -1.11928e-05 70
0.864223 -0.774142 70
-20.6592 59.8485 70
-9.98284 0.0858033 70
0.540218 0.284944 70
1.17986 11.3104 70
0.699198 0.602994 70
-11.4203 -0.694771 70
0.963509 -0.018702 70
19.8104 30.2871 70
18.7201 28.8188 70
-0.18557 10.2721 70
-0.0755132 1.46976 70
-0.53749 0.890235 70
9.8501 -0.720486 70
9.89904 0.814424 70
0.254719 -0.656766 70
-0.85866 -0.801024 70
28.6576 -19.3343 70
-0.244814 -9.00245 70
-1.15678 -19.3696 70
9.02362 59.2417 70
18.7607 1.46667 70
0.0212793 20.9825 70
40.9534 31.0853 70
0.695653 8.57217 70
-0.757419 -0.82572 70
-0.414745 8.93115 70
-19.1115 10.833 70
-10.2155 21.3439 70
-1.19911 -0.130771 70
11.3798 10.1361 70
20.488 30.1021 70
19.3407 28.5716 70
0.388919 -1.38027 70
-19.0091 8.70718 70
9.32309 11.3951 70
0.796919 -0.449649 70
9.01415 0.334864 70
-9.86898 9.15679 70
-0.660521 -0.619234 70
20.9856 -8.70256 70
50.1877 19.7344 70
1.39686 -1.16181 70
0.715349 0.77162 70
-10.9261 -18.6481 70
9.85948 -0.104297 70
8.60292 10.8264 70
-10.692 -30.6327 70
-9.07198 -30.3683 70
-1.06587 0.496155 70
20.0543 -10.1495 70
0.268753 -0.599864 70
-10.2697 11.169 70
-11.0193 10.2605 70
39.0116 0.820792 70
0.962645 0.678208 70
-11.2221 -9.49847 70
-0.0454395 -1.18154 70
-1.08596 -0.146315 70
0.317293 -0.27512 70
-0.419565 0.872828 70
-9.64043 9.46471 70
11.4984 1.15347 70
-1.35701 -1.409 70
10.25 1.27286 70
0.017547 9.15617 70
9.54011 -0.707919 70
11.4309 -1.31099 70
1.27052 1.3424 70
-10.3276 10.0084 70
0.976717 0.479134 70
-10.9536 -0.556502 70
11.3973 -1.42318 70
-0.624204 -18.5688 70
-0.686885 -1.33454 70
0.969672 1.42022 70
8.6573 10.9347 70
10.7688 -1.30332 70
-19.9317 0.0995181 70
-48.7259 80.6544 70
-51.1113 79.3075 70
10.1924 30.5909 70
18.9839 -0.374936 70
8.7737 -0.211844 70
-0.267978 -0.201675 70
9.41399 10.169 70
-9.43224 8.81581 70
0.650077 -9.70724 70
8.64787 10.7476 70
9.70217 10.008 70
-1.08418 10.5906 70
-8.64779 0.117217 70
9.50531 9.73803 70
10.5375 -60.278 70
-9.50391 30.097 70
-0.591471 -9.62183 70
1.23617 -11.3822 70
-0.577402 30.2165 70
-41.2563 9.80392 70
-41.3946 9.79537 70
1.43923 0.343026 70
1.3033 -1.35746 70
-0.910249 1.08603 70
-0.927886 0.89333 70
-0.045651 10.283 70
8.59819 1.11301 70
10.1876 0.822278 70
-0.737906 0.055796 70
0.720271 -11.0381 70
0.972396 1.39625 70
-0.722673 1.3834 70
1.08604 -0.125649 70
8.629 0.314643 70
70.2564 -10.6771 70
10.2909 -21.0424 70
-0.337513 -0.555847 70
10.1489 1.03594 70
10.3105 18.6805 70
-10.2021 0.151865 70
18.9105 -10.6197 70
0.478043 -28.8932 70
-21.4142 18.5988 70
0.471733 1.08937 70
-1.12822 -0.0737324 70
-1.22089 0.688294 70
8.98685 9.09032 70
10.4997 10.0821 70
-0.367959 9.36096 70
-0.72163 -9.06487 70
-1.45998 1.47829 70
-11.4496 29.934 70
-1.1941 0.0421165 70
-1.21225 -0.0301825 70
0.596192 0.0623088 70
0.64119 0.0089737 70
10.7031 -0.654262 70
9.7773 -11.1903 70
-1.08298 -0.664761 70
0.768898 -0.798727 70
-10.8651 1.44335 70
30.6609 1.08909 70
0.708756 10.4735 70
0.162322 8.976 70
19.4745 1.20521 70
1.39497 1.18602 70
-8.73333 8.95701 70
-0.814833 -0.325575 70
0.935828 -1.03173 70
-10.2183 -0.725698 70
21.3266 10.7378 70
9.95712 10.3172 70
1.2228 -0.94139 70
-18.5475 -10.306 70
-1.34773 -0.266126 70
8.51636 -29.3088 70
0.286852 -0.443082 70
10.681 1.38702 70
-29.2826 -1.49284 70
-1.44796 1.1009 70
-1.00395 0.323974 70
0.163173 1.03499 70
0.897265 10.6891 70
1.40437 0.906946 70
-9.22099 0.778593 70
21.1105 -9.60561 70
-0.473259 -1.07446 70
11.1326 -1.44305 70
19.2396 -0.926675 70
-11.043 1.32278 70
-10.5428 -8.98909 70
0.720613 0.385677 70
-18.6882 -1.06956 70
1.22294 0.238279 70
9.91882 18.7059 70
0.911028 -8.67512 70
-1.01157 -0.482345 70
-89.4776 60.224 70
1.14636 -0.585063 70
-29.6814 21.3469 70
-0.678599 -1.11219 70
11.0613 0.498533 70
-0.0443674 -0.95284 70
10.5078 20.202 70
-0.352428 -0.607035 70
-0.383127 0.759574 70
1.29841 -0.0859338 70
-18.6994 0.532473 70
10.0049 0.950978 70
-8.83834 8.53107 70
0.837879 1.25847 70
0.911097 0.758997 70
-0.435473 0.623272 70
8.54519 -0.780955 70
-1.14131 -1.48289 70
8.72077 10.6156 70
-1.01584 10.536 70
-0.275238 -0.886442 70
-20.0855 -80.322 70
0.715906 -0.0414147 70
-0.663131 -1.0581 70
9.87693 9.66961 70
0.0954793 1.26851 70
49.6928 10.598 70
1.32429 1.24894 70
1.22323 -0.796668 70
9.30378 30.9944 70
-0.432215 -0.998303 70
-0.717083 -0.109815 70
-0.355392 -0.514004 70
-1.45147 0.572298 70
-11.0546 1.25252 70
-28.7855 0.145741 70
-1.19235 -1.41884 70
0.965833 0.525143 70
1.32546 0.685248 70
-1.3448 0.322074 70
60.5916 -9.92336 70
0.498997 -11.3905 70
0.548516 -20.7872 70
8.6271 -11.0414 70
-1.49196 -0.869512 70
-40.6729 0.83883 70
0.440042 1.44159 70
0.0727453 -11.157 70
-0.985981 1.43698 70
-1.46382 0.771166 70
18.5963 -19.0306 70
31.3425 8.90992 70
1.41927 -1.03508 70
9.56179 -0.331796 70
-0.766744 -1.13511 70
0.134079 -1.04633 70
-9.33277 -11.266 70
-11.2858 -0.336645 70
-0.32688 9.63018 70
