0.600837 0.0173444 70
1.45558 -10.9065 70
-21.439 -10.3522 70
20.3799 1.16362 70
1.24235 -10.6782 70
0.825514 0.579829 70
29.2344 -8.81073 70
-10.3483 -21.066 70
9.83915 -21.4554 70
0.0948426 -1.05102 70
1.2133 11.1641 70
-10.1915 -1.17722 70
-1.19418 1.24367 70
-0.742464 0.0402776 70
11.4651 -8.95096 70
-8.66251 -8.83768 70
-10.2014 -9.94877 70
39.0553 0.856745 70
0.261379 -8.68532 70
19.2728 0.831943 70
-1.19991 8.75112 70
-0.672408 1.42159 70
-1.33713 -0.680081 70
0.546517 -10.4084 70
8.74578 -28.5567 70
-0.869191 0.590323 70
-9.57589 -10.0757 70
-0.250368 9.23987 70
-8.62734 -9.38541 70
-1.37257 0.95079 70
-0.424518 -0.322805 70
11.444 8.85479 70
-0.971461 0.0310057 70
-0.595631 9.73667 70
30.8069 69.0524 70
-1.42647 -0.320549 70
0.64821 -0.150258 70
0.865783 1.11053 70
-0.167752 -11.0515 70
1.0256 1.06462 70
1.08621 -0.538944 70
-0.647273 -9.75726 70
-0.928438 1.37209 70
-0.997814 -0.863526 70
0.761663 0.266101 70
-1.44812 11.4002 70
0.787767 1.42681 70
-0.868746 10.5685 70
1.29291 0.0297809 70
0.176907 -0.682507 70
-0.735951 -0.378768 70
30.6542 8.99415 70
0.379821 0.567025 70
79.1766 -119.863 70
80.7115 -118.736 70
-19.918 -9.29547 70
19.9505 0.0130423 70
9.6836 10.0284 70
-1.33459 0.351024 70
-30.278 -9.36567 70
-68.9074 -31.1303 70
-9.63704 11.0913 70
-0.812145 -20.9024 70
-0.452252 1.08157 70
0.356411 -9.66677 70
0.547589 -38.9167 70
-1.0786 -8.54137 70
-1.26107 1.38973 70
0.249217 -0.781106 70
-1.0512 0.00332366 70
11.0544 -19.6882 70
1.44907 0.841618 70
-1.44682 -10.5984 70
9.76066 -8.98833 70
-0.273066 0.253865 70
0.0719145 10.6529 70
0.698577 -0.486902 70
-0.267922 -0.222446 70
10.7095 -9.81923 70
-8.95461 10.5826 70
10.4489 -0.553316 70
-0.999858 -0.444731 70
-0.177012 1.17594 70
10.4798 -1.13007 70
10.7657 -11.4525 70
11.0351 -11.4406 70
9.70552 -0.343876 70
11.1311 1.429 70
-0.317106 -1.37224 70
-1.26788 -1.0742 70
48.7343 -80.0087 70
-9.55541 10.8035 70
-8.66468 1.16294 70
-9.13117 -9.15679 70
10.1168 1.45265 70
0.14987 -0.0391556 70
0.65046 1.09093 70
-20.096 1.27484 70
1.36601 -1.10582 70
-10.2484 -1.24148 70
-8.77193 1.46268 70
-18.7524 -8.94085 70
-10.0337 -10.3431 70
-10.3252 -8.53346 70
-9.51661 -29.8339 70
-9.71847 0.610611 70
-10.0613 -20.6714 70
-0.276377 -1.13283 70
39.8476 29.1917 70
1.46611 0.0927406 70
1.17974 1.49213 70
10.1178 -0.597964 70
0.478519 -0.367129 70
9.12706 -10.4534 70
0.856727 -0.263509 70
-0.722029 10.9764 70
0.52311 0.0683784 70
-10.6018 10.6496 70
-10.0538 0.0748912 70
0.0270162 -0.227777 70
0.11638 -1.14254 70
10.9188 -1.17667 70
0.850394 1.47084 70
-10.1684 -0.309798 70
1.05365 21.1902 70
-71.22 59.7255 70
10.2592 0.0672244 70
-10.8223 -9.39838 70
-0.310264 1.27517 70
0.214148 0.945887 70
0.331734 20.5078 70
-0.650268 1.46375 70
-10.5514 0.814883 70
-10.8742 -41.0042 70
-0.870162 -10.6146 70
1.05146 -8.7104 70
-11.4351 -0.988514 70
11.2225 -11.0571 70
0.337209 -30.2235 70
-8.85895 10.6357 70
0.781835 -0.249566 70
10.8689 10.3501 70
20.9772 -9.03139 70
0.744749 -10.9217 70
0.326477 1.49303 70
-0.315083 -0.415527 70
8.81484 -9.87039 70
21.121 -0.374576 70
-0.340149 -1.10633 70
-0.695189 -0.224409 70
1.00774 8.83199 70
-0.507045 0.420593 70
-11.2364 0.951435 70
-10.0847 1.22128 70
10.4451 -29.7948 70
1.04409 -10.1348 70
10.2133 -9.4124 70
1.26453 0.163803 70
8.94618 -0.144314 70
1.29586 -0.337026 70
10.6722 -11.1867 70
-1.46002 1.46157 70
-1.49358 1.49932 70
-9.14525 -8.75808 70
0.331282 -1.4164 70
-20.0342 -19.9613 70
28.7832 -59.6042 70
0.669361 0.498772 70
-9.80451 0.636626 70
0.713579 -0.4322 70
0.910194 0.18768 70
21.3064 -10.4684 70
-10.2477 -0.432805 70
49.825 91.448 70
10.1613 0.713684 70
-20.3177 8.89613 70
-0.136961 -8.533 70
-20.6794 -0.505824 70
0.753318 -1.10798 70
10.7583 0.216965 70
-39.3379 0.682561 70
-9.70268 -10.4506 70
0.673103 -1.41312 70
-0.45203 1.44927 70
-9.80706 1.01868 70
-110.27 31.2303 70
-19.761 49.1397 70
69.891 10.4358 70
8.71908 -10.9205 70
10.1515 11.0503 70
-30.5944 1.45354 70
1.43047 -9.81378 70
-9.51741 -0.202628 70
-9.70328 0.357936 70
0.539249 -0.490036 70
49.304 -81.2903 70
1.1904 9.52027 70
-1.35137 -0.187785 70
1.36802 -30.4033 70
-9.22745 -9.59895 70
-68.9114 19.4823 70
-1.26914 -0.0950287 70
-9.12922 9.7376 70
10.8674 1.26672 70
0.300193 -1.26716 70
1.1901 18.7358 70
1.24296 -8.52659 70
1.02617 -0.0682968 70
-10.8719 1.19363 70
9.3406 -0.580663 70
1.23635 -10.7248 70
0.790878 0.96148 70
1.34189 0.499314 70
-9.99968 -10.7194 70
0.505098 -9.89451 70
-60.7898 -21.2853 70
0.563855 9.66209 70
-9.31075 -0.521969 70
-11.2662 -8.71732 70
-0.80332 -1.08738 70
9.36374 -19.8905 70
21.2286 -11.2004 70
-1.40951 0.566041 70
-0.909483 -0.110342 70
1.21739 -10.3664 70
0.877683 1.0694 70
39.053 -31.1885 70
-0.96654 0.251221 70
9.84538 -8.74357 70
0.416991 1.46883 70
9.69811 1.05453 70
0.323719 -0.485983 70
-50.972 -19.7778 70
11.066 0.636505 70
-0.062145 -0.755303 70
11.0957 11.216 70
-1.04793 -10.2649 70
0.498516 -1.10268 70
-0.634157 1.46539 70
-1.37999 1.15093 70
20.6194 0.381876 70
1.39595 -0.904344 70
-0.205355 9.51655 70
1.25626 0.958267 70
-0.546768 8.8856 70
10.0496 -20.6283 70
8.97539 10.1552 70
30.3152 -18.6621 70
1.4393 -0.177016 70
0.615371 -1.28948 70
-19.8712 -11.2183 70
9.09198 1.21131 70
0.973614 -8.73529 70
-0.273263 0.886888 70
-10.8982 10.1897 70
-1.48746 -0.56695 70
0.879828 -11.3264 70
1.33384 0.275182 70
-8.77462 -8.93115 70
1.23472 -1.1741 70
-0.232142 1.23381 70
1.0782 -0.347713 70
-0.968618 8.73058 70
1.48428 8.90946 70
0.299587 -11.376 70
0.418336 -9.98076 70
-9.2801 10.1701 70
-20.2753 -0.713256 70
-8.69573 -8.88057 70
-11.3243 -9.69128 70
-0.767942 -1.06062 70
-0.977606 -1.36883 70
30.6836 9.15085 70
10.8181 -11.4934 70
-9.8196 -0.535593 70
0.841958 -0.0688649 70
1.29622 -0.572261 70
1.29941 0.684963 70
38.8866 -30.7018 70
10.8861 -0.541423 70
0.117705 1.32003 70
-0.207594 -1.46376 70
0.242787 1.42727 70
1.27116 -39.5871 70
9.9237 -19.0646 70
-0.527265 1.36465 70
41.0783 -31.1483 70
0.281904 -9.88912 70
-21.4059 -1.21264 70
0.408265 -0.0628269 70
-18.9749 -19.4954 70
1.30344 11.1018 70
0.411088 -0.973812 70
-0.651135 -0.883655 70
-1.06313 0.0851944 70
0.888025 1.0448 70
-1.3796 0.0476634 70
-8.50694 -0.230497 70
-8.89628 -0.00800037 70
-31.0273 -21.1045 70
-1.35937 8.58707 70
0.00748109 0.90949 70
20.6518 0.958657 70
0.580704 -9.4554 70
9.41342 -9.28167 70
-0.0163034 -1.32117 70
-0.911123 0.253863 70
1.06407 -0.18501 70
10.37 -1.06695 70
51.2138 79.2265 70
-10.3008 -0.249267 70
-31.4719 21.3926 70
59.3009 31.3744 70
-98.8798 -111.369 70
1.14971 -9.92315 70
1.15077 -1.32949 70
-0.0519734 -1.42078 70
8.55408 -10.4703 70
1.49036 -21.3443 70
-0.536715 1.38439 70
11.4953 -19.4729 70
-29.9823 -29.8653 70
-0.455665 -8.9943 70
9.48732 -0.112919 70
11.1887 -11.2799 70
60.078 -59.0799 70
29.8595 0.122834 70
-20.8622 -48.5707 70
-0.293019 -0.581125 70
-10.6274 -10.4047 70
-1.08779 0.240529 70
0.813402 1.26494 70
-0.178898 -10.021 70
21.4207 40.1933 70
-1.38302 8.70047 70
-11.2543 -11.1626 70
-11.1262 -9.64086 70
40.2359 -11.1078 70
-39.1497 -70.1463 70
-0.119952 -0.965597 70
1.00199 -0.0256266 70
-10.0615 19.8527 70
0.598158 1.02662 70
-1.48797 10.1813 70
0.812576 -9.28343 70
-18.5832 -9.14018 70
0.466386 -9.50537 70
-0.211272 -11.0942 70
-0.308522 0.2193 70
9.89577 -10.9664 70
-0.742741 -9.69372 70
10.3878 1.06851 70
0.901548 -38.7036 70
0.194706 -10.8048 70
-0.564121 -1.42102 70
-0.619659 -1.12891 70
9.24521 -1.22175 70
-10.5782 0.496703 70
1.09715 1.41663 70
-1.09269 0.644281 70
-60.4675 -39.731 70
19.6304 11.0108 70
50.1866 20.9215 70
-1.44087 0.64435 70
39.7972 11.3765 70
-1.14233 -0.475246 70
8.6669 -1.21208 70
1.03499 -1.28882 70
-11.0038 -19.6643 70
1.37047 -9.80763 70
-8.55548 -0.242907 70
8.87976 -31.0617 70
1.15008 9.11244 70
-8.54345 -0.469349 70
-0.796266 -0.277986 70
1.18913 -0.423508 70
19.7832 -0.350676 70
-9.68284 -10.2407 70
0.270141 0.488184 70
9.0912 -19.2368 70
-0.0833118 -1.36868 70
-0.046758 0.686137 70
-29.1428 10.0617 70
0.0379776 -0.868965 70
-1.14236 -10.8312 70
-1.36613 -1.28408 70
-10.3236 -19.9878 70
-1.2447 -0.513716 70
-1.39963 -0.918652 70
1.07554 0.359466 70
20.0806 -20.1401 70
-18.5402 19.8393 70
11.3556 10.334 70
11.3847 10.0554 70
19.781 11.0136 70
11.0654 -20.7445 70
-19.4829 -20.3888 70
-1.24487 0.112543 70
9.393 -0.326021 70
0.428898 0.786803 70
-1.37047 -0.758722 70
-8.65416 -40.1475 70
-11.16 -9.0517 70
0.117314 0.072537 70
-10.7304 -8.86132 70
9.68283 0.826873 70
11.3634 0.0531006 70
1.17808 -8.93874 70
-19.5392 0.323534 70
0.0670091 -20.6151 70
-0.27659 0.0754842 70
20.3439 8.54905 70
-1.42071 -1.34105 70
0.292672 10.0426 70
0.440551 -0.489462 70
-10.6641 30.4321 70
-1.18417 -0.181094 70
-100.338 110.105 70
11.1135 20.1553 70
9.2699 30.2831 70
-1.49163 -0.191444 70
-0.201643 0.33692 70
-1.19225 0.669153 70
-8.80505 1.27696 70
-9.67264 31.4137 70
-0.974217 0.353944 70
0.346725 0.512902 70
0.558727 0.184411 70
-9.68253 -10.0422 70
11.1188 -0.221952 70
28.5221 20.1883 70
-19.4486 21.169 70
18.6672 -40.3193 70
-40.6568 -0.797678 70
28.5858 -28.8383 70
9.3497 10.1879 70
-1.42432 -19.1534 70
41.3901 10.8106 70
1.34925 -0.600543 70
-9.53941 -20.0251 70
1.21074 19.4297 70
-0.766386 1.18393 70
-8.75183 9.60255 70
-9.2716 10.5344 70
10.7677 0.00569777 70
-0.731368 0.0880708 70
0.0739024 0.0314076 70
9.84808 -8.84473 70
1.00973 1.02751 70
-0.512061 -0.37584 70
0.296297 -1.37937 70
-21.3464 9.10568 70
-29.7099 -11.0946 70
-1.18556 -0.19812 70
10.9683 11.139 70
-11.4478 -9.08859 70
-0.402475 -31.1934 70
-0.717977 -0.793644 70
8.95349 -9.10797 70
-69.6178 -21.1641 70
-10.8778 9.29644 70
-0.673006 -10.9441 70
19.6277 0.757178 70
20.2738 0.541901 70
-11.0322 0.994176 70
1.15348 -0.954822 70
-0.110467 -18.8639 70
9.25651 -8.62502 70
0.481438 9.62241 70
1.1476 21.3771 70
-121.164 0.478549 70
-119.423 -0.0339689 70
-0.43529 -1.18619 70
0.885602 -10.8193 70
11.0038 -8.66807 70
11.3082 -10.7407 70
10.7077 0.595432 70
-40.0689 -50.6897 70
0.838849 -1.00185 70
-8.733 -1.49897 70
0.199511 0.978241 70
18.8865 -0.173659 70
-0.970799 -9.41107 70
0.324251 -18.8833 70
8.88952 -8.74671 70
10.7815 -0.718898 70
-1.38885 0.922041 70
-0.622875 -1.49161 70
18.5412 -9.28808 70
-10.5871 -0.72061 70
-0.0728407 9.51958 70
0.0891035 1.2614 70
8.60706 8.59985 70
0.573573 -1.37291 70
-11.2526 -11.2974 70
-0.590046 -1.27592 70
-0.16546 0.30939 70
11.1929 -9.81916 70
-1.31191 -9.35569 70
-0.19195 -1.25951 70
-8.69483 1.28624 70
-20.0766 -10.2195 70
1.18161 -0.381933 70
-9.60898 19.4888 70
1.45353 0.540284 70
0.716573 -19.2079 70
-1.01311 -10.421 70
9.14072 -78.9387 70
-0.907125 -10.8199 70
118.732 -30.0835 70
9.86649 -1.10625 70
1.10799 1.15802 70
9.56842 -10.1745 70
-98.9649 -0.954884 70
10.2737 -0.915229 70
-20.0273 -0.416038 70
8.954 -71.0781 70
0.0630615 1.48932 70
10.936 9.65773 70
51.188 -108.817 70
0.365425 -0.33486 70
-0.23061 -0.721972 70
-20.431 29.5015 70
-10.9203 -9.07644 70
0.658786 -0.787964 70
-20.3968 10.7284 70
-11.308 -10.6344 70
8.9328 -20.2601 70
-9.02289 0.995148 70
1.08997 0.497169 70
-1.3958 0.754042 70
-0.996444 0.766366 70
9.06248 0.807399 70
1.29192 -0.832286 70
-0.90077 -0.699047 70
0.874219 -0.567132 70
1.49872 -1.01704 70
-0.509467 0.126573 70
0.818151 -1.13757 70
9.63792 -0.640026 70
-0.0759338 -0.265222 70
11.265 -9.33995 70
-11.208 10.5878 70
1.17484 0.657687 70
-9.77201 -0.204578 70
-0.904373 -0.340505 70
0.565983 10.6604 70
20.4443 -10.6424 70
-19.0722 9.23045 70
0.773088 -1.04121 70
1.46698 0.994734 70
-1.31396 -1.43432 70
0.181444 9.8169 70
-0.328608 0.848694 70
-1.00927 -0.709313 70
0.325243 10.2703 70
-0.290966 9.95289 70
-0.674724 0.289774 70
0.130731 -1.2714 70
10.113 0.430435 70
-20.1903 0.614536 70
-0.22008 0.381575 70
38.9126 -9.49763 70
8.74859 -29.8683 70
-0.344027 0.340663 70
-9.8433 0.642499 70
-11.3915 1.42392 70
-60.3578 -21.2003 70
0.263394 0.658043 70
-20.9928 -28.857 70
0.175949 0.920014 70
-9.16489 -10.8449 70
9.27727 31.3137 70
-19.5495 1.36427 70
-19.528 9.54555 70
-71.4788 -8.83229 70
8.8258 0.967602 70
-1.20981 1.35662 70
19.6102 0.864158 70
0.333101 1.45471 70
-0.564837 0.00184718 70
-0.74426 0.602215 70
1.1046 -0.38328 70
0.776147 -0.39269 70
-20.1999 11.4009 70
-0.846147 -0.700859 70
10.9671 1.40975 70
81.2298 -28.5201 70
10.6933 -9.18693 70
1.20788 -1.28267 70
9.38332 -11.0778 70
-20.2658 -39.6587 70
-0.0553857 -1.45944 70
-0.482086 -0.0962882 70
0.197021 1.06802 70
0.215043 -0.207755 70
0.886614 -1.04069 70
-0.60808 0.00785925 70
20.3723 -19.5246 70
0.88631 0.0848555 70
0.167587 1.38978 70
9.10568 -10.3219 70
19.8088 0.420832 70
-41.0851 29.0558 70
-10.7673 -0.118902 70
-10.2534 9.03028 70
1.47888 10.8029 70
89.3886 -51.4426 70
10.0485 30.5088 70
-1.38883 1.03058 70
11.3734 -11.0421 70
0.24931 0.708701 70
-0.513726 1.17325 70
1.33822 0.518764 70
9.09171 -0.66297 70
-0.666427 0.967886 70
9.94123 -10.4178 70
1.34413 0.0246089 70
-19.5198 30.1509 70
0.57868 0.649213 70
-0.330173 -0.139781 70
-0.464676 1.17301 70
29.2295 -29.8186 70
-0.583094 -0.215638 70
1.36653 -1.42949 70
9.32424 21.1581 70
-9.85214 0.934409 70
10.7277 10.7154 70
-0.203459 0.0107472 70
-0.588323 -0.251289 70
0.326541 -0.497281 70
1.1888 -8.54523 70
-1.05743 -8.937 70
-9.3378 20.4328 70
-30.1129 -0.353389 70
0.562753 -0.572845 70
-0.890189 0.513428 70
0.964691 0.0551166 70
0.624388 -0.849802 70
-49.4293 -59.4581 70
-10.4391 0.909881 70
0.897462 -0.1934 70
1.33306 -1.25072 70
9.71778 -9.72482 70
-39.8011 -10.5421 70
-1.43437 9.20889 70
1.07355 1.00752 70
-0.849079 1.075 70
1.19827 -0.140801 70
-0.289443 1.42106 70
-0.403249 -29.6787 70
-1.41358 -0.675843 70
11.1805 21.1647 70
-0.355357 0.610608 70
9.9323 -0.160498 70
0.53785 -0.58603 70
-0.0106891 0.267606 70
1.02716 -0.824494 70
8.66133 0.450908 70
0.200018 -20.9319 70
-0.922352 1.11919 70
40.887 -0.0085317 70
-10.1823 -1.47533 70
0.00976303 -9.74889 70
-28.7591 1.09259 70
1.33844 10.2112 70
0.758104 -0.171514 70
0.0600168 1.20632 70
-20.8233 -51.4992 70
11.0528 -9.54057 70
-1.24678 0.449082 70
-0.980337 -1.31942 70
-78.6644 51.3389 70
-10.595 -10.641 70
1.15119 -0.0310578 70
0.482781 -0.878221 70
-0.980808 0.351158 70
0.199851 -11.2501 70
0.422822 -10.7676 70
-11.4682 -10.5525 70
-0.370317 -0.444248 70
-0.560879 -0.77276 70
-1.15077 8.99346 70
0.867068 -8.87685 70
10.2669 -9.24396 70
-1.15917 -0.765579 70
-39.4378 -69.9644 70
-0.922269 0.833197 70
29.493 0.34459 70
-0.604917 10.9331 70
0.499498 0.96886 70
-10.4871 -11.1953 70
-68.5738 0.164306 70
9.9426 10.0802 70
11.1527 -9.64114 70
-9.69586 -9.40845 70
0.249548 -11.0533 70
10.2139 -0.0710692 70
-1.06753 -0.48071 70
-1.12768 1.34954 70
0.959914 -21.3745 70
-10.1058 -11.3915 70
0.226896 1.16781 70
0.713512 -0.221607 70
-8.57084 20.4886 70
-29.4589 -0.343649 70
1.34937 1.25268 70
-39.1608 28.6433 70
0.23139 -0.558721 70
-20.2701 -51.0585 70
-29.0846 40.1504 70
-0.966897 -1.29168 70
1.46015 -9.62397 70
10.7904 -9.80834 70
-9.20067 -31.1228 70
0.670313 1.27089 70
20.4385 -10.8065 70
-1.22874 -11.2497 70
0.0772716 -19.9064 70
0.218172 -1.04278 70
-61.4017 29.3114 70
-0.414924 1.3843 70
0.18215 -10.0764 70
-1.10678 0.382608 70
40.8255 9.49628 70
0.187522 -0.747404 70
-8.7528 -0.45137 70
-30.2037 -20.8372 70
0.00424227 -9.79956 70
-1.35296 -9.09876 70
10.3064 1.3922 70
10.9923 -10.7592 70
-0.487808 -1.44082 70
8.60202 -0.408482 70
8.8742 -11.1437 70
10.9031 -18.6876 70
-0.287906 9.26239 70
-0.366806 19.4457 70
9.299 1.47777 70
-99.3252 99.2334 70
0.286387 -0.900559 70
-0.488571 1.36969 70
-20.9707 -101.485 70
19.3506 -8.59018 70
1.00094 -0.057308 70
0.54692 1.21969 70
-0.774124 0.662408 70
0.667629 0.0815459 70
-0.978855 1.3281 70
0.848538 0.307377 70
-11.4991 8.74685 70
0.0985363 -9.69574 70
20.5646 11.2042 70
19.3209 -59.0481 70
1.02591 -0.969839 70
0.302751 0.453531 70
-1.21065 -8.53863 70
-0.990574 -0.581641 70
1.1804 -9.30676 70
-39.8676 -9.74483 70
1.05308 1.06532 70
0.605484 0.296667 70
-1.47772 0.781212 70
10.483 -0.598247 70
-18.9104 -1.21562 70
1.10187 -11.4474 70
-10.8837 -1.44355 70
10.1365 0.158048 70
48.8673 -40.5893 70
1.31184 1.40987 70
-1.23523 -10.5813 70
-9.00137 -0.0689494 70
9.47663 0.12988 70
0.586397 -8.94963 70
-1.37325 -10.0378 70
11.2036 -21.0329 70
-28.6417 -9.82599 70
-10.1229 1.3018 70
-9.62175 0.846247 70
11.0678 0.851024 70
9.14547 -9.44908 70
-0.884524 0.917146 70
0.870227 -1.0596 70
-0.296317 -0.463503 70
28.868 -9.09074 70
-1.31637 -10.9187 70
10.0625 8.78515 70
0.194082 -0.3283 70
-1.2108 0.770637 70
-0.327978 1.23033 70
1.32974 -0.166724 70
-60.9468 0.784003 70
1.49584 -0.745866 70
10.8128 -79.0345 70
-1.32617 0.129008 70
0.695354 0.0594862 70
10.9842 0.215473 70
-9.65333 -21.3563 70
-0.833684 0.716765 70
-20.4441 -9.20722 70
-0.865947 0.0338306 70
8.69828 -9.87157 70
1.27975 -8.79871 70
0.412728 0.599372 70
-0.732577 0.933478 70
-0.604783 11.0433 70
30.5796 -20.7246 70
10.2102 -29.7712 70
