-9.28569 -0.40112 70
-11.2964 9.85305 70
1.38989 0.821788 70
-0.189634 -1.44914 70
-9.78128 9.72848 70
-0.972958 -18.9135 70
-0.566242 -0.283043 70
1.18453 -1.44036 70
9.23563 31.4815 70
-10.2517 -0.673491 70
1.01639 0.916815 70
-9.23499 -9.71562 70
10.1107 -1.00794 70
1.23826 1.39324 70
0.968072 1.39776 70
1.09009 -0.829626 70
-0.62665 -11.4877 70
-0.170399 0.0856462 70
-10.1256 -0.90462 70
-1.27538 -0.995436 70
0.459737 11.1704 70
71.008 0.516559 70
0.219661 0.253597 70
-9.80407 -41.1368 70
30.8673 -20.6556 70
-9.56228 -0.983936 70
-9.72248 -11.2646 70
-0.919255 -0.18784 70
11.1095 -0.298391 70
0.779711 9.99135 70
1.40449 1.48963 70
0.465448 -0.255563 70
-18.5711 1.13377 70
-0.771031 -9.24947 70
11.0321 30.5018 70
9.43276 -9.54365 70
-0.603585 0.880267 70
0.352752 -9.08175 70
-0.0843138 -0.493932 70
0.374115 1.19067 70
8.60955 -10.5394 70
-9.24042 9.84879 70
-1.26092 -20.2254 70
-0.0111109 1.15235 70
-10.8002 80.1653 70
-11.2568 80.6856 70
-0.00888846 0.80285 70
-0.33543 1.21607 70
-0.204539 -0.618492 70
0.872915 -0.324043 70
10.9964 1.42985 70
-1.17564 -0.0802403 70
8.56377 -20.6833 70
0.0529223 -10.899 70
-0.882253 -0.983075 70
-0.252349 -0.543483 70
0.432744 9.06106 70
-11.4032 -1.38733 70
70.9355 -20.0251 70
-1.41591 -28.8946 70
1.41672 0.866987 70
-9.1921 -18.708 70
-10.0204 0.28302 70
-9.29659 0.791455 70
-11.2078 0.576422 70
-20.0731 41.382 70
0.530441 -1.18184 70
0.390218 8.93368 70
-79.2034 29.0408 70
-0.0368744 -0.974471 70
-9.92938 -10.6976 70
-0.478164 -9.24565 70
18.6427 -19.6305 70
1.48721 -11.2012 70
30.6065 8.89009 70
0.815497 0.895164 70
1.31875 0.348537 70
-0.762265 1.28684 70
-9.24787 -11.3102 70
10.6031 -21.1789 70
10.2622 -21.0997 70
-8.52719 -0.976357 70
1.45647 -19.5092 70
-10.413 0.625274 70
-0.936747 0.150446 70
-9.60913 -20.1805 70
-0.0503337 1.15022 70
0.491188 0.416173 70
-0.25083 -1.16539 70
-0.956913 -1.28576 70
0.0691388 -0.39389 70
0.0233077 0.0144513 70
-0.707905 -9.50259 70
1.49429 -19.756 70
0.258666 -0.131549 70
0.840088 -1.37359 70
-0.344743 9.21581 70
-0.200494 -0.424314 70
-0.978848 0.133872 70
11.1812 -9.41097 70
-20.6132 38.5236 70
-0.738798 -19.6747 70
31.0515 -9.46528 70
-10.6986 -58.5122 70
9.39035 1.26445 70
9.894 -21.4764 70
-0.885806 -0.199008 70
-1.34447 -0.126237 70
70.6966 -30.5496 70
-0.472465 -1.30274 70
1.2494 1.05347 70
-1.47077 -0.713154 70
-0.459925 0.969072 70
1.07139 -1.05641 70
-18.9303 20.4048 70
10.1608 9.24286 70
10.5707 -19.4609 70
-1.45859 -1.49924 70
-8.94015 -9.13643 70
0.247712 -11.0779 70
-11.0403 29.7995 70
-0.0839321 0.834613 70
9.79867 -1.17755 70
68.649 -120.206 70
-0.552116 0.705628 70
31.0202 -21.4329 70
0.981808 10.3904 70
0.368575 -1.28443 70
0.886922 0.14915 70
-0.328801 0.199958 70
20.4911 -19.0493 70
1.45346 1.14738 70
-89.956 69.7784 70
0.30853 -1.13842 70
9.71152 -10.7867 70
8.99197 10.2838 70
11.3516 -0.0818536 70
0.890044 -0.526126 70
-20.3406 -11.0222 70
0.400742 -0.778031 70
0.334313 -1.4827 70
-0.182722 -0.372101 70
0.64771 1.26648 70
-0.621093 0.413439 70
0.460894 0.968703 70
-19.6303 21.2857 70
-1.44954 -0.377332 70
0.729438 -8.62309 70
-10.6477 1.26306 70
11.0641 0.271561 70
-10.6165 10.6334 70
-8.75044 10.4203 70
11.0294 0.0718613 70
-9.98011 8.70302 70
-28.6173 -9.39083 70
-0.388896 -10.1903 70
-1.40304 0.381746 70
21.4712 -28.7447 70
-1.18815 1.19551 70
-1.12206 0.640843 70
1.43566 -9.90095 70
-39.991 -31.4368 70
40.0599 40.9655 70
9.88674 -0.534625 70
-21.4561 -8.61939 70
-20.3408 -10.5038 70
1.20604 0.791331 70
8.67056 19.7556 70
-29.2348 9.5919 70
-0.632403 -0.817549 70
-8.74261 40.614 70
-0.1086 -0.549396 70
18.8308 -10.1302 70
1.19524 -0.71885 70
0.415966 1.43964 70
-10.6302 18.5234 70
-10.6056 -0.524707 70
-10.0858 0.12122 70
-10.1255 -0.765252 70
50.8591 -18.6248 70
-0.359741 -0.0522286 70
8.8967 0.137732 70
-1.09132 0.615254 70
-10.0134 -0.632094 70
9.94815 0.119645 70
-31.1552 20.0695 70
-9.74123 0.733583 70
-0.457745 -11.0206 70
1.16367 -9.06977 70
-29.1953 19.4193 70
10.256 -10.1905 70
-1.37972 -0.527899 70
70.0036 -29.5096 70
0.230477 0.72906 70
8.63584 21.1826 70
40.0479 -1.14929 70
0.902415 -1.43881 70
-8.9913 59.311 70
0.474778 -0.0828468 70
11.2874 1.14659 70
-28.8752 1.41181 70
10.6845 -20.3073 70
-9.69163 -9.98509 70
-11.3706 -9.45248 70
9.24247 1.46848 70
0.434465 -0.628027 70
-0.839605 21.223 70
21.4361 11.2413 70
-0.172719 0.919914 70
21.269 -9.78155 70
1.06868 -20.7366 70
0.80441 0.939611 70
0.646716 0.989318 70
29.7185 -29.3255 70
-19.1478 -29.7881 70
-0.152475 0.855958 70
-10.1695 -19.3786 70
0.423351 0.485976 70
-0.689357 1.11411 70
1.19382 -0.24971 70
-1.14384 0.373428 70
-9.94978 -0.758638 70
-0.0331634 19.2029 70
-20.776 10.7575 70
-0.506065 -1.30525 70
-1.44889 -1.15556 70
0.988257 -0.547457 70
10.1586 9.67144 70
-0.256292 -1.28061 70
-0.853651 0.56752 70
18.7575 30.7253 70
-0.190801 0.201042 70
-1.339 -0.200215 70
1.12944 0.501195 70
20.3489 -19.6408 70
-0.276579 -10.6844 70
-0.598758 0.788043 70
1.21238 0.659635 70
-0.305252 -9.80993 70
0.600982 0.260501 70
0.510694 -0.763125 70
1.43805 9.11287 70
0.838366 -0.458527 70
10.8017 0.42248 70
9.0154 1.38911 70
-1.47824 -0.460142 70
-28.632 -9.38133 70
0.0796181 -9.34121 70
9.03431 9.15987 70
11.4734 0.44417 70
-11.2201 -39.1679 70
-1.3904 0.934846 70
-1.24519 0.986665 70
19.9962 -18.785 70
-1.23842 -19.9201 70
1.29845 -0.324672 70
-0.754822 -0.53095 70
1.10879 0.452594 70
0.795266 -11.4022 70
-0.975737 -9.76039 70
-31.0886 -18.9336 70
69.5038 0.957845 70
31.3002 -21.1483 70
-9.80959 1.28468 70
-0.94086 -1.03046 70
20.9811 -9.93314 70
-21.3799 19.2273 70
-21.1741 18.6914 70
-1.35499 0.869819 70
-1.4468 -0.452667 70
0.799523 -0.684101 70
-38.7055 11.1693 70
10.2506 0.727736 70
-0.680855 -20.2326 70
0.935153 0.886988 70
-0.2825 0.242338 70
-1.32175 0.018782 70
8.83101 -29.4445 70
-1.31949 1.47049 70
1.1635 1.39069 70
-8.74845 -40.2071 70
9.98957 0.770062 70
10.156 11.1397 70
11.216 0.0265492 70
9.10905 -0.243891 70
-0.643591 1.22975 70
-9.52632 0.632226 70
10.8416 -10.6041 70
-0.288767 0.924017 70
0.695569 -1.00164 70
10.5778 -0.558329 70
-0.291613 -0.728057 70
10.9845 8.83957 70
-20.41 -0.45089 70
1.04932 0.731836 70
10.7193 0.168581 70
0.307413 0.802572 70
-0.817238 1.00247 70
10.8184 1.24951 70
31.3617 -30.146 70
0.890706 -1.13944 70
0.0414218 -0.770924 70
0.157364 -10.7571 70
1.11745 -0.354601 70
0.0899973 1.0364 70
-1.30655 1.46826 70
-0.471396 -10.519 70
0.825316 -0.683917 70
0.164449 0.665263 70
1.36116 -8.95931 70
0.555345 -11.0472 70
10.2443 -1.21199 70
1.37659 -0.574451 70
0.115473 0.529608 70
-0.638247 -0.494613 70
-1.18178 0.464914 70
0.0140591 1.01443 70
-0.510105 -19.4988 70
9.42343 8.9689 70
-0.204385 1.38734 70
1.46264 0.338254 70
18.6597 -1.04821 70
-0.664391 -1.33217 70
0.699179 0.0802556 70
-11.2765 1.43611 70
-19.5163 0.75527 70
0.537509 -0.721264 70
-1.22056 18.6778 70
1.04894 19.5063 70
-0.656683 -10.5892 70
-0.0706477 -10.7309 70
-9.22756 -9.22249 70
0.516562 -0.255865 70
-8.66772 -10.8007 70
20.2923 -21.1279 70
-0.608987 0.51568 70
-10.786 0.895224 70
-0.9069 -10.573 70
1.2428 10.1534 70
20.4874 1.14532 70
11.0862 -0.107399 70
0.0338142 -0.298054 70
-0.0964785 0.20415 70
1.09106 0.224018 70
0.210581 -10.6382 70
-1.36801 -0.586586 70
51.236 9.45026 70
8.77965 1.30871 70
9.08276 -9.72252 70
-10.1544 1.45587 70
10.9106 20.7258 70
0.267025 -1.26778 70
-0.629993 1.37007 70
8.6 -11.1539 70
-0.601821 -0.3479 70
-0.288022 -0.0237544 70
1.26962 0.818981 70
-0.456536 0.230225 70
0.0356367 0.0122302 70
-0.48559 0.0887676 70
28.5256 20.3368 70
0.436717 -1.27761 70
-1.43988 -0.718907 70
-0.119319 1.29389 70
0.0858863 9.79337 70
10.9028 -0.652803 70
-1.12355 0.265157 70
-10.072 -9.18996 70
0.388804 0.156552 70
10.7867 11.1695 70
0.96363 -0.781877 70
0.167688 -11.0157 70
0.617237 -11.2992 70
89.7999 -80.9827 70
-21.0669 -21.3547 70
-1.49657 0.638419 70
1.38141 -1.44752 70
-0.830521 -0.855602 70
1.29472 -0.354978 70
-0.550442 88.7047 70
-0.796095 -9.43355 70
0.0271501 1.07181 70
10.3781 -1.4918 70
-0.559437 0.678994 70
0.0730863 0.443281 70
0.277932 -0.467086 70
10.7296 0.805722 70
-1.33804 -10.5959 70
-8.87651 -21.2325 70
-21.4154 19.5436 70
-0.705355 0.0680715 70
9.10305 0.561942 70
70.3071 -19.6102 70
0.499683 0.175948 70
-0.982628 0.226122 70
0.544992 -10.2657 70
-0.718693 -1.36081 70
-9.73572 -8.73932 70
-1.31749 0.632001 70
-1.11441 -0.0186091 70
-0.574653 -10.6238 70
-0.366097 0.880896 70
10.6062 -0.535474 70
0.132753 -0.692419 70
9.62476 -11.3052 70
11.2706 -0.599306 70
-29.6792 -10.6912 70
19.5321 20.4669 70
-10.8817 -20.2059 70
-9.2025 -18.9973 70
1.29439 0.466334 70
10.8679 -20.1255 70
-9.10749 11.1482 70
0.628627 -1.34548 70
-1.32879 -10.8506 70
1.03445 -0.101695 70
-11.2035 40.5522 70
-1.20252 -0.410233 70
-1.4976 0.991854 70
-39.8696 -39.0842 70
10.5664 -11.0013 70
0.974967 1.43214 70
-10.907 1.14307 70
1.2656 -0.354016 70
19.7878 -30.0103 70
8.91719 -19.6882 70
1.21475 -0.571054 70
9.99418 19.9758 70
11.3429 21.2718 70
-0.044174 1.25667 70
0.752604 -0.290766 70
10.1718 9.48879 70
0.152712 -0.00248159 70
-11.2755 -9.37556 70
1.31846 1.03285 70
-10.4681 -1.24189 70
-0.205672 -0.264747 70
-0.916332 -0.627003 70
0.0282476 -8.76031 70
-1.41294 -10.89 70
-0.779592 0.660526 70
-9.59673 -30.9171 70
1.48882 -0.166126 70
0.58597 -10.3796 70
-0.672427 -9.85012 70
-0.36898 -18.5934 70
0.261188 0.660239 70
0.684246 1.3511 70
-0.176282 -0.675127 70
0.385308 10.6839 70
-0.87033 1.24659 70
-1.20988 0.421992 70
0.460279 -0.075918 70
-1.19801 0.0867615 70
9.92532 9.14413 70
-1.29789 0.328901 70
0.422821 11.0804 70
-0.792501 8.77385 70
11.0546 0.45179 70
10.0387 1.09311 70
-8.53341 -40.2688 70
-1.04567 -10.8694 70
9.0745 -0.23381 70
-1.47326 -0.353397 70
-0.496645 10.0946 70
18.8447 0.315783 70
11.162 30.2741 70
0.871706 -11.1085 70
-0.0571411 -0.170018 70
-0.66324 1.02793 70
19.0482 -9.11474 70
0.227183 1.26303 70
-1.03762 -10.2099 70
-0.186171 1.49322 70
0.587796 -0.167589 70
1.17329 -0.655904 70
0.00839283 0.185779 70
1.04853 1.38542 70
0.302596 -0.293752 70
9.4002 8.72252 70
0.374035 0.188595 70
0.485226 1.18698 70
0.0327133 -0.792792 70
10.3998 0.805326 70
0.913022 -0.794551 70
1.40077 8.76856 70
-0.782811 -0.991773 70
-10.6043 -0.357782 70
11.1952 61.022 70
-1.41407 0.718423 70
30.3049 -20.733 70
-0.258012 -30.3234 70
-0.147859 -0.258727 70
-1.19452 -19.324 70
-10.3543 -0.597988 70
21.223 0.379222 70
20.0973 -0.485449 70
10.3562 0.46266 70
-0.169908 -20.2095 70
18.5557 9.88223 70
-58.5789 31.0744 70
0.312102 -0.982458 70
0.568975 0.241534 70
-10.8236 0.415143 70
-8.64575 -19.8326 70
-0.875903 1.15109 70
0.879919 -11.2692 70
0.728415 -10.1579 70
-1.16663 0.797026 70
-10.855 -21.1891 70
-1.22668 0.633673 70
9.98969 -11.0661 70
0.64884 -10.4706 70
-0.334544 -0.493411 70
-30.5483 9.95089 70
-0.0122193 -1.46102 70
0.120809 -29.8128 70
0.0589527 0.59415 70
71.3454 110.468 70
1.18462 10.889 70
11.2011 9.64069 70
1.13208 11.1762 70
-21.4301 19.7247 70
-0.551748 1.1508 70
-10.1969 0.0372485 70
-1.4179 0.204533 70
-0.280336 1.23983 70
1.19742 -1.15142 70
-10.5051 -11.3785 70
-8.63294 -1.03277 70
1.01443 0.341561 70
10.5262 -0.885202 70
-9.97214 0.358373 70
-28.5669 10.3755 70
0.890857 -10.8474 70
-0.92287 0.182902 70
1.38474 1.0595 70
-21.0213 -10.5682 70
-0.482307 -0.037668 70
0.82434 10.7139 70
-0.892294 0.437196 70
-10.1772 -0.856946 70
0.412697 -1.4057 70
0.307515 1.18046 70
11.4235 50.5614 70
69.1926 98.9802 70
10.7519 0.0382708 70
1.3979 0.761632 70
-1.48836 -0.226557 70
-40.2627 19.4661 70
0.844567 -0.0615797 70
0.381938 0.587128 70
-0.0580923 1.01417 70
-0.36422 0.857021 70
-21.0078 9.63254 70
-10.3465 0.980985 70
8.82259 -31.4313 70
-20.0673 28.7355 70
-1.12491 -0.0403882 70
-21.2611 -0.531777 70
0.969043 -0.757691 70
-30.4656 -0.935835 70
31.0948 0.34236 70
-21.0158 -9.83834 70
1.06509 18.9966 70
9.93731 20.4954 70
8.84871 19.7051 70
19.724 40.9687 70
-19.5928 -1.14408 70
1.29106 -0.63052 70
-8.98922 -9.23492 70
0.890779 0.839332 70
-0.813294 -0.71229 70
0.500811 -0.112502 70
11.4396 -9.01165 70
-0.325365 10.5134 70
-1.22568 1.28935 70
-40.4081 -11.3021 70
-8.57328 0.129364 70
-8.71128 0.392005 70
0.0411821 10.1593 70
-1.1678 1.03734 70
-1.07284 -21.3018 70
9.04516 1.12167 70
-0.580123 10.8061 70
-0.317211 -1.29988 70
-29.5869 20.5724 70
0.797775 -11.0254 70
-48.6246 8.77882 70
19.82 0.545545 70
-9.99906 1.23102 70
-11.1118 -0.841035 70
1.48035 1.00456 70
0.586875 -30.508 70
-1.14837 -11.1916 70
0.577238 -11.306 70
-0.441426 1.28783 70
1.08339 0.688435 70
0.34997 1.45772 70
0.848699 8.63985 70
-0.552241 -0.569198 70
-0.891689 -0.873363 70
10.6468 30.5998 70
0.92528 -0.46441 70
-0.70614 0.30346 70
9.03908 -8.52391 70
-0.416317 0.503529 70
1.30341 -9.90252 70
-1.05515 -10.2186 70
-60.7729 -41.1475 70
9.51457 38.5277 70
0.175283 -11.1521 70
20.1139 -1.29725 70
31.4672 19.9691 70
1.32882 -1.28634 70
0.72438 -0.563112 70
-30.72 -8.73525 70
-1.00242 10.4459 70
-0.433446 -0.151742 70
9.32076 -9.80025 70
9.21401 9.46001 70
-1.45865 -1.14318 70
-0.104107 1.08401 70
9.1293 0.346186 70
-1.10216 1.14126 70
-1.29441 9.90883 70
0.516493 -0.499996 70
-10.1378 10.2429 70
-1.41545 0.588659 70
-1.42407 0.139483 70
-9.01525 -0.0609514 70
1.32415 0.254198 70
-0.316566 -1.36336 70
9.95044 1.24132 70
0.353967 -9.83928 70
-9.44611 -1.42957 70
-10.7199 -10.3754 70
-0.470359 -1.37814 70
-1.02779 1.47051 70
-9.49373 -0.56963 70
-18.7192 -18.6938 70
-0.155031 0.631194 70
1.07443 -1.17667 70
0.800395 -1.23727 70
1.06487 -0.826169 70
19.2884 8.79775 70
-9.61498 8.92166 70
-8.84739 -0.100662 70
-0.604643 1.25462 70
1.2758 9.52048 70
-1.12861 -0.822077 70
11.0174 0.232214 70
-1.04675 -9.5894 70
10.8152 -1.49494 70
-1.07398 0.287746 70
-10.265 -0.565689 70
-0.889269 -0.00439482 70
-1.43035 -0.29117 70
-1.14542 0.801645 70
-0.989926 -8.92714 70
0.347271 0.458006 70
-31.3821 -19.5722 70
-0.986496 -0.00107434 70
0.874496 1.01152 70
19.8346 -21.0929 70
0.0575226 1.4022 70
0.0713039 0.596739 70
11.0853 30.7168 70
-0.114171 0.441166 70
1.18692 0.863539 70
0.180912 0.301412 70
28.5488 20.0195 70
-10.9181 0.910894 70
-11.0072 0.361498 70
0.541096 1.03876 70
-8.63933 -10.9121 70
-0.990693 -1.34433 70
-8.85689 9.87664 70
-100.336 -21.4579 70
-1.39727 -9.24094 70
-1.20857 0.268057 70
1.01846 1.42027 70
10.3573 -8.61733 70
-0.45032 -11.2804 70
10.601 -21.4373 70
-10.1364 -0.985255 70
1.16656 -1.02867 70
-0.537306 -9.21026 70
0.722004 0.841744 70
-11.2181 21.4454 70
-39.1914 9.58647 70
1.0534 -10.2323 70
10.9014 -11.4543 70
-0.546684 -9.75632 70
-11.0081 -21.1236 70
-10.5482 -9.35054 70
-11.4221 8.76067 70
-10.1992 9.26496 70
19.7135 8.92785 70
18.9919 -0.526299 70
-10.3525 -19.5832 70
-9.55683 1.48674 70
-31.334 80.5778 70
0.729638 -11.0027 70
1.35245 -10.4501 70
-0.502219 0.657146 70
-1.09595 0.53664 70
-10.8584 1.48204 70
-0.0520249 1.22963 70
-20.0088 1.49652 70
10.639 -10.7223 70
-0.523092 0.839058 70
0.288504 -0.481867 70
-8.62678 0.0938336 70
-10.1396 -10.9651 70
-9.96812 -49.8649 70
0.668879 1.02709 70
-11.4572 1.26185 70
-9.94407 -0.429259 70
-30.5317 40.1686 70
1.40179 -0.312827 70
0.242938 1.2616 70
1.07217 -10.8638 70
1.06534 0.196131 70
19.0409 10.3163 70
1.39568 0.285214 70
1.30921 -0.699364 70
-0.275903 40.7772 70
-0.844065 -10.7646 70
-40.4793 -38.7767 70
-9.73431 -10.6723 70
-0.759962 -1.10412 70
-1.43158 0.231397 70
-10.9333 -0.166242 70
1.39276 1.10748 70
-20.6411 -8.77276 70
30.147 11.2261 70
-18.58 59.8301 70
-10.7022 -21.3018 70
-50.0631 30.8134 70
0.561266 0.226102 70
0.355901 0.108846 70
-1.02935 -29.2101 70
-18.5212 -0.570225 70
11.0225 -8.73931 70
21.3203 -10.5345 70
0.69995 -0.290645 70
8.98757 -9.88857 70
69.0574 10.4558 70
1.25548 0.751965 70
29.8521 -19.8075 70
31.2217 -30.1186 70
-9.5023 11.3231 70
-8.54801 -9.46365 70
1.31233 20.0752 70
0.368457 -0.902419 70
-0.543501 0.688522 70
-70.9666 81.1956 70
-8.71394 9.66055 70
0.117591 -0.198346 70
29.0413 -38.6243 70
0.596767 -9.79231 70
10.5858 -0.811131 70
-8.98206 -9.8098 70
-11.0639 -0.475952 70
0.510547 10.1937 70
-0.415256 -1.27873 70
1.43787 0.231182 70
-0.82408 -1.14379 70
9.13806 1.28921 70
31.2277 -20.9161 70
10.3719 1.4143 70
-0.49376 -1.35342 70
-0.463465 -1.22152 70
50.7912 49.4938 70
10.9198 -0.946592 70
10.6299 -0.988503 70
-0.927958 -31.1323 70
8.58266 0.648612 70
0.523417 1.08182 70
0.879991 1.13835 70
-11.0127 -0.632909 70
0.701017 -8.52497 70
-19.8835 -0.744023 70
-0.506073 1.49234 70
-9.7537 -0.170405 70
38.9552 9.10604 70
-20.5504 38.5713 70
-19.404 39.9371 70
0.788526 -19.4003 70
-10.101 -10.6499 70
-0.772755 1.05295 70
0.413589 1.12506 70
-0.265782 -10.8458 70
-20.876 18.9978 70
0.390771 -8.63378 70
-0.676031 -1.4849 70
1.17357 -8.67053 70
-9.68558 -10.348 70
0.40719 0.96532 70
-0.432179 1.047 70
9.61655 -0.361446 70
-1.39646 -0.0315899 70
-9.86391 -9.08644 70
-10.2423 0.0965739 70
9.12022 -0.596982 70
-1.05082 9.39075 70
-9.7319 39.1086 70
0.0733142 1.31046 70
-49.9219 80.0524 70
0.733509 -8.69941 70
1.14901 0.632366 70
0.476149 -0.57435 70
1.13013 0.0159976 70
-20.2997 -8.90566 70
-0.954902 0.707176 70
-9.98092 10.0884 70
-8.5848 -19.8002 70
