-0.693791 -9.50101 70
-88.6988 59.1967 70
-0.549227 -9.24649 70
-1.2948 -11.2415 70
-21.3001 1.3123 70
-10.7823 0.886107 70
1.02086 0.874165 70
10.0501 0.483878 70
-0.23681 -10.8022 70
-18.6994 -1.35922 70
0.378267 0.446862 70
-9.20945 0.30703 70
-8.93474 -10.1977 70
59.9393 110.07 70
-9.12074 -19.8675 70
-9.63891 -20.2525 70
-9.93106 -0.70484 70
0.0685748 9.05179 70
-9.09366 -8.51246 70
-1.02684 0.299396 70
9.11149 -38.726 70
20.1943 -29.5843 70
-0.0908003 -0.480701 70
-8.83763 -10.6269 70
19.8252 -19.6886 70
1.285 -0.776572 70
0.516287 -0.124818 70
9.41354 10.2493 70
-1.39819 -29.8772 70
-0.8431 -10.2442 70
-19.9388 9.02475 70
31.1798 30.1806 70
28.5981 -39.6653 70
11.4175 -0.85286 70
0.768059 -10.2016 70
-10.7485 -0.243669 70
-0.0786456 -1.21391 70
-9.87691 -10.7414 70
-0.460355 -19.6013 70
0.729949 -20.0891 70
-10.6743 9.59251 70
-8.7706 0.688993 70
0.79471 -0.430513 70
-40.5684 -0.057337 70
-11.4692 -10.2012 70
9.28844 0.88917 70
-1.35132 9.98647 70
0.409735 9.25868 70
9.25644 8.96643 70
-8.5042 -11.4289 70
-1.17862 -20.17 70
1.08111 -8.55868 70
1.01812 -1.19124 70
9.71868 -0.736593 70
10.4428 -11.2574 70
1.29319 -0.282836 70
8.50439 1.02081 70
9.32103 0.910949 70
-0.0787492 -10.7168 70
20.3007 38.8581 70
-0.932563 -0.443733 70
-10.5162 0.343957 70
-8.63068 -20.1009 70
-39.3929 109.448 70
0.492783 -9.81235 70
1.02652 -11.4413 70
-30.4428 9.85684 70
41.0955 -19.1875 70
-30.3805 1.41051 70
-10.713 0.139668 70
0.877513 -10.6889 70
11.2169 1.41667 70
-9.2207 -10.0118 70
9.20222 1.147 70
71.4816 -19.1825 70
20.5677 -48.72 70
-9.42322 -1.43895 70
-0.655942 -0.418787 70
-11.3514 -9.9732 70
-9.1096 9.57847 70
11.2533 -50.0061 70
0.451825 28.7133 70
9.62595 -0.373547 70
-1.13523 -9.84972 70
-9.81111 20.8149 70
-10.808 20.6116 70
9.07769 -0.779345 70
-0.557999 -9.78672 70
11.2181 9.12329 70
-39.9158 -88.9754 70
-0.514507 -10.789 70
1.29226 -10.9948 70
-10.0619 0.963062 70
-29.3706 -10.9763 70
-11.4422 -10.1561 70
-21.0655 -1.40105 70
10.2118 -9.23886 70
-9.8898 -20.721 70
-1.46854 -9.89425 70
-0.303137 -8.80227 70
-29.2284 -19.024 70
1.29728 -10.7952 70
-29.8233 9.74969 70
18.7177 -8.78032 70
21.3393 -20.7213 70
-0.364681 -0.660673 70
9.3829 -48.6928 70
-11.2744 1.08875 70
0.65269 -10.4857 70
-0.51269 -9.23965 70
1.03868 -10.6652 70
-11.4331 -10.4935 70
-0.209257 29.8305 70
-0.637888 -11.0835 70
9.99337 30.1905 70
20.1648 39.3023 70
-0.58266 -0.189736 70
1.1186 0.948469 70
-10.7073 -29.8499 70
0.820635 -10.9373 70
-40.54 41.4029 70
9.74948 10.5634 70
-1.0668 0.159796 70
1.46536 8.50795 70
-20.5736 20.3817 70
39.1756 -30.2638 70
-0.351139 -9.37569 70
-0.667827 1.16833 70
-21.4483 -20.4802 70
1.37958 -9.18937 70
-0.377719 0.568754 70
8.84576 -19.3628 70
20.9411 20.0418 70
-0.699591 -0.224249 70
9.28439 -29.2177 70
8.97707 18.6637 70
-9.48106 1.08853 70
-1.35243 -8.93203 70
10.5921 -9.91703 70
10.4695 -0.0689292 70
-1.07173 -1.4896 70
19.8305 -31.0742 70
-19.4627 10.8874 70
-1.49932 -0.335415 70
-19.5332 -18.61 70
-11.0071 -0.753692 70
-10.9501 9.61163 70
0.788086 -0.399609 70
-21.2148 -0.322586 70
-1.16436 -9.59028 70
-10.8422 8.65583 70
0.705448 -10.2 70
21.1074 -30.8317 70
-0.353319 -10.4569 70
1.00139 -9.19501 70
-10.0631 0.0208098 70
-1.18948 0.74663 70
1.40906 0.22246 70
-1.17391 -1.35721 70
0.673915 -8.75538 70
0.547974 -9.8391 70
0.675841 -0.380961 70
20.0423 11.2744 70
9.76575 -19.2906 70
-0.580239 -8.61017 70
-11.3819 -20.2798 70
-10.9047 -9.94636 70
-1.47007 -10.8271 70
9.06363 -8.56652 70
-11.2607 -1.11901 70
-0.220361 0.778893 70
-10.0143 -0.955297 70
-0.911101 -10.4399 70
1.37495 -10.1752 70
-19.2557 10.0126 70
-10.988 11.4519 70
1.07375 -19.0217 70
1.27727 -0.741362 70
-1.19787 9.1517 70
-9.50187 -11.1708 70
-0.0496947 1.01102 70
-9.73551 -9.34897 70
-1.44729 -11.4744 70
10.4367 -10.6039 70
19.0926 -31.2945 70
-30.2624 -9.53637 70
21.4454 -20.0611 70
-9.96054 -1.08231 70
20.4388 -0.530868 70
-0.728054 -0.985787 70
1.1575 -18.6129 70
-0.28802 1.16034 70
29.8943 -0.681496 70
9.53203 1.33439 70
-0.400982 -1.00292 70
29.6345 0.598468 70
-1.17773 -0.297129 70
-8.7364 -9.65651 70
-18.8713 -51.0454 70
9.90922 -10.669 70
-21.0421 20.155 70
-0.889299 19.616 70
19.718 0.900368 70
-10.7176 -30.9847 70
9.33952 -9.1682 70
-9.13684 0.133408 70
1.14247 -10.3706 70
-9.6296 -30.8686 70
-38.5186 -29.7692 70
-0.0568401 -8.68981 70
1.36051 9.76711 70
1.32068 -0.129418 70
-0.492422 -0.470696 70
-0.936435 1.49681 70
-0.384648 -0.0438931 70
0.407836 1.23445 70
30.1426 -10.5193 70
20.577 -30.097 70
-70.5668 10.9286 70
38.7122 -60.9638 70
8.82926 -10.0836 70
-10.6326 -0.311339 70
9.65172 -50.0474 70
39.3108 8.96815 70
20.7217 -21.3967 70
8.53726 -20.732 70
18.5798 -8.97068 70
10.9833 0.0848267 70
19.3706 0.236575 70
9.43224 11.1797 70
9.36211 -9.78965 70
-0.453823 -0.359431 70
79.2259 10.5065 70
-0.759733 -1.13919 70
1.09297 8.97571 70
-0.993889 -0.999853 70
1.41926 0.122197 70
-9.1439 -8.9271 70
1.36543 0.793329 70
-18.5562 -0.484172 70
59.3316 -29.0834 70
0.673825 1.0411 70
-0.0857055 -9.65682 70
0.34642 -10.6742 70
-19.1511 21.0487 70
-9.02978 -10.865 70
-1.34195 -0.49718 70
31.377 11.4055 70
1.42958 -10.5734 70
-19.2794 30.4515 70
0.589464 -9.76104 70
-1.00916 -10.8185 70
-0.856851 -20.2185 70
-29.6467 -19.0951 70
-19.9398 19.456 70
-1.34466 -1.37035 70
-10.7531 -29.9054 70
9.91895 9.1017 70
10.2747 -11.3489 70
-9.41555 20.8221 70
9.07933 1.07781 70
-18.5085 -10.8735 70
-10.5326 -1.20398 70
-0.873862 -0.960077 70
-8.73665 -11.1465 70
10.6127 10.8068 70
1.41885 0.804377 70
-0.590393 0.857768 70
0.742077 -0.391195 70
-19.7302 -10.778 70
1.36644 1.2437 70
-49.6099 -0.333304 70
-0.339102 -10.1556 70
0.690327 0.370458 70
-9.04972 -19.9702 70
9.35028 -0.160252 70
20.2225 -10.5722 70
-9.6867 -10.0431 70
-0.502007 -10.5538 70
-0.554211 -10.8891 70
-0.363505 -10.2761 70
-1.04539 9.60939 70
-0.169173 -11.1182 70
-1.44482 0.0313121 70
-38.9077 28.9235 70
-11.499 1.47776 70
-61.3994 -71.3762 70
21.1415 -19.7171 70
-19.9184 -0.082146 70
1.30472 -30.2956 70
1.22095 0.186572 70
-0.804822 0.297298 70
-9.28062 -19.3197 70
-9.50412 0.952552 70
-21.0615 -9.20556 70
-10.2545 -0.825468 70
8.59898 20.304 70
10.4853 20.6083 70
19.2849 -10.0111 70
21.4928 -9.74761 70
0.171843 -11.2626 70
-20.18 10.5168 70
-0.311247 -9.26231 70
-0.815776 -1.01267 70
-10.6669 -19.9159 70
-0.00203518 -9.44289 70
0.199558 10.3373 70
0.904079 0.3963 70
-11.3661 18.7565 70
-11.3505 -8.93355 70
10.4891 -11.0356 70
-21.1544 0.84756 70
-20.1381 -0.035436 70
0.533034 1.3348 70
-1.03787 -19.3165 70
10.2497 0.576331 70
-0.59561 0.377315 70
-0.724643 1.27296 70
1.13219 -11.3115 70
-21.3271 -20.2755 70
38.6081 28.7066 70
30.218 -28.768 70
-10.6611 -9.14328 70
-18.5025 10.9057 70
-20.5228 -19.705 70
-19.9523 -20.2798 70
-0.358422 -11.0377 70
0.414111 -0.356336 70
-0.103963 -11.2949 70
-8.69809 -20.3462 70
0.722394 1.29844 70
30.7457 20.3812 70
-19.2037 0.0342783 70
-10.9176 -9.62309 70
-10.6366 -9.51947 70
0.840806 -30.9099 70
10.8291 19.3116 70
-1.41959 -11.4566 70
10.9471 -31.3345 70
0.955576 -9.78322 70
8.54563 1.22082 70
-71.1268 -50.3893 70
0.941826 0.442214 70
-9.56177 -10.4805 70
-9.51213 -9.45625 70
-9.29159 -9.64097 70
-0.768727 -0.610672 70
-1.25046 -30.4904 70
19.6785 -89.6177 70
-9.60663 0.176852 70
-8.7862 0.838726 70
-1.22451 -0.957015 70
0.600329 0.735432 70
0.114077 0.0339598 70
1.12766 -0.789091 70
-8.77924 -0.978097 70
8.64102 -1.38121 70
-10.0362 -8.55544 70
-11.3573 -11.4175 70
20.6777 -0.63201 70
-18.8481 -9.05818 70
8.88222 -10.2882 70
-10.3849 -9.84862 70
0.360635 -11.082 70
-0.437333 -8.75249 70
0.142054 1.2544 70
1.30112 9.11785 70
-9.72672 -9.99595 70
-0.263605 -9.7481 70
9.0469 -9.1176 70
1.33253 -9.06141 70
-1.36182 -0.139818 70
-8.956 -0.075607 70
-1.34576 -10.4624 70
0.538978 -8.55386 70
10.4714 -1.07035 70
-1.14765 -8.83391 70
-1.39783 -0.130693 70
-0.0510726 -10.0685 70
0.141408 -1.20284 70
11.2001 -10.2643 70
-9.37606 10.1537 70
-1.01695 1.05686 70
-9.15009 -1.40774 70
-71.02 -8.60542 70
0.648249 0.855915 70
0.582953 11.4532 70
8.82255 0.14498 70
-19.0131 -0.550141 70
-31.0297 -10.4019 70
-11.2317 -1.29473 70
-0.912497 -10.4022 70
-19.0835 11.0561 70
-0.252068 -30.5903 70
0.417832 -10.8012 70
1.30099 0.50281 70
-0.71069 0.538037 70
-29.96 10.4179 70
0.200414 0.842255 70
8.57464 0.904733 70
-0.398015 -1.17667 70
-1.42568 0.0289818 70
9.93673 -0.907882 70
8.85435 9.72237 70
0.158874 -1.17721 70
-49.0429 59.938 70
19.922 10.9667 70
0.224925 -30.9911 70
-1.45022 1.00983 70
-0.452673 -0.356713 70
-0.629976 0.79361 70
9.83445 -0.870311 70
-0.614702 -10.0416 70
1.39328 -0.738561 70
-0.062505 0.117163 70
-0.635027 -8.54155 70
-11.3753 -1.05346 70
69.16 0.183307 70
0.806209 0.954276 70
8.60861 -10.3907 70
9.89606 -11.1513 70
10.4668 -9.7439 70
-18.6788 19.95 70
-28.599 -19.1389 70
-1.28605 -0.328886 70
40.4297 9.2363 70
-10.7937 10.2352 70
0.548097 -9.15579 70
-1.1613 -9.04661 70
10.7828 -1.44828 70
-21.0517 0.0324982 70
-19.2238 1.38938 70
-0.0186942 -9.68889 70
10.9564 21.4667 70
10.5386 -9.38272 70
1.20173 -10.0206 70
18.5461 10.426 70
0.355144 -19.304 70
-1.41873 -19.2649 70
-9.19351 -10.9396 70
-8.99716 20.6101 70
-10.4679 9.63418 70
-0.295917 -1.13753 70
1.06725 -1.37086 70
18.7724 -11.3682 70
-10.9366 19.7779 70
-19.277 -0.977331 70
0.303009 -11.0438 70
-1.32002 1.00991 70
9.67667 -11.419 70
0.523361 -21.376 70
-21.3194 1.47781 70
-19.1245 29.3687 70
18.9755 10.0514 70
-1.26059 0.257808 70
1.47935 -0.943045 70
-1.32379 -0.88399 70
-0.959072 1.18698 70
-21.4285 -11.104 70
-11.0793 1.15971 70
-20.1394 -11.2691 70
-0.56927 -11.2536 70
1.1833 0.829761 70
-0.326105 -0.43022 70
-0.94206 -9.312 70
0.387495 -8.68734 70
-10.241 8.82246 70
9.13284 0.461188 70
8.689 -1.45617 70
-0.166688 -9.9763 70
0.0678058 10.2886 70
1.26339 -18.7223 70
-9.64799 -41.0313 70
0.465083 -11.3491 70
-10.1429 -0.446752 70
0.433665 -10.0978 70
-9.7073 0.825178 70
-9.14563 0.928152 70
0.700691 -10.5632 70
0.991315 -0.517226 70
20.1217 9.29232 70
-0.454334 -9.68115 70
-1.05429 0.194134 70
0.0948688 -10.4252 70
11.3241 -9.06248 70
0.747647 1.00181 70
9.18186 -19.0334 70
0.304728 -9.71315 70
11.3054 -19.9638 70
-28.6891 -11.297 70
20.1493 -100.539 70
-9.09134 10.2213 70
0.0405729 -10.2963 70
40.1849 29.0356 70
-10.2278 -10.2379 70
0.214835 8.63039 70
-0.89335 11.3825 70
-20.6764 -19.3991 70
-0.448854 0.134083 70
-20.6584 29.1656 70
-0.545897 -1.38855 70
121.111 38.5947 70
19.5206 -11.4783 70
0.705681 -0.968395 70
-0.115867 0.354554 70
1.2125 -11.2878 70
10.6921 -20.0696 70
20.2389 -10.8677 70
21.3816 -9.80739 70
0.966943 9.30152 70
0.927404 -1.20053 70
0.121395 28.7856 70
1.45446 -1.16508 70
0.704369 0.322946 70
10.4525 -20.6509 70
-30.2368 -20.0821 70
-0.324509 -9.42421 70
-0.55324 -9.83065 70
0.192165 10.0007 70
-9.42525 0.793316 70
-10.7325 8.97551 70
11.335 10.9416 70
30.4775 31.0087 70
-1.27071 -0.0282684 70
0.045908 0.131355 70
-8.96198 -39.762 70
-10.7297 60.55 70
-10.6937 -1.43553 70
19.6544 -19.7334 70
-10.9399 -8.89797 70
0.146265 -9.46496 70
-0.0606865 -0.795915 70
-1.20211 -11.0583 70
-9.33263 0.632976 70
110.483 38.8383 70
-8.59499 0.876146 70
-9.11456 -0.702366 70
1.31481 0.61114 70
9.31641 -0.076784 70
18.991 9.69536 70
-40.925 -19.1135 70
1.36986 -8.86295 70
1.14677 -8.83363 70
-0.81157 -11.1045 70
9.18623 -10.3616 70
-0.550347 -8.9442 70
-1.25114 -0.505442 70
-1.49566 21.1762 70
-8.94003 9.68177 70
-1.23481 -0.830909 70
8.51168 9.35876 70
9.51589 -0.193601 70
0.616494 -9.69934 70
10.5799 -10.7205 70
10.4476 -10.5438 70
1.08384 -10.308 70
-9.744 -8.81774 70
29.4262 -29.5679 70
10.0716 -0.797599 70
-10.9608 -8.78886 70
30.6274 -1.00832 70
0.721004 1.3451 70
-9.61304 0.445834 70
-0.458275 0.0984613 70
1.29367 -9.74497 70
-0.283459 -0.957789 70
-20.3121 -1.07039 70
0.44719 -0.203553 70
18.5284 20.3215 70
-0.874034 -1.34386 70
-20.749 18.6247 70
-1.12213 -0.514786 70
0.744196 -9.625 70
-1.30379 -18.5934 70
0.375966 1.46394 70
0.163635 -0.780969 70
1.19013 -11.3248 70
-20.9526 0.459185 70
1.09965 -10.5444 70
0.836494 -11.3904 70
-9.51035 -9.47626 70
-20.1888 -9.25847 70
-0.835762 -10.0822 70
-20.2 -0.614153 70
-9.63726 -1.1526 70
1.0118 0.0979132 70
-9.97248 11.4086 70
-0.445823 -21.0676 70
-110.009 10.1572 70
-110.15 8.5284 70
-0.800638 -10.379 70
-8.65324 -0.689955 70
18.5749 -9.68226 70
9.38126 0.700845 70
9.42843 -10.6095 70
-0.739466 -11.0683 70
-1.10765 0.471588 70
-10.0235 10.1587 70
-8.51729 11.4272 70
1.08385 -9.92551 70
-11.3149 -1.12977 70
1.39175 -9.1095 70
-1.4811 1.18508 70
39.0317 -10.0877 70
-1.07115 -19.4686 70
-1.49388 -9.20144 70
-0.661867 0.997521 70
-11.3806 -110.659 70
8.73352 -0.500831 70
-10.2972 9.81857 70
9.22077 8.7265 70
0.0273351 -0.583886 70
-19.7734 -30.4432 70
-19.5838 -21.2741 70
-20.6996 -18.9315 70
-20.6337 -20.3875 70
49.1834 29.4065 70
21.4379 19.4198 70
-1.08348 -18.6351 70
0.789101 1.48278 70
-0.431413 0.0733272 70
-11.4508 1.37052 70
-0.0316265 -0.878023 70
-10.0275 -1.42067 70
-10.7348 -8.77236 70
41.3617 18.5401 70
1.34507 39.7562 70
-0.593882 39.7182 70
-0.521196 0.362152 70
21.4675 51.4714 70
50.7261 -90.8236 70
8.55619 -9.73882 70
-50.3627 -39.8352 70
-49.1847 10.932 70
1.19567 -0.258981 70
-10.1192 -30.6602 70
-1.09783 1.04281 70
-11.1792 -11.257 70
-0.99454 0.95663 70
-0.0922576 -1.35861 70
20.8204 11.1813 70
-8.66282 -11.444 70
21.0239 -8.79568 70
-1.43318 -11.0894 70
-0.163233 -0.991366 70
-9.56208 -0.185122 70
0.114933 10.6032 70
11.1978 0.895634 70
-20.4355 -9.64401 70
-1.45123 -1.24734 70
88.8081 -68.8966 70
0.513531 9.49614 70
1.3917 8.85742 70
1.24998 0.0670278 70
-10.9781 -9.68715 70
-0.0808864 0.513032 70
18.6657 -29.9206 70
-10.9051 -8.81954 70
1.31673 0.392354 70
-0.325647 0.273607 70
0.046257 1.19784 70
-31.3799 0.631294 70
-49.2685 -0.315435 70
-49.6055 0.685891 70
-0.649186 -1.47707 70
9.73065 9.0864 70
31.331 -10.3969 70
-1.45472 -1.09574 70
-11.0211 -11.3521 70
10.7622 0.356329 70
0.201688 0.111092 70
-0.478925 -0.194151 70
20.5522 -18.5252 70
-10.3994 -11.083 70
-0.359832 -10.7463 70
10.8737 0.956808 70
11.0581 -0.335452 70
0.92085 -10.5741 70
0.588103 -20.1531 70
0.301655 -10.7303 70
1.17838 -10.2133 70
-0.0269767 -10.9253 70
0.120288 -0.929205 70
-0.903632 -1.45366 70
-1.46015 -8.99239 70
-0.0380207 28.8271 70
0.335721 -9.86489 70
0.543739 -9.50763 70
18.8883 20.9294 70
18.9061 20.5179 70
-1.44706 -20.6857 70
-9.46105 9.87102 70
19.2653 -10.0741 70
-10.534 10.5266 70
-9.26705 8.95919 70
0.846963 -0.711576 70
0.702359 -8.62933 70
-9.51991 -0.95281 70
-8.84062 -11.4606 70
-1.17314 -0.346805 70
-0.286471 -20.1124 70
9.66861 -9.70541 70
-0.650422 -11.1857 70
-11.0467 1.22611 70
-50.5408 -9.31799 70
-0.285741 10.8964 70
1.42452 -0.365965 70
-29.0258 -11.4383 70
-9.46388 -8.91016 70
-1.2169 -49.3681 70
1.42287 -31.1812 70
-1.13092 -1.10037 70
1.20213 19.4476 70
-8.59423 -10.8934 70
-19.7136 -29.1344 70
0.741248 1.42414 70
-11.4991 -0.134807 70
10.3818 -8.84616 70
29.0588 49.557 70
0.84131 -9.0615 70
-10.0703 -10.3563 70
0.465748 0.834605 70
1.29867 -0.920322 70
18.7593 -8.53973 70
-1.47599 -0.141847 70
-10.9354 1.39108 70
-0.65917 10.8595 70
