18.7792 0.460667 70
1.14921 -0.216844 70
1.37353 -1.23076 70
-70.1712 -29.4593 70
-0.465218 -8.61464 70
0.479211 -0.265789 70
-40.161 19.2773 70
10.0765 -9.89028 70
-0.883279 21.2291 70
-1.20214 1.43268 70
0.207802 0.644638 70
-20.8533 0.411369 70
-0.0197176 0.651316 70
0.570014 -0.869731 70
10.414 1.43762 70
10.0334 -9.61663 70
-0.651484 0.114722 70
0.5915 0.960467 70
-1.33607 1.49745 70
-0.560285 -0.551623 70
-11.3413 -0.0949706 70
-0.983696 -0.0290832 70
-0.70917 1.28112 70
-80.3887 60.8301 70
-10.2547 0.286397 70
-1.11904 0.244445 70
-1.47802 0.576066 70
1.38508 11.4159 70
1.26986 0.0566528 70
-39.6301 -38.9493 70
-38.6557 -40.7094 70
0.563368 0.573214 70
0.75847 -10.2188 70
0.247126 -9.96284 70
9.76119 -0.462887 70
20.1187 -0.924505 70
0.432618 0.263751 70
-31.4624 -20.6099 70
-0.148858 1.39629 70
21.3437 -29.0433 70
-9.94102 -8.75373 70
0.685184 -9.60092 70
0.597199 -11.0332 70
1.14336 1.42599 70
-9.35485 8.73849 70
-0.689386 -0.0807551 70
10.3601 -29.7753 70
-20.6424 40.2493 70
9.46593 0.798929 70
0.698254 1.40845 70
10.0895 9.00549 70
21.3291 21.3342 70
-1.26924 -0.265905 70
0.728216 39.4675 70
10.4484 19.6824 70
-0.108543 -0.0138321 70
-8.77667 -10.409 70
1.29561 8.79107 70
10.2349 -10.9394 70
11.1772 -9.77449 70
-9.63589 -10.6326 70
-1.00707 -0.97341 70
-8.7407 0.61744 70
10.4493 10.1232 70
-1.35398 -1.03567 70
-1.30365 10.3703 70
-0.172482 9.50911 70
-29.9106 -19.2811 70
-0.340688 -1.40665 70
-9.28258 31.451 70
-21.3302 20.2547 70
9.99982 8.75383 70
-0.937343 0.046208 70
20.6381 9.62951 70
-1.15157 0.84756 70
8.57996 0.365259 70
-10.6823 1.16225 70
21.2235 9.58439 70
-0.548975 -10.896 70
9.59877 51.4117 70
0.323056 9.58044 70
-10.164 -0.211576 70
-1.22621 -1.26191 70
-20.42 1.02419 70
-0.0438744 29.1231 70
0.396272 -9.96452 70
0.371406 1.06109 70
1.37372 0.82757 70
1.12397 -0.381714 70
-9.17877 1.43174 70
0.592228 -0.272642 70
-1.37369 10.6609 70
-1.20579 0.0783298 70
0.396403 -1.24506 70
-29.9265 -49.7539 70
9.29199 0.0707873 70
-0.322029 -1.20566 70
-10.4599 8.5939 70
1.37452 -31.1084 70
1.292 1.01255 70
0.732899 -0.565271 70
1.24867 8.94522 70
0.265572 -11.2877 70
9.65013 -9.11292 70
0.916253 -0.752612 70
0.411682 -1.29573 70
-19.5691 -31.1249 70
0.472127 -0.980699 70
0.391722 0.522529 70
21.0473 -39.008 70
1.39762 10.8782 70
0.330053 8.9954 70
-1.28617 0.476202 70
1.145 -0.926582 70
-0.677905 0.297621 70
8.65606 0.352832 70
10.2501 1.07113 70
10.8438 0.252781 70
-0.322968 0.129699 70
0.428121 -1.04053 70
0.175748 -0.915812 70
-9.8957 -40.8388 70
-9.25216 -39.7541 70
-10.1155 -8.65784 70
11.3249 0.481661 70
-1.33623 0.903556 70
-0.76095 0.985338 70
-1.49364 9.92796 70
0.414117 1.43141 70
-11.4136 0.101812 70
1.44152 0.457351 70
0.356924 11.0159 70
8.9412 8.64461 70
-1.44545 0.75283 70
-0.245148 -0.702538 70
-9.71313 60.6234 70
-8.54171 9.82746 70
19.3356 30.3413 70
19.427 10.4772 70
-9.41898 -0.563432 70
0.808811 0.0519677 70
-0.542895 -0.867611 70
-9.64208 9.57763 70
-8.90907 9.81367 70
-10.8638 -8.83828 70
1.38108 -0.945235 70
-1.15482 0.153122 70
-0.694906 40.8507 70
-1.15541 20.0551 70
-0.95039 8.68017 70
-9.4896 1.37582 70
11.2569 -10.8182 70
-9.48142 -50.4121 70
-0.689278 0.806622 70
-0.191596 -0.0552783 70
-0.23366 1.01176 70
0.478924 0.568938 70
-1.33379 0.923716 70
11.3113 10.5016 70
-0.349086 0.437969 70
-1.23329 0.601244 70
-0.189408 -20.3909 70
9.02854 1.23274 70
1.41933 0.112788 70
-0.458548 -0.462541 70
0.596002 -1.21116 70
10.5503 0.701865 70
10.3842 -1.46447 70
-0.78407 0.137332 70
0.952301 -0.678468 70
-0.407416 0.245228 70
10.9211 9.7222 70
-31.1512 -31.2764 70
-28.6388 -31.0924 70
-0.936085 -0.740147 70
0.719674 -0.191504 70
-0.429151 1.09359 70
9.32229 -20.0412 70
-40.5953 20.1653 70
9.72002 8.79009 70
10.8254 9.31626 70
-0.120576 -10.4177 70
9.23623 1.33407 70
1.18612 11.4222 70
30.4233 -9.35252 70
-10.593 -0.503816 70
0.562074 9.39178 70
0.67582 -1.04392 70
-9.91933 9.50494 70
0.961177 -0.324946 70
-10.5161 9.00018 70
-10.6258 9.30967 70
-9.24964 9.662 70
1.17119 11.1721 70
-0.795347 1.37641 70
-1.46447 -0.968613 70
20.4686 -8.50172 70
-0.985831 -0.410251 70
9.8874 -8.55269 70
9.15482 0.380348 70
1.37486 -0.218933 70
9.26804 18.7806 70
9.12661 19.4891 70
1.42042 11.213 70
-0.929901 9.1566 70
-18.8637 -30.984 70
0.834581 9.6322 70
-11.0963 0.57742 70
-0.546381 9.98669 70
-20.5768 -0.0538462 70
-20.0977 0.192819 70
-20.1096 1.34677 70
-8.76891 11.4082 70
-1.38493 -10.2865 70
0.277497 -9.82645 70
-8.68153 -0.724176 70
8.60357 -8.60337 70
39.8199 -28.8612 70
-0.902276 0.00698268 70
0.8956 -8.90701 70
0.140169 -0.306737 70
-10.0328 0.664675 70
0.518815 8.77986 70
-0.29441 0.0860456 70
10.4375 18.8918 70
-19.1803 31.1603 70
-21.1941 29.9564 70
0.340711 11.2642 70
10.7878 -19.8628 70
0.515315 0.213326 70
-1.485 0.156001 70
0.788446 10.7171 70
-1.07486 0.726853 70
-0.794866 -20.0626 70
-29.6978 -19.9364 70
-29.8896 -19.7286 70
0.763538 10.6648 70
-30.2959 29.0328 70
-8.57279 0.886714 70
-8.50525 0.978092 70
20.7145 -8.97486 70
1.44757 -0.442037 70
9.57655 -0.683276 70
0.203263 21.4765 70
20.6962 28.7331 70
11.1116 30.4353 70
-0.875781 9.93095 70
-0.658908 0.0510082 70
8.82222 -10.2028 70
9.1765 -9.13056 70
11.357 0.189817 70
19.825 8.58376 70
0.570996 1.05356 70
10.906 -0.71188 70
-8.75564 9.56198 70
0.39845 -0.641139 70
38.8807 19.1197 70
61.2688 -30.1621 70
-1.07558 0.799696 70
28.9687 -9.36797 70
-9.51677 1.02518 70
1.43189 0.442792 70
-10.0486 -9.81675 70
21.0923 10.087 70
-1.12195 9.49742 70
-1.12497 9.85649 70
0.377065 0.926915 70
-1.1683 0.425358 70
10.0314 0.263583 70
-10.7753 28.5583 70
-9.15223 31.0407 70
10.5321 8.81949 70
8.94607 -8.86366 70
0.939328 8.56659 70
10.0207 0.440694 70
18.7785 -0.25211 70
1.34314 -1.35427 70
10.2785 -9.29707 70
18.9612 -49.0825 70
-11.2373 31.2764 70
1.25766 1.36942 70
0.233857 0.842861 70
0.347153 8.54775 70
-28.7779 -30.3598 70
-9.35602 1.39564 70
10.7919 1.06892 70
9.30668 11.1777 70
-0.607046 0.163533 70
-8.63809 10.8787 70
-11.4361 59.5946 70
-0.834245 -1.18245 70
18.936 29.4349 70
-1.16676 -1.05554 70
-8.72268 19.7294 70
-0.0598289 9.31535 70
10.1526 0.0355195 70
-9.41135 -19.2751 70
40.6616 -29.8272 70
9.51298 -18.5227 70
-0.565762 -1.26101 70
21.4116 -18.6 70
-18.7686 1.06947 70
1.46691 0.63871 70
1.3037 11.3792 70
0.731571 0.668864 70
9.73671 9.22849 70
-0.0273486 0.847939 70
-0.361468 0.221597 70
21.0357 1.23814 70
-11.1204 -1.32942 70
-9.95894 0.33439 70
-0.0979349 -19.5748 70
0.307669 -21.4923 70
8.5906 -9.56669 70
-30.1683 -10.4113 70
-0.11952 19.4825 70
0.590543 19.0167 70
-1.04848 -1.03465 70
0.886903 0.673979 70
-1.18277 9.06872 70
19.1025 9.42944 70
-9.29082 8.90067 70
70.3697 89.3188 70
70.8716 89.7474 70
70.1482 91.2089 70
-9.64705 -1.11741 70
-11.4762 -9.42126 70
0.884972 11.0367 70
-1.39873 19.4367 70
-39.4075 18.7602 70
-0.606233 0.348524 70
0.181553 10.4545 70
-9.462 11.0677 70
-0.584877 9.26897 70
-0.184465 0.896085 70
-0.266956 11.3398 70
-28.9368 8.89663 70
-30.306 8.66278 70
-29.1681 31.377 70
10.7735 1.18724 70
11.3185 0.278532 70
-0.994543 -9.12322 70
-20.5725 -8.93477 70
-0.0452818 -0.216259 70
0.805009 1.33063 70
-1.23669 0.778657 70
-0.436676 10.9703 70
-8.62343 0.0603025 70
-1.12735 11.3717 70
-0.038463 -1.24181 70
-0.957026 -0.703991 70
-1.03181 0.600427 70
-0.536319 9.25818 70
10.7028 0.775604 70
10.4446 -29.5887 70
0.344495 -0.550974 70
-8.70506 -21.341 70
-0.497902 -39.4487 70
10.1445 0.595427 70
1.38339 0.891284 70
0.778087 8.71628 70
10.9171 -11.2488 70
-0.0433809 -0.0441904 70
0.591742 0.496142 70
0.166225 -0.20749 70
0.468295 -20.7017 70
21.0738 21.2011 70
30.2654 -18.6384 70
10.8056 -1.015 70
8.85227 0.879913 70
-11.0331 0.522896 70
1.28254 -0.028892 70
1.04078 11.1408 70
-1.27277 9.94411 70
-20.2383 11.1827 70
-19.588 58.9552 70
-20.4462 0.420384 70
29.7986 39.6218 70
9.7263 8.69763 70
0.550651 10.7588 70
1.4788 50.1038 70
-11.399 29.7928 70
18.9931 19.4667 70
0.685204 -0.9358 70
8.61455 -20.401 70
0.6488 0.389328 70
0.780874 9.24232 70
1.22221 1.28066 70
-8.56779 -0.734984 70
8.71322 11.3032 70
18.5382 -10.7204 70
-0.959426 -1.20689 70
0.496879 0.456251 70
-9.9655 -10.8142 70
10.3982 0.338338 70
-0.19899 10.6574 70
-29.3806 -1.38254 70
1.18431 -0.605349 70
0.297119 0.43266 70
0.56842 -0.0718103 70
-20.6277 -11.0077 70
-10.6118 11.2821 70
-80.4639 -10.1734 70
0.155322 -1.25513 70
11.2262 0.562097 70
-0.496912 -0.155882 70
1.1099 0.260831 70
1.41161 -0.333295 70
0.804725 10.5543 70
0.762607 8.74848 70
-1.16016 1.47258 70
-9.98369 18.7476 70
10.2879 8.68398 70
9.34712 -0.065424 70
9.08216 28.5469 70
-0.0127891 -0.323905 70
-10.304 -9.28426 70
10.1637 29.9934 70
10.1207 -9.48383 70
1.44281 0.982389 70
9.81881 -0.0557073 70
-0.00700273 -0.199775 70
-1.1656 9.87425 70
-1.48677 -1.44684 70
10.9591 -1.23906 70
110.953 1.10736 70
-11.3569 -8.5212 70
-20.5493 0.0834537 70
21.4431 -1.15853 70
0.829812 0.810199 70
-0.371283 1.36544 70
1.09894 1.32482 70
0.0842742 1.11745 70
0.670883 -29.5313 70
-60.8568 20.5268 70
-0.693105 0.140821 70
0.358663 19.5159 70
-19.8296 21.2003 70
-0.833104 -0.485596 70
-0.700278 -0.66888 70
-1.02111 0.987489 70
-28.6821 -71.2489 70
10.3901 8.59241 70
0.75804 -0.297482 70
1.36291 0.614395 70
-11.3807 -11.4858 70
10.3256 1.06581 70
9.84464 1.31346 70
-10.3365 -10.5554 70
8.6073 -1.13215 70
1.39482 -10.4338 70
-0.0376205 8.86785 70
-1.48053 -1.0066 70
-0.0469582 -0.647623 70
0.988827 9.71841 70
-0.800137 0.826507 70
-10.259 9.39831 70
-71.1999 -51.1054 70
0.419209 -0.0682083 70
0.490824 -0.243142 70
-0.573424 1.01146 70
-1.39827 49.9168 70
-1.21773 11.3865 70
-0.733498 11.1179 70
19.096 -21.3908 70
0.174688 0.334928 70
0.964075 -0.86105 70
-0.606644 1.21698 70
1.31015 -20.5332 70
-9.70309 19.5555 70
-8.72533 1.40441 70
21.4834 1.30609 70
-9.98483 -0.0323293 70
30.3302 -0.261032 70
-30.2767 -9.04634 70
-8.88127 -10.7622 70
-1.40118 0.491014 70
-9.63663 1.10832 70
-1.28209 10.509 70
1.42008 9.3259 70
10.1107 10.4353 70
-19.5706 9.10758 70
0.774078 1.12487 70
0.422604 0.404485 70
19.5647 -0.989389 70
-1.2675 -0.614943 70
1.33963 9.33233 70
0.190734 -1.34 70
8.50523 9.89657 70
0.50913 0.21844 70
21.2391 0.436791 70
0.847376 1.25717 70
-0.0444772 0.617632 70
0.0271857 -1.47342 70
8.81906 -1.31692 70
9.19092 1.0088 70
-38.7773 18.7316 70
-30.3573 -29.9047 70
-1.23869 0.295528 70
8.87391 21.197 70
0.901507 -0.530662 70
0.801424 -50.6718 70
20.0587 -10.4851 70
-0.325522 -0.24576 70
21.3152 -11.4433 70
9.6504 8.60674 70
-19.4389 21.4689 70
-10.068 -1.36576 70
-0.780815 1.11864 70
18.9155 39.7279 70
9.38278 -0.991375 70
-0.369624 0.678003 70
9.81933 28.6265 70
58.9723 31.3414 70
-0.699432 -0.474373 70
-8.67418 -1.35976 70
-0.876897 10.7014 70
-11.2738 -10.2374 70
1.09858 8.62716 70
-1.06704 10.4024 70
-0.55517 0.0308972 70
-30.8212 -0.960128 70
-1.17776 9.83724 70
1.4239 9.5129 70
-1.4183 0.885903 70
9.4258 -1.07194 70
1.44776 -0.0998834 70
9.04579 -0.644018 70
10.8449 0.73902 70
0.643893 11.478 70
1.02715 10.1087 70
-1.33857 -0.317421 70
-10.5406 8.56671 70
-8.81973 10.4697 70
10.8106 -0.481563 70
-29.9338 -20.3562 70
0.816742 0.557817 70
10.4926 -18.7336 70
-18.9724 -0.812654 70
1.19117 -10.565 70
11.3182 -19.7475 70
-1.43435 -1.27456 70
-0.517334 -1.4344 70
19.2311 -1.4408 70
-1.37298 0.104633 70
1.1894 -0.136039 70
-0.300643 10.4853 70
-8.85691 0.729788 70
10.2207 20.6382 70
-1.15235 -0.836994 70
9.58456 9.40746 70
-20.3168 19.5717 70
-1.35374 1.00755 70
-10.9773 31.1213 70
-1.22629 20.572 70
19.0583 21.0898 70
0.0853276 -0.84968 70
-1.42871 0.722701 70
-0.868771 -0.349329 70
0.469029 9.20631 70
1.49403 10.141 70
0.963438 9.80921 70
20.2548 -40.6867 70
-0.375766 0.448536 70
0.578072 0.714965 70
-0.272887 0.196988 70
0.442485 9.10658 70
1.12096 -0.122984 70
-9.19664 9.5964 70
1.48274 -1.31442 70
30.2548 9.9808 70
18.6987 -0.33485 70
0.133571 -0.391374 70
1.28049 -18.9878 70
-0.585235 -1.40846 70
-1.14203 10.7462 70
-0.116992 9.71963 70
-1.00128 -9.42461 70
10.3825 -1.0127 70
10.4988 1.1117 70
10.0896 -20.4962 70
19.4372 9.11933 70
0.336771 -9.4643 70
0.292771 -9.7008 70
1.33701 -0.75596 70
0.0624218 0.0689961 70
-0.585327 -1.36405 70
9.10482 -9.79256 70
1.27701 -0.60365 70
11.0023 10.0792 70
9.03552 -10.5427 70
1.40635 -10.5325 70
8.97612 -0.952643 70
40.8991 61.2634 70
-50.5958 -49.0385 70
40.9285 8.83131 70
1.02524 11.42 70
-48.5446 19.4064 70
-1.31136 8.78709 70
-50.1028 -29.1238 70
0.139679 -10.9688 70
1.3159 -0.349837 70
-28.7716 -11.2295 70
21.1696 -59.6807 70
18.8705 -59.7375 70
0.697008 -69.0764 70
-0.362545 0.197039 70
-0.872111 -1.16222 70
-0.220226 -1.48102 70
-21.0925 -31.2424 70
-10.4489 0.737797 70
-0.559748 -0.193993 70
0.505928 -0.965424 70
0.605625 -0.653104 70
0.677752 -0.240179 70
-1.32392 0.576388 70
0.791628 0.0697743 70
1.48897 -0.25962 70
-1.40797 -0.752897 70
-0.686327 -1.15817 70
0.276502 -9.14652 70
-1.3451 0.032326 70
39.0828 19.5546 70
-19.6188 -10.7779 70
-0.286749 1.39118 70
-1.48038 10.4906 70
-0.690663 0.488564 70
-0.938724 0.959101 70
-0.965785 11.385 70
0.901366 0.65915 70
0.0908251 -10.3779 70
-29.3249 8.96262 70
10.2783 -61.4463 70
0.852658 -1.32623 70
0.492337 21.471 70
0.337252 19.8419 70
-1.48606 -0.0255457 70
9.88688 -19.0616 70
-10.8916 -8.56352 70
-0.616295 -0.128943 70
-0.932419 31.0275 70
10.7258 -19.9964 70
0.807465 0.15968 70
-1.43693 8.91672 70
0.269305 -0.947767 70
11.2749 -0.958794 70
0.76095 0.661879 70
8.75297 10.2471 70
-1.16251 28.7164 70
-9.69866 19.8722 70
-10.0978 10.4014 70
-0.566642 -0.590149 70
8.58976 10.4899 70
19.2891 10.2212 70
-1.17465 1.39903 70
-1.35444 0.469321 70
1.24724 -0.492023 70
0.900679 1.41527 70
30.5006 8.93778 70
-90.311 90.4521 70
-0.660859 -9.98599 70
0.184656 -1.45341 70
-10.8093 -9.80203 70
-0.0945723 -0.936851 70
19.233 -0.684121 70
20.6023 0.316503 70
-0.70591 -0.244449 70
0.795457 -0.489546 70
10.9491 -20.9078 70
-1.03263 -0.282085 70
21.1798 9.77657 70
49.1753 -40.291 70
-9.90914 0.260439 70
-9.42231 9.35182 70
-20.3849 -51.0429 70
-0.7926 0.920192 70
0.227718 1.12612 70
-10.2844 -0.448477 70
0.279466 -0.181152 70
11.0318 -1.44418 70
11.4005 10.8786 70
-0.273966 -0.588865 70
-10.089 -11.2588 70
0.559572 0.776225 70
-59.2633 38.925 70
-0.715122 0.500934 70
20.2864 -0.39011 70
-1.26886 1.13216 70
-0.615011 0.26578 70
0.543584 -0.293859 70
9.10306 1.28769 70
-8.91325 -20.3381 70
21.1747 11.1963 70
-0.432021 0.613617 70
-20.2764 9.59262 70
-19.986 10.5817 70
-0.36839 9.59645 70
8.65842 20.295 70
-8.79282 -0.588578 70
-10.9956 10.1503 70
0.57791 -0.599546 70
10.562 -11.1357 70
-0.453976 -1.23635 70
-1.22163 -0.933108 70
21.4842 8.58084 70
31.0787 19.1158 70
1.19738 1.21453 70
8.57956 9.02482 70
1.21692 -0.519424 70
-0.361819 -0.800669 70
-29.7511 9.03135 70
0.501765 21.2489 70
-0.0838312 -0.663366 70
28.8397 50.0232 70
0.271499 10.0705 70
-9.88122 -20.3332 70
-10.9641 -20.6883 70
-1.24452 0.686709 70
-1.40465 9.09181 70
1.20803 1.1823 70
1.05238 -0.078981 70
-8.69999 9.95166 70
-0.977379 -0.112204 70
1.15282 9.38376 70
-11.0804 11.1155 70
30.9902 8.74003 70
-1.47934 8.54943 70
-0.29408 30.8437 70
28.545 -21.0159 70
0.498052 18.6417 70
-8.69349 1.29039 70
-30.3881 -30.2973 70
10.9257 11.0018 70
19.4396 20.4909 70
-0.814712 -0.281793 70
19.169 -29.6003 70
-0.329075 0.875876 70
9.58165 10.7881 70
9.37907 19.2364 70
-0.717978 18.9459 70
-10.9799 -19.1447 70
-1.29102 -0.385082 70
8.89932 10.7958 70
9.27342 9.24931 70
0.420041 -0.865555 70
9.10835 -0.481499 70
-1.4296 8.88376 70
9.3669 -9.13977 70
28.8715 -51.2851 70
-1.29523 -1.21243 70
-0.0162953 8.72495 70
41.1995 21.1578 70
10.998 29.6126 70
-30.9127 20.3515 70
0.587513 0.379603 70
28.5018 -21.4693 70
0.792752 -38.5131 70
-0.668279 0.287164 70
11.0758 11.1089 70
-0.486689 -0.964163 70
0.0677325 20.879 70
0.503798 -1.4487 70
-0.293816 8.53276 70
10.4573 19.4397 70
9.94186 9.73504 70
8.78709 18.9732 70
1.0341 10.4068 70
10.0141 9.63956 70
9.97768 0.968024 70
0.0386819 -0.367914 70
1.34395 0.0122907 70
-1.00961 -9.52968 70
-1.36553 9.29083 70
-0.698989 -10.1067 70
0.298907 -9.58195 70
-0.595841 -0.401627 70
19.0834 10.26 70
0.220589 9.33986 70
9.81258 0.3287 70
-0.279275 0.700124 70
28.886 19.8668 70
0.462096 -0.199791 70
1.21664 -10.1678 70
1.49742 1.19254 70
-0.281347 0.0501703 70
10.2198 0.520626 70
11.0712 0.342443 70
-8.54078 -11.3632 70
-0.668776 1.47263 70
-0.738154 -20.2528 70
-0.690391 0.744609 70
-0.200781 9.06447 70
-1.08657 0.287649 70
9.22301 11.0354 70
1.14269 -1.22263 70
-1.09557 -0.27498 70
11.4613 -8.91655 70
0.758983 -1.40227 70
48.7059 -9.53539 70
0.846866 0.360965 70
0.528677 -1.41489 70
-10.6063 -1.36033 70
