10.3448 -8.79858 70
-39.8677 -39.9022 70
39.5491 28.5674 70
1.49418 -0.0145397 70
-1.31621 -20.7333 70
8.70024 0.846677 70
0.592689 0.0820336 70
9.41498 -9.19753 70
-8.584 0.629388 70
0.598343 -0.736609 70
-0.13483 0.934323 70
1.1488 -1.14555 70
1.32938 0.0542312 70
-0.950294 -0.863898 70
9.21068 1.43918 70
-0.593727 -8.92866 70
-1.47074 -10.7598 70
-0.40389 30.3697 70
-10.8975 8.95562 70
0.561 -0.722045 70
-0.0576584 0.45251 70
0.512402 -0.433065 70
9.71399 9.24035 70
-0.236152 -9.99299 70
-29.1915 -29.0277 70
-0.513866 -60.6985 70
19.8689 0.834753 70
1.00109 -0.41206 70
-1.01785 8.82776 70
-9.09777 0.863799 70
-0.966881 -1.26209 70
-1.09351 1.49867 70
11.1892 9.84757 70
-10.0286 -0.937418 70
-10.098 0.20456 70
1.37789 -0.848425 70
8.9658 -0.490674 70
-0.218799 -0.924963 70
-0.188689 0.515565 70
-1.46607 1.2072 70
9.721 -10.1864 70
0.915914 20.6079 70
0.893868 -10.6481 70
-20.5496 8.89471 70
-0.851771 -1.32263 70
-0.217615 -10.3489 70
19.5771 -0.830452 70
-9.14341 -18.8887 70
69.5939 -29.2846 70
-0.868388 1.16014 70
0.22571 0.529081 70
0.16783 -1.06463 70
-0.367959 -0.0911547 70
-0.484283 -1.42219 70
0.778893 1.01137 70
-0.0926075 -9.55891 70
-0.542792 0.797185 70
-0.123176 0.602624 70
-29.759 -0.749517 70
-20.4179 -0.824761 70
-0.490445 1.45972 70
0.556355 -0.360085 70
-1.09081 -0.586217 70
0.773669 -0.718509 70
0.36206 -0.237924 70
0.721856 1.33598 70
-1.49677 -1.11011 70
41.3754 -50.1092 70
30.0287 0.282236 70
-90.7223 -90.4254 70
0.123431 -0.884348 70
-9.4228 18.6473 70
30.0373 -10.3162 70
1.31334 -0.333152 70
39.2071 31.4345 70
-0.875077 -0.104292 70
38.7624 21.0942 70
-1.38657 -1.41901 70
59.1723 10.2398 70
0.443171 8.90403 70
0.510558 19.1816 70
-19.4717 10.8047 70
19.718 38.5407 70
-9.94147 1.12812 70
-8.56331 -1.023 70
10.9646 0.723666 70
1.12678 -0.567051 70
0.520811 0.087807 70
8.56464 0.665777 70
20.4518 8.51718 70
8.83071 10.4536 70
-8.6506 -9.56908 70
-31.4759 -8.78637 70
-30.0996 -11.1062 70
28.5162 -11.1419 70
0.147124 -0.31793 70
-0.514709 0.377801 70
-1.28063 0.503208 70
0.0835803 0.692685 70
-9.16888 9.5452 70
0.440532 -9.03588 70
-29.9528 0.0215511 70
-1.29551 -0.558563 70
-0.99966 0.820954 70
10.3815 18.5298 70
1.48817 0.0302849 70
-0.299881 -0.265713 70
-50.2371 -0.0965105 70
-0.356721 0.855479 70
-11.4716 0.487941 70
19.948 -10.1631 70
0.171863 0.992539 70
-0.292484 0.336363 70
-0.422313 0.592994 70
0.542805 1.29163 70
0.122317 -1.05784 70
-9.95737 1.20403 70
-1.28058 11.3343 70
0.698207 9.92622 70
11.0846 -11.2689 70
-10.0805 -0.303606 70
-0.731741 0.798044 70
9.81083 10.4367 70
-8.92562 -19.3248 70
49.4792 -19.1365 70
-9.62789 -0.22791 70
39.2635 -71.1942 70
0.798911 0.90719 70
40.382 41.0991 70
8.91141 -0.764595 70
0.499844 30.4774 70
61.4697 -38.5757 70
8.89108 -0.489971 70
-0.8194 10.654 70
-8.58288 -0.219378 70
39.1194 9.84358 70
0.360857 10.5505 70
30.7172 31.4134 70
70.019 20.0964 70
-0.640264 10.9669 70
10.3754 11.457 70
1.44433 19.2175 70
9.27438 -19.3204 70
0.760092 0.0272374 70
10.9975 8.50333 70
0.250048 -1.42836 70
-11.4332 0.148345 70
-0.125154 10.1152 70
1.45332 -0.213377 70
41.1661 -18.9313 70
-49.0919 -0.756232 70
-0.59828 -0.933991 70
-10.9135 -1.3257 70
0.830642 1.30428 70
-1.49712 -8.78391 70
0.928371 -0.656208 70
8.91391 0.127835 70
-0.435752 -0.300619 70
-18.9194 -8.63065 70
-10.9127 -0.230826 70
-9.13799 -10.5474 70
8.56069 19.2401 70
11.4177 19.5108 70
0.337637 -10.8248 70
0.162432 -9.11054 70
-0.780691 10.9594 70
-19.2018 0.619237 70
0.000994923 9.07867 70
-10.0521 -9.89149 70
-1.26164 -0.802694 70
-0.0626391 -9.38547 70
-1.29434 -1.34041 70
-0.461958 -0.415243 70
-9.73498 11.0532 70
0.675125 0.150825 70
0.721376 0.265495 70
-1.37198 0.107646 70
9.69442 -10.0063 70
-0.977613 11.4521 70
-0.940687 -0.61102 70
-8.93812 -31.0168 70
-1.36672 0.965655 70
0.449364 0.670773 70
-1.48999 -1.35151 70
-9.09034 9.76755 70
-10.0558 -0.874764 70
-9.42254 10.2838 70
0.753325 -40.8563 70
8.59889 0.485769 70
-9.47691 -40.1164 70
0.201358 1.33983 70
18.8268 -0.796778 70
0.147224 0.0920802 70
-0.835957 -0.584766 70
-9.42715 9.61673 70
0.836324 -0.735772 70
-20.581 -10.4547 70
-10.2529 -9.89675 70
-11.4325 9.77677 70
1.48797 -1.02999 70
-30.101 -18.8297 70
9.88116 -0.220344 70
-21.3448 31.2382 70
0.369537 -9.20505 70
1.49891 -30.4335 70
18.8887 -9.80593 70
0.979351 9.13653 70
0.149435 -0.922519 70
0.550408 0.473818 70
11.1891 51.4862 70
-1.23605 0.464179 70
-1.4112 -0.942329 70
-30.3679 -10.9469 70
-30.0043 -18.8731 70
-0.692618 -9.22871 70
9.38424 -9.64229 70
11.3154 -1.08544 70
-1.05554 -1.10439 70
1.42633 -21.3442 70
-10.6732 20.9869 70
-9.32993 -0.824398 70
9.29088 -1.04825 70
0.29433 9.25796 70
0.498459 -0.192879 70
11.2411 1.39168 70
0.213625 0.18047 70
0.30669 0.700684 70
-8.65986 -0.353006 70
0.453157 -0.539883 70
19.7401 -19.0587 70
-20.3641 -49.1428 70
28.5242 8.65364 70
1.20425 -1.49019 70
0.38667 0.0803628 70
10.177 0.530804 70
39.4682 0.941696 70
-1.32114 -8.72508 70
-0.16016 -0.737155 70
-0.159245 -0.950434 70
20.2445 -18.7239 70
8.94266 -41.0756 70
-11.4568 -29.3758 70
1.4328 -0.105165 70
-19.1341 -18.9843 70
0.295513 0.88115 70
-0.473829 0.63452 70
-8.78748 0.408559 70
-9.21917 1.40936 70
1.1573 -9.75897 70
1.40905 0.979959 70
-0.804328 1.24342 70
18.6181 9.25342 70
-9.07726 -20.249 70
1.06671 1.48139 70
-1.32713 0.891863 70
-1.19691 -0.668969 70
0.485047 -1.28824 70
40.808 -40.7272 70
-40.2904 39.9472 70
18.5352 11.2991 70
-9.93145 10.5426 70
1.09149 -0.792548 70
0.134016 0.612508 70
1.40726 -1.12486 70
1.31924 0.194014 70
-10.9552 -0.726946 70
-10.0345 0.268292 70
-10.2785 -8.55275 70
9.70083 10.7395 70
-0.819442 8.65061 70
1.26059 9.8052 70
-18.5888 -59.2993 70
-9.41811 -1.00006 70
10.3615 -0.137822 70
10.7407 0.0746535 70
0.320056 0.460432 70
39.083 1.08593 70
0.0867486 -9.71222 70
-0.372868 -0.534799 70
-1.02186 0.741607 70
-0.774661 0.803654 70
-0.868073 21.1779 70
-1.47419 -0.55141 70
9.54204 -1.18108 70
-1.17369 0.616099 70
-10.2879 -19.7703 70
0.793199 -0.053739 70
-1.01387 -0.467507 70
-0.134942 -1.01096 70
0.35916 0.391182 70
-9.02775 -31.1373 70
19.2278 10.5887 70
0.759346 -18.6822 70
8.73498 -19.9246 70
9.26417 -18.8794 70
-0.716698 -1.26844 70
0.0799445 -8.86682 70
-1.4333 -9.71898 70
-28.6473 19.5422 70
-1.36307 -1.39098 70
-1.06926 29.245 70
-0.9549 -0.64147 70
21.2547 1.28993 70
-8.90712 0.736554 70
-8.92868 0.930374 70
-0.974134 -1.28916 70
0.299059 0.0434004 70
1.05525 0.239052 70
1.03148 0.416649 70
0.15159 1.2404 70
0.61677 0.0218206 70
30.3039 40.3234 70
-9.83803 1.39371 70
-1.37514 -9.89446 70
-9.20373 1.47098 70
-1.48179 -9.50389 70
-0.0776738 11.025 70
0.963576 1.13972 70
9.37704 9.33701 70
1.19227 -9.27613 70
-0.951532 -8.87795 70
-18.7343 -10.4885 70
-0.200823 -20.8194 70
1.03301 0.200017 70
-0.894309 -1.3656 70
-0.542017 -0.961851 70
-1.25209 1.4155 70
0.408379 -9.66683 70
0.386282 -1.17058 70
-0.118676 1.07195 70
-0.443058 8.9657 70
-0.481984 -1.45629 70
-0.989943 -0.531278 70
-1.34802 9.66014 70
0.792966 0.317714 70
-18.8826 -19.1331 70
-0.0102479 11.4601 70
-0.229112 -0.0821238 70
-9.81058 19.4831 70
-10.2955 -0.170517 70
-11.3505 11.1288 70
-1.44045 -0.265459 70
-0.341528 -9.06901 70
-0.770847 -19.6111 70
0.936933 0.975478 70
0.597412 -0.00521027 70
69.5899 59.4424 70
-0.916766 1.058 70
1.0085 -0.963383 70
-9.75458 10.2039 70
-10.2176 0.632678 70
-0.194096 -1.21099 70
0.624644 -1.18002 70
-28.6002 69.5436 70
20.1026 -40.3201 70
0.139303 0.103588 70
0.0333247 -0.396213 70
0.613314 0.240962 70
1.15704 10.1526 70
10.3573 10.6668 70
-8.60746 -10.8178 70
0.00978761 -20.3643 70
1.34255 1.39319 70
-10.9341 9.57664 70
-9.54971 -10.5176 70
-11.1118 19.0337 70
9.45035 19.0565 70
9.5412 9.99053 70
-9.49889 -10.6987 70
-10.5033 -11.1766 70
-8.63733 -10.247 70
-10.2729 -1.39697 70
0.364565 -1.14887 70
0.498174 0.077273 70
-1.12099 -1.02029 70
-10.1896 49.7142 70
0.77658 -0.264583 70
-1.29186 -0.918571 70
-0.471588 -19.9326 70
-49.8002 -61.2321 70
10.9256 -0.322306 70
-1.24487 0.187885 70
38.7227 118.667 70
41.2447 -41.0623 70
-1.49114 0.210309 70
0.0787346 -0.822627 70
10.7125 9.32895 70
9.05246 9.18505 70
-10.7584 39.1109 70
-20.2543 -0.343878 70
-1.39568 -0.53182 70
-29.6629 -10.5187 70
-9.39711 -1.05153 70
0.924834 -8.70064 70
-1.36147 1.36577 70
-0.768219 0.98544 70
-1.32722 1.13196 70
-0.85965 -0.480034 70
11.2546 39.6946 70
-10.3408 9.67362 70
0.185587 0.745577 70
0.0731315 0.685972 70
-1.12935 -0.634244 70
-30.4932 -18.6431 70
0.646554 -0.245325 70
-0.346598 -9.8018 70
0.0419223 0.239925 70
0.169203 -0.711851 70
8.5068 -9.99711 70
-10.2953 0.537615 70
-1.24838 30.9005 70
-28.9827 40.2533 70
-1.23901 -0.984487 70
-9.54139 1.19749 70
0.515051 0.335041 70
-1.04289 -0.21636 70
-29.6345 59.3993 70
-0.907617 1.03334 70
-0.464513 0.598813 70
-8.71773 10.0239 70
0.845807 -10.3612 70
1.35442 -1.40028 70
21.0319 -28.9136 70
0.720487 -0.803672 70
9.37806 -29.6229 70
-0.294642 -0.563469 70
8.92455 10.3488 70
0.199207 -0.188827 70
10.9877 0.250839 70
0.868921 0.86903 70
-8.50077 -18.9996 70
11.2734 -0.728738 70
-9.30241 -11.4712 70
1.29191 0.00669156 70
0.147765 -10.2651 70
9.93025 -39.7554 70
61.4492 31.4165 70
8.82929 -0.271196 70
-11.1933 9.90725 70
1.02401 -0.120994 70
-20.5565 1.25864 70
9.35677 1.27161 70
0.721718 -0.522635 70
1.13006 1.30018 70
-0.694672 1.34719 70
-9.29246 -10.1496 70
-0.384104 -11.3887 70
0.217127 1.13363 70
0.0932067 -0.736518 70
-0.050789 -0.166085 70
-41.0437 -0.675357 70
-8.5404 0.363403 70
1.28967 1.44232 70
-1.49063 -10.4764 70
1.04005 -11.3311 70
0.528718 -8.53071 70
10.6003 0.486393 70
-19.5917 -60.3029 70
0.607382 -0.897192 70
-8.83167 0.344706 70
-0.560473 18.8923 70
0.52197 0.87739 70
9.26021 -0.101346 70
1.11303 -0.499141 70
-0.0929594 0.339878 70
-1.27692 -9.01629 70
-1.03879 -0.673784 70
-8.59261 40.9979 70
1.09739 -0.354866 70
-9.76931 29.7672 70
-40.0608 -0.275439 70
1.22963 0.0200838 70
0.542785 0.505251 70
-0.0462539 0.113522 70
-10.1116 -10.0912 70
-0.641438 0.948624 70
-48.8023 30.2418 70
-0.919724 -0.989108 70
-0.551018 -20.5174 70
0.466375 -0.825812 70
0.259032 0.880323 70
-0.635427 -9.5295 70
1.33614 -0.662076 70
-0.306086 1.02672 70
1.45958 10.055 70
10.4295 20.0482 70
-11.3447 -0.551519 70
0.0466796 31.4485 70
-10.4724 0.996385 70
0.0215409 0.231669 70
0.454254 1.07295 70
-10.6084 20.8373 70
89.9959 -10.949 70
0.573147 1.11094 70
0.757381 -0.60898 70
0.646478 0.384864 70
-0.163212 11.351 70
18.8262 19.1398 70
-9.20915 -0.0528388 70
0.449224 -1.26476 70
1.46525 -1.1965 70
0.41607 -19.7354 70
10.0007 1.08201 70
9.87028 19.4318 70
-51.0259 -40.1776 70
50.651 90.4291 70
0.199763 11.455 70
8.53991 -1.36168 70
-90.2209 -40.1384 70
0.462655 8.9824 70
-31.028 50.7674 70
-9.04982 -9.10591 70
-1.40109 1.38493 70
9.83337 8.65258 70
0.356343 0.368893 70
10.2867 -9.11232 70
-10.5509 1.00099 70
0.599795 -1.06574 70
19.8005 19.0183 70
30.1106 0.55815 70
-9.19252 50.7095 70
-0.975525 -0.618425 70
1.41396 -9.95688 70
0.854912 20.5649 70
-0.0980947 0.390329 70
-10.8666 0.623365 70
-0.432883 -9.13591 70
-10.6711 -20.2185 70
0.332248 1.2927 70
-1.27446 -18.8301 70
-10.9925 1.40785 70
19.0722 9.72024 70
19.562 -11.2329 70
10.2316 11.3137 70
-0.498386 -0.884872 70
-1.22161 0.898369 70
-20.4355 -19.0391 70
10.3943 -0.0490183 70
-11.4812 -11.2468 70
-9.83236 -11.4833 70
-28.5666 -19.669 70
0.948595 0.879964 70
1.09312 11.3468 70
8.83623 -8.54293 70
20.0307 -38.9739 70
0.788346 -0.667661 70
-0.168918 -1.34631 70
0.768801 -0.18895 70
-0.44369 -0.0454372 70
-1.12488 -9.94517 70
10.5667 11.1087 70
0.940951 1.43197 70
0.243372 -1.00178 70
9.5753 -11.3714 70
-1.08937 -20.1082 70
-9.69069 -28.6783 70
1.38291 0.832835 70
-1.45069 -0.384354 70
20.6354 1.4698 70
-0.391638 0.746613 70
-10.077 -10.799 70
8.94245 11.3799 70
10.7637 9.28623 70
-9.57419 -10.6595 70
-40.8145 -11.2459 70
0.0874049 -0.447358 70
-0.822657 -0.155466 70
1.11075 0.875384 70
0.261725 -1.18222 70
-10.698 9.13968 70
1.0252 -0.600171 70
-40.4453 18.7325 70
0.469739 -0.48377 70
0.15261 0.842151 70
-1.40874 -8.57433 70
-1.37591 -19.6444 70
-1.04151 -18.873 70
-0.273113 -9.33326 70
-11.0682 -30.0404 70
10.4916 -48.6592 70
9.74178 -50.0579 70
-9.77861 8.57895 70
0.155851 -0.571899 70
-0.823947 0.735821 70
-29.6237 -0.00467201 70
-0.222091 1.42716 70
0.267681 -1.29976 70
-1.40626 1.36393 70
-9.76023 9.3584 70
0.482732 0.551797 70
-11.4551 0.012543 70
0.989904 -1.07787 70
-9.75856 1.245 70
1.25178 -19.4991 70
10.2677 -1.48664 70
-19.077 0.279379 70
-10.2686 -11.1109 70
0.826667 -0.316324 70
1.10608 0.0423322 70
-1.33816 -1.3621 70
0.565403 -0.505414 70
51.1865 31.1679 70
0.538869 -9.7113 70
1.18524 -31.4071 70
-0.829096 1.26581 70
-9.66108 29.963 70
-1.15857 10.4969 70
-1.34401 9.6641 70
1.34102 0.816989 70
-30.58 -0.181981 70
-9.68022 10.0045 70
-11.1145 1.23741 70
1.14308 -0.325683 70
0.895278 -11.3124 70
-1.2204 1.01496 70
-9.30966 9.71476 70
48.7329 -110.006 70
21.1375 9.32064 70
18.6129 11.4454 70
-0.538583 -1.30026 70
-19.9725 81.1898 70
-20.4815 -9.2052 70
1.49082 0.928155 70
-0.580418 -1.45798 70
-11.0985 -19.9059 70
-20.3549 -0.0158408 70
0.12466 0.767255 70
-109.89 -0.522486 70
-0.715549 19.4053 70
-8.68255 -9.25118 70
-0.624503 -0.0218853 70
-0.779478 -10.4219 70
-21.3632 -10.505 70
-0.155898 0.259189 70
1.21761 -8.58616 70
-0.0843438 0.905608 70
-10.712 10.8575 70
-0.186864 -0.12664 70
0.120808 -1.25237 70
1.25154 -1.4449 70
-11.2558 1.43931 70
-0.125921 9.27317 70
-0.345046 -0.313996 70
0.847808 1.4379 70
1.153 9.17882 70
-8.84436 -11.0961 70
-60.7181 -38.5466 70
0.00552419 0.459619 70
0.246518 -21.3092 70
8.63453 0.114269 70
-19.8519 -1.34944 70
-0.635401 -8.7464 70
9.22078 -0.679303 70
-18.9882 30.8252 70
-0.753607 -10.6135 70
-0.335767 0.940417 70
-9.26921 8.92349 70
-9.16282 0.165912 70
11.3321 -18.7209 70
-0.91038 0.113663 70
-10.2986 10.2949 70
-19.2504 -20.3702 70
-21.4724 -19.2365 70
1.12077 -0.33372 70
-0.685305 -1.35381 70
-8.77453 -9.45114 70
0.0933419 -0.46343 70
1.19657 0.419031 70
-1.36565 -0.108623 70
1.02171 -30.2471 70
-0.720487 0.311365 70
-19.8911 -31.1229 70
1.49645 -9.93976 70
0.667945 0.0322967 70
-0.939959 0.213933 70
9.26632 10.4013 70
-1.14737 1.23786 70
-11.4096 0.0339443 70
8.78503 -11.0073 70
1.2263 0.106355 70
1.05755 40.1352 70
0.211109 41.0907 70
-10.427 -1.47777 70
0.375602 0.501156 70
0.412969 -0.807505 70
-31.0795 20.7589 70
-81.0469 59.3972 70
-18.5216 0.392395 70
-11.4172 0.829452 70
21.0785 0.661222 70
-9.15129 1.48205 70
9.09002 10.7429 70
29.7823 -0.203099 70
-0.80525 -0.920521 70
0.285655 0.669265 70
-1.00902 0.35601 70
-0.682078 10.5479 70
-0.200059 1.39398 70
-0.94909 0.306956 70
10.0088 -38.8377 70
-21.1295 0.419793 70
-0.0400528 0.571693 70
21.3947 28.6907 70
-0.179771 -0.834027 70
-1.34391 -1.02966 70
-20.8 8.99899 70
0.618958 0.901023 70
1.2318 -0.284607 70
9.4624 -19.0847 70
9.90216 -29.2032 70
9.81434 0.486757 70
-0.475099 -29.485 70
19.6261 -11.0462 70
-0.278331 -0.845107 70
0.32745 -10.3824 70
0.751923 -11.0885 70
-10.2573 10.8672 70
21.4536 59.0456 70
-10.2318 1.46739 70
0.512946 1.08073 70
0.448856 -0.682048 70
1.42917 1.05141 70
8.98283 -9.82173 70
0.293054 10.2847 70
-9.39326 10.562 70
-10.161 10.5749 70
-0.767683 -0.074468 70
11.0983 -20.7966 70
-0.222692 1.10864 70
0.419599 -9.2612 70
9.7748 -0.482538 70
8.77119 11.4862 70
-1.0323 -0.0652593 70
-0.0530515 -19.2582 70
-10.455 18.5204 70
-0.32383 0.575079 70
8.86314 1.42852 70
9.20328 -0.927019 70
10.4261 -1.13498 70
-0.148804 1.39487 70
0.693754 0.826837 70
11.1326 40.8274 70
-0.977734 1.05945 70
0.87656 -1.0081 70
-1.47319 -0.312849 70
-20.1577 -10.5863 70
-21.4002 -30.8306 70
0.567612 -0.449643 70
0.229406 -10.0007 70
-0.642994 1.00081 70
21.2531 0.196703 70
-1.08093 1.39477 70
121.246 9.68593 70
10.2215 -9.21664 70
0.93146 1.46058 70
-11.3198 9.18291 70
-0.582174 1.38967 70
-0.232339 9.66983 70
99.551 -9.30496 70
30.4213 18.5202 70
0.494237 -0.439313 70
-11.0564 10.5302 70
-10.1364 9.73325 70
11.0355 0.572938 70
-9.83671 -10.6816 70
0.252966 -0.957139 70
-79.4369 -60.6006 70
19.1515 -8.55838 70
0.662849 1.11234 70
-9.52467 -0.328202 70
-0.797228 -1.0826 70
0.748375 0.813276 70
1.20334 1.33084 70
-0.239116 -1.35914 70
-19.0367 -1.38225 70
8.94216 8.88362 70
1.46765 -0.917979 70
-0.731287 -0.261233 70
0.614283 1.01571 70
-10.5927 -1.37195 70
0.695932 -10.515 70
-31.3354 -18.6322 70
-11.0349 19.509 70
-0.283705 -0.639917 70
9.60942 -10.2366 70
28.6926 21.3736 70
-0.0360903 1.44945 70
-29.2036 -18.5313 70
-0.355837 -0.40341 70
-0.473501 -1.19074 70
8.71561 1.07003 70
-8.96154 -9.42363 70
-0.95032 -0.602866 70
-1.23987 1.42186 70
1.47101 0.0167949 70
-0.328669 -1.37673 70
-9.57536 -1.05112 70
0.680978 -0.0775532 70
0.929261 1.48644 70
0.947762 -1.04132 70
-1.42441 0.209555 70
0.342779 0.0380743 70
-9.26574 -0.0733566 70
1.31864 0.126273 70
-8.65083 0.103297 70
-21.0663 11.2538 70
-30.9335 0.224837 70
0.571055 -0.518048 70
-30.1025 1.42611 70
-1.36124 1.01328 70
-70.4332 0.158615 70
-0.174482 1.42819 70
-29.3371 -10.0938 70
0.626759 -1.15601 70
-0.560894 0.797189 70
-19.1992 0.547322 70
-59.3091 30.0839 70
-18.6122 -121.127 70
8.99437 -0.134787 70
1.49138 0.0103541 70
0.910398 0.0789697 70
-9.65008 0.760665 70
31.2956 51.3149 70
-9.62407 -11.1988 70
-9.56743 -9.89491 70
-0.942142 -0.940787 70
-11.2844 0.445824 70
0.741543 1.12722 70
1.41683 0.703329 70
30.8321 19.5164 70
28.9589 -9.19125 70
-11.2152 0.121637 70
-0.496141 -0.0468495 70
-31.4687 -19.462 70
1.44371 -9.16128 70
-10.6868 20.4025 70
1.03457 -0.552054 70
0.870558 -0.949979 70
21.4308 10.3317 70
31.235 9.52192 70
0.0136796 0.895662 70
1.32746 -0.543125 70
-20.8501 29.7803 70
-11.0517 0.500455 70
0.454256 0.982533 70
0.570673 0.737902 70
1.01871 10.6951 70
1.09626 1.3275 70
-9.21468 -10.9129 70
-0.247511 9.42908 70
0.594311 0.158262 70
-10.1468 21.2526 70
-20.8184 -31.4981 70
0.611735 -0.786086 70
9.10692 21.0399 70
-8.60756 -0.0162666 70
-0.701262 -0.91066 70
0.260697 1.20961 70
-8.83267 10.0836 70
1.12172 -11.4001 70
20.1883 1.39708 70
-0.0994442 -1.10181 70
0.545614 -1.29666 70
-1.18497 1.29844 70
0.0387734 0.641807 70
-1.00375 1.18729 70
-1.09402 -1.28812 70
29.7996 -1.47581 70
-30.2102 19.2822 70
20.3598 -29.5546 70
-19.7219 9.55042 70
0.229124 1.38174 70
-20.3283 -0.535024 70
-10.7678 -10.365 70
