1.41819 0.3075 70
-0.205219 0.539897 70
-0.899452 -0.916352 70
-10.2553 31.0197 70
1.21122 11.2794 70
-9.89921 -1.21863 70
-0.304283 -0.200895 70
19.0399 -18.678 70
-0.526138 20.0356 70
69.9272 -109.745 70
-0.195435 10.9579 70
-10.6418 -0.540755 70
-0.383659 1.34629 70
-10.1868 19.378 70
-0.0402959 21.2956 70
-1.35848 -8.85992 70
0.821964 9.14908 70
-8.63414 1.24738 70
9.59371 11.2413 70
-51.1221 19.3087 70
0.149315 -10.7021 70
-1.03641 0.204363 70
0.521144 -1.02086 70
-19.7681 -9.11922 70
-0.417694 8.83473 70
-0.226222 -0.463494 70
0.367736 -1.11193 70
1.33097 -1.10321 70
-70.216 0.946857 70
1.31654 0.880869 70
20.3554 21.4633 70
-19.0997 0.398823 70
-8.71277 9.31259 70
9.52615 -19.7958 70
-31.3387 -31.4096 70
0.992234 0.450874 70
-8.99937 8.81089 70
-8.85824 8.6757 70
-20.5515 -10.5932 70
8.59179 10.6985 70
-1.3376 -1.49627 70
1.13749 -9.97374 70
-1.38665 -0.0239526 70
39.0125 40.9475 70
-9.87202 19.4132 70
0.371076 9.50956 70
-70.8568 -48.6044 70
-10.3862 -10.3709 70
11.0796 69.6405 70
-1.47805 0.904735 70
8.51931 -0.723831 70
0.940339 -0.652217 70
8.99152 -20.1281 70
0.868398 -9.53957 70
9.06339 -0.598008 70
10.3292 0.562775 70
10.3767 8.67239 70
1.01311 9.53301 70
18.9731 21.2791 70
9.57506 -0.893225 70
19.635 30.6629 70
21.4978 21.4184 70
10.3893 10.3375 70
10.7119 0.363285 70
9.44038 0.752409 70
-9.25984 -8.73644 70
10.6511 -0.374102 70
0.698623 -20.6522 70
0.414354 -0.160394 70
38.6132 -50.5935 70
-1.25438 1.46117 70
1.3753 21.2521 70
-0.873117 10.2148 70
19.7979 20.1071 70
10.3597 -0.692163 70
0.151187 8.99351 70
-0.215643 -0.694731 70
-8.87489 8.96118 70
1.31723 10.1965 70
1.19671 0.823627 70
1.0354 10.8337 70
-29.6793 29.9115 70
-0.134668 -1.13008 70
10.9303 10.1152 70
-0.811098 -1.0297 70
0.932915 0.679173 70
-0.558362 10.8577 70
0.228018 -10.227 70
-1.06743 -10.8233 70
-10.756 19.1496 70
1.06626 8.93111 70
11.4517 1.16073 70
1.01524 0.569959 70
-0.250026 0.950461 70
-1.38258 -0.119354 70
1.17436 0.00120471 70
-0.437229 9.3183 70
0.250154 -10.1649 70
0.940922 -30.0475 70
8.76645 20.8032 70
11.2197 20.7671 70
9.1683 9.8445 70
-29.8504 -8.87039 70
-9.18228 8.77425 70
-0.900314 11.2681 70
-0.665827 1.16476 70
10.4457 21.2137 70
0.547913 9.5573 70
-0.687386 19.2452 70
10.0305 9.66081 70
9.89141 -0.277807 70
1.25977 0.875247 70
-0.72914 1.13522 70
-1.48607 0.27263 70
10.7486 0.138549 70
-9.75052 -11.4837 70
-10.8895 -10.0159 70
-0.626698 1.01549 70
-11.1318 1.44779 70
-9.0068 9.99289 70
-0.132609 10.0716 70
11.2955 8.90702 70
-0.0660047 -0.59353 70
0.696897 11.0581 70
-0.21264 0.759158 70
0.581343 11.2763 70
-0.151722 8.54507 70
10.9844 -1.13453 70
-9.13187 -28.5529 70
-39.4183 -9.00988 70
-39.9488 -9.97183 70
0.540978 0.784936 70
-0.646219 11.1173 70
-0.546338 -0.483154 70
-0.796978 11.1287 70
0.987195 11.3655 70
-0.181736 9.06564 70
0.349422 9.34454 70
0.928448 9.50142 70
19.7235 9.51896 70
9.09254 -0.760819 70
-0.252909 -1.47406 70
0.997289 -0.514295 70
0.676879 0.558127 70
-10.4646 8.77241 70
0.947235 -0.643643 70
-0.804296 18.6869 70
-10.1882 -20.5939 70
-10.5348 -20.5897 70
-0.449317 -0.870645 70
8.94311 18.8998 70
-10.2865 -10.5483 70
-0.604837 -0.675796 70
20.1648 9.75561 70
-21.0128 19.3706 70
-8.5461 -10.9175 70
1.47044 1.48055 70
-81.4664 -10.0336 70
-9.76286 -1.40119 70
-11.4824 -1.36041 70
-1.08467 1.43973 70
10.2079 -11.0235 70
-0.829579 0.879425 70
1.49187 9.15198 70
29.3646 -0.760909 70
19.1978 -0.904065 70
10.6485 -0.785879 70
9.78983 10.8186 70
-9.45851 1.13418 70
19.2269 8.9694 70
-20.3289 0.82916 70
8.87234 -10.5811 70
0.870265 -0.831194 70
0.0889298 40.9478 70
-10.116 18.7887 70
-0.530086 -0.21133 70
-9.83218 -8.52477 70
-9.02907 38.5956 70
8.63726 10.9607 70
0.206067 -1.02905 70
10.5616 10.265 70
-9.5242 -0.665152 70
0.685664 -0.573012 70
-0.667229 -20.3615 70
-29.8112 40.3378 70
-0.175141 0.610353 70
0.797109 8.68778 70
-0.623932 1.46984 70
-10.8492 0.36404 70
-20.7858 20.0046 70
10.168 -0.52165 70
-0.480356 10.8456 70
-0.451711 1.27824 70
10.9371 -0.801103 70
-1.00027 -11.3043 70
-68.5114 20.2428 70
-69.4758 20.2858 70
19.919 10.4624 70
9.7463 -0.524812 70
-18.6177 30.6627 70
1.26631 11.0012 70
10.7733 9.60244 70
-0.216917 1.45405 70
-0.274579 0.426801 70
-1.14536 8.95742 70
-1.06271 10.2173 70
1.14823 -0.903633 70
0.815532 0.594549 70
8.54671 18.6275 70
9.5641 0.42824 70
-0.48574 10.0128 70
10.4681 10.5094 70
-0.521276 8.717 70
1.40794 -11.2495 70
0.571593 1.23917 70
-11.175 -0.484227 70
0.182271 -0.455243 70
-0.244206 8.82621 70
-9.12998 9.48598 70
-0.287628 -10.3782 70
10.3946 -0.214864 70
1.38565 -1.33974 70
-10.9726 -0.98483 70
0.296866 -0.699243 70
20.7707 30.116 70
-8.67822 -9.85223 70
0.307584 11.3637 70
-1.40747 0.881239 70
19.9406 0.627587 70
-1.01717 -0.0117719 70
-11.4008 -9.10157 70
19.4515 8.557 70
-71.1928 51.2542 70
0.592718 1.28348 70
-0.329463 -0.26776 70
-1.42749 20.0395 70
10.8268 -19.2272 70
99.6402 40.2675 70
-18.8674 18.7306 70
0.589336 -20.3068 70
-19.109 10.0873 70
-28.9892 1.0863 70
0.780121 9.59293 70
1.0469 0.909793 70
0.175526 -1.47988 70
-1.03271 -9.20401 70
61.12 10.8762 70
18.9446 20.5732 70
-9.737 8.5612 70
8.98482 -61.2101 70
-11.0399 0.0795154 70
0.964693 0.02637 70
0.364347 1.11194 70
0.770817 1.05562 70
-9.95854 9.29317 70
-58.6583 19.3304 70
-0.916928 11.3322 70
11.2026 -30.4117 70
-10.5608 -0.878212 70
9.69287 10.357 70
-10.2482 9.53308 70
0.0394558 -0.910881 70
0.46146 20.7503 70
-0.27198 20.3821 70
-0.158289 -0.765788 70
18.6631 -20.4851 70
-10.534 30.5123 70
-10.1109 -18.611 70
-0.507592 -0.644053 70
9.02021 -0.514035 70
1.10124 10.2894 70
-0.837247 0.959252 70
-10.0669 0.573938 70
1.21198 -0.278767 70
-0.147508 11.3096 70
-0.368415 -0.827467 70
-10.7114 -9.47259 70
-0.193986 -0.682783 70
-0.704831 0.45588 70
-0.389812 9.04248 70
-0.19215 -0.874517 70
0.601962 -0.0649703 70
-1.09355 -1.02469 70
0.689561 8.78689 70
79.7256 -21.2005 70
11.3063 -0.877035 70
-9.63067 10.4062 70
0.649657 1.48776 70
-0.985389 10.4974 70
-1.00384 -0.0105918 70
19.8491 -18.8918 70
0.451074 -18.957 70
0.315662 0.118607 70
0.804489 1.19954 70
1.35758 -1.39322 70
9.71673 18.8822 70
-8.87908 18.9057 70
0.0488049 18.9114 70
-8.8189 1.41406 70
0.535639 11.1415 70
0.214616 9.94677 70
8.81736 -1.32396 70
-8.86663 -0.361336 70
-9.05694 9.87661 70
1.23581 0.990902 70
0.96693 -0.170514 70
-0.885351 9.36309 70
0.825921 9.97693 70
8.55005 9.15119 70
-30.616 -10.4058 70
9.73199 9.66199 70
-8.89144 1.07225 70
-0.392486 8.50742 70
0.782396 -0.909812 70
-21.4286 -0.0942481 70
0.787682 -1.21435 70
-10.476 11.1278 70
61.0822 19.8965 70
20.2929 0.829502 70
0.519784 0.112999 70
11.4787 1.17008 70
-0.786857 1.38907 70
0.0816417 10.6278 70
-10.7571 49.7181 70
0.793829 -31.4638 70
-0.990274 0.475787 70
-10.818 0.668009 70
9.77144 10.6019 70
-10.9573 -0.839503 70
-29.9001 0.832614 70
-8.99486 10.7949 70
0.64365 0.0356009 70
-9.78967 10.9831 70
-18.5651 -1.11887 70
1.46256 0.441277 70
0.999843 9.8973 70
-9.97779 -0.748893 70
40.7323 11.186 70
-11.4205 0.656543 70
49.1625 80.4872 70
0.489764 8.73796 70
1.18154 9.97073 70
39.7079 20.6034 70
10.217 -0.747286 70
8.83886 -38.5191 70
-0.618069 9.70307 70
-0.461267 10.6414 70
1.00819 8.83297 70
0.439049 9.43859 70
-11.4112 1.01518 70
30.9868 -30.1169 70
29.3293 -28.7734 70
-40.3705 -18.6936 70
-1.21391 11.0573 70
9.57062 -9.0527 70
20.3334 -29.271 70
59.8098 -30.0367 70
-10.6548 10.6383 70
-28.6981 -0.806558 70
-29.5525 1.15508 70
-51.3485 -91.041 70
10.1895 8.93067 70
0.429279 10.8211 70
0.0690862 1.37577 70
11.0329 0.44315 70
-0.710433 -11.4273 70
-0.312485 -19.3342 70
0.762192 -0.211477 70
-0.779182 -0.0181957 70
1.07414 0.169789 70
-1.06195 8.83104 70
1.18801 -1.05961 70
1.47262 -0.251394 70
0.829935 1.31343 70
10.4725 -0.582354 70
-8.60447 -20.5506 70
0.272493 -0.900249 70
-0.571932 10.1764 70
19.3143 -20.04 70
10.8541 0.427189 70
0.653257 10.9006 70
0.615541 11.0842 70
-60.145 -121.244 70
-0.363612 -9.18967 70
9.51117 0.74405 70
9.24819 0.713573 70
-19.9321 -0.31306 70
0.0582895 0.283273 70
0.158404 -0.602704 70
-0.341043 -1.25946 70
70.8786 9.97009 70
0.153127 -8.93184 70
8.51844 9.80686 70
0.976758 -0.567552 70
-29.11 -29.2997 70
21.2468 18.9696 70
-1.05296 10.5188 70
0.810772 11.4183 70
18.5598 20.8277 70
-10.9115 21.115 70
-0.490027 -0.162399 70
-0.0450035 -1.11899 70
10.4866 -1.42505 70
-18.6735 -110.642 70
-0.857275 9.15456 70
10.0302 0.992279 70
39.4428 -69.1781 70
9.10054 10.2153 70
0.583547 -0.640782 70
-1.49084 0.163386 70
-10.3358 -0.0805435 70
-11.2811 1.36216 70
-0.271495 9.07934 70
9.37474 9.03767 70
10.4488 -0.279982 70
1.43299 0.878485 70
1.10216 0.973726 70
9.42079 8.90478 70
-29.8611 41.0337 70
-19.9903 10.4562 70
9.09682 11.1828 70
-9.68674 0.266766 70
0.730624 -0.0892875 70
0.162165 0.413892 70
29.068 -8.99281 70
-9.86984 19.2563 70
20.899 20.2122 70
11.4025 8.78543 70
9.76562 8.98728 70
-0.814686 20.3655 70
0.994962 -1.49463 70
-109.601 -31.0833 70
1.25785 9.56715 70
1.37013 8.73465 70
10.3277 -0.978576 70
-90.3428 -18.761 70
30.1826 9.0485 70
0.342841 0.379417 70
-1.03314 -0.037983 70
-8.99294 -1.30377 70
-0.0229715 1.11777 70
1.12645 11.1601 70
11.1205 18.8986 70
11.0585 -40.3225 70
18.7497 -1.26233 70
-0.251785 0.263744 70
-1.04093 10.8258 70
0.900754 0.00765781 70
-1.36004 1.2544 70
-1.06332 -1.05782 70
-0.124718 -0.751198 70
1.07148 8.62472 70
0.944812 0.995129 70
31.1877 30.4402 70
-1.18207 0.388206 70
-0.634156 11.2822 70
-40.7442 9.38681 70
0.304216 -0.0561599 70
9.18732 -0.682855 70
0.0477162 -0.95777 70
-78.5551 1.20604 70
1.07551 -0.83415 70
-9.3306 -8.59104 70
8.53812 9.4262 70
0.0163901 9.32161 70
0.102946 10.6956 70
-0.872114 0.0805065 70
0.0474107 0.56983 70
-31.3613 -8.77524 70
-21.4697 -0.896225 70
61.2066 -30.2089 70
-18.883 9.71679 70
-10.0342 -9.14355 70
-9.36723 -0.988949 70
-18.857 21.0646 70
-11.3345 -10.8212 70
-0.502125 1.00498 70
-9.23875 -8.98076 70
-0.536227 -11.1561 70
0.0768687 1.09145 70
8.64085 69.3687 70
-11.351 -0.502888 70
-9.7462 -41.0397 70
0.288709 8.83554 70
0.647813 9.3775 70
-0.0168943 0.999893 70
-10.9335 48.7826 70
-9.13249 50.8052 70
-10.2814 9.91725 70
11.3846 -9.61743 70
-39.2397 -31.0299 70
0.260013 8.99984 70
-9.4024 9.5615 70
-9.24015 11.0968 70
9.61165 0.064285 70
-0.0860621 9.16242 70
0.176739 0.552041 70
-11.377 21.3773 70
1.44423 0.831826 70
0.552199 11.1133 70
0.535034 0.763932 70
1.31388 0.879768 70
10.0976 -10.0924 70
-1.47291 11.2405 70
0.860703 1.23035 70
1.13369 -11.2744 70
-11.3533 -10.1544 70
10.3655 1.17948 70
0.266907 -10.6374 70
0.421182 -10.4553 70
-0.180857 0.651503 70
0.83448 -1.45556 70
0.573658 9.27151 70
-0.0560652 0.469289 70
-9.30731 9.14179 70
8.55764 20.359 70
-0.96007 9.491 70
-1.16342 11.0136 70
39.5798 -60.8048 70
-0.412445 0.609784 70
-10.3278 -10.9423 70
8.574 9.72318 70
-28.811 -11.4313 70
9.41738 8.68048 70
-0.652343 0.888135 70
-19.9623 -0.474916 70
20.3279 11.383 70
-19.0356 -30.9433 70
-0.595711 0.116026 70
1.33287 -1.04711 70
-11.1518 30.4354 70
1.06801 10.1213 70
-31.4962 -41.0453 70
-0.660348 9.32024 70
8.51683 29.9036 70
8.76282 11.2737 70
-0.201514 0.802404 70
0.284588 -1.41147 70
-0.544205 11.431 70
11.1612 -9.63098 70
21.2899 -19.3185 70
-0.418044 -0.877217 70
-10.9745 8.95238 70
8.77239 -20.2228 70
-0.814717 -1.33631 70
9.58084 1.28992 70
1.3832 8.55552 70
-39.7249 -20.1419 70
1.14552 -1.46687 70
0.0163905 -0.136507 70
-0.617457 9.97899 70
9.32701 0.204356 70
9.80359 0.145335 70
1.18932 -0.705039 70
-40.6301 21.3226 70
-10.021 19.6872 70
0.940268 8.90153 70
-1.49478 50.434 70
9.77567 1.39805 70
8.78173 0.962872 70
-9.63434 9.17732 70
0.800344 18.5386 70
21.3732 -8.59781 70
-9.15921 -11.192 70
-10.5941 1.02919 70
0.365978 28.8718 70
-20.9515 -0.289119 70
0.194554 0.78889 70
-0.39226 10.9503 70
-0.372656 51.0862 70
40.1374 80.3653 70
-30.734 -20.0847 70
-1.2662 -0.881369 70
1.25013 1.39183 70
-9.31465 0.238307 70
-0.856102 8.784 70
0.330872 1.47938 70
-61.3255 8.78122 70
0.394884 9.85992 70
-21.0599 9.96361 70
1.26146 0.459618 70
-9.014 1.14178 70
1.31612 1.3952 70
-10.9035 11.393 70
1.02398 10.4528 70
20.7957 -9.28048 70
9.47625 0.093596 70
1.31287 18.5908 70
-10.8546 -1.24917 70
-10.4249 -9.02742 70
0.491635 -31.3771 70
-0.330596 9.83253 70
-0.563475 -0.283265 70
-0.454393 -0.00685913 70
-8.95013 -20.7697 70
-9.06172 9.64859 70
0.402406 11.1402 70
1.26553 8.54918 70
-0.853085 -0.210008 70
31.2691 -11.4618 70
-0.00786815 10.8021 70
-11.0731 -1.46193 70
-20.0293 0.767226 70
-1.02016 11.0457 70
-31.178 1.46238 70
-9.26332 -0.796582 70
-1.15068 0.249743 70
-11.1103 -1.406 70
-0.0453919 -11.4126 70
-9.69525 -10.4119 70
8.70338 -19.0657 70
-20.8694 11.2275 70
0.668561 0.175456 70
10.6038 11.365 70
-9.1801 -0.0953699 70
-9.91415 0.643695 70
-1.23198 10.6731 70
-19.261 -0.21296 70
0.803066 9.96686 70
-0.374981 9.59381 70
-0.0925702 8.93962 70
-0.60488 -29.9652 70
-41.2987 31.1056 70
1.03397 0.0842333 70
11.216 9.0349 70
-0.892266 1.10449 70
-10.9081 11.0057 70
-9.20899 -0.989934 70
-0.298915 -11.4551 70
-0.746718 9.25653 70
9.1577 0.764971 70
1.25799 8.90659 70
-0.837019 0.102274 70
0.824739 9.98846 70
-0.605687 9.06719 70
1.33508 9.66603 70
-0.252534 8.713 70
8.77151 8.70971 70
0.827849 0.940478 70
0.529322 10.4219 70
0.0813112 8.63336 70
10.6523 -11.3181 70
10.1614 8.89965 70
19.8536 1.09571 70
0.978012 -0.890063 70
-20.2302 1.41208 70
0.809524 -19.0803 70
0.98246 1.47467 70
1.49486 1.26863 70
1.00992 -0.936162 70
1.44004 19.2776 70
-0.0599925 9.06648 70
-1.2472 -0.971571 70
-1.04527 0.265371 70
-1.30841 -0.995269 70
-1.35894 8.65248 70
-49.3427 69.9455 70
0.732764 -1.05322 70
-1.11749 10.0191 70
0.565779 11.4458 70
-11.0057 11.4399 70
8.64741 -11.4486 70
98.61 -30.3419 70
-0.00959326 -1.18956 70
-11.4974 29.6963 70
10.3073 -1.01772 70
29.9039 29.079 70
-0.921704 -0.253351 70
-18.8606 8.82229 70
-0.516832 -1.24606 70
50.9898 -20.9947 70
0.881889 10.1058 70
-0.286222 0.215988 70
11.0751 -10.1338 70
-0.613815 -20.7343 70
-0.802106 8.74443 70
-48.7428 49.4728 70
11.2383 -0.0435506 70
-10.4785 30.3764 70
9.61304 -10.2611 70
1.00283 -0.884066 70
1.27939 9.55568 70
-0.590553 30.7174 70
-9.08293 40.1733 70
-49.1712 -60.3579 70
-51.4824 -61.2963 70
-0.0381312 10.9409 70
-9.6601 -0.85987 70
88.5077 79.9432 70
-0.842174 0.210625 70
-0.279431 -0.108672 70
-1.16686 0.511905 70
-0.793168 -9.03391 70
0.603633 1.37951 70
-1.07557 -0.714798 70
19.9134 -18.7594 70
1.1868 -0.988938 70
0.0783428 9.88516 70
29.9725 -39.8457 70
20.9972 -10.4106 70
-0.386412 -9.54899 70
11.0699 40.8525 70
-18.7608 -11.3425 70
10.1043 0.546387 70
-0.708792 0.873686 70
-8.51887 9.90817 70
-0.860579 0.188992 70
40.8493 -9.1817 70
29.2855 18.5185 70
-10.4342 10.1182 70
0.552156 -0.638512 70
0.0397437 -1.15387 70
0.79934 0.133482 70
-0.222607 9.92753 70
0.291278 11.0916 70
-21.2044 -21.352 70
10.9349 11.1546 70
-0.22302 29.8231 70
-0.453284 31.4598 70
0.806725 1.46362 70
11.0871 9.96685 70
-0.634757 -0.782582 70
0.81311 0.0649323 70
20.9257 -30.5369 70
8.76799 10.6563 70
-0.615857 -0.517862 70
9.93567 10.5721 70
0.77214 0.0257103 70
-9.91998 -10.3571 70
0.313282 0.927465 70
1.06677 -0.741694 70
0.118545 -0.54525 70
-11.3155 -0.662738 70
1.24472 9.35646 70
-1.15192 0.793657 70
10.1864 -10.6542 70
0.0414029 1.31962 70
0.813228 -0.579425 70
11.4865 9.256 70
-8.82839 -0.820978 70
0.0682073 10.6839 70
10.7873 10.9677 70
-0.44154 -0.928294 70
0.811398 8.94974 70
-9.64751 0.284799 70
-11.3175 -0.249623 70
1.0601 10.16 70
1.10023 10.7635 70
-0.448348 1.01783 70
-1.24445 9.14242 70
-9.73644 1.32692 70
-0.727474 8.656 70
9.78183 9.50087 70
0.211994 11.0844 70
-0.0686465 0.0685412 70
20.4442 40.8187 70
-1.30494 1.27829 70
-11.2816 -9.08459 70
0.450677 0.23634 70
0.333138 -0.80601 70
40.2347 11.1641 70
19.2404 29.153 70
-20.0514 11.0824 70
-31.0288 -10.0364 70
1.46894 0.0706082 70
-1.19817 9.6414 70
-0.553054 11.4594 70
0.235121 8.70246 70
0.751141 -0.333666 70
0.524196 0.198338 70
119.434 19.4414 70
-0.490075 9.26924 70
-0.119685 -20.5294 70
-1.44243 0.425961 70
-9.56419 0.376631 70
-69.038 -1.03 70
0.728783 -0.572962 70
1.33886 -9.29633 70
-0.0390056 10.7426 70
10.2547 9.43577 70
28.8895 -29.8308 70
-0.0703874 0.559686 70
0.694889 -9.00752 70
41.3287 -11.0446 70
0.549556 11.1308 70
8.51131 19.3546 70
0.37995 0.575189 70
19.4753 10.7951 70
11.0178 11.2807 70
-10.7837 10.5411 70
9.17735 0.447846 70
